 0.1000000E+00  0.1400000E+01
 0.2000000E+00  0.1400000E+01
 0.3000000E+00  0.1400001E+01
 0.4000000E+00  0.1400001E+01
 0.5000000E+00  0.1400002E+01
 0.6000000E+00  0.1400003E+01
 0.7000000E+00  0.1400004E+01
 0.8000000E+00  0.1400005E+01
 0.9000000E+00  0.1400007E+01
 0.1000000E+01  0.1400008E+01
 0.1100000E+01  0.1400010E+01
 0.1200000E+01  0.1400012E+01
 0.1300000E+01  0.1400014E+01
 0.1400000E+01  0.1400016E+01
 0.1500000E+01  0.1400019E+01
 0.1600000E+01  0.1400021E+01
 0.1700000E+01  0.1400024E+01
 0.1800000E+01  0.1400027E+01
 0.1900000E+01  0.1400030E+01
 0.2000000E+01  0.1400033E+01
 0.2100000E+01  0.1400036E+01
 0.2200000E+01  0.1400040E+01
 0.2300000E+01  0.1400043E+01
 0.2400000E+01  0.1400047E+01
 0.2500000E+01  0.1400051E+01
 0.2600000E+01  0.1400055E+01
 0.2700000E+01  0.1400059E+01
 0.2800000E+01  0.1400064E+01
 0.2900000E+01  0.1400068E+01
 0.3000000E+01  0.1400073E+01
 0.3100000E+01  0.1400078E+01
 0.3200000E+01  0.1400083E+01
 0.3300000E+01  0.1400088E+01
 0.3400000E+01  0.1400094E+01
 0.3500000E+01  0.1400099E+01
 0.3600000E+01  0.1400105E+01
 0.3700000E+01  0.1400111E+01
 0.3800000E+01  0.1400117E+01
 0.3900000E+01  0.1400123E+01
 0.4000000E+01  0.1400130E+01
 0.4100000E+01  0.1400136E+01
 0.4200000E+01  0.1400143E+01
 0.4300000E+01  0.1400150E+01
 0.4400000E+01  0.1400156E+01
 0.4500000E+01  0.1400164E+01
 0.4600000E+01  0.1400171E+01
 0.4700000E+01  0.1400178E+01
 0.4800000E+01  0.1400186E+01
 0.4900000E+01  0.1400194E+01
 0.5000000E+01  0.1400202E+01
 0.5100000E+01  0.1400210E+01
 0.5200000E+01  0.1400218E+01
 0.5300000E+01  0.1400226E+01
 0.5400000E+01  0.1400235E+01
 0.5500000E+01  0.1400244E+01
 0.5600000E+01  0.1400253E+01
 0.5700000E+01  0.1400262E+01
 0.5800000E+01  0.1400271E+01
 0.5900000E+01  0.1400280E+01
 0.6000000E+01  0.1400290E+01
 0.6100000E+01  0.1400299E+01
 0.6200000E+01  0.1400309E+01
 0.6300000E+01  0.1400319E+01
 0.6400000E+01  0.1400329E+01
 0.6500000E+01  0.1400340E+01
 0.6600000E+01  0.1400350E+01
 0.6700000E+01  0.1400361E+01
 0.6800000E+01  0.1400372E+01
 0.6900000E+01  0.1400382E+01
 0.7000000E+01  0.1400394E+01
 0.7100000E+01  0.1400405E+01
 0.7200000E+01  0.1400416E+01
 0.7300000E+01  0.1400428E+01
 0.7400000E+01  0.1400440E+01
 0.7500000E+01  0.1400451E+01
 0.7600000E+01  0.1400463E+01
 0.7700000E+01  0.1400476E+01
 0.7800000E+01  0.1400488E+01
 0.7900000E+01  0.1400500E+01
 0.8000000E+01  0.1400513E+01
 0.8100000E+01  0.1400526E+01
 0.8200000E+01  0.1400539E+01
 0.8300000E+01  0.1400552E+01
 0.8400000E+01  0.1400565E+01
 0.8500000E+01  0.1400579E+01
 0.8600000E+01  0.1400592E+01
 0.8700000E+01  0.1400606E+01
 0.8800000E+01  0.1400620E+01
 0.8900000E+01  0.1400634E+01
 0.9000000E+01  0.1400648E+01
 0.9100000E+01  0.1400663E+01
 0.9200000E+01  0.1400677E+01
 0.9300000E+01  0.1400692E+01
 0.9400000E+01  0.1400707E+01
 0.9500000E+01  0.1400722E+01
 0.9600000E+01  0.1400737E+01
 0.9700000E+01  0.1400752E+01
 0.9800000E+01  0.1400767E+01
 0.9900000E+01  0.1400783E+01
 0.1000000E+02  0.1400799E+01
 0.1010000E+02  0.1400815E+01
 0.1020000E+02  0.1400831E+01
 0.1030000E+02  0.1400847E+01
 0.1040000E+02  0.1400863E+01
 0.1050000E+02  0.1400880E+01
 0.1060000E+02  0.1400897E+01
 0.1070000E+02  0.1400913E+01
 0.1080000E+02  0.1400930E+01
 0.1090000E+02  0.1400947E+01
 0.1100000E+02  0.1400965E+01
 0.1110000E+02  0.1400982E+01
 0.1120000E+02  0.1401000E+01
 0.1130000E+02  0.1401018E+01
 0.1140000E+02  0.1401035E+01
 0.1150000E+02  0.1401054E+01
 0.1160000E+02  0.1401072E+01
 0.1170000E+02  0.1401090E+01
 0.1180000E+02  0.1401109E+01
 0.1190000E+02  0.1401127E+01
 0.1200000E+02  0.1401146E+01
 0.1210000E+02  0.1401165E+01
 0.1220000E+02  0.1401184E+01
 0.1230000E+02  0.1401203E+01
 0.1240000E+02  0.1401223E+01
 0.1250000E+02  0.1401242E+01
 0.1260000E+02  0.1401262E+01
 0.1270000E+02  0.1401282E+01
 0.1280000E+02  0.1401302E+01
 0.1290000E+02  0.1401322E+01
 0.1300000E+02  0.1401342E+01
 0.1310000E+02  0.1401363E+01
 0.1320000E+02  0.1401383E+01
 0.1330000E+02  0.1401404E+01
 0.1340000E+02  0.1401425E+01
 0.1350000E+02  0.1401446E+01
 0.1360000E+02  0.1401467E+01
 0.1370000E+02  0.1401489E+01
 0.1380000E+02  0.1401510E+01
 0.1390000E+02  0.1401532E+01
 0.1400000E+02  0.1401554E+01
 0.1410000E+02  0.1401576E+01
 0.1420000E+02  0.1401598E+01
 0.1430000E+02  0.1401620E+01
 0.1440000E+02  0.1401642E+01
 0.1450000E+02  0.1401665E+01
 0.1460000E+02  0.1401688E+01
 0.1470000E+02  0.1401710E+01
 0.1480000E+02  0.1401733E+01
 0.1490000E+02  0.1401757E+01
 0.1500000E+02  0.1401780E+01
 0.1510000E+02  0.1401803E+01
 0.1520000E+02  0.1401827E+01
 0.1530000E+02  0.1401851E+01
 0.1540000E+02  0.1401874E+01
 0.1550000E+02  0.1401898E+01
 0.1560000E+02  0.1401923E+01
 0.1570000E+02  0.1401947E+01
 0.1580000E+02  0.1401971E+01
 0.1590000E+02  0.1401996E+01
 0.1600000E+02  0.1402021E+01
 0.1610000E+02  0.1402046E+01
 0.1620000E+02  0.1402071E+01
 0.1630000E+02  0.1402096E+01
 0.1640000E+02  0.1402121E+01
 0.1650000E+02  0.1402146E+01
 0.1660000E+02  0.1402172E+01
 0.1670000E+02  0.1402198E+01
 0.1680000E+02  0.1402224E+01
 0.1690000E+02  0.1402250E+01
 0.1700000E+02  0.1402276E+01
 0.1710000E+02  0.1402302E+01
 0.1720000E+02  0.1402329E+01
 0.1730000E+02  0.1402355E+01
 0.1740000E+02  0.1402382E+01
 0.1750000E+02  0.1402409E+01
 0.1760000E+02  0.1402436E+01
 0.1770000E+02  0.1402463E+01
 0.1780000E+02  0.1402490E+01
 0.1790000E+02  0.1402518E+01
 0.1800000E+02  0.1402545E+01
 0.1810000E+02  0.1402573E+01
 0.1820000E+02  0.1402601E+01
 0.1830000E+02  0.1402629E+01
 0.1840000E+02  0.1402657E+01
 0.1850000E+02  0.1402685E+01
 0.1860000E+02  0.1402714E+01
 0.1870000E+02  0.1402742E+01
 0.1880000E+02  0.1402771E+01
 0.1890000E+02  0.1402800E+01
 0.1900000E+02  0.1402829E+01
 0.1910000E+02  0.1402858E+01
 0.1920000E+02  0.1402887E+01
 0.1930000E+02  0.1402917E+01
 0.1940000E+02  0.1402946E+01
 0.1950000E+02  0.1402976E+01
 0.1960000E+02  0.1403006E+01
 0.1970000E+02  0.1403036E+01
 0.1980000E+02  0.1403066E+01
 0.1990000E+02  0.1403096E+01
 0.2000000E+02  0.1403126E+01
 0.2010000E+02  0.1403157E+01
 0.2020000E+02  0.1403187E+01
 0.2030000E+02  0.1403218E+01
 0.2040000E+02  0.1403249E+01
 0.2050000E+02  0.1403280E+01
 0.2060000E+02  0.1403311E+01
 0.2070000E+02  0.1403342E+01
 0.2080000E+02  0.1403374E+01
 0.2090000E+02  0.1403405E+01
 0.2100000E+02  0.1403437E+01
 0.2110000E+02  0.1403469E+01
 0.2120000E+02  0.1403501E+01
 0.2130000E+02  0.1403533E+01
 0.2140000E+02  0.1403565E+01
 0.2150000E+02  0.1403597E+01
 0.2160000E+02  0.1403630E+01
 0.2170000E+02  0.1403663E+01
 0.2180000E+02  0.1403695E+01
 0.2190000E+02  0.1403728E+01
 0.2200000E+02  0.1403761E+01
 0.2210000E+02  0.1403794E+01
 0.2220000E+02  0.1403828E+01
 0.2230000E+02  0.1403861E+01
 0.2240000E+02  0.1403895E+01
 0.2250000E+02  0.1403928E+01
 0.2260000E+02  0.1403962E+01
 0.2270000E+02  0.1403996E+01
 0.2280000E+02  0.1404030E+01
 0.2290000E+02  0.1404064E+01
 0.2300000E+02  0.1404098E+01
 0.2310000E+02  0.1404133E+01
 0.2320000E+02  0.1404167E+01
 0.2330000E+02  0.1404202E+01
 0.2340000E+02  0.1404237E+01
 0.2350000E+02  0.1404272E+01
 0.2360000E+02  0.1404307E+01
 0.2370000E+02  0.1404342E+01
 0.2380000E+02  0.1404377E+01
 0.2390000E+02  0.1404413E+01
 0.2400000E+02  0.1404448E+01
 0.2410000E+02  0.1404484E+01
 0.2420000E+02  0.1404520E+01
 0.2430000E+02  0.1404556E+01
 0.2440000E+02  0.1404592E+01
 0.2450000E+02  0.1404628E+01
 0.2460000E+02  0.1404664E+01
 0.2470000E+02  0.1404701E+01
 0.2480000E+02  0.1404737E+01
 0.2490000E+02  0.1404774E+01
 0.2500000E+02  0.1404811E+01
 0.2510000E+02  0.1404848E+01
 0.2520000E+02  0.1404885E+01
 0.2530000E+02  0.1404922E+01
 0.2540000E+02  0.1404959E+01
 0.2550000E+02  0.1404997E+01
 0.2560000E+02  0.1405034E+01
 0.2570000E+02  0.1405072E+01
 0.2580000E+02  0.1405110E+01
 0.2590000E+02  0.1405148E+01
 0.2600000E+02  0.1405186E+01
 0.2610000E+02  0.1405224E+01
 0.2620000E+02  0.1405262E+01
 0.2630000E+02  0.1405300E+01
 0.2640000E+02  0.1405339E+01
 0.2650000E+02  0.1405377E+01
 0.2660000E+02  0.1405416E+01
 0.2670000E+02  0.1405455E+01
 0.2680000E+02  0.1405494E+01
 0.2690000E+02  0.1405533E+01
 0.2700000E+02  0.1405572E+01
 0.2710000E+02  0.1405611E+01
 0.2720000E+02  0.1405651E+01
 0.2730000E+02  0.1405690E+01
 0.2740000E+02  0.1405730E+01
 0.2750000E+02  0.1405770E+01
 0.2760000E+02  0.1405810E+01
 0.2770000E+02  0.1405849E+01
 0.2780000E+02  0.1405890E+01
 0.2790000E+02  0.1405930E+01
 0.2800000E+02  0.1405970E+01
 0.2810000E+02  0.1406011E+01
 0.2820000E+02  0.1406051E+01
 0.2830000E+02  0.1406092E+01
 0.2840000E+02  0.1406132E+01
 0.2850000E+02  0.1406173E+01
 0.2860000E+02  0.1406214E+01
 0.2870000E+02  0.1406255E+01
 0.2880000E+02  0.1406297E+01
 0.2890000E+02  0.1406338E+01
 0.2900000E+02  0.1406379E+01
 0.2910000E+02  0.1406421E+01
 0.2920000E+02  0.1406462E+01
 0.2930000E+02  0.1406504E+01
 0.2940000E+02  0.1406546E+01
 0.2950000E+02  0.1406588E+01
 0.2960000E+02  0.1406630E+01
 0.2970000E+02  0.1406672E+01
 0.2980000E+02  0.1406714E+01
 0.2990000E+02  0.1406757E+01
 0.3000000E+02  0.1406799E+01
 0.3010000E+02  0.1406842E+01
 0.3020000E+02  0.1406885E+01
 0.3030000E+02  0.1406927E+01
 0.3040000E+02  0.1406970E+01
 0.3050000E+02  0.1407013E+01
 0.3060000E+02  0.1407056E+01
 0.3070000E+02  0.1407100E+01
 0.3080000E+02  0.1407143E+01
 0.3090000E+02  0.1407186E+01
 0.3100000E+02  0.1407230E+01
 0.3110000E+02  0.1407274E+01
 0.3120000E+02  0.1407317E+01
 0.3130000E+02  0.1407361E+01
 0.3140000E+02  0.1407405E+01
 0.3150000E+02  0.1407449E+01
 0.3160000E+02  0.1407493E+01
 0.3170000E+02  0.1407537E+01
 0.3180000E+02  0.1407582E+01
 0.3190000E+02  0.1407626E+01
 0.3200000E+02  0.1407671E+01
 0.3210000E+02  0.1407715E+01
 0.3220000E+02  0.1407760E+01
 0.3230000E+02  0.1407805E+01
 0.3240000E+02  0.1407850E+01
 0.3250000E+02  0.1407895E+01
 0.3260000E+02  0.1407940E+01
 0.3270000E+02  0.1407985E+01
 0.3280000E+02  0.1408031E+01
 0.3290000E+02  0.1408076E+01
 0.3300000E+02  0.1408122E+01
 0.3310000E+02  0.1408167E+01
 0.3320000E+02  0.1408213E+01
 0.3330000E+02  0.1408259E+01
 0.3340000E+02  0.1408305E+01
 0.3350000E+02  0.1408351E+01
 0.3360000E+02  0.1408397E+01
 0.3370000E+02  0.1408443E+01
 0.3380000E+02  0.1408489E+01
 0.3390000E+02  0.1408536E+01
 0.3400000E+02  0.1408583E+01
 0.3410000E+02  0.1408629E+01
 0.3420000E+02  0.1408676E+01
 0.3430000E+02  0.1408723E+01
 0.3440000E+02  0.1408770E+01
 0.3450000E+02  0.1408817E+01
 0.3460000E+02  0.1408864E+01
 0.3470000E+02  0.1408912E+01
 0.3480000E+02  0.1408959E+01
 0.3490000E+02  0.1409006E+01
 0.3500000E+02  0.1409054E+01
 0.3510000E+02  0.1409102E+01
 0.3520000E+02  0.1409150E+01
 0.3530000E+02  0.1409198E+01
 0.3540000E+02  0.1409246E+01
 0.3550000E+02  0.1409294E+01
 0.3560000E+02  0.1409343E+01
 0.3570000E+02  0.1409391E+01
 0.3580000E+02  0.1409440E+01
 0.3590000E+02  0.1409488E+01
 0.3600000E+02  0.1409537E+01
 0.3610000E+02  0.1409586E+01
 0.3620000E+02  0.1409635E+01
 0.3630000E+02  0.1409684E+01
 0.3640000E+02  0.1409734E+01
 0.3650000E+02  0.1409783E+01
 0.3660000E+02  0.1409833E+01
 0.3670000E+02  0.1409883E+01
 0.3680000E+02  0.1409932E+01
 0.3690000E+02  0.1409982E+01
 0.3700000E+02  0.1410032E+01
 0.3710000E+02  0.1410083E+01
 0.3720000E+02  0.1410133E+01
 0.3730000E+02  0.1410184E+01
 0.3740000E+02  0.1410234E+01
 0.3750000E+02  0.1410285E+01
 0.3760000E+02  0.1410336E+01
 0.3770000E+02  0.1410387E+01
 0.3780000E+02  0.1410438E+01
 0.3790000E+02  0.1410489E+01
 0.3800000E+02  0.1410540E+01
 0.3810000E+02  0.1410591E+01
 0.3820000E+02  0.1410643E+01
 0.3830000E+02  0.1410694E+01
 0.3840000E+02  0.1410746E+01
 0.3850000E+02  0.1410798E+01
 0.3860000E+02  0.1410849E+01
 0.3870000E+02  0.1410901E+01
 0.3880000E+02  0.1410953E+01
 0.3890000E+02  0.1411005E+01
 0.3900000E+02  0.1411056E+01
 0.3910000E+02  0.1411108E+01
 0.3920000E+02  0.1411160E+01
 0.3930000E+02  0.1411212E+01
 0.3940000E+02  0.1411264E+01
 0.3950000E+02  0.1411315E+01
 0.3960000E+02  0.1411367E+01
 0.3970000E+02  0.1411418E+01
 0.3980000E+02  0.1411469E+01
 0.3990000E+02  0.1411520E+01
 0.4000000E+02  0.1411571E+01
 0.4010000E+02  0.1411622E+01
 0.4020000E+02  0.1411672E+01
 0.4030000E+02  0.1411722E+01
 0.4040000E+02  0.1411771E+01
 0.4050000E+02  0.1411821E+01
 0.4060000E+02  0.1411869E+01
 0.4070000E+02  0.1411918E+01
 0.4080000E+02  0.1411966E+01
 0.4090000E+02  0.1412013E+01
 0.4100000E+02  0.1412059E+01
 0.4110000E+02  0.1412105E+01
 0.4120000E+02  0.1412150E+01
 0.4130000E+02  0.1412195E+01
 0.4140000E+02  0.1412238E+01
 0.4150000E+02  0.1412281E+01
 0.4160000E+02  0.1412322E+01
 0.4170000E+02  0.1412363E+01
 0.4180000E+02  0.1412402E+01
 0.4190000E+02  0.1412440E+01
 0.4200000E+02  0.1412477E+01
 0.4210000E+02  0.1412513E+01
 0.4220000E+02  0.1412547E+01
 0.4230000E+02  0.1412579E+01
 0.4240000E+02  0.1412610E+01
 0.4250000E+02  0.1412639E+01
 0.4260000E+02  0.1412666E+01
 0.4270000E+02  0.1412692E+01
 0.4280000E+02  0.1412715E+01
 0.4290000E+02  0.1412737E+01
 0.4300000E+02  0.1412756E+01
 0.4310000E+02  0.1412773E+01
 0.4320000E+02  0.1412787E+01
 0.4330000E+02  0.1412799E+01
 0.4340000E+02  0.1412809E+01
 0.4350000E+02  0.1412815E+01
 0.4360000E+02  0.1412819E+01
 0.4370000E+02  0.1412821E+01
 0.4380000E+02  0.1412819E+01
 0.4390000E+02  0.1412814E+01
 0.4400000E+02  0.1412806E+01
 0.4410000E+02  0.1412795E+01
 0.4420000E+02  0.1412780E+01
 0.4430000E+02  0.1412762E+01
 0.4440000E+02  0.1412741E+01
 0.4450000E+02  0.1412716E+01
 0.4460000E+02  0.1412687E+01
 0.4470000E+02  0.1412654E+01
 0.4480000E+02  0.1412618E+01
 0.4490000E+02  0.1412578E+01
 0.4500000E+02  0.1412534E+01
 0.4510000E+02  0.1412487E+01
 0.4520000E+02  0.1412435E+01
 0.4530000E+02  0.1412379E+01
 0.4540000E+02  0.1412320E+01
 0.4550000E+02  0.1412256E+01
 0.4560000E+02  0.1412188E+01
 0.4570000E+02  0.1412117E+01
 0.4580000E+02  0.1412041E+01
 0.4590000E+02  0.1411962E+01
 0.4600000E+02  0.1411879E+01
 0.4610000E+02  0.1411792E+01
 0.4620000E+02  0.1411701E+01
 0.4630000E+02  0.1411607E+01
 0.4640000E+02  0.1411509E+01
 0.4650000E+02  0.1411408E+01
 0.4660000E+02  0.1411303E+01
 0.4670000E+02  0.1411196E+01
 0.4680000E+02  0.1411086E+01
 0.4690000E+02  0.1410973E+01
 0.4700000E+02  0.1410858E+01
 0.4710000E+02  0.1410740E+01
 0.4720000E+02  0.1410621E+01
 0.4730000E+02  0.1410500E+01
 0.4740000E+02  0.1410378E+01
 0.4750000E+02  0.1410255E+01
 0.4760000E+02  0.1410131E+01
 0.4770000E+02  0.1410007E+01
 0.4780000E+02  0.1409883E+01
 0.4790000E+02  0.1409759E+01
 0.4800000E+02  0.1409637E+01
 0.4810000E+02  0.1409516E+01
 0.4820000E+02  0.1409397E+01
 0.4830000E+02  0.1409280E+01
 0.4840000E+02  0.1409166E+01
 0.4850000E+02  0.1409056E+01
 0.4860000E+02  0.1408950E+01
 0.4870000E+02  0.1408849E+01
 0.4880000E+02  0.1408753E+01
 0.4890000E+02  0.1408664E+01
 0.4900000E+02  0.1408581E+01
 0.4910000E+02  0.1408505E+01
 0.4920000E+02  0.1408438E+01
 0.4930000E+02  0.1408379E+01
 0.4940000E+02  0.1408330E+01
 0.4950000E+02  0.1408292E+01
 0.4960000E+02  0.1408265E+01
 0.4970000E+02  0.1408250E+01
 0.4980000E+02  0.1408247E+01
 0.4990000E+02  0.1408259E+01
 0.5000000E+02  0.1408285E+01
 0.5010000E+02  0.1408327E+01
 0.5020000E+02  0.1408385E+01
 0.5030000E+02  0.1408461E+01
 0.5040000E+02  0.1408555E+01
 0.5050000E+02  0.1408668E+01
 0.5060000E+02  0.1408801E+01
 0.5070000E+02  0.1408955E+01
 0.5080000E+02  0.1409131E+01
 0.5090000E+02  0.1409330E+01
 0.5100000E+02  0.1409553E+01
 0.5110000E+02  0.1409801E+01
 0.5120000E+02  0.1410074E+01
 0.5130000E+02  0.1410374E+01
 0.5140000E+02  0.1410702E+01
 0.5150000E+02  0.1411058E+01
 0.5160000E+02  0.1411444E+01
 0.5170000E+02  0.1411860E+01
 0.5180000E+02  0.1412307E+01
 0.5190000E+02  0.1412785E+01
 0.5200000E+02  0.1413297E+01
 0.5210000E+02  0.1413842E+01
 0.5220000E+02  0.1414421E+01
 0.5230000E+02  0.1415036E+01
 0.5240000E+02  0.1415686E+01
 0.5250000E+02  0.1416372E+01
 0.5260000E+02  0.1417096E+01
 0.5270000E+02  0.1417856E+01
 0.5280000E+02  0.1418655E+01
 0.5290000E+02  0.1419493E+01
 0.5300000E+02  0.1420369E+01
 0.5310000E+02  0.1421285E+01
 0.5320000E+02  0.1422240E+01
 0.5330000E+02  0.1423236E+01
 0.5340000E+02  0.1424271E+01
 0.5350000E+02  0.1425347E+01
 0.5360000E+02  0.1426464E+01
 0.5370000E+02  0.1427621E+01
 0.5380000E+02  0.1428818E+01
 0.5390000E+02  0.1430056E+01
 0.5400000E+02  0.1431334E+01
 0.5410000E+02  0.1432652E+01
 0.5420000E+02  0.1434010E+01
 0.5430000E+02  0.1435407E+01
 0.5440000E+02  0.1436843E+01
 0.5450000E+02  0.1438317E+01
 0.5460000E+02  0.1439830E+01
 0.5470000E+02  0.1441379E+01
 0.5480000E+02  0.1442965E+01
 0.5490000E+02  0.1444587E+01
 0.5500000E+02  0.1446244E+01
 0.5510000E+02  0.1447934E+01
 0.5520000E+02  0.1449657E+01
 0.5530000E+02  0.1451412E+01
 0.5540000E+02  0.1453198E+01
 0.5550000E+02  0.1455013E+01
 0.5560000E+02  0.1456856E+01
 0.5570000E+02  0.1458725E+01
 0.5580000E+02  0.1460620E+01
 0.5590000E+02  0.1462539E+01
 0.5600000E+02  0.1464480E+01
 0.5610000E+02  0.1466442E+01
 0.5620000E+02  0.1468422E+01
 0.5630000E+02  0.1470419E+01
 0.5640000E+02  0.1472432E+01
 0.5650000E+02  0.1474458E+01
 0.5660000E+02  0.1476495E+01
 0.5670000E+02  0.1478542E+01
 0.5680000E+02  0.1480596E+01
 0.5690000E+02  0.1482656E+01
 0.5700000E+02  0.1484718E+01
 0.5710000E+02  0.1486782E+01
 0.5720000E+02  0.1488844E+01
 0.5730000E+02  0.1490903E+01
 0.5740000E+02  0.1492956E+01
 0.5750000E+02  0.1495001E+01
 0.5760000E+02  0.1497035E+01
 0.5770000E+02  0.1499056E+01
 0.5780000E+02  0.1501061E+01
 0.5790000E+02  0.1503049E+01
 0.5800000E+02  0.1505016E+01
 0.5810000E+02  0.1506960E+01
 0.5820000E+02  0.1508878E+01
 0.5830000E+02  0.1510768E+01
 0.5840000E+02  0.1512628E+01
 0.5850000E+02  0.1514454E+01
 0.5860000E+02  0.1516244E+01
 0.5870000E+02  0.1517995E+01
 0.5880000E+02  0.1519705E+01
 0.5890000E+02  0.1521371E+01
 0.5900000E+02  0.1522990E+01
 0.5910000E+02  0.1524560E+01
 0.5920000E+02  0.1526078E+01
 0.5930000E+02  0.1527541E+01
 0.5940000E+02  0.1528947E+01
 0.5950000E+02  0.1530293E+01
 0.5960000E+02  0.1531576E+01
 0.5970000E+02  0.1532793E+01
 0.5980000E+02  0.1533943E+01
 0.5990000E+02  0.1535022E+01
 0.6000000E+02  0.1536027E+01
 0.6010000E+02  0.1536956E+01
 0.6020000E+02  0.1537807E+01
 0.6030000E+02  0.1538576E+01
 0.6040000E+02  0.1539262E+01
 0.6050000E+02  0.1539861E+01
 0.6060000E+02  0.1540372E+01
 0.6070000E+02  0.1540791E+01
 0.6080000E+02  0.1541116E+01
 0.6090000E+02  0.1541345E+01
 0.6100000E+02  0.1541476E+01
 0.6110000E+02  0.1541505E+01
 0.6120000E+02  0.1541431E+01
 0.6130000E+02  0.1541251E+01
 0.6140000E+02  0.1540963E+01
 0.6150000E+02  0.1540565E+01
 0.6160000E+02  0.1540055E+01
 0.6170000E+02  0.1539431E+01
 0.6180000E+02  0.1538690E+01
 0.6190000E+02  0.1537831E+01
 0.6200000E+02  0.1536851E+01
 0.6210000E+02  0.1535750E+01
 0.6220000E+02  0.1534525E+01
 0.6230000E+02  0.1533174E+01
 0.6240000E+02  0.1531697E+01
 0.6250000E+02  0.1530091E+01
 0.6260000E+02  0.1528355E+01
 0.6270000E+02  0.1526488E+01
 0.6280000E+02  0.1524488E+01
 0.6290000E+02  0.1522355E+01
 0.6300000E+02  0.1520087E+01
 0.6310000E+02  0.1517684E+01
 0.6320000E+02  0.1515145E+01
 0.6330000E+02  0.1512468E+01
 0.6340000E+02  0.1509655E+01
 0.6350000E+02  0.1506704E+01
 0.6360000E+02  0.1503614E+01
 0.6370000E+02  0.1500387E+01
 0.6380000E+02  0.1497022E+01
 0.6390000E+02  0.1493519E+01
 0.6400000E+02  0.1489878E+01
 0.6410000E+02  0.1486101E+01
 0.6420000E+02  0.1482187E+01
 0.6430000E+02  0.1478138E+01
 0.6440000E+02  0.1473954E+01
 0.6450000E+02  0.1469637E+01
 0.6460000E+02  0.1465189E+01
 0.6470000E+02  0.1460609E+01
 0.6480000E+02  0.1455902E+01
 0.6490000E+02  0.1451067E+01
 0.6500000E+02  0.1446108E+01
 0.6510000E+02  0.1441026E+01
 0.6520000E+02  0.1435824E+01
 0.6530000E+02  0.1430505E+01
 0.6540000E+02  0.1425072E+01
 0.6550000E+02  0.1419527E+01
 0.6560000E+02  0.1413873E+01
 0.6570000E+02  0.1408115E+01
 0.6580000E+02  0.1402255E+01
 0.6590000E+02  0.1396298E+01
 0.6600000E+02  0.1390247E+01
 0.6610000E+02  0.1384106E+01
 0.6620000E+02  0.1377880E+01
 0.6630000E+02  0.1371572E+01
 0.6640000E+02  0.1365189E+01
 0.6650000E+02  0.1358734E+01
 0.6660000E+02  0.1352212E+01
 0.6670000E+02  0.1345629E+01
 0.6680000E+02  0.1338989E+01
 0.6690000E+02  0.1332298E+01
 0.6700000E+02  0.1325562E+01
 0.6710000E+02  0.1318785E+01
 0.6720000E+02  0.1311974E+01
 0.6730000E+02  0.1305134E+01
 0.6740000E+02  0.1298272E+01
 0.6750000E+02  0.1291393E+01
 0.6760000E+02  0.1284503E+01
 0.6770000E+02  0.1277609E+01
 0.6780000E+02  0.1270716E+01
 0.6790000E+02  0.1263831E+01
 0.6800000E+02  0.1256960E+01
 0.6810000E+02  0.1250110E+01
 0.6820000E+02  0.1243286E+01
 0.6830000E+02  0.1236495E+01
 0.6840000E+02  0.1229743E+01
 0.6850000E+02  0.1223037E+01
 0.6860000E+02  0.1216382E+01
 0.6870000E+02  0.1209786E+01
 0.6880000E+02  0.1203253E+01
 0.6890000E+02  0.1196791E+01
 0.6900000E+02  0.1190405E+01
 0.6910000E+02  0.1184102E+01
 0.6920000E+02  0.1177886E+01
 0.6930000E+02  0.1171764E+01
 0.6940000E+02  0.1165742E+01
 0.6950000E+02  0.1159825E+01
 0.6960000E+02  0.1154018E+01
 0.6970000E+02  0.1148327E+01
 0.6980000E+02  0.1142757E+01
 0.6990000E+02  0.1137313E+01
 0.7000000E+02  0.1132000E+01
 0.7010000E+02  0.1126822E+01
 0.7020000E+02  0.1121783E+01
 0.7030000E+02  0.1116889E+01
 0.7040000E+02  0.1112143E+01
 0.7050000E+02  0.1107549E+01
 0.7060000E+02  0.1103111E+01
 0.7070000E+02  0.1098833E+01
 0.7080000E+02  0.1094717E+01
 0.7090000E+02  0.1090768E+01
 0.7100000E+02  0.1086987E+01
 0.7110000E+02  0.1083378E+01
 0.7120000E+02  0.1079943E+01
 0.7130000E+02  0.1076684E+01
 0.7140000E+02  0.1073604E+01
 0.7150000E+02  0.1070704E+01
 0.7160000E+02  0.1067987E+01
 0.7170000E+02  0.1065453E+01
 0.7180000E+02  0.1063103E+01
 0.7190000E+02  0.1060940E+01
 0.7200000E+02  0.1058964E+01
 0.7210000E+02  0.1057175E+01
 0.7220000E+02  0.1055573E+01
 0.7230000E+02  0.1054161E+01
 0.7240000E+02  0.1052936E+01
 0.7250000E+02  0.1051899E+01
 0.7260000E+02  0.1051051E+01
 0.7270000E+02  0.1050390E+01
 0.7280000E+02  0.1049916E+01
 0.7290000E+02  0.1049628E+01
 0.7300000E+02  0.1049525E+01
 0.7310000E+02  0.1049607E+01
 0.7320000E+02  0.1049871E+01
 0.7330000E+02  0.1050317E+01
 0.7340000E+02  0.1050943E+01
 0.7350000E+02  0.1051748E+01
 0.7360000E+02  0.1052729E+01
 0.7370000E+02  0.1053886E+01
 0.7380000E+02  0.1055215E+01
 0.7390000E+02  0.1056716E+01
 0.7400000E+02  0.1058385E+01
 0.7410000E+02  0.1060221E+01
 0.7420000E+02  0.1062222E+01
 0.7430000E+02  0.1064384E+01
 0.7440000E+02  0.1066707E+01
 0.7450000E+02  0.1069186E+01
 0.7460000E+02  0.1071820E+01
 0.7470000E+02  0.1074606E+01
 0.7480000E+02  0.1077542E+01
 0.7490000E+02  0.1080624E+01
 0.7500000E+02  0.1083851E+01
 0.7510000E+02  0.1087219E+01
 0.7520000E+02  0.1090726E+01
 0.7530000E+02  0.1094369E+01
 0.7540000E+02  0.1098145E+01
 0.7550000E+02  0.1102052E+01
 0.7560000E+02  0.1106086E+01
 0.7570000E+02  0.1110246E+01
 0.7580000E+02  0.1114528E+01
 0.7590000E+02  0.1118930E+01
 0.7600000E+02  0.1123448E+01
 0.7610000E+02  0.1128081E+01
 0.7620000E+02  0.1132826E+01
 0.7630000E+02  0.1137679E+01
 0.7640000E+02  0.1142639E+01
 0.7650000E+02  0.1147703E+01
 0.7660000E+02  0.1152868E+01
 0.7670000E+02  0.1158132E+01
 0.7680000E+02  0.1163492E+01
 0.7690000E+02  0.1168946E+01
 0.7700000E+02  0.1174491E+01
 0.7710000E+02  0.1180125E+01
 0.7720000E+02  0.1185846E+01
 0.7730000E+02  0.1191652E+01
 0.7740000E+02  0.1197539E+01
 0.7750000E+02  0.1203507E+01
 0.7760000E+02  0.1209552E+01
 0.7770000E+02  0.1215672E+01
 0.7780000E+02  0.1221866E+01
 0.7790000E+02  0.1228132E+01
 0.7800000E+02  0.1234466E+01
 0.7810000E+02  0.1240868E+01
 0.7820000E+02  0.1247335E+01
 0.7830000E+02  0.1253866E+01
 0.7840000E+02  0.1260457E+01
 0.7850000E+02  0.1267109E+01
 0.7860000E+02  0.1273817E+01
 0.7870000E+02  0.1280582E+01
 0.7880000E+02  0.1287401E+01
 0.7890000E+02  0.1294271E+01
 0.7900000E+02  0.1301192E+01
 0.7910000E+02  0.1308162E+01
 0.7920000E+02  0.1315178E+01
 0.7930000E+02  0.1322240E+01
 0.7940000E+02  0.1329345E+01
 0.7950000E+02  0.1336491E+01
 0.7960000E+02  0.1343677E+01
 0.7970000E+02  0.1350902E+01
 0.7980000E+02  0.1358163E+01
 0.7990000E+02  0.1365458E+01
 0.8000000E+02  0.1372787E+01
 0.8010000E+02  0.1380147E+01
 0.8020000E+02  0.1387536E+01
 0.8030000E+02  0.1394953E+01
 0.8040000E+02  0.1402397E+01
 0.8050000E+02  0.1409864E+01
 0.8060000E+02  0.1417354E+01
 0.8070000E+02  0.1424865E+01
 0.8080000E+02  0.1432394E+01
 0.8090000E+02  0.1439941E+01
 0.8100000E+02  0.1447503E+01
 0.8110000E+02  0.1455078E+01
 0.8120000E+02  0.1462664E+01
 0.8130000E+02  0.1470260E+01
 0.8140000E+02  0.1477863E+01
 0.8150000E+02  0.1485472E+01
 0.8160000E+02  0.1493084E+01
 0.8170000E+02  0.1500697E+01
 0.8180000E+02  0.1508309E+01
 0.8190000E+02  0.1515918E+01
 0.8200000E+02  0.1523523E+01
 0.8210000E+02  0.1531119E+01
 0.8220000E+02  0.1538707E+01
 0.8230000E+02  0.1546282E+01
 0.8240000E+02  0.1553843E+01
 0.8250000E+02  0.1561387E+01
 0.8260000E+02  0.1568912E+01
 0.8270000E+02  0.1576416E+01
 0.8280000E+02  0.1583895E+01
 0.8290000E+02  0.1591348E+01
 0.8300000E+02  0.1598772E+01
 0.8310000E+02  0.1606164E+01
 0.8320000E+02  0.1613522E+01
 0.8330000E+02  0.1620843E+01
 0.8340000E+02  0.1628124E+01
 0.8350000E+02  0.1635362E+01
 0.8360000E+02  0.1642555E+01
 0.8370000E+02  0.1649700E+01
 0.8380000E+02  0.1656794E+01
 0.8390000E+02  0.1663834E+01
 0.8400000E+02  0.1670818E+01
 0.8410000E+02  0.1677741E+01
 0.8420000E+02  0.1684602E+01
 0.8430000E+02  0.1691398E+01
 0.8440000E+02  0.1698125E+01
 0.8450000E+02  0.1704781E+01
 0.8460000E+02  0.1711362E+01
 0.8470000E+02  0.1717865E+01
 0.8480000E+02  0.1724288E+01
 0.8490000E+02  0.1730627E+01
 0.8500000E+02  0.1736880E+01
 0.8510000E+02  0.1743043E+01
 0.8520000E+02  0.1749113E+01
 0.8530000E+02  0.1755087E+01
 0.8540000E+02  0.1760963E+01
 0.8550000E+02  0.1766737E+01
 0.8560000E+02  0.1772406E+01
 0.8570000E+02  0.1777968E+01
 0.8580000E+02  0.1783419E+01
 0.8590000E+02  0.1788757E+01
 0.8600000E+02  0.1793978E+01
 0.8610000E+02  0.1799081E+01
 0.8620000E+02  0.1804061E+01
 0.8630000E+02  0.1808917E+01
 0.8640000E+02  0.1813645E+01
 0.8650000E+02  0.1818243E+01
 0.8660000E+02  0.1822709E+01
 0.8670000E+02  0.1827039E+01
 0.8680000E+02  0.1831232E+01
 0.8690000E+02  0.1835285E+01
 0.8700000E+02  0.1839196E+01
 0.8710000E+02  0.1842961E+01
 0.8720000E+02  0.1846580E+01
 0.8730000E+02  0.1850050E+01
 0.8740000E+02  0.1853369E+01
 0.8750000E+02  0.1856535E+01
 0.8760000E+02  0.1859546E+01
 0.8770000E+02  0.1862401E+01
 0.8780000E+02  0.1865097E+01
 0.8790000E+02  0.1867633E+01
 0.8800000E+02  0.1870009E+01
 0.8810000E+02  0.1872221E+01
 0.8820000E+02  0.1874269E+01
 0.8830000E+02  0.1876152E+01
 0.8840000E+02  0.1877869E+01
 0.8850000E+02  0.1879419E+01
 0.8860000E+02  0.1880800E+01
 0.8870000E+02  0.1882013E+01
 0.8880000E+02  0.1883057E+01
 0.8890000E+02  0.1883930E+01
 0.8900000E+02  0.1884633E+01
 0.8910000E+02  0.1885166E+01
 0.8920000E+02  0.1885527E+01
 0.8930000E+02  0.1885718E+01
 0.8940000E+02  0.1885739E+01
 0.8950000E+02  0.1885588E+01
 0.8960000E+02  0.1885268E+01
 0.8970000E+02  0.1884778E+01
 0.8980000E+02  0.1884119E+01
 0.8990000E+02  0.1883291E+01
 0.9000000E+02  0.1882296E+01
 0.9010000E+02  0.1881133E+01
 0.9020000E+02  0.1879805E+01
 0.9030000E+02  0.1878313E+01
 0.9040000E+02  0.1876656E+01
 0.9050000E+02  0.1874838E+01
 0.9060000E+02  0.1872860E+01
 0.9070000E+02  0.1870722E+01
 0.9080000E+02  0.1868427E+01
 0.9090000E+02  0.1865977E+01
 0.9100000E+02  0.1863373E+01
 0.9110000E+02  0.1860617E+01
 0.9120000E+02  0.1857712E+01
 0.9130000E+02  0.1854659E+01
 0.9140000E+02  0.1851461E+01
 0.9150000E+02  0.1848121E+01
 0.9160000E+02  0.1844640E+01
 0.9170000E+02  0.1841021E+01
 0.9180000E+02  0.1837267E+01
 0.9190000E+02  0.1833381E+01
 0.9200000E+02  0.1829364E+01
 0.9210000E+02  0.1825221E+01
 0.9220000E+02  0.1820953E+01
 0.9230000E+02  0.1816564E+01
 0.9240000E+02  0.1812057E+01
 0.9250000E+02  0.1807435E+01
 0.9260000E+02  0.1802700E+01
 0.9270000E+02  0.1797857E+01
 0.9280000E+02  0.1792908E+01
 0.9290000E+02  0.1787856E+01
 0.9300000E+02  0.1782704E+01
 0.9310000E+02  0.1777457E+01
 0.9320000E+02  0.1772117E+01
 0.9330000E+02  0.1766687E+01
 0.9340000E+02  0.1761171E+01
 0.9350000E+02  0.1755573E+01
 0.9360000E+02  0.1749895E+01
 0.9370000E+02  0.1744141E+01
 0.9380000E+02  0.1738315E+01
 0.9390000E+02  0.1732419E+01
 0.9400000E+02  0.1726458E+01
 0.9410000E+02  0.1720434E+01
 0.9420000E+02  0.1714351E+01
 0.9430000E+02  0.1708212E+01
 0.9440000E+02  0.1702022E+01
 0.9450000E+02  0.1695782E+01
 0.9460000E+02  0.1689497E+01
 0.9470000E+02  0.1683169E+01
 0.9480000E+02  0.1676803E+01
 0.9490000E+02  0.1670400E+01
 0.9500000E+02  0.1663965E+01
 0.9510000E+02  0.1657501E+01
 0.9520000E+02  0.1651010E+01
 0.9530000E+02  0.1644497E+01
 0.9540000E+02  0.1637963E+01
 0.9550000E+02  0.1631413E+01
 0.9560000E+02  0.1624848E+01
 0.9570000E+02  0.1618273E+01
 0.9580000E+02  0.1611689E+01
 0.9590000E+02  0.1605100E+01
 0.9600000E+02  0.1598509E+01
 0.9610000E+02  0.1591918E+01
 0.9620000E+02  0.1585330E+01
 0.9630000E+02  0.1578747E+01
 0.9640000E+02  0.1572173E+01
 0.9650000E+02  0.1565610E+01
 0.9660000E+02  0.1559060E+01
 0.9670000E+02  0.1552526E+01
 0.9680000E+02  0.1546010E+01
 0.9690000E+02  0.1539515E+01
 0.9700000E+02  0.1533042E+01
 0.9710000E+02  0.1526594E+01
 0.9720000E+02  0.1520174E+01
 0.9730000E+02  0.1513782E+01
 0.9740000E+02  0.1507422E+01
 0.9750000E+02  0.1501094E+01
 0.9760000E+02  0.1494802E+01
 0.9770000E+02  0.1488547E+01
 0.9780000E+02  0.1482330E+01
 0.9790000E+02  0.1476154E+01
 0.9800000E+02  0.1470020E+01
 0.9810000E+02  0.1463930E+01
 0.9820000E+02  0.1457885E+01
 0.9830000E+02  0.1451886E+01
 0.9840000E+02  0.1445936E+01
 0.9850000E+02  0.1440035E+01
 0.9860000E+02  0.1434186E+01
 0.9870000E+02  0.1428388E+01
 0.9880000E+02  0.1422644E+01
 0.9890000E+02  0.1416954E+01
 0.9900000E+02  0.1411320E+01
 0.9910000E+02  0.1405743E+01
 0.9920000E+02  0.1400223E+01
 0.9930000E+02  0.1394762E+01
 0.9940000E+02  0.1389361E+01
 0.9950000E+02  0.1384020E+01
 0.9960000E+02  0.1378740E+01
 0.9970000E+02  0.1373522E+01
 0.9980000E+02  0.1368366E+01
 0.9990000E+02  0.1363274E+01
 0.1000000E+03  0.1358246E+01
