 0.1000000E+00  0.4672769E-08  0.5251139E-02  0.5000018E-02  0.1025116E-01
 0.2000000E+00  0.1869094E-07  0.5251119E-02  0.5000024E-02  0.1025116E-01
 0.3000000E+00  0.4205413E-07  0.5251085E-02  0.5000034E-02  0.1025116E-01
 0.4000000E+00  0.7476165E-07  0.5251038E-02  0.5000048E-02  0.1025116E-01
 0.5000000E+00  0.1168126E-06  0.5250978E-02  0.5000067E-02  0.1025116E-01
 0.6000000E+00  0.1682058E-06  0.5250904E-02  0.5000089E-02  0.1025116E-01
 0.7000000E+00  0.2289397E-06  0.5250817E-02  0.5000116E-02  0.1025116E-01
 0.8000000E+00  0.2990126E-06  0.5250716E-02  0.5000146E-02  0.1025116E-01
 0.9000000E+00  0.3784226E-06  0.5250602E-02  0.5000181E-02  0.1025116E-01
 0.1000000E+01  0.4671674E-06  0.5250475E-02  0.5000220E-02  0.1025116E-01
 0.1100000E+01  0.5652445E-06  0.5250334E-02  0.5000262E-02  0.1025116E-01
 0.1200000E+01  0.6726510E-06  0.5250179E-02  0.5000309E-02  0.1025116E-01
 0.1300000E+01  0.7893840E-06  0.5250012E-02  0.5000360E-02  0.1025116E-01
 0.1400000E+01  0.9154401E-06  0.5249831E-02  0.5000415E-02  0.1025116E-01
 0.1500000E+01  0.1050816E-05  0.5249636E-02  0.5000474E-02  0.1025116E-01
 0.1600000E+01  0.1195507E-05  0.5249428E-02  0.5000537E-02  0.1025116E-01
 0.1700000E+01  0.1349510E-05  0.5249207E-02  0.5000605E-02  0.1025116E-01
 0.1800000E+01  0.1512820E-05  0.5248973E-02  0.5000676E-02  0.1025116E-01
 0.1900000E+01  0.1685433E-05  0.5248725E-02  0.5000751E-02  0.1025116E-01
 0.2000000E+01  0.1867344E-05  0.5248464E-02  0.5000830E-02  0.1025116E-01
 0.2100000E+01  0.2058547E-05  0.5248189E-02  0.5000914E-02  0.1025116E-01
 0.2200000E+01  0.2259037E-05  0.5247901E-02  0.5001001E-02  0.1025116E-01
 0.2300000E+01  0.2468809E-05  0.5247600E-02  0.5001093E-02  0.1025116E-01
 0.2400000E+01  0.2687856E-05  0.5247286E-02  0.5001188E-02  0.1025116E-01
 0.2500000E+01  0.2916173E-05  0.5246958E-02  0.5001287E-02  0.1025116E-01
 0.2600000E+01  0.3153753E-05  0.5246617E-02  0.5001391E-02  0.1025116E-01
 0.2700000E+01  0.3400589E-05  0.5246262E-02  0.5001498E-02  0.1025116E-01
 0.2800000E+01  0.3656674E-05  0.5245895E-02  0.5001610E-02  0.1025116E-01
 0.2900000E+01  0.3922001E-05  0.5245514E-02  0.5001725E-02  0.1025116E-01
 0.3000000E+01  0.4196563E-05  0.5245120E-02  0.5001845E-02  0.1025116E-01
 0.3100000E+01  0.4480352E-05  0.5244713E-02  0.5001968E-02  0.1025116E-01
 0.3200000E+01  0.4773360E-05  0.5244292E-02  0.5002096E-02  0.1025116E-01
 0.3300000E+01  0.5075578E-05  0.5243858E-02  0.5002227E-02  0.1025116E-01
 0.3400000E+01  0.5386998E-05  0.5243412E-02  0.5002363E-02  0.1025116E-01
 0.3500000E+01  0.5707612E-05  0.5242952E-02  0.5002502E-02  0.1025116E-01
 0.3600000E+01  0.6037410E-05  0.5242478E-02  0.5002645E-02  0.1025116E-01
 0.3700000E+01  0.6376383E-05  0.5241992E-02  0.5002793E-02  0.1025116E-01
 0.3800000E+01  0.6724522E-05  0.5241493E-02  0.5002944E-02  0.1025116E-01
 0.3900000E+01  0.7081817E-05  0.5240980E-02  0.5003099E-02  0.1025116E-01
 0.4000000E+01  0.7448258E-05  0.5240455E-02  0.5003258E-02  0.1025116E-01
 0.4100000E+01  0.7823835E-05  0.5239916E-02  0.5003421E-02  0.1025116E-01
 0.4200000E+01  0.8208536E-05  0.5239365E-02  0.5003588E-02  0.1025116E-01
 0.4300000E+01  0.8602352E-05  0.5238800E-02  0.5003759E-02  0.1025116E-01
 0.4400000E+01  0.9005272E-05  0.5238223E-02  0.5003934E-02  0.1025116E-01
 0.4500000E+01  0.9417284E-05  0.5237632E-02  0.5004112E-02  0.1025116E-01
 0.4600000E+01  0.9838377E-05  0.5237028E-02  0.5004295E-02  0.1025116E-01
 0.4700000E+01  0.1026854E-04  0.5236412E-02  0.5004481E-02  0.1025116E-01
 0.4800000E+01  0.1070776E-04  0.5235783E-02  0.5004671E-02  0.1025116E-01
 0.4900000E+01  0.1115602E-04  0.5235140E-02  0.5004865E-02  0.1025116E-01
 0.5000000E+01  0.1161332E-04  0.5234485E-02  0.5005063E-02  0.1025116E-01
 0.5100000E+01  0.1207963E-04  0.5233817E-02  0.5005264E-02  0.1025116E-01
 0.5200000E+01  0.1255496E-04  0.5233136E-02  0.5005470E-02  0.1025116E-01
 0.5300000E+01  0.1303928E-04  0.5232443E-02  0.5005679E-02  0.1025116E-01
 0.5400000E+01  0.1353257E-04  0.5231737E-02  0.5005892E-02  0.1025116E-01
 0.5500000E+01  0.1403484E-04  0.5231017E-02  0.5006109E-02  0.1025116E-01
 0.5600000E+01  0.1454606E-04  0.5230286E-02  0.5006330E-02  0.1025116E-01
 0.5700000E+01  0.1506621E-04  0.5229541E-02  0.5006554E-02  0.1025116E-01
 0.5800000E+01  0.1559529E-04  0.5228784E-02  0.5006782E-02  0.1025116E-01
 0.5900000E+01  0.1613329E-04  0.5228014E-02  0.5007014E-02  0.1025116E-01
 0.6000000E+01  0.1668017E-04  0.5227232E-02  0.5007250E-02  0.1025116E-01
 0.6100000E+01  0.1723594E-04  0.5226437E-02  0.5007489E-02  0.1025116E-01
 0.6200000E+01  0.1780058E-04  0.5225629E-02  0.5007732E-02  0.1025116E-01
 0.6300000E+01  0.1837406E-04  0.5224809E-02  0.5007978E-02  0.1025116E-01
 0.6400000E+01  0.1895638E-04  0.5223976E-02  0.5008229E-02  0.1025116E-01
 0.6500000E+01  0.1954752E-04  0.5223131E-02  0.5008483E-02  0.1025116E-01
 0.6600000E+01  0.2014746E-04  0.5222273E-02  0.5008740E-02  0.1025116E-01
 0.6700000E+01  0.2075618E-04  0.5221403E-02  0.5009002E-02  0.1025116E-01
 0.6800000E+01  0.2137368E-04  0.5220521E-02  0.5009267E-02  0.1025116E-01
 0.6900000E+01  0.2199992E-04  0.5219626E-02  0.5009535E-02  0.1025116E-01
 0.7000000E+01  0.2263491E-04  0.5218719E-02  0.5009807E-02  0.1025116E-01
 0.7100000E+01  0.2327861E-04  0.5217800E-02  0.5010083E-02  0.1025116E-01
 0.7200000E+01  0.2393102E-04  0.5216868E-02  0.5010362E-02  0.1025116E-01
 0.7300000E+01  0.2459211E-04  0.5215924E-02  0.5010645E-02  0.1025116E-01
 0.7400000E+01  0.2526186E-04  0.5214968E-02  0.5010931E-02  0.1025116E-01
 0.7500000E+01  0.2594027E-04  0.5214000E-02  0.5011221E-02  0.1025116E-01
 0.7600000E+01  0.2662730E-04  0.5213020E-02  0.5011514E-02  0.1025116E-01
 0.7700000E+01  0.2732295E-04  0.5212027E-02  0.5011811E-02  0.1025116E-01
 0.7800000E+01  0.2802719E-04  0.5211023E-02  0.5012111E-02  0.1025116E-01
 0.7900000E+01  0.2874000E-04  0.5210006E-02  0.5012415E-02  0.1025116E-01
 0.8000000E+01  0.2946137E-04  0.5208978E-02  0.5012722E-02  0.1025116E-01
 0.8100000E+01  0.3019128E-04  0.5207937E-02  0.5013033E-02  0.1025116E-01
 0.8200000E+01  0.3092971E-04  0.5206885E-02  0.5013347E-02  0.1025116E-01
 0.8300000E+01  0.3167663E-04  0.5205820E-02  0.5013664E-02  0.1025116E-01
 0.8400000E+01  0.3243203E-04  0.5204744E-02  0.5013985E-02  0.1025116E-01
 0.8500000E+01  0.3319589E-04  0.5203656E-02  0.5014309E-02  0.1025116E-01
 0.8600000E+01  0.3396819E-04  0.5202556E-02  0.5014637E-02  0.1025116E-01
 0.8700000E+01  0.3474890E-04  0.5201445E-02  0.5014968E-02  0.1025116E-01
 0.8800000E+01  0.3553801E-04  0.5200322E-02  0.5015302E-02  0.1025116E-01
 0.8900000E+01  0.3633550E-04  0.5199187E-02  0.5015639E-02  0.1025116E-01
 0.9000000E+01  0.3714135E-04  0.5198040E-02  0.5015980E-02  0.1025116E-01
 0.9100000E+01  0.3795553E-04  0.5196882E-02  0.5016324E-02  0.1025116E-01
 0.9200000E+01  0.3877802E-04  0.5195712E-02  0.5016671E-02  0.1025116E-01
 0.9300000E+01  0.3960881E-04  0.5194531E-02  0.5017021E-02  0.1025116E-01
 0.9400000E+01  0.4044787E-04  0.5193339E-02  0.5017375E-02  0.1025116E-01
 0.9500000E+01  0.4129517E-04  0.5192135E-02  0.5017732E-02  0.1025116E-01
 0.9600000E+01  0.4215071E-04  0.5190919E-02  0.5018092E-02  0.1025116E-01
 0.9700000E+01  0.4301445E-04  0.5189692E-02  0.5018455E-02  0.1025116E-01
 0.9800000E+01  0.4388637E-04  0.5188454E-02  0.5018821E-02  0.1025116E-01
 0.9900000E+01  0.4476646E-04  0.5187205E-02  0.5019190E-02  0.1025116E-01
 0.1000000E+02  0.4565468E-04  0.5185944E-02  0.5019562E-02  0.1025116E-01
 0.1010000E+02  0.4655102E-04  0.5184673E-02  0.5019938E-02  0.1025116E-01
 0.1020000E+02  0.4745546E-04  0.5183390E-02  0.5020316E-02  0.1025116E-01
 0.1030000E+02  0.4836796E-04  0.5182096E-02  0.5020698E-02  0.1025116E-01
 0.1040000E+02  0.4928851E-04  0.5180791E-02  0.5021082E-02  0.1025116E-01
 0.1050000E+02  0.5021709E-04  0.5179475E-02  0.5021469E-02  0.1025116E-01
 0.1060000E+02  0.5115367E-04  0.5178148E-02  0.5021860E-02  0.1025116E-01
 0.1070000E+02  0.5209822E-04  0.5176810E-02  0.5022253E-02  0.1025116E-01
 0.1080000E+02  0.5305072E-04  0.5175461E-02  0.5022649E-02  0.1025116E-01
 0.1090000E+02  0.5401116E-04  0.5174102E-02  0.5023049E-02  0.1025116E-01
 0.1100000E+02  0.5497950E-04  0.5172731E-02  0.5023450E-02  0.1025116E-01
 0.1110000E+02  0.5595573E-04  0.5171350E-02  0.5023855E-02  0.1025116E-01
 0.1120000E+02  0.5693981E-04  0.5169959E-02  0.5024263E-02  0.1025116E-01
 0.1130000E+02  0.5793172E-04  0.5168556E-02  0.5024673E-02  0.1025116E-01
 0.1140000E+02  0.5893144E-04  0.5167143E-02  0.5025087E-02  0.1025116E-01
 0.1150000E+02  0.5993895E-04  0.5165720E-02  0.5025503E-02  0.1025116E-01
 0.1160000E+02  0.6095421E-04  0.5164286E-02  0.5025921E-02  0.1025116E-01
 0.1170000E+02  0.6197721E-04  0.5162841E-02  0.5026343E-02  0.1025116E-01
 0.1180000E+02  0.6300792E-04  0.5161386E-02  0.5026767E-02  0.1025116E-01
 0.1190000E+02  0.6404632E-04  0.5159921E-02  0.5027194E-02  0.1025116E-01
 0.1200000E+02  0.6509237E-04  0.5158446E-02  0.5027623E-02  0.1025116E-01
 0.1210000E+02  0.6614605E-04  0.5156960E-02  0.5028055E-02  0.1025116E-01
 0.1220000E+02  0.6720735E-04  0.5155464E-02  0.5028490E-02  0.1025116E-01
 0.1230000E+02  0.6827622E-04  0.5153958E-02  0.5028927E-02  0.1025116E-01
 0.1240000E+02  0.6935266E-04  0.5152442E-02  0.5029367E-02  0.1025116E-01
 0.1250000E+02  0.7043662E-04  0.5150915E-02  0.5029809E-02  0.1025116E-01
 0.1260000E+02  0.7152809E-04  0.5149379E-02  0.5030254E-02  0.1025116E-01
 0.1270000E+02  0.7262704E-04  0.5147833E-02  0.5030701E-02  0.1025116E-01
 0.1280000E+02  0.7373344E-04  0.5146277E-02  0.5031151E-02  0.1025116E-01
 0.1290000E+02  0.7484727E-04  0.5144711E-02  0.5031603E-02  0.1025116E-01
 0.1300000E+02  0.7596850E-04  0.5143135E-02  0.5032058E-02  0.1025116E-01
 0.1310000E+02  0.7709710E-04  0.5141550E-02  0.5032515E-02  0.1025116E-01
 0.1320000E+02  0.7823305E-04  0.5139955E-02  0.5032974E-02  0.1025116E-01
 0.1330000E+02  0.7937632E-04  0.5138350E-02  0.5033435E-02  0.1025116E-01
 0.1340000E+02  0.8052689E-04  0.5136735E-02  0.5033899E-02  0.1025116E-01
 0.1350000E+02  0.8168472E-04  0.5135111E-02  0.5034365E-02  0.1025116E-01
 0.1360000E+02  0.8284980E-04  0.5133478E-02  0.5034834E-02  0.1025116E-01
 0.1370000E+02  0.8402208E-04  0.5131835E-02  0.5035304E-02  0.1025116E-01
 0.1380000E+02  0.8520156E-04  0.5130183E-02  0.5035777E-02  0.1025116E-01
 0.1390000E+02  0.8638819E-04  0.5128521E-02  0.5036252E-02  0.1025116E-01
 0.1400000E+02  0.8758196E-04  0.5126851E-02  0.5036729E-02  0.1025116E-01
 0.1410000E+02  0.8878283E-04  0.5125171E-02  0.5037208E-02  0.1025116E-01
 0.1420000E+02  0.8999078E-04  0.5123482E-02  0.5037689E-02  0.1025116E-01
 0.1430000E+02  0.9120579E-04  0.5121783E-02  0.5038172E-02  0.1025116E-01
 0.1440000E+02  0.9242781E-04  0.5120076E-02  0.5038657E-02  0.1025116E-01
 0.1450000E+02  0.9365683E-04  0.5118360E-02  0.5039145E-02  0.1025116E-01
 0.1460000E+02  0.9489282E-04  0.5116635E-02  0.5039634E-02  0.1025116E-01
 0.1470000E+02  0.9613575E-04  0.5114901E-02  0.5040125E-02  0.1025116E-01
 0.1480000E+02  0.9738559E-04  0.5113158E-02  0.5040618E-02  0.1025116E-01
 0.1490000E+02  0.9864232E-04  0.5111406E-02  0.5041113E-02  0.1025116E-01
 0.1500000E+02  0.9990590E-04  0.5109646E-02  0.5041610E-02  0.1025116E-01
 0.1510000E+02  0.1011763E-03  0.5107877E-02  0.5042108E-02  0.1025116E-01
 0.1520000E+02  0.1024535E-03  0.5106099E-02  0.5042609E-02  0.1025116E-01
 0.1530000E+02  0.1037375E-03  0.5104313E-02  0.5043111E-02  0.1025116E-01
 0.1540000E+02  0.1050282E-03  0.5102518E-02  0.5043615E-02  0.1025116E-01
 0.1550000E+02  0.1063257E-03  0.5100715E-02  0.5044120E-02  0.1025116E-01
 0.1560000E+02  0.1076298E-03  0.5098904E-02  0.5044627E-02  0.1025116E-01
 0.1570000E+02  0.1089406E-03  0.5097084E-02  0.5045136E-02  0.1025116E-01
 0.1580000E+02  0.1102581E-03  0.5095256E-02  0.5045647E-02  0.1025116E-01
 0.1590000E+02  0.1115821E-03  0.5093420E-02  0.5046159E-02  0.1025116E-01
 0.1600000E+02  0.1129127E-03  0.5091576E-02  0.5046672E-02  0.1025116E-01
 0.1610000E+02  0.1142499E-03  0.5089724E-02  0.5047188E-02  0.1025116E-01
 0.1620000E+02  0.1155936E-03  0.5087864E-02  0.5047704E-02  0.1025116E-01
 0.1630000E+02  0.1169438E-03  0.5085995E-02  0.5048222E-02  0.1025116E-01
 0.1640000E+02  0.1183004E-03  0.5084119E-02  0.5048742E-02  0.1025116E-01
 0.1650000E+02  0.1196635E-03  0.5082235E-02  0.5049263E-02  0.1025116E-01
 0.1660000E+02  0.1210330E-03  0.5080344E-02  0.5049785E-02  0.1025116E-01
 0.1670000E+02  0.1224088E-03  0.5078444E-02  0.5050308E-02  0.1025116E-01
 0.1680000E+02  0.1237910E-03  0.5076537E-02  0.5050833E-02  0.1025116E-01
 0.1690000E+02  0.1251796E-03  0.5074623E-02  0.5051359E-02  0.1025116E-01
 0.1700000E+02  0.1265744E-03  0.5072700E-02  0.5051887E-02  0.1025116E-01
 0.1710000E+02  0.1279755E-03  0.5070771E-02  0.5052415E-02  0.1025116E-01
 0.1720000E+02  0.1293828E-03  0.5068834E-02  0.5052945E-02  0.1025116E-01
 0.1730000E+02  0.1307963E-03  0.5066889E-02  0.5053476E-02  0.1025116E-01
 0.1740000E+02  0.1322161E-03  0.5064938E-02  0.5054008E-02  0.1025116E-01
 0.1750000E+02  0.1336419E-03  0.5062979E-02  0.5054541E-02  0.1025116E-01
 0.1760000E+02  0.1350739E-03  0.5061013E-02  0.5055075E-02  0.1025116E-01
 0.1770000E+02  0.1365120E-03  0.5059040E-02  0.5055610E-02  0.1025116E-01
 0.1780000E+02  0.1379561E-03  0.5057060E-02  0.5056146E-02  0.1025116E-01
 0.1790000E+02  0.1394063E-03  0.5055072E-02  0.5056683E-02  0.1025116E-01
 0.1800000E+02  0.1408625E-03  0.5053078E-02  0.5057220E-02  0.1025116E-01
 0.1810000E+02  0.1423247E-03  0.5051078E-02  0.5057759E-02  0.1025116E-01
 0.1820000E+02  0.1437928E-03  0.5049070E-02  0.5058299E-02  0.1025116E-01
 0.1830000E+02  0.1452669E-03  0.5047056E-02  0.5058839E-02  0.1025116E-01
 0.1840000E+02  0.1467468E-03  0.5045035E-02  0.5059380E-02  0.1025116E-01
 0.1850000E+02  0.1482326E-03  0.5043007E-02  0.5059922E-02  0.1025116E-01
 0.1860000E+02  0.1497242E-03  0.5040973E-02  0.5060464E-02  0.1025116E-01
 0.1870000E+02  0.1512217E-03  0.5038932E-02  0.5061007E-02  0.1025116E-01
 0.1880000E+02  0.1527249E-03  0.5036885E-02  0.5061551E-02  0.1025116E-01
 0.1890000E+02  0.1542339E-03  0.5034832E-02  0.5062096E-02  0.1025116E-01
 0.1900000E+02  0.1557486E-03  0.5032772E-02  0.5062641E-02  0.1025116E-01
 0.1910000E+02  0.1572690E-03  0.5030706E-02  0.5063186E-02  0.1025116E-01
 0.1920000E+02  0.1587951E-03  0.5028634E-02  0.5063732E-02  0.1025116E-01
 0.1930000E+02  0.1603268E-03  0.5026556E-02  0.5064278E-02  0.1025116E-01
 0.1940000E+02  0.1618642E-03  0.5024472E-02  0.5064825E-02  0.1025116E-01
 0.1950000E+02  0.1634071E-03  0.5022382E-02  0.5065372E-02  0.1025116E-01
 0.1960000E+02  0.1649556E-03  0.5020286E-02  0.5065920E-02  0.1025116E-01
 0.1970000E+02  0.1665095E-03  0.5018184E-02  0.5066468E-02  0.1025116E-01
 0.1980000E+02  0.1680690E-03  0.5016077E-02  0.5067016E-02  0.1025116E-01
 0.1990000E+02  0.1696340E-03  0.5013963E-02  0.5067564E-02  0.1025116E-01
 0.2000000E+02  0.1712044E-03  0.5011845E-02  0.5068112E-02  0.1025116E-01
 0.2010000E+02  0.1727803E-03  0.5009720E-02  0.5068661E-02  0.1025116E-01
 0.2020000E+02  0.1743615E-03  0.5007590E-02  0.5069210E-02  0.1025116E-01
 0.2030000E+02  0.1759481E-03  0.5005455E-02  0.5069759E-02  0.1025116E-01
 0.2040000E+02  0.1775400E-03  0.5003314E-02  0.5070307E-02  0.1025116E-01
 0.2050000E+02  0.1791372E-03  0.5001168E-02  0.5070856E-02  0.1025116E-01
 0.2060000E+02  0.1807397E-03  0.4999017E-02  0.5071405E-02  0.1025116E-01
 0.2070000E+02  0.1823474E-03  0.4996860E-02  0.5071954E-02  0.1025116E-01
 0.2080000E+02  0.1839604E-03  0.4994698E-02  0.5072503E-02  0.1025116E-01
 0.2090000E+02  0.1855785E-03  0.4992532E-02  0.5073051E-02  0.1025116E-01
 0.2100000E+02  0.1872019E-03  0.4990360E-02  0.5073599E-02  0.1025116E-01
 0.2110000E+02  0.1888303E-03  0.4988183E-02  0.5074147E-02  0.1025116E-01
 0.2120000E+02  0.1904639E-03  0.4986002E-02  0.5074695E-02  0.1025116E-01
 0.2130000E+02  0.1921026E-03  0.4983816E-02  0.5075243E-02  0.1025116E-01
 0.2140000E+02  0.1937463E-03  0.4981625E-02  0.5075790E-02  0.1025116E-01
 0.2150000E+02  0.1953951E-03  0.4979429E-02  0.5076337E-02  0.1025116E-01
 0.2160000E+02  0.1970489E-03  0.4977229E-02  0.5076883E-02  0.1025116E-01
 0.2170000E+02  0.1987076E-03  0.4975024E-02  0.5077429E-02  0.1025116E-01
 0.2180000E+02  0.2003713E-03  0.4972815E-02  0.5077975E-02  0.1025116E-01
 0.2190000E+02  0.2020399E-03  0.4970602E-02  0.5078520E-02  0.1025116E-01
 0.2200000E+02  0.2037134E-03  0.4968384E-02  0.5079064E-02  0.1025116E-01
 0.2210000E+02  0.2053918E-03  0.4966161E-02  0.5079608E-02  0.1025116E-01
 0.2220000E+02  0.2070751E-03  0.4963935E-02  0.5080151E-02  0.1025116E-01
 0.2230000E+02  0.2087631E-03  0.4961705E-02  0.5080694E-02  0.1025116E-01
 0.2240000E+02  0.2104560E-03  0.4959470E-02  0.5081235E-02  0.1025116E-01
 0.2250000E+02  0.2121536E-03  0.4957232E-02  0.5081776E-02  0.1025116E-01
 0.2260000E+02  0.2138560E-03  0.4954989E-02  0.5082316E-02  0.1025116E-01
 0.2270000E+02  0.2155630E-03  0.4952743E-02  0.5082856E-02  0.1025116E-01
 0.2280000E+02  0.2172748E-03  0.4950492E-02  0.5083394E-02  0.1025116E-01
 0.2290000E+02  0.2189912E-03  0.4948239E-02  0.5083932E-02  0.1025116E-01
 0.2300000E+02  0.2207123E-03  0.4945981E-02  0.5084468E-02  0.1025116E-01
 0.2310000E+02  0.2224379E-03  0.4943720E-02  0.5085004E-02  0.1025116E-01
 0.2320000E+02  0.2241682E-03  0.4941455E-02  0.5085538E-02  0.1025116E-01
 0.2330000E+02  0.2259030E-03  0.4939187E-02  0.5086071E-02  0.1025116E-01
 0.2340000E+02  0.2276423E-03  0.4936915E-02  0.5086604E-02  0.1025116E-01
 0.2350000E+02  0.2293862E-03  0.4934640E-02  0.5087135E-02  0.1025116E-01
 0.2360000E+02  0.2311345E-03  0.4932362E-02  0.5087665E-02  0.1025116E-01
 0.2370000E+02  0.2328873E-03  0.4930081E-02  0.5088193E-02  0.1025116E-01
 0.2380000E+02  0.2346446E-03  0.4927796E-02  0.5088720E-02  0.1025116E-01
 0.2390000E+02  0.2364062E-03  0.4925509E-02  0.5089246E-02  0.1025116E-01
 0.2400000E+02  0.2381722E-03  0.4923218E-02  0.5089771E-02  0.1025116E-01
 0.2410000E+02  0.2399426E-03  0.4920925E-02  0.5090294E-02  0.1025116E-01
 0.2420000E+02  0.2417174E-03  0.4918628E-02  0.5090816E-02  0.1025116E-01
 0.2430000E+02  0.2434964E-03  0.4916329E-02  0.5091336E-02  0.1025116E-01
 0.2440000E+02  0.2452797E-03  0.4914027E-02  0.5091855E-02  0.1025116E-01
 0.2450000E+02  0.2470673E-03  0.4911722E-02  0.5092372E-02  0.1025116E-01
 0.2460000E+02  0.2488591E-03  0.4909415E-02  0.5092887E-02  0.1025116E-01
 0.2470000E+02  0.2506551E-03  0.4907105E-02  0.5093401E-02  0.1025116E-01
 0.2480000E+02  0.2524554E-03  0.4904793E-02  0.5093913E-02  0.1025116E-01
 0.2490000E+02  0.2542597E-03  0.4902478E-02  0.5094424E-02  0.1025116E-01
 0.2500000E+02  0.2560683E-03  0.4900161E-02  0.5094932E-02  0.1025116E-01
 0.2510000E+02  0.2578809E-03  0.4897842E-02  0.5095439E-02  0.1025116E-01
 0.2520000E+02  0.2596977E-03  0.4895520E-02  0.5095944E-02  0.1025116E-01
 0.2530000E+02  0.2615185E-03  0.4893196E-02  0.5096447E-02  0.1025116E-01
 0.2540000E+02  0.2633433E-03  0.4890871E-02  0.5096947E-02  0.1025116E-01
 0.2550000E+02  0.2651722E-03  0.4888543E-02  0.5097446E-02  0.1025116E-01
 0.2560000E+02  0.2670051E-03  0.4886213E-02  0.5097943E-02  0.1025116E-01
 0.2570000E+02  0.2688420E-03  0.4883881E-02  0.5098438E-02  0.1025116E-01
 0.2580000E+02  0.2706828E-03  0.4881548E-02  0.5098931E-02  0.1025116E-01
 0.2590000E+02  0.2725276E-03  0.4879212E-02  0.5099421E-02  0.1025116E-01
 0.2600000E+02  0.2743763E-03  0.4876875E-02  0.5099910E-02  0.1025116E-01
 0.2610000E+02  0.2762288E-03  0.4874537E-02  0.5100396E-02  0.1025116E-01
 0.2620000E+02  0.2780853E-03  0.4872197E-02  0.5100879E-02  0.1025116E-01
 0.2630000E+02  0.2799456E-03  0.4869855E-02  0.5101361E-02  0.1025116E-01
 0.2640000E+02  0.2818097E-03  0.4867512E-02  0.5101840E-02  0.1025116E-01
 0.2650000E+02  0.2836776E-03  0.4865168E-02  0.5102316E-02  0.1025116E-01
 0.2660000E+02  0.2855493E-03  0.4862822E-02  0.5102790E-02  0.1025116E-01
 0.2670000E+02  0.2874247E-03  0.4860475E-02  0.5103262E-02  0.1025116E-01
 0.2680000E+02  0.2893039E-03  0.4858127E-02  0.5103731E-02  0.1025116E-01
 0.2690000E+02  0.2911868E-03  0.4855777E-02  0.5104197E-02  0.1025116E-01
 0.2700000E+02  0.2930734E-03  0.4853427E-02  0.5104661E-02  0.1025116E-01
 0.2710000E+02  0.2949636E-03  0.4851076E-02  0.5105122E-02  0.1025116E-01
 0.2720000E+02  0.2968575E-03  0.4848724E-02  0.5105580E-02  0.1025116E-01
 0.2730000E+02  0.2987551E-03  0.4846371E-02  0.5106036E-02  0.1025116E-01
 0.2740000E+02  0.3006562E-03  0.4844017E-02  0.5106488E-02  0.1025116E-01
 0.2750000E+02  0.3025610E-03  0.4841662E-02  0.5106938E-02  0.1025116E-01
 0.2760000E+02  0.3044693E-03  0.4839307E-02  0.5107385E-02  0.1025116E-01
 0.2770000E+02  0.3063812E-03  0.4836951E-02  0.5107829E-02  0.1025116E-01
 0.2780000E+02  0.3082966E-03  0.4834595E-02  0.5108270E-02  0.1025116E-01
 0.2790000E+02  0.3102155E-03  0.4832238E-02  0.5108708E-02  0.1025116E-01
 0.2800000E+02  0.3121379E-03  0.4829881E-02  0.5109143E-02  0.1025116E-01
 0.2810000E+02  0.3140637E-03  0.4827523E-02  0.5109575E-02  0.1025116E-01
 0.2820000E+02  0.3159930E-03  0.4825165E-02  0.5110003E-02  0.1025116E-01
 0.2830000E+02  0.3179258E-03  0.4822807E-02  0.5110428E-02  0.1025116E-01
 0.2840000E+02  0.3198619E-03  0.4820449E-02  0.5110850E-02  0.1025116E-01
 0.2850000E+02  0.3218015E-03  0.4818091E-02  0.5111269E-02  0.1025116E-01
 0.2860000E+02  0.3237444E-03  0.4815732E-02  0.5111685E-02  0.1025116E-01
 0.2870000E+02  0.3256907E-03  0.4813374E-02  0.5112097E-02  0.1025116E-01
 0.2880000E+02  0.3276403E-03  0.4811016E-02  0.5112505E-02  0.1025116E-01
 0.2890000E+02  0.3295932E-03  0.4808658E-02  0.5112910E-02  0.1025116E-01
 0.2900000E+02  0.3315494E-03  0.4806300E-02  0.5113312E-02  0.1025116E-01
 0.2910000E+02  0.3335090E-03  0.4803943E-02  0.5113710E-02  0.1025116E-01
 0.2920000E+02  0.3354717E-03  0.4801586E-02  0.5114104E-02  0.1025116E-01
 0.2930000E+02  0.3374377E-03  0.4799229E-02  0.5114495E-02  0.1025116E-01
 0.2940000E+02  0.3394070E-03  0.4796873E-02  0.5114882E-02  0.1025116E-01
 0.2950000E+02  0.3413794E-03  0.4794517E-02  0.5115265E-02  0.1025116E-01
 0.2960000E+02  0.3433550E-03  0.4792162E-02  0.5115645E-02  0.1025116E-01
 0.2970000E+02  0.3453338E-03  0.4789807E-02  0.5116020E-02  0.1025116E-01
 0.2980000E+02  0.3473158E-03  0.4787454E-02  0.5116392E-02  0.1025116E-01
 0.2990000E+02  0.3493009E-03  0.4785101E-02  0.5116760E-02  0.1025116E-01
 0.3000000E+02  0.3512891E-03  0.4782749E-02  0.5117124E-02  0.1025116E-01
 0.3010000E+02  0.3532804E-03  0.4780397E-02  0.5117483E-02  0.1025116E-01
 0.3020000E+02  0.3552748E-03  0.4778047E-02  0.5117839E-02  0.1025116E-01
 0.3030000E+02  0.3572723E-03  0.4775698E-02  0.5118191E-02  0.1025116E-01
 0.3040000E+02  0.3592728E-03  0.4773350E-02  0.5118538E-02  0.1025116E-01
 0.3050000E+02  0.3612764E-03  0.4771003E-02  0.5118882E-02  0.1025116E-01
 0.3060000E+02  0.3632830E-03  0.4768657E-02  0.5119221E-02  0.1025116E-01
 0.3070000E+02  0.3652926E-03  0.4766313E-02  0.5119556E-02  0.1025116E-01
 0.3080000E+02  0.3673052E-03  0.4763970E-02  0.5119886E-02  0.1025116E-01
 0.3090000E+02  0.3693207E-03  0.4761628E-02  0.5120212E-02  0.1025116E-01
 0.3100000E+02  0.3713392E-03  0.4759288E-02  0.5120534E-02  0.1025116E-01
 0.3110000E+02  0.3733607E-03  0.4756949E-02  0.5120852E-02  0.1025116E-01
 0.3120000E+02  0.3753851E-03  0.4754612E-02  0.5121164E-02  0.1025116E-01
 0.3130000E+02  0.3774123E-03  0.4752276E-02  0.5121473E-02  0.1025116E-01
 0.3140000E+02  0.3794425E-03  0.4749943E-02  0.5121776E-02  0.1025116E-01
 0.3150000E+02  0.3814756E-03  0.4747610E-02  0.5122075E-02  0.1025116E-01
 0.3160000E+02  0.3835115E-03  0.4745280E-02  0.5122370E-02  0.1025116E-01
 0.3170000E+02  0.3855503E-03  0.4742952E-02  0.5122659E-02  0.1025116E-01
 0.3180000E+02  0.3875919E-03  0.4740625E-02  0.5122944E-02  0.1025116E-01
 0.3190000E+02  0.3896363E-03  0.4738301E-02  0.5123224E-02  0.1025116E-01
 0.3200000E+02  0.3916836E-03  0.4735978E-02  0.5123499E-02  0.1025116E-01
 0.3210000E+02  0.3937336E-03  0.4733658E-02  0.5123770E-02  0.1025116E-01
 0.3220000E+02  0.3957864E-03  0.4731340E-02  0.5124035E-02  0.1025116E-01
 0.3230000E+02  0.3978420E-03  0.4729024E-02  0.5124296E-02  0.1025116E-01
 0.3240000E+02  0.3999003E-03  0.4726710E-02  0.5124551E-02  0.1025116E-01
 0.3250000E+02  0.4019614E-03  0.4724399E-02  0.5124801E-02  0.1025116E-01
 0.3260000E+02  0.4040252E-03  0.4722090E-02  0.5125046E-02  0.1025116E-01
 0.3270000E+02  0.4060917E-03  0.4719783E-02  0.5125286E-02  0.1025116E-01
 0.3280000E+02  0.4081609E-03  0.4717479E-02  0.5125521E-02  0.1025116E-01
 0.3290000E+02  0.4102327E-03  0.4715178E-02  0.5125751E-02  0.1025116E-01
 0.3300000E+02  0.4123073E-03  0.4712879E-02  0.5125975E-02  0.1025116E-01
 0.3310000E+02  0.4143845E-03  0.4710583E-02  0.5126194E-02  0.1025116E-01
 0.3320000E+02  0.4164643E-03  0.4708289E-02  0.5126408E-02  0.1025116E-01
 0.3330000E+02  0.4185468E-03  0.4705999E-02  0.5126616E-02  0.1025116E-01
 0.3340000E+02  0.4206319E-03  0.4703711E-02  0.5126819E-02  0.1025116E-01
 0.3350000E+02  0.4227196E-03  0.4701426E-02  0.5127016E-02  0.1025116E-01
 0.3360000E+02  0.4248099E-03  0.4699144E-02  0.5127207E-02  0.1025116E-01
 0.3370000E+02  0.4269028E-03  0.4696865E-02  0.5127394E-02  0.1025116E-01
 0.3380000E+02  0.4289983E-03  0.4694589E-02  0.5127574E-02  0.1025116E-01
 0.3390000E+02  0.4310963E-03  0.4692316E-02  0.5127749E-02  0.1025116E-01
 0.3400000E+02  0.4331968E-03  0.4690047E-02  0.5127918E-02  0.1025116E-01
 0.3410000E+02  0.4352999E-03  0.4687780E-02  0.5128081E-02  0.1025116E-01
 0.3420000E+02  0.4374055E-03  0.4685517E-02  0.5128238E-02  0.1025116E-01
 0.3430000E+02  0.4395137E-03  0.4683258E-02  0.5128390E-02  0.1025116E-01
 0.3440000E+02  0.4416243E-03  0.4681001E-02  0.5128536E-02  0.1025116E-01
 0.3450000E+02  0.4437374E-03  0.4678748E-02  0.5128676E-02  0.1025116E-01
 0.3460000E+02  0.4458530E-03  0.4676499E-02  0.5128809E-02  0.1025116E-01
 0.3470000E+02  0.4479711E-03  0.4674253E-02  0.5128937E-02  0.1025116E-01
 0.3480000E+02  0.4500916E-03  0.4672011E-02  0.5129059E-02  0.1025116E-01
 0.3490000E+02  0.4522146E-03  0.4669772E-02  0.5129174E-02  0.1025116E-01
 0.3500000E+02  0.4543400E-03  0.4667537E-02  0.5129284E-02  0.1025116E-01
 0.3510000E+02  0.4564678E-03  0.4665306E-02  0.5129387E-02  0.1025116E-01
 0.3520000E+02  0.4585981E-03  0.4663079E-02  0.5129484E-02  0.1025116E-01
 0.3530000E+02  0.4607307E-03  0.4660856E-02  0.5129575E-02  0.1025116E-01
 0.3540000E+02  0.4628657E-03  0.4658636E-02  0.5129659E-02  0.1025116E-01
 0.3550000E+02  0.4650032E-03  0.4656421E-02  0.5129737E-02  0.1025116E-01
 0.3560000E+02  0.4671430E-03  0.4654209E-02  0.5129809E-02  0.1025116E-01
 0.3570000E+02  0.4692851E-03  0.4652002E-02  0.5129874E-02  0.1025116E-01
 0.3580000E+02  0.4714297E-03  0.4649798E-02  0.5129933E-02  0.1025116E-01
 0.3590000E+02  0.4735765E-03  0.4647599E-02  0.5129985E-02  0.1025116E-01
 0.3600000E+02  0.4757257E-03  0.4645405E-02  0.5130031E-02  0.1025116E-01
 0.3610000E+02  0.4778773E-03  0.4643214E-02  0.5130070E-02  0.1025116E-01
 0.3620000E+02  0.4800311E-03  0.4641028E-02  0.5130103E-02  0.1025116E-01
 0.3630000E+02  0.4821873E-03  0.4638846E-02  0.5130128E-02  0.1025116E-01
 0.3640000E+02  0.4843457E-03  0.4636668E-02  0.5130147E-02  0.1025116E-01
 0.3650000E+02  0.4865065E-03  0.4634495E-02  0.5130160E-02  0.1025116E-01
 0.3660000E+02  0.4886695E-03  0.4632327E-02  0.5130165E-02  0.1025116E-01
 0.3670000E+02  0.4908348E-03  0.4630163E-02  0.5130164E-02  0.1025116E-01
 0.3680000E+02  0.4930023E-03  0.4628004E-02  0.5130155E-02  0.1025116E-01
 0.3690000E+02  0.4951722E-03  0.4625849E-02  0.5130140E-02  0.1025116E-01
 0.3700000E+02  0.4973442E-03  0.4623699E-02  0.5130118E-02  0.1025116E-01
 0.3710000E+02  0.4995185E-03  0.4621554E-02  0.5130088E-02  0.1025116E-01
 0.3720000E+02  0.5016951E-03  0.4619414E-02  0.5130052E-02  0.1025116E-01
 0.3730000E+02  0.5038738E-03  0.4617279E-02  0.5130009E-02  0.1025116E-01
 0.3740000E+02  0.5060548E-03  0.4615148E-02  0.5129958E-02  0.1025116E-01
 0.3750000E+02  0.5082380E-03  0.4613023E-02  0.5129901E-02  0.1025116E-01
 0.3760000E+02  0.5104233E-03  0.4610902E-02  0.5129836E-02  0.1025116E-01
 0.3770000E+02  0.5126109E-03  0.4608787E-02  0.5129763E-02  0.1025116E-01
 0.3780000E+02  0.5148006E-03  0.4606677E-02  0.5129684E-02  0.1025116E-01
 0.3790000E+02  0.5169926E-03  0.4604572E-02  0.5129597E-02  0.1025116E-01
 0.3800000E+02  0.5191866E-03  0.4602472E-02  0.5129503E-02  0.1025116E-01
 0.3810000E+02  0.5213829E-03  0.4600377E-02  0.5129402E-02  0.1025116E-01
 0.3820000E+02  0.5235813E-03  0.4598288E-02  0.5129293E-02  0.1025116E-01
 0.3830000E+02  0.5257819E-03  0.4596203E-02  0.5129176E-02  0.1025116E-01
 0.3840000E+02  0.5279845E-03  0.4594125E-02  0.5129052E-02  0.1025116E-01
 0.3850000E+02  0.5301894E-03  0.4592052E-02  0.5128920E-02  0.1025116E-01
 0.3860000E+02  0.5323963E-03  0.4589984E-02  0.5128781E-02  0.1025116E-01
 0.3870000E+02  0.5346054E-03  0.4587921E-02  0.5128634E-02  0.1025116E-01
 0.3880000E+02  0.5368165E-03  0.4585865E-02  0.5128480E-02  0.1025116E-01
 0.3890000E+02  0.5390298E-03  0.4583814E-02  0.5128318E-02  0.1025116E-01
 0.3900000E+02  0.5412452E-03  0.4581768E-02  0.5128148E-02  0.1025116E-01
 0.3910000E+02  0.5434626E-03  0.4579729E-02  0.5127970E-02  0.1025116E-01
 0.3920000E+02  0.5456822E-03  0.4577695E-02  0.5127785E-02  0.1025116E-01
 0.3930000E+02  0.5479038E-03  0.4575666E-02  0.5127591E-02  0.1025116E-01
 0.3940000E+02  0.5501275E-03  0.4573644E-02  0.5127390E-02  0.1025116E-01
 0.3950000E+02  0.5523533E-03  0.4571627E-02  0.5127181E-02  0.1025116E-01
 0.3960000E+02  0.5545811E-03  0.4569617E-02  0.5126963E-02  0.1025116E-01
 0.3970000E+02  0.5568109E-03  0.4567612E-02  0.5126738E-02  0.1025116E-01
 0.3980000E+02  0.5590429E-03  0.4565614E-02  0.5126505E-02  0.1025116E-01
 0.3990000E+02  0.5612768E-03  0.4563621E-02  0.5126264E-02  0.1025116E-01
 0.4000000E+02  0.5635128E-03  0.4561634E-02  0.5126014E-02  0.1025116E-01
 0.4010000E+02  0.5657508E-03  0.4559654E-02  0.5125756E-02  0.1025116E-01
 0.4020000E+02  0.5679909E-03  0.4557680E-02  0.5125491E-02  0.1025116E-01
 0.4030000E+02  0.5702329E-03  0.4555712E-02  0.5125217E-02  0.1025116E-01
 0.4040000E+02  0.5724770E-03  0.4553750E-02  0.5124934E-02  0.1025116E-01
 0.4050000E+02  0.5747230E-03  0.4551795E-02  0.5124644E-02  0.1025116E-01
 0.4060000E+02  0.5769711E-03  0.4549845E-02  0.5124345E-02  0.1025116E-01
 0.4070000E+02  0.5792212E-03  0.4547903E-02  0.5124038E-02  0.1025116E-01
 0.4080000E+02  0.5814732E-03  0.4545966E-02  0.5123722E-02  0.1025116E-01
 0.4090000E+02  0.5837272E-03  0.4544036E-02  0.5123398E-02  0.1025116E-01
 0.4100000E+02  0.5859832E-03  0.4542113E-02  0.5123065E-02  0.1025116E-01
 0.4110000E+02  0.5882412E-03  0.4540196E-02  0.5122724E-02  0.1025116E-01
 0.4120000E+02  0.5905012E-03  0.4538286E-02  0.5122375E-02  0.1025116E-01
 0.4130000E+02  0.5927631E-03  0.4536382E-02  0.5122017E-02  0.1025116E-01
 0.4140000E+02  0.5950269E-03  0.4534485E-02  0.5121650E-02  0.1025116E-01
 0.4150000E+02  0.5972927E-03  0.4532594E-02  0.5121274E-02  0.1025116E-01
 0.4160000E+02  0.5995605E-03  0.4530711E-02  0.5120890E-02  0.1025116E-01
 0.4170000E+02  0.6018301E-03  0.4528834E-02  0.5120498E-02  0.1025116E-01
 0.4180000E+02  0.6041018E-03  0.4526963E-02  0.5120096E-02  0.1025116E-01
 0.4190000E+02  0.6063753E-03  0.4525100E-02  0.5119686E-02  0.1025116E-01
 0.4200000E+02  0.6086508E-03  0.4523244E-02  0.5119267E-02  0.1025116E-01
 0.4210000E+02  0.6109282E-03  0.4521394E-02  0.5118839E-02  0.1025116E-01
 0.4220000E+02  0.6132075E-03  0.4519551E-02  0.5118402E-02  0.1025116E-01
 0.4230000E+02  0.6154887E-03  0.4517716E-02  0.5117957E-02  0.1025116E-01
 0.4240000E+02  0.6177718E-03  0.4515887E-02  0.5117502E-02  0.1025116E-01
 0.4250000E+02  0.6200568E-03  0.4514066E-02  0.5117039E-02  0.1025116E-01
 0.4260000E+02  0.6223437E-03  0.4512251E-02  0.5116566E-02  0.1025116E-01
 0.4270000E+02  0.6246325E-03  0.4510444E-02  0.5116085E-02  0.1025116E-01
 0.4280000E+02  0.6269232E-03  0.4508644E-02  0.5115595E-02  0.1025116E-01
 0.4290000E+02  0.6292158E-03  0.4506851E-02  0.5115095E-02  0.1025116E-01
 0.4300000E+02  0.6315102E-03  0.4505065E-02  0.5114586E-02  0.1025116E-01
 0.4310000E+02  0.6338065E-03  0.4503286E-02  0.5114069E-02  0.1025116E-01
 0.4320000E+02  0.6361047E-03  0.4501515E-02  0.5113542E-02  0.1025116E-01
 0.4330000E+02  0.6384047E-03  0.4499751E-02  0.5113006E-02  0.1025116E-01
 0.4340000E+02  0.6407066E-03  0.4497995E-02  0.5112460E-02  0.1025116E-01
 0.4350000E+02  0.6430104E-03  0.4496245E-02  0.5111906E-02  0.1025116E-01
 0.4360000E+02  0.6453160E-03  0.4494504E-02  0.5111342E-02  0.1025116E-01
 0.4370000E+02  0.6476234E-03  0.4492769E-02  0.5110769E-02  0.1025116E-01
 0.4380000E+02  0.6499326E-03  0.4491043E-02  0.5110186E-02  0.1025116E-01
 0.4390000E+02  0.6522437E-03  0.4489323E-02  0.5109594E-02  0.1025116E-01
 0.4400000E+02  0.6545567E-03  0.4487612E-02  0.5108993E-02  0.1025116E-01
 0.4410000E+02  0.6568714E-03  0.4485908E-02  0.5108382E-02  0.1025116E-01
 0.4420000E+02  0.6591880E-03  0.4484211E-02  0.5107762E-02  0.1025116E-01
 0.4430000E+02  0.6615063E-03  0.4482522E-02  0.5107133E-02  0.1025116E-01
 0.4440000E+02  0.6638265E-03  0.4480841E-02  0.5106494E-02  0.1025116E-01
 0.4450000E+02  0.6661485E-03  0.4479168E-02  0.5105845E-02  0.1025116E-01
 0.4460000E+02  0.6684723E-03  0.4477502E-02  0.5105187E-02  0.1025116E-01
 0.4470000E+02  0.6707979E-03  0.4475844E-02  0.5104519E-02  0.1025116E-01
 0.4480000E+02  0.6731252E-03  0.4474194E-02  0.5103842E-02  0.1025116E-01
 0.4490000E+02  0.6754544E-03  0.4472552E-02  0.5103155E-02  0.1025116E-01
 0.4500000E+02  0.6777853E-03  0.4470918E-02  0.5102458E-02  0.1025116E-01
 0.4510000E+02  0.6801181E-03  0.4469291E-02  0.5101752E-02  0.1025116E-01
 0.4520000E+02  0.6824525E-03  0.4467673E-02  0.5101036E-02  0.1025116E-01
 0.4530000E+02  0.6847888E-03  0.4466062E-02  0.5100310E-02  0.1025116E-01
 0.4540000E+02  0.6871268E-03  0.4464459E-02  0.5099575E-02  0.1025116E-01
 0.4550000E+02  0.6894666E-03  0.4462865E-02  0.5098830E-02  0.1025116E-01
 0.4560000E+02  0.6918081E-03  0.4461278E-02  0.5098075E-02  0.1025116E-01
 0.4570000E+02  0.6941514E-03  0.4459700E-02  0.5097310E-02  0.1025116E-01
 0.4580000E+02  0.6964964E-03  0.4458129E-02  0.5096535E-02  0.1025116E-01
 0.4590000E+02  0.6988431E-03  0.4456567E-02  0.5095751E-02  0.1025116E-01
 0.4600000E+02  0.7011916E-03  0.4455013E-02  0.5094957E-02  0.1025116E-01
 0.4610000E+02  0.7035418E-03  0.4453467E-02  0.5094152E-02  0.1025116E-01
 0.4620000E+02  0.7058938E-03  0.4451929E-02  0.5093338E-02  0.1025116E-01
 0.4630000E+02  0.7082474E-03  0.4450400E-02  0.5092514E-02  0.1025116E-01
 0.4640000E+02  0.7106028E-03  0.4448879E-02  0.5091680E-02  0.1025116E-01
 0.4650000E+02  0.7129599E-03  0.4447366E-02  0.5090836E-02  0.1025116E-01
 0.4660000E+02  0.7153187E-03  0.4445861E-02  0.5089981E-02  0.1025116E-01
 0.4670000E+02  0.7176791E-03  0.4444365E-02  0.5089117E-02  0.1025116E-01
 0.4680000E+02  0.7200413E-03  0.4442877E-02  0.5088243E-02  0.1025116E-01
 0.4690000E+02  0.7224052E-03  0.4441397E-02  0.5087359E-02  0.1025116E-01
 0.4700000E+02  0.7247707E-03  0.4439926E-02  0.5086464E-02  0.1025116E-01
 0.4710000E+02  0.7271380E-03  0.4438464E-02  0.5085560E-02  0.1025116E-01
 0.4720000E+02  0.7295069E-03  0.4437009E-02  0.5084645E-02  0.1025116E-01
 0.4730000E+02  0.7318775E-03  0.4435564E-02  0.5083720E-02  0.1025116E-01
 0.4740000E+02  0.7342497E-03  0.4434126E-02  0.5082785E-02  0.1025116E-01
 0.4750000E+02  0.7366236E-03  0.4432698E-02  0.5081840E-02  0.1025116E-01
 0.4760000E+02  0.7389992E-03  0.4431277E-02  0.5080885E-02  0.1025116E-01
 0.4770000E+02  0.7413764E-03  0.4429866E-02  0.5079919E-02  0.1025116E-01
 0.4780000E+02  0.7437552E-03  0.4428463E-02  0.5078943E-02  0.1025116E-01
 0.4790000E+02  0.7461357E-03  0.4427069E-02  0.5077957E-02  0.1025116E-01
 0.4800000E+02  0.7485178E-03  0.4425683E-02  0.5076961E-02  0.1025116E-01
 0.4810000E+02  0.7509015E-03  0.4424306E-02  0.5075954E-02  0.1025116E-01
 0.4820000E+02  0.7532869E-03  0.4422937E-02  0.5074937E-02  0.1025116E-01
 0.4830000E+02  0.7556739E-03  0.4421578E-02  0.5073910E-02  0.1025116E-01
 0.4840000E+02  0.7580624E-03  0.4420227E-02  0.5072872E-02  0.1025116E-01
 0.4850000E+02  0.7604526E-03  0.4418885E-02  0.5071824E-02  0.1025116E-01
 0.4860000E+02  0.7628444E-03  0.4417551E-02  0.5070765E-02  0.1025116E-01
 0.4870000E+02  0.7652378E-03  0.4416227E-02  0.5069697E-02  0.1025116E-01
 0.4880000E+02  0.7676328E-03  0.4414911E-02  0.5068617E-02  0.1025116E-01
 0.4890000E+02  0.7700293E-03  0.4413604E-02  0.5067528E-02  0.1025116E-01
 0.4900000E+02  0.7724275E-03  0.4412306E-02  0.5066428E-02  0.1025116E-01
 0.4910000E+02  0.7748272E-03  0.4411017E-02  0.5065317E-02  0.1025116E-01
 0.4920000E+02  0.7772284E-03  0.4409737E-02  0.5064196E-02  0.1025116E-01
 0.4930000E+02  0.7796312E-03  0.4408465E-02  0.5063065E-02  0.1025116E-01
 0.4940000E+02  0.7820356E-03  0.4407203E-02  0.5061923E-02  0.1025116E-01
 0.4950000E+02  0.7844415E-03  0.4405950E-02  0.5060770E-02  0.1025116E-01
 0.4960000E+02  0.7868490E-03  0.4404705E-02  0.5059607E-02  0.1025116E-01
 0.4970000E+02  0.7892580E-03  0.4403470E-02  0.5058434E-02  0.1025116E-01
 0.4980000E+02  0.7916685E-03  0.4402243E-02  0.5057250E-02  0.1025116E-01
 0.4990000E+02  0.7940805E-03  0.4401026E-02  0.5056055E-02  0.1025116E-01
 0.5000000E+02  0.7964941E-03  0.4399817E-02  0.5054850E-02  0.1025116E-01
 0.5010000E+02  0.7989091E-03  0.4398618E-02  0.5053634E-02  0.1025116E-01
 0.5020000E+02  0.8013257E-03  0.4397428E-02  0.5052408E-02  0.1025116E-01
 0.5030000E+02  0.8037437E-03  0.4396246E-02  0.5051171E-02  0.1025116E-01
 0.5040000E+02  0.8061633E-03  0.4395074E-02  0.5049924E-02  0.1025116E-01
 0.5050000E+02  0.8085843E-03  0.4393912E-02  0.5048666E-02  0.1025116E-01
 0.5060000E+02  0.8110068E-03  0.4392758E-02  0.5047397E-02  0.1025116E-01
 0.5070000E+02  0.8134307E-03  0.4391613E-02  0.5046117E-02  0.1025116E-01
 0.5080000E+02  0.8158561E-03  0.4390478E-02  0.5044827E-02  0.1025116E-01
 0.5090000E+02  0.8182830E-03  0.4389352E-02  0.5043527E-02  0.1025116E-01
 0.5100000E+02  0.8207113E-03  0.4388235E-02  0.5042215E-02  0.1025116E-01
 0.5110000E+02  0.8231411E-03  0.4387127E-02  0.5040894E-02  0.1025116E-01
 0.5120000E+02  0.8255723E-03  0.4386028E-02  0.5039561E-02  0.1025116E-01
 0.5130000E+02  0.8280049E-03  0.4384939E-02  0.5038218E-02  0.1025116E-01
 0.5140000E+02  0.8304389E-03  0.4383859E-02  0.5036864E-02  0.1025116E-01
 0.5150000E+02  0.8328743E-03  0.4382788E-02  0.5035499E-02  0.1025116E-01
 0.5160000E+02  0.8353112E-03  0.4381727E-02  0.5034123E-02  0.1025116E-01
 0.5170000E+02  0.8377494E-03  0.4380675E-02  0.5032737E-02  0.1025116E-01
 0.5180000E+02  0.8401890E-03  0.4379632E-02  0.5031340E-02  0.1025116E-01
 0.5190000E+02  0.8426300E-03  0.4378598E-02  0.5029933E-02  0.1025116E-01
 0.5200000E+02  0.8450724E-03  0.4377574E-02  0.5028515E-02  0.1025116E-01
 0.5210000E+02  0.8475161E-03  0.4376560E-02  0.5027086E-02  0.1025116E-01
 0.5220000E+02  0.8499612E-03  0.4375554E-02  0.5025646E-02  0.1025116E-01
 0.5230000E+02  0.8524076E-03  0.4374558E-02  0.5024195E-02  0.1025116E-01
 0.5240000E+02  0.8548554E-03  0.4373572E-02  0.5022734E-02  0.1025116E-01
 0.5250000E+02  0.8573045E-03  0.4372595E-02  0.5021262E-02  0.1025116E-01
 0.5260000E+02  0.8597549E-03  0.4371627E-02  0.5019780E-02  0.1025116E-01
 0.5270000E+02  0.8622067E-03  0.4370669E-02  0.5018286E-02  0.1025116E-01
 0.5280000E+02  0.8646597E-03  0.4369720E-02  0.5016782E-02  0.1025116E-01
 0.5290000E+02  0.8671140E-03  0.4368780E-02  0.5015267E-02  0.1025116E-01
 0.5300000E+02  0.8695697E-03  0.4367850E-02  0.5013741E-02  0.1025116E-01
 0.5310000E+02  0.8720266E-03  0.4366930E-02  0.5012205E-02  0.1025116E-01
 0.5320000E+02  0.8744848E-03  0.4366019E-02  0.5010657E-02  0.1025116E-01
 0.5330000E+02  0.8769442E-03  0.4365118E-02  0.5009099E-02  0.1025116E-01
 0.5340000E+02  0.8794049E-03  0.4364226E-02  0.5007531E-02  0.1025116E-01
 0.5350000E+02  0.8818668E-03  0.4363343E-02  0.5005951E-02  0.1025116E-01
 0.5360000E+02  0.8843300E-03  0.4362471E-02  0.5004361E-02  0.1025116E-01
 0.5370000E+02  0.8867944E-03  0.4361607E-02  0.5002760E-02  0.1025116E-01
 0.5380000E+02  0.8892600E-03  0.4360753E-02  0.5001148E-02  0.1025116E-01
 0.5390000E+02  0.8917268E-03  0.4359909E-02  0.4999525E-02  0.1025116E-01
 0.5400000E+02  0.8941948E-03  0.4359075E-02  0.4997892E-02  0.1025116E-01
 0.5410000E+02  0.8966640E-03  0.4358250E-02  0.4996248E-02  0.1025116E-01
 0.5420000E+02  0.8991343E-03  0.4357434E-02  0.4994593E-02  0.1025116E-01
 0.5430000E+02  0.9016059E-03  0.4356628E-02  0.4992927E-02  0.1025116E-01
 0.5440000E+02  0.9040786E-03  0.4355832E-02  0.4991251E-02  0.1025116E-01
 0.5450000E+02  0.9065524E-03  0.4355045E-02  0.4989564E-02  0.1025116E-01
 0.5460000E+02  0.9090274E-03  0.4354268E-02  0.4987866E-02  0.1025116E-01
 0.5470000E+02  0.9115035E-03  0.4353501E-02  0.4986157E-02  0.1025116E-01
 0.5480000E+02  0.9139807E-03  0.4352743E-02  0.4984437E-02  0.1025116E-01
 0.5490000E+02  0.9164591E-03  0.4351995E-02  0.4982707E-02  0.1025116E-01
 0.5500000E+02  0.9189385E-03  0.4351256E-02  0.4980966E-02  0.1025116E-01
 0.5510000E+02  0.9214190E-03  0.4350528E-02  0.4979215E-02  0.1025116E-01
 0.5520000E+02  0.9239006E-03  0.4349808E-02  0.4977452E-02  0.1025116E-01
 0.5530000E+02  0.9263833E-03  0.4349099E-02  0.4975679E-02  0.1025116E-01
 0.5540000E+02  0.9288670E-03  0.4348399E-02  0.4973895E-02  0.1025116E-01
 0.5550000E+02  0.9313517E-03  0.4347709E-02  0.4972101E-02  0.1025116E-01
 0.5560000E+02  0.9338375E-03  0.4347028E-02  0.4970295E-02  0.1025116E-01
 0.5570000E+02  0.9363243E-03  0.4346358E-02  0.4968479E-02  0.1025116E-01
 0.5580000E+02  0.9388122E-03  0.4345696E-02  0.4966653E-02  0.1025116E-01
 0.5590000E+02  0.9413010E-03  0.4345045E-02  0.4964815E-02  0.1025116E-01
 0.5600000E+02  0.9437908E-03  0.4344403E-02  0.4962967E-02  0.1025116E-01
 0.5610000E+02  0.9462816E-03  0.4343771E-02  0.4961109E-02  0.1025116E-01
 0.5620000E+02  0.9487733E-03  0.4343149E-02  0.4959239E-02  0.1025116E-01
 0.5630000E+02  0.9512660E-03  0.4342536E-02  0.4957359E-02  0.1025116E-01
 0.5640000E+02  0.9537596E-03  0.4341933E-02  0.4955468E-02  0.1025116E-01
 0.5650000E+02  0.9562542E-03  0.4341340E-02  0.4953567E-02  0.1025116E-01
 0.5660000E+02  0.9587497E-03  0.4340757E-02  0.4951655E-02  0.1025116E-01
 0.5670000E+02  0.9612461E-03  0.4340183E-02  0.4949732E-02  0.1025116E-01
 0.5680000E+02  0.9637434E-03  0.4339619E-02  0.4947799E-02  0.1025116E-01
 0.5690000E+02  0.9662415E-03  0.4339065E-02  0.4945855E-02  0.1025116E-01
 0.5700000E+02  0.9687406E-03  0.4338520E-02  0.4943901E-02  0.1025116E-01
 0.5710000E+02  0.9712405E-03  0.4337985E-02  0.4941936E-02  0.1025116E-01
 0.5720000E+02  0.9737412E-03  0.4337460E-02  0.4939960E-02  0.1025116E-01
 0.5730000E+02  0.9762428E-03  0.4336945E-02  0.4937974E-02  0.1025116E-01
 0.5740000E+02  0.9787452E-03  0.4336439E-02  0.4935977E-02  0.1025116E-01
 0.5750000E+02  0.9812484E-03  0.4335944E-02  0.4933969E-02  0.1025116E-01
 0.5760000E+02  0.9837524E-03  0.4335457E-02  0.4931952E-02  0.1025116E-01
 0.5770000E+02  0.9862572E-03  0.4334981E-02  0.4929923E-02  0.1025116E-01
 0.5780000E+02  0.9887627E-03  0.4334514E-02  0.4927884E-02  0.1025116E-01
 0.5790000E+02  0.9912690E-03  0.4334058E-02  0.4925835E-02  0.1025116E-01
 0.5800000E+02  0.9937761E-03  0.4333610E-02  0.4923775E-02  0.1025116E-01
 0.5810000E+02  0.9962838E-03  0.4333173E-02  0.4921704E-02  0.1025116E-01
 0.5820000E+02  0.9987923E-03  0.4332745E-02  0.4919624E-02  0.1025116E-01
 0.5830000E+02  0.1001301E-02  0.4332328E-02  0.4917532E-02  0.1025116E-01
 0.5840000E+02  0.1003811E-02  0.4331919E-02  0.4915430E-02  0.1025116E-01
 0.5850000E+02  0.1006322E-02  0.4331521E-02  0.4913318E-02  0.1025116E-01
 0.5860000E+02  0.1008833E-02  0.4331132E-02  0.4911196E-02  0.1025116E-01
 0.5870000E+02  0.1011345E-02  0.4330754E-02  0.4909063E-02  0.1025116E-01
 0.5880000E+02  0.1013858E-02  0.4330384E-02  0.4906919E-02  0.1025116E-01
 0.5890000E+02  0.1016371E-02  0.4330025E-02  0.4904766E-02  0.1025116E-01
 0.5900000E+02  0.1018884E-02  0.4329675E-02  0.4902602E-02  0.1025116E-01
 0.5910000E+02  0.1021399E-02  0.4329336E-02  0.4900427E-02  0.1025116E-01
 0.5920000E+02  0.1023914E-02  0.4329005E-02  0.4898242E-02  0.1025116E-01
 0.5930000E+02  0.1026429E-02  0.4328685E-02  0.4896047E-02  0.1025116E-01
 0.5940000E+02  0.1028945E-02  0.4328374E-02  0.4893842E-02  0.1025116E-01
 0.5950000E+02  0.1031462E-02  0.4328073E-02  0.4891626E-02  0.1025116E-01
 0.5960000E+02  0.1033979E-02  0.4327782E-02  0.4889401E-02  0.1025116E-01
 0.5970000E+02  0.1036496E-02  0.4327501E-02  0.4887165E-02  0.1025116E-01
 0.5980000E+02  0.1039014E-02  0.4327229E-02  0.4884918E-02  0.1025116E-01
 0.5990000E+02  0.1041533E-02  0.4326967E-02  0.4882662E-02  0.1025116E-01
 0.6000000E+02  0.1044052E-02  0.4326714E-02  0.4880395E-02  0.1025116E-01
 0.6010000E+02  0.1046571E-02  0.4326472E-02  0.4878118E-02  0.1025116E-01
 0.6020000E+02  0.1049091E-02  0.4326239E-02  0.4875831E-02  0.1025116E-01
 0.6030000E+02  0.1051611E-02  0.4326016E-02  0.4873534E-02  0.1025116E-01
 0.6040000E+02  0.1054132E-02  0.4325802E-02  0.4871227E-02  0.1025116E-01
 0.6050000E+02  0.1056653E-02  0.4325599E-02  0.4868910E-02  0.1025116E-01
 0.6060000E+02  0.1059175E-02  0.4325404E-02  0.4866582E-02  0.1025116E-01
 0.6070000E+02  0.1061696E-02  0.4325220E-02  0.4864245E-02  0.1025116E-01
 0.6080000E+02  0.1064218E-02  0.4325045E-02  0.4861898E-02  0.1025116E-01
 0.6090000E+02  0.1066741E-02  0.4324880E-02  0.4859540E-02  0.1025116E-01
 0.6100000E+02  0.1069264E-02  0.4324725E-02  0.4857173E-02  0.1025116E-01
 0.6110000E+02  0.1071787E-02  0.4324579E-02  0.4854795E-02  0.1025116E-01
 0.6120000E+02  0.1074310E-02  0.4324443E-02  0.4852408E-02  0.1025116E-01
 0.6130000E+02  0.1076834E-02  0.4324317E-02  0.4850011E-02  0.1025116E-01
 0.6140000E+02  0.1079357E-02  0.4324200E-02  0.4847603E-02  0.1025116E-01
 0.6150000E+02  0.1081882E-02  0.4324093E-02  0.4845186E-02  0.1025116E-01
 0.6160000E+02  0.1084406E-02  0.4323996E-02  0.4842759E-02  0.1025116E-01
 0.6170000E+02  0.1086930E-02  0.4323908E-02  0.4840323E-02  0.1025116E-01
 0.6180000E+02  0.1089455E-02  0.4323830E-02  0.4837876E-02  0.1025116E-01
 0.6190000E+02  0.1091980E-02  0.4323762E-02  0.4835420E-02  0.1025116E-01
 0.6200000E+02  0.1094505E-02  0.4323703E-02  0.4832954E-02  0.1025116E-01
 0.6210000E+02  0.1097030E-02  0.4323654E-02  0.4830478E-02  0.1025116E-01
 0.6220000E+02  0.1099555E-02  0.4323614E-02  0.4827992E-02  0.1025116E-01
 0.6230000E+02  0.1102080E-02  0.4323584E-02  0.4825497E-02  0.1025116E-01
 0.6240000E+02  0.1104606E-02  0.4323564E-02  0.4822992E-02  0.1025116E-01
 0.6250000E+02  0.1107131E-02  0.4323553E-02  0.4820477E-02  0.1025116E-01
 0.6260000E+02  0.1109657E-02  0.4323552E-02  0.4817953E-02  0.1025116E-01
 0.6270000E+02  0.1112182E-02  0.4323560E-02  0.4815419E-02  0.1025116E-01
 0.6280000E+02  0.1114708E-02  0.4323578E-02  0.4812876E-02  0.1025116E-01
 0.6290000E+02  0.1117233E-02  0.4323605E-02  0.4810323E-02  0.1025116E-01
 0.6300000E+02  0.1119759E-02  0.4323642E-02  0.4807760E-02  0.1025116E-01
 0.6310000E+02  0.1122284E-02  0.4323689E-02  0.4805189E-02  0.1025116E-01
 0.6320000E+02  0.1124810E-02  0.4323745E-02  0.4802607E-02  0.1025116E-01
 0.6330000E+02  0.1127335E-02  0.4323810E-02  0.4800016E-02  0.1025116E-01
 0.6340000E+02  0.1129860E-02  0.4323885E-02  0.4797416E-02  0.1025116E-01
 0.6350000E+02  0.1132385E-02  0.4323970E-02  0.4794806E-02  0.1025116E-01
 0.6360000E+02  0.1134910E-02  0.4324064E-02  0.4792187E-02  0.1025116E-01
 0.6370000E+02  0.1137435E-02  0.4324168E-02  0.4789559E-02  0.1025116E-01
 0.6380000E+02  0.1139960E-02  0.4324281E-02  0.4786921E-02  0.1025116E-01
 0.6390000E+02  0.1142484E-02  0.4324403E-02  0.4784274E-02  0.1025116E-01
 0.6400000E+02  0.1145009E-02  0.4324535E-02  0.4781617E-02  0.1025116E-01
 0.6410000E+02  0.1147533E-02  0.4324677E-02  0.4778952E-02  0.1025116E-01
 0.6420000E+02  0.1150057E-02  0.4324828E-02  0.4776277E-02  0.1025116E-01
 0.6430000E+02  0.1152580E-02  0.4324988E-02  0.4773593E-02  0.1025116E-01
 0.6440000E+02  0.1155104E-02  0.4325158E-02  0.4770900E-02  0.1025116E-01
 0.6450000E+02  0.1157627E-02  0.4325337E-02  0.4768198E-02  0.1025116E-01
 0.6460000E+02  0.1160149E-02  0.4325525E-02  0.4765487E-02  0.1025116E-01
 0.6470000E+02  0.1162672E-02  0.4325723E-02  0.4762766E-02  0.1025116E-01
 0.6480000E+02  0.1165194E-02  0.4325930E-02  0.4760037E-02  0.1025116E-01
 0.6490000E+02  0.1167716E-02  0.4326147E-02  0.4757299E-02  0.1025116E-01
 0.6500000E+02  0.1170237E-02  0.4326373E-02  0.4754551E-02  0.1025116E-01
 0.6510000E+02  0.1172758E-02  0.4326608E-02  0.4751795E-02  0.1025116E-01
 0.6520000E+02  0.1175278E-02  0.4326853E-02  0.4749030E-02  0.1025116E-01
 0.6530000E+02  0.1177799E-02  0.4327107E-02  0.4746256E-02  0.1025116E-01
 0.6540000E+02  0.1180318E-02  0.4327370E-02  0.4743473E-02  0.1025116E-01
 0.6550000E+02  0.1182837E-02  0.4327643E-02  0.4740681E-02  0.1025116E-01
 0.6560000E+02  0.1185356E-02  0.4327925E-02  0.4737880E-02  0.1025116E-01
 0.6570000E+02  0.1187874E-02  0.4328216E-02  0.4735071E-02  0.1025116E-01
 0.6580000E+02  0.1190392E-02  0.4328517E-02  0.4732253E-02  0.1025116E-01
 0.6590000E+02  0.1192909E-02  0.4328826E-02  0.4729426E-02  0.1025116E-01
 0.6600000E+02  0.1195426E-02  0.4329145E-02  0.4726591E-02  0.1025116E-01
 0.6610000E+02  0.1197942E-02  0.4329473E-02  0.4723746E-02  0.1025116E-01
 0.6620000E+02  0.1200457E-02  0.4329811E-02  0.4720894E-02  0.1025116E-01
 0.6630000E+02  0.1202972E-02  0.4330157E-02  0.4718032E-02  0.1025116E-01
 0.6640000E+02  0.1205486E-02  0.4330513E-02  0.4715163E-02  0.1025116E-01
 0.6650000E+02  0.1207999E-02  0.4330878E-02  0.4712284E-02  0.1025116E-01
 0.6660000E+02  0.1210512E-02  0.4331252E-02  0.4709397E-02  0.1025116E-01
 0.6670000E+02  0.1213024E-02  0.4331635E-02  0.4706502E-02  0.1025116E-01
 0.6680000E+02  0.1215536E-02  0.4332027E-02  0.4703598E-02  0.1025116E-01
 0.6690000E+02  0.1218046E-02  0.4332429E-02  0.4700686E-02  0.1025116E-01
 0.6700000E+02  0.1220556E-02  0.4332839E-02  0.4697766E-02  0.1025116E-01
 0.6710000E+02  0.1223065E-02  0.4333259E-02  0.4694837E-02  0.1025116E-01
 0.6720000E+02  0.1225574E-02  0.4333688E-02  0.4691900E-02  0.1025116E-01
 0.6730000E+02  0.1228081E-02  0.4334125E-02  0.4688955E-02  0.1025116E-01
 0.6740000E+02  0.1230588E-02  0.4334572E-02  0.4686001E-02  0.1025116E-01
 0.6750000E+02  0.1233094E-02  0.4335028E-02  0.4683040E-02  0.1025116E-01
 0.6760000E+02  0.1235598E-02  0.4335493E-02  0.4680070E-02  0.1025116E-01
 0.6770000E+02  0.1238103E-02  0.4335967E-02  0.4677092E-02  0.1025116E-01
 0.6780000E+02  0.1240606E-02  0.4336450E-02  0.4674106E-02  0.1025116E-01
 0.6790000E+02  0.1243108E-02  0.4336942E-02  0.4671112E-02  0.1025116E-01
 0.6800000E+02  0.1245609E-02  0.4337442E-02  0.4668110E-02  0.1025116E-01
 0.6810000E+02  0.1248110E-02  0.4337952E-02  0.4665100E-02  0.1025116E-01
 0.6820000E+02  0.1250609E-02  0.4338471E-02  0.4662082E-02  0.1025116E-01
 0.6830000E+02  0.1253107E-02  0.4338998E-02  0.4659056E-02  0.1025116E-01
 0.6840000E+02  0.1255605E-02  0.4339535E-02  0.4656022E-02  0.1025116E-01
 0.6850000E+02  0.1258101E-02  0.4340080E-02  0.4652980E-02  0.1025116E-01
 0.6860000E+02  0.1260596E-02  0.4340634E-02  0.4649931E-02  0.1025116E-01
 0.6870000E+02  0.1263090E-02  0.4341197E-02  0.4646874E-02  0.1025116E-01
 0.6880000E+02  0.1265583E-02  0.4341769E-02  0.4643809E-02  0.1025116E-01
 0.6890000E+02  0.1268075E-02  0.4342350E-02  0.4640736E-02  0.1025116E-01
 0.6900000E+02  0.1270566E-02  0.4342940E-02  0.4637656E-02  0.1025116E-01
 0.6910000E+02  0.1273056E-02  0.4343538E-02  0.4634568E-02  0.1025116E-01
 0.6920000E+02  0.1275544E-02  0.4344145E-02  0.4631472E-02  0.1025116E-01
 0.6930000E+02  0.1278031E-02  0.4344761E-02  0.4628369E-02  0.1025116E-01
 0.6940000E+02  0.1280517E-02  0.4345385E-02  0.4625259E-02  0.1025116E-01
 0.6950000E+02  0.1283002E-02  0.4346019E-02  0.4622141E-02  0.1025116E-01
 0.6960000E+02  0.1285486E-02  0.4346661E-02  0.4619015E-02  0.1025116E-01
 0.6970000E+02  0.1287968E-02  0.4347312E-02  0.4615882E-02  0.1025116E-01
 0.6980000E+02  0.1290449E-02  0.4347971E-02  0.4612742E-02  0.1025116E-01
 0.6990000E+02  0.1292928E-02  0.4348639E-02  0.4609594E-02  0.1025116E-01
 0.7000000E+02  0.1295407E-02  0.4349316E-02  0.4606439E-02  0.1025116E-01
 0.7010000E+02  0.1297884E-02  0.4350001E-02  0.4603277E-02  0.1025116E-01
 0.7020000E+02  0.1300359E-02  0.4350695E-02  0.4600107E-02  0.1025116E-01
 0.7030000E+02  0.1302833E-02  0.4351397E-02  0.4596931E-02  0.1025116E-01
 0.7040000E+02  0.1305306E-02  0.4352108E-02  0.4593747E-02  0.1025116E-01
 0.7050000E+02  0.1307777E-02  0.4352828E-02  0.4590556E-02  0.1025116E-01
 0.7060000E+02  0.1310247E-02  0.4353556E-02  0.4587358E-02  0.1025116E-01
 0.7070000E+02  0.1312716E-02  0.4354292E-02  0.4584153E-02  0.1025116E-01
 0.7080000E+02  0.1315183E-02  0.4355038E-02  0.4580941E-02  0.1025116E-01
 0.7090000E+02  0.1317648E-02  0.4355791E-02  0.4577722E-02  0.1025116E-01
 0.7100000E+02  0.1320112E-02  0.4356553E-02  0.4574496E-02  0.1025116E-01
 0.7110000E+02  0.1322574E-02  0.4357324E-02  0.4571263E-02  0.1025116E-01
 0.7120000E+02  0.1325035E-02  0.4358102E-02  0.4568024E-02  0.1025116E-01
 0.7130000E+02  0.1327494E-02  0.4358890E-02  0.4564777E-02  0.1025116E-01
 0.7140000E+02  0.1329952E-02  0.4359685E-02  0.4561524E-02  0.1025116E-01
 0.7150000E+02  0.1332408E-02  0.4360489E-02  0.4558264E-02  0.1025116E-01
 0.7160000E+02  0.1334862E-02  0.4361302E-02  0.4554997E-02  0.1025116E-01
 0.7170000E+02  0.1337315E-02  0.4362123E-02  0.4551724E-02  0.1025116E-01
 0.7180000E+02  0.1339766E-02  0.4362952E-02  0.4548444E-02  0.1025116E-01
 0.7190000E+02  0.1342215E-02  0.4363789E-02  0.4545158E-02  0.1025116E-01
 0.7200000E+02  0.1344662E-02  0.4364635E-02  0.4541864E-02  0.1025116E-01
 0.7210000E+02  0.1347108E-02  0.4365488E-02  0.4538565E-02  0.1025116E-01
 0.7220000E+02  0.1349552E-02  0.4366350E-02  0.4535259E-02  0.1025116E-01
 0.7230000E+02  0.1351994E-02  0.4367221E-02  0.4531946E-02  0.1025116E-01
 0.7240000E+02  0.1354435E-02  0.4368099E-02  0.4528627E-02  0.1025116E-01
 0.7250000E+02  0.1356873E-02  0.4368986E-02  0.4525302E-02  0.1025116E-01
 0.7260000E+02  0.1359310E-02  0.4369881E-02  0.4521971E-02  0.1025116E-01
 0.7270000E+02  0.1361745E-02  0.4370783E-02  0.4518633E-02  0.1025116E-01
 0.7280000E+02  0.1364178E-02  0.4371694E-02  0.4515289E-02  0.1025116E-01
 0.7290000E+02  0.1366609E-02  0.4372614E-02  0.4511938E-02  0.1025116E-01
 0.7300000E+02  0.1369039E-02  0.4373541E-02  0.4508582E-02  0.1025116E-01
 0.7310000E+02  0.1371466E-02  0.4374476E-02  0.4505219E-02  0.1025116E-01
 0.7320000E+02  0.1373891E-02  0.4375419E-02  0.4501851E-02  0.1025116E-01
 0.7330000E+02  0.1376315E-02  0.4376371E-02  0.4498476E-02  0.1025116E-01
 0.7340000E+02  0.1378736E-02  0.4377330E-02  0.4495095E-02  0.1025116E-01
 0.7350000E+02  0.1381155E-02  0.4378297E-02  0.4491709E-02  0.1025116E-01
 0.7360000E+02  0.1383573E-02  0.4379272E-02  0.4488316E-02  0.1025116E-01
 0.7370000E+02  0.1385988E-02  0.4380256E-02  0.4484918E-02  0.1025116E-01
 0.7380000E+02  0.1388401E-02  0.4381247E-02  0.4481513E-02  0.1025116E-01
 0.7390000E+02  0.1390812E-02  0.4382246E-02  0.4478103E-02  0.1025116E-01
 0.7400000E+02  0.1393221E-02  0.4383252E-02  0.4474688E-02  0.1025116E-01
 0.7410000E+02  0.1395628E-02  0.4384267E-02  0.4471266E-02  0.1025116E-01
 0.7420000E+02  0.1398033E-02  0.4385289E-02  0.4467839E-02  0.1025116E-01
 0.7430000E+02  0.1400436E-02  0.4386320E-02  0.4464406E-02  0.1025116E-01
 0.7440000E+02  0.1402836E-02  0.4387358E-02  0.4460967E-02  0.1025116E-01
 0.7450000E+02  0.1405235E-02  0.4388404E-02  0.4457523E-02  0.1025116E-01
 0.7460000E+02  0.1407631E-02  0.4389457E-02  0.4454074E-02  0.1025116E-01
 0.7470000E+02  0.1410024E-02  0.4390518E-02  0.4450618E-02  0.1025116E-01
 0.7480000E+02  0.1412416E-02  0.4391587E-02  0.4447158E-02  0.1025116E-01
 0.7490000E+02  0.1414805E-02  0.4392664E-02  0.4443692E-02  0.1025116E-01
 0.7500000E+02  0.1417192E-02  0.4393748E-02  0.4440221E-02  0.1025116E-01
 0.7510000E+02  0.1419577E-02  0.4394840E-02  0.4436744E-02  0.1025116E-01
 0.7520000E+02  0.1421959E-02  0.4395940E-02  0.4433262E-02  0.1025116E-01
 0.7530000E+02  0.1424340E-02  0.4397047E-02  0.4429775E-02  0.1025116E-01
 0.7540000E+02  0.1426717E-02  0.4398162E-02  0.4426282E-02  0.1025116E-01
 0.7550000E+02  0.1429093E-02  0.4399284E-02  0.4422785E-02  0.1025116E-01
 0.7560000E+02  0.1431465E-02  0.4400414E-02  0.4419282E-02  0.1025116E-01
 0.7570000E+02  0.1433836E-02  0.4401551E-02  0.4415774E-02  0.1025116E-01
 0.7580000E+02  0.1436204E-02  0.4402696E-02  0.4412261E-02  0.1025116E-01
 0.7590000E+02  0.1438570E-02  0.4403848E-02  0.4408744E-02  0.1025116E-01
 0.7600000E+02  0.1440933E-02  0.4405008E-02  0.4405221E-02  0.1025116E-01
 0.7610000E+02  0.1443294E-02  0.4406175E-02  0.4401693E-02  0.1025116E-01
 0.7620000E+02  0.1445652E-02  0.4407349E-02  0.4398160E-02  0.1025116E-01
 0.7630000E+02  0.1448007E-02  0.4408531E-02  0.4394623E-02  0.1025116E-01
 0.7640000E+02  0.1450361E-02  0.4409720E-02  0.4391080E-02  0.1025116E-01
 0.7650000E+02  0.1452711E-02  0.4410917E-02  0.4387533E-02  0.1025116E-01
 0.7660000E+02  0.1455059E-02  0.4412121E-02  0.4383982E-02  0.1025116E-01
 0.7670000E+02  0.1457405E-02  0.4413332E-02  0.4380425E-02  0.1025116E-01
 0.7680000E+02  0.1459747E-02  0.4414550E-02  0.4376864E-02  0.1025116E-01
 0.7690000E+02  0.1462088E-02  0.4415776E-02  0.4373298E-02  0.1025116E-01
 0.7700000E+02  0.1464425E-02  0.4417008E-02  0.4369728E-02  0.1025116E-01
 0.7710000E+02  0.1466760E-02  0.4418248E-02  0.4366153E-02  0.1025116E-01
 0.7720000E+02  0.1469092E-02  0.4419495E-02  0.4362574E-02  0.1025116E-01
 0.7730000E+02  0.1471422E-02  0.4420750E-02  0.4358990E-02  0.1025116E-01
 0.7740000E+02  0.1473749E-02  0.4422011E-02  0.4355401E-02  0.1025116E-01
 0.7750000E+02  0.1476073E-02  0.4423279E-02  0.4351809E-02  0.1025116E-01
 0.7760000E+02  0.1478394E-02  0.4424555E-02  0.4348212E-02  0.1025116E-01
 0.7770000E+02  0.1480713E-02  0.4425838E-02  0.4344611E-02  0.1025116E-01
 0.7780000E+02  0.1483029E-02  0.4427127E-02  0.4341005E-02  0.1025116E-01
 0.7790000E+02  0.1485342E-02  0.4428424E-02  0.4337395E-02  0.1025116E-01
 0.7800000E+02  0.1487652E-02  0.4429727E-02  0.4333781E-02  0.1025116E-01
 0.7810000E+02  0.1489960E-02  0.4431038E-02  0.4330163E-02  0.1025116E-01
 0.7820000E+02  0.1492265E-02  0.4432355E-02  0.4326541E-02  0.1025116E-01
 0.7830000E+02  0.1494566E-02  0.4433680E-02  0.4322915E-02  0.1025116E-01
 0.7840000E+02  0.1496865E-02  0.4435011E-02  0.4319285E-02  0.1025116E-01
 0.7850000E+02  0.1499161E-02  0.4436349E-02  0.4315651E-02  0.1025116E-01
 0.7860000E+02  0.1501455E-02  0.4437694E-02  0.4312013E-02  0.1025116E-01
 0.7870000E+02  0.1503745E-02  0.4439046E-02  0.4308371E-02  0.1025116E-01
 0.7880000E+02  0.1506032E-02  0.4440404E-02  0.4304725E-02  0.1025116E-01
 0.7890000E+02  0.1508317E-02  0.4441770E-02  0.4301075E-02  0.1025116E-01
 0.7900000E+02  0.1510598E-02  0.4443142E-02  0.4297422E-02  0.1025116E-01
 0.7910000E+02  0.1512876E-02  0.4444521E-02  0.4293764E-02  0.1025116E-01
 0.7920000E+02  0.1515152E-02  0.4445906E-02  0.4290103E-02  0.1025116E-01
 0.7930000E+02  0.1517424E-02  0.4447298E-02  0.4286439E-02  0.1025116E-01
 0.7940000E+02  0.1519694E-02  0.4448697E-02  0.4282771E-02  0.1025116E-01
 0.7950000E+02  0.1521960E-02  0.4450102E-02  0.4279099E-02  0.1025116E-01
 0.7960000E+02  0.1524224E-02  0.4451514E-02  0.4275423E-02  0.1025116E-01
 0.7970000E+02  0.1526484E-02  0.4452933E-02  0.4271745E-02  0.1025116E-01
 0.7980000E+02  0.1528741E-02  0.4454358E-02  0.4268062E-02  0.1025116E-01
 0.7990000E+02  0.1530995E-02  0.4455790E-02  0.4264377E-02  0.1025116E-01
 0.8000000E+02  0.1533246E-02  0.4457228E-02  0.4260687E-02  0.1025116E-01
 0.8010000E+02  0.1535494E-02  0.4458672E-02  0.4256995E-02  0.1025116E-01
 0.8020000E+02  0.1537739E-02  0.4460123E-02  0.4253299E-02  0.1025116E-01
 0.8030000E+02  0.1539980E-02  0.4461581E-02  0.4249600E-02  0.1025116E-01
 0.8040000E+02  0.1542219E-02  0.4463045E-02  0.4245898E-02  0.1025116E-01
 0.8050000E+02  0.1544454E-02  0.4464515E-02  0.4242192E-02  0.1025116E-01
 0.8060000E+02  0.1546686E-02  0.4465992E-02  0.4238483E-02  0.1025116E-01
 0.8070000E+02  0.1548915E-02  0.4467475E-02  0.4234772E-02  0.1025116E-01
 0.8080000E+02  0.1551141E-02  0.4468964E-02  0.4231057E-02  0.1025116E-01
 0.8090000E+02  0.1553363E-02  0.4470459E-02  0.4227339E-02  0.1025116E-01
 0.8100000E+02  0.1555582E-02  0.4471961E-02  0.4223618E-02  0.1025116E-01
 0.8110000E+02  0.1557798E-02  0.4473469E-02  0.4219894E-02  0.1025116E-01
 0.8120000E+02  0.1560011E-02  0.4474983E-02  0.4216167E-02  0.1025116E-01
 0.8130000E+02  0.1562220E-02  0.4476504E-02  0.4212437E-02  0.1025116E-01
 0.8140000E+02  0.1564426E-02  0.4478030E-02  0.4208705E-02  0.1025116E-01
 0.8150000E+02  0.1566629E-02  0.4479563E-02  0.4204969E-02  0.1025116E-01
 0.8160000E+02  0.1568828E-02  0.4481102E-02  0.4201231E-02  0.1025116E-01
 0.8170000E+02  0.1571024E-02  0.4482647E-02  0.4197490E-02  0.1025116E-01
 0.8180000E+02  0.1573217E-02  0.4484198E-02  0.4193747E-02  0.1025116E-01
 0.8190000E+02  0.1575407E-02  0.4485754E-02  0.4190000E-02  0.1025116E-01
 0.8200000E+02  0.1577592E-02  0.4487317E-02  0.4186251E-02  0.1025116E-01
 0.8210000E+02  0.1579775E-02  0.4488886E-02  0.4182500E-02  0.1025116E-01
 0.8220000E+02  0.1581954E-02  0.4490461E-02  0.4178746E-02  0.1025116E-01
 0.8230000E+02  0.1584130E-02  0.4492042E-02  0.4174989E-02  0.1025116E-01
 0.8240000E+02  0.1586302E-02  0.4493629E-02  0.4171230E-02  0.1025116E-01
 0.8250000E+02  0.1588471E-02  0.4495221E-02  0.4167469E-02  0.1025116E-01
 0.8260000E+02  0.1590637E-02  0.4496820E-02  0.4163705E-02  0.1025116E-01
 0.8270000E+02  0.1592799E-02  0.4498424E-02  0.4159939E-02  0.1025116E-01
 0.8280000E+02  0.1594957E-02  0.4500034E-02  0.4156170E-02  0.1025116E-01
 0.8290000E+02  0.1597112E-02  0.4501650E-02  0.4152399E-02  0.1025116E-01
 0.8300000E+02  0.1599264E-02  0.4503272E-02  0.4148626E-02  0.1025116E-01
 0.8310000E+02  0.1601412E-02  0.4504899E-02  0.4144851E-02  0.1025116E-01
 0.8320000E+02  0.1603556E-02  0.4506532E-02  0.4141073E-02  0.1025116E-01
 0.8330000E+02  0.1605697E-02  0.4508171E-02  0.4137293E-02  0.1025116E-01
 0.8340000E+02  0.1607835E-02  0.4509815E-02  0.4133512E-02  0.1025116E-01
 0.8350000E+02  0.1609969E-02  0.4511465E-02  0.4129728E-02  0.1025116E-01
 0.8360000E+02  0.1612099E-02  0.4513121E-02  0.4125942E-02  0.1025116E-01
 0.8370000E+02  0.1614226E-02  0.4514782E-02  0.4122154E-02  0.1025116E-01
 0.8380000E+02  0.1616349E-02  0.4516449E-02  0.4118364E-02  0.1025116E-01
 0.8390000E+02  0.1618468E-02  0.4518121E-02  0.4114572E-02  0.1025116E-01
 0.8400000E+02  0.1620584E-02  0.4519799E-02  0.4110778E-02  0.1025116E-01
 0.8410000E+02  0.1622697E-02  0.4521482E-02  0.4106983E-02  0.1025116E-01
 0.8420000E+02  0.1624805E-02  0.4523171E-02  0.4103185E-02  0.1025116E-01
 0.8430000E+02  0.1626911E-02  0.4524865E-02  0.4099386E-02  0.1025116E-01
 0.8440000E+02  0.1629012E-02  0.4526564E-02  0.4095585E-02  0.1025116E-01
 0.8450000E+02  0.1631110E-02  0.4528269E-02  0.4091783E-02  0.1025116E-01
 0.8460000E+02  0.1633204E-02  0.4529979E-02  0.4087978E-02  0.1025116E-01
 0.8470000E+02  0.1635294E-02  0.4531695E-02  0.4084172E-02  0.1025116E-01
 0.8480000E+02  0.1637381E-02  0.4533416E-02  0.4080365E-02  0.1025116E-01
 0.8490000E+02  0.1639464E-02  0.4535142E-02  0.4076556E-02  0.1025116E-01
 0.8500000E+02  0.1641543E-02  0.4536873E-02  0.4072745E-02  0.1025116E-01
 0.8510000E+02  0.1643619E-02  0.4538610E-02  0.4068933E-02  0.1025116E-01
 0.8520000E+02  0.1645691E-02  0.4540351E-02  0.4065119E-02  0.1025116E-01
 0.8530000E+02  0.1647759E-02  0.4542098E-02  0.4061304E-02  0.1025116E-01
 0.8540000E+02  0.1649824E-02  0.4543850E-02  0.4057487E-02  0.1025116E-01
 0.8550000E+02  0.1651884E-02  0.4545608E-02  0.4053670E-02  0.1025116E-01
 0.8560000E+02  0.1653941E-02  0.4547370E-02  0.4049850E-02  0.1025116E-01
 0.8570000E+02  0.1655994E-02  0.4549137E-02  0.4046030E-02  0.1025116E-01
 0.8580000E+02  0.1658044E-02  0.4550910E-02  0.4042208E-02  0.1025116E-01
 0.8590000E+02  0.1660089E-02  0.4552687E-02  0.4038385E-02  0.1025116E-01
 0.8600000E+02  0.1662131E-02  0.4554469E-02  0.4034561E-02  0.1025116E-01
 0.8610000E+02  0.1664169E-02  0.4556257E-02  0.4030736E-02  0.1025116E-01
 0.8620000E+02  0.1666203E-02  0.4558049E-02  0.4026909E-02  0.1025116E-01
 0.8630000E+02  0.1668234E-02  0.4559846E-02  0.4023081E-02  0.1025116E-01
 0.8640000E+02  0.1670260E-02  0.4561648E-02  0.4019253E-02  0.1025116E-01
 0.8650000E+02  0.1672283E-02  0.4563455E-02  0.4015423E-02  0.1025116E-01
 0.8660000E+02  0.1674302E-02  0.4565267E-02  0.4011593E-02  0.1025116E-01
 0.8670000E+02  0.1676317E-02  0.4567084E-02  0.4007761E-02  0.1025116E-01
 0.8680000E+02  0.1678328E-02  0.4568905E-02  0.4003928E-02  0.1025116E-01
 0.8690000E+02  0.1680335E-02  0.4570731E-02  0.4000095E-02  0.1025116E-01
 0.8700000E+02  0.1682339E-02  0.4572562E-02  0.3996261E-02  0.1025116E-01
 0.8710000E+02  0.1684338E-02  0.4574397E-02  0.3992425E-02  0.1025116E-01
 0.8720000E+02  0.1686334E-02  0.4576238E-02  0.3988590E-02  0.1025116E-01
 0.8730000E+02  0.1688326E-02  0.4578083E-02  0.3984753E-02  0.1025116E-01
 0.8740000E+02  0.1690314E-02  0.4579932E-02  0.3980915E-02  0.1025116E-01
 0.8750000E+02  0.1692298E-02  0.4581786E-02  0.3977077E-02  0.1025116E-01
 0.8760000E+02  0.1694278E-02  0.4583645E-02  0.3973238E-02  0.1025116E-01
 0.8770000E+02  0.1696254E-02  0.4585508E-02  0.3969399E-02  0.1025116E-01
 0.8780000E+02  0.1698227E-02  0.4587376E-02  0.3965559E-02  0.1025116E-01
 0.8790000E+02  0.1700195E-02  0.4589248E-02  0.3961718E-02  0.1025116E-01
 0.8800000E+02  0.1702159E-02  0.4591125E-02  0.3957877E-02  0.1025116E-01
 0.8810000E+02  0.1704120E-02  0.4593006E-02  0.3954036E-02  0.1025116E-01
 0.8820000E+02  0.1706076E-02  0.4594892E-02  0.3950193E-02  0.1025116E-01
 0.8830000E+02  0.1708029E-02  0.4596782E-02  0.3946351E-02  0.1025116E-01
 0.8840000E+02  0.1709978E-02  0.4598676E-02  0.3942508E-02  0.1025116E-01
 0.8850000E+02  0.1711922E-02  0.4600575E-02  0.3938664E-02  0.1025116E-01
 0.8860000E+02  0.1713863E-02  0.4602478E-02  0.3934821E-02  0.1025116E-01
 0.8870000E+02  0.1715800E-02  0.4604385E-02  0.3930977E-02  0.1025116E-01
 0.8880000E+02  0.1717732E-02  0.4606297E-02  0.3927132E-02  0.1025116E-01
 0.8890000E+02  0.1719661E-02  0.4608212E-02  0.3923288E-02  0.1025116E-01
 0.8900000E+02  0.1721586E-02  0.4610132E-02  0.3919443E-02  0.1025116E-01
 0.8910000E+02  0.1723507E-02  0.4612057E-02  0.3915598E-02  0.1025116E-01
 0.8920000E+02  0.1725424E-02  0.4613985E-02  0.3911753E-02  0.1025116E-01
 0.8930000E+02  0.1727336E-02  0.4615918E-02  0.3907907E-02  0.1025116E-01
 0.8940000E+02  0.1729245E-02  0.4617854E-02  0.3904062E-02  0.1025116E-01
 0.8950000E+02  0.1731150E-02  0.4619795E-02  0.3900216E-02  0.1025116E-01
 0.8960000E+02  0.1733051E-02  0.4621740E-02  0.3896371E-02  0.1025116E-01
 0.8970000E+02  0.1734948E-02  0.4623689E-02  0.3892525E-02  0.1025116E-01
 0.8980000E+02  0.1736840E-02  0.4625641E-02  0.3888679E-02  0.1025116E-01
 0.8990000E+02  0.1738729E-02  0.4627598E-02  0.3884834E-02  0.1025116E-01
 0.9000000E+02  0.1740614E-02  0.4629559E-02  0.3880988E-02  0.1025116E-01
 0.9010000E+02  0.1742494E-02  0.4631524E-02  0.3877143E-02  0.1025116E-01
 0.9020000E+02  0.1744371E-02  0.4633492E-02  0.3873298E-02  0.1025116E-01
 0.9030000E+02  0.1746244E-02  0.4635465E-02  0.3869453E-02  0.1025116E-01
 0.9040000E+02  0.1748112E-02  0.4637441E-02  0.3865608E-02  0.1025116E-01
 0.9050000E+02  0.1749977E-02  0.4639421E-02  0.3861763E-02  0.1025116E-01
 0.9060000E+02  0.1751837E-02  0.4641405E-02  0.3857919E-02  0.1025116E-01
 0.9070000E+02  0.1753694E-02  0.4643393E-02  0.3854074E-02  0.1025116E-01
 0.9080000E+02  0.1755546E-02  0.4645385E-02  0.3850231E-02  0.1025116E-01
 0.9090000E+02  0.1757394E-02  0.4647380E-02  0.3846387E-02  0.1025116E-01
 0.9100000E+02  0.1759239E-02  0.4649379E-02  0.3842544E-02  0.1025116E-01
 0.9110000E+02  0.1761079E-02  0.4651382E-02  0.3838701E-02  0.1025116E-01
 0.9120000E+02  0.1762915E-02  0.4653388E-02  0.3834859E-02  0.1025116E-01
 0.9130000E+02  0.1764747E-02  0.4655398E-02  0.3831017E-02  0.1025116E-01
 0.9140000E+02  0.1766575E-02  0.4657411E-02  0.3827175E-02  0.1025116E-01
 0.9150000E+02  0.1768399E-02  0.4659428E-02  0.3823334E-02  0.1025116E-01
 0.9160000E+02  0.1770219E-02  0.4661449E-02  0.3819494E-02  0.1025116E-01
 0.9170000E+02  0.1772035E-02  0.4663473E-02  0.3815654E-02  0.1025116E-01
 0.9180000E+02  0.1773846E-02  0.4665501E-02  0.3811814E-02  0.1025116E-01
 0.9190000E+02  0.1775654E-02  0.4667532E-02  0.3807976E-02  0.1025116E-01
 0.9200000E+02  0.1777458E-02  0.4669566E-02  0.3804137E-02  0.1025116E-01
 0.9210000E+02  0.1779257E-02  0.4671604E-02  0.3800300E-02  0.1025116E-01
 0.9220000E+02  0.1781052E-02  0.4673646E-02  0.3796463E-02  0.1025116E-01
 0.9230000E+02  0.1782844E-02  0.4675690E-02  0.3792627E-02  0.1025116E-01
 0.9240000E+02  0.1784631E-02  0.4677739E-02  0.3788792E-02  0.1025116E-01
 0.9250000E+02  0.1786414E-02  0.4679790E-02  0.3784957E-02  0.1025116E-01
 0.9260000E+02  0.1788193E-02  0.4681845E-02  0.3781123E-02  0.1025116E-01
 0.9270000E+02  0.1789968E-02  0.4683903E-02  0.3777290E-02  0.1025116E-01
 0.9280000E+02  0.1791739E-02  0.4685964E-02  0.3773458E-02  0.1025116E-01
 0.9290000E+02  0.1793506E-02  0.4688028E-02  0.3769627E-02  0.1025116E-01
 0.9300000E+02  0.1795269E-02  0.4690096E-02  0.3765797E-02  0.1025116E-01
 0.9310000E+02  0.1797028E-02  0.4692167E-02  0.3761967E-02  0.1025116E-01
 0.9320000E+02  0.1798782E-02  0.4694241E-02  0.3758139E-02  0.1025116E-01
 0.9330000E+02  0.1800533E-02  0.4696318E-02  0.3754311E-02  0.1025116E-01
 0.9340000E+02  0.1802279E-02  0.4698398E-02  0.3750484E-02  0.1025116E-01
 0.9350000E+02  0.1804021E-02  0.4700481E-02  0.3746659E-02  0.1025116E-01
 0.9360000E+02  0.1805760E-02  0.4702567E-02  0.3742834E-02  0.1025116E-01
 0.9370000E+02  0.1807494E-02  0.4704657E-02  0.3739011E-02  0.1025116E-01
 0.9380000E+02  0.1809224E-02  0.4706749E-02  0.3735189E-02  0.1025116E-01
 0.9390000E+02  0.1810950E-02  0.4708844E-02  0.3731367E-02  0.1025116E-01
 0.9400000E+02  0.1812672E-02  0.4710942E-02  0.3727547E-02  0.1025116E-01
 0.9410000E+02  0.1814390E-02  0.4713043E-02  0.3723728E-02  0.1025116E-01
 0.9420000E+02  0.1816104E-02  0.4715147E-02  0.3719910E-02  0.1025116E-01
 0.9430000E+02  0.1817813E-02  0.4717254E-02  0.3716094E-02  0.1025116E-01
 0.9440000E+02  0.1819519E-02  0.4719364E-02  0.3712279E-02  0.1025116E-01
 0.9450000E+02  0.1821220E-02  0.4721476E-02  0.3708465E-02  0.1025116E-01
 0.9460000E+02  0.1822918E-02  0.4723592E-02  0.3704652E-02  0.1025116E-01
 0.9470000E+02  0.1824611E-02  0.4725710E-02  0.3700840E-02  0.1025116E-01
 0.9480000E+02  0.1826301E-02  0.4727831E-02  0.3697030E-02  0.1025116E-01
 0.9490000E+02  0.1827986E-02  0.4729954E-02  0.3693221E-02  0.1025116E-01
 0.9500000E+02  0.1829667E-02  0.4732080E-02  0.3689414E-02  0.1025116E-01
 0.9510000E+02  0.1831344E-02  0.4734209E-02  0.3685608E-02  0.1025116E-01
 0.9520000E+02  0.1833017E-02  0.4736341E-02  0.3681803E-02  0.1025116E-01
 0.9530000E+02  0.1834686E-02  0.4738475E-02  0.3678000E-02  0.1025116E-01
 0.9540000E+02  0.1836351E-02  0.4740612E-02  0.3674199E-02  0.1025116E-01
 0.9550000E+02  0.1838012E-02  0.4742751E-02  0.3670399E-02  0.1025116E-01
 0.9560000E+02  0.1839669E-02  0.4744893E-02  0.3666600E-02  0.1025116E-01
 0.9570000E+02  0.1841321E-02  0.4747037E-02  0.3662803E-02  0.1025116E-01
 0.9580000E+02  0.1842970E-02  0.4749184E-02  0.3659007E-02  0.1025116E-01
 0.9590000E+02  0.1844615E-02  0.4751333E-02  0.3655213E-02  0.1025116E-01
 0.9600000E+02  0.1846256E-02  0.4753485E-02  0.3651421E-02  0.1025116E-01
 0.9610000E+02  0.1847892E-02  0.4755639E-02  0.3647630E-02  0.1025116E-01
 0.9620000E+02  0.1849525E-02  0.4757796E-02  0.3643841E-02  0.1025116E-01
 0.9630000E+02  0.1851153E-02  0.4759955E-02  0.3640053E-02  0.1025116E-01
 0.9640000E+02  0.1852778E-02  0.4762116E-02  0.3636267E-02  0.1025116E-01
 0.9650000E+02  0.1854398E-02  0.4764280E-02  0.3632483E-02  0.1025116E-01
 0.9660000E+02  0.1856015E-02  0.4766446E-02  0.3628701E-02  0.1025116E-01
 0.9670000E+02  0.1857627E-02  0.4768614E-02  0.3624920E-02  0.1025116E-01
 0.9680000E+02  0.1859235E-02  0.4770785E-02  0.3621141E-02  0.1025116E-01
 0.9690000E+02  0.1860840E-02  0.4772957E-02  0.3617364E-02  0.1025116E-01
 0.9700000E+02  0.1862440E-02  0.4775132E-02  0.3613589E-02  0.1025116E-01
 0.9710000E+02  0.1864036E-02  0.4777309E-02  0.3609816E-02  0.1025116E-01
 0.9720000E+02  0.1865629E-02  0.4779488E-02  0.3606044E-02  0.1025116E-01
 0.9730000E+02  0.1867217E-02  0.4781670E-02  0.3602274E-02  0.1025116E-01
 0.9740000E+02  0.1868801E-02  0.4783853E-02  0.3598507E-02  0.1025116E-01
 0.9750000E+02  0.1870382E-02  0.4786039E-02  0.3594741E-02  0.1025116E-01
 0.9760000E+02  0.1871958E-02  0.4788226E-02  0.3590977E-02  0.1025116E-01
 0.9770000E+02  0.1873531E-02  0.4790416E-02  0.3587215E-02  0.1025116E-01
 0.9780000E+02  0.1875099E-02  0.4792608E-02  0.3583455E-02  0.1025116E-01
 0.9790000E+02  0.1876663E-02  0.4794801E-02  0.3579697E-02  0.1025116E-01
 0.9800000E+02  0.1878224E-02  0.4796997E-02  0.3575940E-02  0.1025116E-01
 0.9810000E+02  0.1879780E-02  0.4799194E-02  0.3572186E-02  0.1025116E-01
 0.9820000E+02  0.1881333E-02  0.4801394E-02  0.3568434E-02  0.1025116E-01
 0.9830000E+02  0.1882882E-02  0.4803595E-02  0.3564684E-02  0.1025116E-01
 0.9840000E+02  0.1884426E-02  0.4805798E-02  0.3560937E-02  0.1025116E-01
 0.9850000E+02  0.1885967E-02  0.4808003E-02  0.3557191E-02  0.1025116E-01
 0.9860000E+02  0.1887504E-02  0.4810210E-02  0.3553447E-02  0.1025116E-01
 0.9870000E+02  0.1889037E-02  0.4812419E-02  0.3549706E-02  0.1025116E-01
 0.9880000E+02  0.1890566E-02  0.4814629E-02  0.3545966E-02  0.1025116E-01
 0.9890000E+02  0.1892091E-02  0.4816842E-02  0.3542229E-02  0.1025116E-01
 0.9900000E+02  0.1893612E-02  0.4819056E-02  0.3538494E-02  0.1025116E-01
 0.9910000E+02  0.1895129E-02  0.4821271E-02  0.3534761E-02  0.1025116E-01
 0.9920000E+02  0.1896642E-02  0.4823488E-02  0.3531031E-02  0.1025116E-01
 0.9930000E+02  0.1898151E-02  0.4825707E-02  0.3527303E-02  0.1025116E-01
 0.9940000E+02  0.1899657E-02  0.4827928E-02  0.3523577E-02  0.1025116E-01
 0.9950000E+02  0.1901159E-02  0.4830150E-02  0.3519853E-02  0.1025116E-01
 0.9960000E+02  0.1902656E-02  0.4832374E-02  0.3516131E-02  0.1025116E-01
 0.9970000E+02  0.1904150E-02  0.4834599E-02  0.3512412E-02  0.1025116E-01
 0.9980000E+02  0.1905640E-02  0.4836826E-02  0.3508695E-02  0.1025116E-01
 0.9990000E+02  0.1907126E-02  0.4839054E-02  0.3504981E-02  0.1025116E-01
 0.1000000E+03  0.1908608E-02  0.4841284E-02  0.3501269E-02  0.1025116E-01
