 0.1000000E+00  0.4671555E-08  0.5251139E-02  0.4989124E-02  0.1024027E-01
 0.2000000E+00  0.1868609E-07  0.5251119E-02  0.4989131E-02  0.1024027E-01
 0.3000000E+00  0.4204319E-07  0.5251085E-02  0.4989141E-02  0.1024027E-01
 0.4000000E+00  0.7474221E-07  0.5251038E-02  0.4989155E-02  0.1024027E-01
 0.5000000E+00  0.1167822E-06  0.5250977E-02  0.4989174E-02  0.1024027E-01
 0.6000000E+00  0.1681620E-06  0.5250903E-02  0.4989197E-02  0.1024027E-01
 0.7000000E+00  0.2288800E-06  0.5250815E-02  0.4989224E-02  0.1024027E-01
 0.8000000E+00  0.2989346E-06  0.5250714E-02  0.4989255E-02  0.1024027E-01
 0.9000000E+00  0.3783238E-06  0.5250599E-02  0.4989290E-02  0.1024027E-01
 0.1000000E+01  0.4670453E-06  0.5250471E-02  0.4989330E-02  0.1024027E-01
 0.1100000E+01  0.5650966E-06  0.5250330E-02  0.4989373E-02  0.1024027E-01
 0.1200000E+01  0.6724748E-06  0.5250175E-02  0.4989421E-02  0.1024027E-01
 0.1300000E+01  0.7891769E-06  0.5250006E-02  0.4989473E-02  0.1024027E-01
 0.1400000E+01  0.9151995E-06  0.5249824E-02  0.4989529E-02  0.1024027E-01
 0.1500000E+01  0.1050539E-05  0.5249629E-02  0.4989589E-02  0.1024027E-01
 0.1600000E+01  0.1195192E-05  0.5249420E-02  0.4989653E-02  0.1024027E-01
 0.1700000E+01  0.1349154E-05  0.5249198E-02  0.4989721E-02  0.1024027E-01
 0.1800000E+01  0.1512420E-05  0.5248962E-02  0.4989794E-02  0.1024027E-01
 0.1900000E+01  0.1684986E-05  0.5248713E-02  0.4989870E-02  0.1024027E-01
 0.2000000E+01  0.1866847E-05  0.5248450E-02  0.4989951E-02  0.1024027E-01
 0.2100000E+01  0.2057998E-05  0.5248174E-02  0.4990036E-02  0.1024027E-01
 0.2200000E+01  0.2258434E-05  0.5247885E-02  0.4990125E-02  0.1024027E-01
 0.2300000E+01  0.2468148E-05  0.5247582E-02  0.4990217E-02  0.1024027E-01
 0.2400000E+01  0.2687135E-05  0.5247266E-02  0.4990315E-02  0.1024027E-01
 0.2500000E+01  0.2915388E-05  0.5246937E-02  0.4990416E-02  0.1024027E-01
 0.2600000E+01  0.3152902E-05  0.5246594E-02  0.4990521E-02  0.1024027E-01
 0.2700000E+01  0.3399669E-05  0.5246238E-02  0.4990630E-02  0.1024027E-01
 0.2800000E+01  0.3655682E-05  0.5245869E-02  0.4990744E-02  0.1024027E-01
 0.2900000E+01  0.3920934E-05  0.5245486E-02  0.4990861E-02  0.1024027E-01
 0.3000000E+01  0.4195417E-05  0.5245090E-02  0.4990983E-02  0.1024027E-01
 0.3100000E+01  0.4479124E-05  0.5244681E-02  0.4991108E-02  0.1024027E-01
 0.3200000E+01  0.4772047E-05  0.5244258E-02  0.4991238E-02  0.1024027E-01
 0.3300000E+01  0.5074177E-05  0.5243822E-02  0.4991372E-02  0.1024027E-01
 0.3400000E+01  0.5385506E-05  0.5243373E-02  0.4991509E-02  0.1024027E-01
 0.3500000E+01  0.5706026E-05  0.5242911E-02  0.4991651E-02  0.1024027E-01
 0.3600000E+01  0.6035726E-05  0.5242435E-02  0.4991797E-02  0.1024027E-01
 0.3700000E+01  0.6374598E-05  0.5241947E-02  0.4991947E-02  0.1024027E-01
 0.3800000E+01  0.6722632E-05  0.5241445E-02  0.4992101E-02  0.1024027E-01
 0.3900000E+01  0.7079818E-05  0.5240930E-02  0.4992258E-02  0.1024027E-01
 0.4000000E+01  0.7446147E-05  0.5240402E-02  0.4992420E-02  0.1024027E-01
 0.4100000E+01  0.7821608E-05  0.5239861E-02  0.4992586E-02  0.1024027E-01
 0.4200000E+01  0.8206190E-05  0.5239306E-02  0.4992756E-02  0.1024027E-01
 0.4300000E+01  0.8599882E-05  0.5238739E-02  0.4992929E-02  0.1024027E-01
 0.4400000E+01  0.9002675E-05  0.5238158E-02  0.4993107E-02  0.1024027E-01
 0.4500000E+01  0.9414556E-05  0.5237565E-02  0.4993289E-02  0.1024027E-01
 0.4600000E+01  0.9835513E-05  0.5236958E-02  0.4993474E-02  0.1024027E-01
 0.4700000E+01  0.1026554E-04  0.5236339E-02  0.4993664E-02  0.1024027E-01
 0.4800000E+01  0.1070461E-04  0.5235706E-02  0.4993857E-02  0.1024027E-01
 0.4900000E+01  0.1115273E-04  0.5235061E-02  0.4994055E-02  0.1024027E-01
 0.5000000E+01  0.1160987E-04  0.5234402E-02  0.4994256E-02  0.1024027E-01
 0.5100000E+01  0.1207603E-04  0.5233731E-02  0.4994461E-02  0.1024027E-01
 0.5200000E+01  0.1255119E-04  0.5233047E-02  0.4994670E-02  0.1024027E-01
 0.5300000E+01  0.1303535E-04  0.5232350E-02  0.4994883E-02  0.1024027E-01
 0.5400000E+01  0.1352847E-04  0.5231640E-02  0.4995100E-02  0.1024027E-01
 0.5500000E+01  0.1403057E-04  0.5230917E-02  0.4995320E-02  0.1024027E-01
 0.5600000E+01  0.1454160E-04  0.5230182E-02  0.4995545E-02  0.1024027E-01
 0.5700000E+01  0.1506158E-04  0.5229433E-02  0.4995773E-02  0.1024027E-01
 0.5800000E+01  0.1559047E-04  0.5228672E-02  0.4996005E-02  0.1024027E-01
 0.5900000E+01  0.1612827E-04  0.5227899E-02  0.4996241E-02  0.1024027E-01
 0.6000000E+01  0.1667496E-04  0.5227112E-02  0.4996481E-02  0.1024027E-01
 0.6100000E+01  0.1723052E-04  0.5226313E-02  0.4996724E-02  0.1024027E-01
 0.6200000E+01  0.1779494E-04  0.5225502E-02  0.4996972E-02  0.1024027E-01
 0.6300000E+01  0.1836821E-04  0.5224677E-02  0.4997223E-02  0.1024027E-01
 0.6400000E+01  0.1895031E-04  0.5223840E-02  0.4997477E-02  0.1024027E-01
 0.6500000E+01  0.1954122E-04  0.5222991E-02  0.4997736E-02  0.1024027E-01
 0.6600000E+01  0.2014093E-04  0.5222129E-02  0.4997998E-02  0.1024027E-01
 0.6700000E+01  0.2074941E-04  0.5221255E-02  0.4998264E-02  0.1024027E-01
 0.6800000E+01  0.2136667E-04  0.5220368E-02  0.4998533E-02  0.1024027E-01
 0.6900000E+01  0.2199266E-04  0.5219469E-02  0.4998807E-02  0.1024027E-01
 0.7000000E+01  0.2262739E-04  0.5218557E-02  0.4999084E-02  0.1024027E-01
 0.7100000E+01  0.2327083E-04  0.5217633E-02  0.4999364E-02  0.1024027E-01
 0.7200000E+01  0.2392297E-04  0.5216697E-02  0.4999648E-02  0.1024027E-01
 0.7300000E+01  0.2458379E-04  0.5215748E-02  0.4999936E-02  0.1024027E-01
 0.7400000E+01  0.2525326E-04  0.5214787E-02  0.5000228E-02  0.1024027E-01
 0.7500000E+01  0.2593138E-04  0.5213814E-02  0.5000523E-02  0.1024027E-01
 0.7600000E+01  0.2661812E-04  0.5212829E-02  0.5000821E-02  0.1024027E-01
 0.7700000E+01  0.2731346E-04  0.5211831E-02  0.5001123E-02  0.1024027E-01
 0.7800000E+01  0.2801739E-04  0.5210822E-02  0.5001429E-02  0.1024027E-01
 0.7900000E+01  0.2872989E-04  0.5209800E-02  0.5001738E-02  0.1024027E-01
 0.8000000E+01  0.2945094E-04  0.5208766E-02  0.5002051E-02  0.1024027E-01
 0.8100000E+01  0.3018052E-04  0.5207720E-02  0.5002367E-02  0.1024027E-01
 0.8200000E+01  0.3091861E-04  0.5206663E-02  0.5002687E-02  0.1024027E-01
 0.8300000E+01  0.3166518E-04  0.5205593E-02  0.5003010E-02  0.1024027E-01
 0.8400000E+01  0.3242023E-04  0.5204511E-02  0.5003337E-02  0.1024027E-01
 0.8500000E+01  0.3318373E-04  0.5203418E-02  0.5003667E-02  0.1024027E-01
 0.8600000E+01  0.3395566E-04  0.5202312E-02  0.5004000E-02  0.1024027E-01
 0.8700000E+01  0.3473600E-04  0.5201195E-02  0.5004337E-02  0.1024027E-01
 0.8800000E+01  0.3552473E-04  0.5200066E-02  0.5004677E-02  0.1024027E-01
 0.8900000E+01  0.3632182E-04  0.5198926E-02  0.5005021E-02  0.1024027E-01
 0.9000000E+01  0.3712727E-04  0.5197773E-02  0.5005368E-02  0.1024027E-01
 0.9100000E+01  0.3794104E-04  0.5196609E-02  0.5005718E-02  0.1024027E-01
 0.9200000E+01  0.3876311E-04  0.5195434E-02  0.5006071E-02  0.1024027E-01
 0.9300000E+01  0.3959347E-04  0.5194246E-02  0.5006428E-02  0.1024027E-01
 0.9400000E+01  0.4043210E-04  0.5193048E-02  0.5006788E-02  0.1024027E-01
 0.9500000E+01  0.4127896E-04  0.5191837E-02  0.5007152E-02  0.1024027E-01
 0.9600000E+01  0.4213404E-04  0.5190616E-02  0.5007518E-02  0.1024027E-01
 0.9700000E+01  0.4299732E-04  0.5189383E-02  0.5007888E-02  0.1024027E-01
 0.9800000E+01  0.4386877E-04  0.5188138E-02  0.5008261E-02  0.1024027E-01
 0.9900000E+01  0.4474837E-04  0.5186883E-02  0.5008637E-02  0.1024027E-01
 0.1000000E+02  0.4563610E-04  0.5185616E-02  0.5009016E-02  0.1024027E-01
 0.1010000E+02  0.4653194E-04  0.5184337E-02  0.5009399E-02  0.1024027E-01
 0.1020000E+02  0.4743586E-04  0.5183048E-02  0.5009784E-02  0.1024027E-01
 0.1030000E+02  0.4834784E-04  0.5181747E-02  0.5010173E-02  0.1024027E-01
 0.1040000E+02  0.4926786E-04  0.5180436E-02  0.5010565E-02  0.1024027E-01
 0.1050000E+02  0.5019590E-04  0.5179113E-02  0.5010959E-02  0.1024027E-01
 0.1060000E+02  0.5113192E-04  0.5177779E-02  0.5011357E-02  0.1024027E-01
 0.1070000E+02  0.5207591E-04  0.5176434E-02  0.5011758E-02  0.1024027E-01
 0.1080000E+02  0.5302784E-04  0.5175078E-02  0.5012162E-02  0.1024027E-01
 0.1090000E+02  0.5398769E-04  0.5173712E-02  0.5012568E-02  0.1024027E-01
 0.1100000E+02  0.5495543E-04  0.5172335E-02  0.5012978E-02  0.1024027E-01
 0.1110000E+02  0.5593105E-04  0.5170946E-02  0.5013391E-02  0.1024027E-01
 0.1120000E+02  0.5691451E-04  0.5169547E-02  0.5013806E-02  0.1024027E-01
 0.1130000E+02  0.5790579E-04  0.5168138E-02  0.5014225E-02  0.1024027E-01
 0.1140000E+02  0.5890487E-04  0.5166717E-02  0.5014646E-02  0.1024027E-01
 0.1150000E+02  0.5991172E-04  0.5165287E-02  0.5015070E-02  0.1024027E-01
 0.1160000E+02  0.6092632E-04  0.5163845E-02  0.5015497E-02  0.1024027E-01
 0.1170000E+02  0.6194864E-04  0.5162393E-02  0.5015926E-02  0.1024027E-01
 0.1180000E+02  0.6297866E-04  0.5160931E-02  0.5016359E-02  0.1024027E-01
 0.1190000E+02  0.6401635E-04  0.5159458E-02  0.5016794E-02  0.1024027E-01
 0.1200000E+02  0.6506168E-04  0.5157975E-02  0.5017232E-02  0.1024027E-01
 0.1210000E+02  0.6611464E-04  0.5156481E-02  0.5017672E-02  0.1024027E-01
 0.1220000E+02  0.6717519E-04  0.5154978E-02  0.5018115E-02  0.1024027E-01
 0.1230000E+02  0.6824331E-04  0.5153464E-02  0.5018561E-02  0.1024027E-01
 0.1240000E+02  0.6931897E-04  0.5151939E-02  0.5019010E-02  0.1024027E-01
 0.1250000E+02  0.7040215E-04  0.5150405E-02  0.5019461E-02  0.1024027E-01
 0.1260000E+02  0.7149282E-04  0.5148861E-02  0.5019914E-02  0.1024027E-01
 0.1270000E+02  0.7259096E-04  0.5147307E-02  0.5020370E-02  0.1024027E-01
 0.1280000E+02  0.7369654E-04  0.5145742E-02  0.5020829E-02  0.1024027E-01
 0.1290000E+02  0.7480953E-04  0.5144168E-02  0.5021290E-02  0.1024027E-01
 0.1300000E+02  0.7592991E-04  0.5142584E-02  0.5021754E-02  0.1024027E-01
 0.1310000E+02  0.7705764E-04  0.5140990E-02  0.5022220E-02  0.1024027E-01
 0.1320000E+02  0.7819271E-04  0.5139387E-02  0.5022688E-02  0.1024027E-01
 0.1330000E+02  0.7933509E-04  0.5137774E-02  0.5023159E-02  0.1024027E-01
 0.1340000E+02  0.8048474E-04  0.5136151E-02  0.5023633E-02  0.1024027E-01
 0.1350000E+02  0.8164165E-04  0.5134518E-02  0.5024108E-02  0.1024027E-01
 0.1360000E+02  0.8280578E-04  0.5132876E-02  0.5024586E-02  0.1024027E-01
 0.1370000E+02  0.8397711E-04  0.5131225E-02  0.5025066E-02  0.1024027E-01
 0.1380000E+02  0.8515561E-04  0.5129564E-02  0.5025549E-02  0.1024027E-01
 0.1390000E+02  0.8634126E-04  0.5127893E-02  0.5026033E-02  0.1024027E-01
 0.1400000E+02  0.8753402E-04  0.5126214E-02  0.5026520E-02  0.1024027E-01
 0.1410000E+02  0.8873388E-04  0.5124525E-02  0.5027009E-02  0.1024027E-01
 0.1420000E+02  0.8994079E-04  0.5122827E-02  0.5027500E-02  0.1024027E-01
 0.1430000E+02  0.9115474E-04  0.5121120E-02  0.5027994E-02  0.1024027E-01
 0.1440000E+02  0.9237569E-04  0.5119403E-02  0.5028489E-02  0.1024027E-01
 0.1450000E+02  0.9360363E-04  0.5117678E-02  0.5028987E-02  0.1024027E-01
 0.1460000E+02  0.9483851E-04  0.5115943E-02  0.5029486E-02  0.1024027E-01
 0.1470000E+02  0.9608032E-04  0.5114200E-02  0.5029988E-02  0.1024027E-01
 0.1480000E+02  0.9732902E-04  0.5112448E-02  0.5030491E-02  0.1024027E-01
 0.1490000E+02  0.9858460E-04  0.5110687E-02  0.5030996E-02  0.1024027E-01
 0.1500000E+02  0.9984701E-04  0.5108917E-02  0.5031504E-02  0.1024027E-01
 0.1510000E+02  0.1011162E-03  0.5107139E-02  0.5032013E-02  0.1024027E-01
 0.1520000E+02  0.1023922E-03  0.5105352E-02  0.5032524E-02  0.1024027E-01
 0.1530000E+02  0.1036750E-03  0.5103556E-02  0.5033037E-02  0.1024027E-01
 0.1540000E+02  0.1049645E-03  0.5101752E-02  0.5033552E-02  0.1024027E-01
 0.1550000E+02  0.1062607E-03  0.5099939E-02  0.5034068E-02  0.1024027E-01
 0.1560000E+02  0.1075635E-03  0.5098118E-02  0.5034587E-02  0.1024027E-01
 0.1570000E+02  0.1088730E-03  0.5096288E-02  0.5035107E-02  0.1024027E-01
 0.1580000E+02  0.1101891E-03  0.5094451E-02  0.5035628E-02  0.1024027E-01
 0.1590000E+02  0.1115119E-03  0.5092605E-02  0.5036151E-02  0.1024027E-01
 0.1600000E+02  0.1128411E-03  0.5090751E-02  0.5036676E-02  0.1024027E-01
 0.1610000E+02  0.1141769E-03  0.5088888E-02  0.5037203E-02  0.1024027E-01
 0.1620000E+02  0.1155192E-03  0.5087018E-02  0.5037731E-02  0.1024027E-01
 0.1630000E+02  0.1168679E-03  0.5085140E-02  0.5038261E-02  0.1024027E-01
 0.1640000E+02  0.1182231E-03  0.5083253E-02  0.5038792E-02  0.1024027E-01
 0.1650000E+02  0.1195848E-03  0.5081359E-02  0.5039324E-02  0.1024027E-01
 0.1660000E+02  0.1209528E-03  0.5079457E-02  0.5039858E-02  0.1024027E-01
 0.1670000E+02  0.1223271E-03  0.5077547E-02  0.5040394E-02  0.1024027E-01
 0.1680000E+02  0.1237078E-03  0.5075630E-02  0.5040930E-02  0.1024027E-01
 0.1690000E+02  0.1250948E-03  0.5073705E-02  0.5041468E-02  0.1024027E-01
 0.1700000E+02  0.1264881E-03  0.5071772E-02  0.5042008E-02  0.1024027E-01
 0.1710000E+02  0.1278876E-03  0.5069832E-02  0.5042548E-02  0.1024027E-01
 0.1720000E+02  0.1292933E-03  0.5067884E-02  0.5043090E-02  0.1024027E-01
 0.1730000E+02  0.1307052E-03  0.5065929E-02  0.5043633E-02  0.1024027E-01
 0.1740000E+02  0.1321233E-03  0.5063967E-02  0.5044178E-02  0.1024027E-01
 0.1750000E+02  0.1335475E-03  0.5061997E-02  0.5044723E-02  0.1024027E-01
 0.1760000E+02  0.1349778E-03  0.5060021E-02  0.5045270E-02  0.1024027E-01
 0.1770000E+02  0.1364141E-03  0.5058037E-02  0.5045817E-02  0.1024027E-01
 0.1780000E+02  0.1378565E-03  0.5056046E-02  0.5046366E-02  0.1024027E-01
 0.1790000E+02  0.1393050E-03  0.5054047E-02  0.5046916E-02  0.1024027E-01
 0.1800000E+02  0.1407594E-03  0.5052042E-02  0.5047466E-02  0.1024027E-01
 0.1810000E+02  0.1422197E-03  0.5050030E-02  0.5048018E-02  0.1024027E-01
 0.1820000E+02  0.1436860E-03  0.5048012E-02  0.5048570E-02  0.1024027E-01
 0.1830000E+02  0.1451582E-03  0.5045986E-02  0.5049124E-02  0.1024027E-01
 0.1840000E+02  0.1466363E-03  0.5043954E-02  0.5049678E-02  0.1024027E-01
 0.1850000E+02  0.1481202E-03  0.5041915E-02  0.5050233E-02  0.1024027E-01
 0.1860000E+02  0.1496099E-03  0.5039870E-02  0.5050789E-02  0.1024027E-01
 0.1870000E+02  0.1511054E-03  0.5037818E-02  0.5051345E-02  0.1024027E-01
 0.1880000E+02  0.1526067E-03  0.5035759E-02  0.5051902E-02  0.1024027E-01
 0.1890000E+02  0.1541137E-03  0.5033694E-02  0.5052460E-02  0.1024027E-01
 0.1900000E+02  0.1556264E-03  0.5031623E-02  0.5053019E-02  0.1024027E-01
 0.1910000E+02  0.1571447E-03  0.5029546E-02  0.5053578E-02  0.1024027E-01
 0.1920000E+02  0.1586687E-03  0.5027462E-02  0.5054137E-02  0.1024027E-01
 0.1930000E+02  0.1601984E-03  0.5025372E-02  0.5054697E-02  0.1024027E-01
 0.1940000E+02  0.1617336E-03  0.5023276E-02  0.5055258E-02  0.1024027E-01
 0.1950000E+02  0.1632743E-03  0.5021175E-02  0.5055819E-02  0.1024027E-01
 0.1960000E+02  0.1648206E-03  0.5019067E-02  0.5056381E-02  0.1024027E-01
 0.1970000E+02  0.1663724E-03  0.5016953E-02  0.5056942E-02  0.1024027E-01
 0.1980000E+02  0.1679297E-03  0.5014834E-02  0.5057505E-02  0.1024027E-01
 0.1990000E+02  0.1694924E-03  0.5012709E-02  0.5058067E-02  0.1024027E-01
 0.2000000E+02  0.1710606E-03  0.5010578E-02  0.5058630E-02  0.1024027E-01
 0.2010000E+02  0.1726341E-03  0.5008441E-02  0.5059193E-02  0.1024027E-01
 0.2020000E+02  0.1742130E-03  0.5006299E-02  0.5059756E-02  0.1024027E-01
 0.2030000E+02  0.1757972E-03  0.5004151E-02  0.5060319E-02  0.1024027E-01
 0.2040000E+02  0.1773867E-03  0.5001999E-02  0.5060883E-02  0.1024027E-01
 0.2050000E+02  0.1789815E-03  0.4999840E-02  0.5061446E-02  0.1024027E-01
 0.2060000E+02  0.1805816E-03  0.4997677E-02  0.5062010E-02  0.1024027E-01
 0.2070000E+02  0.1821869E-03  0.4995508E-02  0.5062573E-02  0.1024027E-01
 0.2080000E+02  0.1837974E-03  0.4993334E-02  0.5063137E-02  0.1024027E-01
 0.2090000E+02  0.1854130E-03  0.4991155E-02  0.5063700E-02  0.1024027E-01
 0.2100000E+02  0.1870338E-03  0.4988970E-02  0.5064264E-02  0.1024027E-01
 0.2110000E+02  0.1886597E-03  0.4986781E-02  0.5064827E-02  0.1024027E-01
 0.2120000E+02  0.1902907E-03  0.4984587E-02  0.5065390E-02  0.1024027E-01
 0.2130000E+02  0.1919267E-03  0.4982388E-02  0.5065953E-02  0.1024027E-01
 0.2140000E+02  0.1935678E-03  0.4980185E-02  0.5066515E-02  0.1024027E-01
 0.2150000E+02  0.1952138E-03  0.4977977E-02  0.5067078E-02  0.1024027E-01
 0.2160000E+02  0.1968649E-03  0.4975764E-02  0.5067640E-02  0.1024027E-01
 0.2170000E+02  0.1985209E-03  0.4973546E-02  0.5068201E-02  0.1024027E-01
 0.2180000E+02  0.2001818E-03  0.4971324E-02  0.5068762E-02  0.1024027E-01
 0.2190000E+02  0.2018476E-03  0.4969098E-02  0.5069323E-02  0.1024027E-01
 0.2200000E+02  0.2035183E-03  0.4966867E-02  0.5069883E-02  0.1024027E-01
 0.2210000E+02  0.2051938E-03  0.4964632E-02  0.5070443E-02  0.1024027E-01
 0.2220000E+02  0.2068742E-03  0.4962392E-02  0.5071002E-02  0.1024027E-01
 0.2230000E+02  0.2085593E-03  0.4960149E-02  0.5071560E-02  0.1024027E-01
 0.2240000E+02  0.2102492E-03  0.4957901E-02  0.5072118E-02  0.1024027E-01
 0.2250000E+02  0.2119438E-03  0.4955649E-02  0.5072675E-02  0.1024027E-01
 0.2260000E+02  0.2136432E-03  0.4953394E-02  0.5073231E-02  0.1024027E-01
 0.2270000E+02  0.2153472E-03  0.4951134E-02  0.5073787E-02  0.1024027E-01
 0.2280000E+02  0.2170559E-03  0.4948871E-02  0.5074342E-02  0.1024027E-01
 0.2290000E+02  0.2187692E-03  0.4946603E-02  0.5074895E-02  0.1024027E-01
 0.2300000E+02  0.2204871E-03  0.4944332E-02  0.5075448E-02  0.1024027E-01
 0.2310000E+02  0.2222096E-03  0.4942058E-02  0.5076001E-02  0.1024027E-01
 0.2320000E+02  0.2239367E-03  0.4939780E-02  0.5076552E-02  0.1024027E-01
 0.2330000E+02  0.2256682E-03  0.4937498E-02  0.5077102E-02  0.1024027E-01
 0.2340000E+02  0.2274043E-03  0.4935213E-02  0.5077651E-02  0.1024027E-01
 0.2350000E+02  0.2291449E-03  0.4932925E-02  0.5078199E-02  0.1024027E-01
 0.2360000E+02  0.2308899E-03  0.4930633E-02  0.5078745E-02  0.1024027E-01
 0.2370000E+02  0.2326393E-03  0.4928338E-02  0.5079291E-02  0.1024027E-01
 0.2380000E+02  0.2343932E-03  0.4926039E-02  0.5079835E-02  0.1024027E-01
 0.2390000E+02  0.2361514E-03  0.4923738E-02  0.5080379E-02  0.1024027E-01
 0.2400000E+02  0.2379140E-03  0.4921434E-02  0.5080920E-02  0.1024027E-01
 0.2410000E+02  0.2396809E-03  0.4919126E-02  0.5081461E-02  0.1024027E-01
 0.2420000E+02  0.2414521E-03  0.4916816E-02  0.5082000E-02  0.1024027E-01
 0.2430000E+02  0.2432276E-03  0.4914503E-02  0.5082538E-02  0.1024027E-01
 0.2440000E+02  0.2450073E-03  0.4912187E-02  0.5083074E-02  0.1024027E-01
 0.2450000E+02  0.2467913E-03  0.4909868E-02  0.5083608E-02  0.1024027E-01
 0.2460000E+02  0.2485794E-03  0.4907547E-02  0.5084142E-02  0.1024027E-01
 0.2470000E+02  0.2503718E-03  0.4905223E-02  0.5084673E-02  0.1024027E-01
 0.2480000E+02  0.2521683E-03  0.4902897E-02  0.5085203E-02  0.1024027E-01
 0.2490000E+02  0.2539689E-03  0.4900568E-02  0.5085731E-02  0.1024027E-01
 0.2500000E+02  0.2557737E-03  0.4898237E-02  0.5086258E-02  0.1024027E-01
 0.2510000E+02  0.2575825E-03  0.4895903E-02  0.5086782E-02  0.1024027E-01
 0.2520000E+02  0.2593954E-03  0.4893567E-02  0.5087305E-02  0.1024027E-01
 0.2530000E+02  0.2612123E-03  0.4891229E-02  0.5087826E-02  0.1024027E-01
 0.2540000E+02  0.2630333E-03  0.4888889E-02  0.5088345E-02  0.1024027E-01
 0.2550000E+02  0.2648582E-03  0.4886547E-02  0.5088863E-02  0.1024027E-01
 0.2560000E+02  0.2666871E-03  0.4884203E-02  0.5089378E-02  0.1024027E-01
 0.2570000E+02  0.2685200E-03  0.4881857E-02  0.5089891E-02  0.1024027E-01
 0.2580000E+02  0.2703567E-03  0.4879509E-02  0.5090402E-02  0.1024027E-01
 0.2590000E+02  0.2721974E-03  0.4877159E-02  0.5090911E-02  0.1024027E-01
 0.2600000E+02  0.2740420E-03  0.4874808E-02  0.5091418E-02  0.1024027E-01
 0.2610000E+02  0.2758904E-03  0.4872455E-02  0.5091923E-02  0.1024027E-01
 0.2620000E+02  0.2777426E-03  0.4870100E-02  0.5092426E-02  0.1024027E-01
 0.2630000E+02  0.2795987E-03  0.4867744E-02  0.5092926E-02  0.1024027E-01
 0.2640000E+02  0.2814585E-03  0.4865386E-02  0.5093424E-02  0.1024027E-01
 0.2650000E+02  0.2833221E-03  0.4863027E-02  0.5093919E-02  0.1024027E-01
 0.2660000E+02  0.2851895E-03  0.4860666E-02  0.5094412E-02  0.1024027E-01
 0.2670000E+02  0.2870606E-03  0.4858304E-02  0.5094903E-02  0.1024027E-01
 0.2680000E+02  0.2889353E-03  0.4855941E-02  0.5095391E-02  0.1024027E-01
 0.2690000E+02  0.2908138E-03  0.4853577E-02  0.5095877E-02  0.1024027E-01
 0.2700000E+02  0.2926959E-03  0.4851212E-02  0.5096360E-02  0.1024027E-01
 0.2710000E+02  0.2945817E-03  0.4848846E-02  0.5096840E-02  0.1024027E-01
 0.2720000E+02  0.2964710E-03  0.4846479E-02  0.5097318E-02  0.1024027E-01
 0.2730000E+02  0.2983640E-03  0.4844111E-02  0.5097793E-02  0.1024027E-01
 0.2740000E+02  0.3002605E-03  0.4841742E-02  0.5098266E-02  0.1024027E-01
 0.2750000E+02  0.3021606E-03  0.4839372E-02  0.5098735E-02  0.1024027E-01
 0.2760000E+02  0.3040643E-03  0.4837002E-02  0.5099202E-02  0.1024027E-01
 0.2770000E+02  0.3059714E-03  0.4834631E-02  0.5099666E-02  0.1024027E-01
 0.2780000E+02  0.3078820E-03  0.4832260E-02  0.5100126E-02  0.1024027E-01
 0.2790000E+02  0.3097961E-03  0.4829888E-02  0.5100584E-02  0.1024027E-01
 0.2800000E+02  0.3117137E-03  0.4827515E-02  0.5101039E-02  0.1024027E-01
 0.2810000E+02  0.3136347E-03  0.4825142E-02  0.5101491E-02  0.1024027E-01
 0.2820000E+02  0.3155591E-03  0.4822769E-02  0.5101940E-02  0.1024027E-01
 0.2830000E+02  0.3174869E-03  0.4820396E-02  0.5102385E-02  0.1024027E-01
 0.2840000E+02  0.3194181E-03  0.4818022E-02  0.5102828E-02  0.1024027E-01
 0.2850000E+02  0.3213526E-03  0.4815649E-02  0.5103267E-02  0.1024027E-01
 0.2860000E+02  0.3232905E-03  0.4813275E-02  0.5103703E-02  0.1024027E-01
 0.2870000E+02  0.3252317E-03  0.4810901E-02  0.5104135E-02  0.1024027E-01
 0.2880000E+02  0.3271762E-03  0.4808528E-02  0.5104564E-02  0.1024027E-01
 0.2890000E+02  0.3291239E-03  0.4806154E-02  0.5104990E-02  0.1024027E-01
 0.2900000E+02  0.3310750E-03  0.4803781E-02  0.5105412E-02  0.1024027E-01
 0.2910000E+02  0.3330292E-03  0.4801408E-02  0.5105831E-02  0.1024027E-01
 0.2920000E+02  0.3349867E-03  0.4799035E-02  0.5106246E-02  0.1024027E-01
 0.2930000E+02  0.3369474E-03  0.4796663E-02  0.5106658E-02  0.1024027E-01
 0.2940000E+02  0.3389113E-03  0.4794291E-02  0.5107066E-02  0.1024027E-01
 0.2950000E+02  0.3408784E-03  0.4791920E-02  0.5107470E-02  0.1024027E-01
 0.2960000E+02  0.3428486E-03  0.4789549E-02  0.5107870E-02  0.1024027E-01
 0.2970000E+02  0.3448219E-03  0.4787179E-02  0.5108267E-02  0.1024027E-01
 0.2980000E+02  0.3467984E-03  0.4784809E-02  0.5108660E-02  0.1024027E-01
 0.2990000E+02  0.3487780E-03  0.4782441E-02  0.5109049E-02  0.1024027E-01
 0.3000000E+02  0.3507606E-03  0.4780073E-02  0.5109435E-02  0.1024027E-01
 0.3010000E+02  0.3527464E-03  0.4777706E-02  0.5109816E-02  0.1024027E-01
 0.3020000E+02  0.3547351E-03  0.4775340E-02  0.5110193E-02  0.1024027E-01
 0.3030000E+02  0.3567269E-03  0.4772975E-02  0.5110566E-02  0.1024027E-01
 0.3040000E+02  0.3587217E-03  0.4770611E-02  0.5110935E-02  0.1024027E-01
 0.3050000E+02  0.3607196E-03  0.4768248E-02  0.5111300E-02  0.1024027E-01
 0.3060000E+02  0.3627204E-03  0.4765886E-02  0.5111661E-02  0.1024027E-01
 0.3070000E+02  0.3647241E-03  0.4763526E-02  0.5112018E-02  0.1024027E-01
 0.3080000E+02  0.3667309E-03  0.4761167E-02  0.5112370E-02  0.1024027E-01
 0.3090000E+02  0.3687405E-03  0.4758809E-02  0.5112718E-02  0.1024027E-01
 0.3100000E+02  0.3707531E-03  0.4756453E-02  0.5113062E-02  0.1024027E-01
 0.3110000E+02  0.3727686E-03  0.4754098E-02  0.5113401E-02  0.1024027E-01
 0.3120000E+02  0.3747869E-03  0.4751745E-02  0.5113736E-02  0.1024027E-01
 0.3130000E+02  0.3768082E-03  0.4749393E-02  0.5114067E-02  0.1024027E-01
 0.3140000E+02  0.3788323E-03  0.4747043E-02  0.5114393E-02  0.1024027E-01
 0.3150000E+02  0.3808592E-03  0.4744695E-02  0.5114714E-02  0.1024027E-01
 0.3160000E+02  0.3828890E-03  0.4742348E-02  0.5115031E-02  0.1024027E-01
 0.3170000E+02  0.3849216E-03  0.4740004E-02  0.5115343E-02  0.1024027E-01
 0.3180000E+02  0.3869570E-03  0.4737661E-02  0.5115650E-02  0.1024027E-01
 0.3190000E+02  0.3889951E-03  0.4735320E-02  0.5115953E-02  0.1024027E-01
 0.3200000E+02  0.3910361E-03  0.4732982E-02  0.5116250E-02  0.1024027E-01
 0.3210000E+02  0.3930798E-03  0.4730645E-02  0.5116543E-02  0.1024027E-01
 0.3220000E+02  0.3951262E-03  0.4728310E-02  0.5116831E-02  0.1024027E-01
 0.3230000E+02  0.3971754E-03  0.4725978E-02  0.5117115E-02  0.1024027E-01
 0.3240000E+02  0.3992273E-03  0.4723648E-02  0.5117393E-02  0.1024027E-01
 0.3250000E+02  0.4012818E-03  0.4721320E-02  0.5117666E-02  0.1024027E-01
 0.3260000E+02  0.4033391E-03  0.4718995E-02  0.5117934E-02  0.1024027E-01
 0.3270000E+02  0.4053990E-03  0.4716672E-02  0.5118197E-02  0.1024027E-01
 0.3280000E+02  0.4074616E-03  0.4714352E-02  0.5118455E-02  0.1024027E-01
 0.3290000E+02  0.4095269E-03  0.4712034E-02  0.5118708E-02  0.1024027E-01
 0.3300000E+02  0.4115948E-03  0.4709718E-02  0.5118955E-02  0.1024027E-01
 0.3310000E+02  0.4136653E-03  0.4707406E-02  0.5119197E-02  0.1024027E-01
 0.3320000E+02  0.4157384E-03  0.4705096E-02  0.5119434E-02  0.1024027E-01
 0.3330000E+02  0.4178141E-03  0.4702788E-02  0.5119666E-02  0.1024027E-01
 0.3340000E+02  0.4198924E-03  0.4700484E-02  0.5119892E-02  0.1024027E-01
 0.3350000E+02  0.4219732E-03  0.4698183E-02  0.5120112E-02  0.1024027E-01
 0.3360000E+02  0.4240566E-03  0.4695884E-02  0.5120327E-02  0.1024027E-01
 0.3370000E+02  0.4261426E-03  0.4693589E-02  0.5120537E-02  0.1024027E-01
 0.3380000E+02  0.4282311E-03  0.4691296E-02  0.5120741E-02  0.1024027E-01
 0.3390000E+02  0.4303221E-03  0.4689007E-02  0.5120939E-02  0.1024027E-01
 0.3400000E+02  0.4324157E-03  0.4686720E-02  0.5121132E-02  0.1024027E-01
 0.3410000E+02  0.4345117E-03  0.4684437E-02  0.5121319E-02  0.1024027E-01
 0.3420000E+02  0.4366102E-03  0.4682158E-02  0.5121500E-02  0.1024027E-01
 0.3430000E+02  0.4387112E-03  0.4679881E-02  0.5121676E-02  0.1024027E-01
 0.3440000E+02  0.4408147E-03  0.4677608E-02  0.5121845E-02  0.1024027E-01
 0.3450000E+02  0.4429206E-03  0.4675338E-02  0.5122009E-02  0.1024027E-01
 0.3460000E+02  0.4450289E-03  0.4673072E-02  0.5122167E-02  0.1024027E-01
 0.3470000E+02  0.4471397E-03  0.4670810E-02  0.5122319E-02  0.1024027E-01
 0.3480000E+02  0.4492529E-03  0.4668550E-02  0.5122465E-02  0.1024027E-01
 0.3490000E+02  0.4513686E-03  0.4666295E-02  0.5122604E-02  0.1024027E-01
 0.3500000E+02  0.4534866E-03  0.4664043E-02  0.5122738E-02  0.1024027E-01
 0.3510000E+02  0.4556070E-03  0.4661795E-02  0.5122866E-02  0.1024027E-01
 0.3520000E+02  0.4577298E-03  0.4659551E-02  0.5122987E-02  0.1024027E-01
 0.3530000E+02  0.4598550E-03  0.4657311E-02  0.5123102E-02  0.1024027E-01
 0.3540000E+02  0.4619825E-03  0.4655075E-02  0.5123211E-02  0.1024027E-01
 0.3550000E+02  0.4641124E-03  0.4652842E-02  0.5123313E-02  0.1024027E-01
 0.3560000E+02  0.4662446E-03  0.4650614E-02  0.5123410E-02  0.1024027E-01
 0.3570000E+02  0.4683791E-03  0.4648389E-02  0.5123499E-02  0.1024027E-01
 0.3580000E+02  0.4705160E-03  0.4646169E-02  0.5123583E-02  0.1024027E-01
 0.3590000E+02  0.4726552E-03  0.4643953E-02  0.5123660E-02  0.1024027E-01
 0.3600000E+02  0.4747967E-03  0.4641741E-02  0.5123730E-02  0.1024027E-01
 0.3610000E+02  0.4769404E-03  0.4639534E-02  0.5123794E-02  0.1024027E-01
 0.3620000E+02  0.4790865E-03  0.4637330E-02  0.5123851E-02  0.1024027E-01
 0.3630000E+02  0.4812348E-03  0.4635132E-02  0.5123902E-02  0.1024027E-01
 0.3640000E+02  0.4833854E-03  0.4632937E-02  0.5123946E-02  0.1024027E-01
 0.3650000E+02  0.4855383E-03  0.4630747E-02  0.5123983E-02  0.1024027E-01
 0.3660000E+02  0.4876934E-03  0.4628562E-02  0.5124013E-02  0.1024027E-01
 0.3670000E+02  0.4898508E-03  0.4626381E-02  0.5124037E-02  0.1024027E-01
 0.3680000E+02  0.4920103E-03  0.4624204E-02  0.5124053E-02  0.1024027E-01
 0.3690000E+02  0.4941721E-03  0.4622033E-02  0.5124063E-02  0.1024027E-01
 0.3700000E+02  0.4963361E-03  0.4619866E-02  0.5124066E-02  0.1024027E-01
 0.3710000E+02  0.4985024E-03  0.4617704E-02  0.5124062E-02  0.1024027E-01
 0.3720000E+02  0.5006708E-03  0.4615546E-02  0.5124051E-02  0.1024027E-01
 0.3730000E+02  0.5028414E-03  0.4613394E-02  0.5124033E-02  0.1024027E-01
 0.3740000E+02  0.5050142E-03  0.4611246E-02  0.5124008E-02  0.1024027E-01
 0.3750000E+02  0.5071892E-03  0.4609104E-02  0.5123975E-02  0.1024027E-01
 0.3760000E+02  0.5093663E-03  0.4606966E-02  0.5123936E-02  0.1024027E-01
 0.3770000E+02  0.5115456E-03  0.4604833E-02  0.5123889E-02  0.1024027E-01
 0.3780000E+02  0.5137270E-03  0.4602706E-02  0.5123835E-02  0.1024027E-01
 0.3790000E+02  0.5159106E-03  0.4600584E-02  0.5123774E-02  0.1024027E-01
 0.3800000E+02  0.5180964E-03  0.4598467E-02  0.5123705E-02  0.1024027E-01
 0.3810000E+02  0.5202842E-03  0.4596355E-02  0.5123629E-02  0.1024027E-01
 0.3820000E+02  0.5224742E-03  0.4594248E-02  0.5123546E-02  0.1024027E-01
 0.3830000E+02  0.5246663E-03  0.4592147E-02  0.5123455E-02  0.1024027E-01
 0.3840000E+02  0.5268605E-03  0.4590051E-02  0.5123357E-02  0.1024027E-01
 0.3850000E+02  0.5290568E-03  0.4587960E-02  0.5123251E-02  0.1024027E-01
 0.3860000E+02  0.5312552E-03  0.4585875E-02  0.5123137E-02  0.1024027E-01
 0.3870000E+02  0.5334557E-03  0.4583796E-02  0.5123016E-02  0.1024027E-01
 0.3880000E+02  0.5356583E-03  0.4581722E-02  0.5122888E-02  0.1024027E-01
 0.3890000E+02  0.5378630E-03  0.4579654E-02  0.5122751E-02  0.1024027E-01
 0.3900000E+02  0.5400697E-03  0.4577591E-02  0.5122607E-02  0.1024027E-01
 0.3910000E+02  0.5422784E-03  0.4575534E-02  0.5122456E-02  0.1024027E-01
 0.3920000E+02  0.5444893E-03  0.4573483E-02  0.5122296E-02  0.1024027E-01
 0.3930000E+02  0.5467022E-03  0.4571437E-02  0.5122129E-02  0.1024027E-01
 0.3940000E+02  0.5489171E-03  0.4569398E-02  0.5121953E-02  0.1024027E-01
 0.3950000E+02  0.5511341E-03  0.4567364E-02  0.5121770E-02  0.1024027E-01
 0.3960000E+02  0.5533531E-03  0.4565336E-02  0.5121579E-02  0.1024027E-01
 0.3970000E+02  0.5555741E-03  0.4563314E-02  0.5121380E-02  0.1024027E-01
 0.3980000E+02  0.5577971E-03  0.4561298E-02  0.5121173E-02  0.1024027E-01
 0.3990000E+02  0.5600222E-03  0.4559288E-02  0.5120958E-02  0.1024027E-01
 0.4000000E+02  0.5622492E-03  0.4557284E-02  0.5120734E-02  0.1024027E-01
 0.4010000E+02  0.5644783E-03  0.4555287E-02  0.5120503E-02  0.1024027E-01
 0.4020000E+02  0.5667093E-03  0.4553295E-02  0.5120264E-02  0.1024027E-01
 0.4030000E+02  0.5689424E-03  0.4551310E-02  0.5120016E-02  0.1024027E-01
 0.4040000E+02  0.5711774E-03  0.4549331E-02  0.5119760E-02  0.1024027E-01
 0.4050000E+02  0.5734144E-03  0.4547358E-02  0.5119496E-02  0.1024027E-01
 0.4060000E+02  0.5756534E-03  0.4545391E-02  0.5119223E-02  0.1024027E-01
 0.4070000E+02  0.5778944E-03  0.4543431E-02  0.5118942E-02  0.1024027E-01
 0.4080000E+02  0.5801373E-03  0.4541478E-02  0.5118653E-02  0.1024027E-01
 0.4090000E+02  0.5823822E-03  0.4539530E-02  0.5118356E-02  0.1024027E-01
 0.4100000E+02  0.5846290E-03  0.4537589E-02  0.5118050E-02  0.1024027E-01
 0.4110000E+02  0.5868778E-03  0.4535655E-02  0.5117735E-02  0.1024027E-01
 0.4120000E+02  0.5891285E-03  0.4533728E-02  0.5117412E-02  0.1024027E-01
 0.4130000E+02  0.5913811E-03  0.4531806E-02  0.5117080E-02  0.1024027E-01
 0.4140000E+02  0.5936357E-03  0.4529892E-02  0.5116740E-02  0.1024027E-01
 0.4150000E+02  0.5958922E-03  0.4527984E-02  0.5116392E-02  0.1024027E-01
 0.4160000E+02  0.5981507E-03  0.4526083E-02  0.5116034E-02  0.1024027E-01
 0.4170000E+02  0.6004110E-03  0.4524189E-02  0.5115668E-02  0.1024027E-01
 0.4180000E+02  0.6026733E-03  0.4522301E-02  0.5115293E-02  0.1024027E-01
 0.4190000E+02  0.6049374E-03  0.4520421E-02  0.5114910E-02  0.1024027E-01
 0.4200000E+02  0.6072035E-03  0.4518547E-02  0.5114518E-02  0.1024027E-01
 0.4210000E+02  0.6094715E-03  0.4516680E-02  0.5114117E-02  0.1024027E-01
 0.4220000E+02  0.6117413E-03  0.4514820E-02  0.5113707E-02  0.1024027E-01
 0.4230000E+02  0.6140131E-03  0.4512967E-02  0.5113288E-02  0.1024027E-01
 0.4240000E+02  0.6162867E-03  0.4511121E-02  0.5112860E-02  0.1024027E-01
 0.4250000E+02  0.6185622E-03  0.4509282E-02  0.5112423E-02  0.1024027E-01
 0.4260000E+02  0.6208396E-03  0.4507451E-02  0.5111978E-02  0.1024027E-01
 0.4270000E+02  0.6231189E-03  0.4505626E-02  0.5111523E-02  0.1024027E-01
 0.4280000E+02  0.6254000E-03  0.4503808E-02  0.5111060E-02  0.1024027E-01
 0.4290000E+02  0.6276830E-03  0.4501998E-02  0.5110587E-02  0.1024027E-01
 0.4300000E+02  0.6299678E-03  0.4500195E-02  0.5110105E-02  0.1024027E-01
 0.4310000E+02  0.6322545E-03  0.4498399E-02  0.5109614E-02  0.1024027E-01
 0.4320000E+02  0.6345430E-03  0.4496611E-02  0.5109114E-02  0.1024027E-01
 0.4330000E+02  0.6368334E-03  0.4494829E-02  0.5108605E-02  0.1024027E-01
 0.4340000E+02  0.6391256E-03  0.4493056E-02  0.5108087E-02  0.1024027E-01
 0.4350000E+02  0.6414197E-03  0.4491289E-02  0.5107559E-02  0.1024027E-01
 0.4360000E+02  0.6437155E-03  0.4489530E-02  0.5107022E-02  0.1024027E-01
 0.4370000E+02  0.6460132E-03  0.4487779E-02  0.5106476E-02  0.1024027E-01
 0.4380000E+02  0.6483127E-03  0.4486035E-02  0.5105921E-02  0.1024027E-01
 0.4390000E+02  0.6506141E-03  0.4484298E-02  0.5105356E-02  0.1024027E-01
 0.4400000E+02  0.6529172E-03  0.4482569E-02  0.5104782E-02  0.1024027E-01
 0.4410000E+02  0.6552222E-03  0.4480848E-02  0.5104198E-02  0.1024027E-01
 0.4420000E+02  0.6575290E-03  0.4479134E-02  0.5103605E-02  0.1024027E-01
 0.4430000E+02  0.6598375E-03  0.4477428E-02  0.5103003E-02  0.1024027E-01
 0.4440000E+02  0.6621479E-03  0.4475730E-02  0.5102391E-02  0.1024027E-01
 0.4450000E+02  0.6644600E-03  0.4474039E-02  0.5101769E-02  0.1024027E-01
 0.4460000E+02  0.6667739E-03  0.4472356E-02  0.5101138E-02  0.1024027E-01
 0.4470000E+02  0.6690896E-03  0.4470681E-02  0.5100497E-02  0.1024027E-01
 0.4480000E+02  0.6714071E-03  0.4469014E-02  0.5099847E-02  0.1024027E-01
 0.4490000E+02  0.6737264E-03  0.4467354E-02  0.5099187E-02  0.1024027E-01
 0.4500000E+02  0.6760474E-03  0.4465703E-02  0.5098518E-02  0.1024027E-01
 0.4510000E+02  0.6783702E-03  0.4464059E-02  0.5097839E-02  0.1024027E-01
 0.4520000E+02  0.6806947E-03  0.4462423E-02  0.5097150E-02  0.1024027E-01
 0.4530000E+02  0.6830211E-03  0.4460796E-02  0.5096451E-02  0.1024027E-01
 0.4540000E+02  0.6853491E-03  0.4459176E-02  0.5095743E-02  0.1024027E-01
 0.4550000E+02  0.6876789E-03  0.4457564E-02  0.5095025E-02  0.1024027E-01
 0.4560000E+02  0.6900105E-03  0.4455960E-02  0.5094297E-02  0.1024027E-01
 0.4570000E+02  0.6923437E-03  0.4454365E-02  0.5093560E-02  0.1024027E-01
 0.4580000E+02  0.6946788E-03  0.4452777E-02  0.5092812E-02  0.1024027E-01
 0.4590000E+02  0.6970155E-03  0.4451198E-02  0.5092055E-02  0.1024027E-01
 0.4600000E+02  0.6993540E-03  0.4449627E-02  0.5091288E-02  0.1024027E-01
 0.4610000E+02  0.7016941E-03  0.4448064E-02  0.5090510E-02  0.1024027E-01
 0.4620000E+02  0.7040361E-03  0.4446509E-02  0.5089723E-02  0.1024027E-01
 0.4630000E+02  0.7063797E-03  0.4444962E-02  0.5088926E-02  0.1024027E-01
 0.4640000E+02  0.7087250E-03  0.4443424E-02  0.5088119E-02  0.1024027E-01
 0.4650000E+02  0.7110720E-03  0.4441894E-02  0.5087302E-02  0.1024027E-01
 0.4660000E+02  0.7134207E-03  0.4440372E-02  0.5086475E-02  0.1024027E-01
 0.4670000E+02  0.7157711E-03  0.4438859E-02  0.5085638E-02  0.1024027E-01
 0.4680000E+02  0.7181232E-03  0.4437354E-02  0.5084791E-02  0.1024027E-01
 0.4690000E+02  0.7204770E-03  0.4435857E-02  0.5083934E-02  0.1024027E-01
 0.4700000E+02  0.7228325E-03  0.4434369E-02  0.5083066E-02  0.1024027E-01
 0.4710000E+02  0.7251896E-03  0.4432889E-02  0.5082189E-02  0.1024027E-01
 0.4720000E+02  0.7275484E-03  0.4431418E-02  0.5081301E-02  0.1024027E-01
 0.4730000E+02  0.7299089E-03  0.4429956E-02  0.5080404E-02  0.1024027E-01
 0.4740000E+02  0.7322710E-03  0.4428501E-02  0.5079496E-02  0.1024027E-01
 0.4750000E+02  0.7346348E-03  0.4427056E-02  0.5078578E-02  0.1024027E-01
 0.4760000E+02  0.7370002E-03  0.4425619E-02  0.5077649E-02  0.1024027E-01
 0.4770000E+02  0.7393673E-03  0.4424190E-02  0.5076711E-02  0.1024027E-01
 0.4780000E+02  0.7417360E-03  0.4422770E-02  0.5075762E-02  0.1024027E-01
 0.4790000E+02  0.7441064E-03  0.4421359E-02  0.5074803E-02  0.1024027E-01
 0.4800000E+02  0.7464783E-03  0.4419956E-02  0.5073833E-02  0.1024027E-01
 0.4810000E+02  0.7488519E-03  0.4418563E-02  0.5072854E-02  0.1024027E-01
 0.4820000E+02  0.7512272E-03  0.4417177E-02  0.5071864E-02  0.1024027E-01
 0.4830000E+02  0.7536040E-03  0.4415801E-02  0.5070863E-02  0.1024027E-01
 0.4840000E+02  0.7559824E-03  0.4414433E-02  0.5069852E-02  0.1024027E-01
 0.4850000E+02  0.7583625E-03  0.4413074E-02  0.5068831E-02  0.1024027E-01
 0.4860000E+02  0.7607441E-03  0.4411724E-02  0.5067800E-02  0.1024027E-01
 0.4870000E+02  0.7631274E-03  0.4410383E-02  0.5066758E-02  0.1024027E-01
 0.4880000E+02  0.7655122E-03  0.4409050E-02  0.5065706E-02  0.1024027E-01
 0.4890000E+02  0.7678986E-03  0.4407727E-02  0.5064643E-02  0.1024027E-01
 0.4900000E+02  0.7702866E-03  0.4406412E-02  0.5063570E-02  0.1024027E-01
 0.4910000E+02  0.7726762E-03  0.4405106E-02  0.5062486E-02  0.1024027E-01
 0.4920000E+02  0.7750673E-03  0.4403809E-02  0.5061392E-02  0.1024027E-01
 0.4930000E+02  0.7774600E-03  0.4402521E-02  0.5060287E-02  0.1024027E-01
 0.4940000E+02  0.7798542E-03  0.4401242E-02  0.5059172E-02  0.1024027E-01
 0.4950000E+02  0.7822500E-03  0.4399972E-02  0.5058046E-02  0.1024027E-01
 0.4960000E+02  0.7846473E-03  0.4398711E-02  0.5056910E-02  0.1024027E-01
 0.4970000E+02  0.7870462E-03  0.4397458E-02  0.5055763E-02  0.1024027E-01
 0.4980000E+02  0.7894466E-03  0.4396215E-02  0.5054606E-02  0.1024027E-01
 0.4990000E+02  0.7918485E-03  0.4394981E-02  0.5053438E-02  0.1024027E-01
 0.5000000E+02  0.7942520E-03  0.4393756E-02  0.5052260E-02  0.1024027E-01
 0.5010000E+02  0.7966569E-03  0.4392541E-02  0.5051071E-02  0.1024027E-01
 0.5020000E+02  0.7990634E-03  0.4391334E-02  0.5049871E-02  0.1024027E-01
 0.5030000E+02  0.8014713E-03  0.4390136E-02  0.5048661E-02  0.1024027E-01
 0.5040000E+02  0.8038808E-03  0.4388948E-02  0.5047440E-02  0.1024027E-01
 0.5050000E+02  0.8062917E-03  0.4387768E-02  0.5046208E-02  0.1024027E-01
 0.5060000E+02  0.8087041E-03  0.4386598E-02  0.5044966E-02  0.1024027E-01
 0.5070000E+02  0.8111180E-03  0.4385437E-02  0.5043713E-02  0.1024027E-01
 0.5080000E+02  0.8135334E-03  0.4384285E-02  0.5042450E-02  0.1024027E-01
 0.5090000E+02  0.8159502E-03  0.4383142E-02  0.5041175E-02  0.1024027E-01
 0.5100000E+02  0.8183685E-03  0.4382009E-02  0.5039891E-02  0.1024027E-01
 0.5110000E+02  0.8207882E-03  0.4380885E-02  0.5038595E-02  0.1024027E-01
 0.5120000E+02  0.8232094E-03  0.4379770E-02  0.5037289E-02  0.1024027E-01
 0.5130000E+02  0.8256319E-03  0.4378664E-02  0.5035972E-02  0.1024027E-01
 0.5140000E+02  0.8280560E-03  0.4377568E-02  0.5034644E-02  0.1024027E-01
 0.5150000E+02  0.8304814E-03  0.4376481E-02  0.5033306E-02  0.1024027E-01
 0.5160000E+02  0.8329083E-03  0.4375403E-02  0.5031956E-02  0.1024027E-01
 0.5170000E+02  0.8353365E-03  0.4374335E-02  0.5030596E-02  0.1024027E-01
 0.5180000E+02  0.8377662E-03  0.4373276E-02  0.5029226E-02  0.1024027E-01
 0.5190000E+02  0.8401972E-03  0.4372226E-02  0.5027844E-02  0.1024027E-01
 0.5200000E+02  0.8426296E-03  0.4371186E-02  0.5026452E-02  0.1024027E-01
 0.5210000E+02  0.8450634E-03  0.4370155E-02  0.5025049E-02  0.1024027E-01
 0.5220000E+02  0.8474986E-03  0.4369134E-02  0.5023636E-02  0.1024027E-01
 0.5230000E+02  0.8499351E-03  0.4368122E-02  0.5022211E-02  0.1024027E-01
 0.5240000E+02  0.8523730E-03  0.4367119E-02  0.5020776E-02  0.1024027E-01
 0.5250000E+02  0.8548122E-03  0.4366126E-02  0.5019330E-02  0.1024027E-01
 0.5260000E+02  0.8572527E-03  0.4365142E-02  0.5017873E-02  0.1024027E-01
 0.5270000E+02  0.8596946E-03  0.4364168E-02  0.5016406E-02  0.1024027E-01
 0.5280000E+02  0.8621378E-03  0.4363203E-02  0.5014927E-02  0.1024027E-01
 0.5290000E+02  0.8645823E-03  0.4362248E-02  0.5013438E-02  0.1024027E-01
 0.5300000E+02  0.8670282E-03  0.4361302E-02  0.5011938E-02  0.1024027E-01
 0.5310000E+02  0.8694753E-03  0.4360365E-02  0.5010427E-02  0.1024027E-01
 0.5320000E+02  0.8719237E-03  0.4359439E-02  0.5008906E-02  0.1024027E-01
 0.5330000E+02  0.8743733E-03  0.4358521E-02  0.5007373E-02  0.1024027E-01
 0.5340000E+02  0.8768243E-03  0.4357614E-02  0.5005830E-02  0.1024027E-01
 0.5350000E+02  0.8792765E-03  0.4356715E-02  0.5004276E-02  0.1024027E-01
 0.5360000E+02  0.8817299E-03  0.4355827E-02  0.5002711E-02  0.1024027E-01
 0.5370000E+02  0.8841846E-03  0.4354948E-02  0.5001136E-02  0.1024027E-01
 0.5380000E+02  0.8866405E-03  0.4354078E-02  0.4999549E-02  0.1024027E-01
 0.5390000E+02  0.8890977E-03  0.4353218E-02  0.4997952E-02  0.1024027E-01
 0.5400000E+02  0.8915560E-03  0.4352368E-02  0.4996344E-02  0.1024027E-01
 0.5410000E+02  0.8940156E-03  0.4351527E-02  0.4994725E-02  0.1024027E-01
 0.5420000E+02  0.8964764E-03  0.4350696E-02  0.4993096E-02  0.1024027E-01
 0.5430000E+02  0.8989383E-03  0.4349874E-02  0.4991455E-02  0.1024027E-01
 0.5440000E+02  0.9014015E-03  0.4349063E-02  0.4989804E-02  0.1024027E-01
 0.5450000E+02  0.9038658E-03  0.4348260E-02  0.4988142E-02  0.1024027E-01
 0.5460000E+02  0.9063312E-03  0.4347468E-02  0.4986469E-02  0.1024027E-01
 0.5470000E+02  0.9087978E-03  0.4346685E-02  0.4984785E-02  0.1024027E-01
 0.5480000E+02  0.9112656E-03  0.4345912E-02  0.4983091E-02  0.1024027E-01
 0.5490000E+02  0.9137344E-03  0.4345148E-02  0.4981386E-02  0.1024027E-01
 0.5500000E+02  0.9162044E-03  0.4344394E-02  0.4979670E-02  0.1024027E-01
 0.5510000E+02  0.9186755E-03  0.4343650E-02  0.4977943E-02  0.1024027E-01
 0.5520000E+02  0.9211477E-03  0.4342915E-02  0.4976205E-02  0.1024027E-01
 0.5530000E+02  0.9236210E-03  0.4342190E-02  0.4974457E-02  0.1024027E-01
 0.5540000E+02  0.9260953E-03  0.4341475E-02  0.4972698E-02  0.1024027E-01
 0.5550000E+02  0.9285708E-03  0.4340769E-02  0.4970928E-02  0.1024027E-01
 0.5560000E+02  0.9310472E-03  0.4340074E-02  0.4969147E-02  0.1024027E-01
 0.5570000E+02  0.9335248E-03  0.4339388E-02  0.4967356E-02  0.1024027E-01
 0.5580000E+02  0.9360033E-03  0.4338711E-02  0.4965554E-02  0.1024027E-01
 0.5590000E+02  0.9384829E-03  0.4338045E-02  0.4963741E-02  0.1024027E-01
 0.5600000E+02  0.9409635E-03  0.4337388E-02  0.4961917E-02  0.1024027E-01
 0.5610000E+02  0.9434451E-03  0.4336740E-02  0.4960083E-02  0.1024027E-01
 0.5620000E+02  0.9459277E-03  0.4336103E-02  0.4958237E-02  0.1024027E-01
 0.5630000E+02  0.9484112E-03  0.4335475E-02  0.4956382E-02  0.1024027E-01
 0.5640000E+02  0.9508958E-03  0.4334857E-02  0.4954515E-02  0.1024027E-01
 0.5650000E+02  0.9533812E-03  0.4334249E-02  0.4952638E-02  0.1024027E-01
 0.5660000E+02  0.9558677E-03  0.4333651E-02  0.4950750E-02  0.1024027E-01
 0.5670000E+02  0.9583550E-03  0.4333062E-02  0.4948851E-02  0.1024027E-01
 0.5680000E+02  0.9608433E-03  0.4332483E-02  0.4946942E-02  0.1024027E-01
 0.5690000E+02  0.9633325E-03  0.4331914E-02  0.4945022E-02  0.1024027E-01
 0.5700000E+02  0.9658226E-03  0.4331354E-02  0.4943091E-02  0.1024027E-01
 0.5710000E+02  0.9683136E-03  0.4330805E-02  0.4941150E-02  0.1024027E-01
 0.5720000E+02  0.9708054E-03  0.4330265E-02  0.4939198E-02  0.1024027E-01
 0.5730000E+02  0.9732981E-03  0.4329735E-02  0.4937235E-02  0.1024027E-01
 0.5740000E+02  0.9757917E-03  0.4329214E-02  0.4935262E-02  0.1024027E-01
 0.5750000E+02  0.9782861E-03  0.4328704E-02  0.4933278E-02  0.1024027E-01
 0.5760000E+02  0.9807813E-03  0.4328203E-02  0.4931284E-02  0.1024027E-01
 0.5770000E+02  0.9832773E-03  0.4327712E-02  0.4929279E-02  0.1024027E-01
 0.5780000E+02  0.9857741E-03  0.4327230E-02  0.4927263E-02  0.1024027E-01
 0.5790000E+02  0.9882718E-03  0.4326759E-02  0.4925237E-02  0.1024027E-01
 0.5800000E+02  0.9907701E-03  0.4326297E-02  0.4923201E-02  0.1024027E-01
 0.5810000E+02  0.9932693E-03  0.4325845E-02  0.4921153E-02  0.1024027E-01
 0.5820000E+02  0.9957692E-03  0.4325403E-02  0.4919096E-02  0.1024027E-01
 0.5830000E+02  0.9982698E-03  0.4324971E-02  0.4917027E-02  0.1024027E-01
 0.5840000E+02  0.1000771E-02  0.4324548E-02  0.4914949E-02  0.1024027E-01
 0.5850000E+02  0.1003273E-02  0.4324135E-02  0.4912859E-02  0.1024027E-01
 0.5860000E+02  0.1005776E-02  0.4323732E-02  0.4910760E-02  0.1024027E-01
 0.5870000E+02  0.1008279E-02  0.4323339E-02  0.4908650E-02  0.1024027E-01
 0.5880000E+02  0.1010783E-02  0.4322956E-02  0.4906529E-02  0.1024027E-01
 0.5890000E+02  0.1013288E-02  0.4322582E-02  0.4904398E-02  0.1024027E-01
 0.5900000E+02  0.1015794E-02  0.4322218E-02  0.4902256E-02  0.1024027E-01
 0.5910000E+02  0.1018300E-02  0.4321864E-02  0.4900105E-02  0.1024027E-01
 0.5920000E+02  0.1020806E-02  0.4321520E-02  0.4897942E-02  0.1024027E-01
 0.5930000E+02  0.1023313E-02  0.4321185E-02  0.4895770E-02  0.1024027E-01
 0.5940000E+02  0.1025821E-02  0.4320860E-02  0.4893587E-02  0.1024027E-01
 0.5950000E+02  0.1028330E-02  0.4320545E-02  0.4891393E-02  0.1024027E-01
 0.5960000E+02  0.1030838E-02  0.4320240E-02  0.4889190E-02  0.1024027E-01
 0.5970000E+02  0.1033348E-02  0.4319944E-02  0.4886976E-02  0.1024027E-01
 0.5980000E+02  0.1035858E-02  0.4319658E-02  0.4884752E-02  0.1024027E-01
 0.5990000E+02  0.1038368E-02  0.4319382E-02  0.4882517E-02  0.1024027E-01
 0.6000000E+02  0.1040879E-02  0.4319116E-02  0.4880273E-02  0.1024027E-01
 0.6010000E+02  0.1043391E-02  0.4318860E-02  0.4878018E-02  0.1024027E-01
 0.6020000E+02  0.1045903E-02  0.4318613E-02  0.4875752E-02  0.1024027E-01
 0.6030000E+02  0.1048415E-02  0.4318376E-02  0.4873477E-02  0.1024027E-01
 0.6040000E+02  0.1050928E-02  0.4318149E-02  0.4871192E-02  0.1024027E-01
 0.6050000E+02  0.1053441E-02  0.4317931E-02  0.4868896E-02  0.1024027E-01
 0.6060000E+02  0.1055955E-02  0.4317723E-02  0.4866590E-02  0.1024027E-01
 0.6070000E+02  0.1058469E-02  0.4317525E-02  0.4864274E-02  0.1024027E-01
 0.6080000E+02  0.1060983E-02  0.4317337E-02  0.4861948E-02  0.1024027E-01
 0.6090000E+02  0.1063498E-02  0.4317158E-02  0.4859612E-02  0.1024027E-01
 0.6100000E+02  0.1066013E-02  0.4316989E-02  0.4857266E-02  0.1024027E-01
 0.6110000E+02  0.1068529E-02  0.4316830E-02  0.4854910E-02  0.1024027E-01
 0.6120000E+02  0.1071044E-02  0.4316680E-02  0.4852543E-02  0.1024027E-01
 0.6130000E+02  0.1073560E-02  0.4316540E-02  0.4850167E-02  0.1024027E-01
 0.6140000E+02  0.1076077E-02  0.4316410E-02  0.4847781E-02  0.1024027E-01
 0.6150000E+02  0.1078593E-02  0.4316290E-02  0.4845385E-02  0.1024027E-01
 0.6160000E+02  0.1081110E-02  0.4316179E-02  0.4842979E-02  0.1024027E-01
 0.6170000E+02  0.1083627E-02  0.4316078E-02  0.4840563E-02  0.1024027E-01
 0.6180000E+02  0.1086145E-02  0.4315987E-02  0.4838137E-02  0.1024027E-01
 0.6190000E+02  0.1088662E-02  0.4315905E-02  0.4835701E-02  0.1024027E-01
 0.6200000E+02  0.1091180E-02  0.4315833E-02  0.4833255E-02  0.1024027E-01
 0.6210000E+02  0.1093698E-02  0.4315770E-02  0.4830800E-02  0.1024027E-01
 0.6220000E+02  0.1096216E-02  0.4315718E-02  0.4828335E-02  0.1024027E-01
 0.6230000E+02  0.1098734E-02  0.4315674E-02  0.4825860E-02  0.1024027E-01
 0.6240000E+02  0.1101252E-02  0.4315641E-02  0.4823375E-02  0.1024027E-01
 0.6250000E+02  0.1103771E-02  0.4315617E-02  0.4820880E-02  0.1024027E-01
 0.6260000E+02  0.1106289E-02  0.4315603E-02  0.4818376E-02  0.1024027E-01
 0.6270000E+02  0.1108808E-02  0.4315598E-02  0.4815862E-02  0.1024027E-01
 0.6280000E+02  0.1111326E-02  0.4315603E-02  0.4813339E-02  0.1024027E-01
 0.6290000E+02  0.1113845E-02  0.4315617E-02  0.4810806E-02  0.1024027E-01
 0.6300000E+02  0.1116363E-02  0.4315642E-02  0.4808263E-02  0.1024027E-01
 0.6310000E+02  0.1118882E-02  0.4315675E-02  0.4805711E-02  0.1024027E-01
 0.6320000E+02  0.1121401E-02  0.4315718E-02  0.4803149E-02  0.1024027E-01
 0.6330000E+02  0.1123919E-02  0.4315771E-02  0.4800578E-02  0.1024027E-01
 0.6340000E+02  0.1126438E-02  0.4315834E-02  0.4797997E-02  0.1024027E-01
 0.6350000E+02  0.1128956E-02  0.4315905E-02  0.4795406E-02  0.1024027E-01
 0.6360000E+02  0.1131475E-02  0.4315987E-02  0.4792807E-02  0.1024027E-01
 0.6370000E+02  0.1133993E-02  0.4316078E-02  0.4790197E-02  0.1024027E-01
 0.6380000E+02  0.1136511E-02  0.4316178E-02  0.4787579E-02  0.1024027E-01
 0.6390000E+02  0.1139029E-02  0.4316288E-02  0.4784951E-02  0.1024027E-01
 0.6400000E+02  0.1141547E-02  0.4316408E-02  0.4782313E-02  0.1024027E-01
 0.6410000E+02  0.1144065E-02  0.4316537E-02  0.4779667E-02  0.1024027E-01
 0.6420000E+02  0.1146582E-02  0.4316675E-02  0.4777011E-02  0.1024027E-01
 0.6430000E+02  0.1149099E-02  0.4316823E-02  0.4774346E-02  0.1024027E-01
 0.6440000E+02  0.1151616E-02  0.4316980E-02  0.4771671E-02  0.1024027E-01
 0.6450000E+02  0.1154133E-02  0.4317147E-02  0.4768988E-02  0.1024027E-01
 0.6460000E+02  0.1156650E-02  0.4317323E-02  0.4766295E-02  0.1024027E-01
 0.6470000E+02  0.1159166E-02  0.4317509E-02  0.4763593E-02  0.1024027E-01
 0.6480000E+02  0.1161682E-02  0.4317704E-02  0.4760882E-02  0.1024027E-01
 0.6490000E+02  0.1164198E-02  0.4317909E-02  0.4758162E-02  0.1024027E-01
 0.6500000E+02  0.1166713E-02  0.4318123E-02  0.4755432E-02  0.1024027E-01
 0.6510000E+02  0.1169228E-02  0.4318346E-02  0.4752694E-02  0.1024027E-01
 0.6520000E+02  0.1171743E-02  0.4318578E-02  0.4749947E-02  0.1024027E-01
 0.6530000E+02  0.1174257E-02  0.4318820E-02  0.4747191E-02  0.1024027E-01
 0.6540000E+02  0.1176771E-02  0.4319072E-02  0.4744426E-02  0.1024027E-01
 0.6550000E+02  0.1179284E-02  0.4319332E-02  0.4741652E-02  0.1024027E-01
 0.6560000E+02  0.1181797E-02  0.4319602E-02  0.4738869E-02  0.1024027E-01
 0.6570000E+02  0.1184309E-02  0.4319882E-02  0.4736077E-02  0.1024027E-01
 0.6580000E+02  0.1186821E-02  0.4320170E-02  0.4733276E-02  0.1024027E-01
 0.6590000E+02  0.1189333E-02  0.4320468E-02  0.4730467E-02  0.1024027E-01
 0.6600000E+02  0.1191844E-02  0.4320775E-02  0.4727649E-02  0.1024027E-01
 0.6610000E+02  0.1194354E-02  0.4321092E-02  0.4724822E-02  0.1024027E-01
 0.6620000E+02  0.1196864E-02  0.4321418E-02  0.4721986E-02  0.1024027E-01
 0.6630000E+02  0.1199373E-02  0.4321752E-02  0.4719142E-02  0.1024027E-01
 0.6640000E+02  0.1201882E-02  0.4322097E-02  0.4716289E-02  0.1024027E-01
 0.6650000E+02  0.1204390E-02  0.4322450E-02  0.4713428E-02  0.1024027E-01
 0.6660000E+02  0.1206898E-02  0.4322812E-02  0.4710558E-02  0.1024027E-01
 0.6670000E+02  0.1209404E-02  0.4323184E-02  0.4707679E-02  0.1024027E-01
 0.6680000E+02  0.1211911E-02  0.4323565E-02  0.4704792E-02  0.1024027E-01
 0.6690000E+02  0.1214416E-02  0.4323955E-02  0.4701897E-02  0.1024027E-01
 0.6700000E+02  0.1216921E-02  0.4324354E-02  0.4698993E-02  0.1024027E-01
 0.6710000E+02  0.1219425E-02  0.4324763E-02  0.4696081E-02  0.1024027E-01
 0.6720000E+02  0.1221928E-02  0.4325180E-02  0.4693160E-02  0.1024027E-01
 0.6730000E+02  0.1224430E-02  0.4325607E-02  0.4690231E-02  0.1024027E-01
 0.6740000E+02  0.1226932E-02  0.4326042E-02  0.4687294E-02  0.1024027E-01
 0.6750000E+02  0.1229433E-02  0.4326487E-02  0.4684348E-02  0.1024027E-01
 0.6760000E+02  0.1231933E-02  0.4326941E-02  0.4681394E-02  0.1024027E-01
 0.6770000E+02  0.1234432E-02  0.4327404E-02  0.4678432E-02  0.1024027E-01
 0.6780000E+02  0.1236931E-02  0.4327876E-02  0.4675462E-02  0.1024027E-01
 0.6790000E+02  0.1239428E-02  0.4328356E-02  0.4672484E-02  0.1024027E-01
 0.6800000E+02  0.1241925E-02  0.4328846E-02  0.4669497E-02  0.1024027E-01
 0.6810000E+02  0.1244420E-02  0.4329345E-02  0.4666503E-02  0.1024027E-01
 0.6820000E+02  0.1246915E-02  0.4329853E-02  0.4663500E-02  0.1024027E-01
 0.6830000E+02  0.1249409E-02  0.4330370E-02  0.4660490E-02  0.1024027E-01
 0.6840000E+02  0.1251902E-02  0.4330895E-02  0.4657471E-02  0.1024027E-01
 0.6850000E+02  0.1254393E-02  0.4331430E-02  0.4654445E-02  0.1024027E-01
 0.6860000E+02  0.1256884E-02  0.4331974E-02  0.4651410E-02  0.1024027E-01
 0.6870000E+02  0.1259374E-02  0.4332526E-02  0.4648368E-02  0.1024027E-01
 0.6880000E+02  0.1261863E-02  0.4333087E-02  0.4645318E-02  0.1024027E-01
 0.6890000E+02  0.1264350E-02  0.4333658E-02  0.4642260E-02  0.1024027E-01
 0.6900000E+02  0.1266837E-02  0.4334237E-02  0.4639195E-02  0.1024027E-01
 0.6910000E+02  0.1269322E-02  0.4334824E-02  0.4636122E-02  0.1024027E-01
 0.6920000E+02  0.1271806E-02  0.4335421E-02  0.4633041E-02  0.1024027E-01
 0.6930000E+02  0.1274289E-02  0.4336027E-02  0.4629952E-02  0.1024027E-01
 0.6940000E+02  0.1276771E-02  0.4336641E-02  0.4626856E-02  0.1024027E-01
 0.6950000E+02  0.1279252E-02  0.4337264E-02  0.4623752E-02  0.1024027E-01
 0.6960000E+02  0.1281731E-02  0.4337896E-02  0.4620641E-02  0.1024027E-01
 0.6970000E+02  0.1284210E-02  0.4338536E-02  0.4617522E-02  0.1024027E-01
 0.6980000E+02  0.1286687E-02  0.4339185E-02  0.4614396E-02  0.1024027E-01
 0.6990000E+02  0.1289163E-02  0.4339843E-02  0.4611262E-02  0.1024027E-01
 0.7000000E+02  0.1291637E-02  0.4340510E-02  0.4608121E-02  0.1024027E-01
 0.7010000E+02  0.1294110E-02  0.4341185E-02  0.4604973E-02  0.1024027E-01
 0.7020000E+02  0.1296582E-02  0.4341869E-02  0.4601817E-02  0.1024027E-01
 0.7030000E+02  0.1299052E-02  0.4342561E-02  0.4598654E-02  0.1024027E-01
 0.7040000E+02  0.1301522E-02  0.4343262E-02  0.4595484E-02  0.1024027E-01
 0.7050000E+02  0.1303989E-02  0.4343972E-02  0.4592307E-02  0.1024027E-01
 0.7060000E+02  0.1306456E-02  0.4344690E-02  0.4589122E-02  0.1024027E-01
 0.7070000E+02  0.1308920E-02  0.4345417E-02  0.4585931E-02  0.1024027E-01
 0.7080000E+02  0.1311384E-02  0.4346152E-02  0.4582732E-02  0.1024027E-01
 0.7090000E+02  0.1313846E-02  0.4346896E-02  0.4579526E-02  0.1024027E-01
 0.7100000E+02  0.1316306E-02  0.4347649E-02  0.4576313E-02  0.1024027E-01
 0.7110000E+02  0.1318765E-02  0.4348409E-02  0.4573093E-02  0.1024027E-01
 0.7120000E+02  0.1321223E-02  0.4349179E-02  0.4569867E-02  0.1024027E-01
 0.7130000E+02  0.1323679E-02  0.4349956E-02  0.4566633E-02  0.1024027E-01
 0.7140000E+02  0.1326133E-02  0.4350743E-02  0.4563392E-02  0.1024027E-01
 0.7150000E+02  0.1328586E-02  0.4351537E-02  0.4560145E-02  0.1024027E-01
 0.7160000E+02  0.1331037E-02  0.4352340E-02  0.4556891E-02  0.1024027E-01
 0.7170000E+02  0.1333486E-02  0.4353152E-02  0.4553630E-02  0.1024027E-01
 0.7180000E+02  0.1335934E-02  0.4353971E-02  0.4550363E-02  0.1024027E-01
 0.7190000E+02  0.1338381E-02  0.4354799E-02  0.4547088E-02  0.1024027E-01
 0.7200000E+02  0.1340825E-02  0.4355636E-02  0.4543807E-02  0.1024027E-01
 0.7210000E+02  0.1343268E-02  0.4356480E-02  0.4540520E-02  0.1024027E-01
 0.7220000E+02  0.1345709E-02  0.4357333E-02  0.4537226E-02  0.1024027E-01
 0.7230000E+02  0.1348148E-02  0.4358194E-02  0.4533925E-02  0.1024027E-01
 0.7240000E+02  0.1350586E-02  0.4359064E-02  0.4530618E-02  0.1024027E-01
 0.7250000E+02  0.1353022E-02  0.4359941E-02  0.4527305E-02  0.1024027E-01
 0.7260000E+02  0.1355456E-02  0.4360827E-02  0.4523985E-02  0.1024027E-01
 0.7270000E+02  0.1357888E-02  0.4361721E-02  0.4520659E-02  0.1024027E-01
 0.7280000E+02  0.1360319E-02  0.4362623E-02  0.4517326E-02  0.1024027E-01
 0.7290000E+02  0.1362747E-02  0.4363534E-02  0.4513987E-02  0.1024027E-01
 0.7300000E+02  0.1365174E-02  0.4364452E-02  0.4510642E-02  0.1024027E-01
 0.7310000E+02  0.1367599E-02  0.4365378E-02  0.4507291E-02  0.1024027E-01
 0.7320000E+02  0.1370021E-02  0.4366313E-02  0.4503934E-02  0.1024027E-01
 0.7330000E+02  0.1372442E-02  0.4367256E-02  0.4500570E-02  0.1024027E-01
 0.7340000E+02  0.1374861E-02  0.4368206E-02  0.4497200E-02  0.1024027E-01
 0.7350000E+02  0.1377278E-02  0.4369165E-02  0.4493825E-02  0.1024027E-01
 0.7360000E+02  0.1379693E-02  0.4370132E-02  0.4490443E-02  0.1024027E-01
 0.7370000E+02  0.1382106E-02  0.4371106E-02  0.4487055E-02  0.1024027E-01
 0.7380000E+02  0.1384517E-02  0.4372089E-02  0.4483662E-02  0.1024027E-01
 0.7390000E+02  0.1386926E-02  0.4373079E-02  0.4480262E-02  0.1024027E-01
 0.7400000E+02  0.1389333E-02  0.4374078E-02  0.4476857E-02  0.1024027E-01
 0.7410000E+02  0.1391738E-02  0.4375084E-02  0.4473446E-02  0.1024027E-01
 0.7420000E+02  0.1394141E-02  0.4376098E-02  0.4470029E-02  0.1024027E-01
 0.7430000E+02  0.1396541E-02  0.4377120E-02  0.4466606E-02  0.1024027E-01
 0.7440000E+02  0.1398940E-02  0.4378150E-02  0.4463178E-02  0.1024027E-01
 0.7450000E+02  0.1401336E-02  0.4379188E-02  0.4459744E-02  0.1024027E-01
 0.7460000E+02  0.1403730E-02  0.4380233E-02  0.4456304E-02  0.1024027E-01
 0.7470000E+02  0.1406122E-02  0.4381287E-02  0.4452859E-02  0.1024027E-01
 0.7480000E+02  0.1408512E-02  0.4382348E-02  0.4449408E-02  0.1024027E-01
 0.7490000E+02  0.1410900E-02  0.4383416E-02  0.4445952E-02  0.1024027E-01
 0.7500000E+02  0.1413285E-02  0.4384493E-02  0.4442491E-02  0.1024027E-01
 0.7510000E+02  0.1415668E-02  0.4385577E-02  0.4439024E-02  0.1024027E-01
 0.7520000E+02  0.1418049E-02  0.4386668E-02  0.4435551E-02  0.1024027E-01
 0.7530000E+02  0.1420427E-02  0.4387768E-02  0.4432073E-02  0.1024027E-01
 0.7540000E+02  0.1422803E-02  0.4388875E-02  0.4428590E-02  0.1024027E-01
 0.7550000E+02  0.1425177E-02  0.4389989E-02  0.4425102E-02  0.1024027E-01
 0.7560000E+02  0.1427548E-02  0.4391111E-02  0.4421609E-02  0.1024027E-01
 0.7570000E+02  0.1429917E-02  0.4392241E-02  0.4418110E-02  0.1024027E-01
 0.7580000E+02  0.1432284E-02  0.4393378E-02  0.4414606E-02  0.1024027E-01
 0.7590000E+02  0.1434648E-02  0.4394523E-02  0.4411097E-02  0.1024027E-01
 0.7600000E+02  0.1437010E-02  0.4395675E-02  0.4407583E-02  0.1024027E-01
 0.7610000E+02  0.1439369E-02  0.4396835E-02  0.4404064E-02  0.1024027E-01
 0.7620000E+02  0.1441726E-02  0.4398002E-02  0.4400540E-02  0.1024027E-01
 0.7630000E+02  0.1444080E-02  0.4399176E-02  0.4397011E-02  0.1024027E-01
 0.7640000E+02  0.1446432E-02  0.4400358E-02  0.4393478E-02  0.1024027E-01
 0.7650000E+02  0.1448782E-02  0.4401547E-02  0.4389939E-02  0.1024027E-01
 0.7660000E+02  0.1451129E-02  0.4402744E-02  0.4386396E-02  0.1024027E-01
 0.7670000E+02  0.1453473E-02  0.4403948E-02  0.4382847E-02  0.1024027E-01
 0.7680000E+02  0.1455815E-02  0.4405159E-02  0.4379294E-02  0.1024027E-01
 0.7690000E+02  0.1458154E-02  0.4406377E-02  0.4375737E-02  0.1024027E-01
 0.7700000E+02  0.1460490E-02  0.4407603E-02  0.4372174E-02  0.1024027E-01
 0.7710000E+02  0.1462824E-02  0.4408836E-02  0.4368608E-02  0.1024027E-01
 0.7720000E+02  0.1465156E-02  0.4410076E-02  0.4365036E-02  0.1024027E-01
 0.7730000E+02  0.1467484E-02  0.4411324E-02  0.4361460E-02  0.1024027E-01
 0.7740000E+02  0.1469810E-02  0.4412578E-02  0.4357880E-02  0.1024027E-01
 0.7750000E+02  0.1472134E-02  0.4413840E-02  0.4354295E-02  0.1024027E-01
 0.7760000E+02  0.1474454E-02  0.4415109E-02  0.4350705E-02  0.1024027E-01
 0.7770000E+02  0.1476772E-02  0.4416384E-02  0.4347112E-02  0.1024027E-01
 0.7780000E+02  0.1479087E-02  0.4417667E-02  0.4343513E-02  0.1024027E-01
 0.7790000E+02  0.1481400E-02  0.4418957E-02  0.4339911E-02  0.1024027E-01
 0.7800000E+02  0.1483709E-02  0.4420254E-02  0.4336305E-02  0.1024027E-01
 0.7810000E+02  0.1486016E-02  0.4421558E-02  0.4332694E-02  0.1024027E-01
 0.7820000E+02  0.1488320E-02  0.4422869E-02  0.4329079E-02  0.1024027E-01
 0.7830000E+02  0.1490621E-02  0.4424187E-02  0.4325460E-02  0.1024027E-01
 0.7840000E+02  0.1492920E-02  0.4425512E-02  0.4321836E-02  0.1024027E-01
 0.7850000E+02  0.1495215E-02  0.4426844E-02  0.4318209E-02  0.1024027E-01
 0.7860000E+02  0.1497508E-02  0.4428182E-02  0.4314578E-02  0.1024027E-01
 0.7870000E+02  0.1499798E-02  0.4429528E-02  0.4310942E-02  0.1024027E-01
 0.7880000E+02  0.1502085E-02  0.4430880E-02  0.4307303E-02  0.1024027E-01
 0.7890000E+02  0.1504369E-02  0.4432239E-02  0.4303660E-02  0.1024027E-01
 0.7900000E+02  0.1506650E-02  0.4433605E-02  0.4300013E-02  0.1024027E-01
 0.7910000E+02  0.1508928E-02  0.4434978E-02  0.4296362E-02  0.1024027E-01
 0.7920000E+02  0.1511203E-02  0.4436357E-02  0.4292708E-02  0.1024027E-01
 0.7930000E+02  0.1513475E-02  0.4437743E-02  0.4289050E-02  0.1024027E-01
 0.7940000E+02  0.1515745E-02  0.4439136E-02  0.4285388E-02  0.1024027E-01
 0.7950000E+02  0.1518011E-02  0.4440535E-02  0.4281722E-02  0.1024027E-01
 0.7960000E+02  0.1520274E-02  0.4441942E-02  0.4278053E-02  0.1024027E-01
 0.7970000E+02  0.1522534E-02  0.4443354E-02  0.4274380E-02  0.1024027E-01
 0.7980000E+02  0.1524791E-02  0.4444774E-02  0.4270703E-02  0.1024027E-01
 0.7990000E+02  0.1527045E-02  0.4446199E-02  0.4267023E-02  0.1024027E-01
 0.8000000E+02  0.1529296E-02  0.4447632E-02  0.4263340E-02  0.1024027E-01
 0.8010000E+02  0.1531544E-02  0.4449071E-02  0.4259653E-02  0.1024027E-01
 0.8020000E+02  0.1533789E-02  0.4450516E-02  0.4255963E-02  0.1024027E-01
 0.8030000E+02  0.1536030E-02  0.4451968E-02  0.4252270E-02  0.1024027E-01
 0.8040000E+02  0.1538269E-02  0.4453426E-02  0.4248573E-02  0.1024027E-01
 0.8050000E+02  0.1540504E-02  0.4454891E-02  0.4244873E-02  0.1024027E-01
 0.8060000E+02  0.1542736E-02  0.4456362E-02  0.4241169E-02  0.1024027E-01
 0.8070000E+02  0.1544965E-02  0.4457840E-02  0.4237463E-02  0.1024027E-01
 0.8080000E+02  0.1547191E-02  0.4459324E-02  0.4233753E-02  0.1024027E-01
 0.8090000E+02  0.1549414E-02  0.4460814E-02  0.4230040E-02  0.1024027E-01
 0.8100000E+02  0.1551633E-02  0.4462311E-02  0.4226324E-02  0.1024027E-01
 0.8110000E+02  0.1553849E-02  0.4463813E-02  0.4222605E-02  0.1024027E-01
 0.8120000E+02  0.1556062E-02  0.4465322E-02  0.4218883E-02  0.1024027E-01
 0.8130000E+02  0.1558272E-02  0.4466838E-02  0.4215159E-02  0.1024027E-01
 0.8140000E+02  0.1560478E-02  0.4468359E-02  0.4211431E-02  0.1024027E-01
 0.8150000E+02  0.1562681E-02  0.4469887E-02  0.4207700E-02  0.1024027E-01
 0.8160000E+02  0.1564881E-02  0.4471420E-02  0.4203966E-02  0.1024027E-01
 0.8170000E+02  0.1567078E-02  0.4472960E-02  0.4200230E-02  0.1024027E-01
 0.8180000E+02  0.1569271E-02  0.4474506E-02  0.4196491E-02  0.1024027E-01
 0.8190000E+02  0.1571461E-02  0.4476058E-02  0.4192749E-02  0.1024027E-01
 0.8200000E+02  0.1573647E-02  0.4477616E-02  0.4189005E-02  0.1024027E-01
 0.8210000E+02  0.1575830E-02  0.4479181E-02  0.4185257E-02  0.1024027E-01
 0.8220000E+02  0.1578010E-02  0.4480751E-02  0.4181508E-02  0.1024027E-01
 0.8230000E+02  0.1580186E-02  0.4482327E-02  0.4177755E-02  0.1024027E-01
 0.8240000E+02  0.1582359E-02  0.4483909E-02  0.4174000E-02  0.1024027E-01
 0.8250000E+02  0.1584529E-02  0.4485497E-02  0.4170243E-02  0.1024027E-01
 0.8260000E+02  0.1586695E-02  0.4487091E-02  0.4166483E-02  0.1024027E-01
 0.8270000E+02  0.1588857E-02  0.4488690E-02  0.4162720E-02  0.1024027E-01
 0.8280000E+02  0.1591017E-02  0.4490296E-02  0.4158956E-02  0.1024027E-01
 0.8290000E+02  0.1593172E-02  0.4491907E-02  0.4155188E-02  0.1024027E-01
 0.8300000E+02  0.1595324E-02  0.4493525E-02  0.4151419E-02  0.1024027E-01
 0.8310000E+02  0.1597473E-02  0.4495148E-02  0.4147647E-02  0.1024027E-01
 0.8320000E+02  0.1599619E-02  0.4496776E-02  0.4143873E-02  0.1024027E-01
 0.8330000E+02  0.1601760E-02  0.4498411E-02  0.4140097E-02  0.1024027E-01
 0.8340000E+02  0.1603899E-02  0.4500051E-02  0.4136319E-02  0.1024027E-01
 0.8350000E+02  0.1606033E-02  0.4501697E-02  0.4132538E-02  0.1024027E-01
 0.8360000E+02  0.1608164E-02  0.4503348E-02  0.4128755E-02  0.1024027E-01
 0.8370000E+02  0.1610292E-02  0.4505005E-02  0.4124971E-02  0.1024027E-01
 0.8380000E+02  0.1612416E-02  0.4506668E-02  0.4121184E-02  0.1024027E-01
 0.8390000E+02  0.1614536E-02  0.4508336E-02  0.4117395E-02  0.1024027E-01
 0.8400000E+02  0.1616653E-02  0.4510010E-02  0.4113605E-02  0.1024027E-01
 0.8410000E+02  0.1618767E-02  0.4511689E-02  0.4109812E-02  0.1024027E-01
 0.8420000E+02  0.1620876E-02  0.4513374E-02  0.4106018E-02  0.1024027E-01
 0.8430000E+02  0.1622982E-02  0.4515064E-02  0.4102221E-02  0.1024027E-01
 0.8440000E+02  0.1625085E-02  0.4516760E-02  0.4098423E-02  0.1024027E-01
 0.8450000E+02  0.1627184E-02  0.4518461E-02  0.4094623E-02  0.1024027E-01
 0.8460000E+02  0.1629279E-02  0.4520168E-02  0.4090822E-02  0.1024027E-01
 0.8470000E+02  0.1631370E-02  0.4521880E-02  0.4087018E-02  0.1024027E-01
 0.8480000E+02  0.1633458E-02  0.4523597E-02  0.4083213E-02  0.1024027E-01
 0.8490000E+02  0.1635542E-02  0.4525319E-02  0.4079407E-02  0.1024027E-01
 0.8500000E+02  0.1637623E-02  0.4527047E-02  0.4075598E-02  0.1024027E-01
 0.8510000E+02  0.1639699E-02  0.4528780E-02  0.4071788E-02  0.1024027E-01
 0.8520000E+02  0.1641772E-02  0.4530518E-02  0.4067977E-02  0.1024027E-01
 0.8530000E+02  0.1643842E-02  0.4532262E-02  0.4064164E-02  0.1024027E-01
 0.8540000E+02  0.1645907E-02  0.4534011E-02  0.4060350E-02  0.1024027E-01
 0.8550000E+02  0.1647969E-02  0.4535765E-02  0.4056534E-02  0.1024027E-01
 0.8560000E+02  0.1650027E-02  0.4537524E-02  0.4052717E-02  0.1024027E-01
 0.8570000E+02  0.1652082E-02  0.4539288E-02  0.4048899E-02  0.1024027E-01
 0.8580000E+02  0.1654132E-02  0.4541057E-02  0.4045079E-02  0.1024027E-01
 0.8590000E+02  0.1656179E-02  0.4542831E-02  0.4041258E-02  0.1024027E-01
 0.8600000E+02  0.1658222E-02  0.4544610E-02  0.4037435E-02  0.1024027E-01
 0.8610000E+02  0.1660262E-02  0.4546395E-02  0.4033612E-02  0.1024027E-01
 0.8620000E+02  0.1662297E-02  0.4548184E-02  0.4029787E-02  0.1024027E-01
 0.8630000E+02  0.1664329E-02  0.4549978E-02  0.4025961E-02  0.1024027E-01
 0.8640000E+02  0.1666357E-02  0.4551777E-02  0.4022134E-02  0.1024027E-01
 0.8650000E+02  0.1668381E-02  0.4553581E-02  0.4018306E-02  0.1024027E-01
 0.8660000E+02  0.1670401E-02  0.4555390E-02  0.4014477E-02  0.1024027E-01
 0.8670000E+02  0.1672417E-02  0.4557204E-02  0.4010647E-02  0.1024027E-01
 0.8680000E+02  0.1674430E-02  0.4559023E-02  0.4006816E-02  0.1024027E-01
 0.8690000E+02  0.1676439E-02  0.4560846E-02  0.4002983E-02  0.1024027E-01
 0.8700000E+02  0.1678444E-02  0.4562674E-02  0.3999150E-02  0.1024027E-01
 0.8710000E+02  0.1680445E-02  0.4564507E-02  0.3995316E-02  0.1024027E-01
 0.8720000E+02  0.1682442E-02  0.4566345E-02  0.3991482E-02  0.1024027E-01
 0.8730000E+02  0.1684435E-02  0.4568187E-02  0.3987646E-02  0.1024027E-01
 0.8740000E+02  0.1686424E-02  0.4570034E-02  0.3983810E-02  0.1024027E-01
 0.8750000E+02  0.1688410E-02  0.4571886E-02  0.3979973E-02  0.1024027E-01
 0.8760000E+02  0.1690391E-02  0.4573742E-02  0.3976135E-02  0.1024027E-01
 0.8770000E+02  0.1692369E-02  0.4575603E-02  0.3972296E-02  0.1024027E-01
 0.8780000E+02  0.1694343E-02  0.4577468E-02  0.3968457E-02  0.1024027E-01
 0.8790000E+02  0.1696313E-02  0.4579338E-02  0.3964617E-02  0.1024027E-01
 0.8800000E+02  0.1698279E-02  0.4581212E-02  0.3960777E-02  0.1024027E-01
 0.8810000E+02  0.1700241E-02  0.4583091E-02  0.3956936E-02  0.1024027E-01
 0.8820000E+02  0.1702199E-02  0.4584975E-02  0.3953094E-02  0.1024027E-01
 0.8830000E+02  0.1704153E-02  0.4586863E-02  0.3949252E-02  0.1024027E-01
 0.8840000E+02  0.1706103E-02  0.4588755E-02  0.3945410E-02  0.1024027E-01
 0.8850000E+02  0.1708049E-02  0.4590652E-02  0.3941567E-02  0.1024027E-01
 0.8860000E+02  0.1709992E-02  0.4592553E-02  0.3937724E-02  0.1024027E-01
 0.8870000E+02  0.1711930E-02  0.4594458E-02  0.3933880E-02  0.1024027E-01
 0.8880000E+02  0.1713864E-02  0.4596368E-02  0.3930036E-02  0.1024027E-01
 0.8890000E+02  0.1715795E-02  0.4598281E-02  0.3926192E-02  0.1024027E-01
 0.8900000E+02  0.1717721E-02  0.4600200E-02  0.3922347E-02  0.1024027E-01
 0.8910000E+02  0.1719644E-02  0.4602122E-02  0.3918502E-02  0.1024027E-01
 0.8920000E+02  0.1721562E-02  0.4604049E-02  0.3914657E-02  0.1024027E-01
 0.8930000E+02  0.1723476E-02  0.4605979E-02  0.3910812E-02  0.1024027E-01
 0.8940000E+02  0.1725387E-02  0.4607914E-02  0.3906967E-02  0.1024027E-01
 0.8950000E+02  0.1727293E-02  0.4609853E-02  0.3903121E-02  0.1024027E-01
 0.8960000E+02  0.1729196E-02  0.4611797E-02  0.3899276E-02  0.1024027E-01
 0.8970000E+02  0.1731094E-02  0.4613744E-02  0.3895430E-02  0.1024027E-01
 0.8980000E+02  0.1732989E-02  0.4615695E-02  0.3891584E-02  0.1024027E-01
 0.8990000E+02  0.1734879E-02  0.4617650E-02  0.3887739E-02  0.1024027E-01
 0.9000000E+02  0.1736765E-02  0.4619610E-02  0.3883893E-02  0.1024027E-01
 0.9010000E+02  0.1738648E-02  0.4621573E-02  0.3880047E-02  0.1024027E-01
 0.9020000E+02  0.1740526E-02  0.4623540E-02  0.3876202E-02  0.1024027E-01
 0.9030000E+02  0.1742400E-02  0.4625511E-02  0.3872356E-02  0.1024027E-01
 0.9040000E+02  0.1744271E-02  0.4627487E-02  0.3868511E-02  0.1024027E-01
 0.9050000E+02  0.1746137E-02  0.4629465E-02  0.3864666E-02  0.1024027E-01
 0.9060000E+02  0.1747999E-02  0.4631448E-02  0.3860821E-02  0.1024027E-01
 0.9070000E+02  0.1749857E-02  0.4633435E-02  0.3856976E-02  0.1024027E-01
 0.9080000E+02  0.1751711E-02  0.4635425E-02  0.3853132E-02  0.1024027E-01
 0.9090000E+02  0.1753561E-02  0.4637419E-02  0.3849287E-02  0.1024027E-01
 0.9100000E+02  0.1755407E-02  0.4639417E-02  0.3845444E-02  0.1024027E-01
 0.9110000E+02  0.1757249E-02  0.4641419E-02  0.3841600E-02  0.1024027E-01
 0.9120000E+02  0.1759087E-02  0.4643424E-02  0.3837757E-02  0.1024027E-01
 0.9130000E+02  0.1760921E-02  0.4645433E-02  0.3833914E-02  0.1024027E-01
 0.9140000E+02  0.1762751E-02  0.4647446E-02  0.3830072E-02  0.1024027E-01
 0.9150000E+02  0.1764576E-02  0.4649462E-02  0.3826230E-02  0.1024027E-01
 0.9160000E+02  0.1766398E-02  0.4651482E-02  0.3822388E-02  0.1024027E-01
 0.9170000E+02  0.1768215E-02  0.4653505E-02  0.3818548E-02  0.1024027E-01
 0.9180000E+02  0.1770029E-02  0.4655532E-02  0.3814707E-02  0.1024027E-01
 0.9190000E+02  0.1771838E-02  0.4657562E-02  0.3810867E-02  0.1024027E-01
 0.9200000E+02  0.1773644E-02  0.4659596E-02  0.3807028E-02  0.1024027E-01
 0.9210000E+02  0.1775445E-02  0.4661634E-02  0.3803190E-02  0.1024027E-01
 0.9220000E+02  0.1777242E-02  0.4663674E-02  0.3799352E-02  0.1024027E-01
 0.9230000E+02  0.1779035E-02  0.4665719E-02  0.3795514E-02  0.1024027E-01
 0.9240000E+02  0.1780824E-02  0.4667766E-02  0.3791678E-02  0.1024027E-01
 0.9250000E+02  0.1782609E-02  0.4669817E-02  0.3787842E-02  0.1024027E-01
 0.9260000E+02  0.1784390E-02  0.4671871E-02  0.3784007E-02  0.1024027E-01
 0.9270000E+02  0.1786167E-02  0.4673929E-02  0.3780172E-02  0.1024027E-01
 0.9280000E+02  0.1787939E-02  0.4675990E-02  0.3776339E-02  0.1024027E-01
 0.9290000E+02  0.1789708E-02  0.4678054E-02  0.3772506E-02  0.1024027E-01
 0.9300000E+02  0.1791472E-02  0.4680121E-02  0.3768674E-02  0.1024027E-01
 0.9310000E+02  0.1793233E-02  0.4682192E-02  0.3764843E-02  0.1024027E-01
 0.9320000E+02  0.1794989E-02  0.4684266E-02  0.3761013E-02  0.1024027E-01
 0.9330000E+02  0.1796741E-02  0.4686342E-02  0.3757184E-02  0.1024027E-01
 0.9340000E+02  0.1798490E-02  0.4688422E-02  0.3753356E-02  0.1024027E-01
 0.9350000E+02  0.1800234E-02  0.4690506E-02  0.3749529E-02  0.1024027E-01
 0.9360000E+02  0.1801974E-02  0.4692592E-02  0.3745703E-02  0.1024027E-01
 0.9370000E+02  0.1803710E-02  0.4694681E-02  0.3741877E-02  0.1024027E-01
 0.9380000E+02  0.1805441E-02  0.4696773E-02  0.3738053E-02  0.1024027E-01
 0.9390000E+02  0.1807169E-02  0.4698869E-02  0.3734230E-02  0.1024027E-01
 0.9400000E+02  0.1808893E-02  0.4700967E-02  0.3730408E-02  0.1024027E-01
 0.9410000E+02  0.1810612E-02  0.4703068E-02  0.3726588E-02  0.1024027E-01
 0.9420000E+02  0.1812328E-02  0.4705172E-02  0.3722768E-02  0.1024027E-01
 0.9430000E+02  0.1814039E-02  0.4707279E-02  0.3718949E-02  0.1024027E-01
 0.9440000E+02  0.1815747E-02  0.4709389E-02  0.3715132E-02  0.1024027E-01
 0.9450000E+02  0.1817450E-02  0.4711502E-02  0.3711316E-02  0.1024027E-01
 0.9460000E+02  0.1819149E-02  0.4713618E-02  0.3707501E-02  0.1024027E-01
 0.9470000E+02  0.1820844E-02  0.4715736E-02  0.3703688E-02  0.1024027E-01
 0.9480000E+02  0.1822535E-02  0.4717857E-02  0.3699876E-02  0.1024027E-01
 0.9490000E+02  0.1824222E-02  0.4719981E-02  0.3696065E-02  0.1024027E-01
 0.9500000E+02  0.1825905E-02  0.4722108E-02  0.3692255E-02  0.1024027E-01
 0.9510000E+02  0.1827584E-02  0.4724237E-02  0.3688447E-02  0.1024027E-01
 0.9520000E+02  0.1829258E-02  0.4726369E-02  0.3684640E-02  0.1024027E-01
 0.9530000E+02  0.1830929E-02  0.4728504E-02  0.3680835E-02  0.1024027E-01
 0.9540000E+02  0.1832596E-02  0.4730642E-02  0.3677031E-02  0.1024027E-01
 0.9550000E+02  0.1834258E-02  0.4732782E-02  0.3673228E-02  0.1024027E-01
 0.9560000E+02  0.1835917E-02  0.4734924E-02  0.3669427E-02  0.1024027E-01
 0.9570000E+02  0.1837571E-02  0.4737069E-02  0.3665628E-02  0.1024027E-01
 0.9580000E+02  0.1839221E-02  0.4739217E-02  0.3661830E-02  0.1024027E-01
 0.9590000E+02  0.1840868E-02  0.4741367E-02  0.3658033E-02  0.1024027E-01
 0.9600000E+02  0.1842510E-02  0.4743520E-02  0.3654238E-02  0.1024027E-01
 0.9610000E+02  0.1844148E-02  0.4745675E-02  0.3650445E-02  0.1024027E-01
 0.9620000E+02  0.1845782E-02  0.4747832E-02  0.3646653E-02  0.1024027E-01
 0.9630000E+02  0.1847413E-02  0.4749992E-02  0.3642863E-02  0.1024027E-01
 0.9640000E+02  0.1849039E-02  0.4752154E-02  0.3639075E-02  0.1024027E-01
 0.9650000E+02  0.1850661E-02  0.4754319E-02  0.3635288E-02  0.1024027E-01
 0.9660000E+02  0.1852279E-02  0.4756486E-02  0.3631503E-02  0.1024027E-01
 0.9670000E+02  0.1853893E-02  0.4758655E-02  0.3627720E-02  0.1024027E-01
 0.9680000E+02  0.1855503E-02  0.4760827E-02  0.3623938E-02  0.1024027E-01
 0.9690000E+02  0.1857109E-02  0.4763001E-02  0.3620159E-02  0.1024027E-01
 0.9700000E+02  0.1858710E-02  0.4765177E-02  0.3616381E-02  0.1024027E-01
 0.9710000E+02  0.1860308E-02  0.4767355E-02  0.3612604E-02  0.1024027E-01
 0.9720000E+02  0.1861902E-02  0.4769536E-02  0.3608830E-02  0.1024027E-01
 0.9730000E+02  0.1863492E-02  0.4771718E-02  0.3605058E-02  0.1024027E-01
 0.9740000E+02  0.1865078E-02  0.4773903E-02  0.3601287E-02  0.1024027E-01
 0.9750000E+02  0.1866660E-02  0.4776090E-02  0.3597518E-02  0.1024027E-01
 0.9760000E+02  0.1868238E-02  0.4778279E-02  0.3593751E-02  0.1024027E-01
 0.9770000E+02  0.1869812E-02  0.4780470E-02  0.3589986E-02  0.1024027E-01
 0.9780000E+02  0.1871382E-02  0.4782663E-02  0.3586223E-02  0.1024027E-01
 0.9790000E+02  0.1872947E-02  0.4784858E-02  0.3582462E-02  0.1024027E-01
 0.9800000E+02  0.1874509E-02  0.4787056E-02  0.3578703E-02  0.1024027E-01
 0.9810000E+02  0.1876067E-02  0.4789255E-02  0.3574946E-02  0.1024027E-01
 0.9820000E+02  0.1877621E-02  0.4791456E-02  0.3571191E-02  0.1024027E-01
 0.9830000E+02  0.1879171E-02  0.4793659E-02  0.3567438E-02  0.1024027E-01
 0.9840000E+02  0.1880718E-02  0.4795864E-02  0.3563687E-02  0.1024027E-01
 0.9850000E+02  0.1882260E-02  0.4798070E-02  0.3559938E-02  0.1024027E-01
 0.9860000E+02  0.1883798E-02  0.4800279E-02  0.3556191E-02  0.1024027E-01
 0.9870000E+02  0.1885332E-02  0.4802489E-02  0.3552447E-02  0.1024027E-01
 0.9880000E+02  0.1886862E-02  0.4804702E-02  0.3548704E-02  0.1024027E-01
 0.9890000E+02  0.1888389E-02  0.4806916E-02  0.3544964E-02  0.1024027E-01
 0.9900000E+02  0.1889911E-02  0.4809131E-02  0.3541225E-02  0.1024027E-01
 0.9910000E+02  0.1891430E-02  0.4811349E-02  0.3537489E-02  0.1024027E-01
 0.9920000E+02  0.1892944E-02  0.4813568E-02  0.3533756E-02  0.1024027E-01
 0.9930000E+02  0.1894455E-02  0.4815789E-02  0.3530024E-02  0.1024027E-01
 0.9940000E+02  0.1895962E-02  0.4818012E-02  0.3526295E-02  0.1024027E-01
 0.9950000E+02  0.1897465E-02  0.4820236E-02  0.3522568E-02  0.1024027E-01
 0.9960000E+02  0.1898964E-02  0.4822462E-02  0.3518843E-02  0.1024027E-01
 0.9970000E+02  0.1900459E-02  0.4824689E-02  0.3515120E-02  0.1024027E-01
 0.9980000E+02  0.1901950E-02  0.4826918E-02  0.3511400E-02  0.1024027E-01
 0.9990000E+02  0.1903437E-02  0.4829149E-02  0.3507682E-02  0.1024027E-01
 0.1000000E+03  0.1904921E-02  0.4831381E-02  0.3503967E-02  0.1024027E-01
