 0.1000000E-02 -0.4997000E+01
 0.2000000E-02 -0.4994000E+01
 0.3000000E-02 -0.4991000E+01
 0.4000000E-02 -0.4988000E+01
 0.5000000E-02 -0.4985000E+01
 0.6000000E-02 -0.4982000E+01
 0.7000000E-02 -0.4979000E+01
 0.8000000E-02 -0.4976000E+01
 0.9000000E-02 -0.4973000E+01
 0.1000000E-01 -0.4970000E+01
 0.1100000E-01 -0.4967000E+01
 0.1200000E-01 -0.4964000E+01
 0.1300000E-01 -0.4961000E+01
 0.1400000E-01 -0.4958000E+01
 0.1500000E-01 -0.4955000E+01
 0.1600000E-01 -0.4952000E+01
 0.1700000E-01 -0.4949000E+01
 0.1800000E-01 -0.4946000E+01
 0.1900000E-01 -0.4943000E+01
 0.2000000E-01 -0.4940000E+01
 0.2100000E-01 -0.4937000E+01
 0.2200000E-01 -0.4934000E+01
 0.2300000E-01 -0.4931000E+01
 0.2400000E-01 -0.4928000E+01
 0.2500000E-01 -0.4925000E+01
 0.2600000E-01 -0.4922000E+01
 0.2700000E-01 -0.4919000E+01
 0.2800000E-01 -0.4916000E+01
 0.2900000E-01 -0.4913000E+01
 0.3000000E-01 -0.4910000E+01
 0.3100000E-01 -0.4907000E+01
 0.3200000E-01 -0.4904000E+01
 0.3300000E-01 -0.4901000E+01
 0.3400000E-01 -0.4898000E+01
 0.3500000E-01 -0.4895000E+01
 0.3600000E-01 -0.4892000E+01
 0.3700000E-01 -0.4889000E+01
 0.3800000E-01 -0.4886000E+01
 0.3900000E-01 -0.4883000E+01
 0.4000000E-01 -0.4880000E+01
 0.4100000E-01 -0.4876999E+01
 0.4200000E-01 -0.4873999E+01
 0.4300000E-01 -0.4870999E+01
 0.4400000E-01 -0.4867999E+01
 0.4500000E-01 -0.4864999E+01
 0.4600000E-01 -0.4861999E+01
 0.4700000E-01 -0.4858999E+01
 0.4800000E-01 -0.4855999E+01
 0.4900000E-01 -0.4852999E+01
 0.5000000E-01 -0.4849999E+01
 0.5100000E-01 -0.4846999E+01
 0.5200000E-01 -0.4843999E+01
 0.5300000E-01 -0.4840999E+01
 0.5400000E-01 -0.4837999E+01
 0.5500000E-01 -0.4834999E+01
 0.5600000E-01 -0.4831999E+01
 0.5700000E-01 -0.4828999E+01
 0.5800000E-01 -0.4825999E+01
 0.5900000E-01 -0.4822999E+01
 0.6000000E-01 -0.4819999E+01
 0.6100000E-01 -0.4816999E+01
 0.6200000E-01 -0.4813999E+01
 0.6300000E-01 -0.4810999E+01
 0.6400000E-01 -0.4807999E+01
 0.6500000E-01 -0.4804999E+01
 0.6600000E-01 -0.4801999E+01
 0.6700000E-01 -0.4798999E+01
 0.6800000E-01 -0.4795999E+01
 0.6900000E-01 -0.4792999E+01
 0.7000000E-01 -0.4789999E+01
 0.7100000E-01 -0.4786998E+01
 0.7200000E-01 -0.4783998E+01
 0.7300000E-01 -0.4780998E+01
 0.7400000E-01 -0.4777998E+01
 0.7500000E-01 -0.4774998E+01
 0.7600000E-01 -0.4771998E+01
 0.7700000E-01 -0.4768998E+01
 0.7800000E-01 -0.4765998E+01
 0.7900000E-01 -0.4762998E+01
 0.8000000E-01 -0.4759998E+01
 0.8100000E-01 -0.4756998E+01
 0.8200000E-01 -0.4753998E+01
 0.8300000E-01 -0.4750998E+01
 0.8400000E-01 -0.4747998E+01
 0.8500000E-01 -0.4744998E+01
 0.8600000E-01 -0.4741998E+01
 0.8700000E-01 -0.4738998E+01
 0.8800000E-01 -0.4735998E+01
 0.8900000E-01 -0.4732998E+01
 0.9000000E-01 -0.4729998E+01
 0.9100000E-01 -0.4726998E+01
 0.9200000E-01 -0.4723997E+01
 0.9300000E-01 -0.4720997E+01
 0.9400000E-01 -0.4717997E+01
 0.9500000E-01 -0.4714997E+01
 0.9600000E-01 -0.4711997E+01
 0.9700000E-01 -0.4708997E+01
 0.9800000E-01 -0.4705997E+01
 0.9900000E-01 -0.4702997E+01
 0.1000000E+00 -0.4699997E+01
 0.1010000E+00 -0.4696997E+01
 0.1020000E+00 -0.4693997E+01
 0.1030000E+00 -0.4690997E+01
 0.1040000E+00 -0.4687997E+01
 0.1050000E+00 -0.4684997E+01
 0.1060000E+00 -0.4681997E+01
 0.1070000E+00 -0.4678997E+01
 0.1080000E+00 -0.4675997E+01
 0.1090000E+00 -0.4672996E+01
 0.1100000E+00 -0.4669996E+01
 0.1110000E+00 -0.4666996E+01
 0.1120000E+00 -0.4663996E+01
 0.1130000E+00 -0.4660996E+01
 0.1140000E+00 -0.4657996E+01
 0.1150000E+00 -0.4654996E+01
 0.1160000E+00 -0.4651996E+01
 0.1170000E+00 -0.4648996E+01
 0.1180000E+00 -0.4645996E+01
 0.1190000E+00 -0.4642996E+01
 0.1200000E+00 -0.4639996E+01
 0.1210000E+00 -0.4636996E+01
 0.1220000E+00 -0.4633996E+01
 0.1230000E+00 -0.4630995E+01
 0.1240000E+00 -0.4627995E+01
 0.1250000E+00 -0.4624995E+01
 0.1260000E+00 -0.4621995E+01
 0.1270000E+00 -0.4618995E+01
 0.1280000E+00 -0.4615995E+01
 0.1290000E+00 -0.4612995E+01
 0.1300000E+00 -0.4609995E+01
 0.1310000E+00 -0.4606995E+01
 0.1320000E+00 -0.4603995E+01
 0.1330000E+00 -0.4600995E+01
 0.1340000E+00 -0.4597995E+01
 0.1350000E+00 -0.4594995E+01
 0.1360000E+00 -0.4591994E+01
 0.1370000E+00 -0.4588994E+01
 0.1380000E+00 -0.4585994E+01
 0.1390000E+00 -0.4582994E+01
 0.1400000E+00 -0.4579994E+01
 0.1410000E+00 -0.4576994E+01
 0.1420000E+00 -0.4573994E+01
 0.1430000E+00 -0.4570994E+01
 0.1440000E+00 -0.4567994E+01
 0.1450000E+00 -0.4564994E+01
 0.1460000E+00 -0.4561994E+01
 0.1470000E+00 -0.4558994E+01
 0.1480000E+00 -0.4555993E+01
 0.1490000E+00 -0.4552993E+01
 0.1500000E+00 -0.4549993E+01
 0.1510000E+00 -0.4546993E+01
 0.1520000E+00 -0.4543993E+01
 0.1530000E+00 -0.4540993E+01
 0.1540000E+00 -0.4537993E+01
 0.1550000E+00 -0.4534993E+01
 0.1560000E+00 -0.4531993E+01
 0.1570000E+00 -0.4528993E+01
 0.1580000E+00 -0.4525993E+01
 0.1590000E+00 -0.4522992E+01
 0.1600000E+00 -0.4519992E+01
 0.1610000E+00 -0.4516992E+01
 0.1620000E+00 -0.4513992E+01
 0.1630000E+00 -0.4510992E+01
 0.1640000E+00 -0.4507992E+01
 0.1650000E+00 -0.4504992E+01
 0.1660000E+00 -0.4501992E+01
 0.1670000E+00 -0.4498992E+01
 0.1680000E+00 -0.4495992E+01
 0.1690000E+00 -0.4492991E+01
 0.1700000E+00 -0.4489991E+01
 0.1710000E+00 -0.4486991E+01
 0.1720000E+00 -0.4483991E+01
 0.1730000E+00 -0.4480991E+01
 0.1740000E+00 -0.4477991E+01
 0.1750000E+00 -0.4474991E+01
 0.1760000E+00 -0.4471991E+01
 0.1770000E+00 -0.4468991E+01
 0.1780000E+00 -0.4465991E+01
 0.1790000E+00 -0.4462990E+01
 0.1800000E+00 -0.4459990E+01
 0.1810000E+00 -0.4456990E+01
 0.1820000E+00 -0.4453990E+01
 0.1830000E+00 -0.4450990E+01
 0.1840000E+00 -0.4447990E+01
 0.1850000E+00 -0.4444990E+01
 0.1860000E+00 -0.4441990E+01
 0.1870000E+00 -0.4438990E+01
 0.1880000E+00 -0.4435989E+01
 0.1890000E+00 -0.4432989E+01
 0.1900000E+00 -0.4429989E+01
 0.1910000E+00 -0.4426989E+01
 0.1920000E+00 -0.4423989E+01
 0.1930000E+00 -0.4420989E+01
 0.1940000E+00 -0.4417989E+01
 0.1950000E+00 -0.4414989E+01
 0.1960000E+00 -0.4411989E+01
 0.1970000E+00 -0.4408988E+01
 0.1980000E+00 -0.4405988E+01
 0.1990000E+00 -0.4402988E+01
 0.2000000E+00 -0.4399988E+01
 0.2010000E+00 -0.4396988E+01
 0.2020000E+00 -0.4393988E+01
 0.2030000E+00 -0.4390988E+01
 0.2040000E+00 -0.4387988E+01
 0.2050000E+00 -0.4384988E+01
 0.2060000E+00 -0.4381987E+01
 0.2070000E+00 -0.4378987E+01
 0.2080000E+00 -0.4375987E+01
 0.2090000E+00 -0.4372987E+01
 0.2100000E+00 -0.4369987E+01
 0.2110000E+00 -0.4366987E+01
 0.2120000E+00 -0.4363987E+01
 0.2130000E+00 -0.4360987E+01
 0.2140000E+00 -0.4357986E+01
 0.2150000E+00 -0.4354986E+01
 0.2160000E+00 -0.4351986E+01
 0.2170000E+00 -0.4348986E+01
 0.2180000E+00 -0.4345986E+01
 0.2190000E+00 -0.4342986E+01
 0.2200000E+00 -0.4339986E+01
 0.2210000E+00 -0.4336986E+01
 0.2220000E+00 -0.4333985E+01
 0.2230000E+00 -0.4330985E+01
 0.2240000E+00 -0.4327985E+01
 0.2250000E+00 -0.4324985E+01
 0.2260000E+00 -0.4321985E+01
 0.2270000E+00 -0.4318985E+01
 0.2280000E+00 -0.4315985E+01
 0.2290000E+00 -0.4312985E+01
 0.2300000E+00 -0.4309984E+01
 0.2310000E+00 -0.4306984E+01
 0.2320000E+00 -0.4303984E+01
 0.2330000E+00 -0.4300984E+01
 0.2340000E+00 -0.4297984E+01
 0.2350000E+00 -0.4294984E+01
 0.2360000E+00 -0.4291984E+01
 0.2370000E+00 -0.4288983E+01
 0.2380000E+00 -0.4285983E+01
 0.2390000E+00 -0.4282983E+01
 0.2400000E+00 -0.4279983E+01
 0.2410000E+00 -0.4276983E+01
 0.2420000E+00 -0.4273983E+01
 0.2430000E+00 -0.4270983E+01
 0.2440000E+00 -0.4267983E+01
 0.2450000E+00 -0.4264982E+01
 0.2460000E+00 -0.4261982E+01
 0.2470000E+00 -0.4258982E+01
 0.2480000E+00 -0.4255982E+01
 0.2490000E+00 -0.4252982E+01
 0.2500000E+00 -0.4249982E+01
 0.2510000E+00 -0.4246982E+01
 0.2520000E+00 -0.4243981E+01
 0.2530000E+00 -0.4240981E+01
 0.2540000E+00 -0.4237981E+01
 0.2550000E+00 -0.4234981E+01
 0.2560000E+00 -0.4231981E+01
 0.2570000E+00 -0.4228981E+01
 0.2580000E+00 -0.4225981E+01
 0.2590000E+00 -0.4222980E+01
 0.2600000E+00 -0.4219980E+01
 0.2610000E+00 -0.4216980E+01
 0.2620000E+00 -0.4213980E+01
 0.2630000E+00 -0.4210980E+01
 0.2640000E+00 -0.4207980E+01
 0.2650000E+00 -0.4204980E+01
 0.2660000E+00 -0.4201979E+01
 0.2670000E+00 -0.4198979E+01
 0.2680000E+00 -0.4195979E+01
 0.2690000E+00 -0.4192979E+01
 0.2700000E+00 -0.4189979E+01
 0.2710000E+00 -0.4186979E+01
 0.2720000E+00 -0.4183979E+01
 0.2730000E+00 -0.4180978E+01
 0.2740000E+00 -0.4177978E+01
 0.2750000E+00 -0.4174978E+01
 0.2760000E+00 -0.4171978E+01
 0.2770000E+00 -0.4168978E+01
 0.2780000E+00 -0.4165978E+01
 0.2790000E+00 -0.4162977E+01
 0.2800000E+00 -0.4159977E+01
 0.2810000E+00 -0.4156977E+01
 0.2820000E+00 -0.4153977E+01
 0.2830000E+00 -0.4150977E+01
 0.2840000E+00 -0.4147977E+01
 0.2850000E+00 -0.4144977E+01
 0.2860000E+00 -0.4141976E+01
 0.2870000E+00 -0.4138976E+01
 0.2880000E+00 -0.4135976E+01
 0.2890000E+00 -0.4132976E+01
 0.2900000E+00 -0.4129976E+01
 0.2910000E+00 -0.4126976E+01
 0.2920000E+00 -0.4123976E+01
 0.2930000E+00 -0.4120975E+01
 0.2940000E+00 -0.4117975E+01
 0.2950000E+00 -0.4114975E+01
 0.2960000E+00 -0.4111975E+01
 0.2970000E+00 -0.4108975E+01
 0.2980000E+00 -0.4105975E+01
 0.2990000E+00 -0.4102975E+01
 0.3000000E+00 -0.4099974E+01
 0.3010000E+00 -0.4096974E+01
 0.3020000E+00 -0.4093974E+01
 0.3030000E+00 -0.4090974E+01
 0.3040000E+00 -0.4087974E+01
 0.3050000E+00 -0.4084974E+01
 0.3060000E+00 -0.4081973E+01
 0.3070000E+00 -0.4078973E+01
 0.3080000E+00 -0.4075973E+01
 0.3090000E+00 -0.4072973E+01
 0.3100000E+00 -0.4069973E+01
 0.3110000E+00 -0.4066973E+01
 0.3120000E+00 -0.4063973E+01
 0.3130000E+00 -0.4060972E+01
 0.3140000E+00 -0.4057972E+01
 0.3150000E+00 -0.4054972E+01
 0.3160000E+00 -0.4051972E+01
 0.3170000E+00 -0.4048972E+01
 0.3180000E+00 -0.4045972E+01
 0.3190000E+00 -0.4042972E+01
 0.3200000E+00 -0.4039971E+01
 0.3210000E+00 -0.4036971E+01
 0.3220000E+00 -0.4033971E+01
 0.3230000E+00 -0.4030971E+01
 0.3240000E+00 -0.4027971E+01
 0.3250000E+00 -0.4024971E+01
 0.3260000E+00 -0.4021971E+01
 0.3270000E+00 -0.4018970E+01
 0.3280000E+00 -0.4015970E+01
 0.3290000E+00 -0.4012970E+01
 0.3300000E+00 -0.4009970E+01
 0.3310000E+00 -0.4006970E+01
 0.3320000E+00 -0.4003970E+01
 0.3330000E+00 -0.4000970E+01
 0.3340000E+00 -0.3997969E+01
 0.3350000E+00 -0.3994969E+01
 0.3360000E+00 -0.3991969E+01
 0.3370000E+00 -0.3988969E+01
 0.3380000E+00 -0.3985969E+01
 0.3390000E+00 -0.3982969E+01
 0.3400000E+00 -0.3979969E+01
 0.3410000E+00 -0.3976968E+01
 0.3420000E+00 -0.3973968E+01
 0.3430000E+00 -0.3970968E+01
 0.3440000E+00 -0.3967968E+01
 0.3450000E+00 -0.3964968E+01
 0.3460000E+00 -0.3961968E+01
 0.3470000E+00 -0.3958968E+01
 0.3480000E+00 -0.3955968E+01
 0.3490000E+00 -0.3952967E+01
 0.3500000E+00 -0.3949967E+01
 0.3510000E+00 -0.3946967E+01
 0.3520000E+00 -0.3943967E+01
 0.3530000E+00 -0.3940967E+01
 0.3540000E+00 -0.3937967E+01
 0.3550000E+00 -0.3934967E+01
 0.3560000E+00 -0.3931967E+01
 0.3570000E+00 -0.3928966E+01
 0.3580000E+00 -0.3925966E+01
 0.3590000E+00 -0.3922966E+01
 0.3600000E+00 -0.3919966E+01
 0.3610000E+00 -0.3916966E+01
 0.3620000E+00 -0.3913966E+01
 0.3630000E+00 -0.3910966E+01
 0.3640000E+00 -0.3907966E+01
 0.3650000E+00 -0.3904965E+01
 0.3660000E+00 -0.3901965E+01
 0.3670000E+00 -0.3898965E+01
 0.3680000E+00 -0.3895965E+01
 0.3690000E+00 -0.3892965E+01
 0.3700000E+00 -0.3889965E+01
 0.3710000E+00 -0.3886965E+01
 0.3720000E+00 -0.3883965E+01
 0.3730000E+00 -0.3880965E+01
 0.3740000E+00 -0.3877965E+01
 0.3750000E+00 -0.3874964E+01
 0.3760000E+00 -0.3871964E+01
 0.3770000E+00 -0.3868964E+01
 0.3780000E+00 -0.3865964E+01
 0.3790000E+00 -0.3862964E+01
 0.3800000E+00 -0.3859964E+01
 0.3810000E+00 -0.3856964E+01
 0.3820000E+00 -0.3853964E+01
 0.3830000E+00 -0.3850964E+01
 0.3840000E+00 -0.3847964E+01
 0.3850000E+00 -0.3844964E+01
 0.3860000E+00 -0.3841964E+01
 0.3870000E+00 -0.3838964E+01
 0.3880000E+00 -0.3835963E+01
 0.3890000E+00 -0.3832963E+01
 0.3900000E+00 -0.3829963E+01
 0.3910000E+00 -0.3826963E+01
 0.3920000E+00 -0.3823963E+01
 0.3930000E+00 -0.3820963E+01
 0.3940000E+00 -0.3817963E+01
 0.3950000E+00 -0.3814963E+01
 0.3960000E+00 -0.3811963E+01
 0.3970000E+00 -0.3808963E+01
 0.3980000E+00 -0.3805963E+01
 0.3990000E+00 -0.3802963E+01
 0.4000000E+00 -0.3799963E+01
 0.4010000E+00 -0.3796963E+01
 0.4020000E+00 -0.3793963E+01
 0.4030000E+00 -0.3790963E+01
 0.4040000E+00 -0.3787963E+01
 0.4050000E+00 -0.3784963E+01
 0.4060000E+00 -0.3781963E+01
 0.4070000E+00 -0.3778963E+01
 0.4080000E+00 -0.3775963E+01
 0.4090000E+00 -0.3772963E+01
 0.4100000E+00 -0.3769963E+01
 0.4110000E+00 -0.3766963E+01
 0.4120000E+00 -0.3763963E+01
 0.4130000E+00 -0.3760963E+01
 0.4140000E+00 -0.3757963E+01
 0.4150000E+00 -0.3754963E+01
 0.4160000E+00 -0.3751963E+01
 0.4170000E+00 -0.3748963E+01
 0.4180000E+00 -0.3745963E+01
 0.4190000E+00 -0.3742963E+01
 0.4200000E+00 -0.3739963E+01
 0.4210000E+00 -0.3736963E+01
 0.4220000E+00 -0.3733963E+01
 0.4230000E+00 -0.3730963E+01
 0.4240000E+00 -0.3727963E+01
 0.4250000E+00 -0.3724963E+01
 0.4260000E+00 -0.3721963E+01
 0.4270000E+00 -0.3718963E+01
 0.4280000E+00 -0.3715964E+01
 0.4290000E+00 -0.3712964E+01
 0.4300000E+00 -0.3709964E+01
 0.4310000E+00 -0.3706964E+01
 0.4320000E+00 -0.3703964E+01
 0.4330000E+00 -0.3700964E+01
 0.4340000E+00 -0.3697964E+01
 0.4350000E+00 -0.3694964E+01
 0.4360000E+00 -0.3691964E+01
 0.4370000E+00 -0.3688965E+01
 0.4380000E+00 -0.3685965E+01
 0.4390000E+00 -0.3682965E+01
 0.4400000E+00 -0.3679965E+01
 0.4410000E+00 -0.3676965E+01
 0.4420000E+00 -0.3673965E+01
 0.4430000E+00 -0.3670965E+01
 0.4440000E+00 -0.3667966E+01
 0.4450000E+00 -0.3664966E+01
 0.4460000E+00 -0.3661966E+01
 0.4470000E+00 -0.3658966E+01
 0.4480000E+00 -0.3655966E+01
 0.4490000E+00 -0.3652967E+01
 0.4500000E+00 -0.3649967E+01
 0.4510000E+00 -0.3646967E+01
 0.4520000E+00 -0.3643967E+01
 0.4530000E+00 -0.3640968E+01
 0.4540000E+00 -0.3637968E+01
 0.4550000E+00 -0.3634968E+01
 0.4560000E+00 -0.3631968E+01
 0.4570000E+00 -0.3628969E+01
 0.4580000E+00 -0.3625969E+01
 0.4590000E+00 -0.3622969E+01
 0.4600000E+00 -0.3619969E+01
 0.4610000E+00 -0.3616970E+01
 0.4620000E+00 -0.3613970E+01
 0.4630000E+00 -0.3610970E+01
 0.4640000E+00 -0.3607971E+01
 0.4650000E+00 -0.3604971E+01
 0.4660000E+00 -0.3601971E+01
 0.4670000E+00 -0.3598972E+01
 0.4680000E+00 -0.3595972E+01
 0.4690000E+00 -0.3592973E+01
 0.4700000E+00 -0.3589973E+01
 0.4710000E+00 -0.3586973E+01
 0.4720000E+00 -0.3583974E+01
 0.4730000E+00 -0.3580974E+01
 0.4740000E+00 -0.3577975E+01
 0.4750000E+00 -0.3574975E+01
 0.4760000E+00 -0.3571976E+01
 0.4770000E+00 -0.3568976E+01
 0.4780000E+00 -0.3565977E+01
 0.4790000E+00 -0.3562977E+01
 0.4800000E+00 -0.3559978E+01
 0.4810000E+00 -0.3556978E+01
 0.4820000E+00 -0.3553979E+01
 0.4830000E+00 -0.3550979E+01
 0.4840000E+00 -0.3547980E+01
 0.4850000E+00 -0.3544980E+01
 0.4860000E+00 -0.3541981E+01
 0.4870000E+00 -0.3538982E+01
 0.4880000E+00 -0.3535982E+01
 0.4890000E+00 -0.3532983E+01
 0.4900000E+00 -0.3529983E+01
 0.4910000E+00 -0.3526984E+01
 0.4920000E+00 -0.3523985E+01
 0.4930000E+00 -0.3520985E+01
 0.4940000E+00 -0.3517986E+01
 0.4950000E+00 -0.3514987E+01
 0.4960000E+00 -0.3511988E+01
 0.4970000E+00 -0.3508988E+01
 0.4980000E+00 -0.3505989E+01
 0.4990000E+00 -0.3502990E+01
 0.5000000E+00 -0.3499991E+01
 0.5010000E+00 -0.3496991E+01
 0.5020000E+00 -0.3493992E+01
 0.5030000E+00 -0.3490993E+01
 0.5040000E+00 -0.3487994E+01
 0.5050000E+00 -0.3484995E+01
 0.5060000E+00 -0.3481996E+01
 0.5070000E+00 -0.3478997E+01
 0.5080000E+00 -0.3475998E+01
 0.5090000E+00 -0.3472999E+01
 0.5100000E+00 -0.3470000E+01
 0.5110000E+00 -0.3467001E+01
 0.5120000E+00 -0.3464002E+01
 0.5130000E+00 -0.3461003E+01
 0.5140000E+00 -0.3458004E+01
 0.5150000E+00 -0.3455005E+01
 0.5160000E+00 -0.3452006E+01
 0.5170000E+00 -0.3449007E+01
 0.5180000E+00 -0.3446008E+01
 0.5190000E+00 -0.3443009E+01
 0.5200000E+00 -0.3440010E+01
 0.5210000E+00 -0.3437012E+01
 0.5220000E+00 -0.3434013E+01
 0.5230000E+00 -0.3431014E+01
 0.5240000E+00 -0.3428015E+01
 0.5250000E+00 -0.3425017E+01
 0.5260000E+00 -0.3422018E+01
 0.5270000E+00 -0.3419019E+01
 0.5280000E+00 -0.3416021E+01
 0.5290000E+00 -0.3413022E+01
 0.5300000E+00 -0.3410023E+01
 0.5310000E+00 -0.3407025E+01
 0.5320000E+00 -0.3404026E+01
 0.5330000E+00 -0.3401028E+01
 0.5340000E+00 -0.3398029E+01
 0.5350000E+00 -0.3395031E+01
 0.5360000E+00 -0.3392032E+01
 0.5370000E+00 -0.3389034E+01
 0.5380000E+00 -0.3386036E+01
 0.5390000E+00 -0.3383037E+01
 0.5400000E+00 -0.3380039E+01
 0.5410000E+00 -0.3377041E+01
 0.5420000E+00 -0.3374042E+01
 0.5430000E+00 -0.3371044E+01
 0.5440000E+00 -0.3368046E+01
 0.5450000E+00 -0.3365048E+01
 0.5460000E+00 -0.3362050E+01
 0.5470000E+00 -0.3359051E+01
 0.5480000E+00 -0.3356053E+01
 0.5490000E+00 -0.3353055E+01
 0.5500000E+00 -0.3350057E+01
 0.5510000E+00 -0.3347059E+01
 0.5520000E+00 -0.3344061E+01
 0.5530000E+00 -0.3341063E+01
 0.5540000E+00 -0.3338065E+01
 0.5550000E+00 -0.3335068E+01
 0.5560000E+00 -0.3332070E+01
 0.5570000E+00 -0.3329072E+01
 0.5580000E+00 -0.3326074E+01
 0.5590000E+00 -0.3323077E+01
 0.5600000E+00 -0.3320079E+01
 0.5610000E+00 -0.3317081E+01
 0.5620000E+00 -0.3314084E+01
 0.5630000E+00 -0.3311086E+01
 0.5640000E+00 -0.3308089E+01
 0.5650000E+00 -0.3305091E+01
 0.5660000E+00 -0.3302094E+01
 0.5670000E+00 -0.3299096E+01
 0.5680000E+00 -0.3296099E+01
 0.5690000E+00 -0.3293102E+01
 0.5700000E+00 -0.3290104E+01
 0.5710000E+00 -0.3287107E+01
 0.5720000E+00 -0.3284110E+01
 0.5730000E+00 -0.3281113E+01
 0.5740000E+00 -0.3278116E+01
 0.5750000E+00 -0.3275119E+01
 0.5760000E+00 -0.3272121E+01
 0.5770000E+00 -0.3269125E+01
 0.5780000E+00 -0.3266128E+01
 0.5790000E+00 -0.3263131E+01
 0.5800000E+00 -0.3260134E+01
 0.5810000E+00 -0.3257137E+01
 0.5820000E+00 -0.3254140E+01
 0.5830000E+00 -0.3251144E+01
 0.5840000E+00 -0.3248147E+01
 0.5850000E+00 -0.3245150E+01
 0.5860000E+00 -0.3242154E+01
 0.5870000E+00 -0.3239157E+01
 0.5880000E+00 -0.3236161E+01
 0.5890000E+00 -0.3233165E+01
 0.5900000E+00 -0.3230168E+01
 0.5910000E+00 -0.3227172E+01
 0.5920000E+00 -0.3224176E+01
 0.5930000E+00 -0.3221180E+01
 0.5940000E+00 -0.3218183E+01
 0.5950000E+00 -0.3215187E+01
 0.5960000E+00 -0.3212191E+01
 0.5970000E+00 -0.3209195E+01
 0.5980000E+00 -0.3206200E+01
 0.5990000E+00 -0.3203204E+01
 0.6000000E+00 -0.3200208E+01
 0.6010000E+00 -0.3197212E+01
 0.6020000E+00 -0.3194217E+01
 0.6030000E+00 -0.3191221E+01
 0.6040000E+00 -0.3188226E+01
 0.6050000E+00 -0.3185230E+01
 0.6060000E+00 -0.3182235E+01
 0.6070000E+00 -0.3179239E+01
 0.6080000E+00 -0.3176244E+01
 0.6090000E+00 -0.3173249E+01
 0.6100000E+00 -0.3170254E+01
 0.6110000E+00 -0.3167259E+01
 0.6120000E+00 -0.3164264E+01
 0.6130000E+00 -0.3161269E+01
 0.6140000E+00 -0.3158274E+01
 0.6150000E+00 -0.3155279E+01
 0.6160000E+00 -0.3152285E+01
 0.6170000E+00 -0.3149290E+01
 0.6180000E+00 -0.3146296E+01
 0.6190000E+00 -0.3143301E+01
 0.6200000E+00 -0.3140307E+01
 0.6210000E+00 -0.3137312E+01
 0.6220000E+00 -0.3134318E+01
 0.6230000E+00 -0.3131324E+01
 0.6240000E+00 -0.3128330E+01
 0.6250000E+00 -0.3125336E+01
 0.6260000E+00 -0.3122342E+01
 0.6270000E+00 -0.3119348E+01
 0.6280000E+00 -0.3116354E+01
 0.6290000E+00 -0.3113361E+01
 0.6300000E+00 -0.3110367E+01
 0.6310000E+00 -0.3107374E+01
 0.6320000E+00 -0.3104380E+01
 0.6330000E+00 -0.3101387E+01
 0.6340000E+00 -0.3098394E+01
 0.6350000E+00 -0.3095401E+01
 0.6360000E+00 -0.3092408E+01
 0.6370000E+00 -0.3089415E+01
 0.6380000E+00 -0.3086422E+01
 0.6390000E+00 -0.3083429E+01
 0.6400000E+00 -0.3080436E+01
 0.6410000E+00 -0.3077444E+01
 0.6420000E+00 -0.3074451E+01
 0.6430000E+00 -0.3071459E+01
 0.6440000E+00 -0.3068467E+01
 0.6450000E+00 -0.3065475E+01
 0.6460000E+00 -0.3062482E+01
 0.6470000E+00 -0.3059491E+01
 0.6480000E+00 -0.3056499E+01
 0.6490000E+00 -0.3053507E+01
 0.6500000E+00 -0.3050515E+01
 0.6510000E+00 -0.3047524E+01
 0.6520000E+00 -0.3044532E+01
 0.6530000E+00 -0.3041541E+01
 0.6540000E+00 -0.3038550E+01
 0.6550000E+00 -0.3035559E+01
 0.6560000E+00 -0.3032568E+01
 0.6570000E+00 -0.3029577E+01
 0.6580000E+00 -0.3026586E+01
 0.6590000E+00 -0.3023595E+01
 0.6600000E+00 -0.3020605E+01
 0.6610000E+00 -0.3017614E+01
 0.6620000E+00 -0.3014624E+01
 0.6630000E+00 -0.3011634E+01
 0.6640000E+00 -0.3008644E+01
 0.6650000E+00 -0.3005654E+01
 0.6660000E+00 -0.3002664E+01
 0.6670000E+00 -0.2999675E+01
 0.6680000E+00 -0.2996685E+01
 0.6690000E+00 -0.2993696E+01
 0.6700000E+00 -0.2990707E+01
 0.6710000E+00 -0.2987717E+01
 0.6720000E+00 -0.2984728E+01
 0.6730000E+00 -0.2981740E+01
 0.6740000E+00 -0.2978751E+01
 0.6750000E+00 -0.2975762E+01
 0.6760000E+00 -0.2972774E+01
 0.6770000E+00 -0.2969785E+01
 0.6780000E+00 -0.2966797E+01
 0.6790000E+00 -0.2963809E+01
 0.6800000E+00 -0.2960821E+01
 0.6810000E+00 -0.2957834E+01
 0.6820000E+00 -0.2954846E+01
 0.6830000E+00 -0.2951859E+01
 0.6840000E+00 -0.2948871E+01
 0.6850000E+00 -0.2945884E+01
 0.6860000E+00 -0.2942897E+01
 0.6870000E+00 -0.2939910E+01
 0.6880000E+00 -0.2936924E+01
 0.6890000E+00 -0.2933937E+01
 0.6900000E+00 -0.2930951E+01
 0.6910000E+00 -0.2927965E+01
 0.6920000E+00 -0.2924979E+01
 0.6930000E+00 -0.2921993E+01
 0.6940000E+00 -0.2919007E+01
 0.6950000E+00 -0.2916021E+01
 0.6960000E+00 -0.2913036E+01
 0.6970000E+00 -0.2910051E+01
 0.6980000E+00 -0.2907066E+01
 0.6990000E+00 -0.2904081E+01
 0.7000000E+00 -0.2901096E+01
 0.7010000E+00 -0.2898112E+01
 0.7020000E+00 -0.2895128E+01
 0.7030000E+00 -0.2892143E+01
 0.7040000E+00 -0.2889159E+01
 0.7050000E+00 -0.2886176E+01
 0.7060000E+00 -0.2883192E+01
 0.7070000E+00 -0.2880209E+01
 0.7080000E+00 -0.2877226E+01
 0.7090000E+00 -0.2874242E+01
 0.7100000E+00 -0.2871260E+01
 0.7110000E+00 -0.2868277E+01
 0.7120000E+00 -0.2865295E+01
 0.7130000E+00 -0.2862312E+01
 0.7140000E+00 -0.2859330E+01
 0.7150000E+00 -0.2856349E+01
 0.7160000E+00 -0.2853367E+01
 0.7170000E+00 -0.2850386E+01
 0.7180000E+00 -0.2847404E+01
 0.7190000E+00 -0.2844423E+01
 0.7200000E+00 -0.2841443E+01
 0.7210000E+00 -0.2838462E+01
 0.7220000E+00 -0.2835482E+01
 0.7230000E+00 -0.2832502E+01
 0.7240000E+00 -0.2829522E+01
 0.7250000E+00 -0.2826542E+01
 0.7260000E+00 -0.2823563E+01
 0.7270000E+00 -0.2820584E+01
 0.7280000E+00 -0.2817605E+01
 0.7290000E+00 -0.2814626E+01
 0.7300000E+00 -0.2811647E+01
 0.7310000E+00 -0.2808669E+01
 0.7320000E+00 -0.2805691E+01
 0.7330000E+00 -0.2802713E+01
 0.7340000E+00 -0.2799736E+01
 0.7350000E+00 -0.2796759E+01
 0.7360000E+00 -0.2793782E+01
 0.7370000E+00 -0.2790805E+01
 0.7380000E+00 -0.2787828E+01
 0.7390000E+00 -0.2784852E+01
 0.7400000E+00 -0.2781876E+01
 0.7410000E+00 -0.2778900E+01
 0.7420000E+00 -0.2775925E+01
 0.7430000E+00 -0.2772950E+01
 0.7440000E+00 -0.2769975E+01
 0.7450000E+00 -0.2767000E+01
 0.7460000E+00 -0.2764026E+01
 0.7470000E+00 -0.2761052E+01
 0.7480000E+00 -0.2758078E+01
 0.7490000E+00 -0.2755104E+01
 0.7500000E+00 -0.2752131E+01
 0.7510000E+00 -0.2749158E+01
 0.7520000E+00 -0.2746185E+01
 0.7530000E+00 -0.2743213E+01
 0.7540000E+00 -0.2740241E+01
 0.7550000E+00 -0.2737269E+01
 0.7560000E+00 -0.2734298E+01
 0.7570000E+00 -0.2731326E+01
 0.7580000E+00 -0.2728356E+01
 0.7590000E+00 -0.2725385E+01
 0.7600000E+00 -0.2722415E+01
 0.7610000E+00 -0.2719445E+01
 0.7620000E+00 -0.2716475E+01
 0.7630000E+00 -0.2713506E+01
 0.7640000E+00 -0.2710537E+01
 0.7650000E+00 -0.2707568E+01
 0.7660000E+00 -0.2704600E+01
 0.7670000E+00 -0.2701632E+01
 0.7680000E+00 -0.2698664E+01
 0.7690000E+00 -0.2695696E+01
 0.7700000E+00 -0.2692729E+01
 0.7710000E+00 -0.2689763E+01
 0.7720000E+00 -0.2686796E+01
 0.7730000E+00 -0.2683830E+01
 0.7740000E+00 -0.2680865E+01
 0.7750000E+00 -0.2677899E+01
 0.7760000E+00 -0.2674934E+01
 0.7770000E+00 -0.2671970E+01
 0.7780000E+00 -0.2669005E+01
 0.7790000E+00 -0.2666041E+01
 0.7800000E+00 -0.2663078E+01
 0.7810000E+00 -0.2660114E+01
 0.7820000E+00 -0.2657152E+01
 0.7830000E+00 -0.2654189E+01
 0.7840000E+00 -0.2651227E+01
 0.7850000E+00 -0.2648265E+01
 0.7860000E+00 -0.2645304E+01
 0.7870000E+00 -0.2642343E+01
 0.7880000E+00 -0.2639382E+01
 0.7890000E+00 -0.2636422E+01
 0.7900000E+00 -0.2633462E+01
 0.7910000E+00 -0.2630502E+01
 0.7920000E+00 -0.2627543E+01
 0.7930000E+00 -0.2624585E+01
 0.7940000E+00 -0.2621626E+01
 0.7950000E+00 -0.2618668E+01
 0.7960000E+00 -0.2615711E+01
 0.7970000E+00 -0.2612754E+01
 0.7980000E+00 -0.2609797E+01
 0.7990000E+00 -0.2606841E+01
 0.8000000E+00 -0.2603885E+01
 0.8010000E+00 -0.2600929E+01
 0.8020000E+00 -0.2597974E+01
 0.8030000E+00 -0.2595019E+01
 0.8040000E+00 -0.2592065E+01
 0.8050000E+00 -0.2589111E+01
 0.8060000E+00 -0.2586158E+01
 0.8070000E+00 -0.2583205E+01
 0.8080000E+00 -0.2580252E+01
 0.8090000E+00 -0.2577300E+01
 0.8100000E+00 -0.2574349E+01
 0.8110000E+00 -0.2571397E+01
 0.8120000E+00 -0.2568447E+01
 0.8130000E+00 -0.2565496E+01
 0.8140000E+00 -0.2562546E+01
 0.8150000E+00 -0.2559597E+01
 0.8160000E+00 -0.2556648E+01
 0.8170000E+00 -0.2553699E+01
 0.8180000E+00 -0.2550751E+01
 0.8190000E+00 -0.2547804E+01
 0.8200000E+00 -0.2544857E+01
 0.8210000E+00 -0.2541910E+01
 0.8220000E+00 -0.2538964E+01
 0.8230000E+00 -0.2536018E+01
 0.8240000E+00 -0.2533073E+01
 0.8250000E+00 -0.2530128E+01
 0.8260000E+00 -0.2527184E+01
 0.8270000E+00 -0.2524240E+01
 0.8280000E+00 -0.2521297E+01
 0.8290000E+00 -0.2518354E+01
 0.8300000E+00 -0.2515412E+01
 0.8310000E+00 -0.2512470E+01
 0.8320000E+00 -0.2509529E+01
 0.8330000E+00 -0.2506589E+01
 0.8340000E+00 -0.2503648E+01
 0.8350000E+00 -0.2500709E+01
 0.8360000E+00 -0.2497770E+01
 0.8370000E+00 -0.2494831E+01
 0.8380000E+00 -0.2491893E+01
 0.8390000E+00 -0.2488956E+01
 0.8400000E+00 -0.2486019E+01
 0.8410000E+00 -0.2483083E+01
 0.8420000E+00 -0.2480147E+01
 0.8430000E+00 -0.2477212E+01
 0.8440000E+00 -0.2474277E+01
 0.8450000E+00 -0.2471343E+01
 0.8460000E+00 -0.2468410E+01
 0.8470000E+00 -0.2465477E+01
 0.8480000E+00 -0.2462544E+01
 0.8490000E+00 -0.2459613E+01
 0.8500000E+00 -0.2456682E+01
 0.8510000E+00 -0.2453751E+01
 0.8520000E+00 -0.2450821E+01
 0.8530000E+00 -0.2447892E+01
 0.8540000E+00 -0.2444963E+01
 0.8550000E+00 -0.2442035E+01
 0.8560000E+00 -0.2439108E+01
 0.8570000E+00 -0.2436181E+01
 0.8580000E+00 -0.2433255E+01
 0.8590000E+00 -0.2430329E+01
 0.8600000E+00 -0.2427404E+01
 0.8610000E+00 -0.2424480E+01
 0.8620000E+00 -0.2421556E+01
 0.8630000E+00 -0.2418633E+01
 0.8640000E+00 -0.2415711E+01
 0.8650000E+00 -0.2412789E+01
 0.8660000E+00 -0.2409869E+01
 0.8670000E+00 -0.2406948E+01
 0.8680000E+00 -0.2404029E+01
 0.8690000E+00 -0.2401110E+01
 0.8700000E+00 -0.2398191E+01
 0.8710000E+00 -0.2395274E+01
 0.8720000E+00 -0.2392357E+01
 0.8730000E+00 -0.2389441E+01
 0.8740000E+00 -0.2386526E+01
 0.8750000E+00 -0.2383611E+01
 0.8760000E+00 -0.2380697E+01
 0.8770000E+00 -0.2377783E+01
 0.8780000E+00 -0.2374871E+01
 0.8790000E+00 -0.2371959E+01
 0.8800000E+00 -0.2369048E+01
 0.8810000E+00 -0.2366138E+01
 0.8820000E+00 -0.2363228E+01
 0.8830000E+00 -0.2360319E+01
 0.8840000E+00 -0.2357411E+01
 0.8850000E+00 -0.2354503E+01
 0.8860000E+00 -0.2351597E+01
 0.8870000E+00 -0.2348691E+01
 0.8880000E+00 -0.2345786E+01
 0.8890000E+00 -0.2342881E+01
 0.8900000E+00 -0.2339978E+01
 0.8910000E+00 -0.2337075E+01
 0.8920000E+00 -0.2334173E+01
 0.8930000E+00 -0.2331272E+01
 0.8940000E+00 -0.2328371E+01
 0.8950000E+00 -0.2325471E+01
 0.8960000E+00 -0.2322573E+01
 0.8970000E+00 -0.2319675E+01
 0.8980000E+00 -0.2316777E+01
 0.8990000E+00 -0.2313881E+01
 0.9000000E+00 -0.2310985E+01
 0.9010000E+00 -0.2308090E+01
 0.9020000E+00 -0.2305196E+01
 0.9030000E+00 -0.2302303E+01
 0.9040000E+00 -0.2299410E+01
 0.9050000E+00 -0.2296519E+01
 0.9060000E+00 -0.2293628E+01
 0.9070000E+00 -0.2290738E+01
 0.9080000E+00 -0.2287849E+01
 0.9090000E+00 -0.2284961E+01
 0.9100000E+00 -0.2282073E+01
 0.9110000E+00 -0.2279187E+01
 0.9120000E+00 -0.2276301E+01
 0.9130000E+00 -0.2273416E+01
 0.9140000E+00 -0.2270532E+01
 0.9150000E+00 -0.2267649E+01
 0.9160000E+00 -0.2264767E+01
 0.9170000E+00 -0.2261885E+01
 0.9180000E+00 -0.2259005E+01
 0.9190000E+00 -0.2256125E+01
 0.9200000E+00 -0.2253246E+01
 0.9210000E+00 -0.2250368E+01
 0.9220000E+00 -0.2247491E+01
 0.9230000E+00 -0.2244615E+01
 0.9240000E+00 -0.2241740E+01
 0.9250000E+00 -0.2238865E+01
 0.9260000E+00 -0.2235992E+01
 0.9270000E+00 -0.2233119E+01
 0.9280000E+00 -0.2230248E+01
 0.9290000E+00 -0.2227377E+01
 0.9300000E+00 -0.2224507E+01
 0.9310000E+00 -0.2221638E+01
 0.9320000E+00 -0.2218770E+01
 0.9330000E+00 -0.2215903E+01
 0.9340000E+00 -0.2213037E+01
 0.9350000E+00 -0.2210172E+01
 0.9360000E+00 -0.2207308E+01
 0.9370000E+00 -0.2204445E+01
 0.9380000E+00 -0.2201582E+01
 0.9390000E+00 -0.2198721E+01
 0.9400000E+00 -0.2195861E+01
 0.9410000E+00 -0.2193001E+01
 0.9420000E+00 -0.2190143E+01
 0.9430000E+00 -0.2187285E+01
 0.9440000E+00 -0.2184429E+01
 0.9450000E+00 -0.2181573E+01
 0.9460000E+00 -0.2178719E+01
 0.9470000E+00 -0.2175865E+01
 0.9480000E+00 -0.2173013E+01
 0.9490000E+00 -0.2170161E+01
 0.9500000E+00 -0.2167311E+01
 0.9510000E+00 -0.2164462E+01
 0.9520000E+00 -0.2161613E+01
 0.9530000E+00 -0.2158766E+01
 0.9540000E+00 -0.2155920E+01
 0.9550000E+00 -0.2153074E+01
 0.9560000E+00 -0.2150230E+01
 0.9570000E+00 -0.2147387E+01
 0.9580000E+00 -0.2144545E+01
 0.9590000E+00 -0.2141704E+01
 0.9600000E+00 -0.2138864E+01
 0.9610000E+00 -0.2136025E+01
 0.9620000E+00 -0.2133188E+01
 0.9630000E+00 -0.2130351E+01
 0.9640000E+00 -0.2127516E+01
 0.9650000E+00 -0.2124681E+01
 0.9660000E+00 -0.2121848E+01
 0.9670000E+00 -0.2119016E+01
 0.9680000E+00 -0.2116185E+01
 0.9690000E+00 -0.2113355E+01
 0.9700000E+00 -0.2110527E+01
 0.9710000E+00 -0.2107699E+01
 0.9720000E+00 -0.2104873E+01
 0.9730000E+00 -0.2102048E+01
 0.9740000E+00 -0.2099224E+01
 0.9750000E+00 -0.2096401E+01
 0.9760000E+00 -0.2093580E+01
 0.9770000E+00 -0.2090760E+01
 0.9780000E+00 -0.2087940E+01
 0.9790000E+00 -0.2085123E+01
 0.9800000E+00 -0.2082306E+01
 0.9810000E+00 -0.2079491E+01
 0.9820000E+00 -0.2076677E+01
 0.9830000E+00 -0.2073864E+01
 0.9840000E+00 -0.2071052E+01
 0.9850000E+00 -0.2068242E+01
 0.9860000E+00 -0.2065433E+01
 0.9870000E+00 -0.2062626E+01
 0.9880000E+00 -0.2059819E+01
 0.9890000E+00 -0.2057014E+01
 0.9900000E+00 -0.2054211E+01
 0.9910000E+00 -0.2051408E+01
 0.9920000E+00 -0.2048607E+01
 0.9930000E+00 -0.2045808E+01
 0.9940000E+00 -0.2043009E+01
 0.9950000E+00 -0.2040213E+01
 0.9960000E+00 -0.2037417E+01
 0.9970000E+00 -0.2034623E+01
 0.9980000E+00 -0.2031830E+01
 0.9990000E+00 -0.2029039E+01
 0.1000000E+01 -0.2026249E+01
 0.1001000E+01 -0.2023460E+01
 0.1002000E+01 -0.2020673E+01
 0.1003000E+01 -0.2017887E+01
 0.1004000E+01 -0.2015103E+01
 0.1005000E+01 -0.2012320E+01
 0.1006000E+01 -0.2009539E+01
 0.1007000E+01 -0.2006759E+01
 0.1008000E+01 -0.2003981E+01
 0.1009000E+01 -0.2001204E+01
 0.1010000E+01 -0.1998428E+01
 0.1011000E+01 -0.1995654E+01
 0.1012000E+01 -0.1992882E+01
 0.1013000E+01 -0.1990111E+01
 0.1014000E+01 -0.1987342E+01
 0.1015000E+01 -0.1984574E+01
 0.1016000E+01 -0.1981807E+01
 0.1017000E+01 -0.1979042E+01
 0.1018000E+01 -0.1976279E+01
 0.1019000E+01 -0.1973517E+01
 0.1020000E+01 -0.1970757E+01
 0.1021000E+01 -0.1967998E+01
 0.1022000E+01 -0.1965241E+01
 0.1023000E+01 -0.1962486E+01
 0.1024000E+01 -0.1959732E+01
 0.1025000E+01 -0.1956979E+01
 0.1026000E+01 -0.1954228E+01
 0.1027000E+01 -0.1951479E+01
 0.1028000E+01 -0.1948731E+01
 0.1029000E+01 -0.1945985E+01
 0.1030000E+01 -0.1943241E+01
 0.1031000E+01 -0.1940498E+01
 0.1032000E+01 -0.1937756E+01
 0.1033000E+01 -0.1935017E+01
 0.1034000E+01 -0.1932279E+01
 0.1035000E+01 -0.1929542E+01
 0.1036000E+01 -0.1926807E+01
 0.1037000E+01 -0.1924074E+01
 0.1038000E+01 -0.1921342E+01
 0.1039000E+01 -0.1918612E+01
 0.1040000E+01 -0.1915884E+01
 0.1041000E+01 -0.1913157E+01
 0.1042000E+01 -0.1910432E+01
 0.1043000E+01 -0.1907709E+01
 0.1044000E+01 -0.1904987E+01
 0.1045000E+01 -0.1902267E+01
 0.1046000E+01 -0.1899548E+01
 0.1047000E+01 -0.1896831E+01
 0.1048000E+01 -0.1894116E+01
 0.1049000E+01 -0.1891403E+01
 0.1050000E+01 -0.1888691E+01
 0.1051000E+01 -0.1885980E+01
 0.1052000E+01 -0.1883272E+01
 0.1053000E+01 -0.1880565E+01
 0.1054000E+01 -0.1877859E+01
 0.1055000E+01 -0.1875155E+01
 0.1056000E+01 -0.1872453E+01
 0.1057000E+01 -0.1869753E+01
 0.1058000E+01 -0.1867054E+01
 0.1059000E+01 -0.1864357E+01
 0.1060000E+01 -0.1861662E+01
 0.1061000E+01 -0.1858968E+01
 0.1062000E+01 -0.1856276E+01
 0.1063000E+01 -0.1853585E+01
 0.1064000E+01 -0.1850896E+01
 0.1065000E+01 -0.1848209E+01
 0.1066000E+01 -0.1845524E+01
 0.1067000E+01 -0.1842840E+01
 0.1068000E+01 -0.1840158E+01
 0.1069000E+01 -0.1837477E+01
 0.1070000E+01 -0.1834798E+01
 0.1071000E+01 -0.1832121E+01
 0.1072000E+01 -0.1829446E+01
 0.1073000E+01 -0.1826772E+01
 0.1074000E+01 -0.1824100E+01
 0.1075000E+01 -0.1821429E+01
 0.1076000E+01 -0.1818760E+01
 0.1077000E+01 -0.1816093E+01
 0.1078000E+01 -0.1813427E+01
 0.1079000E+01 -0.1810763E+01
 0.1080000E+01 -0.1808101E+01
 0.1081000E+01 -0.1805441E+01
 0.1082000E+01 -0.1802782E+01
 0.1083000E+01 -0.1800124E+01
 0.1084000E+01 -0.1797469E+01
 0.1085000E+01 -0.1794815E+01
 0.1086000E+01 -0.1792163E+01
 0.1087000E+01 -0.1789512E+01
 0.1088000E+01 -0.1786863E+01
 0.1089000E+01 -0.1784216E+01
 0.1090000E+01 -0.1781571E+01
 0.1091000E+01 -0.1778927E+01
 0.1092000E+01 -0.1776285E+01
 0.1093000E+01 -0.1773644E+01
 0.1094000E+01 -0.1771005E+01
 0.1095000E+01 -0.1768368E+01
 0.1096000E+01 -0.1765733E+01
 0.1097000E+01 -0.1763099E+01
 0.1098000E+01 -0.1760468E+01
 0.1099000E+01 -0.1757837E+01
 0.1100000E+01 -0.1755209E+01
 0.1101000E+01 -0.1752582E+01
 0.1102000E+01 -0.1749957E+01
 0.1103000E+01 -0.1747334E+01
 0.1104000E+01 -0.1744712E+01
 0.1105000E+01 -0.1742092E+01
 0.1106000E+01 -0.1739474E+01
 0.1107000E+01 -0.1736858E+01
 0.1108000E+01 -0.1734243E+01
 0.1109000E+01 -0.1731630E+01
 0.1110000E+01 -0.1729019E+01
 0.1111000E+01 -0.1726410E+01
 0.1112000E+01 -0.1723803E+01
 0.1113000E+01 -0.1721197E+01
 0.1114000E+01 -0.1718593E+01
 0.1115000E+01 -0.1715991E+01
 0.1116000E+01 -0.1713391E+01
 0.1117000E+01 -0.1710793E+01
 0.1118000E+01 -0.1708196E+01
 0.1119000E+01 -0.1705601E+01
 0.1120000E+01 -0.1703009E+01
 0.1121000E+01 -0.1700418E+01
 0.1122000E+01 -0.1697828E+01
 0.1123000E+01 -0.1695241E+01
 0.1124000E+01 -0.1692656E+01
 0.1125000E+01 -0.1690073E+01
 0.1126000E+01 -0.1687491E+01
 0.1127000E+01 -0.1684912E+01
 0.1128000E+01 -0.1682334E+01
 0.1129000E+01 -0.1679758E+01
 0.1130000E+01 -0.1677185E+01
 0.1131000E+01 -0.1674613E+01
 0.1132000E+01 -0.1672043E+01
 0.1133000E+01 -0.1669476E+01
 0.1134000E+01 -0.1666910E+01
 0.1135000E+01 -0.1664347E+01
 0.1136000E+01 -0.1661785E+01
 0.1137000E+01 -0.1659225E+01
 0.1138000E+01 -0.1656668E+01
 0.1139000E+01 -0.1654113E+01
 0.1140000E+01 -0.1651559E+01
 0.1141000E+01 -0.1649008E+01
 0.1142000E+01 -0.1646459E+01
 0.1143000E+01 -0.1643912E+01
 0.1144000E+01 -0.1641368E+01
 0.1145000E+01 -0.1638825E+01
 0.1146000E+01 -0.1636285E+01
 0.1147000E+01 -0.1633747E+01
 0.1148000E+01 -0.1631211E+01
 0.1149000E+01 -0.1628677E+01
 0.1150000E+01 -0.1626146E+01
 0.1151000E+01 -0.1623617E+01
 0.1152000E+01 -0.1621090E+01
 0.1153000E+01 -0.1618566E+01
 0.1154000E+01 -0.1616043E+01
 0.1155000E+01 -0.1613523E+01
 0.1156000E+01 -0.1611006E+01
 0.1157000E+01 -0.1608491E+01
 0.1158000E+01 -0.1605978E+01
 0.1159000E+01 -0.1603468E+01
 0.1160000E+01 -0.1600960E+01
 0.1161000E+01 -0.1598454E+01
 0.1162000E+01 -0.1595951E+01
 0.1163000E+01 -0.1593450E+01
 0.1164000E+01 -0.1590952E+01
 0.1165000E+01 -0.1588456E+01
 0.1166000E+01 -0.1585963E+01
 0.1167000E+01 -0.1583473E+01
 0.1168000E+01 -0.1580984E+01
 0.1169000E+01 -0.1578499E+01
 0.1170000E+01 -0.1576016E+01
 0.1171000E+01 -0.1573535E+01
 0.1172000E+01 -0.1571058E+01
 0.1173000E+01 -0.1568582E+01
 0.1174000E+01 -0.1566110E+01
 0.1175000E+01 -0.1563640E+01
 0.1176000E+01 -0.1561172E+01
 0.1177000E+01 -0.1558708E+01
 0.1178000E+01 -0.1556246E+01
 0.1179000E+01 -0.1553787E+01
 0.1180000E+01 -0.1551330E+01
 0.1181000E+01 -0.1548876E+01
 0.1182000E+01 -0.1546425E+01
 0.1183000E+01 -0.1543977E+01
 0.1184000E+01 -0.1541531E+01
 0.1185000E+01 -0.1539088E+01
 0.1186000E+01 -0.1536648E+01
 0.1187000E+01 -0.1534211E+01
 0.1188000E+01 -0.1531776E+01
 0.1189000E+01 -0.1529345E+01
 0.1190000E+01 -0.1526916E+01
 0.1191000E+01 -0.1524490E+01
 0.1192000E+01 -0.1522066E+01
 0.1193000E+01 -0.1519646E+01
 0.1194000E+01 -0.1517228E+01
 0.1195000E+01 -0.1514814E+01
 0.1196000E+01 -0.1512402E+01
 0.1197000E+01 -0.1509993E+01
 0.1198000E+01 -0.1507587E+01
 0.1199000E+01 -0.1505184E+01
 0.1200000E+01 -0.1502784E+01
 0.1201000E+01 -0.1500386E+01
 0.1202000E+01 -0.1497992E+01
 0.1203000E+01 -0.1495601E+01
 0.1204000E+01 -0.1493212E+01
 0.1205000E+01 -0.1490826E+01
 0.1206000E+01 -0.1488444E+01
 0.1207000E+01 -0.1486064E+01
 0.1208000E+01 -0.1483687E+01
 0.1209000E+01 -0.1481313E+01
 0.1210000E+01 -0.1478942E+01
 0.1211000E+01 -0.1476574E+01
 0.1212000E+01 -0.1474209E+01
 0.1213000E+01 -0.1471847E+01
 0.1214000E+01 -0.1469488E+01
 0.1215000E+01 -0.1467131E+01
 0.1216000E+01 -0.1464778E+01
 0.1217000E+01 -0.1462428E+01
 0.1218000E+01 -0.1460080E+01
 0.1219000E+01 -0.1457736E+01
 0.1220000E+01 -0.1455394E+01
 0.1221000E+01 -0.1453056E+01
 0.1222000E+01 -0.1450720E+01
 0.1223000E+01 -0.1448388E+01
 0.1224000E+01 -0.1446058E+01
 0.1225000E+01 -0.1443731E+01
 0.1226000E+01 -0.1441407E+01
 0.1227000E+01 -0.1439086E+01
 0.1228000E+01 -0.1436768E+01
 0.1229000E+01 -0.1434453E+01
 0.1230000E+01 -0.1432141E+01
 0.1231000E+01 -0.1429832E+01
 0.1232000E+01 -0.1427526E+01
 0.1233000E+01 -0.1425222E+01
 0.1234000E+01 -0.1422922E+01
 0.1235000E+01 -0.1420624E+01
 0.1236000E+01 -0.1418330E+01
 0.1237000E+01 -0.1416038E+01
 0.1238000E+01 -0.1413749E+01
 0.1239000E+01 -0.1411463E+01
 0.1240000E+01 -0.1409179E+01
 0.1241000E+01 -0.1406899E+01
 0.1242000E+01 -0.1404622E+01
 0.1243000E+01 -0.1402347E+01
 0.1244000E+01 -0.1400075E+01
 0.1245000E+01 -0.1397806E+01
 0.1246000E+01 -0.1395540E+01
 0.1247000E+01 -0.1393277E+01
 0.1248000E+01 -0.1391016E+01
 0.1249000E+01 -0.1388758E+01
 0.1250000E+01 -0.1386503E+01
 0.1251000E+01 -0.1384251E+01
 0.1252000E+01 -0.1382002E+01
 0.1253000E+01 -0.1379755E+01
 0.1254000E+01 -0.1377511E+01
 0.1255000E+01 -0.1375270E+01
 0.1256000E+01 -0.1373032E+01
 0.1257000E+01 -0.1370796E+01
 0.1258000E+01 -0.1368563E+01
 0.1259000E+01 -0.1366333E+01
 0.1260000E+01 -0.1364106E+01
 0.1261000E+01 -0.1361881E+01
 0.1262000E+01 -0.1359659E+01
 0.1263000E+01 -0.1357440E+01
 0.1264000E+01 -0.1355223E+01
 0.1265000E+01 -0.1353009E+01
 0.1266000E+01 -0.1350798E+01
 0.1267000E+01 -0.1348590E+01
 0.1268000E+01 -0.1346384E+01
 0.1269000E+01 -0.1344180E+01
 0.1270000E+01 -0.1341980E+01
 0.1271000E+01 -0.1339782E+01
 0.1272000E+01 -0.1337587E+01
 0.1273000E+01 -0.1335394E+01
 0.1274000E+01 -0.1333204E+01
 0.1275000E+01 -0.1331017E+01
 0.1276000E+01 -0.1328832E+01
 0.1277000E+01 -0.1326650E+01
 0.1278000E+01 -0.1324470E+01
 0.1279000E+01 -0.1322293E+01
 0.1280000E+01 -0.1320119E+01
 0.1281000E+01 -0.1317947E+01
 0.1282000E+01 -0.1315778E+01
 0.1283000E+01 -0.1313612E+01
 0.1284000E+01 -0.1311448E+01
 0.1285000E+01 -0.1309287E+01
 0.1286000E+01 -0.1307128E+01
 0.1287000E+01 -0.1304972E+01
 0.1288000E+01 -0.1302819E+01
 0.1289000E+01 -0.1300668E+01
 0.1290000E+01 -0.1298519E+01
 0.1291000E+01 -0.1296374E+01
 0.1292000E+01 -0.1294231E+01
 0.1293000E+01 -0.1292090E+01
 0.1294000E+01 -0.1289952E+01
 0.1295000E+01 -0.1287817E+01
 0.1296000E+01 -0.1285684E+01
 0.1297000E+01 -0.1283554E+01
 0.1298000E+01 -0.1281427E+01
 0.1299000E+01 -0.1279302E+01
 0.1300000E+01 -0.1277179E+01
 0.1301000E+01 -0.1275060E+01
 0.1302000E+01 -0.1272943E+01
 0.1303000E+01 -0.1270828E+01
 0.1304000E+01 -0.1268716E+01
 0.1305000E+01 -0.1266607E+01
 0.1306000E+01 -0.1264501E+01
 0.1307000E+01 -0.1262397E+01
 0.1308000E+01 -0.1260296E+01
 0.1309000E+01 -0.1258197E+01
 0.1310000E+01 -0.1256101E+01
 0.1311000E+01 -0.1254008E+01
 0.1312000E+01 -0.1251918E+01
 0.1313000E+01 -0.1249830E+01
 0.1314000E+01 -0.1247745E+01
 0.1315000E+01 -0.1245662E+01
 0.1316000E+01 -0.1243582E+01
 0.1317000E+01 -0.1241505E+01
 0.1318000E+01 -0.1239431E+01
 0.1319000E+01 -0.1237360E+01
 0.1320000E+01 -0.1235291E+01
 0.1321000E+01 -0.1233225E+01
 0.1322000E+01 -0.1231162E+01
 0.1323000E+01 -0.1229101E+01
 0.1324000E+01 -0.1227044E+01
 0.1325000E+01 -0.1224989E+01
 0.1326000E+01 -0.1222937E+01
 0.1327000E+01 -0.1220887E+01
 0.1328000E+01 -0.1218841E+01
 0.1329000E+01 -0.1216798E+01
 0.1330000E+01 -0.1214757E+01
 0.1331000E+01 -0.1212719E+01
 0.1332000E+01 -0.1210684E+01
 0.1333000E+01 -0.1208653E+01
 0.1334000E+01 -0.1206623E+01
 0.1335000E+01 -0.1204597E+01
 0.1336000E+01 -0.1202574E+01
 0.1337000E+01 -0.1200554E+01
 0.1338000E+01 -0.1198537E+01
 0.1339000E+01 -0.1196523E+01
 0.1340000E+01 -0.1194512E+01
 0.1341000E+01 -0.1192503E+01
 0.1342000E+01 -0.1190498E+01
 0.1343000E+01 -0.1188496E+01
 0.1344000E+01 -0.1186497E+01
 0.1345000E+01 -0.1184501E+01
 0.1346000E+01 -0.1182509E+01
 0.1347000E+01 -0.1180519E+01
 0.1348000E+01 -0.1178532E+01
 0.1349000E+01 -0.1176549E+01
 0.1350000E+01 -0.1174569E+01
 0.1351000E+01 -0.1172592E+01
 0.1352000E+01 -0.1170618E+01
 0.1353000E+01 -0.1168647E+01
 0.1354000E+01 -0.1166680E+01
 0.1355000E+01 -0.1164715E+01
 0.1356000E+01 -0.1162754E+01
 0.1357000E+01 -0.1160797E+01
 0.1358000E+01 -0.1158842E+01
 0.1359000E+01 -0.1156891E+01
 0.1360000E+01 -0.1154944E+01
 0.1361000E+01 -0.1152999E+01
 0.1362000E+01 -0.1151058E+01
 0.1363000E+01 -0.1149121E+01
 0.1364000E+01 -0.1147187E+01
 0.1365000E+01 -0.1145256E+01
 0.1366000E+01 -0.1143329E+01
 0.1367000E+01 -0.1141405E+01
 0.1368000E+01 -0.1139484E+01
 0.1369000E+01 -0.1137567E+01
 0.1370000E+01 -0.1135654E+01
 0.1371000E+01 -0.1133744E+01
 0.1372000E+01 -0.1131838E+01
 0.1373000E+01 -0.1129935E+01
 0.1374000E+01 -0.1128036E+01
 0.1375000E+01 -0.1126140E+01
 0.1376000E+01 -0.1124248E+01
 0.1377000E+01 -0.1122360E+01
 0.1378000E+01 -0.1120475E+01
 0.1379000E+01 -0.1118594E+01
 0.1380000E+01 -0.1116717E+01
 0.1381000E+01 -0.1114843E+01
 0.1382000E+01 -0.1112973E+01
 0.1383000E+01 -0.1111107E+01
 0.1384000E+01 -0.1109245E+01
 0.1385000E+01 -0.1107386E+01
 0.1386000E+01 -0.1105532E+01
 0.1387000E+01 -0.1103681E+01
 0.1388000E+01 -0.1101834E+01
 0.1389000E+01 -0.1099990E+01
 0.1390000E+01 -0.1098151E+01
 0.1391000E+01 -0.1096316E+01
 0.1392000E+01 -0.1094484E+01
 0.1393000E+01 -0.1092657E+01
 0.1394000E+01 -0.1090833E+01
 0.1395000E+01 -0.1089013E+01
 0.1396000E+01 -0.1087198E+01
 0.1397000E+01 -0.1085386E+01
 0.1398000E+01 -0.1083579E+01
 0.1399000E+01 -0.1081775E+01
 0.1400000E+01 -0.1079976E+01
 0.1401000E+01 -0.1078180E+01
 0.1402000E+01 -0.1076389E+01
 0.1403000E+01 -0.1074602E+01
 0.1404000E+01 -0.1072819E+01
 0.1405000E+01 -0.1071040E+01
 0.1406000E+01 -0.1069265E+01
 0.1407000E+01 -0.1067495E+01
 0.1408000E+01 -0.1065729E+01
 0.1409000E+01 -0.1063967E+01
 0.1410000E+01 -0.1062209E+01
 0.1411000E+01 -0.1060455E+01
 0.1412000E+01 -0.1058706E+01
 0.1413000E+01 -0.1056961E+01
 0.1414000E+01 -0.1055221E+01
 0.1415000E+01 -0.1053484E+01
 0.1416000E+01 -0.1051752E+01
 0.1417000E+01 -0.1050025E+01
 0.1418000E+01 -0.1048302E+01
 0.1419000E+01 -0.1046583E+01
 0.1420000E+01 -0.1044869E+01
 0.1421000E+01 -0.1043159E+01
 0.1422000E+01 -0.1041453E+01
 0.1423000E+01 -0.1039752E+01
 0.1424000E+01 -0.1038055E+01
 0.1425000E+01 -0.1036363E+01
 0.1426000E+01 -0.1034676E+01
 0.1427000E+01 -0.1032993E+01
 0.1428000E+01 -0.1031314E+01
 0.1429000E+01 -0.1029640E+01
 0.1430000E+01 -0.1027970E+01
 0.1431000E+01 -0.1026305E+01
 0.1432000E+01 -0.1024645E+01
 0.1433000E+01 -0.1022989E+01
 0.1434000E+01 -0.1021337E+01
 0.1435000E+01 -0.1019691E+01
 0.1436000E+01 -0.1018048E+01
 0.1437000E+01 -0.1016411E+01
 0.1438000E+01 -0.1014778E+01
 0.1439000E+01 -0.1013149E+01
 0.1440000E+01 -0.1011525E+01
 0.1441000E+01 -0.1009906E+01
 0.1442000E+01 -0.1008292E+01
 0.1443000E+01 -0.1006681E+01
 0.1444000E+01 -0.1005076E+01
 0.1445000E+01 -0.1003475E+01
 0.1446000E+01 -0.1001879E+01
 0.1447000E+01 -0.1000288E+01
 0.1448000E+01 -0.9987007E+00
 0.1449000E+01 -0.9971184E+00
 0.1450000E+01 -0.9955408E+00
 0.1451000E+01 -0.9939677E+00
 0.1452000E+01 -0.9923992E+00
 0.1453000E+01 -0.9908354E+00
 0.1454000E+01 -0.9892761E+00
 0.1455000E+01 -0.9877215E+00
 0.1456000E+01 -0.9861714E+00
 0.1457000E+01 -0.9846259E+00
 0.1458000E+01 -0.9830850E+00
 0.1459000E+01 -0.9815487E+00
 0.1460000E+01 -0.9800169E+00
 0.1461000E+01 -0.9784897E+00
 0.1462000E+01 -0.9769670E+00
 0.1463000E+01 -0.9754488E+00
 0.1464000E+01 -0.9739352E+00
 0.1465000E+01 -0.9724260E+00
 0.1466000E+01 -0.9709214E+00
 0.1467000E+01 -0.9694212E+00
 0.1468000E+01 -0.9679255E+00
 0.1469000E+01 -0.9664342E+00
 0.1470000E+01 -0.9649474E+00
 0.1471000E+01 -0.9634650E+00
 0.1472000E+01 -0.9619869E+00
 0.1473000E+01 -0.9605133E+00
 0.1474000E+01 -0.9590440E+00
 0.1475000E+01 -0.9575791E+00
 0.1476000E+01 -0.9561185E+00
 0.1477000E+01 -0.9546621E+00
 0.1478000E+01 -0.9532101E+00
 0.1479000E+01 -0.9517623E+00
 0.1480000E+01 -0.9503188E+00
 0.1481000E+01 -0.9488794E+00
 0.1482000E+01 -0.9474443E+00
 0.1483000E+01 -0.9460133E+00
 0.1484000E+01 -0.9445865E+00
 0.1485000E+01 -0.9431638E+00
 0.1486000E+01 -0.9417452E+00
 0.1487000E+01 -0.9403306E+00
 0.1488000E+01 -0.9389201E+00
 0.1489000E+01 -0.9375136E+00
 0.1490000E+01 -0.9361111E+00
 0.1491000E+01 -0.9347126E+00
 0.1492000E+01 -0.9333180E+00
 0.1493000E+01 -0.9319272E+00
 0.1494000E+01 -0.9305404E+00
 0.1495000E+01 -0.9291574E+00
 0.1496000E+01 -0.9277782E+00
 0.1497000E+01 -0.9264028E+00
 0.1498000E+01 -0.9250312E+00
 0.1499000E+01 -0.9236633E+00
 0.1500000E+01 -0.9222991E+00
 0.1501000E+01 -0.9209385E+00
 0.1502000E+01 -0.9195816E+00
 0.1503000E+01 -0.9182283E+00
 0.1504000E+01 -0.9168785E+00
 0.1505000E+01 -0.9155323E+00
 0.1506000E+01 -0.9141895E+00
 0.1507000E+01 -0.9128502E+00
 0.1508000E+01 -0.9115144E+00
 0.1509000E+01 -0.9101819E+00
 0.1510000E+01 -0.9088528E+00
 0.1511000E+01 -0.9075271E+00
 0.1512000E+01 -0.9062046E+00
 0.1513000E+01 -0.9048854E+00
 0.1514000E+01 -0.9035693E+00
 0.1515000E+01 -0.9022565E+00
 0.1516000E+01 -0.9009468E+00
 0.1517000E+01 -0.8996401E+00
 0.1518000E+01 -0.8983366E+00
 0.1519000E+01 -0.8970360E+00
 0.1520000E+01 -0.8957384E+00
 0.1521000E+01 -0.8944437E+00
 0.1522000E+01 -0.8931519E+00
 0.1523000E+01 -0.8918630E+00
 0.1524000E+01 -0.8905768E+00
 0.1525000E+01 -0.8892934E+00
 0.1526000E+01 -0.8880126E+00
 0.1527000E+01 -0.8867345E+00
 0.1528000E+01 -0.8854590E+00
 0.1529000E+01 -0.8841860E+00
 0.1530000E+01 -0.8829155E+00
 0.1531000E+01 -0.8816474E+00
 0.1532000E+01 -0.8803816E+00
 0.1533000E+01 -0.8791181E+00
 0.1534000E+01 -0.8778569E+00
 0.1535000E+01 -0.8765979E+00
 0.1536000E+01 -0.8753409E+00
 0.1537000E+01 -0.8740859E+00
 0.1538000E+01 -0.8728330E+00
 0.1539000E+01 -0.8715819E+00
 0.1540000E+01 -0.8703326E+00
 0.1541000E+01 -0.8690850E+00
 0.1542000E+01 -0.8678391E+00
 0.1543000E+01 -0.8665947E+00
 0.1544000E+01 -0.8653519E+00
 0.1545000E+01 -0.8641104E+00
 0.1546000E+01 -0.8628703E+00
 0.1547000E+01 -0.8616313E+00
 0.1548000E+01 -0.8603936E+00
 0.1549000E+01 -0.8591568E+00
 0.1550000E+01 -0.8579211E+00
 0.1551000E+01 -0.8566862E+00
 0.1552000E+01 -0.8554520E+00
 0.1553000E+01 -0.8542186E+00
 0.1554000E+01 -0.8529858E+00
 0.1555000E+01 -0.8517536E+00
 0.1556000E+01 -0.8505217E+00
 0.1557000E+01 -0.8492903E+00
 0.1558000E+01 -0.8480591E+00
 0.1559000E+01 -0.8468281E+00
 0.1560000E+01 -0.8455973E+00
 0.1561000E+01 -0.8443666E+00
 0.1562000E+01 -0.8431359E+00
 0.1563000E+01 -0.8419052E+00
 0.1564000E+01 -0.8406745E+00
 0.1565000E+01 -0.8394436E+00
 0.1566000E+01 -0.8382127E+00
 0.1567000E+01 -0.8369816E+00
 0.1568000E+01 -0.8357504E+00
 0.1569000E+01 -0.8345191E+00
 0.1570000E+01 -0.8332876E+00
 0.1571000E+01 -0.8320561E+00
 0.1572000E+01 -0.8308245E+00
 0.1573000E+01 -0.8295929E+00
 0.1574000E+01 -0.8283614E+00
 0.1575000E+01 -0.8271301E+00
 0.1576000E+01 -0.8258990E+00
 0.1577000E+01 -0.8246682E+00
 0.1578000E+01 -0.8234378E+00
 0.1579000E+01 -0.8222080E+00
 0.1580000E+01 -0.8209790E+00
 0.1581000E+01 -0.8197508E+00
 0.1582000E+01 -0.8185236E+00
 0.1583000E+01 -0.8172975E+00
 0.1584000E+01 -0.8160729E+00
 0.1585000E+01 -0.8148498E+00
 0.1586000E+01 -0.8136284E+00
 0.1587000E+01 -0.8124090E+00
 0.1588000E+01 -0.8111918E+00
 0.1589000E+01 -0.8099770E+00
 0.1590000E+01 -0.8087647E+00
 0.1591000E+01 -0.8075553E+00
 0.1592000E+01 -0.8063490E+00
 0.1593000E+01 -0.8051459E+00
 0.1594000E+01 -0.8039464E+00
 0.1595000E+01 -0.8027506E+00
 0.1596000E+01 -0.8015589E+00
 0.1597000E+01 -0.8003713E+00
 0.1598000E+01 -0.7991882E+00
 0.1599000E+01 -0.7980097E+00
 0.1600000E+01 -0.7968362E+00
 0.1601000E+01 -0.7956677E+00
 0.1602000E+01 -0.7945045E+00
 0.1603000E+01 -0.7933468E+00
 0.1604000E+01 -0.7921948E+00
 0.1605000E+01 -0.7910486E+00
 0.1606000E+01 -0.7899085E+00
 0.1607000E+01 -0.7887745E+00
 0.1608000E+01 -0.7876468E+00
 0.1609000E+01 -0.7865256E+00
 0.1610000E+01 -0.7854110E+00
 0.1611000E+01 -0.7843031E+00
 0.1612000E+01 -0.7832019E+00
 0.1613000E+01 -0.7821077E+00
 0.1614000E+01 -0.7810203E+00
 0.1615000E+01 -0.7799400E+00
 0.1616000E+01 -0.7788668E+00
 0.1617000E+01 -0.7778006E+00
 0.1618000E+01 -0.7767416E+00
 0.1619000E+01 -0.7756897E+00
 0.1620000E+01 -0.7746450E+00
 0.1621000E+01 -0.7736074E+00
 0.1622000E+01 -0.7725769E+00
 0.1623000E+01 -0.7715536E+00
 0.1624000E+01 -0.7705373E+00
 0.1625000E+01 -0.7695280E+00
 0.1626000E+01 -0.7685257E+00
 0.1627000E+01 -0.7675303E+00
 0.1628000E+01 -0.7665417E+00
 0.1629000E+01 -0.7655600E+00
 0.1630000E+01 -0.7645849E+00
 0.1631000E+01 -0.7636165E+00
 0.1632000E+01 -0.7626546E+00
 0.1633000E+01 -0.7616992E+00
 0.1634000E+01 -0.7607501E+00
 0.1635000E+01 -0.7598074E+00
 0.1636000E+01 -0.7588708E+00
 0.1637000E+01 -0.7579404E+00
 0.1638000E+01 -0.7570160E+00
 0.1639000E+01 -0.7560975E+00
 0.1640000E+01 -0.7551848E+00
 0.1641000E+01 -0.7542779E+00
 0.1642000E+01 -0.7533767E+00
 0.1643000E+01 -0.7524811E+00
 0.1644000E+01 -0.7515910E+00
 0.1645000E+01 -0.7507063E+00
 0.1646000E+01 -0.7498270E+00
 0.1647000E+01 -0.7489530E+00
 0.1648000E+01 -0.7480842E+00
 0.1649000E+01 -0.7472206E+00
 0.1650000E+01 -0.7463621E+00
 0.1651000E+01 -0.7455087E+00
 0.1652000E+01 -0.7446602E+00
 0.1653000E+01 -0.7438168E+00
 0.1654000E+01 -0.7429783E+00
 0.1655000E+01 -0.7421447E+00
 0.1656000E+01 -0.7413160E+00
 0.1657000E+01 -0.7404921E+00
 0.1658000E+01 -0.7396730E+00
 0.1659000E+01 -0.7388587E+00
 0.1660000E+01 -0.7380492E+00
 0.1661000E+01 -0.7372444E+00
 0.1662000E+01 -0.7364444E+00
 0.1663000E+01 -0.7356491E+00
 0.1664000E+01 -0.7348585E+00
 0.1665000E+01 -0.7340727E+00
 0.1666000E+01 -0.7332915E+00
 0.1667000E+01 -0.7325151E+00
 0.1668000E+01 -0.7317434E+00
 0.1669000E+01 -0.7309764E+00
 0.1670000E+01 -0.7302142E+00
 0.1671000E+01 -0.7294566E+00
 0.1672000E+01 -0.7287038E+00
 0.1673000E+01 -0.7279557E+00
 0.1674000E+01 -0.7272123E+00
 0.1675000E+01 -0.7264737E+00
 0.1676000E+01 -0.7257398E+00
 0.1677000E+01 -0.7250107E+00
 0.1678000E+01 -0.7242863E+00
 0.1679000E+01 -0.7235667E+00
 0.1680000E+01 -0.7228518E+00
 0.1681000E+01 -0.7221418E+00
 0.1682000E+01 -0.7214365E+00
 0.1683000E+01 -0.7207360E+00
 0.1684000E+01 -0.7200403E+00
 0.1685000E+01 -0.7193494E+00
 0.1686000E+01 -0.7186633E+00
 0.1687000E+01 -0.7179820E+00
 0.1688000E+01 -0.7173056E+00
 0.1689000E+01 -0.7166341E+00
 0.1690000E+01 -0.7159673E+00
 0.1691000E+01 -0.7153055E+00
 0.1692000E+01 -0.7146486E+00
 0.1693000E+01 -0.7139965E+00
 0.1694000E+01 -0.7133493E+00
 0.1695000E+01 -0.7127071E+00
 0.1696000E+01 -0.7120699E+00
 0.1697000E+01 -0.7114375E+00
 0.1698000E+01 -0.7108102E+00
 0.1699000E+01 -0.7101879E+00
 0.1700000E+01 -0.7095706E+00
 0.1701000E+01 -0.7089584E+00
 0.1702000E+01 -0.7083513E+00
 0.1703000E+01 -0.7077492E+00
 0.1704000E+01 -0.7071523E+00
 0.1705000E+01 -0.7065606E+00
 0.1706000E+01 -0.7059741E+00
 0.1707000E+01 -0.7053928E+00
 0.1708000E+01 -0.7048168E+00
 0.1709000E+01 -0.7042461E+00
 0.1710000E+01 -0.7036808E+00
 0.1711000E+01 -0.7031208E+00
 0.1712000E+01 -0.7025664E+00
 0.1713000E+01 -0.7020174E+00
 0.1714000E+01 -0.7014739E+00
 0.1715000E+01 -0.7009360E+00
 0.1716000E+01 -0.7004038E+00
 0.1717000E+01 -0.6998772E+00
 0.1718000E+01 -0.6993564E+00
 0.1719000E+01 -0.6988414E+00
 0.1720000E+01 -0.6983323E+00
 0.1721000E+01 -0.6978291E+00
 0.1722000E+01 -0.6973318E+00
 0.1723000E+01 -0.6968406E+00
 0.1724000E+01 -0.6963555E+00
 0.1725000E+01 -0.6958766E+00
 0.1726000E+01 -0.6954039E+00
 0.1727000E+01 -0.6949375E+00
 0.1728000E+01 -0.6944774E+00
 0.1729000E+01 -0.6940238E+00
 0.1730000E+01 -0.6935767E+00
 0.1731000E+01 -0.6931362E+00
 0.1732000E+01 -0.6927023E+00
 0.1733000E+01 -0.6922751E+00
 0.1734000E+01 -0.6918546E+00
 0.1735000E+01 -0.6914410E+00
 0.1736000E+01 -0.6910344E+00
 0.1737000E+01 -0.6906347E+00
 0.1738000E+01 -0.6902421E+00
 0.1739000E+01 -0.6898566E+00
 0.1740000E+01 -0.6894782E+00
 0.1741000E+01 -0.6891072E+00
 0.1742000E+01 -0.6887435E+00
 0.1743000E+01 -0.6883871E+00
 0.1744000E+01 -0.6880382E+00
 0.1745000E+01 -0.6876969E+00
 0.1746000E+01 -0.6873631E+00
 0.1747000E+01 -0.6870370E+00
 0.1748000E+01 -0.6867187E+00
 0.1749000E+01 -0.6864081E+00
 0.1750000E+01 -0.6861053E+00
 0.1751000E+01 -0.6858104E+00
 0.1752000E+01 -0.6855235E+00
 0.1753000E+01 -0.6852447E+00
 0.1754000E+01 -0.6849739E+00
 0.1755000E+01 -0.6847112E+00
 0.1756000E+01 -0.6844568E+00
 0.1757000E+01 -0.6842105E+00
 0.1758000E+01 -0.6839726E+00
 0.1759000E+01 -0.6837430E+00
 0.1760000E+01 -0.6835218E+00
 0.1761000E+01 -0.6833090E+00
 0.1762000E+01 -0.6831048E+00
 0.1763000E+01 -0.6829090E+00
 0.1764000E+01 -0.6827219E+00
 0.1765000E+01 -0.6825434E+00
 0.1766000E+01 -0.6823735E+00
 0.1767000E+01 -0.6822124E+00
 0.1768000E+01 -0.6820600E+00
 0.1769000E+01 -0.6819164E+00
 0.1770000E+01 -0.6817816E+00
 0.1771000E+01 -0.6816557E+00
 0.1772000E+01 -0.6815387E+00
 0.1773000E+01 -0.6814306E+00
 0.1774000E+01 -0.6813315E+00
 0.1775000E+01 -0.6812413E+00
 0.1776000E+01 -0.6811602E+00
 0.1777000E+01 -0.6810882E+00
 0.1778000E+01 -0.6810253E+00
 0.1779000E+01 -0.6809714E+00
 0.1780000E+01 -0.6809267E+00
 0.1781000E+01 -0.6808911E+00
 0.1782000E+01 -0.6808648E+00
 0.1783000E+01 -0.6808476E+00
 0.1784000E+01 -0.6808397E+00
 0.1785000E+01 -0.6808410E+00
 0.1786000E+01 -0.6808515E+00
 0.1787000E+01 -0.6808713E+00
 0.1788000E+01 -0.6809005E+00
 0.1789000E+01 -0.6809389E+00
 0.1790000E+01 -0.6809866E+00
 0.1791000E+01 -0.6810436E+00
 0.1792000E+01 -0.6811099E+00
 0.1793000E+01 -0.6811856E+00
 0.1794000E+01 -0.6812706E+00
 0.1795000E+01 -0.6813650E+00
 0.1796000E+01 -0.6814686E+00
 0.1797000E+01 -0.6815816E+00
 0.1798000E+01 -0.6817039E+00
 0.1799000E+01 -0.6818355E+00
 0.1800000E+01 -0.6819764E+00
 0.1801000E+01 -0.6821266E+00
 0.1802000E+01 -0.6822861E+00
 0.1803000E+01 -0.6824548E+00
 0.1804000E+01 -0.6826328E+00
 0.1805000E+01 -0.6828199E+00
 0.1806000E+01 -0.6830163E+00
 0.1807000E+01 -0.6832219E+00
 0.1808000E+01 -0.6834366E+00
 0.1809000E+01 -0.6836604E+00
 0.1810000E+01 -0.6838933E+00
 0.1811000E+01 -0.6841352E+00
 0.1812000E+01 -0.6843862E+00
 0.1813000E+01 -0.6846461E+00
 0.1814000E+01 -0.6849150E+00
 0.1815000E+01 -0.6851927E+00
 0.1816000E+01 -0.6854794E+00
 0.1817000E+01 -0.6857748E+00
 0.1818000E+01 -0.6860790E+00
 0.1819000E+01 -0.6863919E+00
 0.1820000E+01 -0.6867135E+00
 0.1821000E+01 -0.6870438E+00
 0.1822000E+01 -0.6873825E+00
 0.1823000E+01 -0.6877298E+00
 0.1824000E+01 -0.6880856E+00
 0.1825000E+01 -0.6884498E+00
 0.1826000E+01 -0.6888223E+00
 0.1827000E+01 -0.6892032E+00
 0.1828000E+01 -0.6895922E+00
 0.1829000E+01 -0.6899895E+00
 0.1830000E+01 -0.6903949E+00
 0.1831000E+01 -0.6908084E+00
 0.1832000E+01 -0.6912299E+00
 0.1833000E+01 -0.6916593E+00
 0.1834000E+01 -0.6920966E+00
 0.1835000E+01 -0.6925418E+00
 0.1836000E+01 -0.6929948E+00
 0.1837000E+01 -0.6934555E+00
 0.1838000E+01 -0.6939239E+00
 0.1839000E+01 -0.6943999E+00
 0.1840000E+01 -0.6948835E+00
 0.1841000E+01 -0.6953745E+00
 0.1842000E+01 -0.6958730E+00
 0.1843000E+01 -0.6963789E+00
 0.1844000E+01 -0.6968922E+00
 0.1845000E+01 -0.6974128E+00
 0.1846000E+01 -0.6979405E+00
 0.1847000E+01 -0.6984755E+00
 0.1848000E+01 -0.6990176E+00
 0.1849000E+01 -0.6995669E+00
 0.1850000E+01 -0.7001231E+00
 0.1851000E+01 -0.7006864E+00
 0.1852000E+01 -0.7012566E+00
 0.1853000E+01 -0.7018337E+00
 0.1854000E+01 -0.7024177E+00
 0.1855000E+01 -0.7030084E+00
 0.1856000E+01 -0.7036060E+00
 0.1857000E+01 -0.7042103E+00
 0.1858000E+01 -0.7048214E+00
 0.1859000E+01 -0.7054390E+00
 0.1860000E+01 -0.7060633E+00
 0.1861000E+01 -0.7066942E+00
 0.1862000E+01 -0.7073317E+00
 0.1863000E+01 -0.7079756E+00
 0.1864000E+01 -0.7086260E+00
 0.1865000E+01 -0.7092829E+00
 0.1866000E+01 -0.7099462E+00
 0.1867000E+01 -0.7106159E+00
 0.1868000E+01 -0.7112920E+00
 0.1869000E+01 -0.7119744E+00
 0.1870000E+01 -0.7126630E+00
 0.1871000E+01 -0.7133580E+00
 0.1872000E+01 -0.7140591E+00
 0.1873000E+01 -0.7147665E+00
 0.1874000E+01 -0.7154801E+00
 0.1875000E+01 -0.7161998E+00
 0.1876000E+01 -0.7169257E+00
 0.1877000E+01 -0.7176577E+00
 0.1878000E+01 -0.7183957E+00
 0.1879000E+01 -0.7191398E+00
 0.1880000E+01 -0.7198899E+00
 0.1881000E+01 -0.7206460E+00
 0.1882000E+01 -0.7214081E+00
 0.1883000E+01 -0.7221761E+00
 0.1884000E+01 -0.7229500E+00
 0.1885000E+01 -0.7237299E+00
 0.1886000E+01 -0.7245156E+00
 0.1887000E+01 -0.7253071E+00
 0.1888000E+01 -0.7261044E+00
 0.1889000E+01 -0.7269076E+00
 0.1890000E+01 -0.7277164E+00
 0.1891000E+01 -0.7285310E+00
 0.1892000E+01 -0.7293513E+00
 0.1893000E+01 -0.7301772E+00
 0.1894000E+01 -0.7310088E+00
 0.1895000E+01 -0.7318460E+00
 0.1896000E+01 -0.7326887E+00
 0.1897000E+01 -0.7335370E+00
 0.1898000E+01 -0.7343908E+00
 0.1899000E+01 -0.7352500E+00
 0.1900000E+01 -0.7361147E+00
 0.1901000E+01 -0.7369848E+00
 0.1902000E+01 -0.7378602E+00
 0.1903000E+01 -0.7387410E+00
 0.1904000E+01 -0.7396271E+00
 0.1905000E+01 -0.7405184E+00
 0.1906000E+01 -0.7414149E+00
 0.1907000E+01 -0.7423166E+00
 0.1908000E+01 -0.7432234E+00
 0.1909000E+01 -0.7441353E+00
 0.1910000E+01 -0.7450523E+00
 0.1911000E+01 -0.7459743E+00
 0.1912000E+01 -0.7469013E+00
 0.1913000E+01 -0.7478332E+00
 0.1914000E+01 -0.7487699E+00
 0.1915000E+01 -0.7497115E+00
 0.1916000E+01 -0.7506579E+00
 0.1917000E+01 -0.7516091E+00
 0.1918000E+01 -0.7525649E+00
 0.1919000E+01 -0.7535255E+00
 0.1920000E+01 -0.7544906E+00
 0.1921000E+01 -0.7554603E+00
 0.1922000E+01 -0.7564345E+00
 0.1923000E+01 -0.7574132E+00
 0.1924000E+01 -0.7583964E+00
 0.1925000E+01 -0.7593839E+00
 0.1926000E+01 -0.7603758E+00
 0.1927000E+01 -0.7613719E+00
 0.1928000E+01 -0.7623723E+00
 0.1929000E+01 -0.7633769E+00
 0.1930000E+01 -0.7643856E+00
 0.1931000E+01 -0.7653985E+00
 0.1932000E+01 -0.7664154E+00
 0.1933000E+01 -0.7674363E+00
 0.1934000E+01 -0.7684612E+00
 0.1935000E+01 -0.7694900E+00
 0.1936000E+01 -0.7705227E+00
 0.1937000E+01 -0.7715593E+00
 0.1938000E+01 -0.7725996E+00
 0.1939000E+01 -0.7736436E+00
 0.1940000E+01 -0.7746914E+00
 0.1941000E+01 -0.7757428E+00
 0.1942000E+01 -0.7767979E+00
 0.1943000E+01 -0.7778565E+00
 0.1944000E+01 -0.7789186E+00
 0.1945000E+01 -0.7799842E+00
 0.1946000E+01 -0.7810533E+00
 0.1947000E+01 -0.7821258E+00
 0.1948000E+01 -0.7832017E+00
 0.1949000E+01 -0.7842809E+00
 0.1950000E+01 -0.7853634E+00
 0.1951000E+01 -0.7864492E+00
 0.1952000E+01 -0.7875382E+00
 0.1953000E+01 -0.7886303E+00
 0.1954000E+01 -0.7897257E+00
 0.1955000E+01 -0.7908241E+00
 0.1956000E+01 -0.7919256E+00
 0.1957000E+01 -0.7930302E+00
 0.1958000E+01 -0.7941379E+00
 0.1959000E+01 -0.7952485E+00
 0.1960000E+01 -0.7963620E+00
 0.1961000E+01 -0.7974785E+00
 0.1962000E+01 -0.7985979E+00
 0.1963000E+01 -0.7997202E+00
 0.1964000E+01 -0.8008454E+00
 0.1965000E+01 -0.8019733E+00
 0.1966000E+01 -0.8031041E+00
 0.1967000E+01 -0.8042376E+00
 0.1968000E+01 -0.8053740E+00
 0.1969000E+01 -0.8065130E+00
 0.1970000E+01 -0.8076548E+00
 0.1971000E+01 -0.8087992E+00
 0.1972000E+01 -0.8099463E+00
 0.1973000E+01 -0.8110962E+00
 0.1974000E+01 -0.8122486E+00
 0.1975000E+01 -0.8134037E+00
 0.1976000E+01 -0.8145614E+00
 0.1977000E+01 -0.8157217E+00
 0.1978000E+01 -0.8168847E+00
 0.1979000E+01 -0.8180502E+00
 0.1980000E+01 -0.8192183E+00
 0.1981000E+01 -0.8203890E+00
 0.1982000E+01 -0.8215622E+00
 0.1983000E+01 -0.8227381E+00
 0.1984000E+01 -0.8239165E+00
 0.1985000E+01 -0.8250975E+00
 0.1986000E+01 -0.8262811E+00
 0.1987000E+01 -0.8274672E+00
 0.1988000E+01 -0.8286560E+00
 0.1989000E+01 -0.8298473E+00
 0.1990000E+01 -0.8310412E+00
 0.1991000E+01 -0.8322377E+00
 0.1992000E+01 -0.8334369E+00
 0.1993000E+01 -0.8346387E+00
 0.1994000E+01 -0.8358431E+00
 0.1995000E+01 -0.8370502E+00
 0.1996000E+01 -0.8382599E+00
 0.1997000E+01 -0.8394724E+00
 0.1998000E+01 -0.8406875E+00
 0.1999000E+01 -0.8419054E+00
 0.2000000E+01 -0.8431261E+00
 0.2001000E+01 -0.8443495E+00
 0.2002000E+01 -0.8455757E+00
 0.2003000E+01 -0.8468047E+00
 0.2004000E+01 -0.8480366E+00
 0.2005000E+01 -0.8492713E+00
 0.2006000E+01 -0.8505089E+00
 0.2007000E+01 -0.8517495E+00
 0.2008000E+01 -0.8529930E+00
 0.2009000E+01 -0.8542395E+00
 0.2010000E+01 -0.8554890E+00
 0.2011000E+01 -0.8567415E+00
 0.2012000E+01 -0.8579972E+00
 0.2013000E+01 -0.8592559E+00
 0.2014000E+01 -0.8605178E+00
 0.2015000E+01 -0.8617828E+00
 0.2016000E+01 -0.8630511E+00
 0.2017000E+01 -0.8643226E+00
 0.2018000E+01 -0.8655974E+00
 0.2019000E+01 -0.8668755E+00
 0.2020000E+01 -0.8681570E+00
 0.2021000E+01 -0.8694418E+00
 0.2022000E+01 -0.8707301E+00
 0.2023000E+01 -0.8720219E+00
 0.2024000E+01 -0.8733171E+00
 0.2025000E+01 -0.8746159E+00
 0.2026000E+01 -0.8759183E+00
 0.2027000E+01 -0.8772243E+00
 0.2028000E+01 -0.8785339E+00
 0.2029000E+01 -0.8798473E+00
 0.2030000E+01 -0.8811644E+00
 0.2031000E+01 -0.8824852E+00
 0.2032000E+01 -0.8838099E+00
 0.2033000E+01 -0.8851385E+00
 0.2034000E+01 -0.8864710E+00
 0.2035000E+01 -0.8878074E+00
 0.2036000E+01 -0.8891478E+00
 0.2037000E+01 -0.8904922E+00
 0.2038000E+01 -0.8918407E+00
 0.2039000E+01 -0.8931933E+00
 0.2040000E+01 -0.8945500E+00
 0.2041000E+01 -0.8959110E+00
 0.2042000E+01 -0.8972761E+00
 0.2043000E+01 -0.8986456E+00
 0.2044000E+01 -0.9000193E+00
 0.2045000E+01 -0.9013974E+00
 0.2046000E+01 -0.9027799E+00
 0.2047000E+01 -0.9041668E+00
 0.2048000E+01 -0.9055581E+00
 0.2049000E+01 -0.9069540E+00
 0.2050000E+01 -0.9083544E+00
 0.2051000E+01 -0.9097594E+00
 0.2052000E+01 -0.9111689E+00
 0.2053000E+01 -0.9125831E+00
 0.2054000E+01 -0.9140020E+00
 0.2055000E+01 -0.9154255E+00
 0.2056000E+01 -0.9168538E+00
 0.2057000E+01 -0.9182868E+00
 0.2058000E+01 -0.9197247E+00
 0.2059000E+01 -0.9211673E+00
 0.2060000E+01 -0.9226147E+00
 0.2061000E+01 -0.9240670E+00
 0.2062000E+01 -0.9255242E+00
 0.2063000E+01 -0.9269863E+00
 0.2064000E+01 -0.9284533E+00
 0.2065000E+01 -0.9299252E+00
 0.2066000E+01 -0.9314020E+00
 0.2067000E+01 -0.9328838E+00
 0.2068000E+01 -0.9343705E+00
 0.2069000E+01 -0.9358622E+00
 0.2070000E+01 -0.9373589E+00
 0.2071000E+01 -0.9388605E+00
 0.2072000E+01 -0.9403671E+00
 0.2073000E+01 -0.9418787E+00
 0.2074000E+01 -0.9433952E+00
 0.2075000E+01 -0.9449167E+00
 0.2076000E+01 -0.9464432E+00
 0.2077000E+01 -0.9479745E+00
 0.2078000E+01 -0.9495108E+00
 0.2079000E+01 -0.9510520E+00
 0.2080000E+01 -0.9525980E+00
 0.2081000E+01 -0.9541489E+00
 0.2082000E+01 -0.9557047E+00
 0.2083000E+01 -0.9572652E+00
 0.2084000E+01 -0.9588305E+00
 0.2085000E+01 -0.9604006E+00
 0.2086000E+01 -0.9619754E+00
 0.2087000E+01 -0.9635548E+00
 0.2088000E+01 -0.9651389E+00
 0.2089000E+01 -0.9667275E+00
 0.2090000E+01 -0.9683207E+00
 0.2091000E+01 -0.9699184E+00
 0.2092000E+01 -0.9715205E+00
 0.2093000E+01 -0.9731270E+00
 0.2094000E+01 -0.9747378E+00
 0.2095000E+01 -0.9763530E+00
 0.2096000E+01 -0.9779723E+00
 0.2097000E+01 -0.9795958E+00
 0.2098000E+01 -0.9812235E+00
 0.2099000E+01 -0.9828551E+00
 0.2100000E+01 -0.9844908E+00
 0.2101000E+01 -0.9861303E+00
 0.2102000E+01 -0.9877737E+00
 0.2103000E+01 -0.9894209E+00
 0.2104000E+01 -0.9910718E+00
 0.2105000E+01 -0.9927263E+00
 0.2106000E+01 -0.9943844E+00
 0.2107000E+01 -0.9960460E+00
 0.2108000E+01 -0.9977110E+00
 0.2109000E+01 -0.9993794E+00
 0.2110000E+01 -0.1001051E+01
 0.2111000E+01 -0.1002726E+01
 0.2112000E+01 -0.1004404E+01
 0.2113000E+01 -0.1006085E+01
 0.2114000E+01 -0.1007769E+01
 0.2115000E+01 -0.1009456E+01
 0.2116000E+01 -0.1011146E+01
 0.2117000E+01 -0.1012838E+01
 0.2118000E+01 -0.1014533E+01
 0.2119000E+01 -0.1016231E+01
 0.2120000E+01 -0.1017932E+01
 0.2121000E+01 -0.1019635E+01
 0.2122000E+01 -0.1021340E+01
 0.2123000E+01 -0.1023048E+01
 0.2124000E+01 -0.1024758E+01
 0.2125000E+01 -0.1026470E+01
 0.2126000E+01 -0.1028185E+01
 0.2127000E+01 -0.1029901E+01
 0.2128000E+01 -0.1031620E+01
 0.2129000E+01 -0.1033340E+01
 0.2130000E+01 -0.1035063E+01
 0.2131000E+01 -0.1036788E+01
 0.2132000E+01 -0.1038514E+01
 0.2133000E+01 -0.1040242E+01
 0.2134000E+01 -0.1041972E+01
 0.2135000E+01 -0.1043704E+01
 0.2136000E+01 -0.1045437E+01
 0.2137000E+01 -0.1047172E+01
 0.2138000E+01 -0.1048908E+01
 0.2139000E+01 -0.1050647E+01
 0.2140000E+01 -0.1052386E+01
 0.2141000E+01 -0.1054127E+01
 0.2142000E+01 -0.1055870E+01
 0.2143000E+01 -0.1057614E+01
 0.2144000E+01 -0.1059360E+01
 0.2145000E+01 -0.1061107E+01
 0.2146000E+01 -0.1062856E+01
 0.2147000E+01 -0.1064606E+01
 0.2148000E+01 -0.1066357E+01
 0.2149000E+01 -0.1068110E+01
 0.2150000E+01 -0.1069864E+01
 0.2151000E+01 -0.1071620E+01
 0.2152000E+01 -0.1073377E+01
 0.2153000E+01 -0.1075136E+01
 0.2154000E+01 -0.1076896E+01
 0.2155000E+01 -0.1078657E+01
 0.2156000E+01 -0.1080420E+01
 0.2157000E+01 -0.1082185E+01
 0.2158000E+01 -0.1083951E+01
 0.2159000E+01 -0.1085718E+01
 0.2160000E+01 -0.1087487E+01
 0.2161000E+01 -0.1089258E+01
 0.2162000E+01 -0.1091030E+01
 0.2163000E+01 -0.1092805E+01
 0.2164000E+01 -0.1094580E+01
 0.2165000E+01 -0.1096358E+01
 0.2166000E+01 -0.1098137E+01
 0.2167000E+01 -0.1099918E+01
 0.2168000E+01 -0.1101701E+01
 0.2169000E+01 -0.1103486E+01
 0.2170000E+01 -0.1105273E+01
 0.2171000E+01 -0.1107063E+01
 0.2172000E+01 -0.1108854E+01
 0.2173000E+01 -0.1110647E+01
 0.2174000E+01 -0.1112442E+01
 0.2175000E+01 -0.1114240E+01
 0.2176000E+01 -0.1116040E+01
 0.2177000E+01 -0.1117842E+01
 0.2178000E+01 -0.1119647E+01
 0.2179000E+01 -0.1121455E+01
 0.2180000E+01 -0.1123264E+01
 0.2181000E+01 -0.1125077E+01
 0.2182000E+01 -0.1126892E+01
 0.2183000E+01 -0.1128710E+01
 0.2184000E+01 -0.1130530E+01
 0.2185000E+01 -0.1132354E+01
 0.2186000E+01 -0.1134180E+01
 0.2187000E+01 -0.1136010E+01
 0.2188000E+01 -0.1137842E+01
 0.2189000E+01 -0.1139678E+01
 0.2190000E+01 -0.1141517E+01
 0.2191000E+01 -0.1143359E+01
 0.2192000E+01 -0.1145204E+01
 0.2193000E+01 -0.1147052E+01
 0.2194000E+01 -0.1148905E+01
 0.2195000E+01 -0.1150760E+01
 0.2196000E+01 -0.1152619E+01
 0.2197000E+01 -0.1154482E+01
 0.2198000E+01 -0.1156348E+01
 0.2199000E+01 -0.1158218E+01
 0.2200000E+01 -0.1160092E+01
 0.2201000E+01 -0.1161969E+01
 0.2202000E+01 -0.1163850E+01
 0.2203000E+01 -0.1165736E+01
 0.2204000E+01 -0.1167625E+01
 0.2205000E+01 -0.1169518E+01
 0.2206000E+01 -0.1171415E+01
 0.2207000E+01 -0.1173317E+01
 0.2208000E+01 -0.1175222E+01
 0.2209000E+01 -0.1177132E+01
 0.2210000E+01 -0.1179045E+01
 0.2211000E+01 -0.1180963E+01
 0.2212000E+01 -0.1182885E+01
 0.2213000E+01 -0.1184812E+01
 0.2214000E+01 -0.1186743E+01
 0.2215000E+01 -0.1188678E+01
 0.2216000E+01 -0.1190617E+01
 0.2217000E+01 -0.1192561E+01
 0.2218000E+01 -0.1194510E+01
 0.2219000E+01 -0.1196462E+01
 0.2220000E+01 -0.1198419E+01
 0.2221000E+01 -0.1200381E+01
 0.2222000E+01 -0.1202347E+01
 0.2223000E+01 -0.1204317E+01
 0.2224000E+01 -0.1206292E+01
 0.2225000E+01 -0.1208272E+01
 0.2226000E+01 -0.1210255E+01
 0.2227000E+01 -0.1212244E+01
 0.2228000E+01 -0.1214236E+01
 0.2229000E+01 -0.1216234E+01
 0.2230000E+01 -0.1218235E+01
 0.2231000E+01 -0.1220241E+01
 0.2232000E+01 -0.1222252E+01
 0.2233000E+01 -0.1224266E+01
 0.2234000E+01 -0.1226286E+01
 0.2235000E+01 -0.1228309E+01
 0.2236000E+01 -0.1230337E+01
 0.2237000E+01 -0.1232369E+01
 0.2238000E+01 -0.1234406E+01
 0.2239000E+01 -0.1236446E+01
 0.2240000E+01 -0.1238491E+01
 0.2241000E+01 -0.1240541E+01
 0.2242000E+01 -0.1242594E+01
 0.2243000E+01 -0.1244651E+01
 0.2244000E+01 -0.1246713E+01
 0.2245000E+01 -0.1248778E+01
 0.2246000E+01 -0.1250848E+01
 0.2247000E+01 -0.1252922E+01
 0.2248000E+01 -0.1254999E+01
 0.2249000E+01 -0.1257081E+01
 0.2250000E+01 -0.1259166E+01
 0.2251000E+01 -0.1261255E+01
 0.2252000E+01 -0.1263348E+01
 0.2253000E+01 -0.1265444E+01
 0.2254000E+01 -0.1267545E+01
 0.2255000E+01 -0.1269649E+01
 0.2256000E+01 -0.1271756E+01
 0.2257000E+01 -0.1273867E+01
 0.2258000E+01 -0.1275981E+01
 0.2259000E+01 -0.1278099E+01
 0.2260000E+01 -0.1280221E+01
 0.2261000E+01 -0.1282345E+01
 0.2262000E+01 -0.1284473E+01
 0.2263000E+01 -0.1286605E+01
 0.2264000E+01 -0.1288739E+01
 0.2265000E+01 -0.1290877E+01
 0.2266000E+01 -0.1293017E+01
 0.2267000E+01 -0.1295161E+01
 0.2268000E+01 -0.1297308E+01
 0.2269000E+01 -0.1299457E+01
 0.2270000E+01 -0.1301610E+01
 0.2271000E+01 -0.1303766E+01
 0.2272000E+01 -0.1305924E+01
 0.2273000E+01 -0.1308085E+01
 0.2274000E+01 -0.1310249E+01
 0.2275000E+01 -0.1312415E+01
 0.2276000E+01 -0.1314584E+01
 0.2277000E+01 -0.1316756E+01
 0.2278000E+01 -0.1318930E+01
 0.2279000E+01 -0.1321107E+01
 0.2280000E+01 -0.1323287E+01
 0.2281000E+01 -0.1325468E+01
 0.2282000E+01 -0.1327653E+01
 0.2283000E+01 -0.1329839E+01
 0.2284000E+01 -0.1332028E+01
 0.2285000E+01 -0.1334219E+01
 0.2286000E+01 -0.1336412E+01
 0.2287000E+01 -0.1338608E+01
 0.2288000E+01 -0.1340806E+01
 0.2289000E+01 -0.1343006E+01
 0.2290000E+01 -0.1345208E+01
 0.2291000E+01 -0.1347412E+01
 0.2292000E+01 -0.1349618E+01
 0.2293000E+01 -0.1351826E+01
 0.2294000E+01 -0.1354036E+01
 0.2295000E+01 -0.1356248E+01
 0.2296000E+01 -0.1358462E+01
 0.2297000E+01 -0.1360678E+01
 0.2298000E+01 -0.1362896E+01
 0.2299000E+01 -0.1365116E+01
 0.2300000E+01 -0.1367337E+01
 0.2301000E+01 -0.1369560E+01
 0.2302000E+01 -0.1371785E+01
 0.2303000E+01 -0.1374012E+01
 0.2304000E+01 -0.1376240E+01
 0.2305000E+01 -0.1378470E+01
 0.2306000E+01 -0.1380701E+01
 0.2307000E+01 -0.1382934E+01
 0.2308000E+01 -0.1385169E+01
 0.2309000E+01 -0.1387405E+01
 0.2310000E+01 -0.1389643E+01
 0.2311000E+01 -0.1391883E+01
 0.2312000E+01 -0.1394123E+01
 0.2313000E+01 -0.1396366E+01
 0.2314000E+01 -0.1398609E+01
 0.2315000E+01 -0.1400855E+01
 0.2316000E+01 -0.1403101E+01
 0.2317000E+01 -0.1405349E+01
 0.2318000E+01 -0.1407598E+01
 0.2319000E+01 -0.1409849E+01
 0.2320000E+01 -0.1412101E+01
 0.2321000E+01 -0.1414354E+01
 0.2322000E+01 -0.1416608E+01
 0.2323000E+01 -0.1418864E+01
 0.2324000E+01 -0.1421121E+01
 0.2325000E+01 -0.1423379E+01
 0.2326000E+01 -0.1425638E+01
 0.2327000E+01 -0.1427899E+01
 0.2328000E+01 -0.1430160E+01
 0.2329000E+01 -0.1432423E+01
 0.2330000E+01 -0.1434687E+01
 0.2331000E+01 -0.1436952E+01
 0.2332000E+01 -0.1439218E+01
 0.2333000E+01 -0.1441485E+01
 0.2334000E+01 -0.1443753E+01
 0.2335000E+01 -0.1446022E+01
 0.2336000E+01 -0.1448293E+01
 0.2337000E+01 -0.1450564E+01
 0.2338000E+01 -0.1452836E+01
 0.2339000E+01 -0.1455109E+01
 0.2340000E+01 -0.1457383E+01
 0.2341000E+01 -0.1459659E+01
 0.2342000E+01 -0.1461935E+01
 0.2343000E+01 -0.1464212E+01
 0.2344000E+01 -0.1466490E+01
 0.2345000E+01 -0.1468768E+01
 0.2346000E+01 -0.1471048E+01
 0.2347000E+01 -0.1473329E+01
 0.2348000E+01 -0.1475610E+01
 0.2349000E+01 -0.1477893E+01
 0.2350000E+01 -0.1480176E+01
 0.2351000E+01 -0.1482460E+01
 0.2352000E+01 -0.1484745E+01
 0.2353000E+01 -0.1487031E+01
 0.2354000E+01 -0.1489318E+01
 0.2355000E+01 -0.1491606E+01
 0.2356000E+01 -0.1493894E+01
 0.2357000E+01 -0.1496183E+01
 0.2358000E+01 -0.1498473E+01
 0.2359000E+01 -0.1500764E+01
 0.2360000E+01 -0.1503056E+01
 0.2361000E+01 -0.1505348E+01
 0.2362000E+01 -0.1507642E+01
 0.2363000E+01 -0.1509936E+01
 0.2364000E+01 -0.1512231E+01
 0.2365000E+01 -0.1514527E+01
 0.2366000E+01 -0.1516824E+01
 0.2367000E+01 -0.1519121E+01
 0.2368000E+01 -0.1521420E+01
 0.2369000E+01 -0.1523719E+01
 0.2370000E+01 -0.1526019E+01
 0.2371000E+01 -0.1528320E+01
 0.2372000E+01 -0.1530622E+01
 0.2373000E+01 -0.1532924E+01
 0.2374000E+01 -0.1535228E+01
 0.2375000E+01 -0.1537532E+01
 0.2376000E+01 -0.1539838E+01
 0.2377000E+01 -0.1542144E+01
 0.2378000E+01 -0.1544451E+01
 0.2379000E+01 -0.1546759E+01
 0.2380000E+01 -0.1549068E+01
 0.2381000E+01 -0.1551378E+01
 0.2382000E+01 -0.1553689E+01
 0.2383000E+01 -0.1556001E+01
 0.2384000E+01 -0.1558314E+01
 0.2385000E+01 -0.1560628E+01
 0.2386000E+01 -0.1562943E+01
 0.2387000E+01 -0.1565259E+01
 0.2388000E+01 -0.1567576E+01
 0.2389000E+01 -0.1569894E+01
 0.2390000E+01 -0.1572213E+01
 0.2391000E+01 -0.1574533E+01
 0.2392000E+01 -0.1576854E+01
 0.2393000E+01 -0.1579177E+01
 0.2394000E+01 -0.1581501E+01
 0.2395000E+01 -0.1583825E+01
 0.2396000E+01 -0.1586151E+01
 0.2397000E+01 -0.1588479E+01
 0.2398000E+01 -0.1590807E+01
 0.2399000E+01 -0.1593137E+01
 0.2400000E+01 -0.1595468E+01
 0.2401000E+01 -0.1597801E+01
 0.2402000E+01 -0.1600134E+01
 0.2403000E+01 -0.1602469E+01
 0.2404000E+01 -0.1604806E+01
 0.2405000E+01 -0.1607143E+01
 0.2406000E+01 -0.1609483E+01
 0.2407000E+01 -0.1611823E+01
 0.2408000E+01 -0.1614165E+01
 0.2409000E+01 -0.1616509E+01
 0.2410000E+01 -0.1618854E+01
 0.2411000E+01 -0.1621201E+01
 0.2412000E+01 -0.1623549E+01
 0.2413000E+01 -0.1625899E+01
 0.2414000E+01 -0.1628250E+01
 0.2415000E+01 -0.1630603E+01
 0.2416000E+01 -0.1632958E+01
 0.2417000E+01 -0.1635314E+01
 0.2418000E+01 -0.1637672E+01
 0.2419000E+01 -0.1640031E+01
 0.2420000E+01 -0.1642393E+01
 0.2421000E+01 -0.1644756E+01
 0.2422000E+01 -0.1647121E+01
 0.2423000E+01 -0.1649488E+01
 0.2424000E+01 -0.1651856E+01
 0.2425000E+01 -0.1654227E+01
 0.2426000E+01 -0.1656599E+01
 0.2427000E+01 -0.1658973E+01
 0.2428000E+01 -0.1661349E+01
 0.2429000E+01 -0.1663727E+01
 0.2430000E+01 -0.1666107E+01
 0.2431000E+01 -0.1668489E+01
 0.2432000E+01 -0.1670873E+01
 0.2433000E+01 -0.1673259E+01
 0.2434000E+01 -0.1675647E+01
 0.2435000E+01 -0.1678037E+01
 0.2436000E+01 -0.1680429E+01
 0.2437000E+01 -0.1682823E+01
 0.2438000E+01 -0.1685220E+01
 0.2439000E+01 -0.1687618E+01
 0.2440000E+01 -0.1690019E+01
 0.2441000E+01 -0.1692422E+01
 0.2442000E+01 -0.1694827E+01
 0.2443000E+01 -0.1697234E+01
 0.2444000E+01 -0.1699644E+01
 0.2445000E+01 -0.1702055E+01
 0.2446000E+01 -0.1704470E+01
 0.2447000E+01 -0.1706886E+01
 0.2448000E+01 -0.1709305E+01
 0.2449000E+01 -0.1711726E+01
 0.2450000E+01 -0.1714149E+01
 0.2451000E+01 -0.1716575E+01
 0.2452000E+01 -0.1719003E+01
 0.2453000E+01 -0.1721434E+01
 0.2454000E+01 -0.1723867E+01
 0.2455000E+01 -0.1726302E+01
 0.2456000E+01 -0.1728740E+01
 0.2457000E+01 -0.1731180E+01
 0.2458000E+01 -0.1733623E+01
 0.2459000E+01 -0.1736069E+01
 0.2460000E+01 -0.1738516E+01
 0.2461000E+01 -0.1740967E+01
 0.2462000E+01 -0.1743419E+01
 0.2463000E+01 -0.1745875E+01
 0.2464000E+01 -0.1748332E+01
 0.2465000E+01 -0.1750793E+01
 0.2466000E+01 -0.1753255E+01
 0.2467000E+01 -0.1755721E+01
 0.2468000E+01 -0.1758189E+01
 0.2469000E+01 -0.1760659E+01
 0.2470000E+01 -0.1763132E+01
 0.2471000E+01 -0.1765607E+01
 0.2472000E+01 -0.1768085E+01
 0.2473000E+01 -0.1770566E+01
 0.2474000E+01 -0.1773049E+01
 0.2475000E+01 -0.1775535E+01
 0.2476000E+01 -0.1778023E+01
 0.2477000E+01 -0.1780513E+01
 0.2478000E+01 -0.1783006E+01
 0.2479000E+01 -0.1785502E+01
 0.2480000E+01 -0.1788000E+01
 0.2481000E+01 -0.1790500E+01
 0.2482000E+01 -0.1793003E+01
 0.2483000E+01 -0.1795509E+01
 0.2484000E+01 -0.1798017E+01
 0.2485000E+01 -0.1800527E+01
 0.2486000E+01 -0.1803039E+01
 0.2487000E+01 -0.1805554E+01
 0.2488000E+01 -0.1808072E+01
 0.2489000E+01 -0.1810592E+01
 0.2490000E+01 -0.1813114E+01
 0.2491000E+01 -0.1815638E+01
 0.2492000E+01 -0.1818165E+01
 0.2493000E+01 -0.1820693E+01
 0.2494000E+01 -0.1823225E+01
 0.2495000E+01 -0.1825758E+01
 0.2496000E+01 -0.1828293E+01
 0.2497000E+01 -0.1830831E+01
 0.2498000E+01 -0.1833371E+01
 0.2499000E+01 -0.1835913E+01
 0.2500000E+01 -0.1838457E+01
