-0.1132456E+02  0.1467233-108  0.6633346-107  0.6324555E+01
-0.1088838E+02  0.3672703-100  0.1596218E-98  0.5888379E+01
-0.1045220E+02  0.4288225E-92  0.1788753E-90  0.5452203E+01
-0.1001603E+02  0.2335150E-84  0.9332257E-83  0.5016027E+01
-0.9579850E+01  0.5929664E-77  0.2266022E-75  0.4579850E+01
-0.9143674E+01  0.7020153E-70  0.2559922E-68  0.4143674E+01
-0.8707498E+01  0.3874146E-63  0.1344916E-61  0.3707498E+01
-0.8271322E+01  0.9963613E-57  0.3284444E-55  0.3271322E+01
-0.7835145E+01  0.1193852E-50  0.3726366E-49  0.2835145E+01
-0.7398969E+01  0.6662526E-45  0.1962828E-43  0.2398969E+01
-0.6962793E+01  0.1731082E-39  0.4796405E-38  0.1962793E+01
-0.6526617E+01  0.2093106E-34  0.5432290E-33  0.1526617E+01
-0.6090441E+01  0.1177127E-29  0.2848360E-28  0.1090441E+01
-0.5654264E+01  0.3076978E-25  0.6904799E-24  0.6542643E+00
-0.5218088E+01  0.3735389E-21  0.7725050E-20  0.2180881E+00
-0.4781912E+01  0.2103800E-17  0.3980080E-16 -0.2180881E+00
-0.4345736E+01  0.5489683E-14  0.9416361E-13 -0.6542643E+00
-0.3909559E+01  0.6625142E-11  0.1019110E-09 -0.1090441E+01
-0.3473383E+01  0.3688977E-08  0.5019085E-07 -0.1526617E+01
-0.3037207E+01  0.9445303E-06  0.1116395E-04 -0.1962793E+01
-0.2601031E+01  0.1106567E-03  0.1108742E-02 -0.2398969E+01
-0.2164855E+01  0.5886457E-02  0.4825419E-01 -0.2835145E+01
-0.1728678E+01  0.1403573E+00  0.8893368E+00 -0.3271322E+01
-0.1292502E+01  0.1464030E+01  0.6436336E+01 -0.3707498E+01
-0.8563258E+00  0.6322051E+01  0.1427218E+02 -0.4143674E+01
-0.4201496E+00  0.9445516E+01 -0.6607197E+01 -0.4579850E+01
 0.1602663E-01 -0.5125889E+00 -0.3195071E+02 -0.5016027E+01
 0.4522029E+00 -0.9613195E+01 -0.3870132E+01 -0.5452203E+01
 0.8883791E+00 -0.5864659E+01  0.1423863E+02 -0.5888379E+01
 0.1324555E+01 -0.1268607E+01  0.5763598E+01 -0.6324555E+01
