 0.10000E-02  0.99999E+00 -0.39791E-17
 0.20000E-02  0.99999E+00 -0.74455E-17
 0.30000E-02  0.99999E+00  0.11508E-17
 0.40000E-02  0.99999E+00  0.11656E-16
 0.50000E-02  0.99999E+00 -0.53360E-17
 0.60000E-02  0.99999E+00  0.24493E-17
 0.70000E-02  0.10000E+01 -0.12263E-16
 0.80000E-02  0.10000E+01 -0.12969E-16
 0.90000E-02  0.10000E+01  0.67912E-17
 0.10000E-01  0.10000E+01 -0.13562E-16
 0.11000E-01  0.10000E+01  0.43696E-18
 0.12000E-01  0.10000E+01  0.26332E-17
 0.13000E-01  0.10000E+01 -0.42697E-17
 0.14000E-01  0.10000E+01 -0.12059E-16
 0.15000E-01  0.10000E+01 -0.10309E-16
 0.16000E-01  0.10000E+01  0.13661E-17
 0.17000E-01  0.10000E+01 -0.68847E-17
 0.18000E-01  0.10000E+01 -0.37466E-17
 0.19000E-01  0.10000E+01 -0.57490E-17
 0.20000E-01  0.10000E+01  0.35382E-17
 0.21000E-01  0.10000E+01  0.73851E-17
 0.22000E-01  0.10000E+01 -0.17879E-16
 0.23000E-01  0.10000E+01 -0.10687E-17
 0.24000E-01  0.10000E+01 -0.38145E-17
 0.25000E-01  0.10000E+01 -0.61096E-17
 0.26000E-01  0.10000E+01  0.18005E-19
 0.27000E-01  0.10000E+01 -0.95619E-17
 0.28000E-01  0.10000E+01 -0.47011E-17
 0.29000E-01  0.10000E+01 -0.16443E-17
 0.30000E-01  0.10000E+01 -0.95481E-17
 0.31000E-01  0.10000E+01 -0.33581E-17
 0.32000E-01  0.10000E+01  0.11115E-16
 0.33000E-01  0.10000E+01  0.48009E-17
 0.34000E-01  0.10000E+01 -0.61263E-17
 0.35000E-01  0.10000E+01 -0.13259E-18
 0.36000E-01  0.10000E+01  0.10705E-16
 0.37000E-01  0.10000E+01  0.32845E-17
 0.38000E-01  0.10000E+01 -0.90026E-17
 0.39000E-01  0.10000E+01  0.50658E-17
 0.40000E-01  0.10000E+01 -0.12283E-16
 0.41000E-01  0.10000E+01 -0.55296E-17
 0.42000E-01  0.10000E+01 -0.55848E-17
 0.43000E-01  0.10000E+01  0.39728E-17
 0.44000E-01  0.10000E+01 -0.74210E-17
 0.45000E-01  0.10000E+01  0.98789E-17
 0.46000E-01  0.10000E+01 -0.13567E-16
 0.47000E-01  0.10000E+01  0.34837E-17
 0.48000E-01  0.10000E+01  0.24437E-17
 0.49000E-01  0.10000E+01 -0.31795E-17
 0.50000E-01  0.10000E+01 -0.37692E-17
 0.51000E-01  0.10000E+01  0.20660E-17
 0.52000E-01  0.10000E+01 -0.82914E-17
 0.53000E-01  0.10000E+01 -0.68043E-17
 0.54000E-01  0.10000E+01 -0.25907E-18
 0.55000E-01  0.10000E+01  0.59150E-17
 0.56000E-01  0.10000E+01 -0.62157E-17
 0.57000E-01  0.10000E+01 -0.16556E-17
 0.58000E-01  0.10000E+01  0.11072E-16
 0.59000E-01  0.10000E+01 -0.37079E-17
 0.60000E-01  0.10000E+01 -0.73171E-17
 0.61000E-01  0.10000E+01  0.27947E-17
 0.62000E-01  0.10000E+01  0.47242E-17
 0.63000E-01  0.10000E+01 -0.69697E-17
 0.64000E-01  0.10000E+01 -0.22834E-16
 0.65000E-01  0.10000E+01 -0.41454E-17
 0.66000E-01  0.10000E+01 -0.53477E-17
 0.67000E-01  0.10000E+01  0.28579E-17
 0.68000E-01  0.10001E+01 -0.35288E-17
 0.69000E-01  0.10001E+01 -0.54909E-17
 0.70000E-01  0.10001E+01 -0.13544E-17
 0.71000E-01  0.10001E+01  0.37707E-17
 0.72000E-01  0.10001E+01 -0.92594E-18
 0.73000E-01  0.10001E+01  0.50510E-17
 0.74000E-01  0.10001E+01 -0.28795E-17
 0.75000E-01  0.10001E+01  0.17672E-17
 0.76000E-01  0.10001E+01  0.27603E-17
 0.77000E-01  0.10001E+01  0.24744E-17
 0.78000E-01  0.10001E+01 -0.81312E-17
 0.79000E-01  0.10001E+01  0.59267E-17
 0.80000E-01  0.10001E+01 -0.51245E-17
 0.81000E-01  0.10001E+01 -0.11475E-16
 0.82000E-01  0.10001E+01  0.10468E-16
 0.83000E-01  0.10001E+01  0.17280E-18
 0.84000E-01  0.10001E+01  0.72353E-18
 0.85000E-01  0.10001E+01 -0.16461E-17
 0.86000E-01  0.10001E+01 -0.16276E-17
 0.87000E-01  0.10001E+01  0.10610E-17
 0.88000E-01  0.10001E+01 -0.81782E-17
 0.89000E-01  0.10001E+01  0.19002E-17
 0.90000E-01  0.10001E+01  0.50528E-17
 0.91000E-01  0.10001E+01  0.16050E-18
 0.92000E-01  0.10001E+01 -0.35328E-17
 0.93000E-01  0.10001E+01  0.19490E-19
 0.94000E-01  0.10001E+01  0.65569E-17
 0.95000E-01  0.10001E+01 -0.79674E-17
 0.96000E-01  0.10001E+01 -0.21532E-17
 0.97000E-01  0.10001E+01 -0.34959E-17
 0.98000E-01  0.10001E+01  0.42031E-17
 0.99000E-01  0.10001E+01 -0.15394E-16
 0.10000E+00  0.10001E+01  0.30647E-17
 0.10100E+00  0.10001E+01  0.17790E-17
 0.10200E+00  0.10001E+01  0.11943E-17
 0.10300E+00  0.10001E+01 -0.38078E-18
 0.10400E+00  0.10001E+01 -0.44171E-17
 0.10500E+00  0.10001E+01 -0.38524E-17
 0.10600E+00  0.10001E+01  0.17937E-17
 0.10700E+00  0.10001E+01  0.21073E-17
 0.10800E+00  0.10001E+01  0.30753E-17
 0.10900E+00  0.10001E+01 -0.21247E-17
 0.11000E+00  0.10001E+01 -0.76823E-17
 0.11100E+00  0.10001E+01  0.58017E-18
 0.11200E+00  0.10001E+01 -0.49136E-17
 0.11300E+00  0.10001E+01  0.22673E-17
 0.11400E+00  0.10001E+01  0.44508E-17
 0.11500E+00  0.10001E+01  0.54294E-17
 0.11600E+00  0.10001E+01  0.12099E-17
 0.11700E+00  0.10001E+01 -0.12340E-17
 0.11800E+00  0.10001E+01  0.63465E-17
 0.11900E+00  0.10001E+01 -0.67968E-17
 0.12000E+00  0.10001E+01  0.60290E-18
 0.12100E+00  0.10001E+01 -0.63592E-17
 0.12200E+00  0.10001E+01  0.85876E-18
 0.12300E+00  0.10001E+01 -0.49377E-17
 0.12400E+00  0.10001E+01 -0.48193E-17
 0.12500E+00  0.10001E+01  0.79272E-17
 0.12600E+00  0.10001E+01  0.39463E-17
 0.12700E+00  0.10001E+01  0.16506E-17
 0.12800E+00  0.10001E+01 -0.80944E-17
 0.12900E+00  0.10001E+01 -0.24674E-17
 0.13000E+00  0.10001E+01 -0.27840E-18
 0.13100E+00  0.10001E+01  0.73147E-17
 0.13200E+00  0.10001E+01  0.50438E-17
 0.13300E+00  0.10001E+01 -0.22455E-17
 0.13400E+00  0.10001E+01  0.87135E-17
 0.13500E+00  0.10001E+01  0.67888E-18
 0.13600E+00  0.10001E+01 -0.40030E-17
 0.13700E+00  0.10001E+01 -0.60315E-18
 0.13800E+00  0.10001E+01 -0.10931E-16
 0.13900E+00  0.10001E+01 -0.73155E-17
 0.14000E+00  0.10001E+01 -0.47681E-17
 0.14100E+00  0.10001E+01  0.25950E-17
 0.14200E+00  0.10001E+01  0.97681E-17
 0.14300E+00  0.10001E+01  0.44225E-17
 0.14400E+00  0.10001E+01  0.36303E-17
 0.14500E+00  0.10001E+01 -0.50454E-17
 0.14600E+00  0.10001E+01 -0.37635E-17
 0.14700E+00  0.10001E+01  0.82532E-17
 0.14800E+00  0.10001E+01  0.60684E-17
 0.14900E+00  0.10001E+01  0.44552E-17
 0.15000E+00  0.10001E+01 -0.79228E-17
 0.15100E+00  0.10001E+01 -0.17628E-17
 0.15200E+00  0.10001E+01 -0.32824E-17
 0.15300E+00  0.10001E+01  0.50492E-17
 0.15400E+00  0.10001E+01 -0.25225E-17
 0.15500E+00  0.10001E+01 -0.39393E-17
 0.15600E+00  0.10001E+01  0.82042E-17
 0.15700E+00  0.10001E+01 -0.39138E-17
 0.15800E+00  0.10001E+01  0.68420E-18
 0.15900E+00  0.10001E+01 -0.10067E-16
 0.16000E+00  0.10001E+01 -0.56527E-17
 0.16100E+00  0.10001E+01 -0.72255E-17
 0.16200E+00  0.10001E+01  0.69981E-17
 0.16300E+00  0.10001E+01 -0.91055E-18
 0.16400E+00  0.10001E+01  0.26221E-19
 0.16500E+00  0.10001E+01 -0.70879E-17
 0.16600E+00  0.10001E+01  0.52261E-17
 0.16700E+00  0.10001E+01 -0.78187E-17
 0.16800E+00  0.10001E+01 -0.14312E-18
 0.16900E+00  0.10001E+01  0.54997E-19
 0.17000E+00  0.10001E+01 -0.50964E-17
 0.17100E+00  0.10001E+01  0.20368E-17
 0.17200E+00  0.10001E+01  0.97653E-18
 0.17300E+00  0.10001E+01 -0.82535E-17
 0.17400E+00  0.10001E+01 -0.33960E-17
 0.17500E+00  0.10001E+01 -0.35922E-17
 0.17600E+00  0.10001E+01  0.26232E-17
 0.17700E+00  0.10001E+01  0.21344E-17
 0.17800E+00  0.10002E+01  0.82432E-17
 0.17900E+00  0.10002E+01 -0.54519E-17
 0.18000E+00  0.10002E+01 -0.30974E-17
 0.18100E+00  0.10002E+01  0.40601E-17
 0.18200E+00  0.10002E+01  0.84356E-18
 0.18300E+00  0.10002E+01 -0.95656E-17
 0.18400E+00  0.10002E+01  0.32416E-18
 0.18500E+00  0.10002E+01 -0.22819E-17
 0.18600E+00  0.10002E+01  0.24940E-17
 0.18700E+00  0.10002E+01 -0.46388E-17
 0.18800E+00  0.10002E+01  0.65071E-18
 0.18900E+00  0.10002E+01  0.17780E-17
 0.19000E+00  0.10002E+01  0.85852E-18
 0.19100E+00  0.10002E+01  0.38776E-17
 0.19200E+00  0.10002E+01 -0.53152E-17
 0.19300E+00  0.10002E+01 -0.60013E-17
 0.19400E+00  0.10002E+01  0.65459E-17
 0.19500E+00  0.10002E+01  0.38064E-17
 0.19600E+00  0.10002E+01  0.86552E-17
 0.19700E+00  0.10002E+01 -0.10017E-16
 0.19800E+00  0.10002E+01  0.58904E-18
 0.19900E+00  0.10002E+01 -0.28266E-17
 0.20000E+00  0.10002E+01 -0.82112E-17
 0.20100E+00  0.10002E+01  0.67529E-17
 0.20200E+00  0.10002E+01 -0.17511E-17
 0.20300E+00  0.10002E+01 -0.15844E-17
 0.20400E+00  0.10002E+01  0.10164E-17
 0.20500E+00  0.10002E+01  0.80371E-18
 0.20600E+00  0.10002E+01 -0.25115E-17
 0.20700E+00  0.10002E+01 -0.87222E-17
 0.20800E+00  0.10002E+01  0.74105E-17
 0.20900E+00  0.10002E+01 -0.53862E-17
 0.21000E+00  0.10002E+01 -0.42469E-17
 0.21100E+00  0.10002E+01  0.21426E-17
 0.21200E+00  0.10002E+01 -0.54381E-18
 0.21300E+00  0.10002E+01 -0.33971E-17
 0.21400E+00  0.10002E+01  0.21601E-17
 0.21500E+00  0.10002E+01  0.59853E-18
 0.21600E+00  0.10002E+01 -0.57725E-17
 0.21700E+00  0.10002E+01 -0.59147E-18
 0.21800E+00  0.10002E+01  0.63304E-19
 0.21900E+00  0.10002E+01  0.52800E-17
 0.22000E+00  0.10002E+01 -0.17880E-17
 0.22100E+00  0.10002E+01  0.11929E-17
 0.22200E+00  0.10002E+01  0.37048E-18
 0.22300E+00  0.10002E+01  0.28297E-17
 0.22400E+00  0.10002E+01  0.68393E-17
 0.22500E+00  0.10002E+01 -0.24636E-17
 0.22600E+00  0.10002E+01  0.47529E-17
 0.22700E+00  0.10002E+01 -0.43831E-17
 0.22800E+00  0.10002E+01  0.39005E-17
 0.22900E+00  0.10002E+01  0.21439E-17
 0.23000E+00  0.10002E+01 -0.11690E-17
 0.23100E+00  0.10002E+01  0.60356E-18
 0.23200E+00  0.10002E+01  0.44455E-17
 0.23300E+00  0.10002E+01 -0.18449E-17
 0.23400E+00  0.10002E+01 -0.56072E-17
 0.23500E+00  0.10002E+01 -0.56624E-17
 0.23600E+00  0.10002E+01 -0.17744E-17
 0.23700E+00  0.10002E+01 -0.44734E-17
 0.23800E+00  0.10002E+01 -0.21303E-17
 0.23900E+00  0.10002E+01  0.63595E-18
 0.24000E+00  0.10002E+01  0.18000E-18
 0.24100E+00  0.10002E+01  0.24800E-17
 0.24200E+00  0.10002E+01  0.48274E-18
 0.24300E+00  0.10002E+01 -0.67451E-17
 0.24400E+00  0.10002E+01  0.28060E-17
 0.24500E+00  0.10002E+01  0.76944E-17
 0.24600E+00  0.10002E+01 -0.63325E-17
 0.24700E+00  0.10002E+01 -0.62259E-17
 0.24800E+00  0.10002E+01 -0.31143E-17
 0.24900E+00  0.10002E+01 -0.27886E-17
 0.25000E+00  0.10002E+01  0.78629E-17
 0.25100E+00  0.10002E+01  0.10027E-17
 0.25200E+00  0.10002E+01 -0.25390E-17
 0.25300E+00  0.10002E+01  0.34326E-18
 0.25400E+00  0.10002E+01  0.17561E-17
 0.25500E+00  0.10002E+01 -0.31966E-17
 0.25600E+00  0.10002E+01  0.61614E-18
 0.25700E+00  0.10002E+01  0.33440E-17
 0.25800E+00  0.10002E+01  0.64787E-18
 0.25900E+00  0.10002E+01 -0.58816E-18
 0.26000E+00  0.10002E+01 -0.76352E-18
 0.26100E+00  0.10002E+01 -0.79963E-17
 0.26200E+00  0.10002E+01 -0.29116E-17
 0.26300E+00  0.10002E+01 -0.29270E-17
 0.26400E+00  0.10002E+01 -0.74421E-17
 0.26500E+00  0.10002E+01  0.17585E-17
 0.26600E+00  0.10002E+01  0.85058E-17
 0.26700E+00  0.10002E+01 -0.47569E-17
 0.26800E+00  0.10002E+01 -0.20308E-17
 0.26900E+00  0.10002E+01 -0.49487E-17
 0.27000E+00  0.10002E+01 -0.87972E-18
 0.27100E+00  0.10002E+01  0.78326E-17
 0.27200E+00  0.10002E+01  0.65278E-17
 0.27300E+00  0.10002E+01  0.45640E-17
 0.27400E+00  0.10002E+01  0.21448E-17
 0.27500E+00  0.10002E+01  0.53675E-17
 0.27600E+00  0.10002E+01  0.45343E-17
 0.27700E+00  0.10002E+01  0.89167E-17
 0.27800E+00  0.10002E+01  0.90288E-17
 0.27900E+00  0.10002E+01 -0.52128E-17
 0.28000E+00  0.10002E+01 -0.85514E-17
 0.28100E+00  0.10002E+01  0.68284E-17
 0.28200E+00  0.10002E+01  0.39920E-17
 0.28300E+00  0.10002E+01  0.39755E-17
 0.28400E+00  0.10002E+01  0.13701E-16
 0.28500E+00  0.10002E+01 -0.25419E-17
 0.28600E+00  0.10002E+01 -0.38054E-17
 0.28700E+00  0.10003E+01  0.59376E-18
 0.28800E+00  0.10003E+01  0.48583E-17
 0.28900E+00  0.10003E+01  0.30893E-17
 0.29000E+00  0.10003E+01 -0.82025E-17
 0.29100E+00  0.10003E+01 -0.55637E-17
 0.29200E+00  0.10003E+01 -0.17143E-17
 0.29300E+00  0.10003E+01 -0.20359E-17
 0.29400E+00  0.10003E+01 -0.11938E-16
 0.29500E+00  0.10003E+01 -0.24896E-17
 0.29600E+00  0.10003E+01  0.17696E-16
 0.29700E+00  0.10003E+01  0.62089E-17
 0.29800E+00  0.10003E+01 -0.48664E-17
 0.29900E+00  0.10003E+01  0.82520E-17
 0.30000E+00  0.10003E+01  0.53432E-18
 0.30100E+00  0.10003E+01 -0.12377E-17
 0.30200E+00  0.10003E+01 -0.21159E-17
 0.30300E+00  0.10003E+01  0.11441E-16
 0.30400E+00  0.10003E+01  0.66519E-17
 0.30500E+00  0.10003E+01 -0.26572E-17
 0.30600E+00  0.10003E+01  0.12427E-17
 0.30700E+00  0.10003E+01  0.16173E-16
 0.30800E+00  0.10003E+01  0.19311E-17
 0.30900E+00  0.10003E+01 -0.11089E-17
 0.31000E+00  0.10003E+01  0.10443E-17
 0.31100E+00  0.10003E+01  0.14585E-17
 0.31200E+00  0.10003E+01  0.61728E-18
 0.31300E+00  0.10003E+01  0.59123E-17
 0.31400E+00  0.10003E+01 -0.19515E-18
 0.31500E+00  0.10003E+01  0.43822E-17
 0.31600E+00  0.10003E+01 -0.63296E-17
 0.31700E+00  0.10003E+01  0.48829E-18
 0.31800E+00  0.10003E+01 -0.95699E-17
 0.31900E+00  0.10003E+01 -0.13290E-16
 0.32000E+00  0.10003E+01 -0.83580E-17
 0.32100E+00  0.10003E+01 -0.44838E-17
 0.32200E+00  0.10003E+01 -0.36719E-17
 0.32300E+00  0.10003E+01  0.52437E-17
 0.32400E+00  0.10003E+01  0.19356E-17
 0.32500E+00  0.10003E+01 -0.91782E-17
 0.32600E+00  0.10003E+01  0.59567E-19
 0.32700E+00  0.10003E+01 -0.11606E-17
 0.32800E+00  0.10003E+01  0.57167E-17
 0.32900E+00  0.10003E+01  0.86120E-17
 0.33000E+00  0.10003E+01  0.12353E-17
 0.33100E+00  0.10003E+01  0.53969E-17
 0.33200E+00  0.10003E+01 -0.74813E-17
 0.33300E+00  0.10003E+01  0.48449E-17
 0.33400E+00  0.10003E+01 -0.96789E-18
 0.33500E+00  0.10003E+01  0.80732E-18
 0.33600E+00  0.10003E+01  0.34809E-17
 0.33700E+00  0.10003E+01  0.66099E-17
 0.33800E+00  0.10003E+01 -0.25491E-17
 0.33900E+00  0.10003E+01 -0.56636E-17
 0.34000E+00  0.10003E+01 -0.10223E-16
 0.34100E+00  0.10003E+01 -0.11618E-17
 0.34200E+00  0.10003E+01 -0.21668E-17
 0.34300E+00  0.10003E+01 -0.30880E-17
 0.34400E+00  0.10003E+01  0.29755E-17
 0.34500E+00  0.10003E+01 -0.20367E-17
 0.34600E+00  0.10003E+01 -0.17146E-17
 0.34700E+00  0.10003E+01 -0.33980E-17
 0.34800E+00  0.10003E+01  0.79329E-18
 0.34900E+00  0.10003E+01 -0.68624E-17
 0.35000E+00  0.10003E+01  0.77479E-17
 0.35100E+00  0.10003E+01 -0.78779E-17
 0.35200E+00  0.10003E+01  0.51856E-17
 0.35300E+00  0.10003E+01 -0.40069E-17
 0.35400E+00  0.10003E+01 -0.12447E-16
 0.35500E+00  0.10003E+01  0.13631E-16
 0.35600E+00  0.10003E+01  0.29319E-17
 0.35700E+00  0.10003E+01 -0.49044E-18
 0.35800E+00  0.10003E+01  0.73417E-17
 0.35900E+00  0.10003E+01 -0.81487E-17
 0.36000E+00  0.10003E+01 -0.92542E-17
 0.36100E+00  0.10003E+01  0.16517E-17
 0.36200E+00  0.10003E+01 -0.60264E-17
 0.36300E+00  0.10003E+01  0.93124E-17
 0.36400E+00  0.10003E+01 -0.56562E-17
 0.36500E+00  0.10003E+01  0.22084E-17
 0.36600E+00  0.10003E+01 -0.28017E-17
 0.36700E+00  0.10003E+01 -0.13522E-16
 0.36800E+00  0.10003E+01 -0.21007E-16
 0.36900E+00  0.10003E+01  0.53514E-17
 0.37000E+00  0.10003E+01 -0.37330E-17
 0.37100E+00  0.10003E+01  0.88132E-17
 0.37200E+00  0.10003E+01  0.28812E-17
 0.37300E+00  0.10003E+01 -0.14264E-17
 0.37400E+00  0.10003E+01 -0.62892E-17
 0.37500E+00  0.10003E+01  0.81622E-17
 0.37600E+00  0.10003E+01 -0.13928E-16
 0.37700E+00  0.10003E+01 -0.13679E-16
 0.37800E+00  0.10003E+01 -0.56633E-18
 0.37900E+00  0.10003E+01  0.31344E-18
 0.38000E+00  0.10003E+01 -0.20644E-17
 0.38100E+00  0.10003E+01  0.47827E-17
 0.38200E+00  0.10003E+01 -0.64744E-17
 0.38300E+00  0.10003E+01 -0.14519E-17
 0.38400E+00  0.10003E+01  0.60571E-17
 0.38500E+00  0.10003E+01 -0.24153E-17
 0.38600E+00  0.10003E+01 -0.60904E-17
 0.38700E+00  0.10003E+01  0.73342E-17
 0.38800E+00  0.10003E+01  0.12468E-16
 0.38900E+00  0.10003E+01 -0.22753E-17
 0.39000E+00  0.10003E+01 -0.21389E-17
 0.39100E+00  0.10003E+01  0.80387E-17
 0.39200E+00  0.10003E+01 -0.62144E-17
 0.39300E+00  0.10004E+01  0.15125E-17
 0.39400E+00  0.10004E+01  0.88648E-17
 0.39500E+00  0.10004E+01 -0.77575E-17
 0.39600E+00  0.10004E+01 -0.85726E-18
 0.39700E+00  0.10004E+01  0.59186E-17
 0.39800E+00  0.10004E+01 -0.59118E-17
 0.39900E+00  0.10004E+01  0.54291E-18
 0.40000E+00  0.10004E+01  0.57887E-17
 0.40100E+00  0.10004E+01 -0.15554E-17
 0.40200E+00  0.10004E+01  0.23199E-17
 0.40300E+00  0.10004E+01 -0.10323E-16
 0.40400E+00  0.10004E+01 -0.21724E-16
 0.40500E+00  0.10004E+01  0.27537E-18
 0.40600E+00  0.10004E+01 -0.34410E-17
 0.40700E+00  0.10004E+01 -0.13505E-16
 0.40800E+00  0.10004E+01 -0.17400E-16
 0.40900E+00  0.10004E+01  0.20938E-17
 0.41000E+00  0.10004E+01 -0.23979E-17
 0.41100E+00  0.10004E+01  0.17846E-17
 0.41200E+00  0.10004E+01  0.11660E-16
 0.41300E+00  0.10004E+01 -0.17285E-17
 0.41400E+00  0.10004E+01  0.59224E-17
 0.41500E+00  0.10004E+01 -0.52891E-17
 0.41600E+00  0.10004E+01  0.47924E-17
 0.41700E+00  0.10004E+01 -0.18756E-17
 0.41800E+00  0.10004E+01  0.27938E-17
 0.41900E+00  0.10004E+01 -0.13173E-17
 0.42000E+00  0.10004E+01 -0.92608E-17
 0.42100E+00  0.10004E+01  0.20228E-17
 0.42200E+00  0.10004E+01 -0.51385E-17
 0.42300E+00  0.10004E+01  0.44845E-17
 0.42400E+00  0.10004E+01  0.26550E-17
 0.42500E+00  0.10004E+01 -0.24086E-17
 0.42600E+00  0.10004E+01 -0.85075E-17
 0.42700E+00  0.10004E+01  0.58957E-18
 0.42800E+00  0.10004E+01  0.12353E-16
 0.42900E+00  0.10004E+01  0.28413E-17
 0.43000E+00  0.10004E+01 -0.11508E-16
 0.43100E+00  0.10004E+01  0.98303E-17
 0.43200E+00  0.10004E+01  0.46893E-17
 0.43300E+00  0.10004E+01  0.90407E-18
 0.43400E+00  0.10004E+01  0.31672E-18
 0.43500E+00  0.10004E+01 -0.29094E-17
 0.43600E+00  0.10004E+01 -0.53626E-17
 0.43700E+00  0.10004E+01 -0.66721E-17
 0.43800E+00  0.10004E+01  0.14741E-16
 0.43900E+00  0.10004E+01  0.72455E-17
 0.44000E+00  0.10004E+01 -0.46376E-17
 0.44100E+00  0.10004E+01 -0.11780E-16
 0.44200E+00  0.10004E+01 -0.93419E-17
 0.44300E+00  0.10004E+01 -0.11926E-16
 0.44400E+00  0.10004E+01  0.42330E-17
 0.44500E+00  0.10004E+01  0.26157E-17
 0.44600E+00  0.10004E+01  0.84107E-17
 0.44700E+00  0.10004E+01 -0.24966E-17
 0.44800E+00  0.10004E+01  0.60690E-17
 0.44900E+00  0.10004E+01 -0.18827E-18
 0.45000E+00  0.10004E+01  0.55036E-17
 0.45100E+00  0.10004E+01 -0.78336E-17
 0.45200E+00  0.10004E+01  0.17940E-16
 0.45300E+00  0.10004E+01 -0.72497E-17
 0.45400E+00  0.10004E+01 -0.70014E-17
 0.45500E+00  0.10004E+01 -0.31662E-17
 0.45600E+00  0.10004E+01 -0.64546E-17
 0.45700E+00  0.10004E+01  0.87290E-18
 0.45800E+00  0.10004E+01  0.96702E-17
 0.45900E+00  0.10004E+01 -0.28710E-17
 0.46000E+00  0.10004E+01 -0.81661E-17
 0.46100E+00  0.10004E+01  0.10600E-17
 0.46200E+00  0.10004E+01  0.22165E-17
 0.46300E+00  0.10004E+01 -0.36329E-17
 0.46400E+00  0.10004E+01  0.29422E-17
 0.46500E+00  0.10004E+01 -0.11260E-16
 0.46600E+00  0.10004E+01  0.62966E-17
 0.46700E+00  0.10004E+01  0.66984E-17
 0.46800E+00  0.10004E+01  0.46305E-17
 0.46900E+00  0.10004E+01 -0.44447E-17
 0.47000E+00  0.10004E+01 -0.11232E-16
 0.47100E+00  0.10004E+01 -0.32627E-20
 0.47200E+00  0.10004E+01 -0.74793E-17
 0.47300E+00  0.10004E+01 -0.34551E-17
 0.47400E+00  0.10004E+01 -0.76858E-18
 0.47500E+00  0.10004E+01  0.29450E-17
 0.47600E+00  0.10004E+01  0.39715E-17
 0.47700E+00  0.10004E+01 -0.77224E-17
 0.47800E+00  0.10004E+01  0.25279E-17
 0.47900E+00  0.10004E+01 -0.11975E-17
 0.48000E+00  0.10004E+01 -0.95165E-18
 0.48100E+00  0.10004E+01 -0.35948E-17
 0.48200E+00  0.10004E+01  0.34399E-17
 0.48300E+00  0.10004E+01  0.61836E-17
 0.48400E+00  0.10004E+01  0.67783E-17
 0.48500E+00  0.10004E+01 -0.13423E-17
 0.48600E+00  0.10004E+01  0.47644E-17
 0.48700E+00  0.10004E+01 -0.22679E-17
 0.48800E+00  0.10004E+01  0.59515E-18
 0.48900E+00  0.10004E+01 -0.51487E-17
 0.49000E+00  0.10004E+01 -0.45230E-17
 0.49100E+00  0.10004E+01  0.20574E-17
 0.49200E+00  0.10004E+01 -0.31979E-17
 0.49300E+00  0.10004E+01 -0.64987E-17
 0.49400E+00  0.10004E+01 -0.52450E-18
 0.49500E+00  0.10004E+01  0.31710E-17
 0.49600E+00  0.10004E+01  0.51866E-17
 0.49700E+00  0.10004E+01 -0.12819E-17
 0.49800E+00  0.10004E+01  0.12437E-17
 0.49900E+00  0.10005E+01  0.18690E-17
 0.50000E+00  0.10005E+01  0.10128E-17
 0.50100E+00  0.10005E+01 -0.17729E-17
 0.50200E+00  0.10005E+01  0.28888E-17
 0.50300E+00  0.10005E+01 -0.33136E-17
 0.50400E+00  0.10005E+01  0.70255E-20
 0.50500E+00  0.10005E+01 -0.15853E-17
 0.50600E+00  0.10005E+01  0.70848E-17
 0.50700E+00  0.10005E+01 -0.20250E-17
 0.50800E+00  0.10005E+01  0.31116E-17
 0.50900E+00  0.10005E+01  0.48470E-17
 0.51000E+00  0.10005E+01 -0.26677E-17
 0.51100E+00  0.10005E+01  0.16762E-17
 0.51200E+00  0.10005E+01 -0.43493E-18
 0.51300E+00  0.10005E+01 -0.24593E-17
 0.51400E+00  0.10005E+01 -0.13867E-17
 0.51500E+00  0.10005E+01  0.58200E-17
 0.51600E+00  0.10005E+01 -0.16014E-17
 0.51700E+00  0.10005E+01 -0.33050E-18
 0.51800E+00  0.10005E+01  0.47892E-18
 0.51900E+00  0.10005E+01  0.43914E-18
 0.52000E+00  0.10005E+01  0.11934E-18
 0.52100E+00  0.10005E+01 -0.21611E-17
 0.52200E+00  0.10005E+01 -0.46140E-17
 0.52300E+00  0.10005E+01 -0.25010E-17
 0.52400E+00  0.10005E+01 -0.16569E-17
 0.52500E+00  0.10005E+01  0.12372E-17
 0.52600E+00  0.10005E+01  0.52751E-17
 0.52700E+00  0.10005E+01 -0.30923E-17
 0.52800E+00  0.10005E+01  0.51508E-17
 0.52900E+00  0.10005E+01  0.16874E-17
 0.53000E+00  0.10005E+01  0.30271E-17
 0.53100E+00  0.10005E+01  0.16762E-17
 0.53200E+00  0.10005E+01  0.28280E-18
 0.53300E+00  0.10005E+01 -0.37460E-17
 0.53400E+00  0.10005E+01  0.10027E-17
 0.53500E+00  0.10005E+01 -0.41317E-17
 0.53600E+00  0.10005E+01  0.39483E-19
 0.53700E+00  0.10005E+01 -0.33419E-18
 0.53800E+00  0.10005E+01  0.22900E-19
 0.53900E+00  0.10005E+01  0.29953E-17
 0.54000E+00  0.10005E+01 -0.26799E-17
 0.54100E+00  0.10005E+01 -0.39317E-18
 0.54200E+00  0.10005E+01 -0.11270E-17
 0.54300E+00  0.10005E+01  0.21068E-17
 0.54400E+00  0.10005E+01 -0.55558E-17
 0.54500E+00  0.10005E+01 -0.16776E-17
 0.54600E+00  0.10005E+01  0.89251E-18
 0.54700E+00  0.10005E+01 -0.11684E-17
 0.54800E+00  0.10005E+01  0.12753E-17
 0.54900E+00  0.10005E+01 -0.37097E-17
 0.55000E+00  0.10005E+01 -0.12699E-17
 0.55100E+00  0.10005E+01  0.57703E-18
 0.55200E+00  0.10005E+01 -0.31426E-17
 0.55300E+00  0.10005E+01  0.73143E-19
 0.55400E+00  0.10005E+01  0.20746E-17
 0.55500E+00  0.10005E+01  0.18366E-17
 0.55600E+00  0.10005E+01 -0.14642E-17
 0.55700E+00  0.10005E+01  0.78748E-18
 0.55800E+00  0.10005E+01 -0.19996E-17
 0.55900E+00  0.10005E+01  0.20966E-17
 0.56000E+00  0.10005E+01  0.37378E-18
 0.56100E+00  0.10005E+01  0.30399E-17
 0.56200E+00  0.10005E+01 -0.34933E-17
 0.56300E+00  0.10005E+01 -0.10085E-17
 0.56400E+00  0.10005E+01 -0.25480E-18
 0.56500E+00  0.10005E+01  0.65554E-18
 0.56600E+00  0.10005E+01  0.71087E-18
 0.56700E+00  0.10005E+01  0.39496E-18
 0.56800E+00  0.10005E+01 -0.22658E-18
 0.56900E+00  0.10005E+01  0.39019E-18
 0.57000E+00  0.10005E+01 -0.23322E-17
 0.57100E+00  0.10005E+01 -0.10994E-17
 0.57200E+00  0.10005E+01  0.15322E-17
 0.57300E+00  0.10005E+01 -0.10007E-17
 0.57400E+00  0.10005E+01 -0.18913E-18
 0.57500E+00  0.10005E+01 -0.23332E-17
 0.57600E+00  0.10005E+01 -0.20958E-17
 0.57700E+00  0.10005E+01  0.27138E-17
 0.57800E+00  0.10005E+01  0.10224E-18
 0.57900E+00  0.10005E+01 -0.21397E-18
 0.58000E+00  0.10005E+01 -0.60068E-18
 0.58100E+00  0.10005E+01 -0.14740E-17
 0.58200E+00  0.10005E+01 -0.43512E-17
 0.58300E+00  0.10005E+01 -0.15299E-17
 0.58400E+00  0.10005E+01 -0.44157E-18
 0.58500E+00  0.10005E+01 -0.20222E-17
 0.58600E+00  0.10005E+01 -0.15590E-17
 0.58700E+00  0.10005E+01 -0.15048E-18
 0.58800E+00  0.10005E+01  0.30491E-18
 0.58900E+00  0.10005E+01  0.86442E-18
 0.59000E+00  0.10005E+01 -0.21850E-18
 0.59100E+00  0.10005E+01 -0.83782E-18
 0.59200E+00  0.10005E+01  0.14252E-17
 0.59300E+00  0.10005E+01  0.43538E-17
 0.59400E+00  0.10005E+01 -0.63932E-17
 0.59500E+00  0.10005E+01  0.20169E-17
 0.59600E+00  0.10005E+01 -0.55652E-17
 0.59700E+00  0.10005E+01 -0.70831E-18
 0.59800E+00  0.10005E+01 -0.42136E-18
 0.59900E+00  0.10005E+01 -0.33545E-17
 0.60000E+00  0.10005E+01  0.21300E-17
 0.60100E+00  0.10005E+01 -0.65205E-18
 0.60200E+00  0.10005E+01 -0.16225E-17
 0.60300E+00  0.10005E+01  0.17399E-17
 0.60400E+00  0.10005E+01  0.64649E-17
 0.60500E+00  0.10005E+01 -0.10988E-17
 0.60600E+00  0.10005E+01 -0.74391E-17
 0.60700E+00  0.10005E+01 -0.31871E-17
 0.60800E+00  0.10005E+01 -0.78404E-18
 0.60900E+00  0.10005E+01 -0.61282E-17
 0.61000E+00  0.10006E+01  0.39640E-17
 0.61100E+00  0.10006E+01  0.10679E-17
 0.61200E+00  0.10006E+01 -0.17626E-17
 0.61300E+00  0.10006E+01  0.33413E-18
 0.61400E+00  0.10006E+01 -0.16674E-17
 0.61500E+00  0.10006E+01 -0.16652E-18
 0.61600E+00  0.10006E+01  0.30818E-17
 0.61700E+00  0.10006E+01 -0.41439E-17
 0.61800E+00  0.10006E+01 -0.44846E-18
 0.61900E+00  0.10006E+01  0.96328E-18
 0.62000E+00  0.10006E+01  0.57008E-17
 0.62100E+00  0.10006E+01 -0.41205E-18
 0.62200E+00  0.10006E+01 -0.45674E-17
 0.62300E+00  0.10006E+01  0.19790E-17
 0.62400E+00  0.10006E+01  0.38983E-17
 0.62500E+00  0.10006E+01 -0.27024E-17
 0.62600E+00  0.10006E+01  0.62574E-17
 0.62700E+00  0.10006E+01  0.23725E-18
 0.62800E+00  0.10006E+01  0.20963E-18
 0.62900E+00  0.10006E+01 -0.41003E-17
 0.63000E+00  0.10006E+01  0.22426E-17
 0.63100E+00  0.10006E+01  0.18620E-17
 0.63200E+00  0.10006E+01 -0.63993E-19
 0.63300E+00  0.10006E+01  0.71155E-17
 0.63400E+00  0.10006E+01 -0.52905E-17
 0.63500E+00  0.10006E+01  0.20510E-17
 0.63600E+00  0.10006E+01 -0.50148E-18
 0.63700E+00  0.10006E+01 -0.39920E-17
 0.63800E+00  0.10006E+01  0.94250E-18
 0.63900E+00  0.10006E+01 -0.22485E-17
 0.64000E+00  0.10006E+01 -0.59765E-17
 0.64100E+00  0.10006E+01  0.40489E-17
 0.64200E+00  0.10006E+01  0.11806E-17
 0.64300E+00  0.10006E+01  0.69125E-17
 0.64400E+00  0.10006E+01  0.42177E-17
 0.64500E+00  0.10006E+01 -0.38481E-17
 0.64600E+00  0.10006E+01  0.31513E-17
 0.64700E+00  0.10006E+01  0.51824E-17
 0.64800E+00  0.10006E+01 -0.22879E-17
 0.64900E+00  0.10006E+01  0.56529E-17
 0.65000E+00  0.10006E+01 -0.20187E-17
 0.65100E+00  0.10006E+01 -0.39442E-17
 0.65200E+00  0.10006E+01  0.62316E-17
 0.65300E+00  0.10006E+01  0.49636E-17
 0.65400E+00  0.10006E+01  0.10061E-16
 0.65500E+00  0.10006E+01 -0.42962E-17
 0.65600E+00  0.10006E+01 -0.69027E-17
 0.65700E+00  0.10006E+01  0.53349E-17
 0.65800E+00  0.10006E+01 -0.19391E-17
 0.65900E+00  0.10006E+01  0.56192E-17
 0.66000E+00  0.10006E+01  0.12187E-17
 0.66100E+00  0.10006E+01 -0.32213E-17
 0.66200E+00  0.10006E+01 -0.16485E-17
 0.66300E+00  0.10006E+01  0.10719E-16
 0.66400E+00  0.10006E+01 -0.90001E-18
 0.66500E+00  0.10006E+01  0.19288E-21
 0.66600E+00  0.10006E+01 -0.96421E-20
 0.66700E+00  0.10006E+01  0.95243E-17
 0.66800E+00  0.10006E+01  0.39428E-17
 0.66900E+00  0.10006E+01 -0.81020E-17
 0.67000E+00  0.10006E+01  0.16183E-17
 0.67100E+00  0.10006E+01 -0.38870E-17
 0.67200E+00  0.10006E+01 -0.26336E-17
 0.67300E+00  0.10006E+01 -0.36355E-17
 0.67400E+00  0.10006E+01 -0.28324E-17
 0.67500E+00  0.10006E+01  0.90364E-18
 0.67600E+00  0.10006E+01 -0.31912E-17
 0.67700E+00  0.10006E+01  0.27659E-17
 0.67800E+00  0.10006E+01 -0.25348E-19
 0.67900E+00  0.10006E+01 -0.47927E-17
 0.68000E+00  0.10006E+01  0.75773E-17
 0.68100E+00  0.10006E+01 -0.68715E-17
 0.68200E+00  0.10006E+01 -0.85227E-17
 0.68300E+00  0.10006E+01  0.76427E-17
 0.68400E+00  0.10006E+01  0.55678E-17
 0.68500E+00  0.10006E+01 -0.18301E-17
 0.68600E+00  0.10006E+01 -0.35940E-17
 0.68700E+00  0.10006E+01 -0.85896E-18
 0.68800E+00  0.10006E+01 -0.18390E-17
 0.68900E+00  0.10006E+01  0.44323E-17
 0.69000E+00  0.10006E+01 -0.78295E-18
 0.69100E+00  0.10006E+01  0.30122E-17
 0.69200E+00  0.10006E+01 -0.99919E-17
 0.69300E+00  0.10006E+01  0.18619E-17
 0.69400E+00  0.10006E+01 -0.63103E-17
 0.69500E+00  0.10006E+01 -0.78589E-17
 0.69600E+00  0.10006E+01  0.13571E-17
 0.69700E+00  0.10006E+01  0.31809E-17
 0.69800E+00  0.10006E+01  0.94136E-17
 0.69900E+00  0.10006E+01  0.42070E-19
 0.70000E+00  0.10006E+01 -0.18978E-17
 0.70100E+00  0.10006E+01 -0.66034E-17
 0.70200E+00  0.10006E+01 -0.87673E-17
 0.70300E+00  0.10006E+01  0.43490E-17
 0.70400E+00  0.10006E+01 -0.84603E-17
 0.70500E+00  0.10006E+01 -0.51668E-17
 0.70600E+00  0.10006E+01  0.45478E-17
 0.70700E+00  0.10006E+01  0.18496E-17
 0.70800E+00  0.10006E+01 -0.31229E-19
 0.70900E+00  0.10006E+01 -0.21196E-17
 0.71000E+00  0.10006E+01  0.98172E-18
 0.71100E+00  0.10006E+01  0.39230E-17
 0.71200E+00  0.10006E+01  0.36174E-17
 0.71300E+00  0.10006E+01 -0.95570E-17
 0.71400E+00  0.10006E+01 -0.52734E-18
 0.71500E+00  0.10006E+01 -0.11970E-16
 0.71600E+00  0.10006E+01 -0.41894E-17
 0.71700E+00  0.10006E+01  0.93563E-17
 0.71800E+00  0.10006E+01  0.20258E-17
 0.71900E+00  0.10006E+01 -0.53124E-17
 0.72000E+00  0.10006E+01 -0.27110E-18
 0.72100E+00  0.10006E+01  0.46202E-17
 0.72200E+00  0.10006E+01 -0.15672E-17
 0.72300E+00  0.10006E+01  0.10144E-16
 0.72400E+00  0.10006E+01  0.44243E-17
 0.72500E+00  0.10006E+01  0.34751E-17
 0.72600E+00  0.10006E+01  0.55303E-17
 0.72700E+00  0.10006E+01 -0.16048E-17
 0.72800E+00  0.10006E+01  0.78802E-17
 0.72900E+00  0.10006E+01 -0.10319E-17
 0.73000E+00  0.10006E+01  0.14344E-17
 0.73100E+00  0.10006E+01  0.16108E-17
 0.73200E+00  0.10006E+01 -0.56763E-17
 0.73300E+00  0.10006E+01  0.45196E-17
 0.73400E+00  0.10006E+01  0.19029E-17
 0.73500E+00  0.10006E+01  0.71152E-17
 0.73600E+00  0.10006E+01 -0.43225E-17
 0.73700E+00  0.10006E+01 -0.84163E-17
 0.73800E+00  0.10006E+01  0.86028E-17
 0.73900E+00  0.10006E+01 -0.10113E-16
 0.74000E+00  0.10006E+01 -0.16274E-17
 0.74100E+00  0.10006E+01  0.16183E-16
 0.74200E+00  0.10006E+01  0.69252E-18
 0.74300E+00  0.10006E+01  0.67486E-17
 0.74400E+00  0.10006E+01 -0.53210E-17
 0.74500E+00  0.10006E+01 -0.83916E-18
 0.74600E+00  0.10006E+01  0.21729E-17
 0.74700E+00  0.10006E+01 -0.14880E-16
 0.74800E+00  0.10006E+01 -0.82250E-17
 0.74900E+00  0.10006E+01  0.37737E-18
 0.75000E+00  0.10006E+01 -0.18735E-17
 0.75100E+00  0.10006E+01  0.14862E-16
 0.75200E+00  0.10006E+01 -0.34856E-17
 0.75300E+00  0.10006E+01  0.13101E-17
 0.75400E+00  0.10006E+01  0.19358E-18
 0.75500E+00  0.10006E+01 -0.14077E-16
 0.75600E+00  0.10006E+01  0.88742E-17
 0.75700E+00  0.10006E+01 -0.17035E-17
 0.75800E+00  0.10006E+01 -0.57727E-18
 0.75900E+00  0.10006E+01 -0.12411E-17
 0.76000E+00  0.10006E+01  0.32121E-17
 0.76100E+00  0.10006E+01 -0.11143E-16
 0.76200E+00  0.10006E+01 -0.30615E-17
 0.76300E+00  0.10006E+01  0.81659E-18
 0.76400E+00  0.10006E+01 -0.50148E-17
 0.76500E+00  0.10006E+01 -0.25234E-17
 0.76600E+00  0.10006E+01  0.96290E-18
 0.76700E+00  0.10006E+01  0.22720E-17
 0.76800E+00  0.10006E+01  0.10885E-17
 0.76900E+00  0.10006E+01 -0.61534E-18
 0.77000E+00  0.10006E+01 -0.52351E-17
 0.77100E+00  0.10006E+01 -0.61489E-17
 0.77200E+00  0.10006E+01  0.14108E-17
 0.77300E+00  0.10006E+01  0.10726E-17
 0.77400E+00  0.10006E+01  0.13340E-17
 0.77500E+00  0.10006E+01 -0.71964E-17
 0.77600E+00  0.10006E+01  0.66367E-17
 0.77700E+00  0.10006E+01  0.42352E-17
 0.77800E+00  0.10006E+01  0.67483E-18
 0.77900E+00  0.10006E+01 -0.87911E-18
 0.78000E+00  0.10006E+01 -0.33674E-17
 0.78100E+00  0.10006E+01  0.77038E-17
 0.78200E+00  0.10006E+01 -0.11665E-16
 0.78300E+00  0.10006E+01 -0.27741E-17
 0.78400E+00  0.10006E+01 -0.10741E-16
 0.78500E+00  0.10006E+01 -0.63492E-17
 0.78600E+00  0.10006E+01  0.72220E-18
 0.78700E+00  0.10006E+01  0.15314E-17
 0.78800E+00  0.10006E+01  0.12043E-16
 0.78900E+00  0.10006E+01  0.52105E-17
 0.79000E+00  0.10006E+01 -0.49371E-18
 0.79100E+00  0.10006E+01  0.22081E-17
 0.79200E+00  0.10006E+01  0.96117E-17
 0.79300E+00  0.10006E+01  0.47524E-17
 0.79400E+00  0.10006E+01 -0.43691E-18
 0.79500E+00  0.10006E+01  0.33945E-17
 0.79600E+00  0.10006E+01  0.30766E-18
 0.79700E+00  0.10006E+01  0.64406E-17
 0.79800E+00  0.10006E+01  0.48076E-17
 0.79900E+00  0.10006E+01 -0.60036E-17
 0.80000E+00  0.10007E+01  0.25470E-17
 0.80100E+00  0.10007E+01 -0.52493E-17
 0.80200E+00  0.10007E+01 -0.67307E-17
 0.80300E+00  0.10007E+01  0.83332E-17
 0.80400E+00  0.10007E+01 -0.56705E-17
 0.80500E+00  0.10007E+01  0.12521E-17
 0.80600E+00  0.10007E+01  0.94693E-18
 0.80700E+00  0.10007E+01 -0.25324E-17
 0.80800E+00  0.10007E+01  0.40477E-17
 0.80900E+00  0.10007E+01 -0.73583E-18
 0.81000E+00  0.10007E+01 -0.21980E-17
 0.81100E+00  0.10007E+01  0.51415E-17
 0.81200E+00  0.10007E+01 -0.12586E-17
 0.81300E+00  0.10007E+01 -0.55267E-17
 0.81400E+00  0.10007E+01 -0.26293E-17
 0.81500E+00  0.10007E+01 -0.17332E-17
 0.81600E+00  0.10007E+01 -0.38204E-18
 0.81700E+00  0.10007E+01 -0.23696E-17
 0.81800E+00  0.10007E+01  0.72297E-17
 0.81900E+00  0.10007E+01  0.46742E-17
 0.82000E+00  0.10007E+01 -0.50567E-18
 0.82100E+00  0.10007E+01  0.74301E-19
 0.82200E+00  0.10007E+01  0.35625E-17
 0.82300E+00  0.10007E+01  0.59294E-17
 0.82400E+00  0.10007E+01 -0.38202E-17
 0.82500E+00  0.10007E+01 -0.10058E-17
 0.82600E+00  0.10007E+01  0.46857E-18
 0.82700E+00  0.10007E+01 -0.39703E-17
 0.82800E+00  0.10007E+01 -0.38825E-18
 0.82900E+00  0.10007E+01 -0.18403E-17
 0.83000E+00  0.10007E+01 -0.48369E-17
 0.83100E+00  0.10007E+01  0.19147E-18
 0.83200E+00  0.10007E+01 -0.55570E-17
 0.83300E+00  0.10007E+01 -0.34353E-17
 0.83400E+00  0.10007E+01  0.28079E-17
 0.83500E+00  0.10007E+01  0.16445E-17
 0.83600E+00  0.10007E+01 -0.36860E-18
 0.83700E+00  0.10007E+01 -0.36501E-17
 0.83800E+00  0.10007E+01 -0.35541E-17
 0.83900E+00  0.10007E+01 -0.56630E-17
 0.84000E+00  0.10007E+01 -0.17006E-17
 0.84100E+00  0.10007E+01 -0.40495E-17
 0.84200E+00  0.10007E+01 -0.70297E-18
 0.84300E+00  0.10007E+01  0.21448E-17
 0.84400E+00  0.10007E+01 -0.57542E-17
 0.84500E+00  0.10007E+01  0.68854E-18
 0.84600E+00  0.10007E+01  0.44373E-17
 0.84700E+00  0.10007E+01  0.77960E-17
 0.84800E+00  0.10007E+01 -0.51048E-17
 0.84900E+00  0.10007E+01 -0.26492E-17
 0.85000E+00  0.10007E+01 -0.39098E-17
 0.85100E+00  0.10007E+01  0.86467E-18
 0.85200E+00  0.10007E+01  0.45694E-18
 0.85300E+00  0.10007E+01 -0.20903E-17
 0.85400E+00  0.10007E+01 -0.21023E-17
 0.85500E+00  0.10007E+01 -0.40380E-17
 0.85600E+00  0.10007E+01 -0.54435E-17
 0.85700E+00  0.10007E+01 -0.94047E-17
 0.85800E+00  0.10007E+01  0.25556E-17
 0.85900E+00  0.10007E+01  0.30662E-17
 0.86000E+00  0.10007E+01  0.57713E-17
 0.86100E+00  0.10007E+01  0.65722E-18
 0.86200E+00  0.10007E+01 -0.48441E-17
 0.86300E+00  0.10007E+01 -0.46836E-17
 0.86400E+00  0.10007E+01 -0.45502E-17
 0.86500E+00  0.10007E+01  0.28783E-18
 0.86600E+00  0.10007E+01  0.42828E-17
 0.86700E+00  0.10007E+01 -0.59090E-18
 0.86800E+00  0.10007E+01  0.51401E-17
 0.86900E+00  0.10007E+01 -0.12157E-17
 0.87000E+00  0.10007E+01 -0.13365E-17
 0.87100E+00  0.10007E+01 -0.39769E-17
 0.87200E+00  0.10007E+01 -0.91906E-18
 0.87300E+00  0.10007E+01  0.80393E-17
 0.87400E+00  0.10007E+01 -0.15700E-17
 0.87500E+00  0.10007E+01 -0.16528E-17
 0.87600E+00  0.10007E+01  0.12988E-17
 0.87700E+00  0.10007E+01 -0.25360E-17
 0.87800E+00  0.10007E+01 -0.22728E-17
 0.87900E+00  0.10007E+01  0.46619E-17
 0.88000E+00  0.10007E+01  0.13856E-17
 0.88100E+00  0.10007E+01 -0.35230E-17
 0.88200E+00  0.10007E+01  0.15964E-17
 0.88300E+00  0.10007E+01 -0.19610E-17
 0.88400E+00  0.10007E+01  0.81258E-17
 0.88500E+00  0.10007E+01 -0.14265E-17
 0.88600E+00  0.10007E+01  0.48531E-17
 0.88700E+00  0.10007E+01  0.45209E-17
 0.88800E+00  0.10007E+01 -0.17065E-17
 0.88900E+00  0.10007E+01  0.32718E-17
 0.89000E+00  0.10007E+01 -0.44070E-17
 0.89100E+00  0.10007E+01 -0.25296E-18
 0.89200E+00  0.10007E+01  0.79921E-18
 0.89300E+00  0.10007E+01  0.46753E-17
 0.89400E+00  0.10007E+01  0.13834E-17
 0.89500E+00  0.10007E+01  0.28513E-17
 0.89600E+00  0.10007E+01  0.32824E-17
 0.89700E+00  0.10007E+01  0.15186E-17
 0.89800E+00  0.10007E+01  0.39423E-20
 0.89900E+00  0.10007E+01  0.51687E-17
 0.90000E+00  0.10007E+01  0.42744E-17
 0.90100E+00  0.10007E+01 -0.73889E-18
 0.90200E+00  0.10007E+01  0.70537E-18
 0.90300E+00  0.10007E+01  0.12178E-17
 0.90400E+00  0.10007E+01 -0.63433E-17
 0.90500E+00  0.10007E+01  0.70898E-18
 0.90600E+00  0.10007E+01  0.63751E-18
 0.90700E+00  0.10007E+01 -0.20307E-17
 0.90800E+00  0.10007E+01 -0.29989E-17
 0.90900E+00  0.10007E+01  0.10194E-17
 0.91000E+00  0.10007E+01 -0.16240E-17
 0.91100E+00  0.10007E+01  0.22672E-17
 0.91200E+00  0.10007E+01  0.76258E-18
 0.91300E+00  0.10007E+01  0.77695E-19
 0.91400E+00  0.10007E+01  0.13038E-17
 0.91500E+00  0.10007E+01 -0.20565E-17
 0.91600E+00  0.10007E+01 -0.34792E-17
 0.91700E+00  0.10007E+01  0.32698E-17
 0.91800E+00  0.10007E+01  0.28649E-17
 0.91900E+00  0.10007E+01  0.16937E-17
 0.92000E+00  0.10007E+01 -0.36803E-17
 0.92100E+00  0.10007E+01  0.88122E-18
 0.92200E+00  0.10007E+01 -0.31906E-17
 0.92300E+00  0.10007E+01 -0.24220E-18
 0.92400E+00  0.10007E+01  0.27403E-17
 0.92500E+00  0.10007E+01  0.43890E-18
 0.92600E+00  0.10007E+01  0.67729E-17
 0.92700E+00  0.10007E+01 -0.24080E-17
 0.92800E+00  0.10007E+01  0.91248E-19
 0.92900E+00  0.10007E+01 -0.11149E-17
 0.93000E+00  0.10007E+01  0.31405E-17
 0.93100E+00  0.10007E+01 -0.12454E-17
 0.93200E+00  0.10007E+01 -0.40353E-17
 0.93300E+00  0.10007E+01 -0.28646E-17
 0.93400E+00  0.10007E+01  0.87170E-18
 0.93500E+00  0.10007E+01 -0.35389E-17
 0.93600E+00  0.10007E+01 -0.27147E-17
 0.93700E+00  0.10007E+01 -0.28721E-17
 0.93800E+00  0.10007E+01  0.19482E-17
 0.93900E+00  0.10007E+01  0.14610E-17
 0.94000E+00  0.10007E+01  0.82886E-18
 0.94100E+00  0.10007E+01 -0.23394E-17
 0.94200E+00  0.10007E+01 -0.15676E-17
 0.94300E+00  0.10007E+01  0.42981E-17
 0.94400E+00  0.10007E+01 -0.95156E-18
 0.94500E+00  0.10007E+01 -0.50528E-17
 0.94600E+00  0.10007E+01  0.91835E-18
 0.94700E+00  0.10007E+01  0.37993E-17
 0.94800E+00  0.10007E+01 -0.59688E-17
 0.94900E+00  0.10007E+01  0.25585E-17
 0.95000E+00  0.10007E+01  0.46347E-17
 0.95100E+00  0.10007E+01  0.11867E-17
 0.95200E+00  0.10007E+01  0.62002E-17
 0.95300E+00  0.10007E+01  0.53824E-18
 0.95400E+00  0.10007E+01 -0.23206E-17
 0.95500E+00  0.10007E+01 -0.33894E-17
 0.95600E+00  0.10007E+01  0.27021E-17
 0.95700E+00  0.10007E+01 -0.23153E-17
 0.95800E+00  0.10007E+01 -0.42784E-17
 0.95900E+00  0.10007E+01  0.16560E-17
 0.96000E+00  0.10007E+01 -0.13634E-17
 0.96100E+00  0.10007E+01 -0.16602E-17
 0.96200E+00  0.10007E+01 -0.36558E-17
 0.96300E+00  0.10007E+01  0.22095E-17
 0.96400E+00  0.10007E+01  0.29427E-17
 0.96500E+00  0.10007E+01  0.24869E-18
 0.96600E+00  0.10007E+01  0.46542E-18
 0.96700E+00  0.10007E+01  0.28740E-17
 0.96800E+00  0.10007E+01  0.34547E-18
 0.96900E+00  0.10007E+01 -0.37299E-17
 0.97000E+00  0.10007E+01 -0.17817E-18
 0.97100E+00  0.10007E+01 -0.26772E-17
 0.97200E+00  0.10007E+01 -0.48311E-17
 0.97300E+00  0.10007E+01 -0.40178E-17
 0.97400E+00  0.10007E+01 -0.18616E-17
 0.97500E+00  0.10007E+01 -0.29521E-17
 0.97600E+00  0.10007E+01 -0.20884E-17
 0.97700E+00  0.10007E+01  0.26248E-17
 0.97800E+00  0.10007E+01 -0.13619E-17
 0.97900E+00  0.10007E+01 -0.58192E-17
 0.98000E+00  0.10007E+01 -0.93054E-18
 0.98100E+00  0.10007E+01  0.33084E-17
 0.98200E+00  0.10007E+01  0.30557E-17
 0.98300E+00  0.10007E+01  0.20441E-17
 0.98400E+00  0.10007E+01 -0.53799E-17
 0.98500E+00  0.10007E+01 -0.27350E-17
 0.98600E+00  0.10007E+01  0.92754E-18
 0.98700E+00  0.10007E+01  0.44990E-18
 0.98800E+00  0.10007E+01  0.39614E-17
 0.98900E+00  0.10007E+01 -0.13784E-17
 0.99000E+00  0.10007E+01 -0.58523E-17
 0.99100E+00  0.10007E+01 -0.12503E-17
 0.99200E+00  0.10007E+01  0.13605E-17
 0.99300E+00  0.10007E+01  0.30985E-17
 0.99400E+00  0.10007E+01 -0.14108E-17
 0.99500E+00  0.10007E+01 -0.31771E-17
 0.99600E+00  0.10007E+01 -0.11229E-18
 0.99700E+00  0.10007E+01 -0.14455E-17
 0.99800E+00  0.10007E+01  0.16182E-17
 0.99900E+00  0.10007E+01 -0.39561E-17
 0.10000E+01  0.10007E+01 -0.46135E-17
 0.10010E+01  0.10007E+01  0.61331E-17
 0.10020E+01  0.10007E+01  0.22143E-17
 0.10030E+01  0.10007E+01 -0.43191E-17
 0.10040E+01  0.10007E+01 -0.17477E-17
 0.10050E+01  0.10007E+01 -0.27226E-17
 0.10060E+01  0.10007E+01  0.34729E-17
 0.10070E+01  0.10007E+01 -0.32695E-17
 0.10080E+01  0.10007E+01 -0.15707E-17
 0.10090E+01  0.10007E+01  0.51294E-17
 0.10100E+01  0.10007E+01 -0.27718E-17
 0.10110E+01  0.10007E+01 -0.20316E-17
 0.10120E+01  0.10007E+01 -0.11587E-17
 0.10130E+01  0.10007E+01 -0.68384E-17
 0.10140E+01  0.10007E+01 -0.29253E-17
 0.10150E+01  0.10007E+01  0.85802E-18
 0.10160E+01  0.10007E+01  0.14891E-17
 0.10170E+01  0.10007E+01 -0.44249E-17
 0.10180E+01  0.10007E+01  0.23256E-17
 0.10190E+01  0.10007E+01  0.25613E-19
 0.10200E+01  0.10007E+01  0.53509E-17
 0.10210E+01  0.10007E+01  0.22246E-18
 0.10220E+01  0.10007E+01 -0.52902E-17
 0.10230E+01  0.10007E+01 -0.15857E-17
 0.10240E+01  0.10007E+01  0.30214E-17
 0.10250E+01  0.10007E+01  0.26411E-17
 0.10260E+01  0.10007E+01  0.35821E-17
 0.10270E+01  0.10007E+01 -0.12284E-17
 0.10280E+01  0.10007E+01 -0.23245E-17
 0.10290E+01  0.10007E+01 -0.41019E-17
 0.10300E+01  0.10008E+01 -0.45078E-17
 0.10310E+01  0.10008E+01 -0.67499E-18
 0.10320E+01  0.10008E+01 -0.50565E-17
 0.10330E+01  0.10008E+01 -0.43300E-17
 0.10340E+01  0.10008E+01  0.32196E-17
 0.10350E+01  0.10008E+01  0.16094E-17
 0.10360E+01  0.10008E+01 -0.53723E-17
 0.10370E+01  0.10008E+01  0.30897E-17
 0.10380E+01  0.10008E+01 -0.37057E-17
 0.10390E+01  0.10008E+01  0.10536E-16
 0.10400E+01  0.10008E+01  0.25899E-18
 0.10410E+01  0.10008E+01  0.17012E-17
 0.10420E+01  0.10008E+01 -0.28421E-17
 0.10430E+01  0.10008E+01  0.73323E-18
 0.10440E+01  0.10008E+01 -0.36055E-17
 0.10450E+01  0.10008E+01 -0.13387E-17
 0.10460E+01  0.10008E+01  0.58992E-18
 0.10470E+01  0.10008E+01  0.28518E-17
 0.10480E+01  0.10008E+01 -0.29591E-17
 0.10490E+01  0.10008E+01  0.25199E-17
 0.10500E+01  0.10008E+01  0.79906E-18
 0.10510E+01  0.10008E+01  0.88978E-17
 0.10520E+01  0.10008E+01 -0.37253E-18
 0.10530E+01  0.10008E+01  0.14116E-17
 0.10540E+01  0.10008E+01 -0.38096E-17
 0.10550E+01  0.10008E+01  0.17184E-17
 0.10560E+01  0.10008E+01 -0.24860E-17
 0.10570E+01  0.10008E+01 -0.49367E-17
 0.10580E+01  0.10008E+01  0.31909E-17
 0.10590E+01  0.10008E+01 -0.25813E-17
 0.10600E+01  0.10008E+01 -0.22727E-17
 0.10610E+01  0.10008E+01 -0.18197E-17
 0.10620E+01  0.10008E+01  0.40223E-17
 0.10630E+01  0.10008E+01  0.49552E-17
 0.10640E+01  0.10008E+01  0.73723E-18
 0.10650E+01  0.10008E+01 -0.69023E-17
 0.10660E+01  0.10008E+01 -0.20649E-17
 0.10670E+01  0.10008E+01 -0.60076E-17
 0.10680E+01  0.10008E+01  0.77949E-17
 0.10690E+01  0.10008E+01 -0.41426E-17
 0.10700E+01  0.10008E+01  0.65557E-17
 0.10710E+01  0.10008E+01  0.68966E-17
 0.10720E+01  0.10008E+01  0.56429E-17
 0.10730E+01  0.10008E+01  0.77648E-17
 0.10740E+01  0.10008E+01  0.41032E-18
 0.10750E+01  0.10008E+01  0.10056E-16
 0.10760E+01  0.10008E+01  0.21217E-17
 0.10770E+01  0.10008E+01 -0.18593E-17
 0.10780E+01  0.10008E+01  0.95045E-18
 0.10790E+01  0.10008E+01 -0.11103E-17
 0.10800E+01  0.10008E+01  0.50425E-17
 0.10810E+01  0.10008E+01 -0.13331E-17
 0.10820E+01  0.10008E+01 -0.95639E-17
 0.10830E+01  0.10008E+01  0.25413E-17
 0.10840E+01  0.10008E+01 -0.28720E-17
 0.10850E+01  0.10008E+01  0.81487E-19
 0.10860E+01  0.10008E+01  0.44009E-17
 0.10870E+01  0.10008E+01  0.48376E-17
 0.10880E+01  0.10008E+01 -0.46711E-17
 0.10890E+01  0.10008E+01 -0.32732E-17
 0.10900E+01  0.10008E+01  0.77254E-17
 0.10910E+01  0.10008E+01  0.13746E-17
 0.10920E+01  0.10008E+01  0.77499E-17
 0.10930E+01  0.10008E+01 -0.10217E-16
 0.10940E+01  0.10008E+01 -0.90063E-17
 0.10950E+01  0.10008E+01  0.22848E-17
 0.10960E+01  0.10008E+01 -0.40449E-17
 0.10970E+01  0.10008E+01 -0.41479E-17
 0.10980E+01  0.10008E+01  0.71629E-17
 0.10990E+01  0.10008E+01 -0.48390E-17
 0.11000E+01  0.10008E+01  0.14756E-18
 0.11010E+01  0.10008E+01  0.79169E-17
 0.11020E+01  0.10008E+01 -0.41850E-17
 0.11030E+01  0.10008E+01  0.12149E-16
 0.11040E+01  0.10008E+01  0.98759E-17
 0.11050E+01  0.10009E+01  0.13744E-16
 0.11060E+01  0.10009E+01  0.36979E-17
 0.11070E+01  0.10009E+01 -0.10635E-16
 0.11080E+01  0.10009E+01 -0.50587E-17
 0.11090E+01  0.10009E+01  0.17659E-18
 0.11100E+01  0.10009E+01 -0.44815E-17
 0.11110E+01  0.10009E+01  0.53748E-17
 0.11120E+01  0.10009E+01 -0.10563E-17
 0.11130E+01  0.10009E+01  0.95494E-17
 0.11140E+01  0.10009E+01  0.77095E-17
 0.11150E+01  0.10009E+01  0.90580E-17
 0.11160E+01  0.10009E+01  0.45676E-17
 0.11170E+01  0.10009E+01  0.45531E-17
 0.11180E+01  0.10009E+01 -0.14123E-16
 0.11190E+01  0.10009E+01 -0.78311E-17
 0.11200E+01  0.10009E+01  0.45700E-17
 0.11210E+01  0.10009E+01  0.10416E-16
 0.11220E+01  0.10009E+01  0.72104E-17
 0.11230E+01  0.10010E+01  0.23427E-19
 0.11240E+01  0.10010E+01  0.61842E-17
 0.11250E+01  0.10010E+01 -0.13266E-19
 0.11260E+01  0.10010E+01  0.52341E-17
 0.11270E+01  0.10010E+01 -0.99743E-17
 0.11280E+01  0.10010E+01  0.96907E-18
 0.11290E+01  0.10010E+01 -0.62086E-17
 0.11300E+01  0.10010E+01  0.19254E-17
 0.11310E+01  0.10010E+01  0.15351E-16
 0.11320E+01  0.10010E+01 -0.11296E-17
 0.11330E+01  0.10010E+01  0.24910E-17
 0.11340E+01  0.10010E+01 -0.34400E-17
 0.11350E+01  0.10011E+01 -0.11271E-17
 0.11360E+01  0.10011E+01  0.10159E-16
 0.11370E+01  0.10011E+01  0.52152E-17
 0.11380E+01  0.10011E+01  0.11549E-16
 0.11390E+01  0.10011E+01 -0.96754E-17
 0.11400E+01  0.10011E+01 -0.67132E-17
 0.11410E+01  0.10011E+01 -0.81279E-18
 0.11420E+01  0.10011E+01 -0.14937E-16
 0.11430E+01  0.10011E+01 -0.28438E-17
 0.11440E+01  0.10011E+01 -0.35433E-17
 0.11450E+01  0.10011E+01  0.45047E-17
 0.11460E+01  0.10012E+01 -0.58726E-17
 0.11470E+01  0.10012E+01  0.47387E-17
 0.11480E+01  0.10012E+01  0.27261E-17
 0.11490E+01  0.10012E+01  0.11096E-16
 0.11500E+01  0.10012E+01  0.78922E-17
 0.11510E+01  0.10012E+01  0.47740E-17
 0.11520E+01  0.10012E+01 -0.18343E-17
 0.11530E+01  0.10012E+01  0.84637E-19
 0.11540E+01  0.10012E+01 -0.65678E-17
 0.11550E+01  0.10012E+01  0.13522E-16
 0.11560E+01  0.10013E+01 -0.48647E-18
 0.11570E+01  0.10013E+01 -0.33771E-17
 0.11580E+01  0.10013E+01 -0.25422E-17
 0.11590E+01  0.10013E+01 -0.16330E-17
 0.11600E+01  0.10013E+01 -0.56669E-17
 0.11610E+01  0.10013E+01 -0.21160E-18
 0.11620E+01  0.10013E+01 -0.22471E-18
 0.11630E+01  0.10013E+01 -0.20072E-17
 0.11640E+01  0.10014E+01  0.64104E-17
 0.11650E+01  0.10014E+01  0.25207E-17
 0.11660E+01  0.10014E+01 -0.12596E-16
 0.11670E+01  0.10014E+01  0.55964E-17
 0.11680E+01  0.10014E+01  0.12175E-17
 0.11690E+01  0.10014E+01 -0.38804E-17
 0.11700E+01  0.10014E+01 -0.11874E-16
 0.11710E+01  0.10014E+01  0.12247E-16
 0.11720E+01  0.10014E+01 -0.46259E-17
 0.11730E+01  0.10015E+01  0.53100E-17
 0.11740E+01  0.10015E+01  0.82427E-18
 0.11750E+01  0.10015E+01 -0.17237E-16
 0.11760E+01  0.10015E+01  0.11111E-16
 0.11770E+01  0.10015E+01 -0.46598E-17
 0.11780E+01  0.10015E+01  0.63168E-17
 0.11790E+01  0.10015E+01  0.62674E-18
 0.11800E+01  0.10015E+01 -0.35035E-17
 0.11810E+01  0.10015E+01 -0.40160E-20
 0.11820E+01  0.10016E+01  0.15504E-17
 0.11830E+01  0.10016E+01 -0.16209E-17
 0.11840E+01  0.10016E+01  0.28917E-17
 0.11850E+01  0.10016E+01 -0.21596E-17
 0.11860E+01  0.10016E+01  0.41604E-17
 0.11870E+01  0.10016E+01 -0.63572E-17
 0.11880E+01  0.10016E+01  0.36845E-17
 0.11890E+01  0.10016E+01 -0.10765E-17
 0.11900E+01  0.10016E+01 -0.10478E-17
 0.11910E+01  0.10017E+01  0.83450E-17
 0.11920E+01  0.10017E+01 -0.82510E-17
 0.11930E+01  0.10017E+01  0.55841E-18
 0.11940E+01  0.10017E+01 -0.29830E-17
 0.11950E+01  0.10017E+01  0.26370E-17
 0.11960E+01  0.10017E+01 -0.87708E-17
 0.11970E+01  0.10017E+01  0.12061E-16
 0.11980E+01  0.10017E+01  0.56095E-17
 0.11990E+01  0.10017E+01 -0.86905E-18
 0.12000E+01  0.10017E+01  0.10556E-16
 0.12010E+01  0.10017E+01  0.45836E-17
 0.12020E+01  0.10018E+01  0.84796E-17
 0.12030E+01  0.10018E+01 -0.72923E-18
 0.12040E+01  0.10018E+01  0.15681E-16
 0.12050E+01  0.10018E+01 -0.12825E-17
 0.12060E+01  0.10018E+01  0.70531E-17
 0.12070E+01  0.10018E+01 -0.47599E-17
 0.12080E+01  0.10018E+01 -0.19085E-17
 0.12090E+01  0.10018E+01  0.73496E-17
 0.12100E+01  0.10018E+01 -0.51522E-18
 0.12110E+01  0.10018E+01 -0.40936E-17
 0.12120E+01  0.10018E+01  0.52530E-17
 0.12130E+01  0.10018E+01 -0.46029E-17
 0.12140E+01  0.10019E+01  0.44111E-17
 0.12150E+01  0.10019E+01  0.22912E-17
 0.12160E+01  0.10019E+01 -0.65860E-17
 0.12170E+01  0.10019E+01 -0.20631E-17
 0.12180E+01  0.10019E+01  0.30240E-17
 0.12190E+01  0.10019E+01  0.19512E-17
 0.12200E+01  0.10019E+01 -0.23007E-17
 0.12210E+01  0.10019E+01 -0.14652E-17
 0.12220E+01  0.10019E+01  0.10281E-17
 0.12230E+01  0.10019E+01  0.10846E-16
 0.12240E+01  0.10019E+01  0.53750E-19
 0.12250E+01  0.10019E+01 -0.12856E-16
 0.12260E+01  0.10019E+01  0.10445E-16
 0.12270E+01  0.10019E+01  0.15453E-17
 0.12280E+01  0.10019E+01  0.65944E-18
 0.12290E+01  0.10019E+01 -0.62781E-17
 0.12300E+01  0.10019E+01  0.12158E-16
 0.12310E+01  0.10019E+01  0.74910E-17
 0.12320E+01  0.10019E+01 -0.25033E-17
 0.12330E+01  0.10019E+01  0.71600E-17
 0.12340E+01  0.10020E+01  0.79753E-17
 0.12350E+01  0.10020E+01  0.10166E-17
 0.12360E+01  0.10020E+01  0.78626E-17
 0.12370E+01  0.10020E+01 -0.20606E-17
 0.12380E+01  0.10020E+01  0.47146E-17
 0.12390E+01  0.10020E+01 -0.55907E-17
 0.12400E+01  0.10020E+01  0.85264E-17
 0.12410E+01  0.10020E+01  0.51426E-17
 0.12420E+01  0.10020E+01  0.53328E-18
 0.12430E+01  0.10020E+01 -0.53706E-18
 0.12440E+01  0.10020E+01 -0.65927E-18
 0.12450E+01  0.10020E+01  0.16153E-16
 0.12460E+01  0.10020E+01 -0.19360E-17
 0.12470E+01  0.10020E+01 -0.74829E-17
 0.12480E+01  0.10020E+01  0.17076E-16
 0.12490E+01  0.10020E+01 -0.11136E-16
 0.12500E+01  0.10020E+01  0.53173E-17
 0.12510E+01  0.10020E+01 -0.10135E-16
 0.12520E+01  0.10020E+01  0.15102E-16
 0.12530E+01  0.10020E+01 -0.61981E-18
 0.12540E+01  0.10020E+01 -0.16635E-17
 0.12550E+01  0.10020E+01 -0.43137E-18
 0.12560E+01  0.10020E+01  0.10365E-17
 0.12570E+01  0.10020E+01 -0.55585E-17
 0.12580E+01  0.10020E+01 -0.19254E-17
 0.12590E+01  0.10020E+01  0.87978E-17
 0.12600E+01  0.10020E+01 -0.83006E-17
 0.12610E+01  0.10020E+01 -0.13649E-16
 0.12620E+01  0.10020E+01  0.19454E-16
 0.12630E+01  0.10020E+01 -0.28373E-17
 0.12640E+01  0.10020E+01  0.23755E-16
 0.12650E+01  0.10020E+01  0.66462E-18
 0.12660E+01  0.10020E+01  0.20326E-16
 0.12670E+01  0.10020E+01  0.10292E-16
 0.12680E+01  0.10020E+01 -0.35942E-17
 0.12690E+01  0.10020E+01 -0.10727E-16
 0.12700E+01  0.10020E+01  0.53021E-17
 0.12710E+01  0.10020E+01 -0.23350E-17
 0.12720E+01  0.10020E+01 -0.12481E-17
 0.12730E+01  0.10020E+01  0.11600E-16
 0.12740E+01  0.10020E+01  0.18967E-16
 0.12750E+01  0.10020E+01  0.18053E-16
 0.12760E+01  0.10020E+01 -0.74875E-17
 0.12770E+01  0.10020E+01 -0.24100E-16
 0.12780E+01  0.10020E+01  0.54101E-17
 0.12790E+01  0.10020E+01 -0.71565E-17
 0.12800E+01  0.10020E+01  0.36721E-17
 0.12810E+01  0.10020E+01 -0.10880E-16
 0.12820E+01  0.10020E+01  0.64737E-18
 0.12830E+01  0.10020E+01  0.20642E-17
 0.12840E+01  0.10020E+01 -0.15339E-16
 0.12850E+01  0.10020E+01  0.55438E-17
 0.12860E+01  0.10020E+01  0.10771E-16
 0.12870E+01  0.10020E+01  0.11658E-16
 0.12880E+01  0.10020E+01  0.13507E-16
 0.12890E+01  0.10020E+01 -0.27814E-18
 0.12900E+01  0.10020E+01  0.12064E-16
 0.12910E+01  0.10020E+01 -0.11944E-16
 0.12920E+01  0.10020E+01  0.10091E-16
 0.12930E+01  0.10020E+01 -0.13995E-16
 0.12940E+01  0.10020E+01  0.22929E-17
 0.12950E+01  0.10020E+01 -0.13825E-16
 0.12960E+01  0.10020E+01  0.37614E-17
 0.12970E+01  0.10020E+01  0.10254E-16
 0.12980E+01  0.10020E+01 -0.80341E-17
 0.12990E+01  0.10020E+01 -0.14691E-16
 0.13000E+01  0.10020E+01 -0.49819E-17
 0.13010E+01  0.10020E+01  0.26139E-16
 0.13020E+01  0.10020E+01 -0.22013E-17
 0.13030E+01  0.10020E+01 -0.13632E-16
 0.13040E+01  0.10020E+01  0.25555E-16
 0.13050E+01  0.10020E+01 -0.20215E-16
 0.13060E+01  0.10020E+01 -0.10814E-17
 0.13070E+01  0.10020E+01  0.19660E-16
 0.13080E+01  0.10020E+01 -0.10065E-16
 0.13090E+01  0.10020E+01  0.94621E-17
 0.13100E+01  0.10020E+01 -0.17438E-16
 0.13110E+01  0.10020E+01  0.95955E-17
 0.13120E+01  0.10021E+01  0.48313E-17
 0.13130E+01  0.10021E+01 -0.98568E-17
 0.13140E+01  0.10021E+01  0.47304E-17
 0.13150E+01  0.10021E+01  0.14744E-16
 0.13160E+01  0.10021E+01  0.13518E-16
 0.13170E+01  0.10021E+01 -0.24304E-17
 0.13180E+01  0.10021E+01 -0.84393E-17
 0.13190E+01  0.10021E+01  0.17590E-16
 0.13200E+01  0.10021E+01 -0.86539E-17
 0.13210E+01  0.10021E+01  0.10576E-16
 0.13220E+01  0.10021E+01 -0.83485E-17
 0.13230E+01  0.10022E+01  0.80571E-17
 0.13240E+01  0.10022E+01 -0.15568E-16
 0.13250E+01  0.10022E+01  0.31901E-16
 0.13260E+01  0.10022E+01  0.81566E-17
 0.13270E+01  0.10022E+01  0.15123E-16
 0.13280E+01  0.10022E+01 -0.14795E-16
 0.13290E+01  0.10022E+01  0.29293E-16
 0.13300E+01  0.10022E+01  0.18910E-16
 0.13310E+01  0.10023E+01  0.20205E-16
 0.13320E+01  0.10023E+01 -0.12491E-16
 0.13330E+01  0.10023E+01  0.61718E-16
 0.13340E+01  0.10023E+01  0.36180E-17
 0.13350E+01  0.10023E+01 -0.14641E-16
 0.13360E+01  0.10023E+01 -0.81365E-18
 0.13370E+01  0.10023E+01  0.11963E-16
 0.13380E+01  0.10024E+01 -0.86551E-18
 0.13390E+01  0.10024E+01 -0.13724E-16
 0.13400E+01  0.10024E+01  0.12877E-16
 0.13410E+01  0.10024E+01  0.29341E-16
 0.13420E+01  0.10024E+01 -0.29808E-16
 0.13430E+01  0.10025E+01 -0.20440E-17
 0.13440E+01  0.10025E+01 -0.35891E-16
 0.13450E+01  0.10025E+01 -0.26248E-18
 0.13460E+01  0.10025E+01  0.61557E-17
 0.13470E+01  0.10025E+01 -0.73456E-17
 0.13480E+01  0.10026E+01  0.29389E-16
 0.13490E+01  0.10026E+01 -0.18894E-16
 0.13500E+01  0.10026E+01  0.10393E-16
 0.13510E+01  0.10026E+01  0.36579E-17
 0.13520E+01  0.10026E+01 -0.12179E-16
 0.13530E+01  0.10027E+01 -0.30973E-16
 0.13540E+01  0.10027E+01 -0.10239E-16
 0.13550E+01  0.10027E+01 -0.39453E-16
 0.13560E+01  0.10027E+01  0.58209E-18
 0.13570E+01  0.10028E+01  0.55542E-17
 0.13580E+01  0.10028E+01  0.38515E-17
 0.13590E+01  0.10028E+01  0.14754E-16
 0.13600E+01  0.10028E+01 -0.65629E-18
 0.13610E+01  0.10029E+01  0.21581E-16
 0.13620E+01  0.10029E+01  0.23328E-16
 0.13630E+01  0.10029E+01  0.24374E-16
 0.13640E+01  0.10029E+01  0.16210E-16
 0.13650E+01  0.10030E+01  0.17546E-16
 0.13660E+01  0.10030E+01  0.87257E-18
 0.13670E+01  0.10030E+01 -0.61474E-17
 0.13680E+01  0.10031E+01 -0.10565E-16
 0.13690E+01  0.10031E+01  0.40577E-17
 0.13700E+01  0.10031E+01 -0.46173E-17
 0.13710E+01  0.10031E+01 -0.46444E-18
 0.13720E+01  0.10032E+01  0.10565E-16
 0.13730E+01  0.10032E+01 -0.11139E-17
 0.13740E+01  0.10032E+01  0.51410E-17
 0.13750E+01  0.10033E+01 -0.31996E-16
 0.13760E+01  0.10033E+01  0.23912E-16
 0.13770E+01  0.10033E+01  0.63927E-17
 0.13780E+01  0.10033E+01 -0.40718E-17
 0.13790E+01  0.10034E+01 -0.10706E-16
 0.13800E+01  0.10034E+01 -0.27652E-16
 0.13810E+01  0.10034E+01  0.31148E-16
 0.13820E+01  0.10035E+01  0.27003E-16
 0.13830E+01  0.10035E+01  0.89775E-17
 0.13840E+01  0.10035E+01 -0.26746E-16
 0.13850E+01  0.10036E+01 -0.14804E-16
 0.13860E+01  0.10036E+01 -0.22407E-16
 0.13870E+01  0.10036E+01  0.30445E-16
 0.13880E+01  0.10037E+01 -0.12511E-17
 0.13890E+01  0.10037E+01  0.28973E-17
 0.13900E+01  0.10037E+01 -0.11521E-16
 0.13910E+01  0.10038E+01 -0.37103E-16
 0.13920E+01  0.10038E+01 -0.15519E-16
 0.13930E+01  0.10038E+01 -0.55567E-17
 0.13940E+01  0.10039E+01  0.26882E-16
 0.13950E+01  0.10039E+01 -0.48607E-18
 0.13960E+01  0.10039E+01  0.65246E-17
 0.13970E+01  0.10040E+01  0.36868E-17
 0.13980E+01  0.10040E+01  0.11241E-16
 0.13990E+01  0.10040E+01  0.22990E-17
 0.14000E+01  0.10040E+01  0.37988E-17
 0.14010E+01  0.10041E+01 -0.81937E-17
 0.14020E+01  0.10041E+01  0.67040E-17
 0.14030E+01  0.10041E+01 -0.15638E-16
 0.14040E+01  0.10042E+01  0.19636E-16
 0.14050E+01  0.10042E+01 -0.82204E-17
 0.14060E+01  0.10042E+01  0.48028E-17
 0.14070E+01  0.10043E+01 -0.22452E-17
 0.14080E+01  0.10043E+01  0.80991E-17
 0.14090E+01  0.10043E+01  0.15851E-16
 0.14100E+01  0.10044E+01  0.82640E-17
 0.14110E+01  0.10044E+01  0.47965E-18
 0.14120E+01  0.10044E+01  0.21487E-16
 0.14130E+01  0.10045E+01  0.17911E-16
 0.14140E+01  0.10045E+01  0.11125E-17
 0.14150E+01  0.10045E+01 -0.28822E-16
 0.14160E+01  0.10045E+01  0.20835E-16
 0.14170E+01  0.10046E+01  0.14901E-16
 0.14180E+01  0.10046E+01 -0.56248E-17
 0.14190E+01  0.10046E+01 -0.48354E-17
 0.14200E+01  0.10047E+01 -0.47784E-17
 0.14210E+01  0.10047E+01  0.14739E-17
 0.14220E+01  0.10047E+01  0.13873E-16
 0.14230E+01  0.10047E+01 -0.10247E-16
 0.14240E+01  0.10048E+01  0.78572E-17
 0.14250E+01  0.10048E+01  0.29161E-16
 0.14260E+01  0.10048E+01  0.10647E-16
 0.14270E+01  0.10048E+01 -0.10151E-16
 0.14280E+01  0.10049E+01  0.14205E-16
 0.14290E+01  0.10049E+01 -0.17323E-17
 0.14300E+01  0.10049E+01  0.33036E-17
 0.14310E+01  0.10049E+01  0.25114E-16
 0.14320E+01  0.10050E+01  0.13269E-16
 0.14330E+01  0.10050E+01 -0.41180E-16
 0.14340E+01  0.10050E+01 -0.23074E-16
 0.14350E+01  0.10050E+01  0.49662E-18
 0.14360E+01  0.10051E+01 -0.15702E-18
 0.14370E+01  0.10051E+01 -0.55438E-16
 0.14380E+01  0.10051E+01 -0.60378E-16
 0.14390E+01  0.10051E+01  0.41687E-17
 0.14400E+01  0.10051E+01 -0.31901E-16
 0.14410E+01  0.10052E+01  0.39267E-16
 0.14420E+01  0.10052E+01  0.13246E-16
 0.14430E+01  0.10052E+01  0.14295E-16
 0.14440E+01  0.10052E+01 -0.22604E-16
 0.14450E+01  0.10052E+01  0.34304E-16
 0.14460E+01  0.10053E+01  0.28564E-16
 0.14470E+01  0.10053E+01 -0.44488E-16
 0.14480E+01  0.10053E+01  0.24763E-17
 0.14490E+01  0.10053E+01 -0.79917E-17
 0.14500E+01  0.10053E+01  0.14897E-16
 0.14510E+01  0.10053E+01 -0.20434E-16
 0.14520E+01  0.10054E+01 -0.22718E-16
 0.14530E+01  0.10054E+01  0.42077E-16
 0.14540E+01  0.10054E+01 -0.23320E-16
 0.14550E+01  0.10054E+01  0.19015E-17
 0.14560E+01  0.10054E+01 -0.60774E-17
 0.14570E+01  0.10054E+01 -0.23527E-16
 0.14580E+01  0.10054E+01 -0.15045E-16
 0.14590E+01  0.10054E+01  0.30249E-16
 0.14600E+01  0.10055E+01 -0.18836E-16
 0.14610E+01  0.10055E+01 -0.10543E-16
 0.14620E+01  0.10055E+01  0.42267E-16
 0.14630E+01  0.10055E+01 -0.12240E-16
 0.14640E+01  0.10055E+01 -0.53891E-17
 0.14650E+01  0.10055E+01 -0.34576E-16
 0.14660E+01  0.10055E+01 -0.23403E-16
 0.14670E+01  0.10055E+01 -0.87489E-16
 0.14680E+01  0.10055E+01 -0.60321E-17
 0.14690E+01  0.10055E+01  0.47568E-16
 0.14700E+01  0.10055E+01  0.16177E-16
 0.14710E+01  0.10055E+01 -0.30019E-16
 0.14720E+01  0.10055E+01 -0.24581E-16
 0.14730E+01  0.10055E+01 -0.38007E-16
 0.14740E+01  0.10055E+01  0.30122E-16
 0.14750E+01  0.10055E+01  0.22976E-16
 0.14760E+01  0.10055E+01 -0.61184E-16
 0.14770E+01  0.10055E+01 -0.36007E-16
 0.14780E+01  0.10055E+01 -0.42148E-16
 0.14790E+01  0.10055E+01 -0.17191E-16
 0.14800E+01  0.10055E+01  0.17165E-16
 0.14810E+01  0.10055E+01 -0.28120E-16
 0.14820E+01  0.10055E+01 -0.15479E-16
 0.14830E+01  0.10055E+01  0.16653E-17
 0.14840E+01  0.10055E+01 -0.13369E-17
 0.14850E+01  0.10055E+01  0.44457E-16
 0.14860E+01  0.10055E+01  0.26919E-17
 0.14870E+01  0.10055E+01  0.39332E-16
 0.14880E+01  0.10055E+01 -0.98572E-17
 0.14890E+01  0.10055E+01  0.20679E-16
 0.14900E+01  0.10055E+01 -0.48589E-16
 0.14910E+01  0.10055E+01  0.15785E-16
 0.14920E+01  0.10055E+01 -0.10890E-16
 0.14930E+01  0.10055E+01 -0.28229E-16
 0.14940E+01  0.10055E+01 -0.71971E-16
 0.14950E+01  0.10055E+01 -0.45774E-16
 0.14960E+01  0.10055E+01 -0.12128E-16
 0.14970E+01  0.10055E+01 -0.11571E-16
 0.14980E+01  0.10055E+01 -0.21662E-16
 0.14990E+01  0.10055E+01 -0.25483E-16
 0.15000E+01  0.10054E+01  0.49363E-16
 0.15010E+01  0.10054E+01  0.50609E-16
 0.15020E+01  0.10054E+01  0.48610E-16
 0.15030E+01  0.10054E+01  0.34842E-16
 0.15040E+01  0.10054E+01  0.79026E-16
 0.15050E+01  0.10054E+01 -0.12549E-16
 0.15060E+01  0.10054E+01 -0.26371E-17
 0.15070E+01  0.10054E+01 -0.47699E-16
 0.15080E+01  0.10054E+01  0.19224E-16
 0.15090E+01  0.10053E+01 -0.10635E-16
 0.15100E+01  0.10053E+01  0.66783E-16
 0.15110E+01  0.10053E+01  0.42621E-16
 0.15120E+01  0.10053E+01 -0.45247E-16
 0.15130E+01  0.10053E+01 -0.56259E-16
 0.15140E+01  0.10053E+01 -0.15200E-16
 0.15150E+01  0.10053E+01 -0.53090E-16
 0.15160E+01  0.10053E+01 -0.45929E-16
 0.15170E+01  0.10053E+01 -0.11617E-15
 0.15180E+01  0.10053E+01 -0.66949E-16
 0.15190E+01  0.10052E+01  0.63507E-17
 0.15200E+01  0.10052E+01 -0.36134E-16
 0.15210E+01  0.10052E+01  0.24410E-16
 0.15220E+01  0.10052E+01 -0.51612E-16
 0.15230E+01  0.10052E+01  0.39171E-16
 0.15240E+01  0.10052E+01  0.43279E-16
 0.15250E+01  0.10052E+01  0.77406E-17
 0.15260E+01  0.10052E+01 -0.11964E-15
 0.15270E+01  0.10052E+01  0.78039E-17
 0.15280E+01  0.10052E+01 -0.28074E-16
 0.15290E+01  0.10052E+01 -0.56730E-16
 0.15300E+01  0.10052E+01 -0.30961E-16
 0.15310E+01  0.10052E+01  0.11452E-15
 0.15320E+01  0.10052E+01 -0.31039E-16
 0.15330E+01  0.10052E+01  0.15973E-15
 0.15340E+01  0.10052E+01  0.12533E-15
 0.15350E+01  0.10053E+01  0.52048E-16
 0.15360E+01  0.10053E+01  0.53682E-16
 0.15370E+01  0.10053E+01  0.45813E-16
 0.15380E+01  0.10053E+01 -0.19479E-15
 0.15390E+01  0.10053E+01  0.16185E-15
 0.15400E+01  0.10054E+01 -0.42256E-16
 0.15410E+01  0.10054E+01 -0.26652E-16
 0.15420E+01  0.10055E+01  0.22774E-15
 0.15430E+01  0.10055E+01 -0.17669E-15
 0.15440E+01  0.10056E+01  0.28171E-16
 0.15450E+01  0.10056E+01 -0.21437E-16
 0.15460E+01  0.10057E+01 -0.62065E-16
 0.15470E+01  0.10057E+01 -0.15318E-15
 0.15480E+01  0.10058E+01  0.25686E-15
 0.15490E+01  0.10059E+01 -0.11043E-15
 0.15500E+01  0.10060E+01 -0.13824E-15
 0.15510E+01  0.10061E+01 -0.22919E-15
 0.15520E+01  0.10062E+01 -0.99092E-16
 0.15530E+01  0.10063E+01 -0.18761E-15
 0.15540E+01  0.10064E+01 -0.71686E-16
 0.15550E+01  0.10065E+01 -0.43831E-15
 0.15560E+01  0.10067E+01  0.19764E-15
 0.15570E+01  0.10068E+01  0.28010E-15
 0.15580E+01  0.10069E+01 -0.24308E-15
 0.15590E+01  0.10071E+01 -0.52963E-15
 0.15600E+01  0.10073E+01  0.25897E-15
 0.15610E+01  0.10075E+01  0.26747E-15
 0.15620E+01  0.10076E+01 -0.53389E-15
 0.15630E+01  0.10079E+01 -0.87557E-15
 0.15640E+01  0.10081E+01  0.29092E-15
 0.15650E+01  0.10083E+01 -0.23230E-15
 0.15660E+01  0.10085E+01 -0.78127E-15
 0.15670E+01  0.10088E+01 -0.11579E-14
 0.15680E+01  0.10090E+01  0.23466E-15
 0.15690E+01  0.10093E+01  0.14260E-15
 0.15700E+01  0.10096E+01  0.39727E-15
 0.15710E+01  0.10099E+01 -0.65105E-15
 0.15720E+01  0.10102E+01 -0.12330E-14
 0.15730E+01  0.10105E+01  0.49878E-16
 0.15740E+01  0.10108E+01  0.40474E-15
 0.15750E+01  0.10111E+01 -0.33026E-15
 0.15760E+01  0.10115E+01 -0.11691E-15
 0.15770E+01  0.10118E+01  0.14304E-15
 0.15780E+01  0.10122E+01 -0.31072E-15
 0.15790E+01  0.10125E+01 -0.15305E-15
 0.15800E+01  0.10129E+01  0.19011E-15
 0.15810E+01  0.10133E+01  0.47219E-15
 0.15820E+01  0.10137E+01 -0.11409E-14
 0.15830E+01  0.10141E+01  0.18978E-14
 0.15840E+01  0.10145E+01 -0.31908E-14
 0.15850E+01  0.10150E+01  0.75876E-15
 0.15860E+01  0.10154E+01 -0.64818E-15
 0.15870E+01  0.10158E+01 -0.12882E-14
 0.15880E+01  0.10163E+01 -0.46261E-16
 0.15890E+01  0.10167E+01 -0.89407E-15
 0.15900E+01  0.10172E+01 -0.10161E-15
 0.15910E+01  0.10176E+01  0.21023E-17
 0.15920E+01  0.10181E+01  0.69978E-15
 0.15930E+01  0.10185E+01  0.42551E-14
 0.15940E+01  0.10190E+01 -0.54247E-14
 0.15950E+01  0.10195E+01  0.50493E-15
 0.15960E+01  0.10199E+01 -0.17016E-15
 0.15970E+01  0.10204E+01  0.24839E-15
 0.15980E+01  0.10209E+01  0.16056E-14
 0.15990E+01  0.10213E+01  0.45641E-14
 0.16000E+01  0.10218E+01 -0.15677E-14
 0.16010E+01  0.10223E+01  0.19069E-14
 0.16020E+01  0.10227E+01  0.49168E-15
 0.16030E+01  0.10232E+01  0.35039E-15
 0.16040E+01  0.10237E+01  0.34159E-14
 0.16050E+01  0.10241E+01  0.61763E-15
 0.16060E+01  0.10246E+01 -0.34436E-14
 0.16070E+01  0.10250E+01 -0.35592E-14
 0.16080E+01  0.10255E+01  0.32733E-14
 0.16090E+01  0.10259E+01  0.18362E-14
 0.16100E+01  0.10264E+01 -0.36494E-14
 0.16110E+01  0.10268E+01 -0.34360E-14
 0.16120E+01  0.10273E+01 -0.23933E-15
 0.16130E+01  0.10277E+01  0.18643E-14
 0.16140E+01  0.10281E+01  0.60025E-15
 0.16150E+01  0.10286E+01  0.33249E-14
 0.16160E+01  0.10290E+01 -0.14312E-16
 0.16170E+01  0.10294E+01 -0.66945E-15
 0.16180E+01  0.10298E+01 -0.12314E-14
 0.16190E+01  0.10302E+01  0.28098E-14
 0.16200E+01  0.10306E+01  0.19927E-14
 0.16210E+01  0.10310E+01  0.22759E-14
 0.16220E+01  0.10314E+01  0.38037E-15
 0.16230E+01  0.10318E+01  0.13725E-14
 0.16240E+01  0.10322E+01  0.25022E-14
 0.16250E+01  0.10326E+01 -0.57711E-15
 0.16260E+01  0.10329E+01  0.30895E-14
 0.16270E+01  0.10333E+01  0.63101E-15
 0.16280E+01  0.10337E+01 -0.10803E-15
 0.16290E+01  0.10340E+01  0.34627E-14
 0.16300E+01  0.10344E+01  0.41413E-14
 0.16310E+01  0.10347E+01  0.36952E-14
 0.16320E+01  0.10350E+01  0.17805E-14
 0.16330E+01  0.10354E+01  0.13663E-14
 0.16340E+01  0.10357E+01 -0.32431E-14
 0.16350E+01  0.10360E+01 -0.50293E-15
 0.16360E+01  0.10363E+01 -0.16743E-14
 0.16370E+01  0.10366E+01 -0.37267E-14
 0.16380E+01  0.10368E+01 -0.29323E-14
 0.16390E+01  0.10371E+01  0.52315E-14
 0.16400E+01  0.10374E+01  0.19716E-14
 0.16410E+01  0.10376E+01 -0.66527E-15
 0.16420E+01  0.10378E+01  0.38831E-14
 0.16430E+01  0.10381E+01 -0.22603E-15
 0.16440E+01  0.10383E+01 -0.33040E-14
 0.16450E+01  0.10385E+01 -0.15384E-14
 0.16460E+01  0.10387E+01  0.56378E-14
 0.16470E+01  0.10388E+01 -0.46995E-14
 0.16480E+01  0.10390E+01  0.66920E-14
 0.16490E+01  0.10391E+01 -0.26013E-14
 0.16500E+01  0.10392E+01 -0.36812E-14
 0.16510E+01  0.10393E+01 -0.68202E-14
 0.16520E+01  0.10394E+01  0.43334E-14
 0.16530E+01  0.10395E+01 -0.46694E-15
 0.16540E+01  0.10396E+01  0.32980E-14
 0.16550E+01  0.10396E+01 -0.13817E-14
 0.16560E+01  0.10396E+01  0.96064E-14
 0.16570E+01  0.10396E+01  0.21312E-14
 0.16580E+01  0.10396E+01  0.88724E-14
 0.16590E+01  0.10396E+01 -0.11732E-14
 0.16600E+01  0.10395E+01 -0.54323E-14
 0.16610E+01  0.10395E+01  0.14609E-14
 0.16620E+01  0.10394E+01  0.22388E-15
 0.16630E+01  0.10393E+01 -0.86241E-15
 0.16640E+01  0.10391E+01 -0.12827E-13
 0.16650E+01  0.10390E+01  0.52712E-14
 0.16660E+01  0.10388E+01  0.48016E-14
 0.16670E+01  0.10387E+01  0.23258E-14
 0.16680E+01  0.10385E+01 -0.41258E-14
 0.16690E+01  0.10382E+01 -0.47938E-14
 0.16700E+01  0.10380E+01 -0.18541E-14
 0.16710E+01  0.10378E+01  0.20939E-14
 0.16720E+01  0.10375E+01  0.95940E-14
 0.16730E+01  0.10372E+01 -0.34550E-14
 0.16740E+01  0.10369E+01 -0.43859E-14
 0.16750E+01  0.10366E+01 -0.18381E-14
 0.16760E+01  0.10363E+01 -0.78628E-15
 0.16770E+01  0.10360E+01 -0.14030E-14
 0.16780E+01  0.10356E+01  0.21261E-14
 0.16790E+01  0.10352E+01  0.14055E-14
 0.16800E+01  0.10349E+01 -0.23777E-14
 0.16810E+01  0.10345E+01  0.26391E-14
 0.16820E+01  0.10341E+01  0.22443E-14
 0.16830E+01  0.10337E+01  0.99394E-15
 0.16840E+01  0.10333E+01 -0.53305E-15
 0.16850E+01  0.10329E+01 -0.45106E-14
 0.16860E+01  0.10324E+01  0.19472E-14
 0.16870E+01  0.10320E+01  0.12160E-14
 0.16880E+01  0.10316E+01  0.17961E-15
 0.16890E+01  0.10311E+01 -0.42586E-15
 0.16900E+01  0.10307E+01  0.30080E-14
 0.16910E+01  0.10302E+01 -0.28437E-14
 0.16920E+01  0.10298E+01  0.34413E-15
 0.16930E+01  0.10293E+01 -0.56179E-15
 0.16940E+01  0.10289E+01 -0.43031E-14
 0.16950E+01  0.10284E+01  0.52756E-15
 0.16960E+01  0.10280E+01  0.60318E-15
 0.16970E+01  0.10275E+01 -0.20191E-14
 0.16980E+01  0.10271E+01  0.80864E-15
 0.16990E+01  0.10266E+01  0.21624E-14
 0.17000E+01  0.10262E+01 -0.24067E-16
 0.17010E+01  0.10257E+01  0.18802E-14
 0.17020E+01  0.10253E+01 -0.12527E-15
 0.17030E+01  0.10248E+01  0.28214E-15
 0.17040E+01  0.10244E+01 -0.99449E-15
 0.17050E+01  0.10240E+01 -0.98629E-16
 0.17060E+01  0.10235E+01 -0.25699E-14
 0.17070E+01  0.10231E+01  0.75045E-15
 0.17080E+01  0.10227E+01 -0.30919E-15
 0.17090E+01  0.10223E+01  0.87572E-15
 0.17100E+01  0.10219E+01 -0.49937E-15
 0.17110E+01  0.10215E+01  0.17049E-14
 0.17120E+01  0.10211E+01 -0.27265E-14
 0.17130E+01  0.10207E+01 -0.88884E-15
 0.17140E+01  0.10204E+01 -0.86322E-15
 0.17150E+01  0.10200E+01 -0.24637E-14
 0.17160E+01  0.10196E+01 -0.11491E-14
 0.17170E+01  0.10193E+01  0.95279E-15
 0.17180E+01  0.10189E+01 -0.61286E-15
 0.17190E+01  0.10186E+01  0.81761E-15
 0.17200E+01  0.10183E+01 -0.98434E-15
 0.17210E+01  0.10180E+01 -0.44373E-15
 0.17220E+01  0.10177E+01  0.18009E-14
 0.17230E+01  0.10174E+01 -0.99766E-16
 0.17240E+01  0.10171E+01  0.13657E-15
 0.17250E+01  0.10168E+01  0.51869E-15
 0.17260E+01  0.10166E+01  0.13124E-14
 0.17270E+01  0.10163E+01  0.10999E-14
 0.17280E+01  0.10161E+01  0.60881E-15
 0.17290E+01  0.10158E+01 -0.28562E-15
 0.17300E+01  0.10156E+01  0.53690E-15
 0.17310E+01  0.10154E+01 -0.43106E-15
 0.17320E+01  0.10152E+01 -0.17322E-16
 0.17330E+01  0.10150E+01 -0.70120E-16
 0.17340E+01  0.10148E+01  0.25131E-15
 0.17350E+01  0.10146E+01 -0.82135E-15
 0.17360E+01  0.10144E+01  0.76556E-15
 0.17370E+01  0.10143E+01  0.18369E-15
 0.17380E+01  0.10141E+01  0.60389E-15
 0.17390E+01  0.10140E+01 -0.68340E-15
 0.17400E+01  0.10139E+01  0.18476E-15
 0.17410E+01  0.10138E+01  0.34291E-16
 0.17420E+01  0.10136E+01  0.30304E-15
 0.17430E+01  0.10135E+01  0.21307E-16
 0.17440E+01  0.10135E+01  0.28555E-16
 0.17450E+01  0.10134E+01 -0.21043E-15
 0.17460E+01  0.10133E+01 -0.80109E-16
 0.17470E+01  0.10132E+01 -0.30580E-15
 0.17480E+01  0.10132E+01  0.67304E-16
 0.17490E+01  0.10131E+01  0.21671E-15
 0.17500E+01  0.10131E+01 -0.22093E-15
 0.17510E+01  0.10130E+01 -0.58845E-16
 0.17520E+01  0.10130E+01  0.63369E-16
 0.17530E+01  0.10130E+01  0.61201E-17
 0.17540E+01  0.10130E+01  0.17384E-15
 0.17550E+01  0.10130E+01  0.16171E-15
 0.17560E+01  0.10130E+01 -0.62777E-15
 0.17570E+01  0.10130E+01 -0.45135E-16
 0.17580E+01  0.10130E+01  0.25740E-15
 0.17590E+01  0.10130E+01  0.14834E-15
 0.17600E+01  0.10131E+01 -0.20732E-15
 0.17610E+01  0.10131E+01  0.61888E-16
 0.17620E+01  0.10131E+01 -0.17725E-15
 0.17630E+01  0.10132E+01  0.28387E-15
 0.17640E+01  0.10132E+01  0.19994E-15
 0.17650E+01  0.10133E+01  0.15708E-16
 0.17660E+01  0.10133E+01  0.37638E-15
 0.17670E+01  0.10134E+01 -0.19955E-15
 0.17680E+01  0.10135E+01  0.19950E-15
 0.17690E+01  0.10135E+01 -0.26741E-16
 0.17700E+01  0.10136E+01  0.12090E-15
 0.17710E+01  0.10137E+01  0.94008E-17
 0.17720E+01  0.10138E+01  0.75383E-16
 0.17730E+01  0.10139E+01  0.37767E-15
 0.17740E+01  0.10140E+01  0.86744E-16
 0.17750E+01  0.10140E+01 -0.13623E-15
 0.17760E+01  0.10141E+01 -0.15127E-15
 0.17770E+01  0.10142E+01 -0.27956E-16
 0.17780E+01  0.10143E+01  0.53966E-16
 0.17790E+01  0.10145E+01  0.14186E-15
 0.17800E+01  0.10146E+01 -0.22053E-15
 0.17810E+01  0.10147E+01  0.39197E-16
 0.17820E+01  0.10148E+01 -0.26771E-15
 0.17830E+01  0.10149E+01  0.81290E-16
 0.17840E+01  0.10150E+01 -0.91401E-16
 0.17850E+01  0.10151E+01  0.44617E-16
 0.17860E+01  0.10153E+01 -0.42805E-16
 0.17870E+01  0.10154E+01 -0.22507E-15
 0.17880E+01  0.10155E+01  0.69883E-16
 0.17890E+01  0.10156E+01 -0.66444E-16
 0.17900E+01  0.10158E+01  0.18139E-16
 0.17910E+01  0.10159E+01  0.88581E-16
 0.17920E+01  0.10160E+01 -0.53702E-17
 0.17930E+01  0.10161E+01  0.24467E-15
 0.17940E+01  0.10163E+01  0.12523E-15
 0.17950E+01  0.10164E+01 -0.17830E-15
 0.17960E+01  0.10165E+01  0.84421E-16
 0.17970E+01  0.10166E+01 -0.18334E-15
 0.17980E+01  0.10168E+01 -0.24881E-15
 0.17990E+01  0.10169E+01 -0.55577E-16
 0.18000E+01  0.10170E+01  0.61897E-15
 0.18010E+01  0.10171E+01  0.58038E-16
 0.18020E+01  0.10173E+01  0.38628E-16
 0.18030E+01  0.10174E+01 -0.42362E-16
 0.18040E+01  0.10175E+01  0.19328E-15
 0.18050E+01  0.10176E+01  0.76192E-16
 0.18060E+01  0.10177E+01  0.14280E-15
 0.18070E+01  0.10179E+01  0.18680E-15
 0.18080E+01  0.10180E+01 -0.84246E-16
 0.18090E+01  0.10181E+01 -0.68932E-16
 0.18100E+01  0.10182E+01  0.70155E-16
 0.18110E+01  0.10183E+01 -0.10008E-15
 0.18120E+01  0.10184E+01 -0.78361E-16
 0.18130E+01  0.10185E+01 -0.18887E-15
 0.18140E+01  0.10186E+01 -0.55932E-16
 0.18150E+01  0.10187E+01 -0.10721E-15
 0.18160E+01  0.10188E+01  0.15976E-15
 0.18170E+01  0.10189E+01  0.34897E-15
 0.18180E+01  0.10190E+01 -0.18395E-15
 0.18190E+01  0.10191E+01 -0.73993E-16
 0.18200E+01  0.10192E+01 -0.56118E-16
 0.18210E+01  0.10193E+01  0.22190E-16
 0.18220E+01  0.10194E+01  0.14339E-15
 0.18230E+01  0.10195E+01  0.40838E-15
 0.18240E+01  0.10196E+01 -0.68266E-16
 0.18250E+01  0.10197E+01 -0.49472E-16
 0.18260E+01  0.10197E+01 -0.16271E-15
 0.18270E+01  0.10198E+01 -0.25409E-15
 0.18280E+01  0.10199E+01 -0.94103E-16
 0.18290E+01  0.10200E+01  0.10702E-17
 0.18300E+01  0.10200E+01 -0.12342E-15
 0.18310E+01  0.10201E+01 -0.47245E-16
 0.18320E+01  0.10202E+01 -0.95691E-16
 0.18330E+01  0.10203E+01  0.10577E-15
 0.18340E+01  0.10203E+01  0.24065E-15
 0.18350E+01  0.10204E+01 -0.38297E-15
 0.18360E+01  0.10204E+01 -0.13375E-17
 0.18370E+01  0.10205E+01  0.18994E-15
 0.18380E+01  0.10206E+01  0.62323E-16
 0.18390E+01  0.10206E+01 -0.21078E-16
 0.18400E+01  0.10207E+01 -0.60376E-16
 0.18410E+01  0.10207E+01 -0.77190E-16
 0.18420E+01  0.10208E+01 -0.22525E-15
 0.18430E+01  0.10208E+01  0.85659E-16
 0.18440E+01  0.10209E+01 -0.21595E-16
 0.18450E+01  0.10209E+01  0.29781E-16
 0.18460E+01  0.10210E+01  0.95396E-16
 0.18470E+01  0.10210E+01  0.21281E-15
 0.18480E+01  0.10211E+01  0.48246E-16
 0.18490E+01  0.10211E+01 -0.38991E-16
 0.18500E+01  0.10212E+01 -0.36168E-16
 0.18510E+01  0.10212E+01 -0.24532E-17
 0.18520E+01  0.10213E+01  0.56432E-16
 0.18530E+01  0.10213E+01  0.49180E-16
 0.18540E+01  0.10213E+01  0.42627E-17
 0.18550E+01  0.10214E+01 -0.54866E-16
 0.18560E+01  0.10214E+01 -0.33003E-16
 0.18570E+01  0.10215E+01  0.17735E-15
 0.18580E+01  0.10215E+01  0.75748E-16
 0.18590E+01  0.10215E+01  0.53704E-16
 0.18600E+01  0.10216E+01 -0.13130E-15
 0.18610E+01  0.10216E+01 -0.11226E-15
 0.18620E+01  0.10216E+01  0.51454E-16
 0.18630E+01  0.10217E+01 -0.70337E-16
 0.18640E+01  0.10217E+01  0.37197E-16
 0.18650E+01  0.10217E+01 -0.39642E-16
 0.18660E+01  0.10218E+01 -0.11279E-15
 0.18670E+01  0.10218E+01  0.58643E-16
 0.18680E+01  0.10218E+01  0.15038E-16
 0.18690E+01  0.10218E+01  0.10081E-15
 0.18700E+01  0.10219E+01 -0.86482E-16
 0.18710E+01  0.10219E+01 -0.99639E-16
 0.18720E+01  0.10219E+01 -0.71927E-16
 0.18730E+01  0.10220E+01 -0.31797E-16
 0.18740E+01  0.10220E+01 -0.30331E-16
 0.18750E+01  0.10220E+01 -0.20811E-15
 0.18760E+01  0.10220E+01 -0.39996E-16
 0.18770E+01  0.10221E+01 -0.15637E-15
 0.18780E+01  0.10221E+01 -0.43685E-16
 0.18790E+01  0.10221E+01  0.14804E-15
 0.18800E+01  0.10222E+01  0.31270E-16
 0.18810E+01  0.10222E+01 -0.38644E-16
 0.18820E+01  0.10222E+01  0.22612E-17
 0.18830E+01  0.10222E+01  0.11655E-15
 0.18840E+01  0.10223E+01  0.10309E-15
 0.18850E+01  0.10223E+01 -0.61484E-16
 0.18860E+01  0.10223E+01 -0.33936E-16
 0.18870E+01  0.10223E+01  0.81168E-16
 0.18880E+01  0.10224E+01 -0.10714E-16
 0.18890E+01  0.10224E+01  0.31451E-16
 0.18900E+01  0.10224E+01  0.10307E-15
 0.18910E+01  0.10224E+01  0.82210E-17
 0.18920E+01  0.10225E+01 -0.24860E-16
 0.18930E+01  0.10225E+01 -0.90194E-16
 0.18940E+01  0.10225E+01  0.35879E-16
 0.18950E+01  0.10226E+01  0.13697E-15
 0.18960E+01  0.10226E+01  0.61815E-16
 0.18970E+01  0.10226E+01  0.28251E-16
 0.18980E+01  0.10226E+01  0.98817E-16
 0.18990E+01  0.10227E+01 -0.93067E-16
 0.19000E+01  0.10227E+01 -0.46396E-16
 0.19010E+01  0.10227E+01 -0.63440E-16
 0.19020E+01  0.10227E+01  0.59695E-16
 0.19030E+01  0.10228E+01 -0.14977E-16
 0.19040E+01  0.10228E+01 -0.67090E-17
 0.19050E+01  0.10228E+01 -0.76039E-16
 0.19060E+01  0.10229E+01 -0.40016E-17
 0.19070E+01  0.10229E+01  0.29921E-16
 0.19080E+01  0.10229E+01  0.14375E-16
 0.19090E+01  0.10229E+01 -0.54609E-16
 0.19100E+01  0.10230E+01 -0.40804E-16
 0.19110E+01  0.10230E+01  0.39825E-16
 0.19120E+01  0.10230E+01  0.64470E-16
 0.19130E+01  0.10231E+01 -0.96375E-16
 0.19140E+01  0.10231E+01  0.39200E-16
 0.19150E+01  0.10231E+01 -0.12961E-15
 0.19160E+01  0.10232E+01  0.15773E-16
 0.19170E+01  0.10232E+01 -0.55952E-16
 0.19180E+01  0.10232E+01  0.11923E-15
 0.19190E+01  0.10232E+01 -0.19661E-16
 0.19200E+01  0.10233E+01  0.43061E-16
 0.19210E+01  0.10233E+01  0.56555E-16
 0.19220E+01  0.10233E+01  0.18585E-16
 0.19230E+01  0.10234E+01  0.13323E-15
 0.19240E+01  0.10234E+01  0.10404E-15
 0.19250E+01  0.10234E+01 -0.48380E-16
 0.19260E+01  0.10234E+01 -0.26188E-16
 0.19270E+01  0.10235E+01 -0.32101E-16
 0.19280E+01  0.10235E+01 -0.20140E-16
 0.19290E+01  0.10235E+01  0.13174E-15
 0.19300E+01  0.10236E+01 -0.15476E-16
 0.19310E+01  0.10236E+01  0.49695E-16
 0.19320E+01  0.10236E+01  0.74774E-16
 0.19330E+01  0.10236E+01 -0.69148E-16
 0.19340E+01  0.10237E+01 -0.52515E-18
 0.19350E+01  0.10237E+01  0.12284E-15
 0.19360E+01  0.10237E+01  0.16697E-16
 0.19370E+01  0.10238E+01  0.53690E-16
 0.19380E+01  0.10238E+01 -0.20258E-16
 0.19390E+01  0.10238E+01 -0.11138E-15
 0.19400E+01  0.10238E+01 -0.41410E-16
 0.19410E+01  0.10239E+01 -0.77760E-16
 0.19420E+01  0.10239E+01 -0.10142E-15
 0.19430E+01  0.10239E+01 -0.82270E-16
 0.19440E+01  0.10239E+01 -0.50266E-16
 0.19450E+01  0.10240E+01  0.21381E-16
 0.19460E+01  0.10240E+01  0.32118E-16
 0.19470E+01  0.10240E+01 -0.70830E-17
 0.19480E+01  0.10240E+01 -0.70371E-16
 0.19490E+01  0.10241E+01  0.25828E-16
 0.19500E+01  0.10241E+01 -0.41872E-16
 0.19510E+01  0.10241E+01  0.69913E-16
 0.19520E+01  0.10241E+01 -0.47746E-17
 0.19530E+01  0.10242E+01 -0.51058E-16
 0.19540E+01  0.10242E+01  0.47643E-16
 0.19550E+01  0.10242E+01 -0.62639E-16
 0.19560E+01  0.10242E+01 -0.48676E-16
 0.19570E+01  0.10243E+01  0.95454E-16
 0.19580E+01  0.10243E+01 -0.69262E-16
 0.19590E+01  0.10243E+01 -0.71959E-16
 0.19600E+01  0.10243E+01 -0.17781E-16
 0.19610E+01  0.10243E+01 -0.21607E-16
 0.19620E+01  0.10244E+01  0.42594E-16
 0.19630E+01  0.10244E+01 -0.10550E-17
 0.19640E+01  0.10244E+01 -0.30252E-16
 0.19650E+01  0.10244E+01  0.45361E-16
 0.19660E+01  0.10244E+01  0.42728E-17
 0.19670E+01  0.10245E+01  0.21896E-16
 0.19680E+01  0.10245E+01 -0.50711E-16
 0.19690E+01  0.10245E+01  0.10056E-15
 0.19700E+01  0.10245E+01 -0.35622E-16
 0.19710E+01  0.10245E+01  0.10941E-15
 0.19720E+01  0.10245E+01  0.24672E-16
 0.19730E+01  0.10246E+01  0.21873E-16
 0.19740E+01  0.10246E+01  0.11200E-16
 0.19750E+01  0.10246E+01  0.31018E-17
 0.19760E+01  0.10246E+01  0.51098E-17
 0.19770E+01  0.10246E+01 -0.37803E-16
 0.19780E+01  0.10246E+01 -0.24430E-16
 0.19790E+01  0.10246E+01  0.83885E-17
 0.19800E+01  0.10247E+01  0.46268E-16
 0.19810E+01  0.10247E+01 -0.77169E-16
 0.19820E+01  0.10247E+01  0.70820E-16
 0.19830E+01  0.10247E+01  0.48825E-17
 0.19840E+01  0.10247E+01  0.57540E-17
 0.19850E+01  0.10247E+01 -0.34804E-16
 0.19860E+01  0.10247E+01  0.14296E-16
 0.19870E+01  0.10247E+01  0.52267E-17
 0.19880E+01  0.10247E+01  0.53367E-16
 0.19890E+01  0.10248E+01  0.14428E-16
 0.19900E+01  0.10248E+01 -0.34283E-16
 0.19910E+01  0.10248E+01 -0.17191E-16
 0.19920E+01  0.10248E+01  0.26604E-17
 0.19930E+01  0.10248E+01 -0.46201E-16
 0.19940E+01  0.10248E+01  0.54980E-16
 0.19950E+01  0.10248E+01  0.60443E-17
 0.19960E+01  0.10248E+01 -0.14206E-16
 0.19970E+01  0.10248E+01  0.12854E-16
 0.19980E+01  0.10248E+01 -0.66732E-16
 0.19990E+01  0.10248E+01 -0.35346E-16
 0.20000E+01  0.10248E+01 -0.76449E-16
 0.20010E+01  0.10248E+01  0.34866E-16
 0.20020E+01  0.10249E+01  0.93223E-17
 0.20030E+01  0.10249E+01  0.63030E-16
 0.20040E+01  0.10249E+01  0.23549E-16
 0.20050E+01  0.10249E+01  0.32625E-16
 0.20060E+01  0.10249E+01  0.40701E-18
 0.20070E+01  0.10249E+01 -0.10031E-16
 0.20080E+01  0.10249E+01 -0.36309E-16
 0.20090E+01  0.10249E+01  0.16915E-16
 0.20100E+01  0.10249E+01  0.13059E-16
 0.20110E+01  0.10249E+01  0.40704E-16
 0.20120E+01  0.10249E+01 -0.59141E-17
 0.20130E+01  0.10249E+01 -0.39679E-16
 0.20140E+01  0.10249E+01 -0.43879E-17
 0.20150E+01  0.10249E+01 -0.14871E-16
 0.20160E+01  0.10249E+01 -0.25159E-16
 0.20170E+01  0.10249E+01  0.31659E-16
 0.20180E+01  0.10249E+01 -0.71570E-17
 0.20190E+01  0.10249E+01 -0.49612E-16
 0.20200E+01  0.10250E+01 -0.12494E-16
 0.20210E+01  0.10250E+01 -0.30948E-16
 0.20220E+01  0.10250E+01 -0.14579E-16
 0.20230E+01  0.10250E+01 -0.64219E-16
 0.20240E+01  0.10250E+01  0.41121E-16
 0.20250E+01  0.10250E+01 -0.44570E-16
 0.20260E+01  0.10250E+01  0.10282E-17
 0.20270E+01  0.10250E+01  0.71473E-16
 0.20280E+01  0.10250E+01  0.64121E-17
 0.20290E+01  0.10250E+01  0.72208E-17
 0.20300E+01  0.10250E+01 -0.14653E-16
 0.20310E+01  0.10250E+01  0.55037E-17
 0.20320E+01  0.10250E+01  0.49815E-16
 0.20330E+01  0.10250E+01  0.45828E-16
 0.20340E+01  0.10250E+01 -0.91944E-17
 0.20350E+01  0.10250E+01  0.21397E-16
 0.20360E+01  0.10250E+01 -0.28970E-17
 0.20370E+01  0.10250E+01  0.41400E-16
 0.20380E+01  0.10250E+01 -0.55098E-16
 0.20390E+01  0.10250E+01 -0.17050E-17
 0.20400E+01  0.10250E+01 -0.74134E-17
 0.20410E+01  0.10250E+01 -0.31876E-17
 0.20420E+01  0.10251E+01  0.10566E-16
 0.20430E+01  0.10251E+01  0.57647E-17
 0.20440E+01  0.10251E+01  0.10179E-16
 0.20450E+01  0.10251E+01 -0.31921E-16
 0.20460E+01  0.10251E+01 -0.23254E-16
 0.20470E+01  0.10251E+01 -0.19334E-16
 0.20480E+01  0.10251E+01  0.35448E-16
 0.20490E+01  0.10251E+01  0.16297E-16
 0.20500E+01  0.10251E+01 -0.34936E-16
 0.20510E+01  0.10251E+01 -0.21079E-16
 0.20520E+01  0.10251E+01  0.27342E-17
 0.20530E+01  0.10251E+01 -0.50067E-17
 0.20540E+01  0.10251E+01  0.11371E-16
 0.20550E+01  0.10251E+01  0.52112E-16
 0.20560E+01  0.10251E+01  0.20246E-16
 0.20570E+01  0.10251E+01 -0.14647E-16
 0.20580E+01  0.10251E+01 -0.10746E-16
 0.20590E+01  0.10251E+01  0.44251E-17
 0.20600E+01  0.10251E+01  0.30987E-16
 0.20610E+01  0.10251E+01  0.41395E-16
 0.20620E+01  0.10251E+01 -0.19708E-16
 0.20630E+01  0.10251E+01  0.48409E-18
 0.20640E+01  0.10251E+01  0.49609E-17
 0.20650E+01  0.10251E+01  0.21647E-16
 0.20660E+01  0.10251E+01 -0.18683E-16
 0.20670E+01  0.10251E+01 -0.49739E-17
 0.20680E+01  0.10251E+01 -0.34140E-16
 0.20690E+01  0.10251E+01 -0.22935E-16
 0.20700E+01  0.10251E+01  0.14966E-16
 0.20710E+01  0.10251E+01 -0.36295E-17
 0.20720E+01  0.10251E+01 -0.37081E-16
 0.20730E+01  0.10251E+01 -0.15823E-16
 0.20740E+01  0.10251E+01 -0.91513E-17
 0.20750E+01  0.10251E+01 -0.17085E-16
 0.20760E+01  0.10251E+01  0.29838E-16
 0.20770E+01  0.10251E+01 -0.48678E-16
 0.20780E+01  0.10250E+01  0.24957E-16
 0.20790E+01  0.10250E+01 -0.12888E-16
 0.20800E+01  0.10250E+01 -0.23422E-16
 0.20810E+01  0.10250E+01 -0.20435E-16
 0.20820E+01  0.10250E+01 -0.17777E-16
 0.20830E+01  0.10250E+01 -0.15911E-17
 0.20840E+01  0.10250E+01  0.28265E-16
 0.20850E+01  0.10250E+01 -0.11538E-16
 0.20860E+01  0.10250E+01  0.39194E-17
 0.20870E+01  0.10250E+01 -0.85297E-17
 0.20880E+01  0.10250E+01  0.20467E-16
 0.20890E+01  0.10250E+01 -0.62192E-17
 0.20900E+01  0.10250E+01 -0.19144E-16
 0.20910E+01  0.10250E+01 -0.44407E-17
 0.20920E+01  0.10249E+01  0.37905E-16
 0.20930E+01  0.10249E+01 -0.31171E-17
 0.20940E+01  0.10249E+01  0.11302E-16
 0.20950E+01  0.10249E+01 -0.21119E-17
 0.20960E+01  0.10249E+01 -0.15601E-16
 0.20970E+01  0.10249E+01  0.12493E-16
 0.20980E+01  0.10249E+01 -0.14964E-16
 0.20990E+01  0.10249E+01  0.26911E-16
 0.21000E+01  0.10248E+01 -0.63889E-18
 0.21010E+01  0.10248E+01  0.27286E-16
 0.21020E+01  0.10248E+01 -0.31820E-18
 0.21030E+01  0.10248E+01  0.27535E-16
 0.21040E+01  0.10248E+01  0.41519E-16
 0.21050E+01  0.10248E+01  0.13855E-16
 0.21060E+01  0.10248E+01  0.13910E-16
 0.21070E+01  0.10247E+01 -0.27668E-16
 0.21080E+01  0.10247E+01  0.12583E-18
 0.21090E+01  0.10247E+01  0.27909E-16
 0.21100E+01  0.10247E+01  0.14065E-16
 0.21110E+01  0.10247E+01  0.18905E-18
 0.21120E+01  0.10247E+01  0.20436E-18
 0.21130E+01  0.10246E+01 -0.13658E-16
 0.21140E+01  0.10246E+01 -0.27545E-16
 0.21150E+01  0.10246E+01  0.14093E-16
 0.21160E+01  0.10246E+01  0.55724E-16
 0.21170E+01  0.10246E+01  0.18620E-18
 0.21180E+01  0.10246E+01  0.14076E-16
 0.21190E+01  0.10245E+01  0.18704E-18
 0.21200E+01  0.10245E+01 -0.55325E-16
 0.21210E+01  0.10245E+01  0.14056E-16
 0.21220E+01  0.10245E+01  0.14039E-16
 0.21230E+01  0.10245E+01  0.15061E-18
 0.21240E+01  0.10244E+01  0.14025E-18
 0.21250E+01  0.10244E+01 -0.41503E-16
 0.21260E+01  0.10244E+01 -0.27642E-16
 0.21270E+01  0.10244E+01 -0.27649E-16
 0.21280E+01  0.10243E+01 -0.13771E-16
 0.21290E+01  0.10243E+01  0.13958E-16
 0.21300E+01  0.10243E+01  0.80697E-19
 0.21310E+01  0.10243E+01  0.64331E-19
 0.21320E+01  0.10243E+01 -0.13806E-16
 0.21330E+01  0.10242E+01  0.65685E-19
 0.21340E+01  0.10242E+01 -0.41587E-16
 0.21350E+01  0.10242E+01 -0.55471E-16
 0.21360E+01  0.10242E+01  0.27817E-16
 0.21370E+01  0.10242E+01 -0.27707E-16
 0.21380E+01  0.10241E+01  0.42823E-19
 0.21390E+01  0.10241E+01  0.30218E-19
 0.21400E+01  0.10241E+01  0.24410E-19
 0.21410E+01  0.10241E+01 -0.41622E-16
 0.21420E+01  0.10240E+01  0.26395E-19
 0.21430E+01  0.10240E+01 -0.13830E-16
 0.21440E+01  0.10240E+01  0.27784E-16
 0.21450E+01  0.10240E+01 -0.13835E-16
 0.21460E+01  0.10239E+01 -0.13834E-16
 0.21470E+01  0.10239E+01  0.13882E-16
 0.21480E+01  0.10239E+01  0.32475E-19
 0.21490E+01  0.10239E+01  0.13898E-16
 0.21500E+01  0.10239E+01  0.13905E-16
 0.21510E+01  0.10238E+01  0.27764E-16
 0.21520E+01  0.10238E+01  0.13874E-16
 0.21530E+01  0.10238E+01  0.35124E-20
 0.21540E+01  0.10238E+01 -0.13853E-16
 0.21550E+01  0.10237E+01 -0.13852E-16
 0.21560E+01  0.10237E+01  0.19858E-19
 0.21570E+01  0.10237E+01 -0.27762E-16
 0.21580E+01  0.10237E+01 -0.13856E-16
 0.21590E+01  0.10237E+01  0.13900E-16
 0.21600E+01  0.10236E+01 -0.13854E-16
 0.21610E+01  0.10236E+01  0.13888E-16
 0.21620E+01  0.10236E+01  0.31753E-19
 0.21630E+01  0.10236E+01  0.69511E-17
 0.21640E+01  0.10236E+01 -0.69327E-17
 0.21650E+01  0.10235E+01  0.69458E-17
 0.21660E+01  0.10235E+01 -0.69312E-17
 0.21670E+01  0.10235E+01 -0.13924E-16
 0.21680E+01  0.10235E+01  0.27724E-16
 0.21690E+01  0.10234E+01  0.69215E-17
 0.21700E+01  0.10234E+01  0.20827E-16
 0.21710E+01  0.10234E+01 -0.16079E-19
 0.21720E+01  0.10234E+01  0.69234E-17
 0.21730E+01  0.10234E+01 -0.69267E-17
 0.21740E+01  0.10233E+01  0.69517E-17
 0.21750E+01  0.10233E+01 -0.69255E-17
 0.21760E+01  0.10233E+01  0.69528E-17
 0.21770E+01  0.10233E+01  0.27770E-16
 0.21780E+01  0.10233E+01 -0.69646E-17
 0.21790E+01  0.10233E+01 -0.41618E-16
 0.21800E+01  0.10232E+01  0.69412E-17
 0.21810E+01  0.10232E+01  0.27772E-16
 0.21820E+01  0.10232E+01  0.69557E-17
 0.21830E+01  0.10232E+01 -0.34704E-16
 0.21840E+01  0.10232E+01  0.27760E-16
 0.21850E+01  0.10231E+01  0.34685E-16
 0.21860E+01  0.10231E+01 -0.13859E-16
 0.21870E+01  0.10231E+01  0.41639E-16
 0.21880E+01  0.10231E+01  0.69309E-17
 0.21890E+01  0.10231E+01  0.58860E-20
 0.21900E+01  0.10231E+01 -0.20893E-19
 0.21910E+01  0.10230E+01 -0.27749E-16
 0.21920E+01  0.10230E+01 -0.67243E-20
 0.21930E+01  0.10230E+01  0.41640E-16
 0.21940E+01  0.10230E+01  0.13885E-16
 0.21950E+01  0.10230E+01 -0.27761E-16
 0.21960E+01  0.10230E+01  0.35029E-19
 0.21970E+01  0.10230E+01  0.13872E-16
 0.21980E+01  0.10229E+01 -0.20835E-16
 0.21990E+01  0.10229E+01 -0.69167E-17
 0.22000E+01  0.10229E+01  0.69342E-17
 0.22010E+01  0.10229E+01  0.90654E-20
 0.22020E+01  0.10229E+01 -0.34699E-16
 0.22030E+01  0.10229E+01  0.13901E-16
 0.22040E+01  0.10229E+01  0.69485E-17
 0.22050E+01  0.10229E+01  0.20827E-16
 0.22060E+01  0.10228E+01  0.20827E-16
 0.22070E+01  0.10228E+01  0.27739E-16
 0.22080E+01  0.10228E+01 -0.69286E-17
 0.22090E+01  0.10228E+01 -0.13867E-16
 0.22100E+01  0.10228E+01 -0.27759E-16
 0.22110E+01  0.10228E+01  0.13889E-16
 0.22120E+01  0.10228E+01 -0.13880E-16
 0.22130E+01  0.10228E+01  0.20841E-16
 0.22140E+01  0.10228E+01  0.69500E-17
 0.22150E+01  0.10228E+01 -0.34683E-16
 0.22160E+01  0.10228E+01  0.13862E-16
 0.22170E+01  0.10228E+01  0.13889E-16
 0.22180E+01  0.10227E+01  0.69369E-17
 0.22190E+01  0.10227E+01  0.20815E-16
 0.22200E+01  0.10227E+01 -0.18210E-20
 0.22210E+01  0.10227E+01 -0.69406E-17
 0.22220E+01  0.10227E+01 -0.28756E-19
 0.22230E+01  0.10227E+01  0.13863E-16
 0.22240E+01  0.10227E+01  0.69238E-17
 0.22250E+01  0.10227E+01  0.69510E-17
 0.22260E+01  0.10227E+01  0.13876E-16
 0.22270E+01  0.10227E+01 -0.20818E-16
 0.22280E+01  0.10227E+01 -0.34842E-17
 0.22290E+01  0.10227E+01 -0.28270E-19
 0.22300E+01  0.10227E+01 -0.13879E-16
 0.22310E+01  0.10227E+01  0.69243E-17
 0.22320E+01  0.10227E+01 -0.69263E-17
 0.22330E+01  0.10227E+01 -0.10409E-16
 0.22340E+01  0.10227E+01 -0.13879E-16
 0.22350E+01  0.10227E+01 -0.34974E-17
 0.22360E+01  0.10227E+01  0.34822E-17
 0.22370E+01  0.10227E+01  0.13891E-16
 0.22380E+01  0.10227E+01  0.10435E-16
 0.22390E+01  0.10227E+01 -0.34701E-17
 0.22400E+01  0.10227E+01  0.17333E-16
 0.22410E+01  0.10227E+01  0.69450E-17
 0.22420E+01  0.10227E+01  0.10428E-16
 0.22430E+01  0.10227E+01 -0.69462E-17
 0.22440E+01  0.10227E+01 -0.34497E-17
 0.22450E+01  0.10227E+01 -0.10409E-16
 0.22460E+01  0.10227E+01  0.69384E-17
 0.22470E+01  0.10227E+01 -0.10409E-16
 0.22480E+01  0.10227E+01  0.69385E-17
 0.22490E+01  0.10227E+01 -0.24300E-16
 0.22500E+01  0.10227E+01 -0.12157E-16
 0.22510E+01  0.10227E+01 -0.17351E-17
 0.22520E+01  0.10227E+01 -0.17351E-17
 0.22530E+01  0.10227E+01  0.52174E-17
 0.22540E+01  0.10227E+01 -0.34698E-17
 0.22550E+01  0.10227E+01  0.17347E-16
 0.22560E+01  0.10227E+01 -0.17282E-17
 0.22570E+01  0.10227E+01  0.34692E-17
 0.22580E+01  0.10227E+01  0.10408E-16
 0.22590E+01  0.10227E+01 -0.17354E-16
 0.22600E+01  0.10227E+01 -0.17350E-17
 0.22610E+01  0.10227E+01 -0.86671E-17
 0.22620E+01  0.10227E+01  0.17142E-17
 0.22630E+01  0.10227E+01  0.17413E-17
 0.22640E+01  0.10227E+01 -0.18532E-21
 0.22650E+01  0.10227E+01  0.69455E-17
 0.22660E+01  0.10227E+01  0.17367E-16
 0.22670E+01  0.10227E+01  0.51769E-17
 0.22680E+01  0.10228E+01  0.34490E-17
 0.22690E+01  0.10228E+01 -0.19082E-16
 0.22700E+01  0.10228E+01 -0.69323E-17
 0.22710E+01  0.10228E+01  0.66501E-20
 0.22720E+01  0.10228E+01 -0.52178E-17
 0.22730E+01  0.10228E+01  0.34761E-17
 0.22740E+01  0.10228E+01 -0.86669E-17
 0.22750E+01  0.10228E+01 -0.17348E-17
 0.22760E+01  0.10228E+01 -0.10388E-16
 0.22770E+01  0.10228E+01  0.10395E-16
 0.22780E+01  0.10228E+01 -0.34899E-17
 0.22790E+01  0.10228E+01  0.34694E-17
 0.22800E+01  0.10227E+01 -0.12997E-16
 0.22810E+01  0.10227E+01 -0.60784E-17
 0.22820E+01  0.10227E+01  0.25952E-17
 0.22830E+01  0.10227E+01  0.95375E-17
 0.22840E+01  0.10227E+01  0.10104E-19
 0.22850E+01  0.10227E+01 -0.60750E-17
 0.22860E+01  0.10227E+01  0.52109E-17
 0.22870E+01  0.10227E+01  0.95308E-17
 0.22880E+01  0.10227E+01  0.10405E-16
 0.22890E+01  0.10227E+01  0.34626E-17
 0.22900E+01  0.10227E+01  0.86634E-17
 0.22910E+01  0.10227E+01  0.17415E-17
 0.22920E+01  0.10227E+01 -0.95309E-17
 0.22930E+01  0.10227E+01 -0.60648E-17
 0.22940E+01  0.10227E+01 -0.43402E-17
 0.22950E+01  0.10227E+01 -0.86669E-17
 0.22960E+01  0.10227E+01  0.34830E-17
 0.22970E+01  0.10227E+01 -0.52076E-17
 0.22980E+01  0.10227E+01  0.43317E-17
 0.22990E+01  0.10227E+01  0.26054E-17
 0.23000E+01  0.10227E+01 -0.26106E-17
 0.23010E+01  0.10227E+01 -0.87416E-18
 0.23020E+01  0.10227E+01  0.34677E-17
 0.23030E+01  0.10227E+01  0.52101E-17
 0.23040E+01  0.10226E+01 -0.69440E-17
 0.23050E+01  0.10226E+01 -0.52059E-17
 0.23060E+01  0.10226E+01 -0.17458E-17
 0.23070E+01  0.10226E+01 -0.17508E-17
 0.23080E+01  0.10226E+01 -0.25979E-17
 0.23090E+01  0.10226E+01 -0.85848E-18
 0.23100E+01  0.10226E+01 -0.12931E-19
 0.23110E+01  0.10226E+01  0.69238E-17
 0.23120E+01  0.10226E+01  0.43410E-17
 0.23130E+01  0.10226E+01 -0.17411E-17
 0.23140E+01  0.10226E+01 -0.17233E-17
 0.23150E+01  0.10226E+01  0.34364E-17
 0.23160E+01  0.10225E+01  0.17288E-17
 0.23170E+01  0.10225E+01  0.26173E-17
 0.23180E+01  0.10225E+01 -0.10173E-19
 0.23190E+01  0.10225E+01  0.26021E-17
 0.23200E+01  0.10225E+01 -0.17313E-17
 0.23210E+01  0.10225E+01  0.86227E-18
 0.23220E+01  0.10225E+01  0.17381E-17
 0.23230E+01  0.10225E+01 -0.69609E-17
 0.23240E+01  0.10225E+01  0.11262E-16
 0.23250E+01  0.10225E+01 -0.95478E-17
 0.23260E+01  0.10224E+01  0.17483E-17
 0.23270E+01  0.10224E+01  0.26156E-17
 0.23280E+01  0.10224E+01 -0.17280E-17
 0.23290E+01  0.10224E+01  0.88091E-18
 0.23300E+01  0.10224E+01  0.78063E-17
 0.23310E+01  0.10224E+01  0.85381E-18
 0.23320E+01  0.10224E+01 -0.35826E-23
 0.23330E+01  0.10224E+01 -0.22551E-16
 0.23340E+01  0.10223E+01  0.26089E-17
 0.23350E+01  0.10223E+01 -0.10402E-16
 0.23360E+01  0.10223E+01  0.26055E-17
 0.23370E+01  0.10223E+01  0.17483E-17
 0.23380E+01  0.10223E+01 -0.34830E-17
 0.23390E+01  0.10223E+01 -0.23264E-23
 0.23400E+01  0.10223E+01  0.17449E-17
 0.23410E+01  0.10223E+01 -0.17313E-17
 0.23420E+01  0.10222E+01  0.86668E-17
 0.23430E+01  0.10222E+01 -0.34762E-17
 0.23440E+01  0.10222E+01 -0.52042E-17
 0.23450E+01  0.10222E+01 -0.15613E-16
 0.23460E+01  0.10222E+01 -0.34559E-17
 0.23470E+01  0.10222E+01 -0.17279E-17
 0.23480E+01  0.10222E+01 -0.12143E-16
 0.23490E+01  0.10222E+01 -0.86872E-17
 0.23500E+01  0.10221E+01 -0.12143E-16
 0.23510E+01  0.10221E+01 -0.15619E-16
 0.23520E+01  0.10221E+01 -0.13885E-16
 0.23530E+01  0.10221E+01  0.69321E-17
 0.23540E+01  0.10221E+01 -0.69389E-17
 0.23550E+01  0.10221E+01  0.69457E-17
 0.23560E+01  0.10221E+01 -0.34694E-17
 0.23570E+01  0.10220E+01  0.13552E-19
 0.23580E+01  0.10220E+01  0.86601E-17
 0.23590E+01  0.10220E+01 -0.69389E-17
 0.23600E+01  0.10220E+01  0.17354E-16
 0.23610E+01  0.10220E+01 -0.13857E-16
 0.23620E+01  0.10220E+01  0.17483E-17
 0.23630E+01  0.10220E+01 -0.20329E-19
 0.23640E+01  0.10219E+01 -0.12150E-16
 0.23650E+01  0.10219E+01  0.12143E-16
 0.23660E+01  0.10219E+01  0.12130E-16
 0.23670E+01  0.10219E+01  0.10408E-16
 0.23680E+01  0.10219E+01 -0.10422E-16
 0.23690E+01  0.10219E+01 -0.34762E-17
 0.23700E+01  0.10219E+01 -0.20837E-16
 0.23710E+01  0.10218E+01 -0.15619E-16
 0.23720E+01  0.10218E+01 -0.12157E-16
 0.23730E+01  0.10218E+01  0.10442E-16
 0.23740E+01  0.10218E+01 -0.13885E-16
 0.23750E+01  0.10218E+01 -0.19082E-16
 0.23760E+01  0.10218E+01  0.51838E-17
 0.23770E+01  0.10217E+01  0.24293E-16
 0.23780E+01  0.10217E+01 -0.17340E-16
 0.23790E+01  0.10217E+01 -0.29497E-16
 0.23800E+01  0.10217E+01 -0.86872E-17
 0.23810E+01  0.10217E+01 -0.15606E-16
 0.23820E+01  0.10217E+01 -0.26021E-16
 0.23830E+01  0.10217E+01  0.10395E-16
 0.23840E+01  0.10217E+01  0.12170E-16
 0.23850E+01  0.10216E+01  0.86601E-17
 0.23860E+01  0.10216E+01 -0.24313E-16
 0.23870E+01  0.10216E+01 -0.13864E-16
 0.23880E+01  0.10216E+01 -0.13878E-16
 0.23890E+01  0.10216E+01 -0.15626E-16
 0.23900E+01  0.10216E+01  0.29490E-16
 0.23910E+01  0.10216E+01  0.10422E-16
 0.23920E+01  0.10215E+01 -0.12157E-16
 0.23930E+01  0.10215E+01  0.19096E-16
 0.23940E+01  0.10215E+01 -0.10395E-16
 0.23950E+01  0.10215E+01 -0.24273E-16
 0.23960E+01  0.10215E+01 -0.34694E-17
 0.23970E+01  0.10215E+01  0.86736E-17
 0.23980E+01  0.10215E+01  0.20803E-16
 0.23990E+01  0.10215E+01 -0.27756E-16
 0.24000E+01  0.10214E+01 -0.13553E-19
 0.24010E+01  0.10214E+01  0.29490E-16
 0.24020E+01  0.10214E+01  0.86601E-17
 0.24030E+01  0.10214E+01 -0.19082E-16
 0.24040E+01  0.10214E+01 -0.52042E-17
 0.24050E+01  0.10214E+01  0.10408E-16
 0.24060E+01  0.10214E+01  0.10395E-16
 0.24070E+01  0.10214E+01  0.13878E-16
 0.24080E+01  0.10214E+01  0.12143E-16
 0.24090E+01  0.10213E+01  0.10395E-16
 0.24100E+01  0.10213E+01 -0.34694E-17
 0.24110E+01  0.10213E+01 -0.69389E-17
 0.24120E+01  0.10213E+01 -0.17347E-17
 0.24130E+01  0.10213E+01  0.15599E-16
 0.24140E+01  0.10213E+01 -0.69118E-17
 0.24150E+01  0.10213E+01 -0.17347E-17
 0.24160E+01  0.10213E+01  0.15613E-16
 0.24170E+01  0.10213E+01 -0.17483E-17
 0.24180E+01  0.10213E+01  0.34694E-17
 0.24190E+01  0.10213E+01 -0.10408E-16
 0.24200E+01  0.10212E+01  0.13878E-16
 0.24210E+01  0.10212E+01 -0.13864E-16
 0.24220E+01  0.10212E+01  0.52177E-17
 0.24230E+01  0.10212E+01 -0.86736E-17
 0.24240E+01  0.10212E+01  0.10395E-16
 0.24250E+01  0.10212E+01  0.17212E-17
 0.24260E+01  0.10212E+01  0.52042E-17
 0.24270E+01  0.10212E+01  0.27105E-19
 0.24280E+01  0.10212E+01  0.34694E-16
 0.24290E+01  0.10212E+01 -0.64623E-26
 0.24300E+01  0.10212E+01 -0.17334E-16
 0.24310E+01  0.10212E+01  0.17212E-17
 0.24320E+01  0.10212E+01 -0.69253E-17
 0.24330E+01  0.10212E+01  0.34694E-17
 0.24340E+01  0.10211E+01 -0.10408E-16
 0.24350E+01  0.10211E+01 -0.10408E-16
 0.24360E+01  0.10211E+01 -0.17483E-17
 0.24370E+01  0.10211E+01 -0.60986E-17
 0.24380E+01  0.10211E+01  0.19096E-16
 0.24390E+01  0.10211E+01 -0.60580E-17
 0.24400E+01  0.10211E+01  0.19096E-16
 0.24410E+01  0.10211E+01 -0.43233E-17
 0.24420E+01  0.10211E+01  0.52042E-17
 0.24430E+01  0.10211E+01  0.17347E-16
 0.24440E+01  0.10211E+01 -0.10395E-16
 0.24450E+01  0.10211E+01 -0.19936E-16
 0.24460E+01  0.10211E+01 -0.12157E-16
 0.24470E+01  0.10211E+01 -0.86736E-18
 0.24480E+01  0.10211E+01 -0.60851E-17
 0.24490E+01  0.10211E+01  0.86736E-18
 0.24500E+01  0.10211E+01 -0.15599E-16
 0.24510E+01  0.10210E+01  0.23880E-16
 0.24520E+01  0.10210E+01 -0.20369E-16
 0.24530E+01  0.10210E+01 -0.29477E-16
 0.24540E+01  0.10210E+01 -0.53776E-16
 0.24550E+01  0.10210E+01 -0.64917E-17
 0.24560E+01  0.10210E+01 -0.97714E-17
 0.24570E+01  0.10210E+01 -0.75894E-17
 0.24580E+01  0.10210E+01 -0.12346E-16
 0.24590E+01  0.10210E+01 -0.14108E-16
 0.24600E+01  0.10210E+01 -0.36321E-16
 0.24610E+01  0.10210E+01 -0.98933E-18
 0.24620E+01  0.10210E+01  0.44994E-17
 0.24630E+01  0.10210E+01  0.41213E-16
 0.24640E+01  0.10210E+01 -0.21901E-16
 0.24650E+01  0.10210E+01  0.15843E-16
 0.24660E+01  0.10210E+01 -0.86736E-17
 0.24670E+01  0.10210E+01 -0.16033E-16
 0.24680E+01  0.10209E+01 -0.29490E-16
 0.24690E+01  0.10209E+01 -0.26021E-17
 0.24700E+01  0.10209E+01 -0.47976E-17
 0.24710E+01  0.10209E+01 -0.52042E-17
 0.24720E+01  0.10209E+01  0.95410E-17
 0.24730E+01  0.10209E+01 -0.14732E-16
 0.24740E+01  0.10209E+01  0.20830E-16
 0.24750E+01  0.10209E+01  0.78063E-17
 0.24760E+01  0.10209E+01  0.12157E-16
 0.24770E+01  0.10209E+01  0.10422E-16
 0.24780E+01  0.10209E+01  0.26021E-17
 0.24790E+01  0.10209E+01 -0.19963E-16
 0.24800E+01  0.10209E+01 -0.14745E-16
 0.24810E+01  0.10209E+01  0.17347E-17
 0.24820E+01  0.10209E+01  0.00000E+00
 0.24830E+01  0.10208E+01  0.34559E-17
 0.24840E+01  0.10208E+01  0.52177E-17
 0.24850E+01  0.10208E+01  0.22551E-16
 0.24860E+01  0.10208E+01 -0.12143E-16
 0.24870E+01  0.10208E+01  0.13553E-19
 0.24880E+01  0.10208E+01 -0.22551E-16
 0.24890E+01  0.10208E+01  0.13891E-16
 0.24900E+01  0.10208E+01 -0.86736E-17
 0.24910E+01  0.10208E+01  0.13553E-19
 0.24920E+01  0.10208E+01 -0.13891E-16
 0.24930E+01  0.10208E+01 -0.86736E-17
 0.24940E+01  0.10208E+01  0.34627E-17
 0.24950E+01  0.10208E+01  0.86736E-17
 0.24960E+01  0.10208E+01  0.12136E-16
 0.24970E+01  0.10207E+01 -0.52042E-17
 0.24980E+01  0.10207E+01 -0.69457E-17
 0.24990E+01  0.10207E+01 -0.69253E-17
 0.25000E+01  0.10207E+01  0.17340E-16
