 0.2215371E+01  0.8939430E-03  0.5537011E-02
 0.1906962E+01 -0.3631527E-01  0.1260472E-01
 0.1674041E+01 -0.8848367E-02  0.2184973E+00
 0.1502905E+01  0.6839633E+00  0.2622701E+01
 0.1384310E+01 -0.2165342E+01  0.1774976E+02
 0.1314616E+01 -0.3684973E+02  0.2425993E+02
 0.1295956E+01 -0.3954041E+01 -0.3182565E+02
 0.1334970E+01  0.3198795E+02 -0.9053358E+01
 0.1439698E+01  0.7985591E+01 -0.1436615E+00
 0.1615146E+01  0.9512058E+00 -0.5190291E-01
 0.1859716E+01  0.1065675E+00 -0.6091309E-01
 0.2164827E+01 -0.8923580E-02 -0.2956216E-01
