 0.2000000E+00  0.1400000E+01
 0.4000000E+00  0.1400002E+01
 0.6000000E+00  0.1400004E+01
 0.8000000E+00  0.1400008E+01
 0.1000000E+01  0.1400012E+01
 0.1200000E+01  0.1400018E+01
 0.1400000E+01  0.1400024E+01
 0.1600000E+01  0.1400031E+01
 0.1800000E+01  0.1400040E+01
 0.2000000E+01  0.1400049E+01
 0.2200000E+01  0.1400059E+01
 0.2400000E+01  0.1400070E+01
 0.2600000E+01  0.1400082E+01
 0.2800000E+01  0.1400095E+01
 0.3000000E+01  0.1400110E+01
 0.3200000E+01  0.1400124E+01
 0.3400000E+01  0.1400140E+01
 0.3600000E+01  0.1400157E+01
 0.3800000E+01  0.1400175E+01
 0.4000000E+01  0.1400194E+01
 0.4200000E+01  0.1400213E+01
 0.4400000E+01  0.1400234E+01
 0.4600000E+01  0.1400255E+01
 0.4800000E+01  0.1400277E+01
 0.5000000E+01  0.1400300E+01
 0.5200000E+01  0.1400324E+01
 0.5400000E+01  0.1400349E+01
 0.5600000E+01  0.1400375E+01
 0.5800000E+01  0.1400401E+01
 0.6000000E+01  0.1400428E+01
 0.6200000E+01  0.1400457E+01
 0.6400000E+01  0.1400485E+01
 0.6600000E+01  0.1400515E+01
 0.6800000E+01  0.1400546E+01
 0.7000000E+01  0.1400577E+01
 0.7200000E+01  0.1400609E+01
 0.7400000E+01  0.1400642E+01
 0.7600000E+01  0.1400675E+01
 0.7800000E+01  0.1400709E+01
 0.8000000E+01  0.1400744E+01
 0.8200000E+01  0.1400780E+01
 0.8400000E+01  0.1400816E+01
 0.8600000E+01  0.1400853E+01
 0.8800000E+01  0.1400890E+01
 0.9000000E+01  0.1400928E+01
 0.9200000E+01  0.1400967E+01
 0.9400000E+01  0.1401006E+01
 0.9600000E+01  0.1401046E+01
 0.9800000E+01  0.1401087E+01
 0.1000000E+02  0.1401128E+01
 0.1020000E+02  0.1401170E+01
 0.1040000E+02  0.1401212E+01
 0.1060000E+02  0.1401254E+01
 0.1080000E+02  0.1401298E+01
 0.1100000E+02  0.1401341E+01
 0.1120000E+02  0.1401385E+01
 0.1140000E+02  0.1401430E+01
 0.1160000E+02  0.1401475E+01
 0.1180000E+02  0.1401520E+01
 0.1200000E+02  0.1401566E+01
 0.1220000E+02  0.1401612E+01
 0.1240000E+02  0.1401659E+01
 0.1260000E+02  0.1401706E+01
 0.1280000E+02  0.1401753E+01
 0.1300000E+02  0.1401801E+01
 0.1320000E+02  0.1401849E+01
 0.1340000E+02  0.1401897E+01
 0.1360000E+02  0.1401945E+01
 0.1380000E+02  0.1401994E+01
 0.1400000E+02  0.1402043E+01
 0.1420000E+02  0.1402092E+01
 0.1440000E+02  0.1402142E+01
 0.1460000E+02  0.1402191E+01
 0.1480000E+02  0.1402241E+01
 0.1500000E+02  0.1402291E+01
 0.1520000E+02  0.1402341E+01
 0.1540000E+02  0.1402392E+01
 0.1560000E+02  0.1402442E+01
 0.1580000E+02  0.1402493E+01
 0.1600000E+02  0.1402543E+01
 0.1620000E+02  0.1402594E+01
 0.1640000E+02  0.1402645E+01
 0.1660000E+02  0.1402696E+01
 0.1680000E+02  0.1402747E+01
 0.1700000E+02  0.1402798E+01
 0.1720000E+02  0.1402849E+01
 0.1740000E+02  0.1402900E+01
 0.1760000E+02  0.1402951E+01
 0.1780000E+02  0.1403002E+01
 0.1800000E+02  0.1403053E+01
 0.1820000E+02  0.1403104E+01
 0.1840000E+02  0.1403155E+01
 0.1860000E+02  0.1403205E+01
 0.1880000E+02  0.1403256E+01
 0.1900000E+02  0.1403307E+01
 0.1920000E+02  0.1403357E+01
 0.1940000E+02  0.1403408E+01
 0.1960000E+02  0.1403458E+01
 0.1980000E+02  0.1403508E+01
 0.2000000E+02  0.1403558E+01
 0.2020000E+02  0.1403608E+01
 0.2040000E+02  0.1403658E+01
 0.2060000E+02  0.1403707E+01
 0.2080000E+02  0.1403756E+01
 0.2100000E+02  0.1403805E+01
 0.2120000E+02  0.1403854E+01
 0.2140000E+02  0.1403903E+01
 0.2160000E+02  0.1403951E+01
 0.2180000E+02  0.1403999E+01
 0.2200000E+02  0.1404047E+01
 0.2220000E+02  0.1404094E+01
 0.2240000E+02  0.1404141E+01
 0.2260000E+02  0.1404188E+01
 0.2280000E+02  0.1404234E+01
 0.2300000E+02  0.1404280E+01
 0.2320000E+02  0.1404326E+01
 0.2340000E+02  0.1404371E+01
 0.2360000E+02  0.1404416E+01
 0.2380000E+02  0.1404461E+01
 0.2400000E+02  0.1404505E+01
 0.2420000E+02  0.1404548E+01
 0.2440000E+02  0.1404591E+01
 0.2460000E+02  0.1404634E+01
 0.2480000E+02  0.1404676E+01
 0.2500000E+02  0.1404717E+01
 0.2520000E+02  0.1404758E+01
 0.2540000E+02  0.1404799E+01
 0.2560000E+02  0.1404838E+01
 0.2580000E+02  0.1404877E+01
 0.2600000E+02  0.1404915E+01
 0.2620000E+02  0.1404953E+01
 0.2640000E+02  0.1404990E+01
 0.2660000E+02  0.1405026E+01
 0.2680000E+02  0.1405061E+01
 0.2700000E+02  0.1405095E+01
 0.2720000E+02  0.1405129E+01
 0.2740000E+02  0.1405161E+01
 0.2760000E+02  0.1405193E+01
 0.2780000E+02  0.1405223E+01
 0.2800000E+02  0.1405253E+01
 0.2820000E+02  0.1405281E+01
 0.2840000E+02  0.1405309E+01
 0.2860000E+02  0.1405335E+01
 0.2880000E+02  0.1405359E+01
 0.2900000E+02  0.1405383E+01
 0.2920000E+02  0.1405405E+01
 0.2940000E+02  0.1405426E+01
 0.2960000E+02  0.1405446E+01
 0.2980000E+02  0.1405464E+01
 0.3000000E+02  0.1405480E+01
 0.3020000E+02  0.1405495E+01
 0.3040000E+02  0.1405507E+01
 0.3060000E+02  0.1405519E+01
 0.3080000E+02  0.1405528E+01
 0.3100000E+02  0.1405535E+01
 0.3120000E+02  0.1405540E+01
 0.3140000E+02  0.1405544E+01
 0.3160000E+02  0.1405544E+01
 0.3180000E+02  0.1405543E+01
 0.3200000E+02  0.1405539E+01
 0.3220000E+02  0.1405533E+01
 0.3240000E+02  0.1405524E+01
 0.3260000E+02  0.1405513E+01
 0.3280000E+02  0.1405498E+01
 0.3300000E+02  0.1405481E+01
 0.3320000E+02  0.1405462E+01
 0.3340000E+02  0.1405439E+01
 0.3360000E+02  0.1405413E+01
 0.3380000E+02  0.1405385E+01
 0.3400000E+02  0.1405354E+01
 0.3420000E+02  0.1405320E+01
 0.3440000E+02  0.1405283E+01
 0.3460000E+02  0.1405244E+01
 0.3480000E+02  0.1405203E+01
 0.3500000E+02  0.1405160E+01
 0.3520000E+02  0.1405116E+01
 0.3540000E+02  0.1405071E+01
 0.3560000E+02  0.1405025E+01
 0.3580000E+02  0.1404981E+01
 0.3600000E+02  0.1404937E+01
 0.3620000E+02  0.1404894E+01
 0.3640000E+02  0.1404853E+01
