 0.2000000E+00  0.8801273E-06  0.5250861E-02  0.4987952E-02  0.1023969E-01
 0.4000000E+00  0.3520220E-05  0.5249931E-02  0.4988713E-02  0.1024216E-01
 0.6000000E+00  0.7919414E-05  0.5248381E-02  0.4989983E-02  0.1024628E-01
 0.8000000E+00  0.1407627E-04  0.5246212E-02  0.4991761E-02  0.1025205E-01
 0.1000000E+01  0.2198877E-04  0.5243424E-02  0.4994046E-02  0.1025946E-01
 0.1200000E+01  0.3165434E-04  0.5240018E-02  0.4996840E-02  0.1026851E-01
 0.1400000E+01  0.4306983E-04  0.5235996E-02  0.5000142E-02  0.1027921E-01
 0.1600000E+01  0.5623152E-04  0.5231359E-02  0.5003953E-02  0.1029154E-01
 0.1800000E+01  0.7113514E-04  0.5226107E-02  0.5008272E-02  0.1030551E-01
 0.2000000E+01  0.8777586E-04  0.5220243E-02  0.5013102E-02  0.1032112E-01
 0.2200000E+01  0.1061483E-03  0.5213769E-02  0.5018440E-02  0.1033836E-01
 0.2400000E+01  0.1262465E-03  0.5206687E-02  0.5024289E-02  0.1035722E-01
 0.2600000E+01  0.1480640E-03  0.5198999E-02  0.5030649E-02  0.1037771E-01
 0.2800000E+01  0.1715937E-03  0.5190707E-02  0.5037519E-02  0.1039982E-01
 0.3000000E+01  0.1968281E-03  0.5181814E-02  0.5044902E-02  0.1042354E-01
 0.3200000E+01  0.2237591E-03  0.5172323E-02  0.5052798E-02  0.1044888E-01
 0.3400000E+01  0.2523779E-03  0.5162236E-02  0.5061207E-02  0.1047582E-01
 0.3600000E+01  0.2826753E-03  0.5151558E-02  0.5070132E-02  0.1050436E-01
 0.3800000E+01  0.3146415E-03  0.5140291E-02  0.5079572E-02  0.1053450E-01
 0.4000000E+01  0.3482662E-03  0.5128439E-02  0.5089531E-02  0.1056624E-01
 0.4200000E+01  0.3835384E-03  0.5116005E-02  0.5100010E-02  0.1059955E-01
 0.4400000E+01  0.4204466E-03  0.5102994E-02  0.5111011E-02  0.1063445E-01
 0.4600000E+01  0.4589786E-03  0.5089409E-02  0.5122536E-02  0.1067092E-01
 0.4800000E+01  0.4991218E-03  0.5075256E-02  0.5134589E-02  0.1070897E-01
 0.5000000E+01  0.5408627E-03  0.5060537E-02  0.5147173E-02  0.1074857E-01
 0.5200000E+01  0.5841873E-03  0.5045258E-02  0.5160291E-02  0.1078974E-01
 0.5400000E+01  0.6290810E-03  0.5029424E-02  0.5173949E-02  0.1083245E-01
 0.5600000E+01  0.6755284E-03  0.5013040E-02  0.5188150E-02  0.1087672E-01
 0.5800000E+01  0.7235135E-03  0.4996110E-02  0.5202899E-02  0.1092252E-01
 0.6000000E+01  0.7730194E-03  0.4978640E-02  0.5218204E-02  0.1096986E-01
 0.6200000E+01  0.8240288E-03  0.4960635E-02  0.5234070E-02  0.1101873E-01
 0.6400000E+01  0.8765234E-03  0.4942101E-02  0.5250503E-02  0.1106913E-01
 0.6600000E+01  0.9304842E-03  0.4923043E-02  0.5267512E-02  0.1112104E-01
 0.6800000E+01  0.9858914E-03  0.4903468E-02  0.5285104E-02  0.1117446E-01
 0.7000000E+01  0.1042725E-02  0.4883382E-02  0.5303287E-02  0.1122939E-01
 0.7200000E+01  0.1100962E-02  0.4862790E-02  0.5322070E-02  0.1128582E-01
 0.7400000E+01  0.1160583E-02  0.4841700E-02  0.5341462E-02  0.1134375E-01
 0.7600000E+01  0.1221563E-02  0.4820117E-02  0.5361473E-02  0.1140315E-01
 0.7800000E+01  0.1283879E-02  0.4798049E-02  0.5382111E-02  0.1146404E-01
 0.8000000E+01  0.1347507E-02  0.4775502E-02  0.5403387E-02  0.1152640E-01
 0.8200000E+01  0.1412421E-02  0.4752483E-02  0.5425309E-02  0.1159021E-01
 0.8400000E+01  0.1478597E-02  0.4728999E-02  0.5447888E-02  0.1165548E-01
 0.8600000E+01  0.1546006E-02  0.4705057E-02  0.5471132E-02  0.1172220E-01
 0.8800000E+01  0.1614623E-02  0.4680665E-02  0.5495051E-02  0.1179034E-01
 0.9000000E+01  0.1684420E-02  0.4655831E-02  0.5519654E-02  0.1185990E-01
 0.9200000E+01  0.1755367E-02  0.4630561E-02  0.5544948E-02  0.1193088E-01
 0.9400000E+01  0.1827437E-02  0.4604864E-02  0.5570941E-02  0.1200324E-01
 0.9600000E+01  0.1900600E-02  0.4578747E-02  0.5597641E-02  0.1207699E-01
 0.9800000E+01  0.1974827E-02  0.4552219E-02  0.5625054E-02  0.1215210E-01
 0.1000000E+02  0.2050088E-02  0.4525287E-02  0.5653185E-02  0.1222856E-01
 0.1020000E+02  0.2126352E-02  0.4497959E-02  0.5682041E-02  0.1230635E-01
 0.1040000E+02  0.2203590E-02  0.4470244E-02  0.5711624E-02  0.1238546E-01
 0.1060000E+02  0.2281770E-02  0.4442150E-02  0.5741938E-02  0.1246586E-01
 0.1080000E+02  0.2360863E-02  0.4413685E-02  0.5772986E-02  0.1254753E-01
 0.1100000E+02  0.2440838E-02  0.4384858E-02  0.5804768E-02  0.1263046E-01
 0.1120000E+02  0.2521665E-02  0.4355678E-02  0.5837285E-02  0.1271463E-01
 0.1140000E+02  0.2603313E-02  0.4326152E-02  0.5870537E-02  0.1280000E-01
 0.1160000E+02  0.2685754E-02  0.4296290E-02  0.5904522E-02  0.1288657E-01
 0.1180000E+02  0.2768957E-02  0.4266100E-02  0.5939236E-02  0.1297429E-01
 0.1200000E+02  0.2852893E-02  0.4235591E-02  0.5974676E-02  0.1306316E-01
 0.1220000E+02  0.2937535E-02  0.4204772E-02  0.6010838E-02  0.1315315E-01
 0.1240000E+02  0.3022854E-02  0.4173651E-02  0.6047714E-02  0.1324422E-01
 0.1260000E+02  0.3108822E-02  0.4142238E-02  0.6085299E-02  0.1333636E-01
 0.1280000E+02  0.3195413E-02  0.4110540E-02  0.6123583E-02  0.1342954E-01
 0.1300000E+02  0.3282601E-02  0.4078568E-02  0.6162558E-02  0.1352373E-01
 0.1320000E+02  0.3370361E-02  0.4046328E-02  0.6202212E-02  0.1361890E-01
 0.1340000E+02  0.3458668E-02  0.4013832E-02  0.6242535E-02  0.1371503E-01
 0.1360000E+02  0.3547498E-02  0.3981086E-02  0.6283513E-02  0.1381210E-01
 0.1380000E+02  0.3636829E-02  0.3948101E-02  0.6325134E-02  0.1391006E-01
 0.1400000E+02  0.3726638E-02  0.3914884E-02  0.6367383E-02  0.1400890E-01
 0.1420000E+02  0.3816904E-02  0.3881445E-02  0.6410243E-02  0.1410859E-01
 0.1440000E+02  0.3907607E-02  0.3847792E-02  0.6453700E-02  0.1420910E-01
 0.1460000E+02  0.3998727E-02  0.3813933E-02  0.6497734E-02  0.1431039E-01
 0.1480000E+02  0.4090246E-02  0.3779878E-02  0.6542330E-02  0.1441245E-01
 0.1500000E+02  0.4182146E-02  0.3745635E-02  0.6587466E-02  0.1451525E-01
 0.1520000E+02  0.4274410E-02  0.3711212E-02  0.6633126E-02  0.1461875E-01
 0.1540000E+02  0.4367021E-02  0.3676618E-02  0.6679287E-02  0.1472293E-01
 0.1560000E+02  0.4459964E-02  0.3641861E-02  0.6725931E-02  0.1482776E-01
 0.1580000E+02  0.4553224E-02  0.3606950E-02  0.6773035E-02  0.1493321E-01
 0.1600000E+02  0.4646788E-02  0.3571893E-02  0.6820578E-02  0.1503926E-01
 0.1620000E+02  0.4740642E-02  0.3536697E-02  0.6868539E-02  0.1514588E-01
 0.1640000E+02  0.4834774E-02  0.3501372E-02  0.6916896E-02  0.1525304E-01
 0.1660000E+02  0.4929172E-02  0.3465926E-02  0.6965625E-02  0.1536072E-01
 0.1680000E+02  0.5023825E-02  0.3430365E-02  0.7014705E-02  0.1546889E-01
 0.1700000E+02  0.5118721E-02  0.3394698E-02  0.7064112E-02  0.1557753E-01
 0.1720000E+02  0.5213851E-02  0.3358934E-02  0.7113822E-02  0.1568661E-01
 0.1740000E+02  0.5309206E-02  0.3323079E-02  0.7163812E-02  0.1579610E-01
 0.1760000E+02  0.5404777E-02  0.3287142E-02  0.7214057E-02  0.1590598E-01
 0.1780000E+02  0.5500554E-02  0.3251130E-02  0.7264532E-02  0.1601622E-01
 0.1800000E+02  0.5596532E-02  0.3215051E-02  0.7315213E-02  0.1612680E-01
 0.1820000E+02  0.5692701E-02  0.3178912E-02  0.7366073E-02  0.1623769E-01
 0.1840000E+02  0.5789056E-02  0.3142720E-02  0.7417085E-02  0.1634886E-01
 0.1860000E+02  0.5885591E-02  0.3106483E-02  0.7468223E-02  0.1646030E-01
 0.1880000E+02  0.5982299E-02  0.3070208E-02  0.7519459E-02  0.1657197E-01
 0.1900000E+02  0.6079175E-02  0.3033903E-02  0.7570764E-02  0.1668384E-01
 0.1920000E+02  0.6176215E-02  0.2997574E-02  0.7622109E-02  0.1679590E-01
 0.1940000E+02  0.6273415E-02  0.2961228E-02  0.7673465E-02  0.1690811E-01
 0.1960000E+02  0.6370772E-02  0.2924872E-02  0.7724799E-02  0.1702044E-01
 0.1980000E+02  0.6468281E-02  0.2888514E-02  0.7776082E-02  0.1713288E-01
 0.2000000E+02  0.6565941E-02  0.2852159E-02  0.7827281E-02  0.1724538E-01
 0.2020000E+02  0.6663750E-02  0.2815815E-02  0.7878363E-02  0.1735793E-01
 0.2040000E+02  0.6761706E-02  0.2779487E-02  0.7929295E-02  0.1747049E-01
 0.2060000E+02  0.6859809E-02  0.2743184E-02  0.7980044E-02  0.1758304E-01
 0.2080000E+02  0.6958058E-02  0.2706911E-02  0.8030576E-02  0.1769554E-01
 0.2100000E+02  0.7056455E-02  0.2670674E-02  0.8080854E-02  0.1780798E-01
 0.2120000E+02  0.7154999E-02  0.2634480E-02  0.8130846E-02  0.1792032E-01
 0.2140000E+02  0.7253692E-02  0.2598335E-02  0.8180516E-02  0.1803254E-01
 0.2160000E+02  0.7352538E-02  0.2562245E-02  0.8229828E-02  0.1814461E-01
 0.2180000E+02  0.7451537E-02  0.2526217E-02  0.8278747E-02  0.1825650E-01
 0.2200000E+02  0.7550695E-02  0.2490255E-02  0.8327237E-02  0.1836819E-01
 0.2220000E+02  0.7650014E-02  0.2454367E-02  0.8375264E-02  0.1847965E-01
 0.2240000E+02  0.7749500E-02  0.2418558E-02  0.8422791E-02  0.1859085E-01
 0.2260000E+02  0.7849158E-02  0.2382834E-02  0.8469784E-02  0.1870178E-01
 0.2280000E+02  0.7948993E-02  0.2347201E-02  0.8516209E-02  0.1881240E-01
 0.2300000E+02  0.8049011E-02  0.2311663E-02  0.8562030E-02  0.1892271E-01
 0.2320000E+02  0.8149221E-02  0.2276228E-02  0.8607217E-02  0.1903267E-01
 0.2340000E+02  0.8249629E-02  0.2240900E-02  0.8651735E-02  0.1914226E-01
 0.2360000E+02  0.8350244E-02  0.2205684E-02  0.8695555E-02  0.1925148E-01
 0.2380000E+02  0.8451074E-02  0.2170587E-02  0.8738648E-02  0.1936031E-01
 0.2400000E+02  0.8552129E-02  0.2135614E-02  0.8780987E-02  0.1946873E-01
 0.2420000E+02  0.8653417E-02  0.2100769E-02  0.8822550E-02  0.1957674E-01
 0.2440000E+02  0.8754950E-02  0.2066058E-02  0.8863316E-02  0.1968432E-01
 0.2460000E+02  0.8856738E-02  0.2031487E-02  0.8903272E-02  0.1979150E-01
 0.2480000E+02  0.8958792E-02  0.1997059E-02  0.8942407E-02  0.1989826E-01
 0.2500000E+02  0.9061122E-02  0.1962782E-02  0.8980721E-02  0.2000463E-01
 0.2520000E+02  0.9163741E-02  0.1928658E-02  0.9018222E-02  0.2011062E-01
 0.2540000E+02  0.9266658E-02  0.1894695E-02  0.9054928E-02  0.2021628E-01
 0.2560000E+02  0.9369886E-02  0.1860895E-02  0.9090872E-02  0.2032165E-01
 0.2580000E+02  0.9473433E-02  0.1827265E-02  0.9126103E-02  0.2042680E-01
 0.2600000E+02  0.9577311E-02  0.1793809E-02  0.9160690E-02  0.2053181E-01
 0.2620000E+02  0.9681528E-02  0.1760532E-02  0.9194727E-02  0.2063679E-01
 0.2640000E+02  0.9786091E-02  0.1727438E-02  0.9228338E-02  0.2074187E-01
 0.2660000E+02  0.9891006E-02  0.1694533E-02  0.9261683E-02  0.2084722E-01
 0.2680000E+02  0.9996275E-02  0.1661822E-02  0.9294965E-02  0.2095306E-01
 0.2700000E+02  0.1010190E-01  0.1629308E-02  0.9328440E-02  0.2105965E-01
 0.2720000E+02  0.1020787E-01  0.1596998E-02  0.9362429E-02  0.2116730E-01
 0.2740000E+02  0.1031419E-01  0.1564895E-02  0.9397330E-02  0.2127641E-01
 0.2760000E+02  0.1042082E-01  0.1533004E-02  0.9433637E-02  0.2138746E-01
 0.2780000E+02  0.1052776E-01  0.1501331E-02  0.9471958E-02  0.2150105E-01
 0.2800000E+02  0.1063496E-01  0.1469880E-02  0.9513043E-02  0.2161788E-01
 0.2820000E+02  0.1074238E-01  0.1438655E-02  0.9557812E-02  0.2173884E-01
 0.2840000E+02  0.1084995E-01  0.1407663E-02  0.9607396E-02  0.2186501E-01
 0.2860000E+02  0.1095758E-01  0.1376909E-02  0.9663179E-02  0.2199767E-01
 0.2880000E+02  0.1106518E-01  0.1346396E-02  0.9726852E-02  0.2213843E-01
 0.2900000E+02  0.1117260E-01  0.1316131E-02  0.9800479E-02  0.2228921E-01
 0.2920000E+02  0.1127965E-01  0.1286120E-02  0.9886566E-02  0.2245234E-01
 0.2940000E+02  0.1138611E-01  0.1256367E-02  0.9988132E-02  0.2263061E-01
 0.2960000E+02  0.1149170E-01  0.1226879E-02  0.1010878E-01  0.2282736E-01
 0.2980000E+02  0.1159605E-01  0.1197663E-02  0.1025275E-01  0.2304646E-01
 0.3000000E+02  0.1169870E-01  0.1168725E-02  0.1042487E-01  0.2329229E-01
 0.3020000E+02  0.1179909E-01  0.1140072E-02  0.1063048E-01  0.2356964E-01
 0.3040000E+02  0.1189655E-01  0.1111712E-02  0.1087503E-01  0.2388330E-01
 0.3060000E+02  0.1199027E-01  0.1083653E-02  0.1116352E-01  0.2423744E-01
 0.3080000E+02  0.1207929E-01  0.1055904E-02  0.1149937E-01  0.2463456E-01
 0.3100000E+02  0.1216256E-01  0.1028475E-02  0.1188302E-01  0.2507406E-01
 0.3120000E+02  0.1223901E-01  0.1001377E-02  0.1231022E-01  0.2555061E-01
 0.3140000E+02  0.1230761E-01  0.9746192E-03  0.1277083E-01  0.2605306E-01
 0.3160000E+02  0.1236754E-01  0.9482142E-03  0.1324882E-01  0.2656458E-01
 0.3180000E+02  0.1241833E-01  0.9221727E-03  0.1372435E-01  0.2706486E-01
 0.3200000E+02  0.1245997E-01  0.8965056E-03  0.1417746E-01  0.2753394E-01
 0.3220000E+02  0.1249293E-01  0.8712225E-03  0.1459211E-01  0.2795626E-01
 0.3240000E+02  0.1251806E-01  0.8463319E-03  0.1495869E-01  0.2832308E-01
 0.3260000E+02  0.1253647E-01  0.8218408E-03  0.1527432E-01  0.2863263E-01
 0.3280000E+02  0.1254933E-01  0.7977546E-03  0.1554141E-01  0.2888850E-01
 0.3300000E+02  0.1255781E-01  0.7740771E-03  0.1576552E-01  0.2909740E-01
 0.3320000E+02  0.1256295E-01  0.7508110E-03  0.1595350E-01  0.2926726E-01
 0.3340000E+02  0.1256563E-01  0.7279579E-03  0.1611231E-01  0.2940589E-01
 0.3360000E+02  0.1256658E-01  0.7055187E-03  0.1624819E-01  0.2952029E-01
 0.3380000E+02  0.1256639E-01  0.6834934E-03  0.1636645E-01  0.2961633E-01
 0.3400000E+02  0.1256553E-01  0.6618817E-03  0.1647134E-01  0.2969875E-01
 0.3420000E+02  0.1256434E-01  0.6406831E-03  0.1656608E-01  0.2977111E-01
 0.3440000E+02  0.1256310E-01  0.6198965E-03  0.1665296E-01  0.2983595E-01
 0.3460000E+02  0.1256202E-01  0.5995211E-03  0.1673336E-01  0.2989490E-01
 0.3480000E+02  0.1256123E-01  0.5795556E-03  0.1680792E-01  0.2994871E-01
 0.3500000E+02  0.1256085E-01  0.5599989E-03  0.1687660E-01  0.2999745E-01
 0.3520000E+02  0.1256094E-01  0.5408499E-03  0.1693879E-01  0.3004058E-01
 0.3540000E+02  0.1256155E-01  0.5221074E-03  0.1699349E-01  0.3007715E-01
 0.3560000E+02  0.1256268E-01  0.5037702E-03  0.1703946E-01  0.3010591E-01
 0.3580000E+02  0.1256433E-01  0.4858372E-03  0.1707544E-01  0.3012562E-01
 0.3600000E+02  0.1256648E-01  0.4683072E-03  0.1710044E-01  0.3013523E-01
 0.3620000E+02  0.1256907E-01  0.4511792E-03  0.1711401E-01  0.3013426E-01
 0.3640000E+02  0.1257205E-01  0.4344520E-03  0.1711657E-01  0.3012307E-01
