 0.1000000E+00  0.1400000E+01
 0.2000000E+00  0.1400001E+01
 0.3000000E+00  0.1400001E+01
 0.4000000E+00  0.1400003E+01
 0.5000000E+00  0.1400004E+01
 0.6000000E+00  0.1400006E+01
 0.7000000E+00  0.1400008E+01
 0.8000000E+00  0.1400010E+01
 0.9000000E+00  0.1400013E+01
 0.1000000E+01  0.1400016E+01
 0.1100000E+01  0.1400020E+01
 0.1200000E+01  0.1400023E+01
 0.1300000E+01  0.1400027E+01
 0.1400000E+01  0.1400032E+01
 0.1500000E+01  0.1400036E+01
 0.1600000E+01  0.1400041E+01
 0.1700000E+01  0.1400047E+01
 0.1800000E+01  0.1400052E+01
 0.1900000E+01  0.1400058E+01
 0.2000000E+01  0.1400064E+01
 0.2100000E+01  0.1400071E+01
 0.2200000E+01  0.1400078E+01
 0.2300000E+01  0.1400085E+01
 0.2400000E+01  0.1400093E+01
 0.2500000E+01  0.1400101E+01
 0.2600000E+01  0.1400109E+01
 0.2700000E+01  0.1400117E+01
 0.2800000E+01  0.1400126E+01
 0.2900000E+01  0.1400135E+01
 0.3000000E+01  0.1400145E+01
 0.3100000E+01  0.1400154E+01
 0.3200000E+01  0.1400165E+01
 0.3300000E+01  0.1400175E+01
 0.3400000E+01  0.1400186E+01
 0.3500000E+01  0.1400197E+01
 0.3600000E+01  0.1400208E+01
 0.3700000E+01  0.1400220E+01
 0.3800000E+01  0.1400232E+01
 0.3900000E+01  0.1400244E+01
 0.4000000E+01  0.1400257E+01
 0.4100000E+01  0.1400270E+01
 0.4200000E+01  0.1400283E+01
 0.4300000E+01  0.1400297E+01
 0.4400000E+01  0.1400311E+01
 0.4500000E+01  0.1400325E+01
 0.4600000E+01  0.1400340E+01
 0.4700000E+01  0.1400355E+01
 0.4800000E+01  0.1400370E+01
 0.4900000E+01  0.1400385E+01
 0.5000000E+01  0.1400401E+01
 0.5100000E+01  0.1400417E+01
 0.5200000E+01  0.1400434E+01
 0.5300000E+01  0.1400451E+01
 0.5400000E+01  0.1400468E+01
 0.5500000E+01  0.1400485E+01
 0.5600000E+01  0.1400503E+01
 0.5700000E+01  0.1400521E+01
 0.5800000E+01  0.1400539E+01
 0.5900000E+01  0.1400558E+01
 0.6000000E+01  0.1400577E+01
 0.6100000E+01  0.1400597E+01
 0.6200000E+01  0.1400616E+01
 0.6300000E+01  0.1400636E+01
 0.6400000E+01  0.1400656E+01
 0.6500000E+01  0.1400677E+01
 0.6600000E+01  0.1400698E+01
 0.6700000E+01  0.1400719E+01
 0.6800000E+01  0.1400741E+01
 0.6900000E+01  0.1400763E+01
 0.7000000E+01  0.1400785E+01
 0.7100000E+01  0.1400807E+01
 0.7200000E+01  0.1400830E+01
 0.7300000E+01  0.1400853E+01
 0.7400000E+01  0.1400877E+01
 0.7500000E+01  0.1400901E+01
 0.7600000E+01  0.1400925E+01
 0.7700000E+01  0.1400949E+01
 0.7800000E+01  0.1400974E+01
 0.7900000E+01  0.1400999E+01
 0.8000000E+01  0.1401024E+01
 0.8100000E+01  0.1401050E+01
 0.8200000E+01  0.1401076E+01
 0.8300000E+01  0.1401102E+01
 0.8400000E+01  0.1401129E+01
 0.8500000E+01  0.1401156E+01
 0.8600000E+01  0.1401183E+01
 0.8700000E+01  0.1401211E+01
 0.8800000E+01  0.1401238E+01
 0.8900000E+01  0.1401267E+01
 0.9000000E+01  0.1401295E+01
 0.9100000E+01  0.1401324E+01
 0.9200000E+01  0.1401353E+01
 0.9300000E+01  0.1401382E+01
 0.9400000E+01  0.1401412E+01
 0.9500000E+01  0.1401442E+01
 0.9600000E+01  0.1401473E+01
 0.9700000E+01  0.1401503E+01
 0.9800000E+01  0.1401534E+01
 0.9900000E+01  0.1401566E+01
 0.1000000E+02  0.1401597E+01
 0.1010000E+02  0.1401629E+01
 0.1020000E+02  0.1401661E+01
 0.1030000E+02  0.1401694E+01
 0.1040000E+02  0.1401727E+01
 0.1050000E+02  0.1401760E+01
 0.1060000E+02  0.1401793E+01
 0.1070000E+02  0.1401827E+01
 0.1080000E+02  0.1401861E+01
 0.1090000E+02  0.1401896E+01
 0.1100000E+02  0.1401930E+01
 0.1110000E+02  0.1401965E+01
 0.1120000E+02  0.1402001E+01
 0.1130000E+02  0.1402036E+01
 0.1140000E+02  0.1402072E+01
 0.1150000E+02  0.1402109E+01
 0.1160000E+02  0.1402145E+01
 0.1170000E+02  0.1402182E+01
 0.1180000E+02  0.1402219E+01
 0.1190000E+02  0.1402257E+01
 0.1200000E+02  0.1402295E+01
 0.1210000E+02  0.1402333E+01
 0.1220000E+02  0.1402371E+01
 0.1230000E+02  0.1402410E+01
 0.1240000E+02  0.1402449E+01
 0.1250000E+02  0.1402488E+01
 0.1260000E+02  0.1402528E+01
 0.1270000E+02  0.1402568E+01
 0.1280000E+02  0.1402608E+01
 0.1290000E+02  0.1402649E+01
 0.1300000E+02  0.1402690E+01
 0.1310000E+02  0.1402731E+01
 0.1320000E+02  0.1402772E+01
 0.1330000E+02  0.1402814E+01
 0.1340000E+02  0.1402856E+01
 0.1350000E+02  0.1402898E+01
 0.1360000E+02  0.1402941E+01
 0.1370000E+02  0.1402984E+01
 0.1380000E+02  0.1403027E+01
 0.1390000E+02  0.1403071E+01
 0.1400000E+02  0.1403115E+01
 0.1410000E+02  0.1403159E+01
 0.1420000E+02  0.1403204E+01
 0.1430000E+02  0.1403248E+01
 0.1440000E+02  0.1403294E+01
 0.1450000E+02  0.1403339E+01
 0.1460000E+02  0.1403385E+01
 0.1470000E+02  0.1403431E+01
 0.1480000E+02  0.1403477E+01
 0.1490000E+02  0.1403524E+01
 0.1500000E+02  0.1403571E+01
 0.1510000E+02  0.1403618E+01
 0.1520000E+02  0.1403665E+01
 0.1530000E+02  0.1403713E+01
 0.1540000E+02  0.1403761E+01
 0.1550000E+02  0.1403810E+01
 0.1560000E+02  0.1403858E+01
 0.1570000E+02  0.1403907E+01
 0.1580000E+02  0.1403957E+01
 0.1590000E+02  0.1404006E+01
 0.1600000E+02  0.1404056E+01
 0.1610000E+02  0.1404106E+01
 0.1620000E+02  0.1404157E+01
 0.1630000E+02  0.1404208E+01
 0.1640000E+02  0.1404259E+01
 0.1650000E+02  0.1404310E+01
 0.1660000E+02  0.1404362E+01
 0.1670000E+02  0.1404414E+01
 0.1680000E+02  0.1404466E+01
 0.1690000E+02  0.1404519E+01
 0.1700000E+02  0.1404572E+01
 0.1710000E+02  0.1404625E+01
 0.1720000E+02  0.1404678E+01
 0.1730000E+02  0.1404732E+01
 0.1740000E+02  0.1404786E+01
 0.1750000E+02  0.1404840E+01
 0.1760000E+02  0.1404895E+01
 0.1770000E+02  0.1404950E+01
 0.1780000E+02  0.1405005E+01
 0.1790000E+02  0.1405061E+01
 0.1800000E+02  0.1405116E+01
 0.1810000E+02  0.1405173E+01
 0.1820000E+02  0.1405229E+01
 0.1830000E+02  0.1405286E+01
 0.1840000E+02  0.1405343E+01
 0.1850000E+02  0.1405400E+01
 0.1860000E+02  0.1405457E+01
 0.1870000E+02  0.1405515E+01
 0.1880000E+02  0.1405573E+01
 0.1890000E+02  0.1405632E+01
 0.1900000E+02  0.1405690E+01
 0.1910000E+02  0.1405749E+01
 0.1920000E+02  0.1405809E+01
 0.1930000E+02  0.1405868E+01
 0.1940000E+02  0.1405928E+01
 0.1950000E+02  0.1405988E+01
 0.1960000E+02  0.1406049E+01
 0.1970000E+02  0.1406109E+01
 0.1980000E+02  0.1406170E+01
 0.1990000E+02  0.1406232E+01
 0.2000000E+02  0.1406293E+01
 0.2010000E+02  0.1406355E+01
 0.2020000E+02  0.1406417E+01
 0.2030000E+02  0.1406480E+01
 0.2040000E+02  0.1406542E+01
 0.2050000E+02  0.1406605E+01
 0.2060000E+02  0.1406668E+01
 0.2070000E+02  0.1406732E+01
 0.2080000E+02  0.1406796E+01
 0.2090000E+02  0.1406860E+01
 0.2100000E+02  0.1406924E+01
 0.2110000E+02  0.1406989E+01
 0.2120000E+02  0.1407054E+01
 0.2130000E+02  0.1407119E+01
 0.2140000E+02  0.1407185E+01
 0.2150000E+02  0.1407251E+01
 0.2160000E+02  0.1407317E+01
 0.2170000E+02  0.1407383E+01
 0.2180000E+02  0.1407450E+01
 0.2190000E+02  0.1407517E+01
 0.2200000E+02  0.1407584E+01
 0.2210000E+02  0.1407651E+01
 0.2220000E+02  0.1407719E+01
 0.2230000E+02  0.1407787E+01
 0.2240000E+02  0.1407855E+01
 0.2250000E+02  0.1407924E+01
 0.2260000E+02  0.1407993E+01
 0.2270000E+02  0.1408062E+01
 0.2280000E+02  0.1408131E+01
 0.2290000E+02  0.1408201E+01
 0.2300000E+02  0.1408271E+01
 0.2310000E+02  0.1408341E+01
 0.2320000E+02  0.1408412E+01
 0.2330000E+02  0.1408483E+01
 0.2340000E+02  0.1408554E+01
 0.2350000E+02  0.1408625E+01
 0.2360000E+02  0.1408697E+01
 0.2370000E+02  0.1408768E+01
 0.2380000E+02  0.1408841E+01
 0.2390000E+02  0.1408913E+01
 0.2400000E+02  0.1408986E+01
 0.2410000E+02  0.1409059E+01
 0.2420000E+02  0.1409132E+01
 0.2430000E+02  0.1409205E+01
 0.2440000E+02  0.1409279E+01
 0.2450000E+02  0.1409353E+01
 0.2460000E+02  0.1409428E+01
 0.2470000E+02  0.1409502E+01
 0.2480000E+02  0.1409577E+01
 0.2490000E+02  0.1409652E+01
 0.2500000E+02  0.1409728E+01
 0.2510000E+02  0.1409803E+01
 0.2520000E+02  0.1409879E+01
 0.2530000E+02  0.1409955E+01
 0.2540000E+02  0.1410032E+01
 0.2550000E+02  0.1410108E+01
 0.2560000E+02  0.1410185E+01
 0.2570000E+02  0.1410263E+01
 0.2580000E+02  0.1410340E+01
 0.2590000E+02  0.1410418E+01
 0.2600000E+02  0.1410496E+01
 0.2610000E+02  0.1410574E+01
 0.2620000E+02  0.1410653E+01
 0.2630000E+02  0.1410732E+01
 0.2640000E+02  0.1410811E+01
 0.2650000E+02  0.1410890E+01
 0.2660000E+02  0.1410970E+01
 0.2670000E+02  0.1411050E+01
 0.2680000E+02  0.1411130E+01
 0.2690000E+02  0.1411210E+01
 0.2700000E+02  0.1411291E+01
 0.2710000E+02  0.1411372E+01
 0.2720000E+02  0.1411453E+01
 0.2730000E+02  0.1411534E+01
 0.2740000E+02  0.1411616E+01
 0.2750000E+02  0.1411698E+01
 0.2760000E+02  0.1411780E+01
 0.2770000E+02  0.1411863E+01
 0.2780000E+02  0.1411945E+01
 0.2790000E+02  0.1412028E+01
 0.2800000E+02  0.1412112E+01
 0.2810000E+02  0.1412195E+01
 0.2820000E+02  0.1412279E+01
 0.2830000E+02  0.1412363E+01
 0.2840000E+02  0.1412447E+01
 0.2850000E+02  0.1412531E+01
 0.2860000E+02  0.1412616E+01
 0.2870000E+02  0.1412701E+01
 0.2880000E+02  0.1412786E+01
 0.2890000E+02  0.1412872E+01
 0.2900000E+02  0.1412958E+01
 0.2910000E+02  0.1413044E+01
 0.2920000E+02  0.1413130E+01
 0.2930000E+02  0.1413217E+01
 0.2940000E+02  0.1413303E+01
 0.2950000E+02  0.1413390E+01
 0.2960000E+02  0.1413478E+01
 0.2970000E+02  0.1413565E+01
 0.2980000E+02  0.1413653E+01
 0.2990000E+02  0.1413741E+01
 0.3000000E+02  0.1413829E+01
 0.3010000E+02  0.1413918E+01
 0.3020000E+02  0.1414006E+01
 0.3030000E+02  0.1414095E+01
 0.3040000E+02  0.1414185E+01
 0.3050000E+02  0.1414274E+01
 0.3060000E+02  0.1414364E+01
 0.3070000E+02  0.1414454E+01
 0.3080000E+02  0.1414544E+01
 0.3090000E+02  0.1414635E+01
 0.3100000E+02  0.1414725E+01
 0.3110000E+02  0.1414816E+01
 0.3120000E+02  0.1414907E+01
 0.3130000E+02  0.1414999E+01
 0.3140000E+02  0.1415091E+01
 0.3150000E+02  0.1415182E+01
 0.3160000E+02  0.1415275E+01
 0.3170000E+02  0.1415367E+01
 0.3180000E+02  0.1415460E+01
 0.3190000E+02  0.1415553E+01
 0.3200000E+02  0.1415646E+01
 0.3210000E+02  0.1415739E+01
 0.3220000E+02  0.1415833E+01
 0.3230000E+02  0.1415926E+01
 0.3240000E+02  0.1416021E+01
 0.3250000E+02  0.1416115E+01
 0.3260000E+02  0.1416209E+01
 0.3270000E+02  0.1416304E+01
 0.3280000E+02  0.1416399E+01
 0.3290000E+02  0.1416494E+01
 0.3300000E+02  0.1416590E+01
 0.3310000E+02  0.1416686E+01
 0.3320000E+02  0.1416782E+01
 0.3330000E+02  0.1416878E+01
 0.3340000E+02  0.1416974E+01
 0.3350000E+02  0.1417071E+01
 0.3360000E+02  0.1417168E+01
 0.3370000E+02  0.1417265E+01
 0.3380000E+02  0.1417362E+01
 0.3390000E+02  0.1417460E+01
 0.3400000E+02  0.1417558E+01
 0.3410000E+02  0.1417656E+01
 0.3420000E+02  0.1417754E+01
 0.3430000E+02  0.1417852E+01
 0.3440000E+02  0.1417951E+01
 0.3450000E+02  0.1418050E+01
 0.3460000E+02  0.1418149E+01
 0.3470000E+02  0.1418249E+01
 0.3480000E+02  0.1418348E+01
 0.3490000E+02  0.1418448E+01
 0.3500000E+02  0.1418548E+01
 0.3510000E+02  0.1418649E+01
 0.3520000E+02  0.1418749E+01
 0.3530000E+02  0.1418850E+01
 0.3540000E+02  0.1418951E+01
 0.3550000E+02  0.1419052E+01
 0.3560000E+02  0.1419154E+01
 0.3570000E+02  0.1419255E+01
 0.3580000E+02  0.1419357E+01
 0.3590000E+02  0.1419459E+01
 0.3600000E+02  0.1419562E+01
 0.3610000E+02  0.1419664E+01
 0.3620000E+02  0.1419767E+01
 0.3630000E+02  0.1419870E+01
 0.3640000E+02  0.1419973E+01
 0.3650000E+02  0.1420077E+01
 0.3660000E+02  0.1420180E+01
 0.3670000E+02  0.1420284E+01
 0.3680000E+02  0.1420388E+01
 0.3690000E+02  0.1420493E+01
 0.3700000E+02  0.1420597E+01
 0.3710000E+02  0.1420702E+01
 0.3720000E+02  0.1420807E+01
 0.3730000E+02  0.1420912E+01
 0.3740000E+02  0.1421018E+01
 0.3750000E+02  0.1421123E+01
 0.3760000E+02  0.1421229E+01
 0.3770000E+02  0.1421335E+01
 0.3780000E+02  0.1421441E+01
 0.3790000E+02  0.1421548E+01
 0.3800000E+02  0.1421654E+01
 0.3810000E+02  0.1421761E+01
 0.3820000E+02  0.1421868E+01
 0.3830000E+02  0.1421976E+01
 0.3840000E+02  0.1422083E+01
 0.3850000E+02  0.1422191E+01
 0.3860000E+02  0.1422299E+01
 0.3870000E+02  0.1422407E+01
 0.3880000E+02  0.1422516E+01
 0.3890000E+02  0.1422624E+01
 0.3900000E+02  0.1422733E+01
 0.3910000E+02  0.1422842E+01
 0.3920000E+02  0.1422951E+01
 0.3930000E+02  0.1423061E+01
 0.3940000E+02  0.1423170E+01
 0.3950000E+02  0.1423280E+01
 0.3960000E+02  0.1423390E+01
 0.3970000E+02  0.1423500E+01
 0.3980000E+02  0.1423611E+01
 0.3990000E+02  0.1423721E+01
 0.4000000E+02  0.1423832E+01
 0.4010000E+02  0.1423943E+01
 0.4020000E+02  0.1424055E+01
 0.4030000E+02  0.1424166E+01
 0.4040000E+02  0.1424278E+01
 0.4050000E+02  0.1424390E+01
 0.4060000E+02  0.1424502E+01
 0.4070000E+02  0.1424614E+01
 0.4080000E+02  0.1424727E+01
 0.4090000E+02  0.1424839E+01
 0.4100000E+02  0.1424952E+01
 0.4110000E+02  0.1425065E+01
 0.4120000E+02  0.1425178E+01
 0.4130000E+02  0.1425292E+01
 0.4140000E+02  0.1425406E+01
 0.4150000E+02  0.1425519E+01
 0.4160000E+02  0.1425634E+01
 0.4170000E+02  0.1425748E+01
 0.4180000E+02  0.1425862E+01
 0.4190000E+02  0.1425977E+01
 0.4200000E+02  0.1426092E+01
 0.4210000E+02  0.1426207E+01
 0.4220000E+02  0.1426322E+01
 0.4230000E+02  0.1426438E+01
 0.4240000E+02  0.1426553E+01
 0.4250000E+02  0.1426669E+01
 0.4260000E+02  0.1426785E+01
 0.4270000E+02  0.1426901E+01
 0.4280000E+02  0.1427018E+01
 0.4290000E+02  0.1427134E+01
 0.4300000E+02  0.1427251E+01
 0.4310000E+02  0.1427368E+01
 0.4320000E+02  0.1427485E+01
 0.4330000E+02  0.1427603E+01
 0.4340000E+02  0.1427720E+01
 0.4350000E+02  0.1427838E+01
 0.4360000E+02  0.1427956E+01
 0.4370000E+02  0.1428074E+01
 0.4380000E+02  0.1428192E+01
 0.4390000E+02  0.1428311E+01
 0.4400000E+02  0.1428429E+01
 0.4410000E+02  0.1428548E+01
 0.4420000E+02  0.1428667E+01
 0.4430000E+02  0.1428787E+01
 0.4440000E+02  0.1428906E+01
 0.4450000E+02  0.1429026E+01
 0.4460000E+02  0.1429145E+01
 0.4470000E+02  0.1429265E+01
 0.4480000E+02  0.1429386E+01
 0.4490000E+02  0.1429506E+01
 0.4500000E+02  0.1429626E+01
 0.4510000E+02  0.1429747E+01
 0.4520000E+02  0.1429868E+01
 0.4530000E+02  0.1429989E+01
 0.4540000E+02  0.1430110E+01
 0.4550000E+02  0.1430232E+01
 0.4560000E+02  0.1430353E+01
 0.4570000E+02  0.1430475E+01
 0.4580000E+02  0.1430597E+01
 0.4590000E+02  0.1430719E+01
 0.4600000E+02  0.1430842E+01
 0.4610000E+02  0.1430964E+01
 0.4620000E+02  0.1431087E+01
 0.4630000E+02  0.1431210E+01
 0.4640000E+02  0.1431333E+01
 0.4650000E+02  0.1431456E+01
 0.4660000E+02  0.1431579E+01
 0.4670000E+02  0.1431703E+01
 0.4680000E+02  0.1431827E+01
 0.4690000E+02  0.1431950E+01
 0.4700000E+02  0.1432075E+01
 0.4710000E+02  0.1432199E+01
 0.4720000E+02  0.1432323E+01
 0.4730000E+02  0.1432448E+01
 0.4740000E+02  0.1432573E+01
 0.4750000E+02  0.1432698E+01
 0.4760000E+02  0.1432823E+01
 0.4770000E+02  0.1432948E+01
 0.4780000E+02  0.1433073E+01
 0.4790000E+02  0.1433199E+01
 0.4800000E+02  0.1433325E+01
 0.4810000E+02  0.1433451E+01
 0.4820000E+02  0.1433577E+01
 0.4830000E+02  0.1433703E+01
 0.4840000E+02  0.1433830E+01
 0.4850000E+02  0.1433956E+01
 0.4860000E+02  0.1434083E+01
 0.4870000E+02  0.1434210E+01
 0.4880000E+02  0.1434337E+01
 0.4890000E+02  0.1434465E+01
 0.4900000E+02  0.1434592E+01
 0.4910000E+02  0.1434720E+01
 0.4920000E+02  0.1434847E+01
 0.4930000E+02  0.1434975E+01
 0.4940000E+02  0.1435103E+01
 0.4950000E+02  0.1435232E+01
 0.4960000E+02  0.1435360E+01
 0.4970000E+02  0.1435489E+01
 0.4980000E+02  0.1435618E+01
 0.4990000E+02  0.1435747E+01
 0.5000000E+02  0.1435876E+01
 0.5010000E+02  0.1436005E+01
 0.5020000E+02  0.1436134E+01
 0.5030000E+02  0.1436264E+01
 0.5040000E+02  0.1436394E+01
 0.5050000E+02  0.1436523E+01
 0.5060000E+02  0.1436653E+01
 0.5070000E+02  0.1436784E+01
 0.5080000E+02  0.1436914E+01
 0.5090000E+02  0.1437045E+01
 0.5100000E+02  0.1437175E+01
 0.5110000E+02  0.1437306E+01
 0.5120000E+02  0.1437437E+01
 0.5130000E+02  0.1437568E+01
 0.5140000E+02  0.1437699E+01
 0.5150000E+02  0.1437831E+01
 0.5160000E+02  0.1437962E+01
 0.5170000E+02  0.1438094E+01
 0.5180000E+02  0.1438226E+01
 0.5190000E+02  0.1438358E+01
 0.5200000E+02  0.1438490E+01
 0.5210000E+02  0.1438623E+01
 0.5220000E+02  0.1438755E+01
 0.5230000E+02  0.1438888E+01
 0.5240000E+02  0.1439021E+01
 0.5250000E+02  0.1439154E+01
 0.5260000E+02  0.1439287E+01
 0.5270000E+02  0.1439420E+01
 0.5280000E+02  0.1439553E+01
 0.5290000E+02  0.1439687E+01
 0.5300000E+02  0.1439821E+01
 0.5310000E+02  0.1439955E+01
 0.5320000E+02  0.1440089E+01
 0.5330000E+02  0.1440223E+01
 0.5340000E+02  0.1440357E+01
 0.5350000E+02  0.1440491E+01
 0.5360000E+02  0.1440626E+01
 0.5370000E+02  0.1440761E+01
 0.5380000E+02  0.1440896E+01
 0.5390000E+02  0.1441031E+01
 0.5400000E+02  0.1441166E+01
 0.5410000E+02  0.1441301E+01
 0.5420000E+02  0.1441436E+01
 0.5430000E+02  0.1441572E+01
 0.5440000E+02  0.1441708E+01
 0.5450000E+02  0.1441844E+01
 0.5460000E+02  0.1441980E+01
 0.5470000E+02  0.1442116E+01
 0.5480000E+02  0.1442252E+01
 0.5490000E+02  0.1442388E+01
 0.5500000E+02  0.1442525E+01
 0.5510000E+02  0.1442662E+01
 0.5520000E+02  0.1442798E+01
 0.5530000E+02  0.1442935E+01
 0.5540000E+02  0.1443073E+01
 0.5550000E+02  0.1443210E+01
 0.5560000E+02  0.1443347E+01
 0.5570000E+02  0.1443485E+01
 0.5580000E+02  0.1443622E+01
 0.5590000E+02  0.1443760E+01
 0.5600000E+02  0.1443898E+01
 0.5610000E+02  0.1444036E+01
 0.5620000E+02  0.1444174E+01
 0.5630000E+02  0.1444313E+01
 0.5640000E+02  0.1444451E+01
 0.5650000E+02  0.1444590E+01
 0.5660000E+02  0.1444728E+01
 0.5670000E+02  0.1444867E+01
 0.5680000E+02  0.1445006E+01
 0.5690000E+02  0.1445145E+01
 0.5700000E+02  0.1445285E+01
 0.5710000E+02  0.1445424E+01
 0.5720000E+02  0.1445563E+01
 0.5730000E+02  0.1445703E+01
 0.5740000E+02  0.1445843E+01
 0.5750000E+02  0.1445983E+01
 0.5760000E+02  0.1446123E+01
 0.5770000E+02  0.1446263E+01
 0.5780000E+02  0.1446403E+01
 0.5790000E+02  0.1446543E+01
 0.5800000E+02  0.1446684E+01
 0.5810000E+02  0.1446825E+01
 0.5820000E+02  0.1446965E+01
 0.5830000E+02  0.1447106E+01
 0.5840000E+02  0.1447247E+01
 0.5850000E+02  0.1447388E+01
 0.5860000E+02  0.1447530E+01
 0.5870000E+02  0.1447671E+01
 0.5880000E+02  0.1447813E+01
 0.5890000E+02  0.1447954E+01
 0.5900000E+02  0.1448096E+01
 0.5910000E+02  0.1448238E+01
 0.5920000E+02  0.1448380E+01
 0.5930000E+02  0.1448522E+01
 0.5940000E+02  0.1448664E+01
 0.5950000E+02  0.1448806E+01
 0.5960000E+02  0.1448949E+01
 0.5970000E+02  0.1449091E+01
 0.5980000E+02  0.1449234E+01
 0.5990000E+02  0.1449377E+01
 0.6000000E+02  0.1449520E+01
 0.6010000E+02  0.1449663E+01
 0.6020000E+02  0.1449806E+01
 0.6030000E+02  0.1449949E+01
 0.6040000E+02  0.1450093E+01
 0.6050000E+02  0.1450236E+01
 0.6060000E+02  0.1450380E+01
 0.6070000E+02  0.1450524E+01
 0.6080000E+02  0.1450668E+01
 0.6090000E+02  0.1450812E+01
 0.6100000E+02  0.1450956E+01
 0.6110000E+02  0.1451100E+01
 0.6120000E+02  0.1451244E+01
 0.6130000E+02  0.1451389E+01
 0.6140000E+02  0.1451533E+01
 0.6150000E+02  0.1451678E+01
 0.6160000E+02  0.1451822E+01
 0.6170000E+02  0.1451967E+01
 0.6180000E+02  0.1452112E+01
 0.6190000E+02  0.1452257E+01
 0.6200000E+02  0.1452403E+01
 0.6210000E+02  0.1452548E+01
 0.6220000E+02  0.1452693E+01
 0.6230000E+02  0.1452839E+01
 0.6240000E+02  0.1452984E+01
 0.6250000E+02  0.1453130E+01
 0.6260000E+02  0.1453276E+01
 0.6270000E+02  0.1453422E+01
 0.6280000E+02  0.1453568E+01
 0.6290000E+02  0.1453714E+01
 0.6300000E+02  0.1453860E+01
 0.6310000E+02  0.1454007E+01
 0.6320000E+02  0.1454153E+01
 0.6330000E+02  0.1454300E+01
 0.6340000E+02  0.1454446E+01
 0.6350000E+02  0.1454593E+01
 0.6360000E+02  0.1454740E+01
 0.6370000E+02  0.1454887E+01
 0.6380000E+02  0.1455034E+01
 0.6390000E+02  0.1455181E+01
 0.6400000E+02  0.1455328E+01
 0.6410000E+02  0.1455476E+01
 0.6420000E+02  0.1455623E+01
 0.6430000E+02  0.1455771E+01
 0.6440000E+02  0.1455918E+01
 0.6450000E+02  0.1456066E+01
 0.6460000E+02  0.1456214E+01
 0.6470000E+02  0.1456362E+01
 0.6480000E+02  0.1456510E+01
 0.6490000E+02  0.1456658E+01
 0.6500000E+02  0.1456806E+01
 0.6510000E+02  0.1456955E+01
 0.6520000E+02  0.1457103E+01
 0.6530000E+02  0.1457252E+01
 0.6540000E+02  0.1457400E+01
 0.6550000E+02  0.1457549E+01
 0.6560000E+02  0.1457698E+01
 0.6570000E+02  0.1457847E+01
 0.6580000E+02  0.1457996E+01
 0.6590000E+02  0.1458145E+01
 0.6600000E+02  0.1458294E+01
 0.6610000E+02  0.1458443E+01
 0.6620000E+02  0.1458592E+01
 0.6630000E+02  0.1458742E+01
 0.6640000E+02  0.1458891E+01
 0.6650000E+02  0.1459041E+01
 0.6660000E+02  0.1459191E+01
 0.6670000E+02  0.1459341E+01
 0.6680000E+02  0.1459490E+01
 0.6690000E+02  0.1459640E+01
 0.6700000E+02  0.1459790E+01
 0.6710000E+02  0.1459941E+01
 0.6720000E+02  0.1460091E+01
 0.6730000E+02  0.1460241E+01
 0.6740000E+02  0.1460392E+01
 0.6750000E+02  0.1460542E+01
 0.6760000E+02  0.1460693E+01
 0.6770000E+02  0.1460843E+01
 0.6780000E+02  0.1460994E+01
 0.6790000E+02  0.1461145E+01
 0.6800000E+02  0.1461296E+01
 0.6810000E+02  0.1461447E+01
 0.6820000E+02  0.1461598E+01
 0.6830000E+02  0.1461749E+01
 0.6840000E+02  0.1461900E+01
 0.6850000E+02  0.1462051E+01
 0.6860000E+02  0.1462203E+01
 0.6870000E+02  0.1462354E+01
 0.6880000E+02  0.1462506E+01
 0.6890000E+02  0.1462657E+01
 0.6900000E+02  0.1462809E+01
 0.6910000E+02  0.1462961E+01
 0.6920000E+02  0.1463113E+01
 0.6930000E+02  0.1463265E+01
 0.6940000E+02  0.1463417E+01
 0.6950000E+02  0.1463569E+01
 0.6960000E+02  0.1463721E+01
 0.6970000E+02  0.1463873E+01
 0.6980000E+02  0.1464025E+01
 0.6990000E+02  0.1464178E+01
 0.7000000E+02  0.1464330E+01
 0.7010000E+02  0.1464483E+01
 0.7020000E+02  0.1464635E+01
 0.7030000E+02  0.1464788E+01
 0.7040000E+02  0.1464941E+01
 0.7050000E+02  0.1465094E+01
 0.7060000E+02  0.1465247E+01
 0.7070000E+02  0.1465399E+01
 0.7080000E+02  0.1465553E+01
 0.7090000E+02  0.1465706E+01
 0.7100000E+02  0.1465859E+01
 0.7110000E+02  0.1466012E+01
 0.7120000E+02  0.1466165E+01
 0.7130000E+02  0.1466319E+01
 0.7140000E+02  0.1466472E+01
 0.7150000E+02  0.1466626E+01
 0.7160000E+02  0.1466779E+01
 0.7170000E+02  0.1466933E+01
 0.7180000E+02  0.1467087E+01
 0.7190000E+02  0.1467240E+01
 0.7200000E+02  0.1467394E+01
 0.7210000E+02  0.1467548E+01
 0.7220000E+02  0.1467702E+01
 0.7230000E+02  0.1467856E+01
 0.7240000E+02  0.1468010E+01
 0.7250000E+02  0.1468164E+01
 0.7260000E+02  0.1468319E+01
 0.7270000E+02  0.1468473E+01
 0.7280000E+02  0.1468627E+01
 0.7290000E+02  0.1468782E+01
 0.7300000E+02  0.1468936E+01
 0.7310000E+02  0.1469091E+01
 0.7320000E+02  0.1469245E+01
 0.7330000E+02  0.1469400E+01
 0.7340000E+02  0.1469555E+01
 0.7350000E+02  0.1469709E+01
 0.7360000E+02  0.1469864E+01
 0.7370000E+02  0.1470019E+01
 0.7380000E+02  0.1470174E+01
 0.7390000E+02  0.1470329E+01
 0.7400000E+02  0.1470484E+01
 0.7410000E+02  0.1470639E+01
 0.7420000E+02  0.1470794E+01
 0.7430000E+02  0.1470950E+01
 0.7440000E+02  0.1471105E+01
 0.7450000E+02  0.1471260E+01
 0.7460000E+02  0.1471416E+01
 0.7470000E+02  0.1471571E+01
 0.7480000E+02  0.1471727E+01
 0.7490000E+02  0.1471882E+01
 0.7500000E+02  0.1472038E+01
 0.7510000E+02  0.1472193E+01
 0.7520000E+02  0.1472349E+01
 0.7530000E+02  0.1472505E+01
 0.7540000E+02  0.1472661E+01
 0.7550000E+02  0.1472816E+01
 0.7560000E+02  0.1472972E+01
 0.7570000E+02  0.1473128E+01
 0.7580000E+02  0.1473284E+01
 0.7590000E+02  0.1473440E+01
 0.7600000E+02  0.1473596E+01
 0.7610000E+02  0.1473753E+01
 0.7620000E+02  0.1473909E+01
 0.7630000E+02  0.1474065E+01
 0.7640000E+02  0.1474221E+01
 0.7650000E+02  0.1474378E+01
 0.7660000E+02  0.1474534E+01
 0.7670000E+02  0.1474690E+01
 0.7680000E+02  0.1474847E+01
 0.7690000E+02  0.1475003E+01
 0.7700000E+02  0.1475160E+01
 0.7710000E+02  0.1475317E+01
 0.7720000E+02  0.1475473E+01
 0.7730000E+02  0.1475630E+01
 0.7740000E+02  0.1475787E+01
 0.7750000E+02  0.1475943E+01
 0.7760000E+02  0.1476100E+01
 0.7770000E+02  0.1476257E+01
 0.7780000E+02  0.1476414E+01
 0.7790000E+02  0.1476571E+01
 0.7800000E+02  0.1476728E+01
 0.7810000E+02  0.1476885E+01
 0.7820000E+02  0.1477042E+01
 0.7830000E+02  0.1477199E+01
 0.7840000E+02  0.1477356E+01
 0.7850000E+02  0.1477513E+01
 0.7860000E+02  0.1477670E+01
 0.7870000E+02  0.1477827E+01
 0.7880000E+02  0.1477985E+01
 0.7890000E+02  0.1478142E+01
 0.7900000E+02  0.1478299E+01
 0.7910000E+02  0.1478457E+01
 0.7920000E+02  0.1478614E+01
 0.7930000E+02  0.1478772E+01
 0.7940000E+02  0.1478929E+01
 0.7950000E+02  0.1479087E+01
 0.7960000E+02  0.1479244E+01
 0.7970000E+02  0.1479402E+01
 0.7980000E+02  0.1479559E+01
 0.7990000E+02  0.1479717E+01
 0.8000000E+02  0.1479874E+01
 0.8010000E+02  0.1480032E+01
 0.8020000E+02  0.1480190E+01
 0.8030000E+02  0.1480348E+01
 0.8040000E+02  0.1480505E+01
 0.8050000E+02  0.1480663E+01
 0.8060000E+02  0.1480821E+01
 0.8070000E+02  0.1480979E+01
 0.8080000E+02  0.1481137E+01
 0.8090000E+02  0.1481295E+01
 0.8100000E+02  0.1481453E+01
 0.8110000E+02  0.1481610E+01
 0.8120000E+02  0.1481768E+01
 0.8130000E+02  0.1481926E+01
 0.8140000E+02  0.1482085E+01
 0.8150000E+02  0.1482243E+01
 0.8160000E+02  0.1482401E+01
 0.8170000E+02  0.1482559E+01
 0.8180000E+02  0.1482717E+01
 0.8190000E+02  0.1482875E+01
 0.8200000E+02  0.1483033E+01
 0.8210000E+02  0.1483191E+01
 0.8220000E+02  0.1483350E+01
 0.8230000E+02  0.1483508E+01
 0.8240000E+02  0.1483666E+01
 0.8250000E+02  0.1483824E+01
 0.8260000E+02  0.1483983E+01
 0.8270000E+02  0.1484141E+01
 0.8280000E+02  0.1484299E+01
 0.8290000E+02  0.1484458E+01
 0.8300000E+02  0.1484616E+01
 0.8310000E+02  0.1484774E+01
 0.8320000E+02  0.1484933E+01
 0.8330000E+02  0.1485091E+01
 0.8340000E+02  0.1485250E+01
 0.8350000E+02  0.1485408E+01
 0.8360000E+02  0.1485566E+01
 0.8370000E+02  0.1485725E+01
 0.8380000E+02  0.1485883E+01
 0.8390000E+02  0.1486042E+01
 0.8400000E+02  0.1486200E+01
 0.8410000E+02  0.1486359E+01
 0.8420000E+02  0.1486517E+01
 0.8430000E+02  0.1486676E+01
 0.8440000E+02  0.1486834E+01
 0.8450000E+02  0.1486993E+01
 0.8460000E+02  0.1487152E+01
 0.8470000E+02  0.1487310E+01
 0.8480000E+02  0.1487469E+01
 0.8490000E+02  0.1487627E+01
 0.8500000E+02  0.1487786E+01
 0.8510000E+02  0.1487945E+01
 0.8520000E+02  0.1488103E+01
 0.8530000E+02  0.1488262E+01
 0.8540000E+02  0.1488421E+01
 0.8550000E+02  0.1488579E+01
 0.8560000E+02  0.1488738E+01
 0.8570000E+02  0.1488896E+01
 0.8580000E+02  0.1489055E+01
 0.8590000E+02  0.1489214E+01
 0.8600000E+02  0.1489372E+01
 0.8610000E+02  0.1489531E+01
 0.8620000E+02  0.1489690E+01
 0.8630000E+02  0.1489848E+01
 0.8640000E+02  0.1490007E+01
 0.8650000E+02  0.1490166E+01
 0.8660000E+02  0.1490325E+01
 0.8670000E+02  0.1490483E+01
 0.8680000E+02  0.1490642E+01
 0.8690000E+02  0.1490801E+01
 0.8700000E+02  0.1490959E+01
 0.8710000E+02  0.1491118E+01
 0.8720000E+02  0.1491277E+01
 0.8730000E+02  0.1491435E+01
 0.8740000E+02  0.1491594E+01
 0.8750000E+02  0.1491753E+01
 0.8760000E+02  0.1491911E+01
 0.8770000E+02  0.1492070E+01
 0.8780000E+02  0.1492229E+01
 0.8790000E+02  0.1492387E+01
 0.8800000E+02  0.1492546E+01
 0.8810000E+02  0.1492705E+01
 0.8820000E+02  0.1492863E+01
 0.8830000E+02  0.1493022E+01
 0.8840000E+02  0.1493181E+01
 0.8850000E+02  0.1493339E+01
 0.8860000E+02  0.1493498E+01
 0.8870000E+02  0.1493656E+01
 0.8880000E+02  0.1493815E+01
 0.8890000E+02  0.1493974E+01
 0.8900000E+02  0.1494132E+01
 0.8910000E+02  0.1494291E+01
 0.8920000E+02  0.1494449E+01
 0.8930000E+02  0.1494608E+01
 0.8940000E+02  0.1494766E+01
 0.8950000E+02  0.1494925E+01
 0.8960000E+02  0.1495083E+01
 0.8970000E+02  0.1495242E+01
 0.8980000E+02  0.1495400E+01
 0.8990000E+02  0.1495559E+01
 0.9000000E+02  0.1495717E+01
 0.9010000E+02  0.1495876E+01
 0.9020000E+02  0.1496034E+01
 0.9030000E+02  0.1496193E+01
 0.9040000E+02  0.1496351E+01
 0.9050000E+02  0.1496509E+01
 0.9060000E+02  0.1496668E+01
 0.9070000E+02  0.1496826E+01
 0.9080000E+02  0.1496985E+01
 0.9090000E+02  0.1497143E+01
 0.9100000E+02  0.1497301E+01
 0.9110000E+02  0.1497459E+01
 0.9120000E+02  0.1497618E+01
 0.9130000E+02  0.1497776E+01
 0.9140000E+02  0.1497934E+01
 0.9150000E+02  0.1498092E+01
 0.9160000E+02  0.1498251E+01
 0.9170000E+02  0.1498409E+01
 0.9180000E+02  0.1498567E+01
 0.9190000E+02  0.1498725E+01
 0.9200000E+02  0.1498883E+01
 0.9210000E+02  0.1499041E+01
 0.9220000E+02  0.1499199E+01
 0.9230000E+02  0.1499357E+01
 0.9240000E+02  0.1499515E+01
 0.9250000E+02  0.1499673E+01
 0.9260000E+02  0.1499831E+01
 0.9270000E+02  0.1499989E+01
 0.9280000E+02  0.1500147E+01
 0.9290000E+02  0.1500305E+01
 0.9300000E+02  0.1500463E+01
 0.9310000E+02  0.1500620E+01
 0.9320000E+02  0.1500778E+01
 0.9330000E+02  0.1500936E+01
 0.9340000E+02  0.1501094E+01
 0.9350000E+02  0.1501251E+01
 0.9360000E+02  0.1501409E+01
 0.9370000E+02  0.1501567E+01
 0.9380000E+02  0.1501724E+01
 0.9390000E+02  0.1501882E+01
 0.9400000E+02  0.1502039E+01
 0.9410000E+02  0.1502197E+01
 0.9420000E+02  0.1502354E+01
 0.9430000E+02  0.1502512E+01
 0.9440000E+02  0.1502669E+01
 0.9450000E+02  0.1502827E+01
 0.9460000E+02  0.1502984E+01
 0.9470000E+02  0.1503141E+01
 0.9480000E+02  0.1503299E+01
 0.9490000E+02  0.1503456E+01
 0.9500000E+02  0.1503613E+01
 0.9510000E+02  0.1503770E+01
 0.9520000E+02  0.1503927E+01
 0.9530000E+02  0.1504085E+01
 0.9540000E+02  0.1504242E+01
 0.9550000E+02  0.1504399E+01
 0.9560000E+02  0.1504556E+01
 0.9570000E+02  0.1504713E+01
 0.9580000E+02  0.1504869E+01
 0.9590000E+02  0.1505026E+01
 0.9600000E+02  0.1505183E+01
 0.9610000E+02  0.1505340E+01
 0.9620000E+02  0.1505497E+01
 0.9630000E+02  0.1505653E+01
 0.9640000E+02  0.1505810E+01
 0.9650000E+02  0.1505967E+01
 0.9660000E+02  0.1506123E+01
 0.9670000E+02  0.1506280E+01
 0.9680000E+02  0.1506436E+01
 0.9690000E+02  0.1506593E+01
 0.9700000E+02  0.1506749E+01
 0.9710000E+02  0.1506905E+01
 0.9720000E+02  0.1507062E+01
 0.9730000E+02  0.1507218E+01
 0.9740000E+02  0.1507374E+01
 0.9750000E+02  0.1507530E+01
 0.9760000E+02  0.1507686E+01
 0.9770000E+02  0.1507842E+01
 0.9780000E+02  0.1507998E+01
 0.9790000E+02  0.1508154E+01
 0.9800000E+02  0.1508310E+01
 0.9810000E+02  0.1508466E+01
 0.9820000E+02  0.1508622E+01
 0.9830000E+02  0.1508778E+01
 0.9840000E+02  0.1508934E+01
 0.9850000E+02  0.1509089E+01
 0.9860000E+02  0.1509245E+01
 0.9870000E+02  0.1509400E+01
 0.9880000E+02  0.1509556E+01
 0.9890000E+02  0.1509711E+01
 0.9900000E+02  0.1509867E+01
 0.9910000E+02  0.1510022E+01
 0.9920000E+02  0.1510177E+01
 0.9930000E+02  0.1510333E+01
 0.9940000E+02  0.1510488E+01
 0.9950000E+02  0.1510643E+01
 0.9960000E+02  0.1510798E+01
 0.9970000E+02  0.1510953E+01
 0.9980000E+02  0.1511108E+01
 0.9990000E+02  0.1511263E+01
 0.1000000E+03  0.1511418E+01
