 0.1000000E+00  0.4415240E-07  0.5251138E-02  0.0000000E+00  0.5251182E-02
 0.2000000E+00  0.1766086E-06  0.5251115E-02  0.0000000E+00  0.5251291E-02
 0.3000000E+00  0.3973655E-06  0.5251076E-02  0.0000000E+00  0.5251473E-02
 0.4000000E+00  0.7064183E-06  0.5251021E-02  0.0000000E+00  0.5251728E-02
 0.5000000E+00  0.1103760E-05  0.5250952E-02  0.0000000E+00  0.5252055E-02
 0.6000000E+00  0.1589381E-05  0.5250866E-02  0.0000000E+00  0.5252455E-02
 0.7000000E+00  0.2163272E-05  0.5250765E-02  0.0000000E+00  0.5252928E-02
 0.8000000E+00  0.2825418E-05  0.5250649E-02  0.0000000E+00  0.5253474E-02
 0.9000000E+00  0.3575806E-05  0.5250517E-02  0.0000000E+00  0.5254092E-02
 0.1000000E+01  0.4414419E-05  0.5250369E-02  0.0000000E+00  0.5254784E-02
 0.1100000E+01  0.5341237E-05  0.5250206E-02  0.0000000E+00  0.5255548E-02
 0.1200000E+01  0.6356240E-05  0.5250028E-02  0.0000000E+00  0.5256384E-02
 0.1300000E+01  0.7459405E-05  0.5249834E-02  0.0000000E+00  0.5257293E-02
 0.1400000E+01  0.8650709E-05  0.5249625E-02  0.0000000E+00  0.5258275E-02
 0.1500000E+01  0.9930123E-05  0.5249400E-02  0.0000000E+00  0.5259330E-02
 0.1600000E+01  0.1129762E-04  0.5249160E-02  0.0000000E+00  0.5260457E-02
 0.1700000E+01  0.1275317E-04  0.5248904E-02  0.0000000E+00  0.5261658E-02
 0.1800000E+01  0.1429673E-04  0.5248634E-02  0.0000000E+00  0.5262930E-02
 0.1900000E+01  0.1592829E-04  0.5248347E-02  0.0000000E+00  0.5264276E-02
 0.2000000E+01  0.1764779E-04  0.5248046E-02  0.0000000E+00  0.5265694E-02
 0.2100000E+01  0.1945520E-04  0.5247729E-02  0.0000000E+00  0.5267184E-02
 0.2200000E+01  0.2135048E-04  0.5247397E-02  0.0000000E+00  0.5268747E-02
 0.2300000E+01  0.2333359E-04  0.5247050E-02  0.0000000E+00  0.5270383E-02
 0.2400000E+01  0.2540448E-04  0.5246687E-02  0.0000000E+00  0.5272092E-02
 0.2500000E+01  0.2756311E-04  0.5246309E-02  0.0000000E+00  0.5273873E-02
 0.2600000E+01  0.2980942E-04  0.5245917E-02  0.0000000E+00  0.5275726E-02
 0.2700000E+01  0.3214338E-04  0.5245509E-02  0.0000000E+00  0.5277652E-02
 0.2800000E+01  0.3456492E-04  0.5245086E-02  0.0000000E+00  0.5279650E-02
 0.2900000E+01  0.3707400E-04  0.5244647E-02  0.0000000E+00  0.5281721E-02
 0.3000000E+01  0.3967055E-04  0.5244194E-02  0.0000000E+00  0.5283865E-02
 0.3100000E+01  0.4235452E-04  0.5243726E-02  0.0000000E+00  0.5286081E-02
 0.3200000E+01  0.4512585E-04  0.5243243E-02  0.0000000E+00  0.5288369E-02
 0.3300000E+01  0.4798448E-04  0.5242745E-02  0.0000000E+00  0.5290730E-02
 0.3400000E+01  0.5093035E-04  0.5242232E-02  0.0000000E+00  0.5293163E-02
 0.3500000E+01  0.5396338E-04  0.5241705E-02  0.0000000E+00  0.5295668E-02
 0.3600000E+01  0.5708351E-04  0.5241162E-02  0.0000000E+00  0.5298246E-02
 0.3700000E+01  0.6029068E-04  0.5240605E-02  0.0000000E+00  0.5300896E-02
 0.3800000E+01  0.6358481E-04  0.5240033E-02  0.0000000E+00  0.5303618E-02
 0.3900000E+01  0.6696582E-04  0.5239447E-02  0.0000000E+00  0.5306413E-02
 0.4000000E+01  0.7043365E-04  0.5238846E-02  0.0000000E+00  0.5309279E-02
 0.4100000E+01  0.7398822E-04  0.5238230E-02  0.0000000E+00  0.5312218E-02
 0.4200000E+01  0.7762944E-04  0.5237600E-02  0.0000000E+00  0.5315229E-02
 0.4300000E+01  0.8135724E-04  0.5236956E-02  0.0000000E+00  0.5318313E-02
 0.4400000E+01  0.8517153E-04  0.5236297E-02  0.0000000E+00  0.5321468E-02
 0.4500000E+01  0.8907223E-04  0.5235623E-02  0.0000000E+00  0.5324696E-02
 0.4600000E+01  0.9305926E-04  0.5234936E-02  0.0000000E+00  0.5327995E-02
 0.4700000E+01  0.9713252E-04  0.5234234E-02  0.0000000E+00  0.5331366E-02
 0.4800000E+01  0.1012919E-03  0.5233518E-02  0.0000000E+00  0.5334810E-02
 0.4900000E+01  0.1055374E-03  0.5232788E-02  0.0000000E+00  0.5338325E-02
 0.5000000E+01  0.1098688E-03  0.5232044E-02  0.0000000E+00  0.5341913E-02
 0.5100000E+01  0.1142861E-03  0.5231286E-02  0.0000000E+00  0.5345572E-02
 0.5200000E+01  0.1187891E-03  0.5230514E-02  0.0000000E+00  0.5349303E-02
 0.5300000E+01  0.1233779E-03  0.5229728E-02  0.0000000E+00  0.5353106E-02
 0.5400000E+01  0.1280521E-03  0.5228928E-02  0.0000000E+00  0.5356980E-02
 0.5500000E+01  0.1328119E-03  0.5228115E-02  0.0000000E+00  0.5360926E-02
 0.5600000E+01  0.1376570E-03  0.5227287E-02  0.0000000E+00  0.5364944E-02
 0.5700000E+01  0.1425873E-03  0.5226447E-02  0.0000000E+00  0.5369034E-02
 0.5800000E+01  0.1476028E-03  0.5225593E-02  0.0000000E+00  0.5373195E-02
 0.5900000E+01  0.1527034E-03  0.5224725E-02  0.0000000E+00  0.5377428E-02
 0.6000000E+01  0.1578888E-03  0.5223844E-02  0.0000000E+00  0.5381733E-02
 0.6100000E+01  0.1631591E-03  0.5222949E-02  0.0000000E+00  0.5386108E-02
 0.6200000E+01  0.1685140E-03  0.5222042E-02  0.0000000E+00  0.5390556E-02
 0.6300000E+01  0.1739536E-03  0.5221121E-02  0.0000000E+00  0.5395074E-02
 0.6400000E+01  0.1794776E-03  0.5220187E-02  0.0000000E+00  0.5399665E-02
 0.6500000E+01  0.1850859E-03  0.5219240E-02  0.0000000E+00  0.5404326E-02
 0.6600000E+01  0.1907784E-03  0.5218280E-02  0.0000000E+00  0.5409059E-02
 0.6700000E+01  0.1965550E-03  0.5217308E-02  0.0000000E+00  0.5413863E-02
 0.6800000E+01  0.2024156E-03  0.5216322E-02  0.0000000E+00  0.5418738E-02
 0.6900000E+01  0.2083600E-03  0.5215324E-02  0.0000000E+00  0.5423684E-02
 0.7000000E+01  0.2143881E-03  0.5214313E-02  0.0000000E+00  0.5428701E-02
 0.7100000E+01  0.2204998E-03  0.5213290E-02  0.0000000E+00  0.5433790E-02
 0.7200000E+01  0.2266949E-03  0.5212254E-02  0.0000000E+00  0.5438949E-02
 0.7300000E+01  0.2329734E-03  0.5211206E-02  0.0000000E+00  0.5444179E-02
 0.7400000E+01  0.2393350E-03  0.5210146E-02  0.0000000E+00  0.5449481E-02
 0.7500000E+01  0.2457796E-03  0.5209073E-02  0.0000000E+00  0.5454853E-02
 0.7600000E+01  0.2523071E-03  0.5207988E-02  0.0000000E+00  0.5460296E-02
 0.7700000E+01  0.2589174E-03  0.5206892E-02  0.0000000E+00  0.5465809E-02
 0.7800000E+01  0.2656102E-03  0.5205783E-02  0.0000000E+00  0.5471394E-02
 0.7900000E+01  0.2723855E-03  0.5204663E-02  0.0000000E+00  0.5477049E-02
 0.8000000E+01  0.2792432E-03  0.5203531E-02  0.0000000E+00  0.5482774E-02
 0.8100000E+01  0.2861830E-03  0.5202387E-02  0.0000000E+00  0.5488570E-02
 0.8200000E+01  0.2932048E-03  0.5201232E-02  0.0000000E+00  0.5494437E-02
 0.8300000E+01  0.3003085E-03  0.5200065E-02  0.0000000E+00  0.5500374E-02
 0.8400000E+01  0.3074938E-03  0.5198887E-02  0.0000000E+00  0.5506381E-02
 0.8500000E+01  0.3147608E-03  0.5197698E-02  0.0000000E+00  0.5512459E-02
 0.8600000E+01  0.3221091E-03  0.5196498E-02  0.0000000E+00  0.5518607E-02
 0.8700000E+01  0.3295387E-03  0.5195287E-02  0.0000000E+00  0.5524825E-02
 0.8800000E+01  0.3370493E-03  0.5194064E-02  0.0000000E+00  0.5531114E-02
 0.8900000E+01  0.3446409E-03  0.5192831E-02  0.0000000E+00  0.5537472E-02
 0.9000000E+01  0.3523132E-03  0.5191587E-02  0.0000000E+00  0.5543901E-02
 0.9100000E+01  0.3600662E-03  0.5190333E-02  0.0000000E+00  0.5550399E-02
 0.9200000E+01  0.3678995E-03  0.5189068E-02  0.0000000E+00  0.5556968E-02
 0.9300000E+01  0.3758131E-03  0.5187793E-02  0.0000000E+00  0.5563606E-02
 0.9400000E+01  0.3838068E-03  0.5186507E-02  0.0000000E+00  0.5570314E-02
 0.9500000E+01  0.3918804E-03  0.5185211E-02  0.0000000E+00  0.5577092E-02
 0.9600000E+01  0.4000337E-03  0.5183906E-02  0.0000000E+00  0.5583939E-02
 0.9700000E+01  0.4082666E-03  0.5182590E-02  0.0000000E+00  0.5590856E-02
 0.9800000E+01  0.4165789E-03  0.5181264E-02  0.0000000E+00  0.5597843E-02
 0.9900000E+01  0.4249704E-03  0.5179929E-02  0.0000000E+00  0.5604899E-02
 0.1000000E+02  0.4334410E-03  0.5178584E-02  0.0000000E+00  0.5612025E-02
 0.1010000E+02  0.4419904E-03  0.5177229E-02  0.0000000E+00  0.5619220E-02
 0.1020000E+02  0.4506185E-03  0.5175866E-02  0.0000000E+00  0.5626484E-02
 0.1030000E+02  0.4593251E-03  0.5174493E-02  0.0000000E+00  0.5633818E-02
 0.1040000E+02  0.4681099E-03  0.5173110E-02  0.0000000E+00  0.5641220E-02
 0.1050000E+02  0.4769730E-03  0.5171719E-02  0.0000000E+00  0.5648692E-02
 0.1060000E+02  0.4859139E-03  0.5170319E-02  0.0000000E+00  0.5656233E-02
 0.1070000E+02  0.4949326E-03  0.5168910E-02  0.0000000E+00  0.5663843E-02
 0.1080000E+02  0.5040289E-03  0.5167492E-02  0.0000000E+00  0.5671521E-02
 0.1090000E+02  0.5132025E-03  0.5166066E-02  0.0000000E+00  0.5679269E-02
 0.1100000E+02  0.5224533E-03  0.5164632E-02  0.0000000E+00  0.5687085E-02
 0.1110000E+02  0.5317810E-03  0.5163189E-02  0.0000000E+00  0.5694970E-02
 0.1120000E+02  0.5411856E-03  0.5161738E-02  0.0000000E+00  0.5702924E-02
 0.1130000E+02  0.5506667E-03  0.5160279E-02  0.0000000E+00  0.5710946E-02
 0.1140000E+02  0.5602242E-03  0.5158813E-02  0.0000000E+00  0.5719037E-02
 0.1150000E+02  0.5698579E-03  0.5157338E-02  0.0000000E+00  0.5727196E-02
 0.1160000E+02  0.5795675E-03  0.5155856E-02  0.0000000E+00  0.5735423E-02
 0.1170000E+02  0.5893530E-03  0.5154366E-02  0.0000000E+00  0.5743719E-02
 0.1180000E+02  0.5992140E-03  0.5152869E-02  0.0000000E+00  0.5752083E-02
 0.1190000E+02  0.6091504E-03  0.5151365E-02  0.0000000E+00  0.5760515E-02
 0.1200000E+02  0.6191620E-03  0.5149853E-02  0.0000000E+00  0.5769015E-02
 0.1210000E+02  0.6292485E-03  0.5148335E-02  0.0000000E+00  0.5777584E-02
 0.1220000E+02  0.6394097E-03  0.5146810E-02  0.0000000E+00  0.5786220E-02
 0.1230000E+02  0.6496455E-03  0.5145278E-02  0.0000000E+00  0.5794924E-02
 0.1240000E+02  0.6599556E-03  0.5143740E-02  0.0000000E+00  0.5803695E-02
 0.1250000E+02  0.6703398E-03  0.5142195E-02  0.0000000E+00  0.5812535E-02
 0.1260000E+02  0.6807979E-03  0.5140644E-02  0.0000000E+00  0.5821442E-02
 0.1270000E+02  0.6913297E-03  0.5139087E-02  0.0000000E+00  0.5830416E-02
 0.1280000E+02  0.7019350E-03  0.5137523E-02  0.0000000E+00  0.5839458E-02
 0.1290000E+02  0.7126134E-03  0.5135954E-02  0.0000000E+00  0.5848568E-02
 0.1300000E+02  0.7233649E-03  0.5134380E-02  0.0000000E+00  0.5857745E-02
 0.1310000E+02  0.7341892E-03  0.5132799E-02  0.0000000E+00  0.5866989E-02
 0.1320000E+02  0.7450861E-03  0.5131214E-02  0.0000000E+00  0.5876300E-02
 0.1330000E+02  0.7560554E-03  0.5129623E-02  0.0000000E+00  0.5885678E-02
 0.1340000E+02  0.7670967E-03  0.5128027E-02  0.0000000E+00  0.5895123E-02
 0.1350000E+02  0.7782100E-03  0.5126426E-02  0.0000000E+00  0.5904636E-02
 0.1360000E+02  0.7893949E-03  0.5124820E-02  0.0000000E+00  0.5914215E-02
 0.1370000E+02  0.8006513E-03  0.5123209E-02  0.0000000E+00  0.5923861E-02
 0.1380000E+02  0.8119789E-03  0.5121594E-02  0.0000000E+00  0.5933573E-02
 0.1390000E+02  0.8233775E-03  0.5119975E-02  0.0000000E+00  0.5943352E-02
 0.1400000E+02  0.8348468E-03  0.5118351E-02  0.0000000E+00  0.5953198E-02
 0.1410000E+02  0.8463867E-03  0.5116724E-02  0.0000000E+00  0.5963110E-02
 0.1420000E+02  0.8579968E-03  0.5115092E-02  0.0000000E+00  0.5973089E-02
 0.1430000E+02  0.8696771E-03  0.5113457E-02  0.0000000E+00  0.5983134E-02
 0.1440000E+02  0.8814271E-03  0.5111818E-02  0.0000000E+00  0.5993245E-02
 0.1450000E+02  0.8932467E-03  0.5110175E-02  0.0000000E+00  0.6003422E-02
 0.1460000E+02  0.9051356E-03  0.5108530E-02  0.0000000E+00  0.6013665E-02
 0.1470000E+02  0.9170937E-03  0.5106881E-02  0.0000000E+00  0.6023975E-02
 0.1480000E+02  0.9291206E-03  0.5105229E-02  0.0000000E+00  0.6034350E-02
 0.1490000E+02  0.9412161E-03  0.5103574E-02  0.0000000E+00  0.6044791E-02
 0.1500000E+02  0.9533801E-03  0.5101917E-02  0.0000000E+00  0.6055297E-02
 0.1510000E+02  0.9656121E-03  0.5100257E-02  0.0000000E+00  0.6065870E-02
 0.1520000E+02  0.9779120E-03  0.5098595E-02  0.0000000E+00  0.6076507E-02
 0.1530000E+02  0.9902796E-03  0.5096931E-02  0.0000000E+00  0.6087211E-02
 0.1540000E+02  0.1002715E-02  0.5095265E-02  0.0000000E+00  0.6097980E-02
 0.1550000E+02  0.1015217E-02  0.5093597E-02  0.0000000E+00  0.6108814E-02
 0.1560000E+02  0.1027786E-02  0.5091927E-02  0.0000000E+00  0.6119713E-02
 0.1570000E+02  0.1040421E-02  0.5090256E-02  0.0000000E+00  0.6130677E-02
 0.1580000E+02  0.1053124E-02  0.5088583E-02  0.0000000E+00  0.6141707E-02
 0.1590000E+02  0.1065892E-02  0.5086909E-02  0.0000000E+00  0.6152801E-02
 0.1600000E+02  0.1078726E-02  0.5085235E-02  0.0000000E+00  0.6163960E-02
 0.1610000E+02  0.1091626E-02  0.5083559E-02  0.0000000E+00  0.6175185E-02
 0.1620000E+02  0.1104591E-02  0.5081883E-02  0.0000000E+00  0.6186473E-02
 0.1630000E+02  0.1117621E-02  0.5080206E-02  0.0000000E+00  0.6197827E-02
 0.1640000E+02  0.1130716E-02  0.5078528E-02  0.0000000E+00  0.6209245E-02
 0.1650000E+02  0.1143876E-02  0.5076851E-02  0.0000000E+00  0.6220727E-02
 0.1660000E+02  0.1157100E-02  0.5075174E-02  0.0000000E+00  0.6232274E-02
 0.1670000E+02  0.1170389E-02  0.5073497E-02  0.0000000E+00  0.6243885E-02
 0.1680000E+02  0.1183741E-02  0.5071820E-02  0.0000000E+00  0.6255560E-02
 0.1690000E+02  0.1197156E-02  0.5070143E-02  0.0000000E+00  0.6267300E-02
 0.1700000E+02  0.1210635E-02  0.5068468E-02  0.0000000E+00  0.6279103E-02
 0.1710000E+02  0.1224177E-02  0.5066793E-02  0.0000000E+00  0.6290970E-02
 0.1720000E+02  0.1237782E-02  0.5065119E-02  0.0000000E+00  0.6302902E-02
 0.1730000E+02  0.1251450E-02  0.5063447E-02  0.0000000E+00  0.6314896E-02
 0.1740000E+02  0.1265179E-02  0.5061776E-02  0.0000000E+00  0.6326955E-02
 0.1750000E+02  0.1278971E-02  0.5060106E-02  0.0000000E+00  0.6339077E-02
 0.1760000E+02  0.1292825E-02  0.5058438E-02  0.0000000E+00  0.6351263E-02
 0.1770000E+02  0.1306739E-02  0.5056772E-02  0.0000000E+00  0.6363512E-02
 0.1780000E+02  0.1320716E-02  0.5055109E-02  0.0000000E+00  0.6375824E-02
 0.1790000E+02  0.1334753E-02  0.5053447E-02  0.0000000E+00  0.6388200E-02
 0.1800000E+02  0.1348850E-02  0.5051788E-02  0.0000000E+00  0.6400638E-02
 0.1810000E+02  0.1363008E-02  0.5050132E-02  0.0000000E+00  0.6413140E-02
 0.1820000E+02  0.1377227E-02  0.5048478E-02  0.0000000E+00  0.6425705E-02
 0.1830000E+02  0.1391505E-02  0.5046827E-02  0.0000000E+00  0.6438332E-02
 0.1840000E+02  0.1405842E-02  0.5045180E-02  0.0000000E+00  0.6451022E-02
 0.1850000E+02  0.1420239E-02  0.5043536E-02  0.0000000E+00  0.6463775E-02
 0.1860000E+02  0.1434695E-02  0.5041896E-02  0.0000000E+00  0.6476591E-02
 0.1870000E+02  0.1449210E-02  0.5040259E-02  0.0000000E+00  0.6489469E-02
 0.1880000E+02  0.1463783E-02  0.5038626E-02  0.0000000E+00  0.6502409E-02
 0.1890000E+02  0.1478415E-02  0.5036997E-02  0.0000000E+00  0.6515412E-02
 0.1900000E+02  0.1493104E-02  0.5035373E-02  0.0000000E+00  0.6528477E-02
 0.1910000E+02  0.1507851E-02  0.5033753E-02  0.0000000E+00  0.6541604E-02
 0.1920000E+02  0.1522656E-02  0.5032138E-02  0.0000000E+00  0.6554793E-02
 0.1930000E+02  0.1537518E-02  0.5030527E-02  0.0000000E+00  0.6568045E-02
 0.1940000E+02  0.1552436E-02  0.5028922E-02  0.0000000E+00  0.6581358E-02
 0.1950000E+02  0.1567411E-02  0.5027321E-02  0.0000000E+00  0.6594732E-02
 0.1960000E+02  0.1582442E-02  0.5025727E-02  0.0000000E+00  0.6608169E-02
 0.1970000E+02  0.1597529E-02  0.5024137E-02  0.0000000E+00  0.6621667E-02
 0.1980000E+02  0.1612672E-02  0.5022554E-02  0.0000000E+00  0.6635226E-02
 0.1990000E+02  0.1627871E-02  0.5020977E-02  0.0000000E+00  0.6648847E-02
 0.2000000E+02  0.1643124E-02  0.5019405E-02  0.0000000E+00  0.6662529E-02
 0.2010000E+02  0.1658432E-02  0.5017840E-02  0.0000000E+00  0.6676273E-02
 0.2020000E+02  0.1673795E-02  0.5016282E-02  0.0000000E+00  0.6690077E-02
 0.2030000E+02  0.1689213E-02  0.5014730E-02  0.0000000E+00  0.6703943E-02
 0.2040000E+02  0.1704684E-02  0.5013185E-02  0.0000000E+00  0.6717869E-02
 0.2050000E+02  0.1720209E-02  0.5011648E-02  0.0000000E+00  0.6731857E-02
 0.2060000E+02  0.1735787E-02  0.5010118E-02  0.0000000E+00  0.6745905E-02
 0.2070000E+02  0.1751419E-02  0.5008595E-02  0.0000000E+00  0.6760014E-02
 0.2080000E+02  0.1767103E-02  0.5007080E-02  0.0000000E+00  0.6774183E-02
 0.2090000E+02  0.1782841E-02  0.5005572E-02  0.0000000E+00  0.6788413E-02
 0.2100000E+02  0.1798630E-02  0.5004073E-02  0.0000000E+00  0.6802703E-02
 0.2110000E+02  0.1814471E-02  0.5002582E-02  0.0000000E+00  0.6817054E-02
 0.2120000E+02  0.1830364E-02  0.5001100E-02  0.0000000E+00  0.6831464E-02
 0.2130000E+02  0.1846309E-02  0.4999626E-02  0.0000000E+00  0.6845935E-02
 0.2140000E+02  0.1862305E-02  0.4998161E-02  0.0000000E+00  0.6860466E-02
 0.2150000E+02  0.1878351E-02  0.4996705E-02  0.0000000E+00  0.6875057E-02
 0.2160000E+02  0.1894448E-02  0.4995259E-02  0.0000000E+00  0.6889707E-02
 0.2170000E+02  0.1910596E-02  0.4993822E-02  0.0000000E+00  0.6904418E-02
 0.2180000E+02  0.1926793E-02  0.4992394E-02  0.0000000E+00  0.6919188E-02
 0.2190000E+02  0.1943040E-02  0.4990977E-02  0.0000000E+00  0.6934017E-02
 0.2200000E+02  0.1959337E-02  0.4989569E-02  0.0000000E+00  0.6948906E-02
 0.2210000E+02  0.1975683E-02  0.4988172E-02  0.0000000E+00  0.6963854E-02
 0.2220000E+02  0.1992077E-02  0.4986785E-02  0.0000000E+00  0.6978862E-02
 0.2230000E+02  0.2008520E-02  0.4985408E-02  0.0000000E+00  0.6993929E-02
 0.2240000E+02  0.2025011E-02  0.4984043E-02  0.0000000E+00  0.7009054E-02
 0.2250000E+02  0.2041551E-02  0.4982689E-02  0.0000000E+00  0.7024239E-02
 0.2260000E+02  0.2058138E-02  0.4981345E-02  0.0000000E+00  0.7039483E-02
 0.2270000E+02  0.2074772E-02  0.4980013E-02  0.0000000E+00  0.7054785E-02
 0.2280000E+02  0.2091453E-02  0.4978693E-02  0.0000000E+00  0.7070147E-02
 0.2290000E+02  0.2108181E-02  0.4977385E-02  0.0000000E+00  0.7085566E-02
 0.2300000E+02  0.2124956E-02  0.4976089E-02  0.0000000E+00  0.7101045E-02
 0.2310000E+02  0.2141777E-02  0.4974805E-02  0.0000000E+00  0.7116581E-02
 0.2320000E+02  0.2158644E-02  0.4973533E-02  0.0000000E+00  0.7132177E-02
 0.2330000E+02  0.2175556E-02  0.4972274E-02  0.0000000E+00  0.7147830E-02
 0.2340000E+02  0.2192514E-02  0.4971028E-02  0.0000000E+00  0.7163541E-02
 0.2350000E+02  0.2209516E-02  0.4969794E-02  0.0000000E+00  0.7179311E-02
 0.2360000E+02  0.2226564E-02  0.4968574E-02  0.0000000E+00  0.7195138E-02
 0.2370000E+02  0.2243656E-02  0.4967368E-02  0.0000000E+00  0.7211024E-02
 0.2380000E+02  0.2260792E-02  0.4966175E-02  0.0000000E+00  0.7226967E-02
 0.2390000E+02  0.2277972E-02  0.4964996E-02  0.0000000E+00  0.7242968E-02
 0.2400000E+02  0.2295195E-02  0.4963831E-02  0.0000000E+00  0.7259026E-02
 0.2410000E+02  0.2312462E-02  0.4962680E-02  0.0000000E+00  0.7275142E-02
 0.2420000E+02  0.2329771E-02  0.4961544E-02  0.0000000E+00  0.7291315E-02
 0.2430000E+02  0.2347124E-02  0.4960422E-02  0.0000000E+00  0.7307546E-02
 0.2440000E+02  0.2364518E-02  0.4959315E-02  0.0000000E+00  0.7323834E-02
 0.2450000E+02  0.2381955E-02  0.4958223E-02  0.0000000E+00  0.7340178E-02
 0.2460000E+02  0.2399434E-02  0.4957147E-02  0.0000000E+00  0.7356580E-02
 0.2470000E+02  0.2416954E-02  0.4956086E-02  0.0000000E+00  0.7373039E-02
 0.2480000E+02  0.2434515E-02  0.4955040E-02  0.0000000E+00  0.7389555E-02
 0.2490000E+02  0.2452117E-02  0.4954011E-02  0.0000000E+00  0.7406127E-02
 0.2500000E+02  0.2469759E-02  0.4952997E-02  0.0000000E+00  0.7422757E-02
 0.2510000E+02  0.2487442E-02  0.4952000E-02  0.0000000E+00  0.7439442E-02
 0.2520000E+02  0.2505165E-02  0.4951019E-02  0.0000000E+00  0.7456184E-02
 0.2530000E+02  0.2522928E-02  0.4950055E-02  0.0000000E+00  0.7472983E-02
 0.2540000E+02  0.2540730E-02  0.4949108E-02  0.0000000E+00  0.7489838E-02
 0.2550000E+02  0.2558571E-02  0.4948178E-02  0.0000000E+00  0.7506749E-02
 0.2560000E+02  0.2576451E-02  0.4947265E-02  0.0000000E+00  0.7523716E-02
 0.2570000E+02  0.2594369E-02  0.4946369E-02  0.0000000E+00  0.7540739E-02
 0.2580000E+02  0.2612326E-02  0.4945492E-02  0.0000000E+00  0.7557818E-02
 0.2590000E+02  0.2630321E-02  0.4944632E-02  0.0000000E+00  0.7574953E-02
 0.2600000E+02  0.2648353E-02  0.4943790E-02  0.0000000E+00  0.7592143E-02
 0.2610000E+02  0.2666422E-02  0.4942967E-02  0.0000000E+00  0.7609389E-02
 0.2620000E+02  0.2684529E-02  0.4942162E-02  0.0000000E+00  0.7626691E-02
 0.2630000E+02  0.2702672E-02  0.4941376E-02  0.0000000E+00  0.7644048E-02
 0.2640000E+02  0.2720852E-02  0.4940609E-02  0.0000000E+00  0.7661461E-02
 0.2650000E+02  0.2739068E-02  0.4939861E-02  0.0000000E+00  0.7678928E-02
 0.2660000E+02  0.2757319E-02  0.4939132E-02  0.0000000E+00  0.7696451E-02
 0.2670000E+02  0.2775606E-02  0.4938423E-02  0.0000000E+00  0.7714029E-02
 0.2680000E+02  0.2793929E-02  0.4937734E-02  0.0000000E+00  0.7731662E-02
 0.2690000E+02  0.2812286E-02  0.4937064E-02  0.0000000E+00  0.7749350E-02
 0.2700000E+02  0.2830678E-02  0.4936415E-02  0.0000000E+00  0.7767093E-02
 0.2710000E+02  0.2849105E-02  0.4935786E-02  0.0000000E+00  0.7784890E-02
 0.2720000E+02  0.2867565E-02  0.4935177E-02  0.0000000E+00  0.7802743E-02
 0.2730000E+02  0.2886059E-02  0.4934590E-02  0.0000000E+00  0.7820649E-02
 0.2740000E+02  0.2904587E-02  0.4934023E-02  0.0000000E+00  0.7838610E-02
 0.2750000E+02  0.2923148E-02  0.4933478E-02  0.0000000E+00  0.7856625E-02
 0.2760000E+02  0.2941741E-02  0.4932954E-02  0.0000000E+00  0.7874695E-02
 0.2770000E+02  0.2960368E-02  0.4932451E-02  0.0000000E+00  0.7892819E-02
 0.2780000E+02  0.2979026E-02  0.4931970E-02  0.0000000E+00  0.7910997E-02
 0.2790000E+02  0.2997717E-02  0.4931512E-02  0.0000000E+00  0.7929228E-02
 0.2800000E+02  0.3016439E-02  0.4931075E-02  0.0000000E+00  0.7947514E-02
 0.2810000E+02  0.3035193E-02  0.4930661E-02  0.0000000E+00  0.7965854E-02
 0.2820000E+02  0.3053977E-02  0.4930269E-02  0.0000000E+00  0.7984247E-02
 0.2830000E+02  0.3072793E-02  0.4929901E-02  0.0000000E+00  0.8002694E-02
 0.2840000E+02  0.3091639E-02  0.4929555E-02  0.0000000E+00  0.8021194E-02
 0.2850000E+02  0.3110515E-02  0.4929233E-02  0.0000000E+00  0.8039748E-02
 0.2860000E+02  0.3129421E-02  0.4928934E-02  0.0000000E+00  0.8058355E-02
 0.2870000E+02  0.3148357E-02  0.4928658E-02  0.0000000E+00  0.8077015E-02
 0.2880000E+02  0.3167322E-02  0.4928407E-02  0.0000000E+00  0.8095729E-02
 0.2890000E+02  0.3186316E-02  0.4928179E-02  0.0000000E+00  0.8114495E-02
 0.2900000E+02  0.3205339E-02  0.4927976E-02  0.0000000E+00  0.8133315E-02
 0.2910000E+02  0.3224390E-02  0.4927797E-02  0.0000000E+00  0.8152187E-02
 0.2920000E+02  0.3243470E-02  0.4927643E-02  0.0000000E+00  0.8171113E-02
 0.2930000E+02  0.3262577E-02  0.4927514E-02  0.0000000E+00  0.8190091E-02
 0.2940000E+02  0.3281712E-02  0.4927409E-02  0.0000000E+00  0.8209121E-02
 0.2950000E+02  0.3300874E-02  0.4927330E-02  0.0000000E+00  0.8228204E-02
 0.2960000E+02  0.3320063E-02  0.4927277E-02  0.0000000E+00  0.8247340E-02
 0.2970000E+02  0.3339279E-02  0.4927249E-02  0.0000000E+00  0.8266528E-02
 0.2980000E+02  0.3358521E-02  0.4927247E-02  0.0000000E+00  0.8285768E-02
 0.2990000E+02  0.3377789E-02  0.4927271E-02  0.0000000E+00  0.8305060E-02
 0.3000000E+02  0.3397084E-02  0.4927321E-02  0.0000000E+00  0.8324405E-02
 0.3010000E+02  0.3416403E-02  0.4927398E-02  0.0000000E+00  0.8343801E-02
 0.3020000E+02  0.3435748E-02  0.4927501E-02  0.0000000E+00  0.8363249E-02
 0.3030000E+02  0.3455118E-02  0.4927632E-02  0.0000000E+00  0.8382750E-02
 0.3040000E+02  0.3474512E-02  0.4927789E-02  0.0000000E+00  0.8402301E-02
 0.3050000E+02  0.3493931E-02  0.4927974E-02  0.0000000E+00  0.8421905E-02
 0.3060000E+02  0.3513374E-02  0.4928186E-02  0.0000000E+00  0.8441560E-02
 0.3070000E+02  0.3532841E-02  0.4928426E-02  0.0000000E+00  0.8461266E-02
 0.3080000E+02  0.3552331E-02  0.4928694E-02  0.0000000E+00  0.8481024E-02
 0.3090000E+02  0.3571844E-02  0.4928989E-02  0.0000000E+00  0.8500833E-02
 0.3100000E+02  0.3591380E-02  0.4929314E-02  0.0000000E+00  0.8520694E-02
 0.3110000E+02  0.3610939E-02  0.4929666E-02  0.0000000E+00  0.8540605E-02
 0.3120000E+02  0.3630520E-02  0.4930047E-02  0.0000000E+00  0.8560568E-02
 0.3130000E+02  0.3650123E-02  0.4930458E-02  0.0000000E+00  0.8580581E-02
 0.3140000E+02  0.3669748E-02  0.4930897E-02  0.0000000E+00  0.8600645E-02
 0.3150000E+02  0.3689395E-02  0.4931365E-02  0.0000000E+00  0.8620760E-02
 0.3160000E+02  0.3709063E-02  0.4931863E-02  0.0000000E+00  0.8640926E-02
 0.3170000E+02  0.3728751E-02  0.4932391E-02  0.0000000E+00  0.8661142E-02
 0.3180000E+02  0.3748460E-02  0.4932948E-02  0.0000000E+00  0.8681409E-02
 0.3190000E+02  0.3768190E-02  0.4933536E-02  0.0000000E+00  0.8701726E-02
 0.3200000E+02  0.3787939E-02  0.4934154E-02  0.0000000E+00  0.8722093E-02
 0.3210000E+02  0.3807708E-02  0.4934802E-02  0.0000000E+00  0.8742511E-02
 0.3220000E+02  0.3827497E-02  0.4935481E-02  0.0000000E+00  0.8762979E-02
 0.3230000E+02  0.3847305E-02  0.4936191E-02  0.0000000E+00  0.8783496E-02
 0.3240000E+02  0.3867132E-02  0.4936932E-02  0.0000000E+00  0.8804064E-02
 0.3250000E+02  0.3886977E-02  0.4937704E-02  0.0000000E+00  0.8824682E-02
 0.3260000E+02  0.3906841E-02  0.4938508E-02  0.0000000E+00  0.8845349E-02
 0.3270000E+02  0.3926723E-02  0.4939343E-02  0.0000000E+00  0.8866066E-02
 0.3280000E+02  0.3946622E-02  0.4940211E-02  0.0000000E+00  0.8886833E-02
 0.3290000E+02  0.3966540E-02  0.4941110E-02  0.0000000E+00  0.8907649E-02
 0.3300000E+02  0.3986474E-02  0.4942041E-02  0.0000000E+00  0.8928515E-02
 0.3310000E+02  0.4006425E-02  0.4943005E-02  0.0000000E+00  0.8949430E-02
 0.3320000E+02  0.4026393E-02  0.4944002E-02  0.0000000E+00  0.8970394E-02
 0.3330000E+02  0.4046377E-02  0.4945031E-02  0.0000000E+00  0.8991408E-02
 0.3340000E+02  0.4066377E-02  0.4946093E-02  0.0000000E+00  0.9012471E-02
 0.3350000E+02  0.4086393E-02  0.4947189E-02  0.0000000E+00  0.9033582E-02
 0.3360000E+02  0.4106425E-02  0.4948318E-02  0.0000000E+00  0.9054743E-02
 0.3370000E+02  0.4126472E-02  0.4949480E-02  0.0000000E+00  0.9075952E-02
 0.3380000E+02  0.4146534E-02  0.4950677E-02  0.0000000E+00  0.9097210E-02
 0.3390000E+02  0.4166610E-02  0.4951907E-02  0.0000000E+00  0.9118517E-02
 0.3400000E+02  0.4186701E-02  0.4953171E-02  0.0000000E+00  0.9139872E-02
 0.3410000E+02  0.4206806E-02  0.4954470E-02  0.0000000E+00  0.9161276E-02
 0.3420000E+02  0.4226925E-02  0.4955803E-02  0.0000000E+00  0.9182728E-02
 0.3430000E+02  0.4247057E-02  0.4957171E-02  0.0000000E+00  0.9204229E-02
 0.3440000E+02  0.4267203E-02  0.4958574E-02  0.0000000E+00  0.9225778E-02
 0.3450000E+02  0.4287362E-02  0.4960013E-02  0.0000000E+00  0.9247375E-02
 0.3460000E+02  0.4307534E-02  0.4961486E-02  0.0000000E+00  0.9269020E-02
 0.3470000E+02  0.4327718E-02  0.4962995E-02  0.0000000E+00  0.9290713E-02
 0.3480000E+02  0.4347914E-02  0.4964539E-02  0.0000000E+00  0.9312453E-02
 0.3490000E+02  0.4368122E-02  0.4966120E-02  0.0000000E+00  0.9334242E-02
 0.3500000E+02  0.4388342E-02  0.4967736E-02  0.0000000E+00  0.9356078E-02
 0.3510000E+02  0.4408573E-02  0.4969389E-02  0.0000000E+00  0.9377962E-02
 0.3520000E+02  0.4428816E-02  0.4971078E-02  0.0000000E+00  0.9399894E-02
 0.3530000E+02  0.4449069E-02  0.4972804E-02  0.0000000E+00  0.9421873E-02
 0.3540000E+02  0.4469333E-02  0.4974567E-02  0.0000000E+00  0.9443899E-02
 0.3550000E+02  0.4489607E-02  0.4976366E-02  0.0000000E+00  0.9465973E-02
 0.3560000E+02  0.4509891E-02  0.4978203E-02  0.0000000E+00  0.9488094E-02
 0.3570000E+02  0.4530185E-02  0.4980077E-02  0.0000000E+00  0.9510262E-02
 0.3580000E+02  0.4550488E-02  0.4981989E-02  0.0000000E+00  0.9532477E-02
 0.3590000E+02  0.4570801E-02  0.4983938E-02  0.0000000E+00  0.9554739E-02
 0.3600000E+02  0.4591122E-02  0.4985926E-02  0.0000000E+00  0.9577048E-02
 0.3610000E+02  0.4611453E-02  0.4987951E-02  0.0000000E+00  0.9599404E-02
 0.3620000E+02  0.4631791E-02  0.4990015E-02  0.0000000E+00  0.9621806E-02
 0.3630000E+02  0.4652138E-02  0.4992117E-02  0.0000000E+00  0.9644255E-02
 0.3640000E+02  0.4672493E-02  0.4994258E-02  0.0000000E+00  0.9666751E-02
 0.3650000E+02  0.4692855E-02  0.4996437E-02  0.0000000E+00  0.9689293E-02
 0.3660000E+02  0.4713225E-02  0.4998656E-02  0.0000000E+00  0.9711881E-02
 0.3670000E+02  0.4733602E-02  0.5000914E-02  0.0000000E+00  0.9734516E-02
 0.3680000E+02  0.4753985E-02  0.5003211E-02  0.0000000E+00  0.9757196E-02
 0.3690000E+02  0.4774376E-02  0.5005548E-02  0.0000000E+00  0.9779923E-02
 0.3700000E+02  0.4794772E-02  0.5007924E-02  0.0000000E+00  0.9802696E-02
 0.3710000E+02  0.4815175E-02  0.5010340E-02  0.0000000E+00  0.9825515E-02
 0.3720000E+02  0.4835583E-02  0.5012797E-02  0.0000000E+00  0.9848380E-02
 0.3730000E+02  0.4855997E-02  0.5015293E-02  0.0000000E+00  0.9871290E-02
 0.3740000E+02  0.4876416E-02  0.5017830E-02  0.0000000E+00  0.9894246E-02
 0.3750000E+02  0.4896840E-02  0.5020408E-02  0.0000000E+00  0.9917248E-02
 0.3760000E+02  0.4917269E-02  0.5023027E-02  0.0000000E+00  0.9940296E-02
 0.3770000E+02  0.4937702E-02  0.5025686E-02  0.0000000E+00  0.9963388E-02
 0.3780000E+02  0.4958140E-02  0.5028386E-02  0.0000000E+00  0.9986526E-02
 0.3790000E+02  0.4978581E-02  0.5031128E-02  0.0000000E+00  0.1000971E-01
 0.3800000E+02  0.4999027E-02  0.5033911E-02  0.0000000E+00  0.1003294E-01
 0.3810000E+02  0.5019475E-02  0.5036736E-02  0.0000000E+00  0.1005621E-01
 0.3820000E+02  0.5039927E-02  0.5039603E-02  0.0000000E+00  0.1007953E-01
 0.3830000E+02  0.5060382E-02  0.5042512E-02  0.0000000E+00  0.1010289E-01
 0.3840000E+02  0.5080840E-02  0.5045463E-02  0.0000000E+00  0.1012630E-01
 0.3850000E+02  0.5101300E-02  0.5048456E-02  0.0000000E+00  0.1014976E-01
 0.3860000E+02  0.5121762E-02  0.5051492E-02  0.0000000E+00  0.1017325E-01
 0.3870000E+02  0.5142226E-02  0.5054570E-02  0.0000000E+00  0.1019680E-01
 0.3880000E+02  0.5162692E-02  0.5057691E-02  0.0000000E+00  0.1022038E-01
 0.3890000E+02  0.5183159E-02  0.5060856E-02  0.0000000E+00  0.1024401E-01
 0.3900000E+02  0.5203627E-02  0.5064063E-02  0.0000000E+00  0.1026769E-01
 0.3910000E+02  0.5224096E-02  0.5067314E-02  0.0000000E+00  0.1029141E-01
 0.3920000E+02  0.5244566E-02  0.5070608E-02  0.0000000E+00  0.1031517E-01
 0.3930000E+02  0.5265036E-02  0.5073946E-02  0.0000000E+00  0.1033898E-01
 0.3940000E+02  0.5285507E-02  0.5077328E-02  0.0000000E+00  0.1036283E-01
 0.3950000E+02  0.5305977E-02  0.5080754E-02  0.0000000E+00  0.1038673E-01
 0.3960000E+02  0.5326447E-02  0.5084224E-02  0.0000000E+00  0.1041067E-01
 0.3970000E+02  0.5346917E-02  0.5087738E-02  0.0000000E+00  0.1043465E-01
 0.3980000E+02  0.5367385E-02  0.5091297E-02  0.0000000E+00  0.1045868E-01
 0.3990000E+02  0.5387853E-02  0.5094901E-02  0.0000000E+00  0.1048275E-01
 0.4000000E+02  0.5408319E-02  0.5098549E-02  0.0000000E+00  0.1050687E-01
 0.4010000E+02  0.5428784E-02  0.5102243E-02  0.0000000E+00  0.1053103E-01
 0.4020000E+02  0.5449246E-02  0.5105981E-02  0.0000000E+00  0.1055523E-01
 0.4030000E+02  0.5469707E-02  0.5109765E-02  0.0000000E+00  0.1057947E-01
 0.4040000E+02  0.5490165E-02  0.5113594E-02  0.0000000E+00  0.1060376E-01
 0.4050000E+02  0.5510621E-02  0.5117469E-02  0.0000000E+00  0.1062809E-01
 0.4060000E+02  0.5531074E-02  0.5121390E-02  0.0000000E+00  0.1065246E-01
 0.4070000E+02  0.5551525E-02  0.5125356E-02  0.0000000E+00  0.1067688E-01
 0.4080000E+02  0.5571971E-02  0.5129369E-02  0.0000000E+00  0.1070134E-01
 0.4090000E+02  0.5592415E-02  0.5133428E-02  0.0000000E+00  0.1072584E-01
 0.4100000E+02  0.5612854E-02  0.5137534E-02  0.0000000E+00  0.1075039E-01
 0.4110000E+02  0.5633290E-02  0.5141686E-02  0.0000000E+00  0.1077498E-01
 0.4120000E+02  0.5653721E-02  0.5145884E-02  0.0000000E+00  0.1079961E-01
 0.4130000E+02  0.5674148E-02  0.5150130E-02  0.0000000E+00  0.1082428E-01
 0.4140000E+02  0.5694570E-02  0.5154423E-02  0.0000000E+00  0.1084899E-01
 0.4150000E+02  0.5714987E-02  0.5158763E-02  0.0000000E+00  0.1087375E-01
 0.4160000E+02  0.5735399E-02  0.5163150E-02  0.0000000E+00  0.1089855E-01
 0.4170000E+02  0.5755805E-02  0.5167585E-02  0.0000000E+00  0.1092339E-01
 0.4180000E+02  0.5776206E-02  0.5172067E-02  0.0000000E+00  0.1094827E-01
 0.4190000E+02  0.5796601E-02  0.5176597E-02  0.0000000E+00  0.1097320E-01
 0.4200000E+02  0.5816990E-02  0.5181175E-02  0.0000000E+00  0.1099817E-01
 0.4210000E+02  0.5837373E-02  0.5185801E-02  0.0000000E+00  0.1102317E-01
 0.4220000E+02  0.5857748E-02  0.5190476E-02  0.0000000E+00  0.1104822E-01
 0.4230000E+02  0.5878117E-02  0.5195199E-02  0.0000000E+00  0.1107332E-01
 0.4240000E+02  0.5898479E-02  0.5199970E-02  0.0000000E+00  0.1109845E-01
 0.4250000E+02  0.5918834E-02  0.5204790E-02  0.0000000E+00  0.1112362E-01
 0.4260000E+02  0.5939181E-02  0.5209659E-02  0.0000000E+00  0.1114884E-01
 0.4270000E+02  0.5959521E-02  0.5214577E-02  0.0000000E+00  0.1117410E-01
 0.4280000E+02  0.5979852E-02  0.5219544E-02  0.0000000E+00  0.1119940E-01
 0.4290000E+02  0.6000175E-02  0.5224560E-02  0.0000000E+00  0.1122474E-01
 0.4300000E+02  0.6020490E-02  0.5229626E-02  0.0000000E+00  0.1125012E-01
 0.4310000E+02  0.6040796E-02  0.5234741E-02  0.0000000E+00  0.1127554E-01
 0.4320000E+02  0.6061093E-02  0.5239906E-02  0.0000000E+00  0.1130100E-01
 0.4330000E+02  0.6081381E-02  0.5245121E-02  0.0000000E+00  0.1132650E-01
 0.4340000E+02  0.6101660E-02  0.5250385E-02  0.0000000E+00  0.1135205E-01
 0.4350000E+02  0.6121929E-02  0.5255700E-02  0.0000000E+00  0.1137763E-01
 0.4360000E+02  0.6142188E-02  0.5261065E-02  0.0000000E+00  0.1140325E-01
 0.4370000E+02  0.6162438E-02  0.5266481E-02  0.0000000E+00  0.1142892E-01
 0.4380000E+02  0.6182677E-02  0.5271947E-02  0.0000000E+00  0.1145462E-01
 0.4390000E+02  0.6202905E-02  0.5277464E-02  0.0000000E+00  0.1148037E-01
 0.4400000E+02  0.6223123E-02  0.5283031E-02  0.0000000E+00  0.1150615E-01
 0.4410000E+02  0.6243330E-02  0.5288650E-02  0.0000000E+00  0.1153198E-01
 0.4420000E+02  0.6263526E-02  0.5294319E-02  0.0000000E+00  0.1155784E-01
 0.4430000E+02  0.6283710E-02  0.5300040E-02  0.0000000E+00  0.1158375E-01
 0.4440000E+02  0.6303883E-02  0.5305812E-02  0.0000000E+00  0.1160969E-01
 0.4450000E+02  0.6324044E-02  0.5311636E-02  0.0000000E+00  0.1163568E-01
 0.4460000E+02  0.6344193E-02  0.5317511E-02  0.0000000E+00  0.1166170E-01
 0.4470000E+02  0.6364329E-02  0.5323438E-02  0.0000000E+00  0.1168777E-01
 0.4480000E+02  0.6384453E-02  0.5329416E-02  0.0000000E+00  0.1171387E-01
 0.4490000E+02  0.6404565E-02  0.5335447E-02  0.0000000E+00  0.1174001E-01
 0.4500000E+02  0.6424664E-02  0.5341530E-02  0.0000000E+00  0.1176619E-01
 0.4510000E+02  0.6444749E-02  0.5347665E-02  0.0000000E+00  0.1179241E-01
 0.4520000E+02  0.6464821E-02  0.5353853E-02  0.0000000E+00  0.1181867E-01
 0.4530000E+02  0.6484880E-02  0.5360093E-02  0.0000000E+00  0.1184497E-01
 0.4540000E+02  0.6504925E-02  0.5366386E-02  0.0000000E+00  0.1187131E-01
 0.4550000E+02  0.6524956E-02  0.5372731E-02  0.0000000E+00  0.1189769E-01
 0.4560000E+02  0.6544972E-02  0.5379130E-02  0.0000000E+00  0.1192410E-01
 0.4570000E+02  0.6564975E-02  0.5385581E-02  0.0000000E+00  0.1195056E-01
 0.4580000E+02  0.6584962E-02  0.5392086E-02  0.0000000E+00  0.1197705E-01
 0.4590000E+02  0.6604935E-02  0.5398644E-02  0.0000000E+00  0.1200358E-01
 0.4600000E+02  0.6624893E-02  0.5405255E-02  0.0000000E+00  0.1203015E-01
 0.4610000E+02  0.6644835E-02  0.5411920E-02  0.0000000E+00  0.1205676E-01
 0.4620000E+02  0.6664762E-02  0.5418638E-02  0.0000000E+00  0.1208340E-01
 0.4630000E+02  0.6684674E-02  0.5425410E-02  0.0000000E+00  0.1211008E-01
 0.4640000E+02  0.6704569E-02  0.5432236E-02  0.0000000E+00  0.1213681E-01
 0.4650000E+02  0.6724449E-02  0.5439116E-02  0.0000000E+00  0.1216357E-01
 0.4660000E+02  0.6744312E-02  0.5446050E-02  0.0000000E+00  0.1219036E-01
 0.4670000E+02  0.6764158E-02  0.5453039E-02  0.0000000E+00  0.1221720E-01
 0.4680000E+02  0.6783988E-02  0.5460082E-02  0.0000000E+00  0.1224407E-01
 0.4690000E+02  0.6803801E-02  0.5467179E-02  0.0000000E+00  0.1227098E-01
 0.4700000E+02  0.6823597E-02  0.5474330E-02  0.0000000E+00  0.1229793E-01
 0.4710000E+02  0.6843376E-02  0.5481537E-02  0.0000000E+00  0.1232491E-01
 0.4720000E+02  0.6863136E-02  0.5488798E-02  0.0000000E+00  0.1235193E-01
 0.4730000E+02  0.6882880E-02  0.5496114E-02  0.0000000E+00  0.1237899E-01
 0.4740000E+02  0.6902605E-02  0.5503485E-02  0.0000000E+00  0.1240609E-01
 0.4750000E+02  0.6922312E-02  0.5510912E-02  0.0000000E+00  0.1243322E-01
 0.4760000E+02  0.6942001E-02  0.5518393E-02  0.0000000E+00  0.1246039E-01
 0.4770000E+02  0.6961671E-02  0.5525930E-02  0.0000000E+00  0.1248760E-01
 0.4780000E+02  0.6981322E-02  0.5533522E-02  0.0000000E+00  0.1251484E-01
 0.4790000E+02  0.7000955E-02  0.5541170E-02  0.0000000E+00  0.1254213E-01
 0.4800000E+02  0.7020568E-02  0.5548874E-02  0.0000000E+00  0.1256944E-01
 0.4810000E+02  0.7040162E-02  0.5556633E-02  0.0000000E+00  0.1259680E-01
 0.4820000E+02  0.7059737E-02  0.5564449E-02  0.0000000E+00  0.1262419E-01
 0.4830000E+02  0.7079291E-02  0.5572320E-02  0.0000000E+00  0.1265161E-01
 0.4840000E+02  0.7098826E-02  0.5580248E-02  0.0000000E+00  0.1267907E-01
 0.4850000E+02  0.7118341E-02  0.5588231E-02  0.0000000E+00  0.1270657E-01
 0.4860000E+02  0.7137835E-02  0.5596271E-02  0.0000000E+00  0.1273411E-01
 0.4870000E+02  0.7157309E-02  0.5604368E-02  0.0000000E+00  0.1276168E-01
 0.4880000E+02  0.7176762E-02  0.5612520E-02  0.0000000E+00  0.1278928E-01
 0.4890000E+02  0.7196194E-02  0.5620730E-02  0.0000000E+00  0.1281692E-01
 0.4900000E+02  0.7215604E-02  0.5628996E-02  0.0000000E+00  0.1284460E-01
 0.4910000E+02  0.7234994E-02  0.5637319E-02  0.0000000E+00  0.1287231E-01
 0.4920000E+02  0.7254362E-02  0.5645699E-02  0.0000000E+00  0.1290006E-01
 0.4930000E+02  0.7273708E-02  0.5654136E-02  0.0000000E+00  0.1292784E-01
 0.4940000E+02  0.7293033E-02  0.5662630E-02  0.0000000E+00  0.1295566E-01
 0.4950000E+02  0.7312335E-02  0.5671181E-02  0.0000000E+00  0.1298352E-01
 0.4960000E+02  0.7331615E-02  0.5679790E-02  0.0000000E+00  0.1301141E-01
 0.4970000E+02  0.7350873E-02  0.5688456E-02  0.0000000E+00  0.1303933E-01
 0.4980000E+02  0.7370108E-02  0.5697180E-02  0.0000000E+00  0.1306729E-01
 0.4990000E+02  0.7389320E-02  0.5705961E-02  0.0000000E+00  0.1309528E-01
 0.5000000E+02  0.7408509E-02  0.5714799E-02  0.0000000E+00  0.1312331E-01
 0.5010000E+02  0.7427675E-02  0.5723696E-02  0.0000000E+00  0.1315137E-01
 0.5020000E+02  0.7446817E-02  0.5732650E-02  0.0000000E+00  0.1317947E-01
 0.5030000E+02  0.7465936E-02  0.5741662E-02  0.0000000E+00  0.1320760E-01
 0.5040000E+02  0.7485031E-02  0.5750733E-02  0.0000000E+00  0.1323576E-01
 0.5050000E+02  0.7504101E-02  0.5759861E-02  0.0000000E+00  0.1326396E-01
 0.5060000E+02  0.7523148E-02  0.5769048E-02  0.0000000E+00  0.1329220E-01
 0.5070000E+02  0.7542171E-02  0.5778293E-02  0.0000000E+00  0.1332046E-01
 0.5080000E+02  0.7561169E-02  0.5787596E-02  0.0000000E+00  0.1334876E-01
 0.5090000E+02  0.7580142E-02  0.5796958E-02  0.0000000E+00  0.1337710E-01
 0.5100000E+02  0.7599090E-02  0.5806378E-02  0.0000000E+00  0.1340547E-01
 0.5110000E+02  0.7618013E-02  0.5815857E-02  0.0000000E+00  0.1343387E-01
 0.5120000E+02  0.7636911E-02  0.5825395E-02  0.0000000E+00  0.1346231E-01
 0.5130000E+02  0.7655783E-02  0.5834992E-02  0.0000000E+00  0.1349077E-01
 0.5140000E+02  0.7674630E-02  0.5844647E-02  0.0000000E+00  0.1351928E-01
 0.5150000E+02  0.7693451E-02  0.5854362E-02  0.0000000E+00  0.1354781E-01
 0.5160000E+02  0.7712246E-02  0.5864135E-02  0.0000000E+00  0.1357638E-01
 0.5170000E+02  0.7731015E-02  0.5873968E-02  0.0000000E+00  0.1360498E-01
 0.5180000E+02  0.7749757E-02  0.5883859E-02  0.0000000E+00  0.1363362E-01
 0.5190000E+02  0.7768473E-02  0.5893810E-02  0.0000000E+00  0.1366228E-01
 0.5200000E+02  0.7787162E-02  0.5903821E-02  0.0000000E+00  0.1369098E-01
 0.5210000E+02  0.7805824E-02  0.5913891E-02  0.0000000E+00  0.1371971E-01
 0.5220000E+02  0.7824459E-02  0.5924020E-02  0.0000000E+00  0.1374848E-01
 0.5230000E+02  0.7843067E-02  0.5934209E-02  0.0000000E+00  0.1377728E-01
 0.5240000E+02  0.7861647E-02  0.5944457E-02  0.0000000E+00  0.1380610E-01
 0.5250000E+02  0.7880200E-02  0.5954766E-02  0.0000000E+00  0.1383497E-01
 0.5260000E+02  0.7898725E-02  0.5965134E-02  0.0000000E+00  0.1386386E-01
 0.5270000E+02  0.7917222E-02  0.5975562E-02  0.0000000E+00  0.1389278E-01
 0.5280000E+02  0.7935691E-02  0.5986050E-02  0.0000000E+00  0.1392174E-01
 0.5290000E+02  0.7954132E-02  0.5996598E-02  0.0000000E+00  0.1395073E-01
 0.5300000E+02  0.7972544E-02  0.6007206E-02  0.0000000E+00  0.1397975E-01
 0.5310000E+02  0.7990927E-02  0.6017874E-02  0.0000000E+00  0.1400880E-01
 0.5320000E+02  0.8009282E-02  0.6028602E-02  0.0000000E+00  0.1403788E-01
 0.5330000E+02  0.8027607E-02  0.6039391E-02  0.0000000E+00  0.1406700E-01
 0.5340000E+02  0.8045904E-02  0.6050240E-02  0.0000000E+00  0.1409614E-01
 0.5350000E+02  0.8064171E-02  0.6061149E-02  0.0000000E+00  0.1412532E-01
 0.5360000E+02  0.8082408E-02  0.6072119E-02  0.0000000E+00  0.1415453E-01
 0.5370000E+02  0.8100616E-02  0.6083149E-02  0.0000000E+00  0.1418377E-01
 0.5380000E+02  0.8118794E-02  0.6094240E-02  0.0000000E+00  0.1421303E-01
 0.5390000E+02  0.8136942E-02  0.6105392E-02  0.0000000E+00  0.1424233E-01
 0.5400000E+02  0.8155059E-02  0.6116604E-02  0.0000000E+00  0.1427166E-01
 0.5410000E+02  0.8173147E-02  0.6127878E-02  0.0000000E+00  0.1430102E-01
 0.5420000E+02  0.8191204E-02  0.6139212E-02  0.0000000E+00  0.1433042E-01
 0.5430000E+02  0.8209230E-02  0.6150607E-02  0.0000000E+00  0.1435984E-01
 0.5440000E+02  0.8227225E-02  0.6162062E-02  0.0000000E+00  0.1438929E-01
 0.5450000E+02  0.8245189E-02  0.6173579E-02  0.0000000E+00  0.1441877E-01
 0.5460000E+02  0.8263122E-02  0.6185157E-02  0.0000000E+00  0.1444828E-01
 0.5470000E+02  0.8281024E-02  0.6196796E-02  0.0000000E+00  0.1447782E-01
 0.5480000E+02  0.8298894E-02  0.6208497E-02  0.0000000E+00  0.1450739E-01
 0.5490000E+02  0.8316732E-02  0.6220258E-02  0.0000000E+00  0.1453699E-01
 0.5500000E+02  0.8334538E-02  0.6232081E-02  0.0000000E+00  0.1456662E-01
 0.5510000E+02  0.8352313E-02  0.6243965E-02  0.0000000E+00  0.1459628E-01
 0.5520000E+02  0.8370055E-02  0.6255910E-02  0.0000000E+00  0.1462597E-01
 0.5530000E+02  0.8387765E-02  0.6267917E-02  0.0000000E+00  0.1465568E-01
 0.5540000E+02  0.8405442E-02  0.6279986E-02  0.0000000E+00  0.1468543E-01
 0.5550000E+02  0.8423087E-02  0.6292116E-02  0.0000000E+00  0.1471520E-01
 0.5560000E+02  0.8440699E-02  0.6304307E-02  0.0000000E+00  0.1474501E-01
 0.5570000E+02  0.8458277E-02  0.6316561E-02  0.0000000E+00  0.1477484E-01
 0.5580000E+02  0.8475823E-02  0.6328876E-02  0.0000000E+00  0.1480470E-01
 0.5590000E+02  0.8493335E-02  0.6341252E-02  0.0000000E+00  0.1483459E-01
 0.5600000E+02  0.8510814E-02  0.6353690E-02  0.0000000E+00  0.1486450E-01
 0.5610000E+02  0.8528259E-02  0.6366191E-02  0.0000000E+00  0.1489445E-01
 0.5620000E+02  0.8545670E-02  0.6378753E-02  0.0000000E+00  0.1492442E-01
 0.5630000E+02  0.8563048E-02  0.6391377E-02  0.0000000E+00  0.1495442E-01
 0.5640000E+02  0.8580391E-02  0.6404063E-02  0.0000000E+00  0.1498445E-01
 0.5650000E+02  0.8597700E-02  0.6416810E-02  0.0000000E+00  0.1501451E-01
 0.5660000E+02  0.8614974E-02  0.6429620E-02  0.0000000E+00  0.1504459E-01
 0.5670000E+02  0.8632214E-02  0.6442492E-02  0.0000000E+00  0.1507471E-01
 0.5680000E+02  0.8649419E-02  0.6455426E-02  0.0000000E+00  0.1510485E-01
 0.5690000E+02  0.8666589E-02  0.6468423E-02  0.0000000E+00  0.1513501E-01
 0.5700000E+02  0.8683725E-02  0.6481481E-02  0.0000000E+00  0.1516521E-01
 0.5710000E+02  0.8700824E-02  0.6494602E-02  0.0000000E+00  0.1519543E-01
 0.5720000E+02  0.8717889E-02  0.6507784E-02  0.0000000E+00  0.1522567E-01
 0.5730000E+02  0.8734918E-02  0.6521030E-02  0.0000000E+00  0.1525595E-01
 0.5740000E+02  0.8751911E-02  0.6534337E-02  0.0000000E+00  0.1528625E-01
 0.5750000E+02  0.8768869E-02  0.6547707E-02  0.0000000E+00  0.1531658E-01
 0.5760000E+02  0.8785790E-02  0.6561139E-02  0.0000000E+00  0.1534693E-01
 0.5770000E+02  0.8802675E-02  0.6574634E-02  0.0000000E+00  0.1537731E-01
 0.5780000E+02  0.8819524E-02  0.6588191E-02  0.0000000E+00  0.1540771E-01
 0.5790000E+02  0.8836337E-02  0.6601810E-02  0.0000000E+00  0.1543815E-01
 0.5800000E+02  0.8853113E-02  0.6615492E-02  0.0000000E+00  0.1546860E-01
 0.5810000E+02  0.8869852E-02  0.6629237E-02  0.0000000E+00  0.1549909E-01
 0.5820000E+02  0.8886554E-02  0.6643044E-02  0.0000000E+00  0.1552960E-01
 0.5830000E+02  0.8903220E-02  0.6656913E-02  0.0000000E+00  0.1556013E-01
 0.5840000E+02  0.8919848E-02  0.6670846E-02  0.0000000E+00  0.1559069E-01
 0.5850000E+02  0.8936438E-02  0.6684841E-02  0.0000000E+00  0.1562128E-01
 0.5860000E+02  0.8952991E-02  0.6698898E-02  0.0000000E+00  0.1565189E-01
 0.5870000E+02  0.8969507E-02  0.6713018E-02  0.0000000E+00  0.1568253E-01
 0.5880000E+02  0.8985985E-02  0.6727201E-02  0.0000000E+00  0.1571319E-01
 0.5890000E+02  0.9002424E-02  0.6741447E-02  0.0000000E+00  0.1574387E-01
 0.5900000E+02  0.9018826E-02  0.6755756E-02  0.0000000E+00  0.1577458E-01
 0.5910000E+02  0.9035190E-02  0.6770127E-02  0.0000000E+00  0.1580532E-01
 0.5920000E+02  0.9051515E-02  0.6784561E-02  0.0000000E+00  0.1583608E-01
 0.5930000E+02  0.9067801E-02  0.6799058E-02  0.0000000E+00  0.1586686E-01
 0.5940000E+02  0.9084049E-02  0.6813617E-02  0.0000000E+00  0.1589767E-01
 0.5950000E+02  0.9100258E-02  0.6828240E-02  0.0000000E+00  0.1592850E-01
 0.5960000E+02  0.9116428E-02  0.6842925E-02  0.0000000E+00  0.1595935E-01
 0.5970000E+02  0.9132559E-02  0.6857673E-02  0.0000000E+00  0.1599023E-01
 0.5980000E+02  0.9148651E-02  0.6872484E-02  0.0000000E+00  0.1602113E-01
 0.5990000E+02  0.9164703E-02  0.6887358E-02  0.0000000E+00  0.1605206E-01
 0.6000000E+02  0.9180715E-02  0.6902295E-02  0.0000000E+00  0.1608301E-01
 0.6010000E+02  0.9196688E-02  0.6917295E-02  0.0000000E+00  0.1611398E-01
 0.6020000E+02  0.9212622E-02  0.6932358E-02  0.0000000E+00  0.1614498E-01
 0.6030000E+02  0.9228515E-02  0.6947484E-02  0.0000000E+00  0.1617600E-01
 0.6040000E+02  0.9244368E-02  0.6962672E-02  0.0000000E+00  0.1620704E-01
 0.6050000E+02  0.9260181E-02  0.6977924E-02  0.0000000E+00  0.1623810E-01
 0.6060000E+02  0.9275953E-02  0.6993239E-02  0.0000000E+00  0.1626919E-01
 0.6070000E+02  0.9291685E-02  0.7008616E-02  0.0000000E+00  0.1630030E-01
 0.6080000E+02  0.9307376E-02  0.7024057E-02  0.0000000E+00  0.1633143E-01
 0.6090000E+02  0.9323027E-02  0.7039561E-02  0.0000000E+00  0.1636259E-01
 0.6100000E+02  0.9338636E-02  0.7055127E-02  0.0000000E+00  0.1639376E-01
 0.6110000E+02  0.9354205E-02  0.7070757E-02  0.0000000E+00  0.1642496E-01
 0.6120000E+02  0.9369732E-02  0.7086450E-02  0.0000000E+00  0.1645618E-01
 0.6130000E+02  0.9385217E-02  0.7102205E-02  0.0000000E+00  0.1648742E-01
 0.6140000E+02  0.9400662E-02  0.7118024E-02  0.0000000E+00  0.1651869E-01
 0.6150000E+02  0.9416064E-02  0.7133906E-02  0.0000000E+00  0.1654997E-01
 0.6160000E+02  0.9431425E-02  0.7149851E-02  0.0000000E+00  0.1658128E-01
 0.6170000E+02  0.9446744E-02  0.7165859E-02  0.0000000E+00  0.1661260E-01
 0.6180000E+02  0.9462021E-02  0.7181929E-02  0.0000000E+00  0.1664395E-01
 0.6190000E+02  0.9477255E-02  0.7198063E-02  0.0000000E+00  0.1667532E-01
 0.6200000E+02  0.9492448E-02  0.7214260E-02  0.0000000E+00  0.1670671E-01
 0.6210000E+02  0.9507597E-02  0.7230520E-02  0.0000000E+00  0.1673812E-01
 0.6220000E+02  0.9522705E-02  0.7246843E-02  0.0000000E+00  0.1676955E-01
 0.6230000E+02  0.9537769E-02  0.7263229E-02  0.0000000E+00  0.1680100E-01
 0.6240000E+02  0.9552791E-02  0.7279678E-02  0.0000000E+00  0.1683247E-01
 0.6250000E+02  0.9567769E-02  0.7296190E-02  0.0000000E+00  0.1686396E-01
 0.6260000E+02  0.9582705E-02  0.7312765E-02  0.0000000E+00  0.1689547E-01
 0.6270000E+02  0.9597597E-02  0.7329403E-02  0.0000000E+00  0.1692700E-01
 0.6280000E+02  0.9612446E-02  0.7346103E-02  0.0000000E+00  0.1695855E-01
 0.6290000E+02  0.9627251E-02  0.7362867E-02  0.0000000E+00  0.1699012E-01
 0.6300000E+02  0.9642013E-02  0.7379694E-02  0.0000000E+00  0.1702171E-01
 0.6310000E+02  0.9656731E-02  0.7396584E-02  0.0000000E+00  0.1705331E-01
 0.6320000E+02  0.9671405E-02  0.7413536E-02  0.0000000E+00  0.1708494E-01
 0.6330000E+02  0.9686035E-02  0.7430552E-02  0.0000000E+00  0.1711659E-01
 0.6340000E+02  0.9700620E-02  0.7447631E-02  0.0000000E+00  0.1714825E-01
 0.6350000E+02  0.9715162E-02  0.7464772E-02  0.0000000E+00  0.1717993E-01
 0.6360000E+02  0.9729658E-02  0.7481976E-02  0.0000000E+00  0.1721163E-01
 0.6370000E+02  0.9744111E-02  0.7499243E-02  0.0000000E+00  0.1724335E-01
 0.6380000E+02  0.9758518E-02  0.7516574E-02  0.0000000E+00  0.1727509E-01
 0.6390000E+02  0.9772881E-02  0.7533966E-02  0.0000000E+00  0.1730685E-01
 0.6400000E+02  0.9787199E-02  0.7551422E-02  0.0000000E+00  0.1733862E-01
 0.6410000E+02  0.9801472E-02  0.7568940E-02  0.0000000E+00  0.1737041E-01
 0.6420000E+02  0.9815699E-02  0.7586522E-02  0.0000000E+00  0.1740222E-01
 0.6430000E+02  0.9829882E-02  0.7604166E-02  0.0000000E+00  0.1743405E-01
 0.6440000E+02  0.9844018E-02  0.7621873E-02  0.0000000E+00  0.1746589E-01
 0.6450000E+02  0.9858109E-02  0.7639642E-02  0.0000000E+00  0.1749775E-01
 0.6460000E+02  0.9872155E-02  0.7657474E-02  0.0000000E+00  0.1752963E-01
 0.6470000E+02  0.9886154E-02  0.7675369E-02  0.0000000E+00  0.1756152E-01
 0.6480000E+02  0.9900108E-02  0.7693326E-02  0.0000000E+00  0.1759343E-01
 0.6490000E+02  0.9914015E-02  0.7711347E-02  0.0000000E+00  0.1762536E-01
 0.6500000E+02  0.9927877E-02  0.7729429E-02  0.0000000E+00  0.1765731E-01
 0.6510000E+02  0.9941692E-02  0.7747575E-02  0.0000000E+00  0.1768927E-01
 0.6520000E+02  0.9955460E-02  0.7765783E-02  0.0000000E+00  0.1772124E-01
 0.6530000E+02  0.9969182E-02  0.7784053E-02  0.0000000E+00  0.1775323E-01
 0.6540000E+02  0.9982857E-02  0.7802386E-02  0.0000000E+00  0.1778524E-01
 0.6550000E+02  0.9996486E-02  0.7820781E-02  0.0000000E+00  0.1781727E-01
 0.6560000E+02  0.1001007E-01  0.7839239E-02  0.0000000E+00  0.1784931E-01
 0.6570000E+02  0.1002360E-01  0.7857759E-02  0.0000000E+00  0.1788136E-01
 0.6580000E+02  0.1003709E-01  0.7876342E-02  0.0000000E+00  0.1791343E-01
 0.6590000E+02  0.1005053E-01  0.7894987E-02  0.0000000E+00  0.1794551E-01
 0.6600000E+02  0.1006392E-01  0.7913694E-02  0.0000000E+00  0.1797761E-01
 0.6610000E+02  0.1007727E-01  0.7932463E-02  0.0000000E+00  0.1800973E-01
 0.6620000E+02  0.1009056E-01  0.7951295E-02  0.0000000E+00  0.1804186E-01
 0.6630000E+02  0.1010381E-01  0.7970189E-02  0.0000000E+00  0.1807400E-01
 0.6640000E+02  0.1011701E-01  0.7989145E-02  0.0000000E+00  0.1810616E-01
 0.6650000E+02  0.1013017E-01  0.8008164E-02  0.0000000E+00  0.1813833E-01
 0.6660000E+02  0.1014327E-01  0.8027244E-02  0.0000000E+00  0.1817052E-01
 0.6670000E+02  0.1015633E-01  0.8046387E-02  0.0000000E+00  0.1820271E-01
 0.6680000E+02  0.1016934E-01  0.8065591E-02  0.0000000E+00  0.1823493E-01
 0.6690000E+02  0.1018230E-01  0.8084858E-02  0.0000000E+00  0.1826715E-01
 0.6700000E+02  0.1019521E-01  0.8104186E-02  0.0000000E+00  0.1829939E-01
 0.6710000E+02  0.1020807E-01  0.8123576E-02  0.0000000E+00  0.1833165E-01
 0.6720000E+02  0.1022088E-01  0.8143029E-02  0.0000000E+00  0.1836391E-01
 0.6730000E+02  0.1023365E-01  0.8162543E-02  0.0000000E+00  0.1839619E-01
 0.6740000E+02  0.1024636E-01  0.8182119E-02  0.0000000E+00  0.1842848E-01
 0.6750000E+02  0.1025903E-01  0.8201756E-02  0.0000000E+00  0.1846079E-01
 0.6760000E+02  0.1027165E-01  0.8221456E-02  0.0000000E+00  0.1849310E-01
 0.6770000E+02  0.1028422E-01  0.8241217E-02  0.0000000E+00  0.1852543E-01
 0.6780000E+02  0.1029673E-01  0.8261039E-02  0.0000000E+00  0.1855777E-01
 0.6790000E+02  0.1030920E-01  0.8280923E-02  0.0000000E+00  0.1859013E-01
 0.6800000E+02  0.1032162E-01  0.8300869E-02  0.0000000E+00  0.1862249E-01
 0.6810000E+02  0.1033399E-01  0.8320876E-02  0.0000000E+00  0.1865487E-01
 0.6820000E+02  0.1034631E-01  0.8340945E-02  0.0000000E+00  0.1868725E-01
 0.6830000E+02  0.1035858E-01  0.8361075E-02  0.0000000E+00  0.1871965E-01
 0.6840000E+02  0.1037080E-01  0.8381266E-02  0.0000000E+00  0.1875206E-01
 0.6850000E+02  0.1038296E-01  0.8401519E-02  0.0000000E+00  0.1878448E-01
 0.6860000E+02  0.1039508E-01  0.8421833E-02  0.0000000E+00  0.1881691E-01
 0.6870000E+02  0.1040715E-01  0.8442208E-02  0.0000000E+00  0.1884936E-01
 0.6880000E+02  0.1041916E-01  0.8462644E-02  0.0000000E+00  0.1888181E-01
 0.6890000E+02  0.1043113E-01  0.8483141E-02  0.0000000E+00  0.1891427E-01
 0.6900000E+02  0.1044304E-01  0.8503699E-02  0.0000000E+00  0.1894674E-01
 0.6910000E+02  0.1045491E-01  0.8524318E-02  0.0000000E+00  0.1897923E-01
 0.6920000E+02  0.1046672E-01  0.8544998E-02  0.0000000E+00  0.1901172E-01
 0.6930000E+02  0.1047848E-01  0.8565739E-02  0.0000000E+00  0.1904422E-01
 0.6940000E+02  0.1049019E-01  0.8586541E-02  0.0000000E+00  0.1907673E-01
 0.6950000E+02  0.1050185E-01  0.8607403E-02  0.0000000E+00  0.1910925E-01
 0.6960000E+02  0.1051346E-01  0.8628327E-02  0.0000000E+00  0.1914178E-01
 0.6970000E+02  0.1052501E-01  0.8649310E-02  0.0000000E+00  0.1917432E-01
 0.6980000E+02  0.1053652E-01  0.8670355E-02  0.0000000E+00  0.1920687E-01
 0.6990000E+02  0.1054797E-01  0.8691460E-02  0.0000000E+00  0.1923943E-01
 0.7000000E+02  0.1055937E-01  0.8712625E-02  0.0000000E+00  0.1927199E-01
 0.7010000E+02  0.1057071E-01  0.8733851E-02  0.0000000E+00  0.1930457E-01
 0.7020000E+02  0.1058201E-01  0.8755137E-02  0.0000000E+00  0.1933715E-01
 0.7030000E+02  0.1059325E-01  0.8776483E-02  0.0000000E+00  0.1936974E-01
 0.7040000E+02  0.1060444E-01  0.8797889E-02  0.0000000E+00  0.1940233E-01
 0.7050000E+02  0.1061558E-01  0.8819356E-02  0.0000000E+00  0.1943494E-01
 0.7060000E+02  0.1062667E-01  0.8840883E-02  0.0000000E+00  0.1946755E-01
 0.7070000E+02  0.1063770E-01  0.8862469E-02  0.0000000E+00  0.1950017E-01
 0.7080000E+02  0.1064868E-01  0.8884116E-02  0.0000000E+00  0.1953280E-01
 0.7090000E+02  0.1065961E-01  0.8905822E-02  0.0000000E+00  0.1956543E-01
 0.7100000E+02  0.1067048E-01  0.8927589E-02  0.0000000E+00  0.1959807E-01
 0.7110000E+02  0.1068130E-01  0.8949415E-02  0.0000000E+00  0.1963072E-01
 0.7120000E+02  0.1069207E-01  0.8971301E-02  0.0000000E+00  0.1966337E-01
 0.7130000E+02  0.1070278E-01  0.8993246E-02  0.0000000E+00  0.1969603E-01
 0.7140000E+02  0.1071345E-01  0.9015251E-02  0.0000000E+00  0.1972870E-01
 0.7150000E+02  0.1072405E-01  0.9037315E-02  0.0000000E+00  0.1976137E-01
 0.7160000E+02  0.1073461E-01  0.9059439E-02  0.0000000E+00  0.1979405E-01
 0.7170000E+02  0.1074511E-01  0.9081622E-02  0.0000000E+00  0.1982673E-01
 0.7180000E+02  0.1075555E-01  0.9103864E-02  0.0000000E+00  0.1985942E-01
 0.7190000E+02  0.1076595E-01  0.9126165E-02  0.0000000E+00  0.1989211E-01
 0.7200000E+02  0.1077628E-01  0.9148526E-02  0.0000000E+00  0.1992481E-01
 0.7210000E+02  0.1078657E-01  0.9170945E-02  0.0000000E+00  0.1995751E-01
 0.7220000E+02  0.1079680E-01  0.9193424E-02  0.0000000E+00  0.1999022E-01
 0.7230000E+02  0.1080697E-01  0.9215961E-02  0.0000000E+00  0.2002293E-01
 0.7240000E+02  0.1081709E-01  0.9238558E-02  0.0000000E+00  0.2005565E-01
 0.7250000E+02  0.1082716E-01  0.9261212E-02  0.0000000E+00  0.2008837E-01
 0.7260000E+02  0.1083717E-01  0.9283926E-02  0.0000000E+00  0.2012110E-01
 0.7270000E+02  0.1084713E-01  0.9306698E-02  0.0000000E+00  0.2015383E-01
 0.7280000E+02  0.1085703E-01  0.9329529E-02  0.0000000E+00  0.2018656E-01
 0.7290000E+02  0.1086688E-01  0.9352418E-02  0.0000000E+00  0.2021930E-01
 0.7300000E+02  0.1087667E-01  0.9375365E-02  0.0000000E+00  0.2025204E-01
 0.7310000E+02  0.1088641E-01  0.9398371E-02  0.0000000E+00  0.2028478E-01
 0.7320000E+02  0.1089609E-01  0.9421434E-02  0.0000000E+00  0.2031753E-01
 0.7330000E+02  0.1090572E-01  0.9444556E-02  0.0000000E+00  0.2035028E-01
 0.7340000E+02  0.1091529E-01  0.9467736E-02  0.0000000E+00  0.2038303E-01
 0.7350000E+02  0.1092481E-01  0.9490974E-02  0.0000000E+00  0.2041578E-01
 0.7360000E+02  0.1093427E-01  0.9514269E-02  0.0000000E+00  0.2044854E-01
 0.7370000E+02  0.1094367E-01  0.9537623E-02  0.0000000E+00  0.2048130E-01
 0.7380000E+02  0.1095302E-01  0.9561034E-02  0.0000000E+00  0.2051406E-01
 0.7390000E+02  0.1096232E-01  0.9584502E-02  0.0000000E+00  0.2054682E-01
 0.7400000E+02  0.1097155E-01  0.9608029E-02  0.0000000E+00  0.2057958E-01
 0.7410000E+02  0.1098074E-01  0.9631612E-02  0.0000000E+00  0.2061235E-01
 0.7420000E+02  0.1098986E-01  0.9655253E-02  0.0000000E+00  0.2064511E-01
 0.7430000E+02  0.1099893E-01  0.9678951E-02  0.0000000E+00  0.2067788E-01
 0.7440000E+02  0.1100794E-01  0.9702706E-02  0.0000000E+00  0.2071065E-01
 0.7450000E+02  0.1101690E-01  0.9726518E-02  0.0000000E+00  0.2074342E-01
 0.7460000E+02  0.1102580E-01  0.9750387E-02  0.0000000E+00  0.2077619E-01
 0.7470000E+02  0.1103464E-01  0.9774313E-02  0.0000000E+00  0.2080896E-01
 0.7480000E+02  0.1104343E-01  0.9798296E-02  0.0000000E+00  0.2084173E-01
 0.7490000E+02  0.1105216E-01  0.9822336E-02  0.0000000E+00  0.2087450E-01
 0.7500000E+02  0.1106083E-01  0.9846432E-02  0.0000000E+00  0.2090727E-01
 0.7510000E+02  0.1106945E-01  0.9870585E-02  0.0000000E+00  0.2094003E-01
 0.7520000E+02  0.1107801E-01  0.9894794E-02  0.0000000E+00  0.2097280E-01
 0.7530000E+02  0.1108651E-01  0.9919059E-02  0.0000000E+00  0.2100557E-01
 0.7540000E+02  0.1109496E-01  0.9943381E-02  0.0000000E+00  0.2103834E-01
 0.7550000E+02  0.1110334E-01  0.9967758E-02  0.0000000E+00  0.2107110E-01
 0.7560000E+02  0.1111168E-01  0.9992192E-02  0.0000000E+00  0.2110387E-01
 0.7570000E+02  0.1111995E-01  0.1001668E-01  0.0000000E+00  0.2113663E-01
 0.7580000E+02  0.1112816E-01  0.1004123E-01  0.0000000E+00  0.2116939E-01
 0.7590000E+02  0.1113632E-01  0.1006583E-01  0.0000000E+00  0.2120215E-01
 0.7600000E+02  0.1114442E-01  0.1009049E-01  0.0000000E+00  0.2123491E-01
 0.7610000E+02  0.1115247E-01  0.1011520E-01  0.0000000E+00  0.2126766E-01
 0.7620000E+02  0.1116045E-01  0.1013997E-01  0.0000000E+00  0.2130042E-01
 0.7630000E+02  0.1116838E-01  0.1016479E-01  0.0000000E+00  0.2133317E-01
 0.7640000E+02  0.1117625E-01  0.1018967E-01  0.0000000E+00  0.2136591E-01
 0.7650000E+02  0.1118406E-01  0.1021460E-01  0.0000000E+00  0.2139866E-01
 0.7660000E+02  0.1119181E-01  0.1023959E-01  0.0000000E+00  0.2143140E-01
 0.7670000E+02  0.1119950E-01  0.1026463E-01  0.0000000E+00  0.2146414E-01
 0.7680000E+02  0.1120714E-01  0.1028973E-01  0.0000000E+00  0.2149687E-01
 0.7690000E+02  0.1121472E-01  0.1031488E-01  0.0000000E+00  0.2152960E-01
 0.7700000E+02  0.1122224E-01  0.1034009E-01  0.0000000E+00  0.2156233E-01
 0.7710000E+02  0.1122970E-01  0.1036535E-01  0.0000000E+00  0.2159505E-01
 0.7720000E+02  0.1123710E-01  0.1039067E-01  0.0000000E+00  0.2162777E-01
 0.7730000E+02  0.1124444E-01  0.1041604E-01  0.0000000E+00  0.2166048E-01
 0.7740000E+02  0.1125173E-01  0.1044147E-01  0.0000000E+00  0.2169319E-01
 0.7750000E+02  0.1125895E-01  0.1046695E-01  0.0000000E+00  0.2172590E-01
 0.7760000E+02  0.1126612E-01  0.1049248E-01  0.0000000E+00  0.2175860E-01
 0.7770000E+02  0.1127323E-01  0.1051807E-01  0.0000000E+00  0.2179129E-01
 0.7780000E+02  0.1128028E-01  0.1054371E-01  0.0000000E+00  0.2182398E-01
 0.7790000E+02  0.1128726E-01  0.1056940E-01  0.0000000E+00  0.2185667E-01
 0.7800000E+02  0.1129419E-01  0.1059515E-01  0.0000000E+00  0.2188934E-01
 0.7810000E+02  0.1130107E-01  0.1062095E-01  0.0000000E+00  0.2192202E-01
 0.7820000E+02  0.1130788E-01  0.1064681E-01  0.0000000E+00  0.2195468E-01
 0.7830000E+02  0.1131463E-01  0.1067271E-01  0.0000000E+00  0.2198734E-01
 0.7840000E+02  0.1132132E-01  0.1069868E-01  0.0000000E+00  0.2202000E-01
 0.7850000E+02  0.1132795E-01  0.1072469E-01  0.0000000E+00  0.2205264E-01
 0.7860000E+02  0.1133453E-01  0.1075076E-01  0.0000000E+00  0.2208528E-01
 0.7870000E+02  0.1134104E-01  0.1077688E-01  0.0000000E+00  0.2211792E-01
 0.7880000E+02  0.1134749E-01  0.1080305E-01  0.0000000E+00  0.2215054E-01
 0.7890000E+02  0.1135389E-01  0.1082927E-01  0.0000000E+00  0.2218316E-01
 0.7900000E+02  0.1136022E-01  0.1085555E-01  0.0000000E+00  0.2221577E-01
 0.7910000E+02  0.1136650E-01  0.1088188E-01  0.0000000E+00  0.2224838E-01
 0.7920000E+02  0.1137271E-01  0.1090826E-01  0.0000000E+00  0.2228097E-01
 0.7930000E+02  0.1137886E-01  0.1093470E-01  0.0000000E+00  0.2231356E-01
 0.7940000E+02  0.1138496E-01  0.1096118E-01  0.0000000E+00  0.2234614E-01
 0.7950000E+02  0.1139099E-01  0.1098772E-01  0.0000000E+00  0.2237871E-01
 0.7960000E+02  0.1139696E-01  0.1101431E-01  0.0000000E+00  0.2241127E-01
 0.7970000E+02  0.1140287E-01  0.1104095E-01  0.0000000E+00  0.2244382E-01
 0.7980000E+02  0.1140872E-01  0.1106764E-01  0.0000000E+00  0.2247637E-01
 0.7990000E+02  0.1141451E-01  0.1109439E-01  0.0000000E+00  0.2250890E-01
 0.8000000E+02  0.1142024E-01  0.1112118E-01  0.0000000E+00  0.2254143E-01
 0.8010000E+02  0.1142591E-01  0.1114803E-01  0.0000000E+00  0.2257394E-01
 0.8020000E+02  0.1143152E-01  0.1117493E-01  0.0000000E+00  0.2260645E-01
 0.8030000E+02  0.1143707E-01  0.1120187E-01  0.0000000E+00  0.2263895E-01
 0.8040000E+02  0.1144256E-01  0.1122887E-01  0.0000000E+00  0.2267143E-01
 0.8050000E+02  0.1144798E-01  0.1125592E-01  0.0000000E+00  0.2270391E-01
 0.8060000E+02  0.1145335E-01  0.1128302E-01  0.0000000E+00  0.2273637E-01
 0.8070000E+02  0.1145865E-01  0.1131017E-01  0.0000000E+00  0.2276883E-01
 0.8080000E+02  0.1146390E-01  0.1133737E-01  0.0000000E+00  0.2280127E-01
 0.8090000E+02  0.1146908E-01  0.1136462E-01  0.0000000E+00  0.2283370E-01
 0.8100000E+02  0.1147420E-01  0.1139193E-01  0.0000000E+00  0.2286612E-01
 0.8110000E+02  0.1147926E-01  0.1141928E-01  0.0000000E+00  0.2289853E-01
 0.8120000E+02  0.1148425E-01  0.1144668E-01  0.0000000E+00  0.2293093E-01
 0.8130000E+02  0.1148919E-01  0.1147413E-01  0.0000000E+00  0.2296332E-01
 0.8140000E+02  0.1149406E-01  0.1150163E-01  0.0000000E+00  0.2299569E-01
 0.8150000E+02  0.1149888E-01  0.1152917E-01  0.0000000E+00  0.2302805E-01
 0.8160000E+02  0.1150363E-01  0.1155677E-01  0.0000000E+00  0.2306040E-01
 0.8170000E+02  0.1150832E-01  0.1158442E-01  0.0000000E+00  0.2309274E-01
 0.8180000E+02  0.1151295E-01  0.1161212E-01  0.0000000E+00  0.2312506E-01
 0.8190000E+02  0.1151751E-01  0.1163986E-01  0.0000000E+00  0.2315737E-01
 0.8200000E+02  0.1152202E-01  0.1166765E-01  0.0000000E+00  0.2318967E-01
 0.8210000E+02  0.1152646E-01  0.1169550E-01  0.0000000E+00  0.2322196E-01
 0.8220000E+02  0.1153084E-01  0.1172339E-01  0.0000000E+00  0.2325423E-01
 0.8230000E+02  0.1153516E-01  0.1175133E-01  0.0000000E+00  0.2328649E-01
 0.8240000E+02  0.1153942E-01  0.1177931E-01  0.0000000E+00  0.2331873E-01
 0.8250000E+02  0.1154361E-01  0.1180735E-01  0.0000000E+00  0.2335096E-01
 0.8260000E+02  0.1154774E-01  0.1183543E-01  0.0000000E+00  0.2338317E-01
 0.8270000E+02  0.1155181E-01  0.1186356E-01  0.0000000E+00  0.2341538E-01
 0.8280000E+02  0.1155582E-01  0.1189174E-01  0.0000000E+00  0.2344756E-01
 0.8290000E+02  0.1155976E-01  0.1191997E-01  0.0000000E+00  0.2347973E-01
 0.8300000E+02  0.1156365E-01  0.1194824E-01  0.0000000E+00  0.2351189E-01
 0.8310000E+02  0.1156747E-01  0.1197656E-01  0.0000000E+00  0.2354403E-01
 0.8320000E+02  0.1157123E-01  0.1200493E-01  0.0000000E+00  0.2357616E-01
 0.8330000E+02  0.1157492E-01  0.1203335E-01  0.0000000E+00  0.2360827E-01
 0.8340000E+02  0.1157855E-01  0.1206181E-01  0.0000000E+00  0.2364036E-01
 0.8350000E+02  0.1158212E-01  0.1209032E-01  0.0000000E+00  0.2367244E-01
 0.8360000E+02  0.1158563E-01  0.1211887E-01  0.0000000E+00  0.2370450E-01
 0.8370000E+02  0.1158908E-01  0.1214747E-01  0.0000000E+00  0.2373655E-01
 0.8380000E+02  0.1159246E-01  0.1217612E-01  0.0000000E+00  0.2376858E-01
 0.8390000E+02  0.1159578E-01  0.1220482E-01  0.0000000E+00  0.2380059E-01
 0.8400000E+02  0.1159903E-01  0.1223356E-01  0.0000000E+00  0.2383259E-01
 0.8410000E+02  0.1160223E-01  0.1226234E-01  0.0000000E+00  0.2386457E-01
 0.8420000E+02  0.1160536E-01  0.1229117E-01  0.0000000E+00  0.2389653E-01
 0.8430000E+02  0.1160843E-01  0.1232005E-01  0.0000000E+00  0.2392848E-01
 0.8440000E+02  0.1161143E-01  0.1234897E-01  0.0000000E+00  0.2396040E-01
 0.8450000E+02  0.1161437E-01  0.1237794E-01  0.0000000E+00  0.2399231E-01
 0.8460000E+02  0.1161725E-01  0.1240695E-01  0.0000000E+00  0.2402420E-01
 0.8470000E+02  0.1162007E-01  0.1243601E-01  0.0000000E+00  0.2405608E-01
 0.8480000E+02  0.1162282E-01  0.1246511E-01  0.0000000E+00  0.2408793E-01
 0.8490000E+02  0.1162551E-01  0.1249426E-01  0.0000000E+00  0.2411977E-01
 0.8500000E+02  0.1162813E-01  0.1252345E-01  0.0000000E+00  0.2415159E-01
 0.8510000E+02  0.1163069E-01  0.1255269E-01  0.0000000E+00  0.2418338E-01
 0.8520000E+02  0.1163319E-01  0.1258197E-01  0.0000000E+00  0.2421516E-01
 0.8530000E+02  0.1163563E-01  0.1261130E-01  0.0000000E+00  0.2424692E-01
 0.8540000E+02  0.1163800E-01  0.1264067E-01  0.0000000E+00  0.2427867E-01
 0.8550000E+02  0.1164031E-01  0.1267008E-01  0.0000000E+00  0.2431039E-01
 0.8560000E+02  0.1164255E-01  0.1269954E-01  0.0000000E+00  0.2434209E-01
 0.8570000E+02  0.1164473E-01  0.1272904E-01  0.0000000E+00  0.2437377E-01
 0.8580000E+02  0.1164685E-01  0.1275858E-01  0.0000000E+00  0.2440543E-01
 0.8590000E+02  0.1164891E-01  0.1278817E-01  0.0000000E+00  0.2443707E-01
 0.8600000E+02  0.1165090E-01  0.1281780E-01  0.0000000E+00  0.2446869E-01
 0.8610000E+02  0.1165282E-01  0.1284747E-01  0.0000000E+00  0.2450029E-01
 0.8620000E+02  0.1165469E-01  0.1287719E-01  0.0000000E+00  0.2453187E-01
 0.8630000E+02  0.1165649E-01  0.1290694E-01  0.0000000E+00  0.2456343E-01
 0.8640000E+02  0.1165822E-01  0.1293675E-01  0.0000000E+00  0.2459497E-01
 0.8650000E+02  0.1165989E-01  0.1296659E-01  0.0000000E+00  0.2462648E-01
 0.8660000E+02  0.1166150E-01  0.1299647E-01  0.0000000E+00  0.2465798E-01
 0.8670000E+02  0.1166305E-01  0.1302640E-01  0.0000000E+00  0.2468945E-01
 0.8680000E+02  0.1166453E-01  0.1305637E-01  0.0000000E+00  0.2472090E-01
 0.8690000E+02  0.1166594E-01  0.1308638E-01  0.0000000E+00  0.2475232E-01
 0.8700000E+02  0.1166729E-01  0.1311644E-01  0.0000000E+00  0.2478373E-01
 0.8710000E+02  0.1166858E-01  0.1314653E-01  0.0000000E+00  0.2481511E-01
 0.8720000E+02  0.1166981E-01  0.1317667E-01  0.0000000E+00  0.2484647E-01
 0.8730000E+02  0.1167097E-01  0.1320684E-01  0.0000000E+00  0.2487781E-01
 0.8740000E+02  0.1167206E-01  0.1323706E-01  0.0000000E+00  0.2490912E-01
 0.8750000E+02  0.1167310E-01  0.1326732E-01  0.0000000E+00  0.2494042E-01
 0.8760000E+02  0.1167406E-01  0.1329762E-01  0.0000000E+00  0.2497168E-01
 0.8770000E+02  0.1167497E-01  0.1332796E-01  0.0000000E+00  0.2500293E-01
 0.8780000E+02  0.1167581E-01  0.1335834E-01  0.0000000E+00  0.2503415E-01
 0.8790000E+02  0.1167658E-01  0.1338876E-01  0.0000000E+00  0.2506534E-01
 0.8800000E+02  0.1167729E-01  0.1341922E-01  0.0000000E+00  0.2509651E-01
 0.8810000E+02  0.1167794E-01  0.1344972E-01  0.0000000E+00  0.2512766E-01
 0.8820000E+02  0.1167852E-01  0.1348026E-01  0.0000000E+00  0.2515879E-01
 0.8830000E+02  0.1167904E-01  0.1351084E-01  0.0000000E+00  0.2518988E-01
 0.8840000E+02  0.1167950E-01  0.1354146E-01  0.0000000E+00  0.2522096E-01
 0.8850000E+02  0.1167989E-01  0.1357212E-01  0.0000000E+00  0.2525201E-01
 0.8860000E+02  0.1168021E-01  0.1360282E-01  0.0000000E+00  0.2528303E-01
 0.8870000E+02  0.1168047E-01  0.1363355E-01  0.0000000E+00  0.2531403E-01
 0.8880000E+02  0.1168067E-01  0.1366433E-01  0.0000000E+00  0.2534500E-01
 0.8890000E+02  0.1168080E-01  0.1369514E-01  0.0000000E+00  0.2537595E-01
 0.8900000E+02  0.1168087E-01  0.1372599E-01  0.0000000E+00  0.2540687E-01
 0.8910000E+02  0.1168088E-01  0.1375689E-01  0.0000000E+00  0.2543776E-01
 0.8920000E+02  0.1168082E-01  0.1378781E-01  0.0000000E+00  0.2546863E-01
 0.8930000E+02  0.1168069E-01  0.1381878E-01  0.0000000E+00  0.2549947E-01
 0.8940000E+02  0.1168050E-01  0.1384979E-01  0.0000000E+00  0.2553029E-01
 0.8950000E+02  0.1168025E-01  0.1388083E-01  0.0000000E+00  0.2556108E-01
 0.8960000E+02  0.1167993E-01  0.1391191E-01  0.0000000E+00  0.2559184E-01
 0.8970000E+02  0.1167955E-01  0.1394303E-01  0.0000000E+00  0.2562257E-01
 0.8980000E+02  0.1167910E-01  0.1397418E-01  0.0000000E+00  0.2565328E-01
 0.8990000E+02  0.1167859E-01  0.1400537E-01  0.0000000E+00  0.2568396E-01
 0.9000000E+02  0.1167801E-01  0.1403660E-01  0.0000000E+00  0.2571461E-01
 0.9010000E+02  0.1167737E-01  0.1406787E-01  0.0000000E+00  0.2574524E-01
 0.9020000E+02  0.1167666E-01  0.1409917E-01  0.0000000E+00  0.2577583E-01
 0.9030000E+02  0.1167589E-01  0.1413051E-01  0.0000000E+00  0.2580640E-01
 0.9040000E+02  0.1167506E-01  0.1416188E-01  0.0000000E+00  0.2583694E-01
 0.9050000E+02  0.1167416E-01  0.1419329E-01  0.0000000E+00  0.2586745E-01
 0.9060000E+02  0.1167320E-01  0.1422474E-01  0.0000000E+00  0.2589793E-01
 0.9070000E+02  0.1167217E-01  0.1425622E-01  0.0000000E+00  0.2592839E-01
 0.9080000E+02  0.1167108E-01  0.1428774E-01  0.0000000E+00  0.2595881E-01
 0.9090000E+02  0.1166992E-01  0.1431929E-01  0.0000000E+00  0.2598921E-01
 0.9100000E+02  0.1166870E-01  0.1435088E-01  0.0000000E+00  0.2601957E-01
 0.9110000E+02  0.1166741E-01  0.1438250E-01  0.0000000E+00  0.2604991E-01
 0.9120000E+02  0.1166606E-01  0.1441416E-01  0.0000000E+00  0.2608022E-01
 0.9130000E+02  0.1166464E-01  0.1444585E-01  0.0000000E+00  0.2611049E-01
 0.9140000E+02  0.1166316E-01  0.1447758E-01  0.0000000E+00  0.2614074E-01
 0.9150000E+02  0.1166162E-01  0.1450934E-01  0.0000000E+00  0.2617096E-01
 0.9160000E+02  0.1166001E-01  0.1454114E-01  0.0000000E+00  0.2620114E-01
 0.9170000E+02  0.1165833E-01  0.1457297E-01  0.0000000E+00  0.2623130E-01
 0.9180000E+02  0.1165659E-01  0.1460483E-01  0.0000000E+00  0.2626142E-01
 0.9190000E+02  0.1165479E-01  0.1463673E-01  0.0000000E+00  0.2629152E-01
 0.9200000E+02  0.1165292E-01  0.1466866E-01  0.0000000E+00  0.2632158E-01
 0.9210000E+02  0.1165099E-01  0.1470062E-01  0.0000000E+00  0.2635161E-01
 0.9220000E+02  0.1164899E-01  0.1473262E-01  0.0000000E+00  0.2638161E-01
 0.9230000E+02  0.1164693E-01  0.1476465E-01  0.0000000E+00  0.2641158E-01
 0.9240000E+02  0.1164481E-01  0.1479671E-01  0.0000000E+00  0.2644152E-01
 0.9250000E+02  0.1164262E-01  0.1482881E-01  0.0000000E+00  0.2647143E-01
 0.9260000E+02  0.1164036E-01  0.1486094E-01  0.0000000E+00  0.2650130E-01
 0.9270000E+02  0.1163804E-01  0.1489310E-01  0.0000000E+00  0.2653114E-01
 0.9280000E+02  0.1163566E-01  0.1492529E-01  0.0000000E+00  0.2656095E-01
 0.9290000E+02  0.1163321E-01  0.1495752E-01  0.0000000E+00  0.2659073E-01
 0.9300000E+02  0.1163070E-01  0.1498978E-01  0.0000000E+00  0.2662047E-01
 0.9310000E+02  0.1162812E-01  0.1502206E-01  0.0000000E+00  0.2665018E-01
 0.9320000E+02  0.1162548E-01  0.1505438E-01  0.0000000E+00  0.2667986E-01
 0.9330000E+02  0.1162277E-01  0.1508674E-01  0.0000000E+00  0.2670950E-01
 0.9340000E+02  0.1162000E-01  0.1511912E-01  0.0000000E+00  0.2673912E-01
 0.9350000E+02  0.1161716E-01  0.1515153E-01  0.0000000E+00  0.2676869E-01
 0.9360000E+02  0.1161426E-01  0.1518398E-01  0.0000000E+00  0.2679824E-01
 0.9370000E+02  0.1161130E-01  0.1521645E-01  0.0000000E+00  0.2682775E-01
 0.9380000E+02  0.1160827E-01  0.1524896E-01  0.0000000E+00  0.2685723E-01
 0.9390000E+02  0.1160518E-01  0.1528149E-01  0.0000000E+00  0.2688667E-01
 0.9400000E+02  0.1160202E-01  0.1531406E-01  0.0000000E+00  0.2691608E-01
 0.9410000E+02  0.1159880E-01  0.1534665E-01  0.0000000E+00  0.2694545E-01
 0.9420000E+02  0.1159551E-01  0.1537928E-01  0.0000000E+00  0.2697479E-01
 0.9430000E+02  0.1159216E-01  0.1541193E-01  0.0000000E+00  0.2700409E-01
 0.9440000E+02  0.1158875E-01  0.1544462E-01  0.0000000E+00  0.2703336E-01
 0.9450000E+02  0.1158527E-01  0.1547733E-01  0.0000000E+00  0.2706260E-01
 0.9460000E+02  0.1158173E-01  0.1551007E-01  0.0000000E+00  0.2709180E-01
 0.9470000E+02  0.1157812E-01  0.1554284E-01  0.0000000E+00  0.2712096E-01
 0.9480000E+02  0.1157445E-01  0.1557564E-01  0.0000000E+00  0.2715009E-01
 0.9490000E+02  0.1157071E-01  0.1560847E-01  0.0000000E+00  0.2717918E-01
 0.9500000E+02  0.1156691E-01  0.1564133E-01  0.0000000E+00  0.2720824E-01
 0.9510000E+02  0.1156305E-01  0.1567421E-01  0.0000000E+00  0.2723726E-01
 0.9520000E+02  0.1155912E-01  0.1570713E-01  0.0000000E+00  0.2726625E-01
 0.9530000E+02  0.1155513E-01  0.1574007E-01  0.0000000E+00  0.2729520E-01
 0.9540000E+02  0.1155107E-01  0.1577304E-01  0.0000000E+00  0.2732411E-01
 0.9550000E+02  0.1154695E-01  0.1580603E-01  0.0000000E+00  0.2735298E-01
 0.9560000E+02  0.1154277E-01  0.1583906E-01  0.0000000E+00  0.2738182E-01
 0.9570000E+02  0.1153852E-01  0.1587211E-01  0.0000000E+00  0.2741063E-01
 0.9580000E+02  0.1153421E-01  0.1590518E-01  0.0000000E+00  0.2743939E-01
 0.9590000E+02  0.1152983E-01  0.1593829E-01  0.0000000E+00  0.2746812E-01
 0.9600000E+02  0.1152539E-01  0.1597142E-01  0.0000000E+00  0.2749681E-01
 0.9610000E+02  0.1152089E-01  0.1600457E-01  0.0000000E+00  0.2752546E-01
 0.9620000E+02  0.1151632E-01  0.1603776E-01  0.0000000E+00  0.2755408E-01
 0.9630000E+02  0.1151169E-01  0.1607097E-01  0.0000000E+00  0.2758266E-01
 0.9640000E+02  0.1150700E-01  0.1610420E-01  0.0000000E+00  0.2761120E-01
 0.9650000E+02  0.1150224E-01  0.1613746E-01  0.0000000E+00  0.2763970E-01
 0.9660000E+02  0.1149742E-01  0.1617075E-01  0.0000000E+00  0.2766816E-01
 0.9670000E+02  0.1149253E-01  0.1620406E-01  0.0000000E+00  0.2769659E-01
 0.9680000E+02  0.1148758E-01  0.1623739E-01  0.0000000E+00  0.2772497E-01
 0.9690000E+02  0.1148257E-01  0.1627075E-01  0.0000000E+00  0.2775332E-01
 0.9700000E+02  0.1147749E-01  0.1630414E-01  0.0000000E+00  0.2778163E-01
 0.9710000E+02  0.1147235E-01  0.1633755E-01  0.0000000E+00  0.2780990E-01
 0.9720000E+02  0.1146715E-01  0.1637099E-01  0.0000000E+00  0.2783813E-01
 0.9730000E+02  0.1146188E-01  0.1640444E-01  0.0000000E+00  0.2786633E-01
 0.9740000E+02  0.1145655E-01  0.1643793E-01  0.0000000E+00  0.2789448E-01
 0.9750000E+02  0.1145116E-01  0.1647143E-01  0.0000000E+00  0.2792259E-01
 0.9760000E+02  0.1144570E-01  0.1650497E-01  0.0000000E+00  0.2795067E-01
 0.9770000E+02  0.1144018E-01  0.1653852E-01  0.0000000E+00  0.2797870E-01
 0.9780000E+02  0.1143460E-01  0.1657210E-01  0.0000000E+00  0.2800670E-01
 0.9790000E+02  0.1142895E-01  0.1660570E-01  0.0000000E+00  0.2803465E-01
 0.9800000E+02  0.1142325E-01  0.1663932E-01  0.0000000E+00  0.2806257E-01
 0.9810000E+02  0.1141747E-01  0.1667297E-01  0.0000000E+00  0.2809044E-01
 0.9820000E+02  0.1141164E-01  0.1670663E-01  0.0000000E+00  0.2811827E-01
 0.9830000E+02  0.1140574E-01  0.1674032E-01  0.0000000E+00  0.2814607E-01
 0.9840000E+02  0.1139978E-01  0.1677404E-01  0.0000000E+00  0.2817382E-01
 0.9850000E+02  0.1139376E-01  0.1680777E-01  0.0000000E+00  0.2820153E-01
 0.9860000E+02  0.1138767E-01  0.1684153E-01  0.0000000E+00  0.2822920E-01
 0.9870000E+02  0.1138152E-01  0.1687531E-01  0.0000000E+00  0.2825683E-01
 0.9880000E+02  0.1137531E-01  0.1690911E-01  0.0000000E+00  0.2828442E-01
 0.9890000E+02  0.1136904E-01  0.1694293E-01  0.0000000E+00  0.2831197E-01
 0.9900000E+02  0.1136270E-01  0.1697677E-01  0.0000000E+00  0.2833947E-01
 0.9910000E+02  0.1135630E-01  0.1701063E-01  0.0000000E+00  0.2836694E-01
 0.9920000E+02  0.1134984E-01  0.1704452E-01  0.0000000E+00  0.2839436E-01
 0.9930000E+02  0.1134332E-01  0.1707842E-01  0.0000000E+00  0.2842174E-01
 0.9940000E+02  0.1133673E-01  0.1711235E-01  0.0000000E+00  0.2844908E-01
 0.9950000E+02  0.1133008E-01  0.1714629E-01  0.0000000E+00  0.2847637E-01
 0.9960000E+02  0.1132337E-01  0.1718026E-01  0.0000000E+00  0.2850363E-01
 0.9970000E+02  0.1131660E-01  0.1721424E-01  0.0000000E+00  0.2853084E-01
 0.9980000E+02  0.1130976E-01  0.1724825E-01  0.0000000E+00  0.2855801E-01
 0.9990000E+02  0.1130286E-01  0.1728227E-01  0.0000000E+00  0.2858513E-01
 0.1000000E+03  0.1129591E-01  0.1731631E-01  0.0000000E+00  0.2861222E-01
