 0.2000000E+00  0.1400000E+01
 0.4000000E+00  0.1400000E+01
 0.6000000E+00  0.1400000E+01
 0.8000000E+00  0.1400000E+01
 0.1000000E+01  0.1400000E+01
 0.1200000E+01  0.1400000E+01
 0.1400000E+01  0.1400000E+01
 0.1600000E+01  0.1400000E+01
 0.1800000E+01  0.1400000E+01
 0.2000000E+01  0.1400000E+01
 0.2200000E+01  0.1400000E+01
 0.2400000E+01  0.1400000E+01
 0.2600000E+01  0.1400000E+01
 0.2800000E+01  0.1400001E+01
 0.3000000E+01  0.1400001E+01
 0.3200000E+01  0.1400001E+01
 0.3400000E+01  0.1400002E+01
 0.3600000E+01  0.1400002E+01
 0.3800000E+01  0.1400002E+01
 0.4000000E+01  0.1400003E+01
 0.4200000E+01  0.1400004E+01
 0.4400000E+01  0.1400004E+01
 0.4600000E+01  0.1400005E+01
 0.4800000E+01  0.1400006E+01
 0.5000000E+01  0.1400006E+01
 0.5200000E+01  0.1400007E+01
 0.5400000E+01  0.1400008E+01
 0.5600000E+01  0.1400009E+01
 0.5800000E+01  0.1400010E+01
 0.6000000E+01  0.1400011E+01
 0.6200000E+01  0.1400012E+01
 0.6400000E+01  0.1400014E+01
 0.6600000E+01  0.1400015E+01
 0.6800000E+01  0.1400016E+01
 0.7000000E+01  0.1400018E+01
 0.7200000E+01  0.1400020E+01
 0.7400000E+01  0.1400021E+01
 0.7600000E+01  0.1400023E+01
 0.7800000E+01  0.1400025E+01
 0.8000000E+01  0.1400027E+01
 0.8200000E+01  0.1400029E+01
 0.8400000E+01  0.1400031E+01
 0.8600000E+01  0.1400033E+01
 0.8800000E+01  0.1400036E+01
 0.9000000E+01  0.1400038E+01
 0.9200000E+01  0.1400041E+01
 0.9400000E+01  0.1400044E+01
 0.9600000E+01  0.1400047E+01
 0.9800000E+01  0.1400050E+01
 0.1000000E+02  0.1400053E+01
 0.1020000E+02  0.1400056E+01
 0.1040000E+02  0.1400060E+01
 0.1060000E+02  0.1400063E+01
 0.1080000E+02  0.1400067E+01
 0.1100000E+02  0.1400071E+01
 0.1120000E+02  0.1400075E+01
 0.1140000E+02  0.1400080E+01
 0.1160000E+02  0.1400084E+01
 0.1180000E+02  0.1400089E+01
 0.1200000E+02  0.1400093E+01
 0.1220000E+02  0.1400098E+01
 0.1240000E+02  0.1400103E+01
 0.1260000E+02  0.1400109E+01
 0.1280000E+02  0.1400114E+01
 0.1300000E+02  0.1400120E+01
 0.1320000E+02  0.1400126E+01
 0.1340000E+02  0.1400132E+01
 0.1360000E+02  0.1400138E+01
 0.1380000E+02  0.1400145E+01
 0.1400000E+02  0.1400152E+01
 0.1420000E+02  0.1400159E+01
 0.1440000E+02  0.1400166E+01
 0.1460000E+02  0.1400173E+01
 0.1480000E+02  0.1400181E+01
 0.1500000E+02  0.1400189E+01
 0.1520000E+02  0.1400197E+01
 0.1540000E+02  0.1400205E+01
 0.1560000E+02  0.1400214E+01
 0.1580000E+02  0.1400222E+01
 0.1600000E+02  0.1400231E+01
 0.1620000E+02  0.1400241E+01
 0.1640000E+02  0.1400250E+01
 0.1660000E+02  0.1400260E+01
 0.1680000E+02  0.1400270E+01
 0.1700000E+02  0.1400281E+01
 0.1720000E+02  0.1400291E+01
 0.1740000E+02  0.1400302E+01
 0.1760000E+02  0.1400313E+01
 0.1780000E+02  0.1400325E+01
 0.1800000E+02  0.1400336E+01
 0.1820000E+02  0.1400348E+01
 0.1840000E+02  0.1400361E+01
 0.1860000E+02  0.1400373E+01
 0.1880000E+02  0.1400386E+01
 0.1900000E+02  0.1400399E+01
 0.1920000E+02  0.1400413E+01
 0.1940000E+02  0.1400426E+01
 0.1960000E+02  0.1400440E+01
 0.1980000E+02  0.1400455E+01
 0.2000000E+02  0.1400469E+01
 0.2020000E+02  0.1400484E+01
 0.2040000E+02  0.1400500E+01
 0.2060000E+02  0.1400515E+01
 0.2080000E+02  0.1400531E+01
 0.2100000E+02  0.1400547E+01
 0.2120000E+02  0.1400564E+01
 0.2140000E+02  0.1400581E+01
 0.2160000E+02  0.1400598E+01
 0.2180000E+02  0.1400616E+01
 0.2200000E+02  0.1400633E+01
 0.2220000E+02  0.1400652E+01
 0.2240000E+02  0.1400670E+01
 0.2260000E+02  0.1400689E+01
 0.2280000E+02  0.1400708E+01
 0.2300000E+02  0.1400728E+01
 0.2320000E+02  0.1400747E+01
 0.2340000E+02  0.1400768E+01
 0.2360000E+02  0.1400788E+01
 0.2380000E+02  0.1400809E+01
 0.2400000E+02  0.1400830E+01
 0.2420000E+02  0.1400852E+01
 0.2440000E+02  0.1400874E+01
 0.2460000E+02  0.1400896E+01
 0.2480000E+02  0.1400919E+01
 0.2500000E+02  0.1400941E+01
 0.2520000E+02  0.1400965E+01
 0.2540000E+02  0.1400988E+01
 0.2560000E+02  0.1401012E+01
 0.2580000E+02  0.1401037E+01
 0.2600000E+02  0.1401061E+01
 0.2620000E+02  0.1401086E+01
 0.2640000E+02  0.1401112E+01
 0.2660000E+02  0.1401138E+01
 0.2680000E+02  0.1401164E+01
 0.2700000E+02  0.1401190E+01
 0.2720000E+02  0.1401217E+01
 0.2740000E+02  0.1401244E+01
 0.2760000E+02  0.1401272E+01
 0.2780000E+02  0.1401300E+01
 0.2800000E+02  0.1401328E+01
 0.2820000E+02  0.1401357E+01
 0.2840000E+02  0.1401386E+01
 0.2860000E+02  0.1401415E+01
 0.2880000E+02  0.1401445E+01
 0.2900000E+02  0.1401475E+01
 0.2920000E+02  0.1401505E+01
 0.2940000E+02  0.1401536E+01
 0.2960000E+02  0.1401567E+01
 0.2980000E+02  0.1401598E+01
 0.3000000E+02  0.1401630E+01
 0.3020000E+02  0.1401662E+01
 0.3040000E+02  0.1401695E+01
 0.3060000E+02  0.1401728E+01
 0.3080000E+02  0.1401761E+01
 0.3100000E+02  0.1401795E+01
 0.3120000E+02  0.1401829E+01
 0.3140000E+02  0.1401863E+01
 0.3160000E+02  0.1401898E+01
 0.3180000E+02  0.1401933E+01
 0.3200000E+02  0.1401968E+01
 0.3220000E+02  0.1402004E+01
 0.3240000E+02  0.1402040E+01
 0.3260000E+02  0.1402076E+01
 0.3280000E+02  0.1402113E+01
 0.3300000E+02  0.1402150E+01
 0.3320000E+02  0.1402188E+01
 0.3340000E+02  0.1402226E+01
 0.3360000E+02  0.1402264E+01
 0.3380000E+02  0.1402303E+01
 0.3400000E+02  0.1402342E+01
 0.3420000E+02  0.1402381E+01
 0.3440000E+02  0.1402420E+01
 0.3460000E+02  0.1402460E+01
 0.3480000E+02  0.1402501E+01
 0.3500000E+02  0.1402541E+01
 0.3520000E+02  0.1402582E+01
 0.3540000E+02  0.1402624E+01
 0.3560000E+02  0.1402665E+01
 0.3580000E+02  0.1402707E+01
 0.3600000E+02  0.1402750E+01
 0.3620000E+02  0.1402792E+01
 0.3640000E+02  0.1402835E+01
 0.3660000E+02  0.1402879E+01
 0.3680000E+02  0.1402922E+01
 0.3700000E+02  0.1402966E+01
 0.3720000E+02  0.1403011E+01
 0.3740000E+02  0.1403055E+01
 0.3760000E+02  0.1403100E+01
 0.3780000E+02  0.1403146E+01
 0.3800000E+02  0.1403191E+01
 0.3820000E+02  0.1403237E+01
 0.3840000E+02  0.1403284E+01
 0.3860000E+02  0.1403330E+01
 0.3880000E+02  0.1403377E+01
 0.3900000E+02  0.1403425E+01
 0.3920000E+02  0.1403472E+01
 0.3940000E+02  0.1403520E+01
 0.3960000E+02  0.1403569E+01
 0.3980000E+02  0.1403617E+01
 0.4000000E+02  0.1403666E+01
 0.4020000E+02  0.1403715E+01
 0.4040000E+02  0.1403765E+01
 0.4060000E+02  0.1403815E+01
 0.4080000E+02  0.1403865E+01
 0.4100000E+02  0.1403915E+01
 0.4120000E+02  0.1403966E+01
 0.4140000E+02  0.1404017E+01
 0.4160000E+02  0.1404068E+01
 0.4180000E+02  0.1404120E+01
 0.4200000E+02  0.1404172E+01
 0.4220000E+02  0.1404224E+01
 0.4240000E+02  0.1404277E+01
 0.4260000E+02  0.1404330E+01
 0.4280000E+02  0.1404383E+01
 0.4300000E+02  0.1404436E+01
 0.4320000E+02  0.1404490E+01
 0.4340000E+02  0.1404544E+01
 0.4360000E+02  0.1404599E+01
 0.4380000E+02  0.1404653E+01
 0.4400000E+02  0.1404708E+01
 0.4420000E+02  0.1404763E+01
 0.4440000E+02  0.1404819E+01
 0.4460000E+02  0.1404875E+01
 0.4480000E+02  0.1404931E+01
 0.4500000E+02  0.1404987E+01
 0.4520000E+02  0.1405044E+01
 0.4540000E+02  0.1405101E+01
 0.4560000E+02  0.1405158E+01
 0.4580000E+02  0.1405215E+01
 0.4600000E+02  0.1405273E+01
 0.4620000E+02  0.1405331E+01
 0.4640000E+02  0.1405389E+01
 0.4660000E+02  0.1405448E+01
 0.4680000E+02  0.1405507E+01
 0.4700000E+02  0.1405566E+01
 0.4720000E+02  0.1405625E+01
 0.4740000E+02  0.1405685E+01
 0.4760000E+02  0.1405745E+01
 0.4780000E+02  0.1405805E+01
 0.4800000E+02  0.1405865E+01
 0.4820000E+02  0.1405926E+01
 0.4840000E+02  0.1405987E+01
 0.4860000E+02  0.1406048E+01
 0.4880000E+02  0.1406109E+01
 0.4900000E+02  0.1406171E+01
 0.4920000E+02  0.1406233E+01
 0.4940000E+02  0.1406295E+01
 0.4960000E+02  0.1406357E+01
 0.4980000E+02  0.1406420E+01
 0.5000000E+02  0.1406483E+01
 0.5020000E+02  0.1406546E+01
 0.5040000E+02  0.1406610E+01
 0.5060000E+02  0.1406673E+01
 0.5080000E+02  0.1406737E+01
 0.5100000E+02  0.1406801E+01
 0.5120000E+02  0.1406866E+01
 0.5140000E+02  0.1406930E+01
 0.5160000E+02  0.1406995E+01
 0.5180000E+02  0.1407060E+01
 0.5200000E+02  0.1407125E+01
 0.5220000E+02  0.1407191E+01
 0.5240000E+02  0.1407257E+01
 0.5260000E+02  0.1407323E+01
 0.5280000E+02  0.1407389E+01
 0.5300000E+02  0.1407455E+01
 0.5320000E+02  0.1407522E+01
 0.5340000E+02  0.1407589E+01
 0.5360000E+02  0.1407656E+01
 0.5380000E+02  0.1407723E+01
 0.5400000E+02  0.1407791E+01
 0.5420000E+02  0.1407858E+01
 0.5440000E+02  0.1407926E+01
 0.5460000E+02  0.1407994E+01
 0.5480000E+02  0.1408063E+01
 0.5500000E+02  0.1408131E+01
 0.5520000E+02  0.1408200E+01
 0.5540000E+02  0.1408269E+01
 0.5560000E+02  0.1408338E+01
 0.5580000E+02  0.1408408E+01
 0.5600000E+02  0.1408477E+01
 0.5620000E+02  0.1408547E+01
 0.5640000E+02  0.1408617E+01
 0.5660000E+02  0.1408687E+01
 0.5680000E+02  0.1408758E+01
 0.5700000E+02  0.1408828E+01
 0.5720000E+02  0.1408899E+01
 0.5740000E+02  0.1408970E+01
 0.5760000E+02  0.1409041E+01
 0.5780000E+02  0.1409113E+01
 0.5800000E+02  0.1409184E+01
 0.5820000E+02  0.1409256E+01
 0.5840000E+02  0.1409328E+01
 0.5860000E+02  0.1409400E+01
 0.5880000E+02  0.1409472E+01
 0.5900000E+02  0.1409545E+01
 0.5920000E+02  0.1409617E+01
 0.5940000E+02  0.1409690E+01
 0.5960000E+02  0.1409763E+01
 0.5980000E+02  0.1409836E+01
 0.6000000E+02  0.1409910E+01
 0.6020000E+02  0.1409983E+01
 0.6040000E+02  0.1410057E+01
 0.6060000E+02  0.1410131E+01
 0.6080000E+02  0.1410205E+01
 0.6100000E+02  0.1410279E+01
 0.6120000E+02  0.1410354E+01
 0.6140000E+02  0.1410428E+01
 0.6160000E+02  0.1410503E+01
 0.6180000E+02  0.1410578E+01
 0.6200000E+02  0.1410653E+01
 0.6220000E+02  0.1410728E+01
 0.6240000E+02  0.1410803E+01
 0.6260000E+02  0.1410879E+01
 0.6280000E+02  0.1410955E+01
 0.6300000E+02  0.1411030E+01
 0.6320000E+02  0.1411106E+01
 0.6340000E+02  0.1411183E+01
 0.6360000E+02  0.1411259E+01
 0.6380000E+02  0.1411335E+01
 0.6400000E+02  0.1411412E+01
 0.6420000E+02  0.1411489E+01
 0.6440000E+02  0.1411566E+01
 0.6460000E+02  0.1411643E+01
 0.6480000E+02  0.1411720E+01
 0.6500000E+02  0.1411797E+01
 0.6520000E+02  0.1411875E+01
 0.6540000E+02  0.1411952E+01
 0.6560000E+02  0.1412030E+01
 0.6580000E+02  0.1412108E+01
 0.6600000E+02  0.1412186E+01
 0.6620000E+02  0.1412264E+01
 0.6640000E+02  0.1412342E+01
 0.6660000E+02  0.1412421E+01
 0.6680000E+02  0.1412499E+01
 0.6700000E+02  0.1412578E+01
 0.6720000E+02  0.1412657E+01
 0.6740000E+02  0.1412736E+01
 0.6760000E+02  0.1412815E+01
 0.6780000E+02  0.1412894E+01
 0.6800000E+02  0.1412973E+01
 0.6820000E+02  0.1413053E+01
 0.6840000E+02  0.1413132E+01
 0.6860000E+02  0.1413212E+01
 0.6880000E+02  0.1413292E+01
 0.6900000E+02  0.1413372E+01
 0.6920000E+02  0.1413452E+01
 0.6940000E+02  0.1413532E+01
 0.6960000E+02  0.1413612E+01
 0.6980000E+02  0.1413693E+01
 0.7000000E+02  0.1413773E+01
 0.7020000E+02  0.1413854E+01
 0.7040000E+02  0.1413934E+01
 0.7060000E+02  0.1414015E+01
 0.7080000E+02  0.1414096E+01
 0.7100000E+02  0.1414177E+01
 0.7120000E+02  0.1414258E+01
 0.7140000E+02  0.1414340E+01
 0.7160000E+02  0.1414421E+01
 0.7180000E+02  0.1414502E+01
 0.7200000E+02  0.1414584E+01
 0.7220000E+02  0.1414666E+01
 0.7240000E+02  0.1414747E+01
 0.7260000E+02  0.1414829E+01
 0.7280000E+02  0.1414911E+01
 0.7300000E+02  0.1414993E+01
 0.7320000E+02  0.1415075E+01
 0.7340000E+02  0.1415157E+01
 0.7360000E+02  0.1415240E+01
 0.7380000E+02  0.1415322E+01
 0.7400000E+02  0.1415405E+01
 0.7420000E+02  0.1415487E+01
 0.7440000E+02  0.1415570E+01
 0.7460000E+02  0.1415653E+01
 0.7480000E+02  0.1415735E+01
 0.7500000E+02  0.1415818E+01
 0.7520000E+02  0.1415901E+01
 0.7540000E+02  0.1415984E+01
 0.7560000E+02  0.1416068E+01
 0.7580000E+02  0.1416151E+01
 0.7600000E+02  0.1416234E+01
 0.7620000E+02  0.1416317E+01
 0.7640000E+02  0.1416401E+01
 0.7660000E+02  0.1416484E+01
 0.7680000E+02  0.1416568E+01
 0.7700000E+02  0.1416652E+01
 0.7720000E+02  0.1416735E+01
 0.7740000E+02  0.1416819E+01
 0.7760000E+02  0.1416903E+01
 0.7780000E+02  0.1416987E+01
 0.7800000E+02  0.1417071E+01
 0.7820000E+02  0.1417155E+01
 0.7840000E+02  0.1417239E+01
 0.7860000E+02  0.1417323E+01
 0.7880000E+02  0.1417408E+01
 0.7900000E+02  0.1417492E+01
 0.7920000E+02  0.1417576E+01
 0.7940000E+02  0.1417661E+01
 0.7960000E+02  0.1417745E+01
 0.7980000E+02  0.1417830E+01
 0.8000000E+02  0.1417914E+01
 0.8020000E+02  0.1417999E+01
 0.8040000E+02  0.1418084E+01
 0.8060000E+02  0.1418168E+01
 0.8080000E+02  0.1418253E+01
 0.8100000E+02  0.1418338E+01
 0.8120000E+02  0.1418423E+01
 0.8140000E+02  0.1418508E+01
 0.8160000E+02  0.1418593E+01
 0.8180000E+02  0.1418678E+01
 0.8200000E+02  0.1418763E+01
 0.8220000E+02  0.1418848E+01
 0.8240000E+02  0.1418933E+01
 0.8260000E+02  0.1419018E+01
 0.8280000E+02  0.1419103E+01
 0.8300000E+02  0.1419188E+01
 0.8320000E+02  0.1419274E+01
 0.8340000E+02  0.1419359E+01
 0.8360000E+02  0.1419444E+01
 0.8380000E+02  0.1419530E+01
 0.8400000E+02  0.1419615E+01
 0.8420000E+02  0.1419700E+01
 0.8440000E+02  0.1419786E+01
 0.8460000E+02  0.1419871E+01
 0.8480000E+02  0.1419957E+01
 0.8500000E+02  0.1420042E+01
 0.8520000E+02  0.1420128E+01
 0.8540000E+02  0.1420213E+01
 0.8560000E+02  0.1420299E+01
 0.8580000E+02  0.1420385E+01
 0.8600000E+02  0.1420470E+01
 0.8620000E+02  0.1420556E+01
 0.8640000E+02  0.1420642E+01
 0.8660000E+02  0.1420727E+01
 0.8680000E+02  0.1420813E+01
 0.8700000E+02  0.1420899E+01
 0.8720000E+02  0.1420984E+01
 0.8740000E+02  0.1421070E+01
 0.8760000E+02  0.1421156E+01
 0.8780000E+02  0.1421241E+01
 0.8800000E+02  0.1421327E+01
 0.8820000E+02  0.1421413E+01
 0.8840000E+02  0.1421499E+01
 0.8860000E+02  0.1421584E+01
 0.8880000E+02  0.1421670E+01
 0.8900000E+02  0.1421756E+01
 0.8920000E+02  0.1421842E+01
 0.8940000E+02  0.1421927E+01
 0.8960000E+02  0.1422013E+01
 0.8980000E+02  0.1422099E+01
 0.9000000E+02  0.1422185E+01
 0.9020000E+02  0.1422270E+01
 0.9040000E+02  0.1422356E+01
 0.9060000E+02  0.1422442E+01
 0.9080000E+02  0.1422527E+01
 0.9100000E+02  0.1422613E+01
 0.9120000E+02  0.1422699E+01
 0.9140000E+02  0.1422784E+01
 0.9160000E+02  0.1422870E+01
 0.9180000E+02  0.1422956E+01
 0.9200000E+02  0.1423041E+01
 0.9220000E+02  0.1423127E+01
 0.9240000E+02  0.1423212E+01
 0.9260000E+02  0.1423298E+01
 0.9280000E+02  0.1423383E+01
 0.9300000E+02  0.1423469E+01
 0.9320000E+02  0.1423554E+01
 0.9340000E+02  0.1423640E+01
 0.9360000E+02  0.1423725E+01
 0.9380000E+02  0.1423811E+01
 0.9400000E+02  0.1423896E+01
 0.9420000E+02  0.1423981E+01
 0.9440000E+02  0.1424067E+01
 0.9460000E+02  0.1424152E+01
 0.9480000E+02  0.1424237E+01
 0.9500000E+02  0.1424322E+01
 0.9520000E+02  0.1424408E+01
 0.9540000E+02  0.1424493E+01
 0.9560000E+02  0.1424578E+01
 0.9580000E+02  0.1424663E+01
 0.9600000E+02  0.1424748E+01
 0.9620000E+02  0.1424833E+01
 0.9640000E+02  0.1424918E+01
 0.9660000E+02  0.1425003E+01
 0.9680000E+02  0.1425087E+01
 0.9700000E+02  0.1425172E+01
 0.9720000E+02  0.1425257E+01
 0.9740000E+02  0.1425342E+01
 0.9760000E+02  0.1425426E+01
 0.9780000E+02  0.1425511E+01
 0.9800000E+02  0.1425595E+01
 0.9820000E+02  0.1425680E+01
 0.9840000E+02  0.1425764E+01
 0.9860000E+02  0.1425849E+01
 0.9880000E+02  0.1425933E+01
 0.9900000E+02  0.1426017E+01
 0.9920000E+02  0.1426101E+01
 0.9940000E+02  0.1426185E+01
 0.9960000E+02  0.1426269E+01
 0.9980000E+02  0.1426353E+01
 0.1000000E+03  0.1426437E+01
 0.1002000E+03  0.1426521E+01
 0.1004000E+03  0.1426605E+01
 0.1006000E+03  0.1426689E+01
 0.1008000E+03  0.1426772E+01
 0.1010000E+03  0.1426856E+01
 0.1012000E+03  0.1426939E+01
 0.1014000E+03  0.1427023E+01
 0.1016000E+03  0.1427106E+01
 0.1018000E+03  0.1427190E+01
 0.1020000E+03  0.1427273E+01
 0.1022000E+03  0.1427356E+01
 0.1024000E+03  0.1427439E+01
 0.1026000E+03  0.1427522E+01
 0.1028000E+03  0.1427605E+01
 0.1030000E+03  0.1427687E+01
 0.1032000E+03  0.1427770E+01
 0.1034000E+03  0.1427853E+01
 0.1036000E+03  0.1427935E+01
 0.1038000E+03  0.1428018E+01
 0.1040000E+03  0.1428100E+01
 0.1042000E+03  0.1428182E+01
 0.1044000E+03  0.1428265E+01
 0.1046000E+03  0.1428347E+01
 0.1048000E+03  0.1428429E+01
 0.1050000E+03  0.1428511E+01
 0.1052000E+03  0.1428592E+01
 0.1054000E+03  0.1428674E+01
 0.1056000E+03  0.1428756E+01
 0.1058000E+03  0.1428837E+01
 0.1060000E+03  0.1428919E+01
 0.1062000E+03  0.1429000E+01
 0.1064000E+03  0.1429081E+01
 0.1066000E+03  0.1429162E+01
 0.1068000E+03  0.1429243E+01
 0.1070000E+03  0.1429324E+01
 0.1072000E+03  0.1429405E+01
 0.1074000E+03  0.1429485E+01
 0.1076000E+03  0.1429566E+01
 0.1078000E+03  0.1429646E+01
 0.1080000E+03  0.1429727E+01
 0.1082000E+03  0.1429807E+01
 0.1084000E+03  0.1429887E+01
 0.1086000E+03  0.1429967E+01
 0.1088000E+03  0.1430047E+01
 0.1090000E+03  0.1430126E+01
 0.1092000E+03  0.1430206E+01
 0.1094000E+03  0.1430285E+01
 0.1096000E+03  0.1430365E+01
 0.1098000E+03  0.1430444E+01
 0.1100000E+03  0.1430523E+01
 0.1102000E+03  0.1430602E+01
 0.1104000E+03  0.1430681E+01
 0.1106000E+03  0.1430760E+01
 0.1108000E+03  0.1430838E+01
 0.1110000E+03  0.1430917E+01
 0.1112000E+03  0.1430995E+01
 0.1114000E+03  0.1431073E+01
 0.1116000E+03  0.1431151E+01
 0.1118000E+03  0.1431229E+01
 0.1120000E+03  0.1431307E+01
 0.1122000E+03  0.1431385E+01
 0.1124000E+03  0.1431462E+01
 0.1126000E+03  0.1431540E+01
 0.1128000E+03  0.1431617E+01
 0.1130000E+03  0.1431694E+01
 0.1132000E+03  0.1431771E+01
 0.1134000E+03  0.1431848E+01
 0.1136000E+03  0.1431925E+01
 0.1138000E+03  0.1432001E+01
 0.1140000E+03  0.1432077E+01
 0.1142000E+03  0.1432154E+01
 0.1144000E+03  0.1432230E+01
 0.1146000E+03  0.1432306E+01
 0.1148000E+03  0.1432382E+01
 0.1150000E+03  0.1432457E+01
 0.1152000E+03  0.1432533E+01
 0.1154000E+03  0.1432608E+01
 0.1156000E+03  0.1432683E+01
 0.1158000E+03  0.1432758E+01
 0.1160000E+03  0.1432833E+01
 0.1162000E+03  0.1432908E+01
 0.1164000E+03  0.1432982E+01
 0.1166000E+03  0.1433057E+01
 0.1168000E+03  0.1433131E+01
 0.1170000E+03  0.1433205E+01
 0.1172000E+03  0.1433279E+01
 0.1174000E+03  0.1433353E+01
 0.1176000E+03  0.1433426E+01
 0.1178000E+03  0.1433500E+01
 0.1180000E+03  0.1433573E+01
 0.1182000E+03  0.1433646E+01
 0.1184000E+03  0.1433719E+01
 0.1186000E+03  0.1433791E+01
 0.1188000E+03  0.1433864E+01
 0.1190000E+03  0.1433936E+01
 0.1192000E+03  0.1434008E+01
 0.1194000E+03  0.1434080E+01
 0.1196000E+03  0.1434152E+01
 0.1198000E+03  0.1434224E+01
 0.1200000E+03  0.1434295E+01
 0.1202000E+03  0.1434366E+01
 0.1204000E+03  0.1434437E+01
 0.1206000E+03  0.1434508E+01
 0.1208000E+03  0.1434578E+01
 0.1210000E+03  0.1434648E+01
 0.1212000E+03  0.1434718E+01
 0.1214000E+03  0.1434788E+01
 0.1216000E+03  0.1434858E+01
 0.1218000E+03  0.1434927E+01
 0.1220000E+03  0.1434996E+01
 0.1222000E+03  0.1435065E+01
 0.1224000E+03  0.1435133E+01
 0.1226000E+03  0.1435201E+01
 0.1228000E+03  0.1435269E+01
 0.1230000E+03  0.1435337E+01
 0.1232000E+03  0.1435404E+01
 0.1234000E+03  0.1435471E+01
 0.1236000E+03  0.1435537E+01
 0.1238000E+03  0.1435604E+01
 0.1240000E+03  0.1435670E+01
 0.1242000E+03  0.1435735E+01
 0.1244000E+03  0.1435800E+01
 0.1246000E+03  0.1435865E+01
 0.1248000E+03  0.1435930E+01
 0.1250000E+03  0.1435994E+01
 0.1252000E+03  0.1436058E+01
 0.1254000E+03  0.1436121E+01
 0.1256000E+03  0.1436185E+01
 0.1258000E+03  0.1436247E+01
 0.1260000E+03  0.1436310E+01
 0.1262000E+03  0.1436372E+01
 0.1264000E+03  0.1436433E+01
 0.1266000E+03  0.1436495E+01
 0.1268000E+03  0.1436556E+01
 0.1270000E+03  0.1436617E+01
 0.1272000E+03  0.1436677E+01
 0.1274000E+03  0.1436737E+01
 0.1276000E+03  0.1436797E+01
 0.1278000E+03  0.1436856E+01
 0.1280000E+03  0.1436916E+01
 0.1282000E+03  0.1436975E+01
 0.1284000E+03  0.1437033E+01
 0.1286000E+03  0.1437092E+01
 0.1288000E+03  0.1437151E+01
 0.1290000E+03  0.1437209E+01
 0.1292000E+03  0.1437267E+01
 0.1294000E+03  0.1437326E+01
 0.1296000E+03  0.1437385E+01
 0.1298000E+03  0.1437444E+01
 0.1300000E+03  0.1437503E+01
 0.1302000E+03  0.1437563E+01
 0.1304000E+03  0.1437624E+01
 0.1306000E+03  0.1437686E+01
 0.1308000E+03  0.1437749E+01
 0.1310000E+03  0.1437813E+01
 0.1312000E+03  0.1437879E+01
 0.1314000E+03  0.1437946E+01
 0.1316000E+03  0.1438016E+01
 0.1318000E+03  0.1438087E+01
 0.1320000E+03  0.1438162E+01
 0.1322000E+03  0.1438239E+01
 0.1324000E+03  0.1438319E+01
 0.1326000E+03  0.1438402E+01
 0.1328000E+03  0.1438489E+01
 0.1330000E+03  0.1438579E+01
 0.1332000E+03  0.1438673E+01
 0.1334000E+03  0.1438771E+01
 0.1336000E+03  0.1438873E+01
 0.1338000E+03  0.1438978E+01
 0.1340000E+03  0.1439088E+01
 0.1342000E+03  0.1439201E+01
 0.1344000E+03  0.1439318E+01
 0.1346000E+03  0.1439439E+01
 0.1348000E+03  0.1439564E+01
 0.1350000E+03  0.1439692E+01
 0.1352000E+03  0.1439824E+01
 0.1354000E+03  0.1439959E+01
 0.1356000E+03  0.1440098E+01
 0.1358000E+03  0.1440240E+01
 0.1360000E+03  0.1440387E+01
 0.1362000E+03  0.1440537E+01
 0.1364000E+03  0.1440693E+01
 0.1366000E+03  0.1440855E+01
 0.1368000E+03  0.1441024E+01
 0.1370000E+03  0.1441201E+01
 0.1372000E+03  0.1441389E+01
 0.1374000E+03  0.1441588E+01
 0.1376000E+03  0.1441801E+01
 0.1378000E+03  0.1442032E+01
 0.1380000E+03  0.1442284E+01
 0.1382000E+03  0.1442559E+01
 0.1384000E+03  0.1442862E+01
 0.1386000E+03  0.1443198E+01
 0.1388000E+03  0.1443570E+01
 0.1390000E+03  0.1443984E+01
 0.1392000E+03  0.1444446E+01
 0.1394000E+03  0.1444960E+01
 0.1396000E+03  0.1445532E+01
 0.1398000E+03  0.1446168E+01
 0.1400000E+03  0.1446873E+01
 0.1402000E+03  0.1447652E+01
 0.1404000E+03  0.1448510E+01
 0.1406000E+03  0.1449451E+01
 0.1408000E+03  0.1450478E+01
 0.1410000E+03  0.1451595E+01
 0.1412000E+03  0.1452801E+01
 0.1414000E+03  0.1454098E+01
 0.1416000E+03  0.1455484E+01
 0.1418000E+03  0.1456956E+01
 0.1420000E+03  0.1458510E+01
 0.1422000E+03  0.1460139E+01
 0.1424000E+03  0.1461833E+01
 0.1426000E+03  0.1463582E+01
 0.1428000E+03  0.1465373E+01
 0.1430000E+03  0.1467191E+01
 0.1432000E+03  0.1469017E+01
 0.1434000E+03  0.1470832E+01
 0.1436000E+03  0.1472614E+01
 0.1438000E+03  0.1474341E+01
 0.1440000E+03  0.1475987E+01
 0.1442000E+03  0.1477526E+01
 0.1444000E+03  0.1478933E+01
 0.1446000E+03  0.1480181E+01
 0.1448000E+03  0.1481246E+01
 0.1450000E+03  0.1482105E+01
 0.1452000E+03  0.1482737E+01
 0.1454000E+03  0.1483127E+01
 0.1456000E+03  0.1483264E+01
 0.1458000E+03  0.1483143E+01
 0.1460000E+03  0.1482768E+01
 0.1462000E+03  0.1482154E+01
 0.1464000E+03  0.1481327E+01
 0.1466000E+03  0.1480327E+01
 0.1468000E+03  0.1479210E+01
 0.1470000E+03  0.1478052E+01
 0.1472000E+03  0.1476949E+01
 0.1474000E+03  0.1476022E+01
 0.1476000E+03  0.1475416E+01
 0.1478000E+03  0.1475309E+01
 0.1480000E+03  0.1475910E+01
 0.1482000E+03  0.1477467E+01
 0.1484000E+03  0.1480265E+01
 0.1486000E+03  0.1484634E+01
 0.1488000E+03  0.1490953E+01
 0.1490000E+03  0.1499651E+01
 0.1492000E+03  0.1511213E+01
 0.1494000E+03  0.1526185E+01
 0.1496000E+03  0.1545178E+01
 0.1498000E+03  0.1568875E+01
 0.1500000E+03  0.1598033E+01
 0.1502000E+03  0.1633488E+01
 0.1504000E+03  0.1676167E+01
 0.1506000E+03  0.1727086E+01
 0.1508000E+03  0.1787363E+01
 0.1510000E+03  0.1858222E+01
 0.1512000E+03  0.1941000E+01
 0.1514000E+03  0.2037157E+01
 0.1516000E+03  0.2148285E+01
 0.1518000E+03  0.2276112E+01
 0.1520000E+03  0.2422522E+01
 0.1522000E+03  0.2589556E+01
 0.1524000E+03  0.2779429E+01
 0.1526000E+03  0.2994544E+01
 0.1528000E+03  0.3237504E+01
 0.1530000E+03  0.3511127E+01
 0.1532000E+03  0.3818465E+01
 0.1534000E+03  0.4162822E+01
 0.1536000E+03  0.4547773E+01
 0.1538000E+03  0.4977186E+01
 0.1540000E+03  0.5455250E+01
 0.1542000E+03  0.5986496E+01
 0.1544000E+03  0.6575828E+01
 0.1546000E+03  0.7228556E+01
 0.1548000E+03  0.7950425E+01
 0.1550000E+03  0.8747658E+01
 0.1552000E+03  0.9626991E+01
 0.1554000E+03  0.1059572E+02
 0.1556000E+03  0.1166173E+02
 0.1558000E+03  0.1283359E+02
 0.1560000E+03  0.1412055E+02
 0.1562000E+03  0.1553263E+02
 0.1564000E+03  0.1708069E+02
 0.1566000E+03  0.1877648E+02
 0.1568000E+03  0.2063269E+02
 0.1570000E+03  0.2266309E+02
 0.1572000E+03  0.2488253E+02
 0.1574000E+03  0.2730708E+02
 0.1576000E+03  0.2995411E+02
 0.1578000E+03  0.3284237E+02
 0.1580000E+03  0.3599208E+02
 0.1582000E+03  0.3942507E+02
 0.1584000E+03  0.4316486E+02
 0.1586000E+03  0.4723678E+02
 0.1588000E+03  0.5166811E+02
 0.1590000E+03  0.5648818E+02
 0.1592000E+03  0.6172848E+02
 0.1594000E+03  0.6742285E+02
 0.1596000E+03  0.7360760E+02
 0.1598000E+03  0.8032160E+02
 0.1600000E+03  0.8760650E+02
 0.1602000E+03  0.9550685E+02
 0.1604000E+03  0.1040703E+03
 0.1606000E+03  0.1133476E+03
 0.1608000E+03  0.1233929E+03
 0.1610000E+03  0.1342641E+03
 0.1612000E+03  0.1460227E+03
 0.1614000E+03  0.1587339E+03
 0.1616000E+03  0.1724672E+03
 0.1618000E+03  0.1872964E+03
 0.1620000E+03  0.2032994E+03
 0.1622000E+03  0.2205591E+03
 0.1624000E+03  0.2391628E+03
 0.1626000E+03  0.2592032E+03
 0.1628000E+03  0.2807777E+03
 0.1630000E+03  0.3039895E+03
 0.1632000E+03  0.3289469E+03
 0.1634000E+03  0.3557642E+03
 0.1636000E+03  0.3845614E+03
 0.1638000E+03  0.4154648E+03
 0.1640000E+03  0.4486067E+03
 0.1642000E+03  0.4841261E+03
 0.1644000E+03  0.5221682E+03
 0.1646000E+03  0.5628855E+03
 0.1648000E+03  0.6064370E+03
 0.1650000E+03  0.6529892E+03
 0.1652000E+03  0.7027154E+03
 0.1654000E+03  0.7557968E+03
 0.1656000E+03  0.8124219E+03
 0.1658000E+03  0.8727871E+03
 0.1660000E+03  0.9370965E+03
 0.1662000E+03  0.1005562E+04
 0.1664000E+03  0.1078405E+04
 0.1666000E+03  0.1155853E+04
 0.1668000E+03  0.1238143E+04
 0.1670000E+03  0.1325520E+04
 0.1672000E+03  0.1418239E+04
 0.1674000E+03  0.1516561E+04
 0.1676000E+03  0.1620758E+04
 0.1678000E+03  0.1731110E+04
 0.1680000E+03  0.1847905E+04
 0.1682000E+03  0.1971440E+04
 0.1684000E+03  0.2102022E+04
 0.1686000E+03  0.2239965E+04
 0.1688000E+03  0.2385593E+04
 0.1690000E+03  0.2539238E+04
 0.1692000E+03  0.2701240E+04
 0.1694000E+03  0.2871948E+04
 0.1696000E+03  0.3051720E+04
 0.1698000E+03  0.3240921E+04
 0.1700000E+03  0.3439925E+04
 0.1702000E+03  0.3649113E+04
 0.1704000E+03  0.3868873E+04
 0.1706000E+03  0.4099602E+04
 0.1708000E+03  0.4341702E+04
 0.1710000E+03  0.4595582E+04
 0.1712000E+03  0.4861658E+04
 0.1714000E+03  0.5140351E+04
 0.1716000E+03  0.5432088E+04
 0.1718000E+03  0.5737299E+04
 0.1720000E+03  0.6056419E+04
 0.1722000E+03  0.6389888E+04
 0.1724000E+03  0.6738146E+04
 0.1726000E+03  0.7101638E+04
 0.1728000E+03  0.7480808E+04
 0.1730000E+03  0.7876103E+04
 0.1732000E+03  0.8287967E+04
 0.1734000E+03  0.8716845E+04
 0.1736000E+03  0.9163178E+04
 0.1738000E+03  0.9627406E+04
 0.1740000E+03  0.1010996E+05
 0.1742000E+03  0.1061128E+05
 0.1744000E+03  0.1113177E+05
 0.1746000E+03  0.1167186E+05
 0.1748000E+03  0.1223195E+05
 0.1750000E+03  0.1281243E+05
 0.1752000E+03  0.1341370E+05
 0.1754000E+03  0.1403611E+05
 0.1756000E+03  0.1468003E+05
 0.1758000E+03  0.1534579E+05
 0.1760000E+03  0.1603371E+05
 0.1762000E+03  0.1674411E+05
 0.1764000E+03  0.1747725E+05
 0.1766000E+03  0.1823341E+05
 0.1768000E+03  0.1901282E+05
 0.1770000E+03  0.1981568E+05
 0.1772000E+03  0.2064220E+05
 0.1774000E+03  0.2149251E+05
 0.1776000E+03  0.2236676E+05
 0.1778000E+03  0.2326504E+05
 0.1780000E+03  0.2418742E+05
 0.1782000E+03  0.2513392E+05
 0.1784000E+03  0.2610456E+05
 0.1786000E+03  0.2709929E+05
 0.1788000E+03  0.2811804E+05
 0.1790000E+03  0.2916071E+05
 0.1792000E+03  0.3022714E+05
 0.1794000E+03  0.3131717E+05
 0.1796000E+03  0.3243056E+05
 0.1798000E+03  0.3356705E+05
 0.1800000E+03  0.3472636E+05
 0.1802000E+03  0.3590814E+05
 0.1804000E+03  0.3711202E+05
 0.1806000E+03  0.3833759E+05
 0.1808000E+03  0.3958440E+05
 0.1810000E+03  0.4085196E+05
 0.1812000E+03  0.4213977E+05
 0.1814000E+03  0.4344725E+05
 0.1816000E+03  0.4477383E+05
 0.1818000E+03  0.4611889E+05
 0.1820000E+03  0.4748179E+05
 0.1822000E+03  0.4886183E+05
 0.1824000E+03  0.5025833E+05
 0.1826000E+03  0.5167055E+05
 0.1828000E+03  0.5309774E+05
 0.1830000E+03  0.5453913E+05
 0.1832000E+03  0.5599394E+05
 0.1834000E+03  0.5746134E+05
 0.1836000E+03  0.5894054E+05
 0.1838000E+03  0.6043068E+05
 0.1840000E+03  0.6193093E+05
 0.1842000E+03  0.6344044E+05
 0.1844000E+03  0.6495835E+05
 0.1846000E+03  0.6648381E+05
 0.1848000E+03  0.6801595E+05
 0.1850000E+03  0.6955391E+05
 0.1852000E+03  0.7109684E+05
 0.1854000E+03  0.7264389E+05
 0.1856000E+03  0.7419421E+05
 0.1858000E+03  0.7574697E+05
 0.1860000E+03  0.7730133E+05
 0.1862000E+03  0.7885649E+05
 0.1864000E+03  0.8041164E+05
 0.1866000E+03  0.8196600E+05
 0.1868000E+03  0.8351879E+05
 0.1870000E+03  0.8506925E+05
 0.1872000E+03  0.8661665E+05
 0.1874000E+03  0.8816026E+05
 0.1876000E+03  0.8969938E+05
 0.1878000E+03  0.9123333E+05
 0.1880000E+03  0.9276144E+05
 0.1882000E+03  0.9428307E+05
 0.1884000E+03  0.9579758E+05
 0.1886000E+03  0.9730439E+05
 0.1888000E+03  0.9880289E+05
 0.1890000E+03  0.1002925E+06
 0.1892000E+03  0.1017727E+06
 0.1894000E+03  0.1032430E+06
 0.1896000E+03  0.1047029E+06
 0.1898000E+03  0.1061518E+06
 0.1900000E+03  0.1075893E+06
 0.1902000E+03  0.1090149E+06
 0.1904000E+03  0.1104282E+06
 0.1906000E+03  0.1118288E+06
 0.1908000E+03  0.1132163E+06
 0.1910000E+03  0.1145902E+06
 0.1912000E+03  0.1159502E+06
 0.1914000E+03  0.1172960E+06
 0.1916000E+03  0.1186272E+06
 0.1918000E+03  0.1199434E+06
 0.1920000E+03  0.1212444E+06
 0.1922000E+03  0.1225297E+06
 0.1924000E+03  0.1237991E+06
 0.1926000E+03  0.1250524E+06
 0.1928000E+03  0.1262891E+06
 0.1930000E+03  0.1275090E+06
 0.1932000E+03  0.1287119E+06
 0.1934000E+03  0.1298975E+06
 0.1936000E+03  0.1310655E+06
 0.1938000E+03  0.1322157E+06
 0.1940000E+03  0.1333477E+06
 0.1942000E+03  0.1344614E+06
 0.1944000E+03  0.1355565E+06
 0.1946000E+03  0.1366328E+06
 0.1948000E+03  0.1376900E+06
 0.1950000E+03  0.1387279E+06
 0.1952000E+03  0.1397462E+06
 0.1954000E+03  0.1407447E+06
 0.1956000E+03  0.1417233E+06
 0.1958000E+03  0.1426816E+06
 0.1960000E+03  0.1436194E+06
 0.1962000E+03  0.1445364E+06
 0.1964000E+03  0.1454326E+06
 0.1966000E+03  0.1463075E+06
 0.1968000E+03  0.1471611E+06
 0.1970000E+03  0.1479930E+06
 0.1972000E+03  0.1488031E+06
 0.1974000E+03  0.1495910E+06
 0.1976000E+03  0.1503566E+06
 0.1978000E+03  0.1510997E+06
 0.1980000E+03  0.1518199E+06
 0.1982000E+03  0.1525171E+06
 0.1984000E+03  0.1531911E+06
 0.1986000E+03  0.1538415E+06
 0.1988000E+03  0.1544683E+06
 0.1990000E+03  0.1550710E+06
 0.1992000E+03  0.1556496E+06
 0.1994000E+03  0.1562038E+06
 0.1996000E+03  0.1567334E+06
 0.1998000E+03  0.1572381E+06
 0.2000000E+03  0.1577177E+06
 0.2002000E+03  0.1581720E+06
 0.2004000E+03  0.1586009E+06
 0.2006000E+03  0.1590040E+06
 0.2008000E+03  0.1593812E+06
 0.2010000E+03  0.1597324E+06
 0.2012000E+03  0.1600573E+06
 0.2014000E+03  0.1603557E+06
 0.2016000E+03  0.1606275E+06
 0.2018000E+03  0.1608726E+06
 0.2020000E+03  0.1610908E+06
 0.2022000E+03  0.1612819E+06
 0.2024000E+03  0.1614459E+06
 0.2026000E+03  0.1615826E+06
 0.2028000E+03  0.1616921E+06
 0.2030000E+03  0.1617741E+06
 0.2032000E+03  0.1618287E+06
 0.2034000E+03  0.1618558E+06
 0.2036000E+03  0.1618555E+06
 0.2038000E+03  0.1618277E+06
 0.2040000E+03  0.1617724E+06
 0.2042000E+03  0.1616899E+06
 0.2044000E+03  0.1615800E+06
 0.2046000E+03  0.1614430E+06
 0.2048000E+03  0.1612790E+06
 0.2050000E+03  0.1610882E+06
 0.2052000E+03  0.1608706E+06
 0.2054000E+03  0.1606267E+06
 0.2056000E+03  0.1603565E+06
 0.2058000E+03  0.1600604E+06
 0.2060000E+03  0.1597388E+06
 0.2062000E+03  0.1593918E+06
 0.2064000E+03  0.1590200E+06
 0.2066000E+03  0.1586236E+06
 0.2068000E+03  0.1582031E+06
 0.2070000E+03  0.1577591E+06
 0.2072000E+03  0.1572918E+06
 0.2074000E+03  0.1568019E+06
 0.2076000E+03  0.1562898E+06
 0.2078000E+03  0.1557562E+06
 0.2080000E+03  0.1552015E+06
 0.2082000E+03  0.1546265E+06
 0.2084000E+03  0.1540317E+06
 0.2086000E+03  0.1534177E+06
 0.2088000E+03  0.1527853E+06
 0.2090000E+03  0.1521350E+06
 0.2092000E+03  0.1514676E+06
 0.2094000E+03  0.1507838E+06
 0.2096000E+03  0.1500843E+06
 0.2098000E+03  0.1493699E+06
 0.2100000E+03  0.1486412E+06
 0.2102000E+03  0.1478990E+06
 0.2104000E+03  0.1471440E+06
 0.2106000E+03  0.1463771E+06
 0.2108000E+03  0.1455989E+06
 0.2110000E+03  0.1448102E+06
 0.2112000E+03  0.1440118E+06
 0.2114000E+03  0.1432044E+06
 0.2116000E+03  0.1423887E+06
 0.2118000E+03  0.1415654E+06
 0.2120000E+03  0.1407354E+06
 0.2122000E+03  0.1398993E+06
 0.2124000E+03  0.1390578E+06
 0.2126000E+03  0.1382117E+06
 0.2128000E+03  0.1373615E+06
 0.2130000E+03  0.1365081E+06
 0.2132000E+03  0.1356519E+06
 0.2134000E+03  0.1347937E+06
 0.2136000E+03  0.1339341E+06
 0.2138000E+03  0.1330737E+06
 0.2140000E+03  0.1322131E+06
 0.2142000E+03  0.1313528E+06
 0.2144000E+03  0.1304934E+06
 0.2146000E+03  0.1296354E+06
 0.2148000E+03  0.1287794E+06
 0.2150000E+03  0.1279259E+06
 0.2152000E+03  0.1270752E+06
 0.2154000E+03  0.1262279E+06
 0.2156000E+03  0.1253844E+06
 0.2158000E+03  0.1245452E+06
 0.2160000E+03  0.1237105E+06
 0.2162000E+03  0.1228808E+06
 0.2164000E+03  0.1220565E+06
 0.2166000E+03  0.1212378E+06
 0.2168000E+03  0.1204252E+06
 0.2170000E+03  0.1196188E+06
 0.2172000E+03  0.1188191E+06
 0.2174000E+03  0.1180262E+06
 0.2176000E+03  0.1172403E+06
 0.2178000E+03  0.1164618E+06
 0.2180000E+03  0.1156908E+06
 0.2182000E+03  0.1149276E+06
 0.2184000E+03  0.1141723E+06
 0.2186000E+03  0.1134250E+06
 0.2188000E+03  0.1126860E+06
 0.2190000E+03  0.1119554E+06
 0.2192000E+03  0.1112333E+06
 0.2194000E+03  0.1105197E+06
 0.2196000E+03  0.1098149E+06
 0.2198000E+03  0.1091188E+06
 0.2200000E+03  0.1084317E+06
 0.2202000E+03  0.1077534E+06
 0.2204000E+03  0.1070841E+06
 0.2206000E+03  0.1064238E+06
 0.2208000E+03  0.1057726E+06
 0.2210000E+03  0.1051304E+06
 0.2212000E+03  0.1044974E+06
 0.2214000E+03  0.1038734E+06
 0.2216000E+03  0.1032585E+06
 0.2218000E+03  0.1026526E+06
 0.2220000E+03  0.1020558E+06
 0.2222000E+03  0.1014681E+06
 0.2224000E+03  0.1008893E+06
 0.2226000E+03  0.1003195E+06
 0.2228000E+03  0.9975857E+05
 0.2230000E+03  0.9920653E+05
 0.2232000E+03  0.9866331E+05
 0.2234000E+03  0.9812883E+05
 0.2236000E+03  0.9760305E+05
 0.2238000E+03  0.9708588E+05
 0.2240000E+03  0.9657727E+05
 0.2242000E+03  0.9607714E+05
 0.2244000E+03  0.9558541E+05
 0.2246000E+03  0.9510201E+05
 0.2248000E+03  0.9462684E+05
 0.2250000E+03  0.9415983E+05
 0.2252000E+03  0.9370089E+05
 0.2254000E+03  0.9324993E+05
 0.2256000E+03  0.9280685E+05
 0.2258000E+03  0.9237157E+05
 0.2260000E+03  0.9194400E+05
 0.2262000E+03  0.9152403E+05
 0.2264000E+03  0.9111157E+05
 0.2266000E+03  0.9070652E+05
 0.2268000E+03  0.9030879E+05
 0.2270000E+03  0.8991827E+05
 0.2272000E+03  0.8953487E+05
 0.2274000E+03  0.8915849E+05
 0.2276000E+03  0.8878903E+05
 0.2278000E+03  0.8842638E+05
 0.2280000E+03  0.8807045E+05
 0.2282000E+03  0.8772113E+05
 0.2284000E+03  0.8737833E+05
 0.2286000E+03  0.8704195E+05
 0.2288000E+03  0.8671188E+05
 0.2290000E+03  0.8638803E+05
 0.2292000E+03  0.8607029E+05
 0.2294000E+03  0.8575858E+05
 0.2296000E+03  0.8545279E+05
 0.2298000E+03  0.8515282E+05
 0.2300000E+03  0.8485858E+05
 0.2302000E+03  0.8456998E+05
 0.2304000E+03  0.8428692E+05
 0.2306000E+03  0.8400930E+05
 0.2308000E+03  0.8373704E+05
 0.2310000E+03  0.8347004E+05
 0.2312000E+03  0.8320823E+05
 0.2314000E+03  0.8295149E+05
 0.2316000E+03  0.8269976E+05
 0.2318000E+03  0.8245295E+05
 0.2320000E+03  0.8221097E+05
 0.2322000E+03  0.8197374E+05
 0.2324000E+03  0.8174118E+05
 0.2326000E+03  0.8151321E+05
 0.2328000E+03  0.8128976E+05
 0.2330000E+03  0.8107076E+05
 0.2332000E+03  0.8085612E+05
 0.2334000E+03  0.8064577E+05
 0.2336000E+03  0.8043966E+05
 0.2338000E+03  0.8023771E+05
 0.2340000E+03  0.8003985E+05
 0.2342000E+03  0.7984603E+05
 0.2344000E+03  0.7965618E+05
 0.2346000E+03  0.7947024E+05
 0.2348000E+03  0.7928816E+05
 0.2350000E+03  0.7910987E+05
 0.2352000E+03  0.7893534E+05
 0.2354000E+03  0.7876451E+05
 0.2356000E+03  0.7859732E+05
 0.2358000E+03  0.7843373E+05
 0.2360000E+03  0.7827370E+05
 0.2362000E+03  0.7811719E+05
 0.2364000E+03  0.7796414E+05
 0.2366000E+03  0.7781453E+05
 0.2368000E+03  0.7766831E+05
 0.2370000E+03  0.7752545E+05
 0.2372000E+03  0.7738591E+05
 0.2374000E+03  0.7724967E+05
 0.2376000E+03  0.7711668E+05
 0.2378000E+03  0.7698692E+05
 0.2380000E+03  0.7686036E+05
 0.2382000E+03  0.7673698E+05
 0.2384000E+03  0.7661674E+05
 0.2386000E+03  0.7649962E+05
 0.2388000E+03  0.7638560E+05
 0.2390000E+03  0.7627465E+05
 0.2392000E+03  0.7616674E+05
 0.2394000E+03  0.7606187E+05
 0.2396000E+03  0.7596000E+05
 0.2398000E+03  0.7586112E+05
 0.2400000E+03  0.7576520E+05
 0.2402000E+03  0.7567222E+05
 0.2404000E+03  0.7558216E+05
 0.2406000E+03  0.7549501E+05
 0.2408000E+03  0.7541074E+05
 0.2410000E+03  0.7532933E+05
 0.2412000E+03  0.7525076E+05
 0.2414000E+03  0.7517500E+05
 0.2416000E+03  0.7510205E+05
 0.2418000E+03  0.7503188E+05
 0.2420000E+03  0.7496446E+05
 0.2422000E+03  0.7489977E+05
 0.2424000E+03  0.7483779E+05
 0.2426000E+03  0.7477849E+05
 0.2428000E+03  0.7472186E+05
 0.2430000E+03  0.7466786E+05
 0.2432000E+03  0.7461648E+05
 0.2434000E+03  0.7456767E+05
 0.2436000E+03  0.7452143E+05
 0.2438000E+03  0.7447771E+05
 0.2440000E+03  0.7443649E+05
 0.2442000E+03  0.7439774E+05
 0.2444000E+03  0.7436143E+05
 0.2446000E+03  0.7432753E+05
 0.2448000E+03  0.7429601E+05
 0.2450000E+03  0.7426683E+05
 0.2452000E+03  0.7423996E+05
 0.2454000E+03  0.7421536E+05
 0.2456000E+03  0.7419302E+05
 0.2458000E+03  0.7417288E+05
 0.2460000E+03  0.7415491E+05
 0.2462000E+03  0.7413908E+05
 0.2464000E+03  0.7412535E+05
 0.2466000E+03  0.7411368E+05
 0.2468000E+03  0.7410404E+05
 0.2470000E+03  0.7409639E+05
 0.2472000E+03  0.7409069E+05
 0.2474000E+03  0.7408691E+05
 0.2476000E+03  0.7408500E+05
 0.2478000E+03  0.7408493E+05
 0.2480000E+03  0.7408666E+05
 0.2482000E+03  0.7409016E+05
 0.2484000E+03  0.7409538E+05
 0.2486000E+03  0.7410229E+05
 0.2488000E+03  0.7411086E+05
 0.2490000E+03  0.7412104E+05
 0.2492000E+03  0.7413279E+05
 0.2494000E+03  0.7414609E+05
 0.2496000E+03  0.7416089E+05
 0.2498000E+03  0.7417716E+05
 0.2500000E+03  0.7419487E+05
 0.2502000E+03  0.7421398E+05
 0.2504000E+03  0.7423446E+05
 0.2506000E+03  0.7425626E+05
 0.2508000E+03  0.7427937E+05
 0.2510000E+03  0.7430374E+05
 0.2512000E+03  0.7432935E+05
 0.2514000E+03  0.7435617E+05
 0.2516000E+03  0.7438415E+05
 0.2518000E+03  0.7441327E+05
 0.2520000E+03  0.7444351E+05
 0.2522000E+03  0.7447483E+05
 0.2524000E+03  0.7450721E+05
 0.2526000E+03  0.7454061E+05
 0.2528000E+03  0.7457501E+05
 0.2530000E+03  0.7461038E+05
 0.2532000E+03  0.7464669E+05
 0.2534000E+03  0.7468393E+05
 0.2536000E+03  0.7472206E+05
 0.2538000E+03  0.7476105E+05
 0.2540000E+03  0.7480089E+05
 0.2542000E+03  0.7484156E+05
 0.2544000E+03  0.7488301E+05
 0.2546000E+03  0.7492525E+05
 0.2548000E+03  0.7496823E+05
 0.2550000E+03  0.7501194E+05
 0.2552000E+03  0.7505637E+05
 0.2554000E+03  0.7510147E+05
 0.2556000E+03  0.7514725E+05
 0.2558000E+03  0.7519367E+05
 0.2560000E+03  0.7524071E+05
 0.2562000E+03  0.7528837E+05
 0.2564000E+03  0.7533660E+05
 0.2566000E+03  0.7538541E+05
 0.2568000E+03  0.7543477E+05
 0.2570000E+03  0.7548466E+05
 0.2572000E+03  0.7553506E+05
 0.2574000E+03  0.7558595E+05
 0.2576000E+03  0.7563733E+05
 0.2578000E+03  0.7568917E+05
 0.2580000E+03  0.7574146E+05
 0.2582000E+03  0.7579417E+05
 0.2584000E+03  0.7584730E+05
 0.2586000E+03  0.7590083E+05
 0.2588000E+03  0.7595474E+05
 0.2590000E+03  0.7600902E+05
 0.2592000E+03  0.7606365E+05
 0.2594000E+03  0.7611863E+05
 0.2596000E+03  0.7617393E+05
 0.2598000E+03  0.7622954E+05
 0.2600000E+03  0.7628545E+05
 0.2602000E+03  0.7634164E+05
 0.2604000E+03  0.7639811E+05
 0.2606000E+03  0.7645485E+05
 0.2608000E+03  0.7651183E+05
 0.2610000E+03  0.7656904E+05
 0.2612000E+03  0.7662648E+05
 0.2614000E+03  0.7668414E+05
 0.2616000E+03  0.7674200E+05
 0.2618000E+03  0.7680005E+05
 0.2620000E+03  0.7685828E+05
 0.2622000E+03  0.7691669E+05
 0.2624000E+03  0.7697525E+05
 0.2626000E+03  0.7703397E+05
 0.2628000E+03  0.7709283E+05
 0.2630000E+03  0.7715183E+05
 0.2632000E+03  0.7721095E+05
 0.2634000E+03  0.7727019E+05
 0.2636000E+03  0.7732954E+05
 0.2638000E+03  0.7738898E+05
 0.2640000E+03  0.7744852E+05
 0.2642000E+03  0.7750815E+05
 0.2644000E+03  0.7756785E+05
 0.2646000E+03  0.7762763E+05
 0.2648000E+03  0.7768747E+05
 0.2650000E+03  0.7774736E+05
 0.2652000E+03  0.7780731E+05
 0.2654000E+03  0.7786730E+05
 0.2656000E+03  0.7792733E+05
 0.2658000E+03  0.7798740E+05
 0.2660000E+03  0.7804749E+05
 0.2662000E+03  0.7810760E+05
 0.2664000E+03  0.7816773E+05
 0.2666000E+03  0.7822788E+05
 0.2668000E+03  0.7828803E+05
 0.2670000E+03  0.7834819E+05
 0.2672000E+03  0.7840834E+05
 0.2674000E+03  0.7846849E+05
 0.2676000E+03  0.7852862E+05
 0.2678000E+03  0.7858875E+05
 0.2680000E+03  0.7864885E+05
 0.2682000E+03  0.7870894E+05
 0.2684000E+03  0.7876900E+05
 0.2686000E+03  0.7882903E+05
 0.2688000E+03  0.7888903E+05
 0.2690000E+03  0.7894900E+05
 0.2692000E+03  0.7900892E+05
 0.2694000E+03  0.7906881E+05
 0.2696000E+03  0.7912865E+05
 0.2698000E+03  0.7918845E+05
 0.2700000E+03  0.7924820E+05
 0.2702000E+03  0.7930789E+05
 0.2704000E+03  0.7936753E+05
 0.2706000E+03  0.7942712E+05
 0.2708000E+03  0.7948664E+05
 0.2710000E+03  0.7954611E+05
 0.2712000E+03  0.7960551E+05
 0.2714000E+03  0.7966485E+05
 0.2716000E+03  0.7972412E+05
 0.2718000E+03  0.7978332E+05
 0.2720000E+03  0.7984244E+05
 0.2722000E+03  0.7990150E+05
 0.2724000E+03  0.7996048E+05
 0.2726000E+03  0.8001939E+05
 0.2728000E+03  0.8007822E+05
 0.2730000E+03  0.8013697E+05
 0.2732000E+03  0.8019563E+05
 0.2734000E+03  0.8025422E+05
 0.2736000E+03  0.8031272E+05
 0.2738000E+03  0.8037114E+05
 0.2740000E+03  0.8042947E+05
 0.2742000E+03  0.8048772E+05
 0.2744000E+03  0.8054588E+05
 0.2746000E+03  0.8060394E+05
 0.2748000E+03  0.8066192E+05
 0.2750000E+03  0.8071980E+05
 0.2752000E+03  0.8077760E+05
 0.2754000E+03  0.8083529E+05
 0.2756000E+03  0.8089290E+05
 0.2758000E+03  0.8095041E+05
 0.2760000E+03  0.8100782E+05
 0.2762000E+03  0.8106514E+05
 0.2764000E+03  0.8112236E+05
 0.2766000E+03  0.8117948E+05
 0.2768000E+03  0.8123650E+05
 0.2770000E+03  0.8129342E+05
 0.2772000E+03  0.8135025E+05
 0.2774000E+03  0.8140697E+05
 0.2776000E+03  0.8146359E+05
 0.2778000E+03  0.8152011E+05
 0.2780000E+03  0.8157653E+05
 0.2782000E+03  0.8163285E+05
 0.2784000E+03  0.8168906E+05
 0.2786000E+03  0.8174517E+05
 0.2788000E+03  0.8180117E+05
 0.2790000E+03  0.8185707E+05
 0.2792000E+03  0.8191287E+05
 0.2794000E+03  0.8196856E+05
 0.2796000E+03  0.8202415E+05
 0.2798000E+03  0.8207963E+05
 0.2800000E+03  0.8213500E+05
 0.2802000E+03  0.8219027E+05
 0.2804000E+03  0.8224543E+05
 0.2806000E+03  0.8230049E+05
 0.2808000E+03  0.8235543E+05
 0.2810000E+03  0.8241027E+05
 0.2812000E+03  0.8246500E+05
 0.2814000E+03  0.8251962E+05
 0.2816000E+03  0.8257413E+05
 0.2818000E+03  0.8262853E+05
 0.2820000E+03  0.8268282E+05
 0.2822000E+03  0.8273700E+05
 0.2824000E+03  0.8279107E+05
 0.2826000E+03  0.8284502E+05
 0.2828000E+03  0.8289887E+05
 0.2830000E+03  0.8295260E+05
 0.2832000E+03  0.8300621E+05
 0.2834000E+03  0.8305971E+05
 0.2836000E+03  0.8311310E+05
 0.2838000E+03  0.8316637E+05
 0.2840000E+03  0.8321952E+05
 0.2842000E+03  0.8327255E+05
 0.2844000E+03  0.8332547E+05
 0.2846000E+03  0.8337827E+05
 0.2848000E+03  0.8343094E+05
 0.2850000E+03  0.8348349E+05
 0.2852000E+03  0.8353592E+05
 0.2854000E+03  0.8358823E+05
 0.2856000E+03  0.8364042E+05
 0.2858000E+03  0.8369247E+05
 0.2860000E+03  0.8374440E+05
 0.2862000E+03  0.8379621E+05
 0.2864000E+03  0.8384788E+05
 0.2866000E+03  0.8389942E+05
 0.2868000E+03  0.8395083E+05
 0.2870000E+03  0.8400211E+05
 0.2872000E+03  0.8405326E+05
 0.2874000E+03  0.8410427E+05
 0.2876000E+03  0.8415514E+05
 0.2878000E+03  0.8420587E+05
 0.2880000E+03  0.8425647E+05
 0.2882000E+03  0.8430693E+05
 0.2884000E+03  0.8435724E+05
 0.2886000E+03  0.8440741E+05
 0.2888000E+03  0.8445744E+05
 0.2890000E+03  0.8450732E+05
 0.2892000E+03  0.8455705E+05
 0.2894000E+03  0.8460664E+05
 0.2896000E+03  0.8465607E+05
 0.2898000E+03  0.8470536E+05
 0.2900000E+03  0.8475449E+05
 0.2902000E+03  0.8480348E+05
 0.2904000E+03  0.8485230E+05
 0.2906000E+03  0.8490097E+05
 0.2908000E+03  0.8494949E+05
 0.2910000E+03  0.8499785E+05
 0.2912000E+03  0.8504604E+05
 0.2914000E+03  0.8509408E+05
 0.2916000E+03  0.8514196E+05
 0.2918000E+03  0.8518968E+05
 0.2920000E+03  0.8523723E+05
 0.2922000E+03  0.8528462E+05
 0.2924000E+03  0.8533185E+05
 0.2926000E+03  0.8537891E+05
 0.2928000E+03  0.8542581E+05
 0.2930000E+03  0.8547254E+05
 0.2932000E+03  0.8551911E+05
 0.2934000E+03  0.8556550E+05
 0.2936000E+03  0.8561173E+05
 0.2938000E+03  0.8565779E+05
 0.2940000E+03  0.8570369E+05
 0.2942000E+03  0.8574941E+05
 0.2944000E+03  0.8579497E+05
 0.2946000E+03  0.8584035E+05
 0.2948000E+03  0.8588557E+05
 0.2950000E+03  0.8593062E+05
 0.2952000E+03  0.8597550E+05
 0.2954000E+03  0.8602021E+05
 0.2956000E+03  0.8606475E+05
 0.2958000E+03  0.8610912E+05
 0.2960000E+03  0.8615333E+05
 0.2962000E+03  0.8619737E+05
 0.2964000E+03  0.8624124E+05
 0.2966000E+03  0.8628494E+05
 0.2968000E+03  0.8632847E+05
 0.2970000E+03  0.8637185E+05
 0.2972000E+03  0.8641505E+05
 0.2974000E+03  0.8645809E+05
 0.2976000E+03  0.8650097E+05
 0.2978000E+03  0.8654369E+05
 0.2980000E+03  0.8658624E+05
 0.2982000E+03  0.8662864E+05
 0.2984000E+03  0.8667087E+05
 0.2986000E+03  0.8671295E+05
 0.2988000E+03  0.8675487E+05
 0.2990000E+03  0.8679663E+05
 0.2992000E+03  0.8683825E+05
 0.2994000E+03  0.8687970E+05
 0.2996000E+03  0.8692101E+05
 0.2998000E+03  0.8696217E+05
 0.3000000E+03  0.8700317E+05
 0.3002000E+03  0.8704404E+05
 0.3004000E+03  0.8708475E+05
 0.3006000E+03  0.8712532E+05
 0.3008000E+03  0.8716576E+05
 0.3010000E+03  0.8720605E+05
 0.3012000E+03  0.8724620E+05
 0.3014000E+03  0.8728621E+05
 0.3016000E+03  0.8732610E+05
 0.3018000E+03  0.8736584E+05
 0.3020000E+03  0.8740546E+05
 0.3022000E+03  0.8744495E+05
 0.3024000E+03  0.8748431E+05
 0.3026000E+03  0.8752354E+05
 0.3028000E+03  0.8756265E+05
 0.3030000E+03  0.8760164E+05
 0.3032000E+03  0.8764051E+05
 0.3034000E+03  0.8767927E+05
 0.3036000E+03  0.8771790E+05
 0.3038000E+03  0.8775642E+05
 0.3040000E+03  0.8779483E+05
 0.3042000E+03  0.8783313E+05
 0.3044000E+03  0.8787133E+05
 0.3046000E+03  0.8790941E+05
 0.3048000E+03  0.8794739E+05
 0.3050000E+03  0.8798527E+05
 0.3052000E+03  0.8802305E+05
 0.3054000E+03  0.8806072E+05
 0.3056000E+03  0.8809830E+05
 0.3058000E+03  0.8813579E+05
 0.3060000E+03  0.8817318E+05
 0.3062000E+03  0.8821048E+05
 0.3064000E+03  0.8824769E+05
 0.3066000E+03  0.8828481E+05
 0.3068000E+03  0.8832184E+05
 0.3070000E+03  0.8835879E+05
 0.3072000E+03  0.8839565E+05
 0.3074000E+03  0.8843244E+05
 0.3076000E+03  0.8846914E+05
 0.3078000E+03  0.8850576E+05
 0.3080000E+03  0.8854230E+05
 0.3082000E+03  0.8857877E+05
 0.3084000E+03  0.8861516E+05
 0.3086000E+03  0.8865148E+05
 0.3088000E+03  0.8868773E+05
 0.3090000E+03  0.8872390E+05
 0.3092000E+03  0.8876001E+05
 0.3094000E+03  0.8879604E+05
 0.3096000E+03  0.8883201E+05
 0.3098000E+03  0.8886792E+05
 0.3100000E+03  0.8890375E+05
 0.3102000E+03  0.8893953E+05
 0.3104000E+03  0.8897524E+05
 0.3106000E+03  0.8901089E+05
 0.3108000E+03  0.8904648E+05
 0.3110000E+03  0.8908200E+05
 0.3112000E+03  0.8911747E+05
 0.3114000E+03  0.8915288E+05
 0.3116000E+03  0.8918823E+05
 0.3118000E+03  0.8922353E+05
 0.3120000E+03  0.8925877E+05
 0.3122000E+03  0.8929395E+05
 0.3124000E+03  0.8932908E+05
 0.3126000E+03  0.8936416E+05
 0.3128000E+03  0.8939918E+05
 0.3130000E+03  0.8943415E+05
 0.3132000E+03  0.8946907E+05
 0.3134000E+03  0.8950393E+05
 0.3136000E+03  0.8953875E+05
 0.3138000E+03  0.8957351E+05
 0.3140000E+03  0.8960822E+05
 0.3142000E+03  0.8964289E+05
 0.3144000E+03  0.8967750E+05
 0.3146000E+03  0.8971206E+05
 0.3148000E+03  0.8974658E+05
 0.3150000E+03  0.8978105E+05
 0.3152000E+03  0.8981547E+05
 0.3154000E+03  0.8984984E+05
 0.3156000E+03  0.8988416E+05
 0.3158000E+03  0.8991844E+05
 0.3160000E+03  0.8995266E+05
 0.3162000E+03  0.8998684E+05
 0.3164000E+03  0.9002098E+05
 0.3166000E+03  0.9005506E+05
 0.3168000E+03  0.9008910E+05
 0.3170000E+03  0.9012310E+05
 0.3172000E+03  0.9015704E+05
 0.3174000E+03  0.9019094E+05
 0.3176000E+03  0.9022479E+05
 0.3178000E+03  0.9025860E+05
 0.3180000E+03  0.9029235E+05
 0.3182000E+03  0.9032606E+05
 0.3184000E+03  0.9035973E+05
 0.3186000E+03  0.9039334E+05
 0.3188000E+03  0.9042691E+05
 0.3190000E+03  0.9046043E+05
 0.3192000E+03  0.9049390E+05
 0.3194000E+03  0.9052732E+05
 0.3196000E+03  0.9056070E+05
 0.3198000E+03  0.9059402E+05
 0.3200000E+03  0.9062730E+05
 0.3202000E+03  0.9066053E+05
 0.3204000E+03  0.9069370E+05
 0.3206000E+03  0.9072683E+05
 0.3208000E+03  0.9075991E+05
 0.3210000E+03  0.9079293E+05
 0.3212000E+03  0.9082590E+05
 0.3214000E+03  0.9085882E+05
 0.3216000E+03  0.9089169E+05
 0.3218000E+03  0.9092450E+05
 0.3220000E+03  0.9095726E+05
 0.3222000E+03  0.9098996E+05
 0.3224000E+03  0.9102261E+05
 0.3226000E+03  0.9105520E+05
 0.3228000E+03  0.9108774E+05
 0.3230000E+03  0.9112022E+05
 0.3232000E+03  0.9115263E+05
 0.3234000E+03  0.9118499E+05
 0.3236000E+03  0.9121729E+05
 0.3238000E+03  0.9124952E+05
 0.3240000E+03  0.9128170E+05
 0.3242000E+03  0.9131381E+05
 0.3244000E+03  0.9134585E+05
 0.3246000E+03  0.9137783E+05
 0.3248000E+03  0.9140975E+05
 0.3250000E+03  0.9144159E+05
 0.3252000E+03  0.9147337E+05
 0.3254000E+03  0.9150508E+05
 0.3256000E+03  0.9153671E+05
 0.3258000E+03  0.9156827E+05
 0.3260000E+03  0.9159976E+05
 0.3262000E+03  0.9163118E+05
 0.3264000E+03  0.9166252E+05
 0.3266000E+03  0.9169378E+05
 0.3268000E+03  0.9172496E+05
 0.3270000E+03  0.9175607E+05
 0.3272000E+03  0.9178709E+05
 0.3274000E+03  0.9181803E+05
 0.3276000E+03  0.9184889E+05
 0.3278000E+03  0.9187966E+05
 0.3280000E+03  0.9191034E+05
 0.3282000E+03  0.9194094E+05
 0.3284000E+03  0.9197145E+05
 0.3286000E+03  0.9200187E+05
 0.3288000E+03  0.9203220E+05
 0.3290000E+03  0.9206244E+05
 0.3292000E+03  0.9209258E+05
 0.3294000E+03  0.9212263E+05
 0.3296000E+03  0.9215258E+05
 0.3298000E+03  0.9218243E+05
 0.3300000E+03  0.9221219E+05
 0.3302000E+03  0.9224184E+05
 0.3304000E+03  0.9227140E+05
 0.3306000E+03  0.9230086E+05
 0.3308000E+03  0.9233021E+05
 0.3310000E+03  0.9235946E+05
 0.3312000E+03  0.9238860E+05
 0.3314000E+03  0.9241764E+05
 0.3316000E+03  0.9244657E+05
 0.3318000E+03  0.9247539E+05
 0.3320000E+03  0.9250410E+05
 0.3322000E+03  0.9253271E+05
 0.3324000E+03  0.9256120E+05
 0.3326000E+03  0.9258959E+05
 0.3328000E+03  0.9261786E+05
 0.3330000E+03  0.9264602E+05
 0.3332000E+03  0.9267406E+05
 0.3334000E+03  0.9270199E+05
 0.3336000E+03  0.9272981E+05
 0.3338000E+03  0.9275751E+05
 0.3340000E+03  0.9278509E+05
 0.3342000E+03  0.9281256E+05
 0.3344000E+03  0.9283991E+05
 0.3346000E+03  0.9286714E+05
 0.3348000E+03  0.9289425E+05
 0.3350000E+03  0.9292125E+05
 0.3352000E+03  0.9294812E+05
 0.3354000E+03  0.9297487E+05
 0.3356000E+03  0.9300151E+05
 0.3358000E+03  0.9302802E+05
 0.3360000E+03  0.9305441E+05
 0.3362000E+03  0.9308067E+05
 0.3364000E+03  0.9310682E+05
 0.3366000E+03  0.9313284E+05
 0.3368000E+03  0.9315874E+05
 0.3370000E+03  0.9318451E+05
 0.3372000E+03  0.9321016E+05
 0.3374000E+03  0.9323568E+05
 0.3376000E+03  0.9326108E+05
 0.3378000E+03  0.9328635E+05
 0.3380000E+03  0.9331149E+05
 0.3382000E+03  0.9333651E+05
 0.3384000E+03  0.9336140E+05
 0.3386000E+03  0.9338616E+05
 0.3388000E+03  0.9341079E+05
 0.3390000E+03  0.9343529E+05
 0.3392000E+03  0.9345967E+05
 0.3394000E+03  0.9348391E+05
 0.3396000E+03  0.9350802E+05
 0.3398000E+03  0.9353200E+05
 0.3400000E+03  0.9355584E+05
 0.3402000E+03  0.9357955E+05
 0.3404000E+03  0.9360313E+05
 0.3406000E+03  0.9362658E+05
 0.3408000E+03  0.9364989E+05
 0.3410000E+03  0.9367306E+05
 0.3412000E+03  0.9369609E+05
 0.3414000E+03  0.9371899E+05
 0.3416000E+03  0.9374175E+05
 0.3418000E+03  0.9376437E+05
 0.3420000E+03  0.9378685E+05
 0.3422000E+03  0.9380918E+05
 0.3424000E+03  0.9383138E+05
 0.3426000E+03  0.9385343E+05
 0.3428000E+03  0.9387533E+05
 0.3430000E+03  0.9389709E+05
 0.3432000E+03  0.9391870E+05
 0.3434000E+03  0.9394017E+05
 0.3436000E+03  0.9396148E+05
 0.3438000E+03  0.9398264E+05
 0.3440000E+03  0.9400366E+05
 0.3442000E+03  0.9402452E+05
 0.3444000E+03  0.9404522E+05
 0.3446000E+03  0.9406577E+05
 0.3448000E+03  0.9408616E+05
 0.3450000E+03  0.9410639E+05
 0.3452000E+03  0.9412647E+05
 0.3454000E+03  0.9414638E+05
 0.3456000E+03  0.9416613E+05
 0.3458000E+03  0.9418572E+05
 0.3460000E+03  0.9420514E+05
 0.3462000E+03  0.9422439E+05
 0.3464000E+03  0.9424348E+05
 0.3466000E+03  0.9426239E+05
 0.3468000E+03  0.9428113E+05
 0.3470000E+03  0.9429971E+05
 0.3472000E+03  0.9431810E+05
 0.3474000E+03  0.9433632E+05
 0.3476000E+03  0.9435437E+05
 0.3478000E+03  0.9437223E+05
 0.3480000E+03  0.9438992E+05
 0.3482000E+03  0.9440742E+05
 0.3484000E+03  0.9442475E+05
 0.3486000E+03  0.9444188E+05
 0.3488000E+03  0.9445883E+05
 0.3490000E+03  0.9447560E+05
 0.3492000E+03  0.9449217E+05
 0.3494000E+03  0.9450856E+05
 0.3496000E+03  0.9452475E+05
 0.3498000E+03  0.9454075E+05
 0.3500000E+03  0.9455656E+05
 0.3502000E+03  0.9457217E+05
 0.3504000E+03  0.9458759E+05
 0.3506000E+03  0.9460281E+05
 0.3508000E+03  0.9461783E+05
 0.3510000E+03  0.9463265E+05
 0.3512000E+03  0.9464726E+05
 0.3514000E+03  0.9466168E+05
 0.3516000E+03  0.9467589E+05
 0.3518000E+03  0.9468990E+05
 0.3520000E+03  0.9470370E+05
 0.3522000E+03  0.9471729E+05
 0.3524000E+03  0.9473067E+05
 0.3526000E+03  0.9474385E+05
 0.3528000E+03  0.9475682E+05
 0.3530000E+03  0.9476957E+05
 0.3532000E+03  0.9478211E+05
 0.3534000E+03  0.9479444E+05
 0.3536000E+03  0.9480656E+05
 0.3538000E+03  0.9481845E+05
 0.3540000E+03  0.9483014E+05
 0.3542000E+03  0.9484160E+05
 0.3544000E+03  0.9485285E+05
 0.3546000E+03  0.9486388E+05
 0.3548000E+03  0.9487469E+05
 0.3550000E+03  0.9488528E+05
 0.3552000E+03  0.9489565E+05
 0.3554000E+03  0.9490579E+05
 0.3556000E+03  0.9491572E+05
 0.3558000E+03  0.9492542E+05
 0.3560000E+03  0.9493489E+05
 0.3562000E+03  0.9494414E+05
 0.3564000E+03  0.9495316E+05
 0.3566000E+03  0.9496195E+05
 0.3568000E+03  0.9497052E+05
 0.3570000E+03  0.9497886E+05
 0.3572000E+03  0.9498697E+05
 0.3574000E+03  0.9499485E+05
 0.3576000E+03  0.9500249E+05
 0.3578000E+03  0.9500991E+05
 0.3580000E+03  0.9501709E+05
 0.3582000E+03  0.9502404E+05
 0.3584000E+03  0.9503075E+05
 0.3586000E+03  0.9503723E+05
 0.3588000E+03  0.9504348E+05
 0.3590000E+03  0.9504949E+05
 0.3592000E+03  0.9505526E+05
 0.3594000E+03  0.9506079E+05
 0.3596000E+03  0.9506609E+05
 0.3598000E+03  0.9507114E+05
 0.3600000E+03  0.9507596E+05
 0.3602000E+03  0.9508053E+05
 0.3604000E+03  0.9508486E+05
 0.3606000E+03  0.9508895E+05
 0.3608000E+03  0.9509280E+05
 0.3610000E+03  0.9509641E+05
 0.3612000E+03  0.9509976E+05
 0.3614000E+03  0.9510288E+05
 0.3616000E+03  0.9510575E+05
 0.3618000E+03  0.9510837E+05
 0.3620000E+03  0.9511075E+05
 0.3622000E+03  0.9511288E+05
 0.3624000E+03  0.9511476E+05
 0.3626000E+03  0.9511639E+05
 0.3628000E+03  0.9511778E+05
 0.3630000E+03  0.9511891E+05
 0.3632000E+03  0.9511980E+05
 0.3634000E+03  0.9512043E+05
 0.3636000E+03  0.9512082E+05
 0.3638000E+03  0.9512095E+05
 0.3640000E+03  0.9512083E+05
 0.3642000E+03  0.9512047E+05
 0.3644000E+03  0.9511985E+05
 0.3646000E+03  0.9511897E+05
 0.3648000E+03  0.9511785E+05
 0.3650000E+03  0.9511647E+05
 0.3652000E+03  0.9511485E+05
 0.3654000E+03  0.9511297E+05
 0.3656000E+03  0.9511083E+05
 0.3658000E+03  0.9510845E+05
 0.3660000E+03  0.9510582E+05
 0.3662000E+03  0.9510293E+05
 0.3664000E+03  0.9509979E+05
 0.3666000E+03  0.9509641E+05
 0.3668000E+03  0.9509277E+05
 0.3670000E+03  0.9508888E+05
 0.3672000E+03  0.9508475E+05
 0.3674000E+03  0.9508036E+05
 0.3676000E+03  0.9507573E+05
 0.3678000E+03  0.9507085E+05
 0.3680000E+03  0.9506573E+05
 0.3682000E+03  0.9506035E+05
 0.3684000E+03  0.9505474E+05
 0.3686000E+03  0.9504888E+05
 0.3688000E+03  0.9504278E+05
 0.3690000E+03  0.9503644E+05
 0.3692000E+03  0.9502985E+05
 0.3694000E+03  0.9502303E+05
 0.3696000E+03  0.9501597E+05
 0.3698000E+03  0.9500867E+05
 0.3700000E+03  0.9500114E+05
 0.3702000E+03  0.9499337E+05
 0.3704000E+03  0.9498537E+05
 0.3706000E+03  0.9497714E+05
 0.3708000E+03  0.9496868E+05
 0.3710000E+03  0.9495999E+05
 0.3712000E+03  0.9495107E+05
 0.3714000E+03  0.9494193E+05
 0.3716000E+03  0.9493257E+05
 0.3718000E+03  0.9492298E+05
 0.3720000E+03  0.9491318E+05
 0.3722000E+03  0.9490315E+05
 0.3724000E+03  0.9489291E+05
 0.3726000E+03  0.9488246E+05
 0.3728000E+03  0.9487179E+05
 0.3730000E+03  0.9486091E+05
 0.3732000E+03  0.9484982E+05
 0.3734000E+03  0.9483852E+05
 0.3736000E+03  0.9482702E+05
 0.3738000E+03  0.9481531E+05
 0.3740000E+03  0.9480341E+05
 0.3742000E+03  0.9479130E+05
 0.3744000E+03  0.9477899E+05
 0.3746000E+03  0.9476649E+05
 0.3748000E+03  0.9475379E+05
 0.3750000E+03  0.9474090E+05
 0.3752000E+03  0.9472782E+05
 0.3754000E+03  0.9471455E+05
 0.3756000E+03  0.9470109E+05
 0.3758000E+03  0.9468745E+05
 0.3760000E+03  0.9467362E+05
 0.3762000E+03  0.9465962E+05
 0.3764000E+03  0.9464543E+05
 0.3766000E+03  0.9463107E+05
 0.3768000E+03  0.9461653E+05
 0.3770000E+03  0.9460181E+05
 0.3772000E+03  0.9458693E+05
 0.3774000E+03  0.9457187E+05
 0.3776000E+03  0.9455665E+05
 0.3778000E+03  0.9454126E+05
 0.3780000E+03  0.9452571E+05
 0.3782000E+03  0.9450999E+05
 0.3784000E+03  0.9449411E+05
 0.3786000E+03  0.9447807E+05
 0.3788000E+03  0.9446188E+05
 0.3790000E+03  0.9444552E+05
 0.3792000E+03  0.9442902E+05
 0.3794000E+03  0.9441236E+05
 0.3796000E+03  0.9439555E+05
 0.3798000E+03  0.9437859E+05
 0.3800000E+03  0.9436148E+05
 0.3802000E+03  0.9434422E+05
 0.3804000E+03  0.9432683E+05
 0.3806000E+03  0.9430928E+05
 0.3808000E+03  0.9429160E+05
 0.3810000E+03  0.9427377E+05
 0.3812000E+03  0.9425581E+05
 0.3814000E+03  0.9423770E+05
 0.3816000E+03  0.9421946E+05
 0.3818000E+03  0.9420109E+05
 0.3820000E+03  0.9418258E+05
 0.3822000E+03  0.9416394E+05
 0.3824000E+03  0.9414516E+05
 0.3826000E+03  0.9412626E+05
 0.3828000E+03  0.9410722E+05
 0.3830000E+03  0.9408806E+05
 0.3832000E+03  0.9406877E+05
 0.3834000E+03  0.9404935E+05
 0.3836000E+03  0.9402981E+05
 0.3838000E+03  0.9401014E+05
 0.3840000E+03  0.9399034E+05
 0.3842000E+03  0.9397042E+05
 0.3844000E+03  0.9395038E+05
 0.3846000E+03  0.9393022E+05
 0.3848000E+03  0.9390993E+05
 0.3850000E+03  0.9388953E+05
 0.3852000E+03  0.9386900E+05
 0.3854000E+03  0.9384835E+05
 0.3856000E+03  0.9382758E+05
 0.3858000E+03  0.9380669E+05
 0.3860000E+03  0.9378568E+05
 0.3862000E+03  0.9376455E+05
 0.3864000E+03  0.9374330E+05
 0.3866000E+03  0.9372193E+05
 0.3868000E+03  0.9370045E+05
 0.3870000E+03  0.9367884E+05
 0.3872000E+03  0.9365712E+05
 0.3874000E+03  0.9363527E+05
 0.3876000E+03  0.9361331E+05
 0.3878000E+03  0.9359123E+05
 0.3880000E+03  0.9356903E+05
 0.3882000E+03  0.9354671E+05
 0.3884000E+03  0.9352427E+05
 0.3886000E+03  0.9350171E+05
 0.3888000E+03  0.9347903E+05
 0.3890000E+03  0.9345623E+05
 0.3892000E+03  0.9343330E+05
 0.3894000E+03  0.9341026E+05
 0.3896000E+03  0.9338710E+05
 0.3898000E+03  0.9336381E+05
 0.3900000E+03  0.9334041E+05
 0.3902000E+03  0.9331688E+05
 0.3904000E+03  0.9329323E+05
 0.3906000E+03  0.9326945E+05
 0.3908000E+03  0.9324555E+05
 0.3910000E+03  0.9322153E+05
 0.3912000E+03  0.9319738E+05
 0.3914000E+03  0.9317311E+05
 0.3916000E+03  0.9314871E+05
 0.3918000E+03  0.9312419E+05
 0.3920000E+03  0.9309954E+05
 0.3922000E+03  0.9307477E+05
 0.3924000E+03  0.9304986E+05
 0.3926000E+03  0.9302483E+05
 0.3928000E+03  0.9299967E+05
 0.3930000E+03  0.9297439E+05
 0.3932000E+03  0.9294897E+05
 0.3934000E+03  0.9292343E+05
 0.3936000E+03  0.9289775E+05
 0.3938000E+03  0.9287195E+05
 0.3940000E+03  0.9284602E+05
 0.3942000E+03  0.9281995E+05
 0.3944000E+03  0.9279375E+05
 0.3946000E+03  0.9276743E+05
 0.3948000E+03  0.9274097E+05
 0.3950000E+03  0.9271437E+05
 0.3952000E+03  0.9268765E+05
 0.3954000E+03  0.9266079E+05
 0.3956000E+03  0.9263380E+05
 0.3958000E+03  0.9260668E+05
 0.3960000E+03  0.9257942E+05
 0.3962000E+03  0.9255203E+05
 0.3964000E+03  0.9252450E+05
 0.3966000E+03  0.9249684E+05
 0.3968000E+03  0.9246904E+05
 0.3970000E+03  0.9244111E+05
 0.3972000E+03  0.9241305E+05
 0.3974000E+03  0.9238485E+05
 0.3976000E+03  0.9235651E+05
 0.3978000E+03  0.9232804E+05
 0.3980000E+03  0.9229943E+05
 0.3982000E+03  0.9227069E+05
 0.3984000E+03  0.9224181E+05
 0.3986000E+03  0.9221279E+05
 0.3988000E+03  0.9218364E+05
 0.3990000E+03  0.9215435E+05
 0.3992000E+03  0.9212492E+05
 0.3994000E+03  0.9209536E+05
 0.3996000E+03  0.9206566E+05
 0.3998000E+03  0.9203583E+05
 0.4000000E+03  0.9200585E+05
