 0.20000E+00  0.10000E+01 -0.73649E-19
 0.40000E+00  0.10000E+01 -0.20723E-18
 0.60000E+00  0.10000E+01 -0.14354E-18
 0.80000E+00  0.10000E+01  0.63877E-18
 0.10000E+01  0.99999E+00 -0.51130E-18
 0.12000E+01  0.99999E+00  0.10330E-17
 0.14000E+01  0.99999E+00  0.22971E-17
 0.16000E+01  0.99998E+00 -0.10680E-17
 0.18000E+01  0.99998E+00  0.12366E-17
 0.20000E+01  0.99998E+00  0.29998E-18
 0.22000E+01  0.99997E+00  0.89792E-18
 0.24000E+01  0.99997E+00  0.22574E-17
 0.26000E+01  0.99996E+00 -0.23516E-17
 0.28000E+01  0.99995E+00  0.17562E-17
 0.30000E+01  0.99995E+00 -0.14809E-18
 0.32000E+01  0.99994E+00 -0.28261E-17
 0.34000E+01  0.99993E+00  0.10113E-17
 0.36000E+01  0.99992E+00  0.30623E-18
 0.38000E+01  0.99992E+00 -0.15687E-18
 0.40000E+01  0.99991E+00 -0.20366E-17
 0.42000E+01  0.99990E+00 -0.50670E-18
 0.44000E+01  0.99989E+00 -0.16229E-18
 0.46000E+01  0.99988E+00  0.30702E-17
 0.48000E+01  0.99987E+00 -0.63855E-17
 0.50000E+01  0.99986E+00 -0.17178E-18
 0.52000E+01  0.99984E+00  0.44477E-17
 0.54000E+01  0.99983E+00  0.49490E-18
 0.56000E+01  0.99982E+00  0.41927E-17
 0.58000E+01  0.99981E+00  0.30432E-17
 0.60000E+01  0.99979E+00  0.32933E-17
 0.62000E+01  0.99978E+00  0.65767E-17
 0.64000E+01  0.99977E+00 -0.13545E-17
 0.66000E+01  0.99975E+00 -0.60592E-18
 0.68000E+01  0.99974E+00  0.64823E-17
 0.70000E+01  0.99972E+00 -0.21432E-17
 0.72000E+01  0.99971E+00 -0.41282E-17
 0.74000E+01  0.99969E+00  0.47799E-17
 0.76000E+01  0.99967E+00  0.52837E-17
 0.78000E+01  0.99966E+00 -0.37704E-17
 0.80000E+01  0.99964E+00  0.61803E-17
 0.82000E+01  0.99962E+00 -0.25089E-17
 0.84000E+01  0.99960E+00 -0.22260E-17
 0.86000E+01  0.99959E+00 -0.67005E-17
 0.88000E+01  0.99957E+00  0.76360E-17
 0.90000E+01  0.99955E+00 -0.10592E-17
 0.92000E+01  0.99953E+00 -0.27076E-17
 0.94000E+01  0.99951E+00 -0.26084E-17
 0.96000E+01  0.99949E+00  0.88164E-17
 0.98000E+01  0.99947E+00  0.78197E-18
 0.10000E+02  0.99945E+00 -0.11938E-16
 0.10200E+02  0.99943E+00 -0.81190E-17
 0.10400E+02  0.99941E+00 -0.42498E-18
 0.10600E+02  0.99938E+00 -0.70985E-17
 0.10800E+02  0.99936E+00 -0.47952E-18
 0.11000E+02  0.99934E+00 -0.78876E-18
 0.11200E+02  0.99932E+00  0.10727E-16
 0.11400E+02  0.99929E+00 -0.22369E-17
 0.11600E+02  0.99927E+00  0.80434E-17
 0.11800E+02  0.99925E+00 -0.15717E-16
 0.12000E+02  0.99922E+00  0.83699E-17
 0.12200E+02  0.99920E+00  0.12052E-16
 0.12400E+02  0.99917E+00 -0.18570E-16
 0.12600E+02  0.99915E+00  0.72635E-18
 0.12800E+02  0.99912E+00 -0.33570E-17
 0.13000E+02  0.99910E+00  0.52780E-17
 0.13200E+02  0.99907E+00  0.24801E-17
 0.13400E+02  0.99905E+00  0.12973E-18
 0.13600E+02  0.99902E+00  0.40693E-17
 0.13800E+02  0.99899E+00  0.15057E-16
 0.14000E+02  0.99897E+00 -0.74853E-18
 0.14200E+02  0.99894E+00 -0.22056E-16
 0.14400E+02  0.99891E+00  0.39469E-17
 0.14600E+02  0.99889E+00  0.88667E-17
 0.14800E+02  0.99886E+00 -0.10704E-16
 0.15000E+02  0.99883E+00  0.89342E-17
 0.15200E+02  0.99880E+00  0.87387E-18
 0.15400E+02  0.99878E+00  0.95960E-17
 0.15600E+02  0.99875E+00 -0.12033E-16
 0.15800E+02  0.99872E+00 -0.21169E-16
 0.16000E+02  0.99869E+00  0.86343E-18
 0.16200E+02  0.99866E+00 -0.40754E-17
 0.16400E+02  0.99863E+00  0.94937E-17
 0.16600E+02  0.99860E+00 -0.52452E-17
 0.16800E+02  0.99857E+00  0.55496E-17
 0.17000E+02  0.99854E+00  0.74928E-17
 0.17200E+02  0.99851E+00 -0.68787E-17
 0.17400E+02  0.99848E+00  0.64686E-17
 0.17600E+02  0.99845E+00  0.12495E-17
 0.17800E+02  0.99842E+00 -0.30066E-17
 0.18000E+02  0.99839E+00 -0.17102E-17
 0.18200E+02  0.99836E+00  0.54846E-19
 0.18400E+02  0.99833E+00  0.27331E-16
 0.18600E+02  0.99830E+00  0.31010E-16
 0.18800E+02  0.99826E+00 -0.51103E-17
 0.19000E+02  0.99823E+00 -0.77181E-17
 0.19200E+02  0.99820E+00 -0.23865E-16
 0.19400E+02  0.99817E+00 -0.95885E-17
 0.19600E+02  0.99814E+00  0.32509E-17
 0.19800E+02  0.99810E+00 -0.98557E-17
 0.20000E+02  0.99807E+00 -0.97388E-17
 0.20200E+02  0.99804E+00 -0.34942E-17
 0.20400E+02  0.99801E+00 -0.13749E-16
 0.20600E+02  0.99797E+00 -0.62623E-17
 0.20800E+02  0.99794E+00  0.14069E-16
 0.21000E+02  0.99791E+00 -0.44633E-17
 0.21200E+02  0.99787E+00 -0.23541E-16
 0.21400E+02  0.99784E+00 -0.13151E-17
 0.21600E+02  0.99781E+00 -0.15167E-16
 0.21800E+02  0.99777E+00 -0.77610E-17
 0.22000E+02  0.99774E+00 -0.42033E-17
 0.22200E+02  0.99771E+00  0.24134E-17
 0.22400E+02  0.99767E+00  0.35519E-17
 0.22600E+02  0.99764E+00  0.64767E-18
 0.22800E+02  0.99761E+00 -0.13993E-16
 0.23000E+02  0.99757E+00  0.12967E-16
 0.23200E+02  0.99754E+00 -0.21533E-18
 0.23400E+02  0.99750E+00 -0.22673E-18
 0.23600E+02  0.99747E+00 -0.48919E-17
 0.23800E+02  0.99743E+00  0.24871E-16
 0.24000E+02  0.99740E+00 -0.10650E-16
 0.24200E+02  0.99736E+00  0.18690E-16
 0.24400E+02  0.99733E+00  0.79262E-17
 0.24600E+02  0.99730E+00 -0.34544E-16
 0.24800E+02  0.99726E+00 -0.83906E-19
 0.25000E+02  0.99723E+00  0.47436E-17
 0.25200E+02  0.99719E+00  0.24878E-16
 0.25400E+02  0.99716E+00 -0.14842E-16
 0.25600E+02  0.99712E+00 -0.19406E-16
 0.25800E+02  0.99709E+00 -0.12930E-16
 0.26000E+02  0.99705E+00  0.15701E-16
 0.26200E+02  0.99701E+00 -0.18998E-17
 0.26400E+02  0.99698E+00 -0.53299E-17
 0.26600E+02  0.99694E+00 -0.19549E-16
 0.26800E+02  0.99691E+00 -0.29817E-16
 0.27000E+02  0.99687E+00  0.54752E-17
 0.27200E+02  0.99684E+00 -0.11495E-16
 0.27400E+02  0.99680E+00 -0.25768E-17
 0.27600E+02  0.99677E+00  0.14636E-16
 0.27800E+02  0.99673E+00 -0.77857E-17
 0.28000E+02  0.99669E+00  0.16078E-16
 0.28200E+02  0.99666E+00  0.18756E-17
 0.28400E+02  0.99662E+00  0.19214E-16
 0.28600E+02  0.99659E+00  0.11562E-16
 0.28800E+02  0.99655E+00  0.10137E-16
 0.29000E+02  0.99652E+00 -0.39680E-17
 0.29200E+02  0.99648E+00  0.16609E-17
 0.29400E+02  0.99644E+00  0.28714E-16
 0.29600E+02  0.99641E+00 -0.90594E-17
 0.29800E+02  0.99637E+00 -0.26434E-16
 0.30000E+02  0.99634E+00  0.15599E-16
 0.30200E+02  0.99630E+00  0.12421E-17
 0.30400E+02  0.99626E+00  0.18035E-16
 0.30600E+02  0.99623E+00  0.51279E-17
 0.30800E+02  0.99619E+00 -0.39123E-17
 0.31000E+02  0.99615E+00 -0.75439E-17
 0.31200E+02  0.99612E+00 -0.64853E-17
 0.31400E+02  0.99608E+00  0.95749E-17
 0.31600E+02  0.99605E+00  0.11110E-16
 0.31800E+02  0.99601E+00 -0.18522E-17
 0.32000E+02  0.99597E+00 -0.50255E-17
 0.32200E+02  0.99594E+00  0.16782E-16
 0.32400E+02  0.99590E+00  0.62765E-17
 0.32600E+02  0.99586E+00 -0.15345E-16
 0.32800E+02  0.99583E+00 -0.62166E-17
 0.33000E+02  0.99579E+00 -0.16579E-16
 0.33200E+02  0.99575E+00 -0.18375E-16
 0.33400E+02  0.99572E+00 -0.64599E-17
 0.33600E+02  0.99568E+00 -0.32031E-16
 0.33800E+02  0.99564E+00  0.17506E-16
 0.34000E+02  0.99561E+00 -0.15522E-16
 0.34200E+02  0.99557E+00 -0.17133E-16
 0.34400E+02  0.99554E+00 -0.29739E-17
 0.34600E+02  0.99550E+00 -0.17032E-16
 0.34800E+02  0.99546E+00  0.89089E-17
 0.35000E+02  0.99543E+00  0.64973E-17
 0.35200E+02  0.99539E+00  0.21856E-16
 0.35400E+02  0.99535E+00  0.37845E-16
 0.35600E+02  0.99532E+00  0.14880E-16
 0.35800E+02  0.99528E+00  0.13502E-16
 0.36000E+02  0.99524E+00 -0.11641E-17
 0.36200E+02  0.99521E+00 -0.19243E-16
 0.36400E+02  0.99517E+00  0.33962E-16
 0.36600E+02  0.99513E+00 -0.12041E-16
 0.36800E+02  0.99510E+00 -0.82448E-17
 0.37000E+02  0.99506E+00 -0.10797E-16
 0.37200E+02  0.99502E+00 -0.16402E-16
 0.37400E+02  0.99499E+00 -0.72084E-17
 0.37600E+02  0.99495E+00  0.15211E-16
 0.37800E+02  0.99491E+00 -0.13634E-16
 0.38000E+02  0.99488E+00 -0.16653E-16
 0.38200E+02  0.99484E+00  0.62377E-17
 0.38400E+02  0.99480E+00 -0.74295E-17
 0.38600E+02  0.99477E+00 -0.14394E-16
 0.38800E+02  0.99473E+00  0.21514E-16
 0.39000E+02  0.99469E+00 -0.30040E-16
 0.39200E+02  0.99466E+00  0.50788E-17
 0.39400E+02  0.99462E+00 -0.29206E-16
 0.39600E+02  0.99458E+00 -0.11258E-16
 0.39800E+02  0.99455E+00 -0.26292E-17
 0.40000E+02  0.99451E+00  0.15395E-16
 0.40200E+02  0.99447E+00 -0.10197E-16
 0.40400E+02  0.99444E+00  0.28626E-17
 0.40600E+02  0.99440E+00 -0.82482E-18
 0.40800E+02  0.99436E+00 -0.91490E-17
 0.41000E+02  0.99433E+00 -0.19235E-16
 0.41200E+02  0.99429E+00  0.14886E-16
 0.41400E+02  0.99425E+00 -0.81889E-17
 0.41600E+02  0.99422E+00 -0.64885E-17
 0.41800E+02  0.99418E+00  0.94097E-17
 0.42000E+02  0.99414E+00  0.79085E-19
 0.42200E+02  0.99411E+00 -0.43943E-18
 0.42400E+02  0.99407E+00  0.29972E-16
 0.42600E+02  0.99403E+00  0.17290E-17
 0.42800E+02  0.99400E+00  0.18211E-16
 0.43000E+02  0.99396E+00  0.68032E-18
 0.43200E+02  0.99393E+00 -0.28954E-16
 0.43400E+02  0.99389E+00  0.19624E-16
 0.43600E+02  0.99385E+00 -0.36165E-16
 0.43800E+02  0.99382E+00 -0.13347E-16
 0.44000E+02  0.99378E+00  0.41109E-16
 0.44200E+02  0.99374E+00  0.10841E-16
 0.44400E+02  0.99371E+00  0.25639E-17
 0.44600E+02  0.99367E+00 -0.23147E-16
 0.44800E+02  0.99363E+00  0.59382E-17
 0.45000E+02  0.99360E+00  0.37163E-16
 0.45200E+02  0.99356E+00  0.74325E-17
 0.45400E+02  0.99352E+00 -0.18629E-16
 0.45600E+02  0.99349E+00  0.15403E-17
 0.45800E+02  0.99345E+00  0.46418E-17
 0.46000E+02  0.99341E+00  0.13678E-16
 0.46200E+02  0.99338E+00  0.61161E-17
 0.46400E+02  0.99334E+00  0.14402E-16
 0.46600E+02  0.99330E+00 -0.15390E-16
 0.46800E+02  0.99327E+00 -0.18388E-16
 0.47000E+02  0.99323E+00 -0.50621E-17
 0.47200E+02  0.99320E+00 -0.25466E-16
 0.47400E+02  0.99316E+00 -0.16320E-17
 0.47600E+02  0.99312E+00 -0.18490E-18
 0.47800E+02  0.99309E+00  0.21794E-16
 0.48000E+02  0.99305E+00 -0.16902E-16
 0.48200E+02  0.99301E+00 -0.74916E-17
 0.48400E+02  0.99298E+00 -0.38741E-16
 0.48600E+02  0.99294E+00 -0.21483E-16
 0.48800E+02  0.99290E+00 -0.83595E-18
 0.49000E+02  0.99287E+00 -0.45954E-16
 0.49200E+02  0.99283E+00  0.10032E-16
 0.49400E+02  0.99280E+00 -0.96885E-17
 0.49600E+02  0.99276E+00 -0.34716E-18
 0.49800E+02  0.99272E+00  0.20222E-16
 0.50000E+02  0.99269E+00 -0.25657E-16
 0.50200E+02  0.99265E+00  0.35233E-18
 0.50400E+02  0.99261E+00  0.21143E-16
 0.50600E+02  0.99258E+00 -0.48327E-17
 0.50800E+02  0.99254E+00  0.20307E-16
 0.51000E+02  0.99251E+00 -0.12081E-16
 0.51200E+02  0.99247E+00 -0.18178E-17
 0.51400E+02  0.99243E+00  0.10200E-16
 0.51600E+02  0.99240E+00  0.15204E-17
 0.51800E+02  0.99236E+00 -0.35223E-17
 0.52000E+02  0.99232E+00  0.30098E-16
 0.52200E+02  0.99229E+00  0.18197E-16
 0.52400E+02  0.99225E+00 -0.46065E-17
 0.52600E+02  0.99222E+00  0.29438E-16
 0.52800E+02  0.99218E+00 -0.33097E-16
 0.53000E+02  0.99214E+00 -0.26658E-16
 0.53200E+02  0.99211E+00  0.32566E-17
 0.53400E+02  0.99207E+00  0.97280E-17
 0.53600E+02  0.99204E+00 -0.30036E-16
 0.53800E+02  0.99200E+00  0.23737E-16
 0.54000E+02  0.99196E+00 -0.63815E-18
 0.54200E+02  0.99193E+00 -0.27717E-17
 0.54400E+02  0.99189E+00  0.22380E-16
 0.54600E+02  0.99185E+00  0.22098E-16
 0.54800E+02  0.99182E+00  0.63256E-18
 0.55000E+02  0.99178E+00  0.13643E-17
 0.55200E+02  0.99175E+00  0.24543E-17
 0.55400E+02  0.99171E+00 -0.28597E-16
 0.55600E+02  0.99167E+00 -0.11635E-16
 0.55800E+02  0.99164E+00  0.32516E-16
 0.56000E+02  0.99160E+00 -0.61887E-18
 0.56200E+02  0.99157E+00  0.51762E-17
 0.56400E+02  0.99153E+00  0.21851E-16
 0.56600E+02  0.99149E+00  0.57701E-19
 0.56800E+02  0.99146E+00  0.10331E-16
 0.57000E+02  0.99142E+00  0.69471E-17
 0.57200E+02  0.99139E+00 -0.24412E-16
 0.57400E+02  0.99135E+00 -0.22222E-16
 0.57600E+02  0.99131E+00 -0.12744E-17
 0.57800E+02  0.99128E+00 -0.29691E-17
 0.58000E+02  0.99124E+00  0.15934E-16
 0.58200E+02  0.99121E+00 -0.58538E-17
 0.58400E+02  0.99117E+00 -0.64928E-17
 0.58600E+02  0.99114E+00  0.37993E-16
 0.58800E+02  0.99110E+00 -0.35685E-16
 0.59000E+02  0.99106E+00  0.23885E-16
 0.59200E+02  0.99103E+00 -0.11078E-17
 0.59400E+02  0.99099E+00 -0.45534E-17
 0.59600E+02  0.99096E+00 -0.23445E-16
 0.59800E+02  0.99092E+00  0.34440E-17
 0.60000E+02  0.99088E+00  0.91290E-17
 0.60200E+02  0.99085E+00  0.38243E-16
 0.60400E+02  0.99081E+00  0.37314E-16
 0.60600E+02  0.99078E+00 -0.35407E-17
 0.60800E+02  0.99074E+00  0.90297E-17
 0.61000E+02  0.99071E+00 -0.77007E-17
 0.61200E+02  0.99067E+00 -0.34400E-16
 0.61400E+02  0.99063E+00 -0.27639E-16
 0.61600E+02  0.99060E+00 -0.20884E-16
 0.61800E+02  0.99056E+00 -0.39793E-17
 0.62000E+02  0.99053E+00 -0.14015E-16
 0.62200E+02  0.99049E+00 -0.46087E-17
 0.62400E+02  0.99046E+00  0.39066E-17
 0.62600E+02  0.99042E+00  0.43593E-16
 0.62800E+02  0.99039E+00 -0.16663E-16
 0.63000E+02  0.99035E+00 -0.35714E-17
 0.63200E+02  0.99031E+00  0.10603E-16
 0.63400E+02  0.99028E+00  0.96646E-17
 0.63600E+02  0.99024E+00  0.21268E-16
 0.63800E+02  0.99021E+00  0.32727E-17
 0.64000E+02  0.99017E+00  0.14023E-16
 0.64200E+02  0.99014E+00 -0.28163E-16
 0.64400E+02  0.99010E+00 -0.90934E-17
 0.64600E+02  0.99007E+00 -0.19858E-17
 0.64800E+02  0.99003E+00 -0.42857E-16
 0.65000E+02  0.98999E+00  0.10567E-16
 0.65200E+02  0.98996E+00  0.18320E-16
 0.65400E+02  0.98992E+00  0.64520E-17
 0.65600E+02  0.98989E+00 -0.65074E-18
 0.65800E+02  0.98985E+00 -0.18822E-16
 0.66000E+02  0.98982E+00  0.32115E-16
 0.66200E+02  0.98978E+00 -0.17374E-16
 0.66400E+02  0.98975E+00 -0.26544E-16
 0.66600E+02  0.98971E+00 -0.14969E-16
 0.66800E+02  0.98968E+00  0.27053E-16
 0.67000E+02  0.98964E+00 -0.53325E-16
 0.67200E+02  0.98961E+00  0.81526E-17
 0.67400E+02  0.98957E+00 -0.41735E-17
 0.67600E+02  0.98953E+00 -0.24183E-16
 0.67800E+02  0.98950E+00  0.46521E-18
 0.68000E+02  0.98946E+00  0.78954E-17
 0.68200E+02  0.98943E+00  0.87460E-17
 0.68400E+02  0.98939E+00  0.15649E-16
 0.68600E+02  0.98936E+00  0.43466E-18
 0.68800E+02  0.98932E+00 -0.68083E-17
 0.69000E+02  0.98929E+00  0.15553E-16
 0.69200E+02  0.98925E+00 -0.45829E-17
 0.69400E+02  0.98922E+00  0.40944E-17
 0.69600E+02  0.98918E+00 -0.21094E-16
 0.69800E+02  0.98915E+00 -0.20697E-16
 0.70000E+02  0.98911E+00 -0.99582E-17
 0.70200E+02  0.98908E+00 -0.93330E-17
 0.70400E+02  0.98904E+00 -0.35656E-17
 0.70600E+02  0.98901E+00 -0.38599E-17
 0.70800E+02  0.98897E+00 -0.11039E-16
 0.71000E+02  0.98894E+00 -0.17532E-16
 0.71200E+02  0.98890E+00 -0.79743E-17
 0.71400E+02  0.98887E+00  0.16438E-16
 0.71600E+02  0.98883E+00  0.14897E-16
 0.71800E+02  0.98880E+00  0.17207E-16
 0.72000E+02  0.98876E+00  0.13969E-16
 0.72200E+02  0.98873E+00  0.15014E-16
 0.72400E+02  0.98869E+00  0.65450E-17
 0.72600E+02  0.98866E+00 -0.73699E-17
 0.72800E+02  0.98862E+00  0.49660E-17
 0.73000E+02  0.98859E+00 -0.90334E-17
 0.73200E+02  0.98855E+00  0.17049E-17
 0.73400E+02  0.98852E+00 -0.13951E-17
 0.73600E+02  0.98848E+00 -0.25870E-16
 0.73800E+02  0.98845E+00 -0.44402E-17
 0.74000E+02  0.98842E+00  0.23188E-16
 0.74200E+02  0.98838E+00 -0.87758E-17
 0.74400E+02  0.98835E+00  0.29225E-16
 0.74600E+02  0.98831E+00 -0.47255E-17
 0.74800E+02  0.98828E+00 -0.83328E-17
 0.75000E+02  0.98824E+00 -0.72388E-17
 0.75200E+02  0.98821E+00  0.15525E-16
 0.75400E+02  0.98817E+00 -0.98970E-17
 0.75600E+02  0.98814E+00 -0.25186E-16
 0.75800E+02  0.98810E+00 -0.15738E-17
 0.76000E+02  0.98807E+00 -0.37256E-17
 0.76200E+02  0.98804E+00  0.17987E-17
 0.76400E+02  0.98800E+00 -0.37173E-17
 0.76600E+02  0.98797E+00 -0.77352E-17
 0.76800E+02  0.98793E+00  0.13270E-16
 0.77000E+02  0.98790E+00 -0.58445E-17
 0.77200E+02  0.98786E+00 -0.55176E-17
 0.77400E+02  0.98783E+00 -0.10383E-16
 0.77600E+02  0.98780E+00  0.87782E-17
 0.77800E+02  0.98776E+00  0.26630E-17
 0.78000E+02  0.98773E+00  0.27181E-17
 0.78200E+02  0.98769E+00 -0.23295E-17
 0.78400E+02  0.98766E+00 -0.47090E-17
 0.78600E+02  0.98762E+00  0.17876E-16
 0.78800E+02  0.98759E+00 -0.70430E-17
 0.79000E+02  0.98756E+00  0.18538E-16
 0.79200E+02  0.98752E+00  0.71820E-17
 0.79400E+02  0.98749E+00  0.66345E-17
 0.79600E+02  0.98745E+00  0.97025E-17
 0.79800E+02  0.98742E+00 -0.49807E-17
 0.80000E+02  0.98739E+00 -0.16399E-16
 0.80200E+02  0.98735E+00  0.27079E-16
 0.80400E+02  0.98732E+00  0.45123E-17
 0.80600E+02  0.98728E+00  0.19934E-17
 0.80800E+02  0.98725E+00 -0.13493E-16
 0.81000E+02  0.98722E+00 -0.37840E-17
 0.81200E+02  0.98718E+00  0.26594E-16
 0.81400E+02  0.98715E+00  0.12623E-17
 0.81600E+02  0.98712E+00  0.25988E-16
 0.81800E+02  0.98708E+00  0.13560E-16
 0.82000E+02  0.98705E+00 -0.15857E-16
 0.82200E+02  0.98701E+00  0.40582E-17
 0.82400E+02  0.98698E+00  0.33246E-17
 0.82600E+02  0.98695E+00 -0.12486E-18
 0.82800E+02  0.98691E+00 -0.92202E-17
 0.83000E+02  0.98688E+00  0.70089E-17
 0.83200E+02  0.98685E+00  0.20117E-16
 0.83400E+02  0.98681E+00 -0.28207E-17
 0.83600E+02  0.98678E+00 -0.12785E-16
 0.83800E+02  0.98675E+00  0.12152E-16
 0.84000E+02  0.98671E+00 -0.33066E-17
 0.84200E+02  0.98668E+00 -0.27229E-16
 0.84400E+02  0.98665E+00 -0.10597E-16
 0.84600E+02  0.98661E+00 -0.83433E-17
 0.84800E+02  0.98658E+00 -0.15184E-17
 0.85000E+02  0.98655E+00 -0.62591E-17
 0.85200E+02  0.98651E+00 -0.21673E-16
 0.85400E+02  0.98648E+00 -0.25316E-17
 0.85600E+02  0.98645E+00  0.17274E-16
 0.85800E+02  0.98642E+00 -0.84300E-17
 0.86000E+02  0.98638E+00  0.63952E-17
 0.86200E+02  0.98635E+00  0.54734E-17
 0.86400E+02  0.98632E+00  0.35822E-17
 0.86600E+02  0.98628E+00 -0.18614E-16
 0.86800E+02  0.98625E+00 -0.11378E-16
 0.87000E+02  0.98622E+00 -0.20042E-16
 0.87200E+02  0.98619E+00  0.25094E-17
 0.87400E+02  0.98615E+00  0.98748E-18
 0.87600E+02  0.98612E+00  0.31143E-17
 0.87800E+02  0.98609E+00  0.24628E-16
 0.88000E+02  0.98605E+00  0.18611E-16
 0.88200E+02  0.98602E+00 -0.25103E-16
 0.88400E+02  0.98599E+00 -0.13509E-17
 0.88600E+02  0.98596E+00  0.13081E-16
 0.88800E+02  0.98593E+00 -0.53294E-18
 0.89000E+02  0.98589E+00 -0.20266E-16
 0.89200E+02  0.98586E+00  0.81651E-17
 0.89400E+02  0.98583E+00 -0.31637E-17
 0.89600E+02  0.98580E+00  0.63051E-17
 0.89800E+02  0.98576E+00 -0.26304E-17
 0.90000E+02  0.98573E+00 -0.62388E-17
 0.90200E+02  0.98570E+00 -0.82518E-17
 0.90400E+02  0.98567E+00  0.26414E-17
 0.90600E+02  0.98564E+00 -0.39319E-17
 0.90800E+02  0.98560E+00  0.12247E-16
 0.91000E+02  0.98557E+00 -0.31852E-18
 0.91200E+02  0.98554E+00 -0.11519E-17
 0.91400E+02  0.98551E+00  0.25692E-16
 0.91600E+02  0.98548E+00  0.15812E-16
 0.91800E+02  0.98544E+00  0.12316E-16
 0.92000E+02  0.98541E+00  0.19808E-16
 0.92200E+02  0.98538E+00 -0.18465E-16
 0.92400E+02  0.98535E+00 -0.11783E-16
 0.92600E+02  0.98532E+00 -0.13183E-16
 0.92800E+02  0.98529E+00 -0.15330E-16
 0.93000E+02  0.98525E+00 -0.89313E-17
 0.93200E+02  0.98522E+00  0.93406E-17
 0.93400E+02  0.98519E+00 -0.12955E-16
 0.93600E+02  0.98516E+00 -0.18559E-17
 0.93800E+02  0.98513E+00  0.66778E-17
 0.94000E+02  0.98510E+00  0.12850E-16
 0.94200E+02  0.98507E+00 -0.23050E-16
 0.94400E+02  0.98504E+00 -0.12536E-16
 0.94600E+02  0.98500E+00  0.99344E-17
 0.94800E+02  0.98497E+00 -0.17552E-16
 0.95000E+02  0.98494E+00 -0.91810E-18
 0.95200E+02  0.98491E+00  0.19373E-17
 0.95400E+02  0.98488E+00 -0.88138E-17
 0.95600E+02  0.98485E+00 -0.19415E-17
 0.95800E+02  0.98482E+00 -0.77607E-17
 0.96000E+02  0.98479E+00 -0.20756E-16
 0.96200E+02  0.98476E+00 -0.55754E-17
 0.96400E+02  0.98473E+00 -0.16184E-16
 0.96600E+02  0.98470E+00 -0.32428E-17
 0.96800E+02  0.98467E+00  0.22319E-17
 0.97000E+02  0.98464E+00  0.20514E-17
 0.97200E+02  0.98460E+00  0.85157E-17
 0.97400E+02  0.98457E+00 -0.34130E-18
 0.97600E+02  0.98454E+00  0.19217E-16
 0.97800E+02  0.98451E+00  0.40695E-18
 0.98000E+02  0.98448E+00 -0.15503E-17
 0.98200E+02  0.98445E+00  0.99384E-17
 0.98400E+02  0.98442E+00 -0.19490E-17
 0.98600E+02  0.98439E+00 -0.26356E-17
 0.98800E+02  0.98436E+00 -0.17985E-16
 0.99000E+02  0.98433E+00 -0.41210E-17
 0.99200E+02  0.98430E+00 -0.26549E-17
 0.99400E+02  0.98427E+00  0.21429E-17
 0.99600E+02  0.98424E+00  0.16547E-16
 0.99800E+02  0.98421E+00  0.12088E-17
 0.10000E+03  0.98419E+00 -0.25427E-17
 0.10020E+03  0.98416E+00  0.78866E-17
 0.10040E+03  0.98413E+00  0.18109E-16
 0.10060E+03  0.98410E+00 -0.15333E-16
 0.10080E+03  0.98407E+00  0.62702E-17
 0.10100E+03  0.98404E+00 -0.64789E-17
 0.10120E+03  0.98401E+00 -0.16776E-16
 0.10140E+03  0.98398E+00 -0.70290E-17
 0.10160E+03  0.98395E+00 -0.20653E-17
 0.10180E+03  0.98392E+00 -0.10203E-16
 0.10200E+03  0.98389E+00  0.56944E-17
 0.10220E+03  0.98386E+00  0.20273E-16
 0.10240E+03  0.98384E+00  0.29092E-17
 0.10260E+03  0.98381E+00 -0.13616E-16
 0.10280E+03  0.98378E+00 -0.63067E-17
 0.10300E+03  0.98375E+00 -0.11220E-16
 0.10320E+03  0.98372E+00  0.31896E-16
 0.10340E+03  0.98369E+00  0.24627E-16
 0.10360E+03  0.98366E+00 -0.20078E-17
 0.10380E+03  0.98364E+00 -0.59396E-18
 0.10400E+03  0.98361E+00  0.17367E-16
 0.10420E+03  0.98358E+00  0.11801E-16
 0.10440E+03  0.98355E+00 -0.22074E-16
 0.10460E+03  0.98352E+00 -0.51724E-17
 0.10480E+03  0.98349E+00 -0.10079E-17
 0.10500E+03  0.98347E+00 -0.14366E-16
 0.10520E+03  0.98344E+00  0.94516E-17
 0.10540E+03  0.98341E+00 -0.11471E-16
 0.10560E+03  0.98338E+00 -0.74409E-18
 0.10580E+03  0.98336E+00  0.71025E-17
 0.10600E+03  0.98333E+00 -0.72695E-17
 0.10620E+03  0.98330E+00 -0.11961E-16
 0.10640E+03  0.98327E+00  0.42761E-17
 0.10660E+03  0.98325E+00  0.18368E-17
 0.10680E+03  0.98322E+00  0.10898E-16
 0.10700E+03  0.98319E+00  0.16150E-16
 0.10720E+03  0.98316E+00  0.76158E-18
 0.10740E+03  0.98314E+00 -0.51338E-18
 0.10760E+03  0.98311E+00  0.74655E-17
 0.10780E+03  0.98308E+00  0.47479E-17
 0.10800E+03  0.98306E+00 -0.14494E-16
 0.10820E+03  0.98303E+00 -0.27086E-16
 0.10840E+03  0.98300E+00 -0.16325E-17
 0.10860E+03  0.98298E+00  0.38769E-17
 0.10880E+03  0.98295E+00 -0.23589E-16
 0.10900E+03  0.98292E+00 -0.47578E-17
 0.10920E+03  0.98290E+00 -0.12512E-16
 0.10940E+03  0.98287E+00  0.88444E-17
 0.10960E+03  0.98284E+00  0.12436E-16
 0.10980E+03  0.98282E+00  0.10958E-17
 0.11000E+03  0.98279E+00 -0.51482E-17
 0.11020E+03  0.98276E+00 -0.21000E-16
 0.11040E+03  0.98274E+00 -0.26828E-17
 0.11060E+03  0.98271E+00 -0.15713E-16
 0.11080E+03  0.98269E+00  0.74388E-17
 0.11100E+03  0.98266E+00 -0.51315E-17
 0.11120E+03  0.98264E+00  0.28069E-17
 0.11140E+03  0.98261E+00  0.17839E-17
 0.11160E+03  0.98258E+00  0.30861E-17
 0.11180E+03  0.98256E+00 -0.90980E-17
 0.11200E+03  0.98253E+00 -0.15915E-17
 0.11220E+03  0.98251E+00 -0.13254E-17
 0.11240E+03  0.98248E+00  0.75549E-17
 0.11260E+03  0.98246E+00 -0.98161E-17
 0.11280E+03  0.98243E+00 -0.73607E-18
 0.11300E+03  0.98241E+00  0.72187E-17
 0.11320E+03  0.98238E+00 -0.25906E-17
 0.11340E+03  0.98236E+00 -0.42940E-17
 0.11360E+03  0.98234E+00 -0.14326E-16
 0.11380E+03  0.98231E+00 -0.40360E-17
 0.11400E+03  0.98229E+00  0.54162E-18
 0.11420E+03  0.98226E+00  0.90554E-17
 0.11440E+03  0.98224E+00  0.51386E-17
 0.11460E+03  0.98221E+00 -0.32908E-17
 0.11480E+03  0.98219E+00 -0.58294E-17
 0.11500E+03  0.98217E+00  0.82229E-17
 0.11520E+03  0.98214E+00 -0.52838E-17
 0.11540E+03  0.98212E+00  0.41500E-17
 0.11560E+03  0.98209E+00 -0.18924E-16
 0.11580E+03  0.98207E+00  0.50093E-18
 0.11600E+03  0.98205E+00  0.11286E-16
 0.11620E+03  0.98202E+00 -0.96598E-17
 0.11640E+03  0.98200E+00  0.43184E-16
 0.11660E+03  0.98198E+00 -0.11902E-16
 0.11680E+03  0.98195E+00  0.36721E-16
 0.11700E+03  0.98193E+00 -0.17692E-16
 0.11720E+03  0.98191E+00 -0.42512E-16
 0.11740E+03  0.98189E+00 -0.32512E-16
 0.11760E+03  0.98186E+00 -0.30671E-17
 0.11780E+03  0.98184E+00 -0.28606E-16
 0.11800E+03  0.98182E+00  0.37585E-16
 0.11820E+03  0.98180E+00  0.17087E-16
 0.11840E+03  0.98177E+00  0.17195E-16
 0.11860E+03  0.98175E+00  0.85593E-16
 0.11880E+03  0.98173E+00 -0.38221E-16
 0.11900E+03  0.98171E+00 -0.21378E-16
 0.11920E+03  0.98169E+00  0.33762E-16
 0.11940E+03  0.98166E+00 -0.42750E-16
 0.11960E+03  0.98164E+00 -0.11378E-15
 0.11980E+03  0.98162E+00  0.37551E-16
 0.12000E+03  0.98160E+00 -0.67350E-16
 0.12020E+03  0.98158E+00 -0.98279E-16
 0.12040E+03  0.98156E+00 -0.13458E-16
 0.12060E+03  0.98154E+00  0.39124E-16
 0.12080E+03  0.98151E+00  0.62693E-16
 0.12100E+03  0.98149E+00  0.30109E-15
 0.12120E+03  0.98147E+00  0.17934E-15
 0.12140E+03  0.98145E+00  0.27777E-16
 0.12160E+03  0.98143E+00  0.24268E-15
 0.12180E+03  0.98141E+00 -0.21929E-15
 0.12200E+03  0.98139E+00 -0.21507E-15
 0.12220E+03  0.98137E+00  0.87820E-16
 0.12240E+03  0.98135E+00  0.15967E-15
 0.12260E+03  0.98133E+00 -0.28306E-15
 0.12280E+03  0.98131E+00 -0.32573E-15
 0.12300E+03  0.98128E+00 -0.32916E-15
 0.12320E+03  0.98126E+00  0.46059E-16
 0.12340E+03  0.98124E+00 -0.70228E-15
 0.12360E+03  0.98122E+00 -0.17254E-15
 0.12380E+03  0.98120E+00 -0.59644E-15
 0.12400E+03  0.98118E+00 -0.30840E-15
 0.12420E+03  0.98116E+00 -0.64274E-16
 0.12440E+03  0.98114E+00 -0.34548E-15
 0.12460E+03  0.98112E+00 -0.48902E-15
 0.12480E+03  0.98110E+00 -0.26159E-15
 0.12500E+03  0.98108E+00  0.43957E-15
 0.12520E+03  0.98106E+00  0.40313E-15
 0.12540E+03  0.98104E+00 -0.50987E-15
 0.12560E+03  0.98102E+00 -0.12610E-15
 0.12580E+03  0.98100E+00 -0.12301E-14
 0.12600E+03  0.98097E+00 -0.34803E-15
 0.12620E+03  0.98095E+00 -0.63173E-15
 0.12640E+03  0.98093E+00 -0.47713E-15
 0.12660E+03  0.98091E+00 -0.75122E-15
 0.12680E+03  0.98089E+00  0.67862E-15
 0.12700E+03  0.98087E+00 -0.99618E-15
 0.12720E+03  0.98085E+00  0.21550E-14
 0.12740E+03  0.98083E+00 -0.13557E-14
 0.12760E+03  0.98081E+00  0.61321E-15
 0.12780E+03  0.98079E+00  0.75214E-15
 0.12800E+03  0.98077E+00 -0.35916E-14
 0.12820E+03  0.98075E+00 -0.10703E-15
 0.12840E+03  0.98073E+00  0.22445E-14
 0.12860E+03  0.98072E+00  0.11139E-15
 0.12880E+03  0.98070E+00  0.24147E-15
 0.12900E+03  0.98068E+00  0.80487E-15
 0.12920E+03  0.98066E+00  0.27373E-14
 0.12940E+03  0.98064E+00  0.45685E-14
 0.12960E+03  0.98063E+00  0.16410E-14
 0.12980E+03  0.98061E+00  0.69807E-14
 0.13000E+03  0.98060E+00  0.39915E-14
 0.13020E+03  0.98058E+00 -0.19588E-14
 0.13040E+03  0.98057E+00  0.45821E-14
 0.13060E+03  0.98056E+00  0.15788E-14
 0.13080E+03  0.98055E+00  0.60317E-14
 0.13100E+03  0.98055E+00 -0.19080E-14
 0.13120E+03  0.98055E+00  0.35168E-14
 0.13140E+03  0.98055E+00 -0.17160E-14
 0.13160E+03  0.98055E+00  0.39823E-15
 0.13180E+03  0.98055E+00 -0.11097E-14
 0.13200E+03  0.98056E+00  0.38444E-14
 0.13220E+03  0.98058E+00  0.45912E-14
 0.13240E+03  0.98059E+00  0.83972E-14
 0.13260E+03  0.98061E+00 -0.10336E-13
 0.13280E+03  0.98064E+00  0.60927E-14
 0.13300E+03  0.98067E+00 -0.62042E-14
 0.13320E+03  0.98071E+00 -0.57687E-14
 0.13340E+03  0.98075E+00 -0.41227E-14
 0.13360E+03  0.98079E+00 -0.33746E-14
 0.13380E+03  0.98084E+00  0.61140E-15
 0.13400E+03  0.98090E+00 -0.14911E-13
 0.13420E+03  0.98095E+00 -0.13010E-13
 0.13440E+03  0.98102E+00  0.20558E-14
 0.13460E+03  0.98108E+00 -0.58850E-14
 0.13480E+03  0.98115E+00 -0.18113E-14
 0.13500E+03  0.98123E+00  0.19248E-13
 0.13520E+03  0.98131E+00  0.10500E-13
 0.13540E+03  0.98139E+00 -0.28162E-15
 0.13560E+03  0.98147E+00  0.10540E-13
 0.13580E+03  0.98156E+00  0.33901E-13
 0.13600E+03  0.98165E+00 -0.86216E-14
 0.13620E+03  0.98175E+00  0.12019E-14
 0.13640E+03  0.98185E+00 -0.18866E-13
 0.13660E+03  0.98195E+00 -0.24235E-13
 0.13680E+03  0.98207E+00 -0.39271E-13
 0.13700E+03  0.98219E+00 -0.28417E-14
 0.13720E+03  0.98233E+00  0.16522E-13
 0.13740E+03  0.98248E+00 -0.22195E-13
 0.13760E+03  0.98265E+00 -0.12134E-13
 0.13780E+03  0.98284E+00  0.10543E-13
 0.13800E+03  0.98305E+00  0.14256E-13
 0.13820E+03  0.98330E+00 -0.25785E-14
 0.13840E+03  0.98358E+00  0.28396E-13
 0.13860E+03  0.98390E+00 -0.61800E-13
 0.13880E+03  0.98427E+00  0.22420E-13
 0.13900E+03  0.98469E+00 -0.15765E-13
 0.13920E+03  0.98517E+00  0.18020E-13
 0.13940E+03  0.98572E+00  0.67718E-13
 0.13960E+03  0.98634E+00  0.74836E-13
 0.13980E+03  0.98704E+00  0.87838E-13
 0.14000E+03  0.98783E+00  0.88124E-13
 0.14020E+03  0.98871E+00 -0.61855E-13
 0.14040E+03  0.98969E+00 -0.10671E-12
 0.14060E+03  0.99077E+00  0.87578E-13
 0.14080E+03  0.99195E+00 -0.60209E-14
 0.14100E+03  0.99325E+00  0.13203E-12
 0.14120E+03  0.99465E+00  0.85306E-13
 0.14140E+03  0.99616E+00  0.73608E-13
 0.14160E+03  0.99778E+00 -0.14093E-12
 0.14180E+03  0.99950E+00 -0.11487E-12
 0.14200E+03  0.10013E+01 -0.11684E-12
 0.14220E+03  0.10032E+01  0.13862E-12
 0.14240E+03  0.10052E+01  0.18808E-12
 0.14260E+03  0.10072E+01  0.74171E-13
 0.14280E+03  0.10093E+01 -0.43807E-13
 0.14300E+03  0.10114E+01 -0.45687E-14
 0.14320E+03  0.10135E+01  0.14838E-12
 0.14340E+03  0.10155E+01  0.13401E-12
 0.14360E+03  0.10176E+01 -0.40385E-13
 0.14380E+03  0.10195E+01  0.13893E-12
 0.14400E+03  0.10213E+01  0.14039E-12
 0.14420E+03  0.10230E+01 -0.24601E-14
 0.14440E+03  0.10245E+01  0.71401E-13
 0.14460E+03  0.10259E+01 -0.20940E-13
 0.14480E+03  0.10270E+01 -0.17879E-14
 0.14500E+03  0.10278E+01  0.29868E-14
 0.14520E+03  0.10284E+01 -0.17967E-13
 0.14540E+03  0.10287E+01 -0.11366E-13
 0.14560E+03  0.10287E+01 -0.88704E-14
 0.14580E+03  0.10285E+01  0.30882E-14
 0.14600E+03  0.10280E+01  0.54856E-15
 0.14620E+03  0.10272E+01 -0.49402E-14
 0.14640E+03  0.10262E+01  0.22425E-14
 0.14660E+03  0.10251E+01  0.28015E-14
 0.14680E+03  0.10240E+01  0.32686E-13
 0.14700E+03  0.10229E+01 -0.20420E-14
 0.14720E+03  0.10219E+01  0.19087E-13
 0.14740E+03  0.10214E+01 -0.38343E-13
 0.14760E+03  0.10213E+01  0.48447E-13
 0.14780E+03  0.10221E+01  0.14880E-12
 0.14800E+03  0.10239E+01 -0.40736E-12
 0.14820E+03  0.10270E+01 -0.15092E-12
 0.14840E+03  0.10318E+01  0.19176E-12
 0.14860E+03  0.10388E+01 -0.24363E-12
 0.14880E+03  0.10484E+01  0.56687E-12
 0.14900E+03  0.10612E+01  0.12870E-11
 0.14920E+03  0.10777E+01  0.20378E-12
 0.14940E+03  0.10985E+01 -0.63755E-12
 0.14960E+03  0.11246E+01  0.30060E-11
 0.14980E+03  0.11566E+01  0.36884E-11
 0.15000E+03  0.11956E+01 -0.39109E-12
 0.15020E+03  0.12424E+01  0.36306E-12
 0.15040E+03  0.12983E+01  0.22258E-11
 0.15060E+03  0.13644E+01 -0.34415E-11
 0.15080E+03  0.14420E+01  0.13825E-11
 0.15100E+03  0.15327E+01 -0.30894E-11
 0.15120E+03  0.16379E+01 -0.15666E-11
 0.15140E+03  0.17595E+01  0.19256E-11
 0.15160E+03  0.18992E+01 -0.65563E-12
 0.15180E+03  0.20592E+01  0.49726E-11
 0.15200E+03  0.22415E+01 -0.88362E-12
 0.15220E+03  0.24486E+01 -0.18759E-10
 0.15240E+03  0.26830E+01  0.72032E-11
 0.15260E+03  0.29476E+01  0.98878E-11
 0.15280E+03  0.32452E+01 -0.25162E-11
 0.15300E+03  0.35792E+01  0.13117E-10
 0.15320E+03  0.39531E+01 -0.47126E-11
 0.15340E+03  0.43706E+01  0.26791E-11
 0.15360E+03  0.48359E+01  0.96479E-11
 0.15380E+03  0.53533E+01  0.40760E-12
 0.15400E+03  0.59276E+01 -0.67846E-11
 0.15420E+03  0.65640E+01 -0.89025E-11
 0.15440E+03  0.72681E+01 -0.40666E-11
 0.15460E+03  0.80458E+01  0.13536E-10
 0.15480E+03  0.89036E+01 -0.19858E-10
 0.15500E+03  0.98487E+01 -0.52304E-11
 0.15520E+03  0.10889E+02  0.54466E-11
 0.15540E+03  0.12031E+02 -0.12197E-10
 0.15560E+03  0.13286E+02  0.34905E-10
 0.15580E+03  0.14662E+02  0.29366E-10
 0.15600E+03  0.16170E+02  0.66745E-11
 0.15620E+03  0.17821E+02 -0.14382E-10
 0.15640E+03  0.19627E+02 -0.56686E-10
 0.15660E+03  0.21601E+02 -0.16299E-10
 0.15680E+03  0.23758E+02  0.37037E-10
 0.15700E+03  0.26113E+02 -0.75817E-10
 0.15720E+03  0.28681E+02  0.35663E-10
 0.15740E+03  0.31482E+02 -0.12493E-10
 0.15760E+03  0.34533E+02 -0.25576E-11
 0.15780E+03  0.37856E+02  0.32906E-10
 0.15800E+03  0.41474E+02 -0.26866E-10
 0.15820E+03  0.45409E+02 -0.32291E-10
 0.15840E+03  0.49689E+02 -0.60450E-10
 0.15860E+03  0.54340E+02 -0.14943E-09
 0.15880E+03  0.59392E+02  0.36596E-10
 0.15900E+03  0.64878E+02 -0.17361E-09
 0.15920E+03  0.70832E+02  0.37485E-10
 0.15940E+03  0.77290E+02 -0.94530E-10
 0.15960E+03  0.84292E+02  0.97655E-10
 0.15980E+03  0.91879E+02  0.30941E-12
 0.16000E+03  0.10010E+03 -0.11968E-09
 0.16020E+03  0.10900E+03  0.65913E-10
 0.16040E+03  0.11862E+03  0.16914E-09
 0.16060E+03  0.12904E+03 -0.91466E-10
 0.16080E+03  0.14029E+03 -0.19178E-09
 0.16100E+03  0.15245E+03  0.50743E-10
 0.16120E+03  0.16558E+03  0.14666E-09
 0.16140E+03  0.17975E+03  0.55668E-09
 0.16160E+03  0.19503E+03 -0.25315E-09
 0.16180E+03  0.21150E+03  0.28238E-09
 0.16200E+03  0.22925E+03  0.33547E-09
 0.16220E+03  0.24836E+03  0.54521E-09
 0.16240E+03  0.26892E+03 -0.19363E-09
 0.16260E+03  0.29103E+03  0.64970E-09
 0.16280E+03  0.31479E+03  0.40699E-09
 0.16300E+03  0.34031E+03  0.39013E-09
 0.16320E+03  0.36771E+03 -0.10579E-08
 0.16340E+03  0.39709E+03  0.16012E-09
 0.16360E+03  0.42859E+03  0.39722E-09
 0.16380E+03  0.46234E+03 -0.13458E-11
 0.16400E+03  0.49847E+03  0.93129E-09
 0.16420E+03  0.53713E+03 -0.21056E-09
 0.16440E+03  0.57846E+03  0.31881E-09
 0.16460E+03  0.62262E+03  0.67697E-09
 0.16480E+03  0.66978E+03  0.52102E-09
 0.16500E+03  0.72010E+03 -0.33131E-09
 0.16520E+03  0.77375E+03 -0.49726E-09
 0.16540E+03  0.83094E+03  0.37668E-09
 0.16560E+03  0.89183E+03 -0.12993E-08
 0.16580E+03  0.95664E+03 -0.12604E-08
 0.16600E+03  0.10256E+04 -0.59448E-10
 0.16620E+03  0.10988E+04 -0.83714E-09
 0.16640E+03  0.11766E+04  0.13994E-08
 0.16660E+03  0.12592E+04 -0.52008E-09
 0.16680E+03  0.13468E+04  0.37359E-09
 0.16700E+03  0.14397E+04  0.24787E-08
 0.16720E+03  0.15380E+04 -0.11204E-08
 0.16740E+03  0.16422E+04  0.52479E-09
 0.16760E+03  0.17524E+04 -0.62598E-09
 0.16780E+03  0.18688E+04 -0.60240E-09
 0.16800E+03  0.19919E+04  0.17656E-08
 0.16820E+03  0.21219E+04  0.19611E-09
 0.16840E+03  0.22590E+04 -0.16882E-08
 0.16860E+03  0.24037E+04  0.16804E-08
 0.16880E+03  0.25561E+04  0.14130E-08
 0.16900E+03  0.27167E+04  0.34922E-09
 0.16920E+03  0.28857E+04  0.10683E-08
 0.16940E+03  0.30635E+04 -0.19674E-08
 0.16960E+03  0.32504E+04  0.34339E-08
 0.16980E+03  0.34468E+04  0.31642E-08
 0.17000E+03  0.36531E+04 -0.49561E-08
 0.17020E+03  0.38695E+04  0.53378E-08
 0.17040E+03  0.40965E+04  0.34256E-08
 0.17060E+03  0.43344E+04  0.11985E-08
 0.17080E+03  0.45836E+04 -0.22000E-08
 0.17100E+03  0.48445E+04 -0.34510E-08
 0.17120E+03  0.51175E+04 -0.11466E-08
 0.17140E+03  0.54030E+04  0.14627E-08
 0.17160E+03  0.57013E+04 -0.21842E-08
 0.17180E+03  0.60129E+04  0.61053E-08
 0.17200E+03  0.63382E+04  0.73172E-08
 0.17220E+03  0.66775E+04 -0.44754E-08
 0.17240E+03  0.70313E+04 -0.34669E-10
 0.17260E+03  0.73999E+04 -0.54795E-08
 0.17280E+03  0.77838E+04 -0.97779E-10
 0.17300E+03  0.81833E+04  0.37751E-09
 0.17320E+03  0.85990E+04  0.33307E-08
 0.17340E+03  0.90310E+04  0.10499E-07
 0.17360E+03  0.94799E+04 -0.46620E-08
 0.17380E+03  0.99460E+04 -0.12434E-08
 0.17400E+03  0.10430E+05  0.75710E-08
 0.17420E+03  0.10931E+05 -0.10865E-08
 0.17440E+03  0.11451E+05  0.76756E-08
 0.17460E+03  0.11990E+05 -0.33609E-08
 0.17480E+03  0.12548E+05  0.63694E-08
 0.17500E+03  0.13125E+05 -0.12769E-07
 0.17520E+03  0.13721E+05  0.19414E-07
 0.17540E+03  0.14338E+05 -0.40114E-08
 0.17560E+03  0.14974E+05  0.35759E-08
 0.17580E+03  0.15632E+05  0.20282E-07
 0.17600E+03  0.16310E+05  0.20065E-07
 0.17620E+03  0.17008E+05 -0.59461E-08
 0.17640E+03  0.17728E+05  0.16582E-07
 0.17660E+03  0.18470E+05  0.29039E-07
 0.17680E+03  0.19232E+05  0.12983E-07
 0.17700E+03  0.20017E+05 -0.47624E-10
 0.17720E+03  0.20823E+05  0.89692E-08
 0.17740E+03  0.21650E+05  0.24638E-08
 0.17760E+03  0.22500E+05  0.35518E-08
 0.17780E+03  0.23371E+05  0.58584E-08
 0.17800E+03  0.24264E+05  0.61031E-08
 0.17820E+03  0.25179E+05 -0.54428E-08
 0.17840E+03  0.26115E+05 -0.45335E-08
 0.17860E+03  0.27073E+05  0.74747E-08
 0.17880E+03  0.28052E+05  0.41914E-08
 0.17900E+03  0.29052E+05  0.23693E-07
 0.17920E+03  0.30073E+05 -0.32607E-07
 0.17940E+03  0.31115E+05  0.66999E-08
 0.17960E+03  0.32177E+05  0.60970E-09
 0.17980E+03  0.33259E+05 -0.18764E-08
 0.18000E+03  0.34360E+05 -0.81041E-08
 0.18020E+03  0.35481E+05  0.12683E-07
 0.18040E+03  0.36620E+05  0.48567E-08
 0.18060E+03  0.37778E+05 -0.97104E-08
 0.18080E+03  0.38953E+05  0.53551E-08
 0.18100E+03  0.40145E+05 -0.11951E-07
 0.18120E+03  0.41354E+05  0.12583E-07
 0.18140E+03  0.42578E+05 -0.13413E-07
 0.18160E+03  0.43818E+05 -0.28174E-07
 0.18180E+03  0.45073E+05 -0.25408E-08
 0.18200E+03  0.46341E+05  0.21978E-07
 0.18220E+03  0.47623E+05 -0.37989E-08
 0.18240E+03  0.48917E+05  0.12856E-07
 0.18260E+03  0.50222E+05  0.43113E-09
 0.18280E+03  0.51539E+05 -0.12285E-07
 0.18300E+03  0.52865E+05 -0.36372E-08
 0.18320E+03  0.54201E+05  0.26016E-08
 0.18340E+03  0.55545E+05  0.13454E-07
 0.18360E+03  0.56897E+05  0.40668E-08
 0.18380E+03  0.58256E+05  0.12445E-07
 0.18400E+03  0.59620E+05  0.14319E-08
 0.18420E+03  0.60990E+05 -0.24330E-07
 0.18440E+03  0.62364E+05 -0.15168E-07
 0.18460E+03  0.63741E+05 -0.42155E-08
 0.18480E+03  0.65120E+05 -0.26821E-07
 0.18500E+03  0.66501E+05 -0.27660E-07
 0.18520E+03  0.67884E+05  0.14458E-08
 0.18540E+03  0.69266E+05 -0.15593E-07
 0.18560E+03  0.70647E+05 -0.58549E-07
 0.18580E+03  0.72027E+05  0.18761E-07
 0.18600E+03  0.73404E+05  0.13171E-07
 0.18620E+03  0.74779E+05 -0.10232E-07
 0.18640E+03  0.76149E+05 -0.22567E-08
 0.18660E+03  0.77515E+05 -0.26810E-07
 0.18680E+03  0.78876E+05 -0.50467E-07
 0.18700E+03  0.80230E+05 -0.36788E-07
 0.18720E+03  0.81578E+05 -0.59209E-07
 0.18740E+03  0.82919E+05 -0.27808E-07
 0.18760E+03  0.84252E+05 -0.41426E-08
 0.18780E+03  0.85576E+05 -0.41716E-07
 0.18800E+03  0.86891E+05 -0.16707E-07
 0.18820E+03  0.88196E+05  0.12458E-07
 0.18840E+03  0.89491E+05 -0.21644E-07
 0.18860E+03  0.90775E+05  0.47833E-07
 0.18880E+03  0.92048E+05 -0.39876E-07
 0.18900E+03  0.93309E+05 -0.14288E-07
 0.18920E+03  0.94558E+05 -0.28217E-07
 0.18940E+03  0.95795E+05  0.43793E-07
 0.18960E+03  0.97018E+05 -0.12950E-07
 0.18980E+03  0.98228E+05  0.65405E-07
 0.19000E+03  0.99424E+05  0.56798E-07
 0.19020E+03  0.10061E+06 -0.41206E-07
 0.19040E+03  0.10177E+06 -0.26837E-07
 0.19060E+03  0.10293E+06  0.47816E-07
 0.19080E+03  0.10406E+06  0.28815E-07
 0.19100E+03  0.10519E+06 -0.36673E-07
 0.19120E+03  0.10629E+06 -0.78279E-07
 0.19140E+03  0.10738E+06  0.56376E-08
 0.19160E+03  0.10846E+06 -0.21598E-07
 0.19180E+03  0.10951E+06 -0.40227E-07
 0.19200E+03  0.11055E+06 -0.68240E-07
 0.19220E+03  0.11158E+06 -0.59169E-07
 0.19240E+03  0.11258E+06  0.19099E-07
 0.19260E+03  0.11357E+06  0.75645E-08
 0.19280E+03  0.11455E+06 -0.68182E-07
 0.19300E+03  0.11550E+06  0.63310E-08
 0.19320E+03  0.11644E+06  0.10784E-07
 0.19340E+03  0.11735E+06 -0.16476E-07
 0.19360E+03  0.11825E+06  0.22945E-07
 0.19380E+03  0.11914E+06  0.27313E-07
 0.19400E+03  0.12000E+06 -0.31345E-07
 0.19420E+03  0.12084E+06  0.55936E-07
 0.19440E+03  0.12167E+06 -0.55558E-07
 0.19460E+03  0.12248E+06  0.37341E-08
 0.19480E+03  0.12326E+06 -0.17218E-07
 0.19500E+03  0.12403E+06 -0.63278E-08
 0.19520E+03  0.12478E+06 -0.23794E-08
 0.19540E+03  0.12551E+06  0.67174E-08
 0.19560E+03  0.12622E+06  0.38900E-07
 0.19580E+03  0.12691E+06  0.41994E-07
 0.19600E+03  0.12758E+06  0.25780E-07
 0.19620E+03  0.12823E+06  0.78004E-08
 0.19640E+03  0.12886E+06 -0.17968E-07
 0.19660E+03  0.12946E+06 -0.34171E-07
 0.19680E+03  0.13005E+06 -0.31277E-07
 0.19700E+03  0.13062E+06 -0.14366E-08
 0.19720E+03  0.13117E+06  0.37180E-07
 0.19740E+03  0.13169E+06 -0.54891E-07
 0.19760E+03  0.13220E+06  0.25355E-08
 0.19780E+03  0.13268E+06 -0.25830E-07
 0.19800E+03  0.13314E+06 -0.92437E-08
 0.19820E+03  0.13358E+06 -0.34764E-07
 0.19840E+03  0.13400E+06  0.40735E-07
 0.19860E+03  0.13440E+06 -0.14823E-07
 0.19880E+03  0.13477E+06  0.45385E-07
 0.19900E+03  0.13513E+06  0.97329E-08
 0.19920E+03  0.13546E+06 -0.23200E-07
 0.19940E+03  0.13577E+06  0.39189E-07
 0.19960E+03  0.13605E+06  0.53695E-08
 0.19980E+03  0.13632E+06 -0.88181E-07
 0.20000E+03  0.13656E+06 -0.15916E-07
 0.20020E+03  0.13678E+06 -0.61826E-07
 0.20040E+03  0.13697E+06  0.28251E-07
 0.20060E+03  0.13714E+06 -0.13115E-07
 0.20080E+03  0.13729E+06  0.24771E-07
 0.20100E+03  0.13742E+06 -0.48643E-07
 0.20120E+03  0.13752E+06  0.31582E-07
 0.20140E+03  0.13760E+06  0.30467E-07
 0.20160E+03  0.13766E+06 -0.21561E-07
 0.20180E+03  0.13769E+06 -0.32895E-07
 0.20200E+03  0.13770E+06 -0.54992E-07
 0.20220E+03  0.13768E+06  0.44474E-07
 0.20240E+03  0.13764E+06 -0.52826E-07
 0.20260E+03  0.13758E+06  0.47708E-07
 0.20280E+03  0.13749E+06  0.16918E-07
 0.20300E+03  0.13738E+06 -0.17451E-07
 0.20320E+03  0.13725E+06  0.53751E-07
 0.20340E+03  0.13709E+06  0.92358E-07
 0.20360E+03  0.13691E+06  0.95804E-08
 0.20380E+03  0.13670E+06 -0.45030E-07
 0.20400E+03  0.13648E+06  0.31139E-07
 0.20420E+03  0.13622E+06  0.78649E-08
 0.20440E+03  0.13595E+06 -0.14003E-08
 0.20460E+03  0.13565E+06 -0.33261E-07
 0.20480E+03  0.13533E+06 -0.56688E-07
 0.20500E+03  0.13499E+06  0.39621E-07
 0.20520E+03  0.13462E+06  0.29813E-07
 0.20540E+03  0.13424E+06 -0.23233E-07
 0.20560E+03  0.13383E+06 -0.17473E-07
 0.20580E+03  0.13340E+06 -0.32550E-08
 0.20600E+03  0.13294E+06  0.12413E-07
 0.20620E+03  0.13247E+06 -0.22892E-07
 0.20640E+03  0.13198E+06  0.39248E-08
 0.20660E+03  0.13147E+06  0.33613E-07
 0.20680E+03  0.13093E+06  0.35406E-07
 0.20700E+03  0.13038E+06 -0.23108E-07
 0.20720E+03  0.12981E+06 -0.28883E-07
 0.20740E+03  0.12923E+06  0.93894E-08
 0.20760E+03  0.12862E+06 -0.15259E-07
 0.20780E+03  0.12800E+06  0.31878E-07
 0.20800E+03  0.12736E+06  0.29133E-07
 0.20820E+03  0.12670E+06 -0.37141E-07
 0.20840E+03  0.12603E+06 -0.29842E-07
 0.20860E+03  0.12535E+06  0.61779E-08
 0.20880E+03  0.12465E+06 -0.14156E-07
 0.20900E+03  0.12393E+06  0.37330E-07
 0.20920E+03  0.12321E+06 -0.13199E-07
 0.20940E+03  0.12247E+06  0.31239E-07
 0.20960E+03  0.12172E+06 -0.17577E-07
 0.20980E+03  0.12096E+06 -0.20109E-07
 0.21000E+03  0.12019E+06  0.37601E-08
 0.21020E+03  0.11941E+06 -0.82896E-08
 0.21040E+03  0.11862E+06  0.30857E-07
 0.21060E+03  0.11782E+06 -0.41112E-07
 0.21080E+03  0.11702E+06 -0.41140E-07
 0.21100E+03  0.11620E+06  0.70389E-07
 0.21120E+03  0.11539E+06 -0.79195E-08
 0.21140E+03  0.11456E+06  0.19701E-07
 0.21160E+03  0.11373E+06 -0.97325E-08
 0.21180E+03  0.11290E+06  0.16040E-07
 0.21200E+03  0.11207E+06  0.33533E-09
 0.21220E+03  0.11123E+06 -0.11247E-07
 0.21240E+03  0.11038E+06  0.45958E-07
 0.21260E+03  0.10954E+06 -0.50211E-08
 0.21280E+03  0.10870E+06  0.21568E-07
 0.21300E+03  0.10785E+06 -0.11233E-07
 0.21320E+03  0.10700E+06 -0.16274E-07
 0.21340E+03  0.10616E+06  0.81495E-08
 0.21360E+03  0.10531E+06 -0.34042E-07
 0.21380E+03  0.10447E+06  0.43714E-07
 0.21400E+03  0.10363E+06 -0.11119E-07
 0.21420E+03  0.10279E+06  0.32360E-07
 0.21440E+03  0.10196E+06 -0.16150E-08
 0.21460E+03  0.10112E+06  0.26151E-08
 0.21480E+03  0.10030E+06 -0.12159E-07
 0.21500E+03  0.99471E+05  0.25852E-07
 0.21520E+03  0.98651E+05  0.51230E-08
 0.21540E+03  0.97836E+05  0.20386E-07
 0.21560E+03  0.97025E+05 -0.59382E-08
 0.21580E+03  0.96221E+05 -0.13265E-07
 0.21600E+03  0.95422E+05  0.20511E-07
 0.21620E+03  0.94629E+05  0.67217E-08
 0.21640E+03  0.93842E+05  0.32832E-07
 0.21660E+03  0.93062E+05  0.21294E-08
 0.21680E+03  0.92289E+05  0.17069E-07
 0.21700E+03  0.91523E+05 -0.37631E-08
 0.21720E+03  0.90764E+05 -0.11656E-07
 0.21740E+03  0.90013E+05 -0.20480E-08
 0.21760E+03  0.89269E+05  0.66263E-08
 0.21780E+03  0.88533E+05  0.14685E-08
 0.21800E+03  0.87805E+05 -0.10137E-07
 0.21820E+03  0.87085E+05  0.74585E-08
 0.21840E+03  0.86373E+05 -0.11650E-07
 0.21860E+03  0.85669E+05 -0.18962E-07
 0.21880E+03  0.84974E+05  0.12345E-07
 0.21900E+03  0.84287E+05  0.93829E-08
 0.21920E+03  0.83609E+05  0.36515E-09
 0.21940E+03  0.82939E+05 -0.28313E-08
 0.21960E+03  0.82278E+05 -0.22684E-07
 0.21980E+03  0.81625E+05 -0.63948E-08
 0.22000E+03  0.80981E+05 -0.26972E-08
 0.22020E+03  0.80346E+05  0.15072E-07
 0.22040E+03  0.79719E+05 -0.68533E-08
 0.22060E+03  0.79101E+05 -0.12338E-07
 0.22080E+03  0.78492E+05 -0.72264E-08
 0.22100E+03  0.77892E+05 -0.13351E-08
 0.22120E+03  0.77300E+05 -0.37711E-08
 0.22140E+03  0.76716E+05 -0.32379E-08
 0.22160E+03  0.76141E+05  0.10656E-07
 0.22180E+03  0.75575E+05  0.47224E-08
 0.22200E+03  0.75017E+05  0.38882E-08
 0.22220E+03  0.74468E+05  0.16258E-08
 0.22240E+03  0.73927E+05  0.67167E-08
 0.22260E+03  0.73394E+05 -0.65135E-08
 0.22280E+03  0.72870E+05  0.32572E-08
 0.22300E+03  0.72354E+05 -0.87321E-09
 0.22320E+03  0.71846E+05  0.43884E-08
 0.22340E+03  0.71346E+05 -0.74112E-10
 0.22360E+03  0.70854E+05  0.29569E-08
 0.22380E+03  0.70369E+05 -0.28596E-08
 0.22400E+03  0.69893E+05  0.58395E-08
 0.22420E+03  0.69424E+05  0.27544E-09
 0.22440E+03  0.68963E+05 -0.36152E-08
 0.22460E+03  0.68510E+05  0.55891E-08
 0.22480E+03  0.68063E+05 -0.36514E-08
 0.22500E+03  0.67625E+05 -0.72311E-08
 0.22520E+03  0.67193E+05  0.39785E-08
 0.22540E+03  0.66769E+05 -0.26150E-08
 0.22560E+03  0.66352E+05 -0.31360E-08
 0.22580E+03  0.65941E+05 -0.30104E-08
 0.22600E+03  0.65538E+05 -0.70063E-08
 0.22620E+03  0.65141E+05  0.28951E-08
 0.22640E+03  0.64751E+05  0.14018E-09
 0.22660E+03  0.64368E+05 -0.64625E-08
 0.22680E+03  0.63991E+05 -0.28226E-08
 0.22700E+03  0.63621E+05  0.16255E-08
 0.22720E+03  0.63257E+05 -0.10747E-08
 0.22740E+03  0.62899E+05 -0.14264E-08
 0.22760E+03  0.62547E+05  0.15663E-08
 0.22780E+03  0.62201E+05 -0.29555E-08
 0.22800E+03  0.61861E+05  0.18452E-08
 0.22820E+03  0.61527E+05 -0.59294E-08
 0.22840E+03  0.61199E+05  0.14538E-08
 0.22860E+03  0.60876E+05 -0.28442E-08
 0.22880E+03  0.60559E+05 -0.41771E-08
 0.22900E+03  0.60247E+05  0.27901E-08
 0.22920E+03  0.59941E+05  0.44512E-08
 0.22940E+03  0.59640E+05  0.41514E-09
 0.22960E+03  0.59344E+05  0.76338E-10
 0.22980E+03  0.59053E+05 -0.34781E-08
 0.23000E+03  0.58767E+05 -0.88322E-09
 0.23020E+03  0.58486E+05 -0.19798E-08
 0.23040E+03  0.58210E+05  0.20944E-08
 0.23060E+03  0.57938E+05 -0.69496E-09
 0.23080E+03  0.57672E+05 -0.26958E-08
 0.23100E+03  0.57409E+05 -0.13422E-08
 0.23120E+03  0.57152E+05 -0.17290E-08
 0.23140E+03  0.56898E+05 -0.28745E-08
 0.23160E+03  0.56649E+05 -0.30047E-09
 0.23180E+03  0.56405E+05  0.17415E-08
 0.23200E+03  0.56164E+05 -0.87188E-09
 0.23220E+03  0.55928E+05  0.21218E-08
 0.23240E+03  0.55695E+05 -0.19311E-09
 0.23260E+03  0.55467E+05 -0.87124E-09
 0.23280E+03  0.55242E+05 -0.69954E-09
 0.23300E+03  0.55022E+05  0.18819E-08
 0.23320E+03  0.54805E+05 -0.10668E-08
 0.23340E+03  0.54591E+05  0.99545E-09
 0.23360E+03  0.54382E+05 -0.14898E-08
 0.23380E+03  0.54176E+05  0.16252E-08
 0.23400E+03  0.53973E+05 -0.79047E-09
 0.23420E+03  0.53774E+05  0.16609E-08
 0.23440E+03  0.53579E+05 -0.12423E-09
 0.23460E+03  0.53386E+05  0.19475E-08
 0.23480E+03  0.53198E+05 -0.86654E-09
 0.23500E+03  0.53012E+05  0.67570E-09
 0.23520E+03  0.52829E+05  0.20186E-08
 0.23540E+03  0.52650E+05  0.19350E-08
 0.23560E+03  0.52474E+05 -0.48703E-09
 0.23580E+03  0.52301E+05  0.95907E-09
 0.23600E+03  0.52131E+05  0.30590E-09
 0.23620E+03  0.51964E+05  0.83491E-09
 0.23640E+03  0.51800E+05  0.13695E-08
 0.23660E+03  0.51639E+05 -0.82024E-10
 0.23680E+03  0.51480E+05  0.18932E-08
 0.23700E+03  0.51325E+05  0.22049E-08
 0.23720E+03  0.51172E+05  0.41782E-09
 0.23740E+03  0.51023E+05 -0.53018E-09
 0.23760E+03  0.50876E+05  0.23633E-09
 0.23780E+03  0.50731E+05  0.60895E-10
 0.23800E+03  0.50590E+05 -0.20836E-09
 0.23820E+03  0.50451E+05  0.41933E-09
 0.23840E+03  0.50315E+05  0.37327E-11
 0.23860E+03  0.50181E+05  0.19960E-09
 0.23880E+03  0.50050E+05 -0.79415E-09
 0.23900E+03  0.49922E+05  0.51785E-09
 0.23920E+03  0.49796E+05 -0.10504E-08
 0.23940E+03  0.49673E+05  0.32315E-09
 0.23960E+03  0.49552E+05 -0.11014E-08
 0.23980E+03  0.49434E+05 -0.94653E-10
 0.24000E+03  0.49318E+05  0.82758E-09
 0.24020E+03  0.49205E+05 -0.41886E-09
 0.24040E+03  0.49094E+05 -0.41797E-09
 0.24060E+03  0.48986E+05  0.12423E-08
 0.24080E+03  0.48880E+05 -0.52059E-09
 0.24100E+03  0.48776E+05  0.12282E-08
 0.24120E+03  0.48675E+05  0.53736E-09
 0.24140E+03  0.48576E+05 -0.73689E-09
 0.24160E+03  0.48480E+05 -0.34497E-09
 0.24180E+03  0.48385E+05  0.32951E-09
 0.24200E+03  0.48293E+05 -0.61048E-09
 0.24220E+03  0.48204E+05 -0.39279E-09
 0.24240E+03  0.48116E+05  0.99600E-10
 0.24260E+03  0.48031E+05 -0.24938E-09
 0.24280E+03  0.47948E+05 -0.15616E-09
 0.24300E+03  0.47867E+05  0.57490E-09
 0.24320E+03  0.47788E+05 -0.49340E-09
 0.24340E+03  0.47711E+05 -0.11810E-09
 0.24360E+03  0.47636E+05 -0.72703E-09
 0.24380E+03  0.47564E+05 -0.22018E-09
 0.24400E+03  0.47493E+05  0.59039E-09
 0.24420E+03  0.47425E+05 -0.22104E-09
 0.24440E+03  0.47358E+05 -0.10050E-09
 0.24460E+03  0.47294E+05  0.41798E-09
 0.24480E+03  0.47231E+05  0.74809E-09
 0.24500E+03  0.47170E+05 -0.45271E-09
 0.24520E+03  0.47111E+05 -0.53409E-09
 0.24540E+03  0.47054E+05  0.47389E-09
 0.24560E+03  0.46999E+05 -0.34093E-09
 0.24580E+03  0.46945E+05 -0.24506E-09
 0.24600E+03  0.46894E+05  0.44117E-09
 0.24620E+03  0.46843E+05 -0.11727E-10
 0.24640E+03  0.46795E+05 -0.51039E-10
 0.24660E+03  0.46748E+05 -0.43386E-09
 0.24680E+03  0.46703E+05 -0.20055E-10
 0.24700E+03  0.46660E+05 -0.21897E-09
 0.24720E+03  0.46618E+05 -0.48764E-09
 0.24740E+03  0.46577E+05  0.26844E-09
 0.24760E+03  0.46538E+05  0.11438E-09
 0.24780E+03  0.46501E+05 -0.64527E-09
 0.24800E+03  0.46465E+05 -0.17573E-09
 0.24820E+03  0.46430E+05  0.28536E-09
 0.24840E+03  0.46397E+05 -0.60191E-09
 0.24860E+03  0.46365E+05 -0.26435E-09
 0.24880E+03  0.46334E+05  0.64597E-09
 0.24900E+03  0.46305E+05 -0.10878E-09
 0.24920E+03  0.46277E+05 -0.27037E-09
 0.24940E+03  0.46250E+05  0.53246E-11
 0.24960E+03  0.46224E+05  0.14212E-09
 0.24980E+03  0.46199E+05  0.28419E-09
 0.25000E+03  0.46176E+05 -0.22469E-09
 0.25020E+03  0.46153E+05  0.24498E-09
 0.25040E+03  0.46132E+05 -0.28463E-10
 0.25060E+03  0.46112E+05  0.45777E-10
 0.25080E+03  0.46092E+05  0.32205E-09
 0.25100E+03  0.46074E+05  0.10534E-09
 0.25120E+03  0.46057E+05  0.47410E-10
 0.25140E+03  0.46040E+05  0.36485E-10
 0.25160E+03  0.46025E+05  0.25965E-09
 0.25180E+03  0.46010E+05 -0.81714E-10
 0.25200E+03  0.45997E+05 -0.79990E-10
 0.25220E+03  0.45984E+05  0.55411E-09
 0.25240E+03  0.45972E+05  0.17844E-09
 0.25260E+03  0.45960E+05 -0.11675E-11
 0.25280E+03  0.45950E+05  0.18525E-09
 0.25300E+03  0.45940E+05 -0.75534E-10
 0.25320E+03  0.45931E+05 -0.62054E-10
 0.25340E+03  0.45923E+05 -0.83341E-10
 0.25360E+03  0.45915E+05  0.93846E-10
 0.25380E+03  0.45909E+05 -0.18493E-09
 0.25400E+03  0.45902E+05  0.67895E-10
 0.25420E+03  0.45897E+05 -0.39982E-10
 0.25440E+03  0.45892E+05  0.56061E-10
 0.25460E+03  0.45887E+05  0.21013E-09
 0.25480E+03  0.45884E+05 -0.20641E-09
 0.25500E+03  0.45880E+05 -0.88829E-10
 0.25520E+03  0.45878E+05  0.19648E-09
 0.25540E+03  0.45876E+05  0.10665E-09
 0.25560E+03  0.45874E+05  0.12054E-09
 0.25580E+03  0.45873E+05 -0.57040E-10
 0.25600E+03  0.45872E+05 -0.54835E-10
 0.25620E+03  0.45872E+05  0.39043E-10
 0.25640E+03  0.45873E+05  0.20166E-10
 0.25660E+03  0.45873E+05 -0.41415E-10
 0.25680E+03  0.45875E+05 -0.95912E-10
 0.25700E+03  0.45876E+05 -0.49314E-10
 0.25720E+03  0.45879E+05  0.98195E-10
 0.25740E+03  0.45881E+05 -0.66875E-11
 0.25760E+03  0.45884E+05  0.68916E-10
 0.25780E+03  0.45887E+05  0.40425E-10
 0.25800E+03  0.45891E+05 -0.24869E-10
 0.25820E+03  0.45895E+05 -0.79776E-10
 0.25840E+03  0.45899E+05  0.30136E-11
 0.25860E+03  0.45904E+05 -0.31455E-10
 0.25880E+03  0.45909E+05  0.65971E-11
 0.25900E+03  0.45914E+05 -0.71885E-13
 0.25920E+03  0.45920E+05  0.17560E-10
 0.25940E+03  0.45926E+05 -0.50762E-10
 0.25960E+03  0.45932E+05 -0.29506E-10
 0.25980E+03  0.45938E+05 -0.74455E-10
 0.26000E+03  0.45945E+05 -0.32142E-10
 0.26020E+03  0.45952E+05  0.43794E-10
 0.26040E+03  0.45959E+05 -0.15908E-10
 0.26060E+03  0.45967E+05 -0.43474E-10
 0.26080E+03  0.45974E+05  0.33110E-11
 0.26100E+03  0.45982E+05 -0.30608E-10
 0.26120E+03  0.45990E+05 -0.43294E-10
 0.26140E+03  0.45999E+05  0.51421E-10
 0.26160E+03  0.46007E+05  0.25270E-10
 0.26180E+03  0.46016E+05  0.36351E-10
 0.26200E+03  0.46025E+05  0.18694E-10
 0.26220E+03  0.46034E+05 -0.90914E-10
 0.26240E+03  0.46043E+05  0.17086E-10
 0.26260E+03  0.46053E+05  0.78587E-11
 0.26280E+03  0.46062E+05  0.33872E-10
 0.26300E+03  0.46072E+05 -0.42555E-10
 0.26320E+03  0.46082E+05  0.54576E-10
 0.26340E+03  0.46092E+05 -0.10896E-10
 0.26360E+03  0.46102E+05  0.75554E-10
 0.26380E+03  0.46112E+05  0.32163E-10
 0.26400E+03  0.46123E+05 -0.82678E-11
 0.26420E+03  0.46133E+05  0.75260E-11
 0.26440E+03  0.46144E+05 -0.26640E-10
 0.26460E+03  0.46155E+05 -0.52300E-10
 0.26480E+03  0.46166E+05 -0.58179E-10
 0.26500E+03  0.46177E+05  0.15627E-10
 0.26520E+03  0.46188E+05 -0.55600E-10
 0.26540E+03  0.46199E+05  0.79293E-11
 0.26560E+03  0.46210E+05  0.40009E-10
 0.26580E+03  0.46221E+05  0.33796E-10
 0.26600E+03  0.46233E+05 -0.35903E-10
 0.26620E+03  0.46244E+05  0.47212E-10
 0.26640E+03  0.46256E+05  0.21782E-10
 0.26660E+03  0.46268E+05  0.55907E-10
 0.26680E+03  0.46279E+05  0.89154E-11
 0.26700E+03  0.46291E+05  0.15325E-10
 0.26720E+03  0.46303E+05 -0.42271E-10
 0.26740E+03  0.46315E+05 -0.30640E-10
 0.26760E+03  0.46327E+05  0.12060E-10
 0.26780E+03  0.46339E+05 -0.99102E-11
 0.26800E+03  0.46351E+05  0.40310E-11
 0.26820E+03  0.46363E+05  0.41008E-10
 0.26840E+03  0.46375E+05  0.22757E-10
 0.26860E+03  0.46388E+05  0.54992E-11
 0.26880E+03  0.46400E+05  0.23946E-10
 0.26900E+03  0.46412E+05  0.36567E-10
 0.26920E+03  0.46425E+05 -0.73374E-11
 0.26940E+03  0.46437E+05 -0.33451E-11
 0.26960E+03  0.46450E+05  0.11791E-10
 0.26980E+03  0.46462E+05 -0.26942E-10
 0.27000E+03  0.46474E+05  0.12223E-10
 0.27020E+03  0.46487E+05 -0.85031E-11
 0.27040E+03  0.46500E+05 -0.16583E-10
 0.27060E+03  0.46512E+05 -0.89297E-11
 0.27080E+03  0.46525E+05  0.37485E-11
 0.27100E+03  0.46538E+05 -0.53480E-11
 0.27120E+03  0.46550E+05  0.10818E-10
 0.27140E+03  0.46563E+05  0.27831E-10
 0.27160E+03  0.46576E+05 -0.53962E-10
 0.27180E+03  0.46588E+05  0.10260E-10
 0.27200E+03  0.46601E+05  0.45698E-10
 0.27220E+03  0.46614E+05  0.10824E-11
 0.27240E+03  0.46627E+05  0.16870E-10
 0.27260E+03  0.46640E+05 -0.54561E-11
 0.27280E+03  0.46652E+05 -0.13267E-10
 0.27300E+03  0.46665E+05  0.15949E-10
 0.27320E+03  0.46678E+05 -0.32457E-10
 0.27340E+03  0.46691E+05 -0.60719E-11
 0.27360E+03  0.46704E+05 -0.10616E-10
 0.27380E+03  0.46717E+05 -0.25001E-10
 0.27400E+03  0.46730E+05  0.27727E-10
 0.27420E+03  0.46743E+05 -0.28373E-11
 0.27440E+03  0.46756E+05  0.12820E-11
 0.27460E+03  0.46769E+05  0.63999E-12
 0.27480E+03  0.46782E+05  0.13397E-10
 0.27500E+03  0.46795E+05 -0.16822E-10
 0.27520E+03  0.46808E+05  0.47779E-11
 0.27540E+03  0.46821E+05 -0.18440E-11
 0.27560E+03  0.46834E+05  0.91105E-11
 0.27580E+03  0.46847E+05  0.13721E-10
 0.27600E+03  0.46860E+05  0.79083E-11
 0.27620E+03  0.46873E+05 -0.22211E-10
 0.27640E+03  0.46886E+05 -0.19959E-10
 0.27660E+03  0.46899E+05  0.79460E-11
 0.27680E+03  0.46912E+05  0.19875E-10
 0.27700E+03  0.46925E+05  0.20868E-10
 0.27720E+03  0.46938E+05 -0.34518E-11
 0.27740E+03  0.46951E+05 -0.25402E-10
 0.27760E+03  0.46964E+05  0.26792E-11
 0.27780E+03  0.46977E+05  0.28939E-10
 0.27800E+03  0.46990E+05  0.10144E-10
 0.27820E+03  0.47003E+05 -0.13964E-11
 0.27840E+03  0.47016E+05  0.11566E-10
 0.27860E+03  0.47029E+05  0.24901E-10
 0.27880E+03  0.47042E+05  0.40571E-11
 0.27900E+03  0.47055E+05 -0.36393E-11
 0.27920E+03  0.47068E+05 -0.34806E-10
 0.27940E+03  0.47082E+05 -0.24856E-11
 0.27960E+03  0.47095E+05  0.88500E-11
 0.27980E+03  0.47108E+05 -0.19781E-10
 0.28000E+03  0.47121E+05  0.12526E-10
 0.28020E+03  0.47134E+05 -0.15732E-10
 0.28040E+03  0.47147E+05 -0.26567E-10
 0.28060E+03  0.47160E+05 -0.10412E-10
 0.28080E+03  0.47173E+05 -0.12743E-10
 0.28100E+03  0.47186E+05 -0.13286E-10
 0.28120E+03  0.47199E+05 -0.15508E-10
 0.28140E+03  0.47212E+05 -0.10633E-10
 0.28160E+03  0.47225E+05 -0.10552E-10
 0.28180E+03  0.47239E+05 -0.22207E-10
 0.28200E+03  0.47252E+05  0.33502E-10
 0.28220E+03  0.47265E+05  0.89812E-11
 0.28240E+03  0.47278E+05 -0.22133E-10
 0.28260E+03  0.47291E+05  0.75708E-12
 0.28280E+03  0.47304E+05  0.84820E-11
 0.28300E+03  0.47317E+05 -0.17801E-10
 0.28320E+03  0.47330E+05  0.88617E-11
 0.28340E+03  0.47343E+05  0.35243E-11
 0.28360E+03  0.47356E+05  0.18584E-10
 0.28380E+03  0.47369E+05 -0.69712E-11
 0.28400E+03  0.47382E+05 -0.51614E-11
 0.28420E+03  0.47395E+05 -0.15321E-10
 0.28440E+03  0.47408E+05  0.47495E-10
 0.28460E+03  0.47421E+05 -0.28749E-10
 0.28480E+03  0.47434E+05  0.22047E-10
 0.28500E+03  0.47447E+05  0.70819E-11
 0.28520E+03  0.47460E+05  0.18907E-10
 0.28540E+03  0.47473E+05  0.21227E-11
 0.28560E+03  0.47486E+05  0.13318E-10
 0.28580E+03  0.47499E+05 -0.13103E-11
 0.28600E+03  0.47512E+05 -0.63846E-11
 0.28620E+03  0.47525E+05 -0.40998E-11
 0.28640E+03  0.47538E+05  0.19820E-10
 0.28660E+03  0.47551E+05  0.21475E-10
 0.28680E+03  0.47564E+05 -0.17193E-10
 0.28700E+03  0.47577E+05  0.21365E-10
 0.28720E+03  0.47590E+05 -0.25162E-10
 0.28740E+03  0.47603E+05  0.22370E-10
 0.28760E+03  0.47616E+05  0.30111E-10
 0.28780E+03  0.47628E+05  0.55789E-11
 0.28800E+03  0.47641E+05 -0.11923E-10
 0.28820E+03  0.47654E+05 -0.76019E-11
 0.28840E+03  0.47667E+05 -0.21091E-10
 0.28860E+03  0.47679E+05  0.33628E-10
 0.28880E+03  0.47692E+05  0.24477E-10
 0.28900E+03  0.47705E+05  0.24490E-10
 0.28920E+03  0.47718E+05 -0.17669E-11
 0.28940E+03  0.47730E+05 -0.20852E-10
 0.28960E+03  0.47743E+05  0.14183E-10
 0.28980E+03  0.47755E+05 -0.12416E-10
 0.29000E+03  0.47768E+05 -0.52078E-11
 0.29020E+03  0.47781E+05 -0.27658E-10
 0.29040E+03  0.47793E+05  0.23783E-10
 0.29060E+03  0.47805E+05  0.11906E-10
 0.29080E+03  0.47818E+05  0.19446E-10
 0.29100E+03  0.47830E+05 -0.50388E-11
 0.29120E+03  0.47843E+05  0.58739E-11
 0.29140E+03  0.47855E+05 -0.13987E-11
 0.29160E+03  0.47867E+05 -0.25826E-11
 0.29180E+03  0.47880E+05 -0.93385E-11
 0.29200E+03  0.47892E+05 -0.22331E-10
 0.29220E+03  0.47904E+05 -0.15730E-10
 0.29240E+03  0.47916E+05 -0.16365E-10
 0.29260E+03  0.47929E+05  0.35038E-10
 0.29280E+03  0.47941E+05 -0.29579E-10
 0.29300E+03  0.47953E+05  0.15475E-10
 0.29320E+03  0.47965E+05 -0.26535E-10
 0.29340E+03  0.47977E+05 -0.37334E-11
 0.29360E+03  0.47989E+05  0.24983E-10
 0.29380E+03  0.48001E+05  0.18973E-10
 0.29400E+03  0.48013E+05  0.43423E-12
 0.29420E+03  0.48024E+05  0.10111E-10
 0.29440E+03  0.48036E+05  0.21369E-10
 0.29460E+03  0.48048E+05  0.40648E-11
 0.29480E+03  0.48060E+05  0.31929E-10
 0.29500E+03  0.48072E+05  0.48913E-11
 0.29520E+03  0.48083E+05  0.42218E-10
 0.29540E+03  0.48095E+05 -0.92703E-11
 0.29560E+03  0.48107E+05 -0.50144E-10
 0.29580E+03  0.48118E+05  0.13077E-10
 0.29600E+03  0.48130E+05  0.26009E-10
 0.29620E+03  0.48141E+05  0.10842E-10
 0.29640E+03  0.48153E+05 -0.39446E-11
 0.29660E+03  0.48164E+05 -0.42055E-11
 0.29680E+03  0.48176E+05  0.33782E-10
 0.29700E+03  0.48187E+05 -0.73344E-11
 0.29720E+03  0.48199E+05 -0.25471E-10
 0.29740E+03  0.48210E+05  0.21700E-10
 0.29760E+03  0.48221E+05 -0.19655E-10
 0.29780E+03  0.48233E+05  0.21860E-10
 0.29800E+03  0.48244E+05 -0.17478E-10
 0.29820E+03  0.48255E+05 -0.62528E-11
 0.29840E+03  0.48266E+05  0.18894E-10
 0.29860E+03  0.48277E+05  0.12581E-10
 0.29880E+03  0.48289E+05  0.77065E-11
 0.29900E+03  0.48300E+05  0.41758E-10
 0.29920E+03  0.48311E+05 -0.28620E-10
 0.29940E+03  0.48322E+05 -0.14759E-10
 0.29960E+03  0.48333E+05 -0.30252E-10
 0.29980E+03  0.48344E+05 -0.71429E-11
 0.30000E+03  0.48355E+05  0.21968E-10
 0.30020E+03  0.48366E+05  0.64675E-11
 0.30040E+03  0.48378E+05  0.21443E-10
 0.30060E+03  0.48389E+05  0.16264E-10
 0.30080E+03  0.48400E+05  0.14257E-10
 0.30100E+03  0.48411E+05 -0.51840E-10
 0.30120E+03  0.48422E+05 -0.14818E-10
 0.30140E+03  0.48433E+05  0.49147E-10
 0.30160E+03  0.48444E+05  0.26892E-10
 0.30180E+03  0.48455E+05 -0.39259E-11
 0.30200E+03  0.48466E+05 -0.20475E-10
 0.30220E+03  0.48477E+05 -0.54498E-11
 0.30240E+03  0.48488E+05  0.58172E-12
 0.30260E+03  0.48499E+05 -0.29394E-11
 0.30280E+03  0.48510E+05 -0.24612E-10
 0.30300E+03  0.48521E+05 -0.19144E-10
 0.30320E+03  0.48532E+05 -0.73846E-11
 0.30340E+03  0.48543E+05  0.28186E-10
 0.30360E+03  0.48554E+05 -0.20681E-10
 0.30380E+03  0.48565E+05 -0.33357E-10
 0.30400E+03  0.48576E+05 -0.21561E-10
 0.30420E+03  0.48587E+05 -0.15938E-10
 0.30440E+03  0.48599E+05  0.20981E-10
 0.30460E+03  0.48610E+05 -0.14263E-10
 0.30480E+03  0.48621E+05  0.61941E-11
 0.30500E+03  0.48632E+05 -0.25675E-10
 0.30520E+03  0.48643E+05 -0.81518E-11
 0.30540E+03  0.48655E+05 -0.20706E-10
 0.30560E+03  0.48666E+05  0.23361E-10
 0.30580E+03  0.48677E+05  0.14773E-10
 0.30600E+03  0.48688E+05  0.17515E-10
 0.30620E+03  0.48700E+05 -0.18887E-10
 0.30640E+03  0.48711E+05  0.29065E-10
 0.30660E+03  0.48723E+05 -0.30858E-11
 0.30680E+03  0.48734E+05 -0.13002E-10
 0.30700E+03  0.48746E+05 -0.10517E-10
 0.30720E+03  0.48757E+05  0.91272E-12
 0.30740E+03  0.48769E+05  0.12898E-10
 0.30760E+03  0.48780E+05  0.45155E-11
 0.30780E+03  0.48792E+05  0.14339E-10
 0.30800E+03  0.48804E+05  0.11426E-10
 0.30820E+03  0.48815E+05 -0.43169E-10
 0.30840E+03  0.48827E+05  0.16169E-10
 0.30860E+03  0.48839E+05 -0.25101E-10
 0.30880E+03  0.48851E+05 -0.60282E-11
 0.30900E+03  0.48863E+05 -0.10070E-10
 0.30920E+03  0.48875E+05 -0.42289E-10
 0.30940E+03  0.48887E+05 -0.80636E-11
 0.30960E+03  0.48899E+05 -0.94962E-11
 0.30980E+03  0.48911E+05  0.73299E-11
 0.31000E+03  0.48923E+05 -0.33748E-10
 0.31020E+03  0.48935E+05  0.37594E-10
 0.31040E+03  0.48947E+05  0.49321E-10
 0.31060E+03  0.48960E+05 -0.44968E-11
 0.31080E+03  0.48972E+05 -0.79430E-11
 0.31100E+03  0.48984E+05  0.34597E-10
 0.31120E+03  0.48997E+05  0.12347E-10
 0.31140E+03  0.49009E+05  0.98500E-11
 0.31160E+03  0.49022E+05  0.16816E-10
 0.31180E+03  0.49035E+05 -0.41731E-11
 0.31200E+03  0.49047E+05 -0.11394E-10
 0.31220E+03  0.49060E+05 -0.16196E-10
 0.31240E+03  0.49073E+05 -0.25315E-10
 0.31260E+03  0.49086E+05  0.13283E-10
 0.31280E+03  0.49099E+05  0.28292E-12
 0.31300E+03  0.49111E+05 -0.73744E-11
 0.31320E+03  0.49125E+05  0.75548E-11
 0.31340E+03  0.49138E+05 -0.29639E-10
 0.31360E+03  0.49151E+05 -0.16984E-10
 0.31380E+03  0.49164E+05  0.41114E-11
 0.31400E+03  0.49177E+05 -0.35267E-10
 0.31420E+03  0.49191E+05 -0.20937E-10
 0.31440E+03  0.49204E+05  0.24535E-10
 0.31460E+03  0.49217E+05  0.15286E-10
 0.31480E+03  0.49231E+05  0.13823E-10
 0.31500E+03  0.49245E+05  0.38040E-10
 0.31520E+03  0.49258E+05 -0.18366E-10
 0.31540E+03  0.49272E+05 -0.36737E-10
 0.31560E+03  0.49286E+05 -0.39829E-11
 0.31580E+03  0.49300E+05 -0.66611E-11
 0.31600E+03  0.49313E+05  0.39338E-11
 0.31620E+03  0.49327E+05  0.11774E-10
 0.31640E+03  0.49341E+05  0.21512E-10
 0.31660E+03  0.49356E+05  0.22512E-10
 0.31680E+03  0.49370E+05 -0.19991E-10
 0.31700E+03  0.49384E+05  0.10050E-10
 0.31720E+03  0.49398E+05 -0.27465E-11
 0.31740E+03  0.49413E+05 -0.72539E-11
 0.31760E+03  0.49427E+05 -0.86038E-11
 0.31780E+03  0.49442E+05 -0.34968E-10
 0.31800E+03  0.49456E+05  0.29431E-10
 0.31820E+03  0.49471E+05  0.30650E-10
 0.31840E+03  0.49485E+05 -0.45264E-10
 0.31860E+03  0.49500E+05  0.90228E-12
 0.31880E+03  0.49515E+05  0.96484E-11
 0.31900E+03  0.49530E+05 -0.14954E-11
 0.31920E+03  0.49545E+05 -0.17166E-10
 0.31940E+03  0.49560E+05  0.24873E-10
 0.31960E+03  0.49575E+05  0.10409E-10
 0.31980E+03  0.49590E+05 -0.24963E-10
 0.32000E+03  0.49605E+05  0.12826E-10
 0.32020E+03  0.49620E+05 -0.19299E-11
 0.32040E+03  0.49636E+05 -0.23019E-10
 0.32060E+03  0.49651E+05  0.31021E-11
 0.32080E+03  0.49667E+05 -0.23753E-10
 0.32100E+03  0.49682E+05  0.10005E-11
 0.32120E+03  0.49698E+05  0.48913E-10
 0.32140E+03  0.49713E+05 -0.64364E-10
 0.32160E+03  0.49729E+05 -0.29710E-11
 0.32180E+03  0.49745E+05  0.72020E-10
 0.32200E+03  0.49761E+05  0.10165E-10
 0.32220E+03  0.49777E+05  0.82620E-11
 0.32240E+03  0.49793E+05 -0.18060E-10
 0.32260E+03  0.49809E+05 -0.34986E-10
 0.32280E+03  0.49825E+05 -0.41968E-10
 0.32300E+03  0.49841E+05 -0.27964E-10
 0.32320E+03  0.49857E+05 -0.10600E-10
 0.32340E+03  0.49873E+05 -0.25708E-10
 0.32360E+03  0.49889E+05  0.12894E-10
 0.32380E+03  0.49906E+05 -0.71295E-11
 0.32400E+03  0.49922E+05 -0.31444E-10
 0.32420E+03  0.49939E+05  0.82084E-11
 0.32440E+03  0.49955E+05 -0.59880E-10
 0.32460E+03  0.49972E+05  0.96827E-11
 0.32480E+03  0.49988E+05  0.43381E-10
 0.32500E+03  0.50005E+05 -0.55048E-10
 0.32520E+03  0.50022E+05 -0.25177E-10
 0.32540E+03  0.50039E+05 -0.16071E-10
 0.32560E+03  0.50056E+05  0.64063E-10
 0.32580E+03  0.50072E+05  0.81603E-11
 0.32600E+03  0.50089E+05  0.31623E-10
 0.32620E+03  0.50106E+05 -0.20700E-11
 0.32640E+03  0.50123E+05  0.45483E-10
 0.32660E+03  0.50141E+05 -0.42261E-10
 0.32680E+03  0.50158E+05 -0.26305E-10
 0.32700E+03  0.50175E+05 -0.50431E-10
 0.32720E+03  0.50192E+05 -0.27347E-11
 0.32740E+03  0.50209E+05 -0.21985E-11
 0.32760E+03  0.50227E+05 -0.59713E-10
 0.32780E+03  0.50244E+05 -0.13760E-10
 0.32800E+03  0.50262E+05  0.72414E-11
 0.32820E+03  0.50279E+05 -0.17457E-11
 0.32840E+03  0.50296E+05  0.36764E-10
 0.32860E+03  0.50314E+05  0.40911E-10
 0.32880E+03  0.50332E+05  0.10007E-10
 0.32900E+03  0.50349E+05  0.42079E-12
 0.32920E+03  0.50367E+05 -0.69616E-11
 0.32940E+03  0.50384E+05  0.26735E-10
 0.32960E+03  0.50402E+05  0.56856E-11
 0.32980E+03  0.50420E+05  0.31335E-10
 0.33000E+03  0.50438E+05 -0.32400E-10
 0.33020E+03  0.50456E+05  0.36669E-10
 0.33040E+03  0.50473E+05 -0.17326E-10
 0.33060E+03  0.50491E+05  0.36749E-10
 0.33080E+03  0.50509E+05  0.88545E-10
 0.33100E+03  0.50527E+05  0.20012E-10
 0.33120E+03  0.50545E+05  0.95341E-11
 0.33140E+03  0.50563E+05 -0.78775E-10
 0.33160E+03  0.50581E+05 -0.17451E-10
 0.33180E+03  0.50599E+05 -0.32979E-10
 0.33200E+03  0.50617E+05  0.29209E-10
 0.33220E+03  0.50635E+05  0.60771E-11
 0.33240E+03  0.50653E+05  0.32664E-10
 0.33260E+03  0.50672E+05 -0.58515E-10
 0.33280E+03  0.50690E+05 -0.25453E-11
 0.33300E+03  0.50708E+05  0.49975E-10
 0.33320E+03  0.50726E+05 -0.54230E-11
 0.33340E+03  0.50744E+05 -0.23848E-10
 0.33360E+03  0.50763E+05  0.54321E-10
 0.33380E+03  0.50781E+05 -0.11778E-10
 0.33400E+03  0.50799E+05  0.18705E-10
 0.33420E+03  0.50818E+05  0.32214E-10
 0.33440E+03  0.50836E+05 -0.52190E-10
 0.33460E+03  0.50854E+05  0.23864E-10
 0.33480E+03  0.50873E+05  0.77550E-10
 0.33500E+03  0.50891E+05  0.33846E-10
 0.33520E+03  0.50910E+05 -0.38147E-10
 0.33540E+03  0.50928E+05  0.41054E-10
 0.33560E+03  0.50947E+05  0.21151E-10
 0.33580E+03  0.50965E+05  0.60739E-10
 0.33600E+03  0.50983E+05  0.48438E-11
 0.33620E+03  0.51002E+05 -0.34101E-10
 0.33640E+03  0.51021E+05 -0.63974E-11
 0.33660E+03  0.51039E+05  0.16405E-11
 0.33680E+03  0.51058E+05  0.48383E-10
 0.33700E+03  0.51076E+05  0.73078E-10
 0.33720E+03  0.51095E+05 -0.23067E-10
 0.33740E+03  0.51114E+05  0.92920E-11
 0.33760E+03  0.51132E+05  0.68684E-11
 0.33780E+03  0.51151E+05 -0.29662E-10
 0.33800E+03  0.51169E+05  0.58956E-10
 0.33820E+03  0.51188E+05  0.42489E-10
 0.33840E+03  0.51207E+05 -0.38450E-10
 0.33860E+03  0.51226E+05 -0.19588E-10
 0.33880E+03  0.51244E+05 -0.11590E-10
 0.33900E+03  0.51263E+05  0.75467E-10
 0.33920E+03  0.51282E+05 -0.81750E-11
 0.33940E+03  0.51300E+05 -0.37861E-10
 0.33960E+03  0.51319E+05  0.26827E-10
 0.33980E+03  0.51338E+05  0.35939E-10
 0.34000E+03  0.51357E+05 -0.56609E-10
 0.34020E+03  0.51376E+05 -0.91518E-10
 0.34040E+03  0.51394E+05  0.16336E-10
 0.34060E+03  0.51413E+05 -0.42186E-10
 0.34080E+03  0.51432E+05 -0.41913E-10
 0.34100E+03  0.51451E+05  0.36179E-10
 0.34120E+03  0.51470E+05 -0.49137E-10
 0.34140E+03  0.51489E+05  0.21174E-10
 0.34160E+03  0.51507E+05 -0.24933E-10
 0.34180E+03  0.51526E+05 -0.30680E-10
 0.34200E+03  0.51545E+05 -0.56019E-10
 0.34220E+03  0.51564E+05 -0.54067E-10
 0.34240E+03  0.51583E+05  0.25382E-10
 0.34260E+03  0.51602E+05  0.78523E-10
 0.34280E+03  0.51621E+05  0.28244E-10
 0.34300E+03  0.51640E+05  0.10787E-09
 0.34320E+03  0.51659E+05  0.30013E-10
 0.34340E+03  0.51677E+05 -0.83638E-11
 0.34360E+03  0.51696E+05 -0.82246E-10
 0.34380E+03  0.51715E+05 -0.34529E-10
 0.34400E+03  0.51734E+05 -0.56302E-10
 0.34420E+03  0.51753E+05 -0.61787E-10
 0.34440E+03  0.51772E+05 -0.20478E-10
 0.34460E+03  0.51791E+05  0.10151E-10
 0.34480E+03  0.51810E+05  0.56207E-10
 0.34500E+03  0.51829E+05 -0.34791E-10
 0.34520E+03  0.51847E+05 -0.15523E-10
 0.34540E+03  0.51866E+05  0.15838E-11
 0.34560E+03  0.51885E+05  0.20685E-10
 0.34580E+03  0.51904E+05  0.39335E-10
 0.34600E+03  0.51923E+05 -0.80416E-14
 0.34620E+03  0.51942E+05 -0.44620E-10
 0.34640E+03  0.51961E+05  0.18759E-11
 0.34660E+03  0.51979E+05 -0.51963E-10
 0.34680E+03  0.51998E+05 -0.61784E-10
 0.34700E+03  0.52017E+05 -0.12272E-10
 0.34720E+03  0.52036E+05  0.39281E-10
 0.34740E+03  0.52055E+05  0.31645E-10
 0.34760E+03  0.52073E+05  0.10772E-10
 0.34780E+03  0.52092E+05 -0.48214E-11
 0.34800E+03  0.52111E+05 -0.32054E-11
 0.34820E+03  0.52129E+05  0.39283E-10
 0.34840E+03  0.52148E+05  0.59379E-10
 0.34860E+03  0.52167E+05 -0.23898E-10
 0.34880E+03  0.52185E+05 -0.12994E-10
 0.34900E+03  0.52204E+05 -0.62812E-10
 0.34920E+03  0.52223E+05 -0.45173E-10
 0.34940E+03  0.52241E+05  0.45018E-10
 0.34960E+03  0.52260E+05  0.49165E-10
 0.34980E+03  0.52278E+05  0.64018E-13
 0.35000E+03  0.52297E+05  0.31795E-10
 0.35020E+03  0.52315E+05  0.63591E-10
 0.35040E+03  0.52334E+05  0.63514E-10
 0.35060E+03  0.52352E+05  0.15819E-10
 0.35080E+03  0.52370E+05 -0.59305E-10
 0.35100E+03  0.52389E+05 -0.21616E-10
 0.35120E+03  0.52407E+05 -0.36624E-10
 0.35140E+03  0.52425E+05  0.19871E-10
 0.35160E+03  0.52444E+05 -0.57465E-11
 0.35180E+03  0.52462E+05 -0.16478E-10
 0.35200E+03  0.52480E+05  0.39476E-10
 0.35220E+03  0.52498E+05  0.44513E-10
 0.35240E+03  0.52516E+05 -0.40919E-10
 0.35260E+03  0.52534E+05 -0.61782E-10
 0.35280E+03  0.52552E+05 -0.67247E-11
 0.35300E+03  0.52570E+05  0.61969E-10
 0.35320E+03  0.52588E+05 -0.46849E-11
 0.35340E+03  0.52606E+05  0.50558E-11
 0.35360E+03  0.52624E+05 -0.29837E-10
 0.35380E+03  0.52642E+05  0.29431E-10
 0.35400E+03  0.52660E+05  0.12426E-10
 0.35420E+03  0.52678E+05 -0.30120E-10
 0.35440E+03  0.52695E+05 -0.61944E-11
 0.35460E+03  0.52713E+05  0.11155E-10
 0.35480E+03  0.52731E+05  0.96791E-10
 0.35500E+03  0.52748E+05  0.14433E-10
 0.35520E+03  0.52766E+05  0.15507E-10
 0.35540E+03  0.52783E+05  0.57699E-10
 0.35560E+03  0.52801E+05 -0.11659E-10
 0.35580E+03  0.52818E+05 -0.26073E-10
 0.35600E+03  0.52835E+05  0.20888E-10
 0.35620E+03  0.52853E+05 -0.10965E-09
 0.35640E+03  0.52870E+05 -0.34620E-10
 0.35660E+03  0.52887E+05  0.27520E-10
 0.35680E+03  0.52904E+05  0.21390E-10
 0.35700E+03  0.52921E+05  0.31683E-10
 0.35720E+03  0.52938E+05  0.57695E-10
 0.35740E+03  0.52955E+05  0.63196E-10
 0.35760E+03  0.52972E+05  0.55417E-10
 0.35780E+03  0.52989E+05 -0.47588E-11
 0.35800E+03  0.53006E+05  0.19874E-10
 0.35820E+03  0.53023E+05  0.30565E-10
 0.35840E+03  0.53039E+05  0.23650E-10
 0.35860E+03  0.53056E+05 -0.14179E-10
 0.35880E+03  0.53073E+05  0.32984E-11
 0.35900E+03  0.53089E+05 -0.41277E-10
 0.35920E+03  0.53106E+05  0.82630E-11
 0.35940E+03  0.53122E+05 -0.52417E-10
 0.35960E+03  0.53138E+05 -0.60292E-10
 0.35980E+03  0.53155E+05 -0.19333E-10
 0.36000E+03  0.53171E+05  0.34429E-10
 0.36020E+03  0.53187E+05 -0.15503E-10
 0.36040E+03  0.53203E+05 -0.42580E-10
 0.36060E+03  0.53219E+05 -0.34654E-11
 0.36080E+03  0.53235E+05 -0.34350E-11
 0.36100E+03  0.53251E+05 -0.26146E-10
 0.36120E+03  0.53267E+05  0.91825E-10
 0.36140E+03  0.53283E+05  0.16626E-10
 0.36160E+03  0.53298E+05  0.68900E-10
 0.36180E+03  0.53314E+05 -0.13665E-11
 0.36200E+03  0.53330E+05  0.23509E-10
 0.36220E+03  0.53345E+05 -0.97054E-10
 0.36240E+03  0.53360E+05  0.31873E-10
 0.36260E+03  0.53376E+05  0.12219E-10
 0.36280E+03  0.53391E+05  0.24745E-10
 0.36300E+03  0.53406E+05 -0.11224E-10
 0.36320E+03  0.53421E+05 -0.20083E-10
 0.36340E+03  0.53436E+05  0.59531E-10
 0.36360E+03  0.53451E+05  0.12273E-11
 0.36380E+03  0.53466E+05  0.21198E-11
 0.36400E+03  0.53481E+05 -0.67201E-10
 0.36420E+03  0.53496E+05  0.21318E-10
 0.36440E+03  0.53511E+05 -0.83545E-11
 0.36460E+03  0.53525E+05 -0.98352E-10
 0.36480E+03  0.53540E+05  0.18498E-10
 0.36500E+03  0.53554E+05  0.35245E-10
 0.36520E+03  0.53569E+05  0.30661E-10
 0.36540E+03  0.53583E+05 -0.25733E-10
 0.36560E+03  0.53597E+05 -0.13006E-10
 0.36580E+03  0.53611E+05 -0.14676E-10
 0.36600E+03  0.53626E+05  0.39445E-10
 0.36620E+03  0.53640E+05  0.15525E-10
 0.36640E+03  0.53653E+05 -0.42299E-10
 0.36660E+03  0.53667E+05  0.23226E-10
 0.36680E+03  0.53681E+05  0.27272E-10
 0.36700E+03  0.53695E+05 -0.79240E-11
 0.36720E+03  0.53708E+05  0.40470E-10
 0.36740E+03  0.53722E+05 -0.29580E-10
 0.36760E+03  0.53735E+05 -0.16017E-10
 0.36780E+03  0.53749E+05  0.40485E-10
 0.36800E+03  0.53762E+05 -0.51220E-10
 0.36820E+03  0.53775E+05  0.12791E-10
 0.36840E+03  0.53789E+05  0.11816E-10
 0.36860E+03  0.53802E+05 -0.38804E-10
 0.36880E+03  0.53815E+05  0.94988E-11
 0.36900E+03  0.53828E+05 -0.91689E-11
 0.36920E+03  0.53841E+05 -0.19080E-10
 0.36940E+03  0.53853E+05 -0.32291E-10
 0.36960E+03  0.53866E+05  0.12093E-10
 0.36980E+03  0.53879E+05 -0.74524E-11
 0.37000E+03  0.53891E+05 -0.21679E-10
 0.37020E+03  0.53904E+05  0.63792E-10
 0.37040E+03  0.53916E+05  0.20179E-11
 0.37060E+03  0.53929E+05 -0.13443E-10
 0.37080E+03  0.53941E+05  0.20262E-10
 0.37100E+03  0.53953E+05  0.25780E-10
 0.37120E+03  0.53966E+05 -0.26628E-10
 0.37140E+03  0.53978E+05 -0.19712E-10
 0.37160E+03  0.53990E+05  0.18334E-11
 0.37180E+03  0.54002E+05 -0.32534E-10
 0.37200E+03  0.54014E+05 -0.12877E-10
 0.37220E+03  0.54026E+05 -0.13827E-10
 0.37240E+03  0.54037E+05 -0.24091E-10
 0.37260E+03  0.54049E+05 -0.18375E-10
 0.37280E+03  0.54061E+05 -0.18194E-10
 0.37300E+03  0.54073E+05  0.88039E-12
 0.37320E+03  0.54084E+05 -0.24217E-10
 0.37340E+03  0.54096E+05  0.39000E-11
 0.37360E+03  0.54107E+05 -0.15893E-10
 0.37380E+03  0.54119E+05  0.24049E-11
 0.37400E+03  0.54130E+05  0.21050E-10
 0.37420E+03  0.54141E+05 -0.42897E-11
 0.37440E+03  0.54153E+05 -0.37150E-10
 0.37460E+03  0.54164E+05  0.16239E-10
 0.37480E+03  0.54175E+05  0.38994E-11
 0.37500E+03  0.54186E+05 -0.97545E-12
 0.37520E+03  0.54197E+05 -0.10685E-10
 0.37540E+03  0.54208E+05 -0.81106E-11
 0.37560E+03  0.54219E+05 -0.44404E-10
 0.37580E+03  0.54230E+05 -0.89919E-11
 0.37600E+03  0.54241E+05  0.38304E-10
 0.37620E+03  0.54252E+05  0.31001E-11
 0.37640E+03  0.54263E+05  0.28424E-10
 0.37660E+03  0.54274E+05  0.26887E-10
 0.37680E+03  0.54284E+05 -0.20499E-10
 0.37700E+03  0.54295E+05 -0.39346E-10
 0.37720E+03  0.54306E+05  0.45028E-11
 0.37740E+03  0.54317E+05  0.37380E-10
 0.37760E+03  0.54327E+05  0.26013E-11
 0.37780E+03  0.54338E+05 -0.23257E-10
 0.37800E+03  0.54348E+05  0.49680E-11
 0.37820E+03  0.54359E+05  0.32585E-10
 0.37840E+03  0.54369E+05  0.27200E-10
 0.37860E+03  0.54380E+05 -0.11373E-10
 0.37880E+03  0.54390E+05 -0.13951E-11
 0.37900E+03  0.54401E+05  0.88991E-11
 0.37920E+03  0.54411E+05  0.44101E-11
 0.37940E+03  0.54422E+05  0.15597E-10
 0.37960E+03  0.54432E+05 -0.44030E-11
 0.37980E+03  0.54442E+05 -0.14398E-10
 0.38000E+03  0.54453E+05 -0.19804E-10
 0.38020E+03  0.54463E+05  0.34791E-10
 0.38040E+03  0.54473E+05  0.96462E-11
 0.38060E+03  0.54484E+05 -0.36440E-10
 0.38080E+03  0.54494E+05  0.30522E-11
 0.38100E+03  0.54504E+05  0.22274E-10
 0.38120E+03  0.54514E+05 -0.80645E-11
 0.38140E+03  0.54525E+05  0.21487E-10
 0.38160E+03  0.54535E+05 -0.47886E-11
 0.38180E+03  0.54545E+05  0.71015E-11
 0.38200E+03  0.54555E+05 -0.24542E-10
 0.38220E+03  0.54565E+05  0.18213E-10
 0.38240E+03  0.54576E+05 -0.51947E-10
 0.38260E+03  0.54586E+05  0.15814E-10
 0.38280E+03  0.54596E+05  0.40054E-12
 0.38300E+03  0.54606E+05 -0.37847E-11
 0.38320E+03  0.54616E+05  0.16391E-10
 0.38340E+03  0.54626E+05 -0.36886E-10
 0.38360E+03  0.54636E+05  0.32528E-10
 0.38380E+03  0.54647E+05 -0.22371E-10
 0.38400E+03  0.54657E+05  0.23606E-10
 0.38420E+03  0.54667E+05 -0.29606E-10
 0.38440E+03  0.54677E+05 -0.82127E-12
 0.38460E+03  0.54687E+05  0.11135E-10
 0.38480E+03  0.54697E+05 -0.17717E-10
 0.38500E+03  0.54707E+05 -0.48342E-11
 0.38520E+03  0.54717E+05  0.19180E-10
 0.38540E+03  0.54727E+05 -0.12427E-10
 0.38560E+03  0.54737E+05 -0.21808E-10
 0.38580E+03  0.54747E+05  0.16022E-11
 0.38600E+03  0.54758E+05  0.22613E-10
 0.38620E+03  0.54768E+05  0.43827E-11
 0.38640E+03  0.54778E+05  0.12649E-10
 0.38660E+03  0.54788E+05 -0.10942E-10
 0.38680E+03  0.54798E+05  0.13736E-10
 0.38700E+03  0.54808E+05  0.63773E-11
 0.38720E+03  0.54818E+05  0.49759E-11
 0.38740E+03  0.54828E+05 -0.11623E-10
 0.38760E+03  0.54838E+05 -0.91727E-11
 0.38780E+03  0.54848E+05  0.15949E-10
 0.38800E+03  0.54858E+05 -0.26756E-11
 0.38820E+03  0.54868E+05 -0.49523E-10
 0.38840E+03  0.54879E+05 -0.20193E-10
 0.38860E+03  0.54889E+05 -0.31503E-10
 0.38880E+03  0.54899E+05  0.33560E-12
 0.38900E+03  0.54909E+05  0.14461E-10
 0.38920E+03  0.54919E+05 -0.10500E-10
 0.38940E+03  0.54929E+05 -0.18041E-11
 0.38960E+03  0.54939E+05  0.22985E-10
 0.38980E+03  0.54949E+05 -0.24927E-10
 0.39000E+03  0.54959E+05 -0.13267E-10
 0.39020E+03  0.54969E+05  0.18472E-10
 0.39040E+03  0.54979E+05 -0.31172E-10
 0.39060E+03  0.54989E+05 -0.99654E-11
 0.39080E+03  0.54999E+05  0.34046E-11
 0.39100E+03  0.55009E+05  0.13322E-10
 0.39120E+03  0.55019E+05 -0.10571E-10
 0.39140E+03  0.55029E+05  0.86439E-11
 0.39160E+03  0.55040E+05  0.21198E-10
 0.39180E+03  0.55050E+05  0.90775E-11
 0.39200E+03  0.55060E+05 -0.15644E-10
 0.39220E+03  0.55070E+05  0.56868E-11
 0.39240E+03  0.55080E+05 -0.14054E-10
 0.39260E+03  0.55090E+05  0.68210E-11
 0.39280E+03  0.55100E+05  0.10787E-10
 0.39300E+03  0.55110E+05  0.12590E-10
 0.39320E+03  0.55120E+05  0.93920E-11
 0.39340E+03  0.55130E+05 -0.11738E-10
 0.39360E+03  0.55140E+05  0.11139E-10
 0.39380E+03  0.55150E+05  0.22025E-10
 0.39400E+03  0.55160E+05 -0.44365E-10
 0.39420E+03  0.55170E+05 -0.49708E-11
 0.39440E+03  0.55179E+05 -0.27194E-10
 0.39460E+03  0.55189E+05 -0.49371E-12
 0.39480E+03  0.55199E+05  0.13431E-10
 0.39500E+03  0.55209E+05 -0.56203E-11
 0.39520E+03  0.55219E+05 -0.38123E-11
 0.39540E+03  0.55229E+05 -0.31471E-10
 0.39560E+03  0.55239E+05 -0.14271E-10
 0.39580E+03  0.55249E+05 -0.57391E-11
 0.39600E+03  0.55259E+05 -0.22406E-10
 0.39620E+03  0.55269E+05 -0.54687E-11
 0.39640E+03  0.55279E+05  0.34025E-11
 0.39660E+03  0.55288E+05 -0.24952E-10
 0.39680E+03  0.55298E+05 -0.20166E-10
 0.39700E+03  0.55308E+05 -0.64031E-11
 0.39720E+03  0.55318E+05  0.48326E-10
 0.39740E+03  0.55328E+05 -0.43473E-11
 0.39760E+03  0.55337E+05 -0.97061E-11
 0.39780E+03  0.55347E+05 -0.28973E-10
 0.39800E+03  0.55357E+05  0.78025E-11
 0.39820E+03  0.55367E+05 -0.26201E-11
 0.39840E+03  0.55376E+05  0.20017E-10
 0.39860E+03  0.55386E+05  0.35596E-10
 0.39880E+03  0.55396E+05  0.38677E-11
 0.39900E+03  0.55406E+05 -0.22807E-10
 0.39920E+03  0.55415E+05  0.33439E-10
 0.39940E+03  0.55425E+05  0.59129E-11
 0.39960E+03  0.55435E+05  0.97440E-11
 0.39980E+03  0.55444E+05  0.21114E-11
 0.40000E+03  0.55454E+05 -0.42970E-10
