 0.6906907E+00  0.8364854E-10
 0.7107107E+00  0.3708742E-09
 0.7307307E+00  0.1563813E-08
 0.7507508E+00  0.6269773E-08
 0.7707708E+00  0.2389676E-07
 0.7907908E+00  0.8656640E-07
 0.8108108E+00  0.2979721E-06
 0.8308308E+00  0.9743177E-06
 0.8508509E+00  0.3025487E-05
 0.8708709E+00  0.8919041E-05
 0.8908909E+00  0.2495250E-04
 0.9109109E+00  0.6622367E-04
 0.9309309E+00  0.1666598E-03
 0.9509510E+00  0.3975274E-03
 0.9709710E+00  0.8982705E-03
 0.9909910E+00  0.1921875E-02
 0.1011011E+01  0.3891244E-02
 0.1031031E+01  0.7451932E-02
 0.1051051E+01  0.1349151E-01
 0.1071071E+01  0.2308400E-01
 0.1091091E+01  0.3732294E-01
 0.1111111E+01  0.5704338E-01
 0.1131131E+01  0.8250631E-01
 0.1151151E+01  0.1132058E+00
 0.1171171E+01  0.1480042E+00
 0.1191191E+01  0.1857390E+00
 0.1211211E+01  0.2262374E+00
 0.1231231E+01  0.2713887E+00
 0.1251251E+01  0.3257046E+00
 0.1271271E+01  0.3958352E+00
 0.1291291E+01  0.4888840E+00
 0.1311311E+01  0.6099424E+00
 0.1331331E+01  0.7597353E+00
 0.1351351E+01  0.9333309E+00
 0.1371371E+01  0.1120448E+01
 0.1391391E+01  0.1307238E+01
 0.1411411E+01  0.1478909E+01
 0.1431431E+01  0.1622417E+01
 0.1451451E+01  0.1728647E+01
 0.1471471E+01  0.1793716E+01
 0.1491491E+01  0.1819197E+01
 0.1511512E+01  0.1811156E+01
 0.1531532E+01  0.1778177E+01
 0.1551552E+01  0.1728967E+01
 0.1571572E+01  0.1670443E+01
 0.1591592E+01  0.1607050E+01
 0.1611612E+01  0.1541424E+01
 0.1631632E+01  0.1475797E+01
 0.1651652E+01  0.1413117E+01
 0.1671672E+01  0.1357155E+01
 0.1691692E+01  0.1311505E+01
 0.1711712E+01  0.1278065E+01
 0.1731732E+01  0.1255784E+01
 0.1751752E+01  0.1240281E+01
 0.1771772E+01  0.1224499E+01
 0.1791792E+01  0.1200183E+01
 0.1811812E+01  0.1159766E+01
 0.1831832E+01  0.1098209E+01
 0.1851852E+01  0.1014377E+01
 0.1871872E+01  0.9116080E+00
 0.1891892E+01  0.7973070E+00
 0.1911912E+01  0.6815655E+00
 0.1931932E+01  0.5750792E+00
 0.1951952E+01  0.4868142E+00
 0.1971972E+01  0.4219947E+00
 0.1991992E+01  0.3809655E+00
 0.2012012E+01  0.3593018E+00
 0.2032032E+01  0.3492042E+00
 0.2052052E+01  0.3418093E+00
 0.2072072E+01  0.3296993E+00
 0.2092092E+01  0.3087963E+00
 0.2112112E+01  0.2790468E+00
 0.2132132E+01  0.2437726E+00
 0.2152152E+01  0.2080687E+00
 0.2172172E+01  0.1769319E+00
 0.2192192E+01  0.1537881E+00
 0.2212212E+01  0.1398015E+00
 0.2232232E+01  0.1339778E+00
 0.2252252E+01  0.1338001E+00
 0.2272272E+01  0.1360538E+00
 0.2292292E+01  0.1375743E+00
 0.2312312E+01  0.1357987E+00
 0.2332332E+01  0.1291170E+00
 0.2352352E+01  0.1170588E+00
 0.2372372E+01  0.1003376E+00
 0.2392392E+01  0.8073959E-01
 0.2412412E+01  0.6083330E-01
 0.2432432E+01  0.4350227E-01
 0.2452452E+01  0.3135398E-01
 0.2472472E+01  0.2611860E-01
 0.2492492E+01  0.2818798E-01
 0.2512513E+01  0.3644062E-01
 0.2532533E+01  0.4843985E-01
 0.2552553E+01  0.6098862E-01
 0.2572573E+01  0.7090605E-01
 0.2592593E+01  0.7580402E-01
 0.2612613E+01  0.7462796E-01
 0.2632633E+01  0.6780093E-01
 0.2652653E+01  0.5694722E-01
 0.2672673E+01  0.4431733E-01
 0.2692693E+01  0.3212696E-01
 0.2712713E+01  0.2202579E-01
 0.2732733E+01  0.1483351E-01
 0.2752753E+01  0.1056454E-01
 0.2772773E+01  0.8662099E-02
 0.2792793E+01  0.8313408E-02
 0.2812813E+01  0.8727338E-02
 0.2832833E+01  0.9305210E-02
 0.2852853E+01  0.9693449E-02
 0.2872873E+01  0.9749565E-02
 0.2892893E+01  0.9469099E-02
 0.2912913E+01  0.8914134E-02
 0.2932933E+01  0.8164987E-02
 0.2952953E+01  0.7297754E-02
 0.2972973E+01  0.6379029E-02
 0.2992993E+01  0.5466889E-02
 0.3013013E+01  0.4611048E-02
 0.3033033E+01  0.3850470E-02
 0.3053053E+01  0.3210226E-02
 0.3073073E+01  0.2700076E-02
 0.3093093E+01  0.2315909E-02
 0.3113113E+01  0.2043511E-02
 0.3133133E+01  0.1863189E-02
 0.3153153E+01  0.1753904E-02
 0.3173173E+01  0.1696301E-02
 0.3193193E+01  0.1674755E-02
 0.3213213E+01  0.1678856E-02
 0.3233233E+01  0.1704538E-02
 0.3253253E+01  0.1754532E-02
 0.3273273E+01  0.1837406E-02
 0.3293293E+01  0.1964442E-02
 0.3313313E+01  0.2144300E-02
 0.3333333E+01  0.2376549E-02
 0.3353353E+01  0.2646271E-02
 0.3373373E+01  0.2922316E-02
 0.3393393E+01  0.3160969E-02
 0.3413413E+01  0.3314866E-02
 0.3433433E+01  0.3344747E-02
 0.3453453E+01  0.3230158E-02
 0.3473473E+01  0.2975324E-02
 0.3493493E+01  0.2608136E-02
 0.3513514E+01  0.2172810E-02
 0.3533534E+01  0.1718987E-02
 0.3553554E+01  0.1290989E-02
 0.3573574E+01  0.9203287E-03
 0.3593594E+01  0.6228945E-03
 0.3613614E+01  0.4004266E-03
 0.3633634E+01  0.2446626E-03
 0.3653654E+01  0.1422259E-03
 0.3673674E+01  0.7876659E-04
 0.3693694E+01  0.4163142E-04
 0.3713714E+01  0.2104625E-04
 0.3733734E+01  0.1020350E-04
 0.3753754E+01  0.4758182E-05
 0.3773774E+01  0.2140975E-05
 0.3793794E+01  0.9323787E-06
 0.3813814E+01  0.3941787E-06
 0.3833834E+01  0.1624451E-06
 0.3853854E+01  0.6593006E-07
 0.3873874E+01  0.2725280E-07
 0.3893894E+01  0.1275945E-07
 0.3913914E+01  0.8578822E-08
 0.3933934E+01  0.9881041E-08
 0.3953954E+01  0.1655125E-07
 0.3973974E+01  0.3202321E-07
 0.3993994E+01  0.6381490E-07
 0.4014014E+01  0.1250839E-06
 0.4034034E+01  0.2366947E-06
 0.4054054E+01  0.4290926E-06
 0.4074074E+01  0.7429007E-06
 0.4094094E+01  0.1226819E-05
 0.4114114E+01  0.1931447E-05
 0.4134134E+01  0.2898355E-05
 0.4154154E+01  0.4145276E-05
 0.4174174E+01  0.5650353E-05
 0.4194194E+01  0.7340284E-05
 0.4214214E+01  0.9087898E-05
 0.4234234E+01  0.1072325E-04
 0.4254254E+01  0.1205874E-04
 0.4274274E+01  0.1292378E-04
 0.4294294E+01  0.1320046E-04
 0.4314314E+01  0.1284994E-04
 0.4334334E+01  0.1192134E-04
 0.4354354E+01  0.1054049E-04
 0.4374374E+01  0.8881967E-05
 0.4394394E+01  0.7132954E-05
 0.4414414E+01  0.5459361E-05
 0.4434434E+01  0.3982229E-05
 0.4454454E+01  0.2768362E-05
 0.4474474E+01  0.1834136E-05
 0.4494494E+01  0.1158116E-05
 0.4514515E+01  0.6969225E-06
 0.4534535E+01  0.3996947E-06
 0.4554555E+01  0.2184655E-06
 0.4574575E+01  0.1138012E-06
 0.4594595E+01  0.5649600E-07
 0.4614615E+01  0.2672987E-07
 0.4634635E+01  0.1205327E-07
 0.4654655E+01  0.5181462E-08
 0.4674675E+01  0.2125787E-08
 0.4694695E+01  0.8360965E-09
 0.4714715E+01  0.3211541E-09
 0.4734735E+01  0.1303778E-09
 0.4754755E+01  0.7376489E-10
 0.4774775E+01  0.8372914E-10
 0.4794795E+01  0.1560161E-09
 0.4814815E+01  0.3344565E-09
 0.4834835E+01  0.7229172E-09
 0.4854855E+01  0.1518121E-08
 0.4874875E+01  0.3060324E-08
 0.4894895E+01  0.5895858E-08
 0.4914915E+01  0.1083688E-07
 0.4934935E+01  0.1899118E-07
 0.4954955E+01  0.3172341E-07
 0.4974975E+01  0.5050628E-07
 0.4994995E+01  0.7663598E-07
 0.5015015E+01  0.1108245E-06
 0.5035035E+01  0.1527398E-06
 0.5055055E+01  0.2006233E-06
 0.5075075E+01  0.2511440E-06
 0.5095095E+01  0.2996238E-06
 0.5115115E+01  0.3406764E-06
 0.5135135E+01  0.3691644E-06
 0.5155155E+01  0.3812499E-06
 0.5175175E+01  0.3752423E-06
 0.5195195E+01  0.3519865E-06
 0.5215215E+01  0.3146677E-06
 0.5235235E+01  0.2680962E-06
 0.5255255E+01  0.2176913E-06
 0.5275275E+01  0.1684627E-06
 0.5295295E+01  0.1242448E-06
 0.5315315E+01  0.8733035E-07
 0.5335335E+01  0.5850112E-07
 0.5355355E+01  0.3734869E-07
 0.5375375E+01  0.2272475E-07
 0.5395395E+01  0.1317759E-07
 0.5415415E+01  0.7282634E-08
 0.5435435E+01  0.3835865E-08
 0.5455455E+01  0.1925666E-08
 0.5475475E+01  0.9215128E-09
 0.5495495E+01  0.4205350E-09
 0.5515516E+01  0.1832331E-09
 0.5535536E+01  0.7649386E-10
 0.5555556E+01  0.3090734E-10
 0.5715716E+01  0.2563673E-10
 0.5735736E+01  0.5192137E-10
 0.5755756E+01  0.1011166E-09
 0.5775776E+01  0.1882806E-09
 0.5795796E+01  0.3345021E-09
 0.5815816E+01  0.5666064E-09
 0.5835836E+01  0.9148271E-09
 0.5855856E+01  0.1407767E-08
 0.5875876E+01  0.2064633E-08
 0.5895896E+01  0.2885822E-08
 0.5915916E+01  0.3844230E-08
 0.5935936E+01  0.4880470E-08
 0.5955956E+01  0.5905085E-08
 0.5975976E+01  0.6809305E-08
 0.5995996E+01  0.7483272E-08
 0.6016016E+01  0.7837769E-08
 0.6036036E+01  0.7823579E-08
 0.6056056E+01  0.7442701E-08
 0.6076076E+01  0.6747887E-08
 0.6096096E+01  0.5830652E-08
 0.6116116E+01  0.4801518E-08
 0.6136136E+01  0.3768358E-08
 0.6156156E+01  0.2818628E-08
 0.6176176E+01  0.2009258E-08
 0.6196196E+01  0.1365041E-08
 0.6216216E+01  0.8838288E-09
 0.6236236E+01  0.5453855E-09
 0.6256256E+01  0.3207403E-09
 0.6276276E+01  0.1797720E-09
 0.6296296E+01  0.9603320E-10
 0.6316316E+01  0.4889721E-10
 0.6336336E+01  0.2373566E-10
 0.6676677E+01  0.2576486E-10
 0.6696697E+01  0.4187665E-10
 0.6716717E+01  0.6486897E-10
 0.6736737E+01  0.9576725E-10
 0.6756757E+01  0.1347442E-09
 0.6776777E+01  0.1806822E-09
 0.6796797E+01  0.2309048E-09
 0.6816817E+01  0.2812306E-09
 0.6836837E+01  0.3264408E-09
 0.6856857E+01  0.3611257E-09
 0.6876877E+01  0.3807364E-09
 0.6896897E+01  0.3825626E-09
 0.6916917E+01  0.3663471E-09
 0.6936937E+01  0.3343452E-09
 0.6956957E+01  0.2908102E-09
 0.6976977E+01  0.2410661E-09
 0.6996997E+01  0.1904473E-09
 0.7017017E+01  0.1433923E-09
 0.7037037E+01  0.1028937E-09
 0.7057057E+01  0.7036618E-10
 0.7077077E+01  0.4586188E-10
 0.7097097E+01  0.2848742E-10
 0.7597598E+01  0.1895212E-10
 0.7617618E+01  0.2655938E-10
 0.7637638E+01  0.3547240E-10
 0.7657658E+01  0.4515184E-10
 0.7677678E+01  0.5477376E-10
 0.7697698E+01  0.6332595E-10
 0.7717718E+01  0.6977552E-10
 0.7737738E+01  0.7327174E-10
 0.7757758E+01  0.7333006E-10
 0.7777778E+01  0.6994227E-10
 0.7797798E+01  0.6357838E-10
 0.7817818E+01  0.5507967E-10
 0.7837838E+01  0.4547632E-10
 0.7857858E+01  0.3578421E-10
 0.7877878E+01  0.2683550E-10
 0.7897898E+01  0.1917961E-10
