 0.1000000E-02  0.7499479E-05  0.1837394E-06  0.7501730E-05
 0.2000000E-02  0.7511335E-05  0.2750884E-06  0.7516371E-05
 0.3000000E-02  0.7525189E-05  0.3657198E-06  0.7534071E-05
 0.4000000E-02  0.7548119E-05  0.4557203E-06  0.7561864E-05
 0.5000000E-02  0.7568792E-05  0.5442482E-06  0.7588334E-05
 0.6000000E-02  0.7602620E-05  0.6321446E-06  0.7628855E-05
 0.7000000E-02  0.7629907E-05  0.7176335E-06  0.7663581E-05
 0.8000000E-02  0.7674378E-05  0.8026877E-06  0.7716242E-05
 0.9000000E-02  0.7708006E-05  0.8842249E-06  0.7758557E-05
 0.1000000E-01  0.7762792E-05  0.9657225E-06  0.7822631E-05
 0.1100000E-01  0.7802418E-05  0.1042425E-05  0.7871745E-05
 0.1200000E-01  0.7867113E-05  0.1119681E-05  0.7946392E-05
 0.1300000E-01  0.7912329E-05  0.1190701E-05  0.8001420E-05
 0.1400000E-01  0.7986460E-05  0.1263067E-05  0.8085721E-05
 0.1500000E-01  0.8036796E-05  0.1327599E-05  0.8145711E-05
 0.1600000E-01  0.8119823E-05  0.1394467E-05  0.8238693E-05
 0.1700000E-01  0.8174750E-05  0.1451753E-05  0.8302658E-05
 0.1800000E-01  0.8266067E-05  0.1512560E-05  0.8403315E-05
 0.1900000E-01  0.8325003E-05  0.1561897E-05  0.8470254E-05
 0.2000000E-01  0.8423948E-05  0.1616133E-05  0.8577574E-05
 0.2100000E-01  0.8486261E-05  0.1656874E-05  0.8646494E-05
 0.2200000E-01  0.8592118E-05  0.1704082E-05  0.8759474E-05
 0.2300000E-01  0.8657133E-05  0.1735645E-05  0.8829406E-05
 0.2400000E-01  0.8769136E-05  0.1775430E-05  0.8947061E-05
 0.2500000E-01  0.8836139E-05  0.1797298E-05  0.9017074E-05
 0.2600000E-01  0.8953482E-05  0.1829325E-05  0.9138450E-05
 0.2700000E-01  0.9021725E-05  0.1841055E-05  0.9207660E-05
 0.2800000E-01  0.9143563E-05  0.1865056E-05  0.9331837E-05
 0.2900000E-01  0.9212275E-05  0.1866276E-05  0.9399414E-05
 0.3000000E-01  0.9337734E-05  0.1882052E-05  0.9525513E-05
 0.3100000E-01  0.9406120E-05  0.1872466E-05  0.9590685E-05
 0.3200000E-01  0.9534301E-05  0.1879888E-05  0.9717864E-05
 0.3300000E-01  0.9601557E-05  0.1859280E-05  0.9779919E-05
 0.3400000E-01  0.9731543E-05  0.1858289E-05  0.9907379E-05
 0.3500000E-01  0.9796856E-05  0.1826521E-05  0.9965670E-05
 0.3600000E-01  0.9927719E-05  0.1817133E-05  0.1009265E-04
 0.3700000E-01  0.9990278E-05  0.1774147E-05  0.1014659E-04
 0.3800000E-01  0.1012109E-04  0.1756448E-05  0.1027237E-04
 0.3900000E-01  0.1018009E-04  0.1702266E-05  0.1032143E-04
 0.4000000E-01  0.1030991E-04  0.1676417E-05  0.1044532E-04
 0.4100000E-01  0.1036456E-04  0.1611140E-05  0.1048904E-04
 0.4200000E-01  0.1049248E-04  0.1577372E-05  0.1061039E-04
 0.4300000E-01  0.1054202E-04  0.1501179E-05  0.1064836E-04
 0.4400000E-01  0.1066713E-04  0.1459793E-05  0.1076655E-04
 0.4500000E-01  0.1071080E-04  0.1372940E-05  0.1079844E-04
 0.4600000E-01  0.1083223E-04  0.1324304E-05  0.1091288E-04
 0.4700000E-01  0.1086933E-04  0.1227120E-05  0.1093838E-04
 0.4800000E-01  0.1098621E-04  0.1171669E-05  0.1104852E-04
 0.4900000E-01  0.1101609E-04  0.1064552E-05  0.1106740E-04
 0.5000000E-01  0.1112761E-04  0.1002782E-05  0.1117270E-04
 0.5100000E-01  0.1114962E-04  0.8861974E-06  0.1118479E-04
 0.5200000E-01  0.1125500E-04  0.8186630E-06  0.1128474E-04
 0.5300000E-01  0.1126860E-04  0.6931397E-06  0.1128990E-04
 0.5400000E-01  0.1136711E-04  0.6204500E-06  0.1138403E-04
 0.5500000E-01  0.1137177E-04  0.4865730E-06  0.1138218E-04
 0.5600000E-01  0.1146272E-04  0.4093865E-06  0.1147003E-04
 0.5700000E-01  0.1145801E-04  0.2677934E-06  0.1146114E-04
 0.5800000E-01  0.1154077E-04  0.1868134E-06  0.1154228E-04
 0.5900000E-01  0.1152630E-04  0.3818827E-07  0.1152636E-04
 0.6000000E-01  0.1160031E-04 -0.4584304E-07  0.1160040E-04
 0.6100000E-01  0.1157577E-04 -0.2007757E-06  0.1157751E-04
 0.6200000E-01  0.1164052E-04 -0.2870826E-06  0.1164405E-04
 0.6300000E-01  0.1160567E-04 -0.4475646E-06  0.1161430E-04
 0.6400000E-01  0.1166071E-04 -0.5353443E-06  0.1167300E-04
 0.6500000E-01  0.1161540E-04 -0.7005905E-06  0.1163651E-04
 0.6600000E-01  0.1166037E-04 -0.7890193E-06  0.1168704E-04
 0.6700000E-01  0.1160452E-04 -0.9582248E-06  0.1164401E-04
 0.6800000E-01  0.1163911E-04 -0.1046465E-05  0.1168606E-04
 0.6900000E-01  0.1157271E-04 -0.1218812E-05  0.1163671E-04
 0.7000000E-01  0.1159669E-04 -0.1306018E-05  0.1167000E-04
 0.7100000E-01  0.1151982E-04 -0.1480685E-05  0.1161459E-04
 0.7200000E-01  0.1153303E-04 -0.1566010E-05  0.1163886E-04
 0.7300000E-01  0.1144586E-04 -0.1742178E-05  0.1157769E-04
 0.7400000E-01  0.1144821E-04 -0.1824782E-05  0.1159273E-04
 0.7500000E-01  0.1135099E-04 -0.2001642E-05  0.1152612E-04
 0.7600000E-01  0.1134245E-04 -0.2080699E-05  0.1153172E-04
 0.7700000E-01  0.1123550E-04 -0.2257460E-05  0.1146005E-04
 0.7800000E-01  0.1121613E-04 -0.2332164E-05  0.1145603E-04
 0.7900000E-01  0.1109986E-04 -0.2508061E-05  0.1137969E-04
 0.8000000E-01  0.1106977E-04 -0.2577632E-05  0.1136592E-04
 0.8100000E-01  0.1094465E-04 -0.2751933E-05  0.1128532E-04
 0.8200000E-01  0.1090403E-04 -0.2815626E-05  0.1126169E-04
 0.8300000E-01  0.1077062E-04 -0.2987641E-05  0.1117731E-04
 0.8400000E-01  0.1071970E-04 -0.3044750E-05  0.1114372E-04
 0.8500000E-01  0.1057862E-04 -0.3213836E-05  0.1105603E-04
 0.8600000E-01  0.1051771E-04 -0.3263701E-05  0.1101244E-04
 0.8700000E-01  0.1036964E-04 -0.3429270E-05  0.1092197E-04
 0.8800000E-01  0.1029909E-04 -0.3471285E-05  0.1086835E-04
 0.8900000E-01  0.1014478E-04 -0.3632808E-05  0.1077561E-04
 0.9000000E-01  0.1006498E-04 -0.3666423E-05  0.1071198E-04
 0.9100000E-01  0.9905237E-05 -0.3823441E-05  0.1061755E-04
 0.9200000E-01  0.9816630E-05 -0.3848170E-05  0.1054394E-04
 0.9300000E-01  0.9652298E-05 -0.4000295E-05  0.1044841E-04
 0.9400000E-01  0.9555358E-05 -0.4015719E-05  0.1036489E-04
 0.9500000E-01  0.9387327E-05 -0.4162642E-05  0.1026886E-04
 0.9600000E-01  0.9282557E-05 -0.4168413E-05  0.1017554E-04
 0.9700000E-01  0.9111749E-05 -0.4309907E-05  0.1007965E-04
 0.9800000E-01  0.8999672E-05 -0.4305753E-05  0.9976653E-05
 0.9900000E-01  0.8827037E-05 -0.4441676E-05  0.9881552E-05
 0.1000000E+00  0.8708188E-05 -0.4427404E-05  0.9769056E-05
 0.1010000E+00  0.8534695E-05 -0.4557705E-05  0.9675417E-05
 0.1020000E+00  0.8409615E-05 -0.4533202E-05  0.9553615E-05
 0.1030000E+00  0.8236241E-05 -0.4657922E-05  0.9462129E-05
 0.1040000E+00  0.8105468E-05 -0.4623157E-05  0.9331248E-05
 0.1050000E+00  0.7933191E-05 -0.4742429E-05  0.9242627E-05
 0.1060000E+00  0.7797249E-05 -0.4697456E-05  0.9102922E-05
 0.1070000E+00  0.7627041E-05 -0.4811511E-05  0.9017893E-05
 0.1080000E+00  0.7486434E-05 -0.4756467E-05  0.8869649E-05
 0.1090000E+00  0.7319248E-05 -0.4865629E-05  0.8788956E-05
 0.1100000E+00  0.7174450E-05 -0.4800735E-05  0.8632485E-05
 0.1110000E+00  0.7011214E-05 -0.4905424E-05  0.8556887E-05
 0.1120000E+00  0.6862657E-05 -0.4830984E-05  0.8392525E-05
 0.1130000E+00  0.6704264E-05 -0.4931712E-05  0.8322797E-05
 0.1140000E+00  0.6552333E-05 -0.4848110E-05  0.8150904E-05
 0.1150000E+00  0.6399630E-05 -0.4945483E-05  0.8087834E-05
 0.1160000E+00  0.6244651E-05 -0.4853181E-05  0.7908794E-05
 0.1170000E+00  0.6098431E-05 -0.4947891E-05  0.7853183E-05
 0.1180000E+00  0.5940661E-05 -0.4847428E-05  0.7667399E-05
 0.1190000E+00  0.5801655E-05 -0.4940252E-05  0.7620058E-05
 0.1200000E+00  0.5641276E-05 -0.4832234E-05  0.7427953E-05
 0.1210000E+00  0.5510141E-05 -0.4924030E-05  0.7389704E-05
 0.1220000E+00  0.5347250E-05 -0.4809132E-05  0.7191719E-05
 0.1230000E+00  0.5224563E-05 -0.4900830E-05  0.7163393E-05
 0.1240000E+00  0.5059159E-05 -0.4779786E-05  0.6959989E-05
 0.1250000E+00  0.4945410E-05 -0.4872385E-05  0.6942421E-05
 0.1260000E+00  0.4777391E-05 -0.4745982E-05  0.6734078E-05
 0.1270000E+00  0.4672969E-05 -0.4840543E-05  0.6728112E-05
 0.1280000E+00  0.4502123E-05 -0.4709615E-05  0.6515335E-05
 0.1290000E+00  0.4407316E-05 -0.4807248E-05  0.6521815E-05
 0.1300000E+00  0.4233311E-05 -0.4672670E-05  0.6305138E-05
 0.1310000E+00  0.4148293E-05 -0.4774530E-05  0.6324909E-05
 0.1320000E+00  0.3970671E-05 -0.4637204E-05  0.6104907E-05
 0.1330000E+00  0.3895500E-05 -0.4744481E-05  0.6138813E-05
 0.1340000E+00  0.3713672E-05 -0.4605333E-05  0.5916118E-05
 0.1350000E+00  0.3648282E-05 -0.4719240E-05  0.5964997E-05
 0.1360000E+00  0.3461519E-05 -0.4579205E-05  0.5740316E-05
 0.1370000E+00  0.3405714E-05 -0.4700968E-05  0.5804997E-05
 0.1380000E+00  0.3213145E-05 -0.4560984E-05  0.5579147E-05
 0.1390000E+00  0.3166597E-05 -0.4691831E-05  0.5660443E-05
 0.1400000E+00  0.2967204E-05 -0.4552825E-05  0.5434382E-05
 0.1410000E+00  0.2929448E-05 -0.4693972E-05  0.5533085E-05
 0.1420000E+00  0.2722058E-05 -0.4556850E-05  0.5307964E-05
 0.1430000E+00  0.2692490E-05 -0.4709489E-05  0.5424831E-05
 0.1440000E+00  0.2475778E-05 -0.4575127E-05  0.5202044E-05
 0.1450000E+00  0.2453652E-05 -0.4740415E-05  0.5337784E-05
 0.1460000E+00  0.2226136E-05 -0.4609638E-05  0.5119028E-05
 0.1470000E+00  0.2210565E-05 -0.4788681E-05  0.5274284E-05
 0.1480000E+00  0.1970604E-05 -0.4662263E-05  0.5061618E-05
 0.1490000E+00  0.1960559E-05 -0.4856103E-05  0.5236938E-05
 0.1500000E+00  0.1706355E-05 -0.4734742E-05  0.5032836E-05
 0.1510000E+00  0.1700663E-05 -0.4944343E-05  0.5228650E-05
 0.1520000E+00  0.1430262E-05 -0.4828658E-05  0.5036029E-05
 0.1530000E+00  0.1427614E-05 -0.5054891E-05  0.5252619E-05
 0.1540000E+00  0.1138906E-05 -0.4945400E-05  0.5074849E-05
 0.1550000E+00  0.1137854E-05 -0.5189031E-05  0.5312321E-05
 0.1560000E+00  0.8285772E-06 -0.5086144E-05  0.5153194E-05
 0.1570000E+00  0.8275415E-06 -0.5347818E-05  0.5411467E-05
 0.1580000E+00  0.4952873E-06 -0.5251821E-05  0.5275124E-05
 0.1590000E+00  0.4925608E-06 -0.5532045E-05  0.5553930E-05
 0.1600000E+00  0.1347773E-06 -0.5443088E-05  0.5444756E-05
 0.1610000E+00  0.1285310E-06 -0.5742222E-05  0.5743661E-05
 0.1620000E+00 -0.2574689E-06 -0.5660302E-05  0.5666155E-05
 0.1630000E+00 -0.2691787E-06 -0.5978544E-05  0.5984600E-05
 0.1640000E+00 -0.6862106E-06 -0.5903494E-05  0.5943242E-05
 0.1650000E+00 -0.7054344E-06 -0.6240862E-05  0.6280605E-05
 0.1660000E+00 -0.1156433E-05 -0.6172342E-05  0.6279740E-05
 0.1670000E+00 -0.1185319E-05 -0.6528665E-05  0.6635394E-05
 0.1680000E+00 -0.1673329E-05 -0.6466141E-05  0.6679147E-05
 0.1690000E+00 -0.1714112E-05 -0.6841048E-05  0.7052526E-05
 0.1700000E+00 -0.2242276E-05 -0.6783785E-05  0.7144756E-05
 0.1710000E+00 -0.2297270E-05 -0.7176687E-05  0.7535402E-05
 0.1720000E+00 -0.2868816E-05 -0.7123736E-05  0.7679696E-05
 0.1730000E+00 -0.2940397E-05 -0.7533820E-05  0.8087298E-05
 0.1740000E+00 -0.3558626E-05 -0.7484007E-05  0.8286988E-05
 0.1750000E+00 -0.3649223E-05 -0.7910223E-05  0.8711398E-05
 0.1760000E+00 -0.4317494E-05 -0.7862134E-05  0.8969610E-05
 0.1770000E+00 -0.4429574E-05 -0.8303186E-05  0.9410846E-05
 0.1780000E+00 -0.5151287E-05 -0.8255161E-05  0.9730542E-05
 0.1790000E+00 -0.5287342E-05 -0.8709499E-05  0.1018879E-04
 0.1800000E+00 -0.6065923E-05 -0.8659619E-05  0.1057282E-04
 0.1810000E+00 -0.6228451E-05 -0.9125430E-05  0.1104840E-04
 0.1820000E+00 -0.7067332E-05 -0.9071510E-05  0.1149954E-04
 0.1830000E+00 -0.7258826E-05 -0.9546712E-05  0.1199293E-04
 0.1840000E+00 -0.8161428E-05 -0.9486290E-05  0.1251394E-04
 0.1850000E+00 -0.8384354E-05 -0.9968528E-05  0.1302570E-04
 0.1860000E+00 -0.9354066E-05 -0.9898858E-05  0.1361932E-04
 0.1870000E+00 -0.9610850E-05 -0.1038550E-04  0.1415016E-04
 0.1880000E+00 -0.1065101E-04 -0.1030354E-04  0.1481914E-04
 0.1890000E+00 -0.1094401E-04 -0.1079167E-04  0.1536983E-04
 0.1900000E+00 -0.1205788E-04 -0.1069410E-04  0.1611696E-04
 0.1910000E+00 -0.1238940E-04 -0.1118052E-04  0.1668835E-04
 0.1920000E+00 -0.1358014E-04 -0.1106370E-04  0.1751644E-04
 0.1930000E+00 -0.1395235E-04 -0.1154494E-04  0.1810949E-04
 0.1940000E+00 -0.1522302E-04 -0.1140492E-04  0.1902137E-04
 0.1950000E+00 -0.1563799E-04 -0.1187722E-04  0.1963708E-04
 0.1960000E+00 -0.1699149E-04 -0.1170976E-04  0.2063563E-04
 0.1970000E+00 -0.1745116E-04 -0.1216908E-04  0.2127509E-04
 0.1980000E+00 -0.1889022E-04 -0.1196963E-04  0.2236319E-04
 0.1990000E+00 -0.1939637E-04 -0.1241167E-04  0.2302756E-04
 0.2000000E+00 -0.2092354E-04 -0.1217534E-04  0.2420813E-04
 0.2010000E+00 -0.2147776E-04 -0.1259555E-04  0.2489863E-04
 0.2020000E+00 -0.2309537E-04 -0.1231716E-04  0.2617458E-04
 0.2030000E+00 -0.2369905E-04 -0.1271070E-04  0.2689251E-04
 0.2040000E+00 -0.2540919E-04 -0.1238476E-04  0.2826675E-04
 0.2050000E+00 -0.2606352E-04 -0.1274658E-04  0.2901348E-04
 0.2060000E+00 -0.2786801E-04 -0.1236728E-04  0.3048894E-04
 0.2070000E+00 -0.2857391E-04 -0.1269207E-04  0.3126591E-04
 0.2080000E+00 -0.3047429E-04 -0.1225333E-04  0.3284549E-04
 0.2090000E+00 -0.3123244E-04 -0.1253558E-04  0.3365422E-04
 0.2100000E+00 -0.3322991E-04 -0.1203098E-04  0.3534079E-04
 0.2110000E+00 -0.3404071E-04 -0.1226497E-04  0.3618286E-04
 0.2120000E+00 -0.3613614E-04 -0.1168783E-04  0.3797929E-04
 0.2130000E+00 -0.3699968E-04 -0.1186766E-04  0.3885637E-04
 0.2140000E+00 -0.3919358E-04 -0.1121100E-04  0.4076547E-04
 0.2150000E+00 -0.4010961E-04 -0.1133059E-04  0.4167929E-04
 0.2160000E+00 -0.4240211E-04 -0.1058718E-04  0.4370386E-04
 0.2170000E+00 -0.4337005E-04 -0.1064033E-04  0.4465622E-04
 0.2180000E+00 -0.4576085E-04 -0.9802661E-05  0.4679901E-04
 0.2190000E+00 -0.4677975E-04 -0.9783024E-05  0.4779176E-04
 0.2200000E+00 -0.4926812E-04 -0.8843345E-05  0.5005549E-04
 0.2210000E+00 -0.5033666E-04 -0.8744489E-05  0.5109056E-04
 0.2220000E+00 -0.5292141E-04 -0.7694818E-05  0.5347791E-04
 0.2230000E+00 -0.5403786E-04 -0.7510234E-05  0.5455725E-04
 0.2240000E+00 -0.5671734E-04 -0.6342372E-05  0.5707085E-04
 0.2250000E+00 -0.5787953E-04 -0.6065507E-05  0.5819648E-04
 0.2260000E+00 -0.6065159E-04 -0.4771055E-05  0.6083895E-04
 0.2270000E+00 -0.6185692E-04 -0.4395338E-05  0.6201288E-04
 0.2280000E+00 -0.6471890E-04 -0.2965718E-05  0.6478681E-04
 0.2290000E+00 -0.6596431E-04 -0.2484590E-05  0.6601109E-04
 0.2300000E+00 -0.6891302E-04 -0.9110658E-06  0.6891904E-04
 0.2310000E+00 -0.7019499E-04 -0.3180136E-06  0.7019571E-04
 0.2320000E+00 -0.7322669E-04  0.1408288E-05  0.7324023E-04
 0.2330000E+00 -0.7454120E-04  0.2119705E-05  0.7457133E-04
 0.2340000E+00 -0.7765160E-04  0.4007767E-05  0.7775496E-04
 0.2350000E+00 -0.7899411E-04  0.4843879E-05  0.7914248E-04
 0.2360000E+00 -0.8217837E-04  0.6902770E-05  0.8246777E-04
 0.2370000E+00 -0.8354383E-04  0.7869768E-05  0.8391368E-04
 0.2380000E+00 -0.8679653E-04  0.1010861E-04  0.8738319E-04
 0.2390000E+00 -0.8817935E-04  0.1121251E-04  0.8888936E-04
 0.2400000E+00 -0.9149449E-04  0.1364046E-04  0.9250569E-04
 0.2410000E+00 -0.9288854E-04  0.1488707E-04  0.9407394E-04
 0.2420000E+00 -0.9625952E-04  0.1751326E-04  0.9783972E-04
 0.2430000E+00 -0.9765811E-04  0.1890814E-04  0.9947173E-04
 0.2440000E+00 -0.1010778E-03  0.2174169E-04  0.1033896E-03
 0.2450000E+00 -0.1024736E-03  0.2329012E-04  0.1050870E-03
 0.2460000E+00 -0.1059342E-03  0.2634005E-04  0.1091598E-03
 0.2470000E+00 -0.1073195E-03  0.2804701E-04  0.1109239E-03
 0.2480000E+00 -0.1108127E-03  0.3132224E-04  0.1151544E-03
 0.2490000E+00 -0.1121790E-03  0.3319236E-04  0.1169866E-03
 0.2500000E+00 -0.1156958E-03  0.3670165E-04  0.1213776E-03
 0.2510000E+00 -0.1170342E-03  0.3873916E-04  0.1232790E-03
 0.2520000E+00 -0.1205651E-03  0.4249109E-04  0.1278337E-03
 0.2530000E+00 -0.1218659E-03  0.4469984E-04  0.1298051E-03
 0.2540000E+00 -0.1254010E-03  0.4870274E-04  0.1345264E-03
 0.2550000E+00 -0.1266540E-03  0.5108610E-04  0.1365687E-03
 0.2560000E+00 -0.1301825E-03  0.5534802E-04  0.1414599E-03
 0.2570000E+00 -0.1313770E-03  0.5790893E-04  0.1435735E-03
 0.2580000E+00 -0.1348879E-03  0.6243759E-04  0.1486378E-03
 0.2590000E+00 -0.1360124E-03  0.6517845E-04  0.1508231E-03
 0.2600000E+00 -0.1394940E-03  0.6998119E-04  0.1560639E-03
 0.2610000E+00 -0.1405366E-03  0.7290388E-04  0.1583209E-03
 0.2620000E+00 -0.1439767E-03  0.7798762E-04  0.1637418E-03
 0.2630000E+00 -0.1449249E-03  0.8109348E-04  0.1660704E-03
 0.2640000E+00 -0.1483109E-03  0.8646464E-04  0.1716749E-03
 0.2650000E+00 -0.1491515E-03  0.8975441E-04  0.1740748E-03
 0.2660000E+00 -0.1524703E-03  0.9541890E-04  0.1798665E-03
 0.2670000E+00 -0.1531896E-03  0.9889273E-04  0.1823372E-03
 0.2680000E+00 -0.1564278E-03  0.1048558E-03  0.1883199E-03
 0.2690000E+00 -0.1570116E-03  0.1085133E-03  0.1908606E-03
 0.2700000E+00 -0.1601550E-03  0.1147797E-03  0.1970381E-03
 0.2710000E+00 -0.1605887E-03  0.1186196E-03  0.1996480E-03
 0.2720000E+00 -0.1636231E-03  0.1251932E-03  0.2060239E-03
 0.2730000E+00 -0.1638913E-03  0.1292138E-03  0.2087021E-03
 0.2740000E+00 -0.1668021E-03  0.1360979E-03  0.2152802E-03
 0.2750000E+00 -0.1668891E-03  0.1402968E-03  0.2180256E-03
 0.2760000E+00 -0.1696612E-03  0.1474936E-03  0.2248095E-03
 0.2770000E+00 -0.1695510E-03  0.1518678E-03  0.2276211E-03
 0.2780000E+00 -0.1721691E-03  0.1593788E-03  0.2346142E-03
 0.2790000E+00 -0.1718450E-03  0.1639245E-03  0.2374909E-03
 0.2800000E+00 -0.1742936E-03  0.1717503E-03  0.2446966E-03
 0.2810000E+00 -0.1737386E-03  0.1764629E-03  0.2476374E-03
 0.2820000E+00 -0.1760019E-03  0.1846030E-03  0.2550587E-03
 0.2830000E+00 -0.1751988E-03  0.1894775E-03  0.2580627E-03
 0.2840000E+00 -0.1772609E-03  0.1979303E-03  0.2657025E-03
 0.2850000E+00 -0.1761921E-03  0.2029610E-03  0.2687691E-03
 0.2860000E+00 -0.1780367E-03  0.2117238E-03  0.2766298E-03
 0.2870000E+00 -0.1766845E-03  0.2169041E-03  0.2797585E-03
 0.2880000E+00 -0.1782954E-03  0.2259730E-03  0.2878421E-03
 0.2890000E+00 -0.1766417E-03  0.2312958E-03  0.2910328E-03
 0.2900000E+00 -0.1780025E-03  0.2406657E-03  0.2993408E-03
 0.2910000E+00 -0.1760293E-03  0.2461234E-03  0.3025938E-03
 0.2920000E+00 -0.1771235E-03  0.2557877E-03  0.3111271E-03
 0.2930000E+00 -0.1748125E-03  0.2613717E-03  0.3144433E-03
 0.2940000E+00 -0.1756236E-03  0.2713228E-03  0.3232023E-03
 0.2950000E+00 -0.1729568E-03  0.2770242E-03  0.3265830E-03
 0.2960000E+00 -0.1734682E-03  0.2872526E-03  0.3355671E-03
 0.2970000E+00 -0.1704275E-03  0.2930618E-03  0.3390144E-03
 0.2980000E+00 -0.1706226E-03  0.3035568E-03  0.3482224E-03
 0.2990000E+00 -0.1671902E-03  0.3094637E-03  0.3517390E-03
 0.3000000E+00 -0.1670525E-03  0.3202131E-03  0.3611689E-03
 0.3010000E+00 -0.1632107E-03  0.3262068E-03  0.3647583E-03
 0.3020000E+00 -0.1627237E-03  0.3371967E-03  0.3744070E-03
 0.3030000E+00 -0.1584553E-03  0.3432661E-03  0.3780737E-03
 0.3040000E+00 -0.1576025E-03  0.3544809E-03  0.3879372E-03
 0.3050000E+00 -0.1528906E-03  0.3606144E-03  0.3916865E-03
 0.3060000E+00 -0.1516556E-03  0.3720370E-03  0.4017598E-03
 0.3070000E+00 -0.1464840E-03  0.3782223E-03  0.4055980E-03
 0.3080000E+00 -0.1448506E-03  0.3898338E-03  0.4158751E-03
 0.3090000E+00 -0.1392037E-03  0.3960584E-03  0.4198094E-03
 0.3100000E+00 -0.1371555E-03  0.4078382E-03  0.4302832E-03
 0.3110000E+00 -0.1310184E-03  0.4140891E-03  0.4343220E-03
 0.3120000E+00 -0.1285393E-03  0.4260147E-03  0.4449842E-03
 0.3130000E+00 -0.1218982E-03  0.4322786E-03  0.4491369E-03
 0.3140000E+00 -0.1189722E-03  0.4443260E-03  0.4599782E-03
 0.3150000E+00 -0.1118139E-03  0.4505892E-03  0.4642553E-03
 0.3160000E+00 -0.1084250E-03  0.4627324E-03  0.4752654E-03
 0.3170000E+00 -0.1007379E-03  0.4689810E-03  0.4796783E-03
 0.3180000E+00 -0.9687013E-04  0.4811921E-03  0.4908459E-03
 0.3190000E+00 -0.8864352E-04  0.4874120E-03  0.4954070E-03
 0.3200000E+00 -0.8428120E-04  0.4996614E-03  0.5067197E-03
 0.3210000E+00 -0.7550591E-04  0.5058381E-03  0.5114424E-03
 0.3220000E+00 -0.7063326E-04  0.5180946E-03  0.5228872E-03
 0.3230000E+00 -0.6130161E-04  0.5242135E-03  0.5277857E-03
 0.3240000E+00 -0.5590294E-04  0.5364438E-03  0.5393487E-03
 0.3250000E+00 -0.4600891E-04  0.5424903E-03  0.5444378E-03
 0.3260000E+00 -0.4006856E-04  0.5546593E-03  0.5561047E-03
 0.3270000E+00 -0.2960790E-04  0.5606186E-03  0.5613999E-03
 0.3280000E+00 -0.2311024E-04  0.5726896E-03  0.5731557E-03
 0.3290000E+00 -0.1208064E-04  0.5785468E-03  0.5786729E-03
 0.3300000E+00 -0.5010008E-05  0.5904814E-03  0.5905026E-03
 0.3310000E+00  0.6588753E-05  0.5962215E-03  0.5962579E-03
 0.3320000E+00  0.1424806E-04  0.6079795E-03  0.6081464E-03
 0.3330000E+00  0.2641401E-04  0.6135876E-03  0.6141559E-03
 0.3340000E+00  0.3467774E-04  0.6251273E-03  0.6260884E-03
 0.3350000E+00  0.4740655E-04  0.6305885E-03  0.6323679E-03
 0.3360000E+00  0.5629058E-04  0.6418666E-03  0.6443301E-03
 0.3370000E+00  0.6957541E-04  0.6471659E-03  0.6508951E-03
 0.3380000E+00  0.7909573E-04  0.6581375E-03  0.6628734E-03
 0.3390000E+00  0.9292713E-04  0.6632602E-03  0.6697384E-03
 0.3400000E+00  0.1030999E-03  0.6738791E-03  0.6817203E-03
 0.3410000E+00  0.1174656E-03  0.6788105E-03  0.6888990E-03
 0.3420000E+00  0.1283072E-03  0.6890290E-03  0.7008735E-03
 0.3430000E+00  0.1431921E-03  0.6937545E-03  0.7083779E-03
 0.3440000E+00  0.1547192E-03  0.7035238E-03  0.7203359E-03
 0.3450000E+00  0.1701051E-03  0.7080289E-03  0.7281763E-03
 0.3460000E+00  0.1823345E-03  0.7172990E-03  0.7401106E-03
 0.3470000E+00  0.1982000E-03  0.7215695E-03  0.7482952E-03
 0.3480000E+00  0.2111491E-03  0.7302893E-03  0.7602016E-03
 0.3490000E+00  0.2274695E-03  0.7343110E-03  0.7687359E-03
 0.3500000E+00  0.2411558E-03  0.7424287E-03  0.7806129E-03
 0.3510000E+00  0.2579030E-03  0.7461875E-03  0.7894997E-03
 0.3520000E+00  0.2723447E-03  0.7536503E-03  0.8013491E-03
 0.3530000E+00  0.2894871E-03  0.7571326E-03  0.8105877E-03
 0.3540000E+00  0.3047026E-03  0.7638870E-03  0.8224153E-03
 0.3550000E+00  0.3222049E-03  0.7670791E-03  0.8320015E-03
 0.3560000E+00  0.3382133E-03  0.7730713E-03  0.8438172E-03
 0.3570000E+00  0.3560364E-03  0.7759600E-03  0.8537422E-03
 0.3580000E+00  0.3728573E-03  0.7811355E-03  0.8655606E-03
 0.3590000E+00  0.3909583E-03  0.7837075E-03  0.8758115E-03
 0.3600000E+00  0.4086119E-03  0.7880118E-03  0.8876521E-03
 0.3610000E+00  0.4269439E-03  0.7902543E-03  0.8982110E-03
 0.3620000E+00  0.4454511E-03  0.7936328E-03  0.9100988E-03
 0.3630000E+00  0.4639633E-03  0.7955330E-03  0.9209422E-03
 0.3640000E+00  0.4833455E-03  0.7979312E-03  0.9329079E-03
 0.3650000E+00  0.5019828E-03  0.7994765E-03  0.9440071E-03
 0.3660000E+00  0.5222625E-03  0.8008402E-03  0.9560874E-03
 0.3670000E+00  0.5409657E-03  0.8020182E-03  0.9674074E-03
 0.3680000E+00  0.5621660E-03  0.8022936E-03  0.9796456E-03
 0.3690000E+00  0.5808717E-03  0.8030922E-03  0.9911453E-03
 0.3700000E+00  0.6030165E-03  0.8022261E-03  0.1003591E-02
 0.3710000E+00  0.6216568E-03  0.8026334E-03  0.1015223E-02
 0.3720000E+00  0.6447709E-03  0.8005734E-03  0.1027933E-02
 0.3730000E+00  0.6632738E-03  0.8005776E-03  0.1039643E-02
 0.3740000E+00  0.6873831E-03  0.7972723E-03  0.1052682E-02
 0.3750000E+00  0.7056720E-03  0.7968618E-03  0.1064407E-02
 0.3760000E+00  0.7308033E-03  0.7922610E-03  0.1077846E-02
 0.3770000E+00  0.7487974E-03  0.7914243E-03  0.1089518E-02
 0.3780000E+00  0.7749783E-03  0.7854792E-03  0.1103435E-02
 0.3790000E+00  0.7925922E-03  0.7842050E-03  0.1114980E-02
 0.3800000E+00  0.8198517E-03  0.7768684E-03  0.1129461E-02
 0.3810000E+00  0.8369957E-03  0.7751454E-03  0.1140794E-02
 0.3820000E+00  0.8653636E-03  0.7663718E-03  0.1155932E-02
 0.3830000E+00  0.8819435E-03  0.7641888E-03  0.1166966E-02
 0.3840000E+00  0.9114510E-03  0.7539348E-03  0.1182861E-02
 0.3850000E+00  0.9273682E-03  0.7512808E-03  0.1193497E-02
 0.3860000E+00  0.9580475E-03  0.7395050E-03  0.1210257E-02
 0.3870000E+00  0.9731990E-03  0.7363689E-03  0.1220391E-02
 0.3880000E+00  0.1005084E-02  0.7230324E-03  0.1238131E-02
 0.3890000E+00  0.1019362E-02  0.7194033E-03  0.1247654E-02
 0.3900000E+00  0.1052487E-02  0.7044697E-03  0.1266494E-02
 0.3910000E+00  0.1065781E-02  0.7003365E-03  0.1275288E-02
 0.3920000E+00  0.1100182E-02  0.6837722E-03  0.1295355E-02
 0.3930000E+00  0.1112374E-02  0.6791239E-03  0.1303298E-02
 0.3940000E+00  0.1148089E-02  0.6608983E-03  0.1324725E-02
 0.3950000E+00  0.1159061E-02  0.6557238E-03  0.1331689E-02
 0.3960000E+00  0.1196128E-02  0.6358094E-03  0.1354613E-02
 0.3970000E+00  0.1205755E-02  0.6300975E-03  0.1360466E-02
 0.3980000E+00  0.1244215E-02  0.6084702E-03  0.1385029E-02
 0.3990000E+00  0.1252368E-02  0.6022096E-03  0.1389634E-02
 0.4000000E+00  0.1292262E-02  0.5788487E-03  0.1415983E-02
 0.4010000E+00  0.1298809E-02  0.5720280E-03  0.1419198E-02
 0.4020000E+00  0.1340181E-02  0.5469168E-03  0.1447481E-02
 0.4030000E+00  0.1344986E-02  0.5395243E-03  0.1449163E-02
 0.4040000E+00  0.1387880E-02  0.5126497E-03  0.1479533E-02
 0.4050000E+00  0.1390803E-02  0.5046736E-03  0.1479537E-02
 0.4060000E+00  0.1435265E-02  0.4760268E-03  0.1512146E-02
 0.4070000E+00  0.1436162E-02  0.4674549E-03  0.1510323E-02
 0.4080000E+00  0.1482240E-02  0.4370313E-03  0.1545326E-02
 0.4090000E+00  0.1480965E-02  0.4278513E-03  0.1541530E-02
 0.4100000E+00  0.1528708E-02  0.3956508E-03  0.1579078E-02
 0.4110000E+00  0.1525110E-02  0.3858498E-03  0.1573162E-02
 0.4120000E+00  0.1574570E-02  0.3518767E-03  0.1613408E-02
 0.4130000E+00  0.1568494E-02  0.3414417E-03  0.1605227E-02
 0.4140000E+00  0.1619723E-02  0.3057053E-03  0.1648320E-02
 0.4150000E+00  0.1611013E-02  0.2946225E-03  0.1637731E-02
 0.4160000E+00  0.1664066E-02  0.2571370E-03  0.1683816E-02
 0.4170000E+00  0.1652562E-02  0.2453925E-03  0.1670682E-02
 0.4180000E+00  0.1707495E-02  0.2061769E-03  0.1719898E-02
 0.4190000E+00  0.1693034E-02  0.1937560E-03  0.1704084E-02
 0.4200000E+00  0.1749905E-02  0.1528348E-03  0.1756567E-02
 0.4210000E+00  0.1732321E-02  0.1397224E-03  0.1737947E-02
 0.4220000E+00  0.1791191E-02  0.9712523E-04  0.1793822E-02
 0.4230000E+00  0.1770317E-02  0.8330559E-04  0.1772276E-02
 0.4240000E+00  0.1831246E-02  0.3906756E-04  0.1831663E-02
 0.4250000E+00  0.1806912E-02  0.2452414E-04  0.1807078E-02
 0.4260000E+00  0.1869964E-02 -0.2131396E-04  0.1870085E-02
 0.4270000E+00  0.1841997E-02 -0.3659840E-04  0.1842361E-02
 0.4280000E+00  0.1907238E-02 -0.8399015E-04  0.1909086E-02
 0.4290000E+00  0.1875464E-02 -0.1000336E-03  0.1878130E-02
 0.4300000E+00  0.1942961E-02 -0.1489268E-03  0.1948660E-02
 0.4310000E+00  0.1907204E-02 -0.1657482E-03  0.1914393E-02
 0.4320000E+00  0.1977026E-02 -0.2160848E-03  0.1988800E-02
 0.4330000E+00  0.1937109E-02 -0.2337039E-03  0.1951156E-02
 0.4340000E+00  0.2009327E-02 -0.2854198E-03  0.2029497E-02
 0.4350000E+00  0.1965071E-02 -0.3038574E-03  0.1988425E-02
 0.4360000E+00  0.2039759E-02 -0.3568826E-03  0.2070744E-02
 0.4370000E+00  0.1990984E-02 -0.3761606E-03  0.2026207E-02
 0.4380000E+00  0.2068216E-02 -0.4304187E-03  0.2112529E-02
 0.4390000E+00  0.2014742E-02 -0.4505600E-03  0.2064507E-02
 0.4400000E+00  0.2094595E-02 -0.5059689E-03  0.2154840E-02
 0.4410000E+00  0.2036240E-02 -0.5269976E-03  0.2103331E-02
 0.4420000E+00  0.2118794E-02 -0.5834686E-03  0.2197664E-02
 0.4430000E+00  0.2055376E-02 -0.6054101E-03  0.2142684E-02
 0.4440000E+00  0.2140712E-02 -0.6628484E-03  0.2240986E-02
 0.4450000E+00  0.2072049E-02 -0.6857294E-03  0.2182570E-02
 0.4460000E+00  0.2160250E-02 -0.7440340E-03  0.2284790E-02
 0.4470000E+00  0.2086159E-02 -0.7678827E-03  0.2222995E-02
 0.4480000E+00  0.2177311E-02 -0.8269462E-03  0.2329061E-02
 0.4490000E+00  0.2097610E-02 -0.8517919E-03  0.2263961E-02
 0.4500000E+00  0.2191800E-02 -0.9115007E-03  0.2373778E-02
 0.4510000E+00  0.2106308E-02 -0.9373747E-03  0.2305472E-02
 0.4520000E+00  0.2203624E-02 -0.9976089E-03  0.2418922E-02
 0.4530000E+00  0.2112159E-02 -0.1024544E-02  0.2347532E-02
 0.4540000E+00  0.2212695E-02 -0.1085177E-02  0.2464473E-02
 0.4550000E+00  0.2115077E-02 -0.1113207E-02  0.2390142E-02
 0.4560000E+00  0.2218925E-02 -0.1174107E-02  0.2510409E-02
 0.4570000E+00  0.2114974E-02 -0.1203269E-02  0.2433304E-02
 0.4580000E+00  0.2222230E-02 -0.1264297E-02  0.2556708E-02
 0.4590000E+00  0.2111768E-02 -0.1294628E-02  0.2477019E-02
 0.4600000E+00  0.2222531E-02 -0.1355639E-02  0.2603344E-02
 0.4610000E+00  0.2105381E-02 -0.1387179E-02  0.2521288E-02
 0.4620000E+00  0.2219750E-02 -0.1448023E-02  0.2650294E-02
 0.4630000E+00  0.2095736E-02 -0.1480814E-02  0.2566110E-02
 0.4640000E+00  0.2213814E-02 -0.1541334E-02  0.2697532E-02
 0.4650000E+00  0.2082763E-02 -0.1575419E-02  0.2611484E-02
 0.4660000E+00  0.2204654E-02 -0.1635452E-02  0.2745032E-02
 0.4670000E+00  0.2066395E-02 -0.1670877E-02  0.2657408E-02
 0.4680000E+00  0.2192205E-02 -0.1730255E-02  0.2792766E-02
 0.4690000E+00  0.2046567E-02 -0.1767068E-02  0.2703880E-02
 0.4700000E+00  0.2176406E-02 -0.1825616E-02  0.2840707E-02
 0.4710000E+00  0.2023223E-02 -0.1863868E-02  0.2750897E-02
 0.4720000E+00  0.2157201E-02 -0.1921406E-02  0.2888826E-02
 0.4730000E+00  0.1996307E-02 -0.1961149E-02  0.2798454E-02
 0.4740000E+00  0.2134538E-02 -0.2017493E-02  0.2937095E-02
 0.4750000E+00  0.1965770E-02 -0.2058781E-02  0.2846548E-02
 0.4760000E+00  0.2108370E-02 -0.2113739E-02  0.2985484E-02
 0.4770000E+00  0.1931569E-02 -0.2156631E-02  0.2895171E-02
 0.4780000E+00  0.2078656E-02 -0.2210007E-02  0.3033964E-02
 0.4790000E+00  0.1893664E-02 -0.2254561E-02  0.2944318E-02
 0.4800000E+00  0.2045358E-02 -0.2306155E-02  0.3082505E-02
 0.4810000E+00  0.1852021E-02 -0.2352434E-02  0.2993982E-02
 0.4820000E+00  0.2008445E-02 -0.2402039E-02  0.3131077E-02
 0.4830000E+00  0.1806612E-02 -0.2450109E-02  0.3044155E-02
 0.4840000E+00  0.1967891E-02 -0.2497515E-02  0.3179650E-02
 0.4850000E+00  0.1757413E-02 -0.2547442E-02  0.3094828E-02
 0.4860000E+00  0.1923675E-02 -0.2592434E-02  0.3228194E-02
 0.4870000E+00  0.1704406E-02 -0.2644289E-02  0.3145991E-02
 0.4880000E+00  0.1875782E-02 -0.2686647E-02  0.3276680E-02
 0.4890000E+00  0.1647580E-02 -0.2740502E-02  0.3197635E-02
 0.4900000E+00  0.1824203E-02 -0.2780004E-02  0.3325077E-02
 0.4910000E+00  0.1586927E-02 -0.2835936E-02  0.3249749E-02
 0.4920000E+00  0.1768934E-02 -0.2872352E-02  0.3373356E-02
 0.4930000E+00  0.1522449E-02 -0.2930439E-02  0.3302321E-02
 0.4940000E+00  0.1709978E-02 -0.2963539E-02  0.3421489E-02
 0.4950000E+00  0.1454149E-02 -0.3023864E-02  0.3355339E-02
 0.4960000E+00  0.1647343E-02 -0.3053412E-02  0.3469447E-02
 0.4970000E+00  0.1382039E-02 -0.3116059E-02  0.3408791E-02
 0.4980000E+00  0.1581043E-02 -0.3141817E-02  0.3517202E-02
 0.4990000E+00  0.1306136E-02 -0.3206874E-02  0.3462662E-02
 0.5000000E+00  0.1511098E-02 -0.3228600E-02  0.3564726E-02
 0.5010000E+00  0.1226463E-02 -0.3296158E-02  0.3516940E-02
 0.5020000E+00  0.1437534E-02 -0.3313607E-02  0.3611993E-02
 0.5030000E+00  0.1143049E-02 -0.3383761E-02  0.3571610E-02
 0.5040000E+00  0.1360385E-02 -0.3396685E-02  0.3658978E-02
 0.5050000E+00  0.1055928E-02 -0.3469533E-02  0.3626658E-02
 0.5060000E+00  0.1279688E-02 -0.3477681E-02  0.3705654E-02
 0.5070000E+00  0.9651430E-03 -0.3553325E-02  0.3682067E-02
 0.5080000E+00  0.1195489E-02 -0.3556444E-02  0.3751998E-02
 0.5090000E+00  0.8707393E-03 -0.3634989E-02  0.3737824E-02
 0.5100000E+00  0.1107837E-02 -0.3632824E-02  0.3797988E-02
 0.5110000E+00  0.7727700E-03 -0.3714377E-02  0.3793912E-02
 0.5120000E+00  0.1016789E-02 -0.3706670E-02  0.3843600E-02
 0.5130000E+00  0.6712938E-03 -0.3791345E-02  0.3850316E-02
 0.5140000E+00  0.9224077E-03 -0.3777836E-02  0.3888814E-02
 0.5150000E+00  0.5663752E-03 -0.3865750E-02  0.3907019E-02
 0.5160000E+00  0.8247620E-03 -0.3846176E-02  0.3933611E-02
 0.5170000E+00  0.4580843E-03 -0.3937449E-02  0.3964006E-02
 0.5180000E+00  0.7239257E-03 -0.3911547E-02  0.3977973E-02
 0.5190000E+00  0.3464970E-03 -0.4006304E-02  0.4021260E-02
 0.5200000E+00  0.6199790E-03 -0.3973809E-02  0.4021882E-02
 0.5210000E+00  0.2316950E-03 -0.4072179E-02  0.4078766E-02
 0.5220000E+00  0.5130075E-03 -0.4032824E-02  0.4065322E-02
 0.5230000E+00  0.1137653E-03 -0.4134941E-02  0.4136506E-02
 0.5240000E+00  0.4031025E-03 -0.4088456E-02  0.4108280E-02
 0.5250000E+00 -0.7199696E-05 -0.4194458E-02  0.4194465E-02
 0.5260000E+00  0.2903604E-03 -0.4140575E-02  0.4150744E-02
 0.5270000E+00 -0.1311021E-03 -0.4250605E-02  0.4252626E-02
 0.5280000E+00  0.1748833E-03 -0.4189053E-02  0.4192701E-02
 0.5290000E+00 -0.2578391E-03 -0.4303258E-02  0.4310975E-02
 0.5300000E+00  0.5677805E-04 -0.4233764E-02  0.4234144E-02
 0.5310000E+00 -0.3873025E-03 -0.4352296E-02  0.4369495E-02
 0.5320000E+00 -0.6384328E-04 -0.4274588E-02  0.4275065E-02
 0.5330000E+00 -0.5193793E-03 -0.4397606E-02  0.4428171E-02
 0.5340000E+00 -0.1868639E-03 -0.4311410E-02  0.4315458E-02
 0.5350000E+00 -0.6539518E-03 -0.4439076E-02  0.4486986E-02
 0.5360000E+00 -0.3121624E-03 -0.4344118E-02  0.4355319E-02
 0.5370000E+00 -0.7908977E-03 -0.4476598E-02  0.4545927E-02
 0.5380000E+00 -0.4396130E-03 -0.4372603E-02  0.4394647E-02
 0.5390000E+00 -0.9300901E-03 -0.4510072E-02  0.4604977E-02
 0.5400000E+00 -0.5690854E-03 -0.4396765E-02  0.4433441E-02
 0.5410000E+00 -0.1071398E-02 -0.4539400E-02  0.4664123E-02
 0.5420000E+00 -0.7004454E-03 -0.4416505E-02  0.4471705E-02
 0.5430000E+00 -0.1214686E-02 -0.4564489E-02  0.4723349E-02
 0.5440000E+00 -0.8335551E-03 -0.4431733E-02  0.4509442E-02
 0.5450000E+00 -0.1359815E-02 -0.4585253E-02  0.4782640E-02
 0.5460000E+00 -0.9682726E-03 -0.4442360E-02  0.4546659E-02
 0.5470000E+00 -0.1506642E-02 -0.4601611E-02  0.4841983E-02
 0.5480000E+00 -0.1104453E-02 -0.4448306E-02  0.4583366E-02
 0.5490000E+00 -0.1655022E-02 -0.4613486E-02  0.4901362E-02
 0.5500000E+00 -0.1241947E-02 -0.4449496E-02  0.4619572E-02
 0.5510000E+00 -0.1804804E-02 -0.4620807E-02  0.4960764E-02
 0.5520000E+00 -0.1380605E-02 -0.4445860E-02  0.4655292E-02
 0.5530000E+00 -0.1955835E-02 -0.4623511E-02  0.5020174E-02
 0.5540000E+00 -0.1520271E-02 -0.4437336E-02  0.4690541E-02
 0.5550000E+00 -0.2107961E-02 -0.4621538E-02  0.5079578E-02
 0.5560000E+00 -0.1660789E-02 -0.4423867E-02  0.4725338E-02
 0.5570000E+00 -0.2261024E-02 -0.4614835E-02  0.5138962E-02
 0.5580000E+00 -0.1802000E-02 -0.4405401E-02  0.4759702E-02
 0.5590000E+00 -0.2414863E-02 -0.4603356E-02  0.5198312E-02
 0.5600000E+00 -0.1943742E-02 -0.4381895E-02  0.4793656E-02
 0.5610000E+00 -0.2569316E-02 -0.4587059E-02  0.5257613E-02
 0.5620000E+00 -0.2085852E-02 -0.4353311E-02  0.4827224E-02
 0.5630000E+00 -0.2724220E-02 -0.4565910E-02  0.5316852E-02
 0.5640000E+00 -0.2228164E-02 -0.4319619E-02  0.4860435E-02
 0.5650000E+00 -0.2879409E-02 -0.4539882E-02  0.5376014E-02
 0.5660000E+00 -0.2370513E-02 -0.4280796E-02  0.4893316E-02
 0.5670000E+00 -0.3034717E-02 -0.4508951E-02  0.5435085E-02
 0.5680000E+00 -0.2512730E-02 -0.4236823E-02  0.4925899E-02
 0.5690000E+00 -0.3189977E-02 -0.4473103E-02  0.5494052E-02
 0.5700000E+00 -0.2654645E-02 -0.4187690E-02  0.4958215E-02
 0.5710000E+00 -0.3345021E-02 -0.4432328E-02  0.5552900E-02
 0.5720000E+00 -0.2796089E-02 -0.4133396E-02  0.4990298E-02
 0.5730000E+00 -0.3499682E-02 -0.4386624E-02  0.5611616E-02
 0.5740000E+00 -0.2936889E-02 -0.4073944E-02  0.5022184E-02
 0.5750000E+00 -0.3653792E-02 -0.4335993E-02  0.5670188E-02
 0.5760000E+00 -0.3076873E-02 -0.4009345E-02  0.5053909E-02
 0.5770000E+00 -0.3807185E-02 -0.4280446E-02  0.5728602E-02
 0.5780000E+00 -0.3215868E-02 -0.3939617E-02  0.5085508E-02
 0.5790000E+00 -0.3959696E-02 -0.4220001E-02  0.5786847E-02
 0.5800000E+00 -0.3353702E-02 -0.3864785E-02  0.5117018E-02
 0.5810000E+00 -0.4111160E-02 -0.4154679E-02  0.5844912E-02
 0.5820000E+00 -0.3490199E-02 -0.3784881E-02  0.5148477E-02
 0.5830000E+00 -0.4261415E-02 -0.4084510E-02  0.5902786E-02
 0.5840000E+00 -0.3625186E-02 -0.3699945E-02  0.5179920E-02
 0.5850000E+00 -0.4410301E-02 -0.4009530E-02  0.5960460E-02
 0.5860000E+00 -0.3758488E-02 -0.3610023E-02  0.5211381E-02
 0.5870000E+00 -0.4557660E-02 -0.3929783E-02  0.6017928E-02
 0.5880000E+00 -0.3889929E-02 -0.3515166E-02  0.5242894E-02
 0.5890000E+00 -0.4703339E-02 -0.3845316E-02  0.6075183E-02
 0.5900000E+00 -0.4019335E-02 -0.3415435E-02  0.5274491E-02
 0.5910000E+00 -0.4847185E-02 -0.3756186E-02  0.6132222E-02
 0.5920000E+00 -0.4146530E-02 -0.3310896E-02  0.5306198E-02
 0.5930000E+00 -0.4989053E-02 -0.3662455E-02  0.6189041E-02
 0.5940000E+00 -0.4271339E-02 -0.3201620E-02  0.5338043E-02
 0.5950000E+00 -0.5128800E-02 -0.3564192E-02  0.6245643E-02
 0.5960000E+00 -0.4393586E-02 -0.3087685E-02  0.5370046E-02
 0.5970000E+00 -0.5266288E-02 -0.3461471E-02  0.6302029E-02
 0.5980000E+00 -0.4513095E-02 -0.2969176E-02  0.5402225E-02
 0.5990000E+00 -0.5401384E-02 -0.3354375E-02  0.6358206E-02
 0.6000000E+00 -0.4629692E-02 -0.2846183E-02  0.5434593E-02
 0.6010000E+00 -0.5533962E-02 -0.3242991E-02  0.6414182E-02
 0.6020000E+00 -0.4743200E-02 -0.2718801E-02  0.5467158E-02
 0.6030000E+00 -0.5663900E-02 -0.3127417E-02  0.6469969E-02
 0.6040000E+00 -0.4853443E-02 -0.2587131E-02  0.5499923E-02
 0.6050000E+00 -0.5791084E-02 -0.3007752E-02  0.6525582E-02
 0.6060000E+00 -0.4960246E-02 -0.2451277E-02  0.5532884E-02
 0.6070000E+00 -0.5915405E-02 -0.2884106E-02  0.6581040E-02
 0.6080000E+00 -0.5063435E-02 -0.2311349E-02  0.5566032E-02
 0.6090000E+00 -0.6036764E-02 -0.2756594E-02  0.6636364E-02
 0.6100000E+00 -0.5162833E-02 -0.2167462E-02  0.5599351E-02
 0.6110000E+00 -0.6155066E-02 -0.2625339E-02  0.6691580E-02
 0.6120000E+00 -0.5258266E-02 -0.2019732E-02  0.5632822E-02
 0.6130000E+00 -0.6270225E-02 -0.2490469E-02  0.6746715E-02
 0.6140000E+00 -0.5349561E-02 -0.1868281E-02  0.5666417E-02
 0.6150000E+00 -0.6382164E-02 -0.2352120E-02  0.6801801E-02
 0.6160000E+00 -0.5436543E-02 -0.1713233E-02  0.5700102E-02
 0.6170000E+00 -0.6490813E-02 -0.2210436E-02  0.6856872E-02
 0.6180000E+00 -0.5519040E-02 -0.1554712E-02  0.5733841E-02
 0.6190000E+00 -0.6596111E-02 -0.2065568E-02  0.6911964E-02
 0.6200000E+00 -0.5596881E-02 -0.1392848E-02  0.5767590E-02
 0.6210000E+00 -0.6698003E-02 -0.1917671E-02  0.6967116E-02
 0.6220000E+00 -0.5669894E-02 -0.1227769E-02  0.5801303E-02
 0.6230000E+00 -0.6796446E-02 -0.1766912E-02  0.7022369E-02
 0.6240000E+00 -0.5737913E-02 -0.1059607E-02  0.5834930E-02
 0.6250000E+00 -0.6891404E-02 -0.1613462E-02  0.7077761E-02
 0.6260000E+00 -0.5800770E-02 -0.8884900E-03  0.5868419E-02
 0.6270000E+00 -0.6982848E-02 -0.1457502E-02  0.7133336E-02
 0.6280000E+00 -0.5858301E-02 -0.7145499E-03  0.5901718E-02
 0.6290000E+00 -0.7070760E-02 -0.1299219E-02  0.7189132E-02
 0.6300000E+00 -0.5910346E-02 -0.5379153E-03  0.5934774E-02
 0.6310000E+00 -0.7155128E-02 -0.1138807E-02  0.7245188E-02
 0.6320000E+00 -0.5956746E-02 -0.3587140E-03  0.5967537E-02
 0.6330000E+00 -0.7235950E-02 -0.9764710E-03  0.7301539E-02
 0.6340000E+00 -0.5997348E-02 -0.1770713E-03  0.5999961E-02
 0.6350000E+00 -0.7313231E-02 -0.8124212E-03  0.7358218E-02
 0.6360000E+00 -0.6032002E-02  0.6890044E-05  0.6032006E-02
 0.6370000E+00 -0.7386983E-02 -0.6468771E-03  0.7415252E-02
 0.6380000E+00 -0.6060564E-02  0.1930509E-03  0.6063638E-02
 0.6390000E+00 -0.7457224E-02 -0.4800663E-03  0.7472661E-02
 0.6400000E+00 -0.6082895E-02  0.3812962E-03  0.6094834E-02
 0.6410000E+00 -0.7523983E-02 -0.3122248E-03  0.7530458E-02
 0.6420000E+00 -0.6098864E-02  0.5715155E-03  0.6125584E-02
 0.6430000E+00 -0.7587290E-02 -0.1435968E-03  0.7588649E-02
 0.6440000E+00 -0.6108346E-02  0.7636039E-03  0.6155890E-02
 0.6450000E+00 -0.7647185E-02  0.2556484E-04  0.7647227E-02
 0.6460000E+00 -0.6111223E-02  0.9574620E-03  0.6185772E-02
 0.6470000E+00 -0.7703709E-02  0.1949988E-03  0.7706177E-02
 0.6480000E+00 -0.6107388E-02  0.1152997E-02  0.6215271E-02
 0.6490000E+00 -0.7756912E-02  0.3644353E-03  0.7765468E-02
 0.6500000E+00 -0.6096742E-02  0.1350124E-02  0.6244445E-02
 0.6510000E+00 -0.7806844E-02  0.5335963E-03  0.7825058E-02
 0.6520000E+00 -0.6079198E-02  0.1548762E-02  0.6273381E-02
 0.6530000E+00 -0.7853560E-02  0.7021956E-03  0.7884890E-02
 0.6540000E+00 -0.6054678E-02  0.1748842E-02  0.6302188E-02
 0.6550000E+00 -0.7897117E-02  0.8699390E-03  0.7944888E-02
 0.6560000E+00 -0.6023119E-02  0.1950300E-02  0.6331005E-02
 0.6570000E+00 -0.7937572E-02  0.1036525E-02  0.8004963E-02
 0.6580000E+00 -0.5984468E-02  0.2153080E-02  0.6360000E-02
 0.6590000E+00 -0.7974987E-02  0.1201643E-02  0.8065008E-02
 0.6600000E+00 -0.5938687E-02  0.2357134E-02  0.6389373E-02
 0.6610000E+00 -0.8009419E-02  0.1364979E-02  0.8124897E-02
 0.6620000E+00 -0.5885755E-02  0.2562423E-02  0.6419355E-02
 0.6630000E+00 -0.8040927E-02  0.1526210E-02  0.8184487E-02
 0.6640000E+00 -0.5825661E-02  0.2768914E-02  0.6450210E-02
 0.6650000E+00 -0.8069568E-02  0.1685009E-02  0.8243615E-02
 0.6660000E+00 -0.5758416E-02  0.2976581E-02  0.6482236E-02
 0.6670000E+00 -0.8095396E-02  0.1841044E-02  0.8302101E-02
 0.6680000E+00 -0.5684042E-02  0.3185406E-02  0.6515761E-02
 0.6690000E+00 -0.8118463E-02  0.1993978E-02  0.8359748E-02
 0.6700000E+00 -0.5602583E-02  0.3395375E-02  0.6551145E-02
 0.6710000E+00 -0.8138815E-02  0.2143474E-02  0.8416341E-02
 0.6720000E+00 -0.5514096E-02  0.3606480E-02  0.6588775E-02
 0.6730000E+00 -0.8156495E-02  0.2289192E-02  0.8471648E-02
 0.6740000E+00 -0.5418660E-02  0.3818717E-02  0.6629063E-02
 0.6750000E+00 -0.8171541E-02  0.2430792E-02  0.8525422E-02
 0.6760000E+00 -0.5316370E-02  0.4032085E-02  0.6672443E-02
 0.6770000E+00 -0.8183983E-02  0.2567934E-02  0.8577404E-02
 0.6780000E+00 -0.5207339E-02  0.4246585E-02  0.6719365E-02
 0.6790000E+00 -0.8193848E-02  0.2700282E-02  0.8627321E-02
 0.6800000E+00 -0.5091699E-02  0.4462219E-02  0.6770288E-02
 0.6810000E+00 -0.8201151E-02  0.2827504E-02  0.8674887E-02
 0.6820000E+00 -0.4969600E-02  0.4678987E-02  0.6825675E-02
 0.6830000E+00 -0.8205906E-02  0.2949274E-02  0.8719811E-02
 0.6840000E+00 -0.4841208E-02  0.4896888E-02  0.6885986E-02
 0.6850000E+00 -0.8208116E-02  0.3065271E-02  0.8761795E-02
 0.6860000E+00 -0.4706710E-02  0.5115917E-02  0.6951671E-02
 0.6870000E+00 -0.8207776E-02  0.3175185E-02  0.8800533E-02
 0.6880000E+00 -0.4566304E-02  0.5336066E-02  0.7023157E-02
 0.6890000E+00 -0.8204876E-02  0.3278717E-02  0.8835721E-02
 0.6900000E+00 -0.4420209E-02  0.5557318E-02  0.7100847E-02
 0.6910000E+00 -0.8199398E-02  0.3375579E-02  0.8867055E-02
 0.6920000E+00 -0.4268656E-02  0.5779649E-02  0.7185107E-02
 0.6930000E+00 -0.8191318E-02  0.3465497E-02  0.8894232E-02
 0.6940000E+00 -0.4111889E-02  0.6003029E-02  0.7276262E-02
 0.6950000E+00 -0.8180605E-02  0.3548214E-02  0.8916956E-02
 0.6960000E+00 -0.3950166E-02  0.6227414E-02  0.7374585E-02
 0.6970000E+00 -0.8167223E-02  0.3623488E-02  0.8934943E-02
 0.6980000E+00 -0.3783755E-02  0.6452752E-02  0.7480294E-02
 0.6990000E+00 -0.8151134E-02  0.3691098E-02  0.8947915E-02
 0.7000000E+00 -0.3612933E-02  0.6678976E-02  0.7593550E-02
 0.7010000E+00 -0.8132295E-02  0.3750841E-02  0.8955615E-02
 0.7020000E+00 -0.3437986E-02  0.6906007E-02  0.7714446E-02
 0.7030000E+00 -0.8110663E-02  0.3802536E-02  0.8957798E-02
 0.7040000E+00 -0.3259203E-02  0.7133755E-02  0.7843013E-02
 0.7050000E+00 -0.8086195E-02  0.3846027E-02  0.8954243E-02
 0.7060000E+00 -0.3076879E-02  0.7362111E-02  0.7979214E-02
 0.7070000E+00 -0.8058850E-02  0.3881177E-02  0.8944753E-02
 0.7080000E+00 -0.2891308E-02  0.7590955E-02  0.8122946E-02
 0.7090000E+00 -0.8028592E-02  0.3907878E-02  0.8929155E-02
 0.7100000E+00 -0.2702786E-02  0.7820151E-02  0.8274044E-02
 0.7110000E+00 -0.7995392E-02  0.3926043E-02  0.8907307E-02
 0.7120000E+00 -0.2511604E-02  0.8049547E-02  0.8432281E-02
 0.7130000E+00 -0.7959230E-02  0.3935614E-02  0.8879099E-02
 0.7140000E+00 -0.2318047E-02  0.8278980E-02  0.8597375E-02
 0.7150000E+00 -0.7920097E-02  0.3936557E-02  0.8844457E-02
 0.7160000E+00 -0.2122394E-02  0.8508268E-02  0.8768990E-02
 0.7170000E+00 -0.7877999E-02  0.3928865E-02  0.8803343E-02
 0.7180000E+00 -0.1924910E-02  0.8737219E-02  0.8946747E-02
 0.7190000E+00 -0.7832959E-02  0.3912556E-02  0.8755761E-02
 0.7200000E+00 -0.1725851E-02  0.8965626E-02  0.9130225E-02
 0.7210000E+00 -0.7785021E-02  0.3887675E-02  0.8701756E-02
 0.7220000E+00 -0.1525453E-02  0.9193269E-02  0.9318970E-02
 0.7230000E+00 -0.7734248E-02  0.3854291E-02  0.8641421E-02
 0.7240000E+00 -0.1323938E-02  0.9419916E-02  0.9512499E-02
 0.7250000E+00 -0.7680732E-02  0.3812500E-02  0.8574894E-02
 0.7260000E+00 -0.1121505E-02  0.9645326E-02  0.9710309E-02
 0.7270000E+00 -0.7624590E-02  0.3762421E-02  0.8502364E-02
 0.7280000E+00 -0.9183295E-03  0.9869246E-02  0.9911879E-02
 0.7290000E+00 -0.7565969E-02  0.3704197E-02  0.8424071E-02
 0.7300000E+00 -0.7145635E-03  0.1009141E-01  0.1011668E-01
 0.7310000E+00 -0.7505049E-02  0.3637994E-02  0.8340309E-02
 0.7320000E+00 -0.5103309E-03  0.1031155E-01  0.1032417E-01
 0.7330000E+00 -0.7442040E-02  0.3564003E-02  0.8251429E-02
 0.7340000E+00 -0.3057266E-03  0.1052938E-01  0.1053382E-01
 0.7350000E+00 -0.7377193E-02  0.3482434E-02  0.8157838E-02
 0.7360000E+00 -0.1008146E-03  0.1074461E-01  0.1074509E-01
 0.7370000E+00 -0.7310789E-02  0.3393523E-02  0.8060002E-02
 0.7380000E+00  0.1043735E-03  0.1095694E-01  0.1095744E-01
 0.7390000E+00 -0.7243152E-02  0.3297527E-02  0.7958450E-02
 0.7400000E+00  0.3098400E-03  0.1116606E-01  0.1117036E-01
 0.7410000E+00 -0.7174640E-02  0.3194727E-02  0.7853773E-02
 0.7420000E+00  0.5156221E-03  0.1137163E-01  0.1138331E-01
 0.7430000E+00 -0.7105654E-02  0.3085431E-02  0.7746625E-02
 0.7440000E+00  0.7217932E-03  0.1157332E-01  0.1159581E-01
 0.7450000E+00 -0.7036631E-02  0.2969973E-02  0.7637729E-02
 0.7460000E+00  0.9284639E-03  0.1177076E-01  0.1180733E-01
 0.7470000E+00 -0.6968049E-02  0.2848719E-02  0.7527875E-02
 0.7480000E+00  0.1135782E-02  0.1196358E-01  0.1201737E-01
 0.7490000E+00 -0.6900426E-02  0.2722070E-02  0.7417921E-02
 0.7500000E+00  0.1343937E-02  0.1215134E-01  0.1222543E-01
 0.7510000E+00 -0.6834322E-02  0.2590470E-02  0.7308796E-02
 0.7520000E+00  0.1553154E-02  0.1233360E-01  0.1243101E-01
 0.7530000E+00 -0.6770336E-02  0.2454411E-02  0.7201499E-02
 0.7540000E+00  0.1763705E-02  0.1250985E-01  0.1263357E-01
 0.7550000E+00 -0.6709111E-02  0.2314444E-02  0.7097100E-02
 0.7560000E+00  0.1975902E-02  0.1267953E-01  0.1283256E-01
 0.7570000E+00 -0.6651334E-02  0.2171189E-02  0.6996735E-02
 0.7580000E+00  0.2190106E-02  0.1284200E-01  0.1302742E-01
 0.7590000E+00 -0.6597738E-02  0.2025353E-02  0.6901608E-02
 0.7600000E+00  0.2406728E-02  0.1299653E-01  0.1321749E-01
 0.7610000E+00 -0.6549108E-02  0.1877743E-02  0.6812982E-02
 0.7620000E+00  0.2626236E-02  0.1314226E-01  0.1340210E-01
 0.7630000E+00 -0.6506284E-02  0.1729290E-02  0.6732175E-02
 0.7640000E+00  0.2849159E-02  0.1327822E-01  0.1358046E-01
 0.7650000E+00 -0.6470173E-02  0.1581076E-02  0.6660551E-02
 0.7660000E+00  0.3076102E-02  0.1340322E-01  0.1375168E-01
 0.7670000E+00 -0.6441753E-02  0.1434359E-02  0.6599513E-02
 0.7680000E+00  0.3307755E-02  0.1351590E-01  0.1391477E-01
 0.7690000E+00 -0.6422090E-02  0.1290619E-02  0.6550492E-02
 0.7700000E+00  0.3544911E-02  0.1361461E-01  0.1406854E-01
 0.7710000E+00 -0.6412355E-02  0.1151594E-02  0.6514942E-02
 0.7720000E+00  0.3788489E-02  0.1369738E-01  0.1421164E-01
 0.7730000E+00 -0.6413844E-02  0.1019341E-02  0.6494340E-02
 0.7740000E+00  0.4039562E-02  0.1376185E-01  0.1434247E-01
 0.7750000E+00 -0.6428007E-02  0.8962921E-03  0.6490194E-02
 0.7760000E+00  0.4299392E-02  0.1380518E-01  0.1445918E-01
 0.7770000E+00 -0.6456483E-02  0.7853406E-03  0.6504071E-02
 0.7780000E+00  0.4569478E-02  0.1382394E-01  0.1455958E-01
 0.7790000E+00 -0.6501140E-02  0.6899273E-03  0.6537647E-02
 0.7800000E+00  0.4851613E-02  0.1381397E-01  0.1464117E-01
 0.7810000E+00 -0.6564127E-02  0.6141546E-03  0.6592796E-02
 0.7820000E+00  0.5147954E-02  0.1377022E-01  0.1470104E-01
 0.7830000E+00 -0.6647931E-02  0.5629190E-03  0.6671721E-02
 0.7840000E+00  0.5461110E-02  0.1368654E-01  0.1473584E-01
 0.7850000E+00 -0.6755443E-02  0.5420711E-03  0.6777157E-02
 0.7860000E+00  0.5794242E-02  0.1355542E-01  0.1474187E-01
 0.7870000E+00 -0.6890032E-02  0.5586045E-03  0.6912639E-02
 0.7880000E+00  0.6151189E-02  0.1336769E-01  0.1471504E-01
 0.7890000E+00 -0.7055609E-02  0.6208799E-03  0.7082874E-02
 0.7900000E+00  0.6536594E-02  0.1311209E-01  0.1465107E-01
 0.7910000E+00 -0.7256682E-02  0.7388863E-03  0.7294202E-02
 0.7920000E+00  0.6956050E-02  0.1277480E-01  0.1454587E-01
 0.7930000E+00 -0.7498375E-02  0.9245409E-03  0.7555157E-02
 0.7940000E+00  0.7416226E-02  0.1233886E-01  0.1439611E-01
 0.7950000E+00 -0.7786385E-02  0.1192027E-02  0.7877101E-02
 0.7960000E+00  0.7924966E-02  0.1178341E-01  0.1420049E-01
 0.7970000E+00 -0.8126832E-02  0.1558164E-02  0.8274858E-02
 0.7980000E+00  0.8491326E-02  0.1108286E-01  0.1396182E-01
 0.7990000E+00 -0.8525971E-02  0.2042801E-02  0.8767281E-02
 0.8000000E+00  0.9125504E-02  0.1020588E-01  0.1369068E-01
 0.8010000E+00 -0.8989720E-02  0.2669216E-02  0.9377621E-02
 0.8020000E+00  0.9838662E-02  0.9114285E-02  0.1341154E-01
 0.8030000E+00 -0.9523048E-02  0.3464527E-02  0.1013368E-01
 0.8040000E+00  0.1064267E-01  0.7761762E-02  0.1317237E-01
 0.8050000E+00 -0.1012931E-01  0.4460104E-02  0.1106777E-01
 0.8060000E+00  0.1154995E-01  0.6092464E-02  0.1305831E-01
 0.8070000E+00 -0.1080980E-01  0.5692024E-02  0.1221683E-01
 0.8080000E+00  0.1257371E-01  0.4039339E-02  0.1320661E-01
 0.8090000E+00 -0.1156388E-01  0.7201609E-02  0.1362302E-01
 0.8100000E+00  0.1372927E-01  0.1522076E-02  0.1381339E-01
 0.8110000E+00 -0.1239021E-01  0.9036053E-02  0.1533517E-01
 0.8120000E+00  0.1503695E-01 -0.1555508E-02  0.1511719E-01
 0.8130000E+00 -0.1328920E-01  0.1124903E-01  0.1741101E-01
 0.8140000E+00  0.1652715E-01 -0.5308445E-02  0.1735875E-01
 0.8150000E+00 -0.1426683E-01  0.1390081E-01  0.1991921E-01
 0.8160000E+00  0.1824750E-01 -0.9872863E-02  0.2074716E-01
 0.8170000E+00 -0.1533917E-01  0.1705687E-01  0.2293964E-01
 0.8180000E+00  0.2027107E-01 -0.1540451E-01  0.2546008E-01
 0.8190000E+00 -0.1653688E-01  0.2078334E-01  0.2655966E-01
 0.8200000E+00  0.2270337E-01 -0.2206796E-01  0.3166130E-01
 0.8210000E+00 -0.1790878E-01  0.2513687E-01  0.3086400E-01
 0.8220000E+00  0.2568489E-01 -0.3000870E-01  0.3949982E-01
 0.8230000E+00 -0.1952403E-01  0.3014767E-01  0.3591754E-01
 0.8240000E+00  0.2938525E-01 -0.3930275E-01  0.4907340E-01
 0.8250000E+00 -0.2147235E-01  0.3579772E-01  0.4174373E-01
 0.8260000E+00  0.3398493E-01 -0.4989083E-01  0.6036613E-01
 0.8270000E+00 -0.2386112E-01  0.4200320E-01  0.4830758E-01
 0.8280000E+00  0.3964203E-01 -0.6152619E-01  0.7319128E-01
 0.8290000E+00 -0.2680719E-01  0.4861342E-01  0.5551478E-01
 0.8300000E+00  0.4644464E-01 -0.7377560E-01  0.8717766E-01
 0.8310000E+00 -0.3042161E-01  0.5542939E-01  0.6322888E-01
 0.8320000E+00  0.5435535E-01 -0.8608359E-01  0.1018081E+00
 0.8330000E+00 -0.3478689E-01  0.6222701E-01  0.7129045E-01
 0.8340000E+00  0.6316291E-01 -0.9786358E-01  0.1164768E+00
 0.8350000E+00 -0.3992739E-01  0.6876681E-01  0.7951774E-01
 0.8360000E+00  0.7246176E-01 -0.1085776E+00  0.1305366E+00
 0.8370000E+00 -0.4577382E-01  0.7479196E-01  0.8768740E-01
 0.8380000E+00  0.8168174E-01 -0.1178091E+00  0.1433558E+00
 0.8390000E+00 -0.5212988E-01  0.8003723E-01  0.9551692E-01
 0.8400000E+00  0.9018076E-01 -0.1253500E+00  0.1544189E+00
 0.8410000E+00 -0.5866224E-01  0.8427197E-01  0.1026792E+00
 0.8420000E+00  0.9737867E-01 -0.1312751E+00  0.1634495E+00
 0.8430000E+00 -0.6493677E-01  0.8737103E-01  0.1088599E+00
 0.8440000E+00  0.1028681E+00 -0.1359243E+00  0.1704619E+00
 0.8450000E+00 -0.7049706E-01  0.8936705E-01  0.1138258E+00
 0.8460000E+00  0.1064536E+00 -0.1397539E+00  0.1756801E+00
 0.8470000E+00 -0.7495240E-01  0.9043447E-01  0.1174575E+00
 0.8480000E+00  0.1081453E+00 -0.1431436E+00  0.1794032E+00
 0.8490000E+00 -0.7805644E-01  0.9081134E-01  0.1197477E+00
 0.8500000E+00  0.1081548E+00 -0.1462908E+00  0.1819298E+00
 0.8510000E+00 -0.7978314E-01  0.9071514E-01  0.1208081E+00
 0.8520000E+00  0.1068857E+00 -0.1492356E+00  0.1835643E+00
 0.8530000E+00 -0.8037341E-01  0.9029885E-01  0.1208874E+00
 0.8540000E+00  0.1048672E+00 -0.1519578E+00  0.1846302E+00
 0.8550000E+00 -0.8028346E-01  0.8965354E-01  0.1203461E+00
 0.8560000E+00  0.1026207E+00 -0.1544543E+00  0.1854377E+00
 0.8570000E+00 -0.8002527E-01  0.8883286E-01  0.1195630E+00
 0.8580000E+00  0.1005326E+00 -0.1567581E+00  0.1862254E+00
 0.8590000E+00 -0.8000002E-01  0.8787224E-01  0.1188341E+00
 0.8600000E+00  0.9880256E-01 -0.1589189E+00  0.1871287E+00
 0.8610000E+00 -0.8042513E-01  0.8679556E-01  0.1183287E+00
 0.8620000E+00  0.9747259E-01 -0.1609813E+00  0.1881911E+00
 0.8630000E+00 -0.8135764E-01  0.8561714E-01  0.1181074E+00
 0.8640000E+00  0.9649149E-01 -0.1629762E+00  0.1893986E+00
 0.8650000E+00 -0.8275878E-01  0.8434439E-01  0.1181651E+00
 0.8660000E+00  0.9577379E-01 -0.1649217E+00  0.1907139E+00
 0.8670000E+00 -0.8455296E-01  0.8298125E-01  0.1184698E+00
 0.8680000E+00  0.9523519E-01 -0.1668276E+00  0.1920969E+00
 0.8690000E+00 -0.8666319E-01  0.8153066E-01  0.1189864E+00
 0.8700000E+00  0.9480591E-01 -0.1686991E+00  0.1935137E+00
 0.8710000E+00 -0.8902451E-01  0.7999573E-01  0.1196858E+00
 0.8720000E+00  0.9443152E-01 -0.1705381E+00  0.1949373E+00
 0.8730000E+00 -0.9158504E-01  0.7838008E-01  0.1205457E+00
 0.8740000E+00  0.9406991E-01 -0.1723445E+00  0.1963461E+00
 0.8750000E+00 -0.9430334E-01  0.7668777E-01  0.1215489E+00
 0.8760000E+00  0.9368852E-01 -0.1741168E+00  0.1977226E+00
 0.8770000E+00 -0.9714593E-01  0.7492328E-01  0.1226818E+00
 0.8780000E+00  0.9326238E-01 -0.1758524E+00  0.1990526E+00
 0.8790000E+00 -0.1000856E+00  0.7309143E-01  0.1239334E+00
 0.8800000E+00  0.9277257E-01 -0.1775479E+00  0.2003248E+00
 0.8810000E+00 -0.1031003E+00  0.7119735E-01  0.1252946E+00
 0.8820000E+00  0.9220501E-01 -0.1791999E+00  0.2015301E+00
 0.8830000E+00 -0.1061721E+00  0.6924642E-01  0.1267579E+00
 0.8840000E+00  0.9154943E-01 -0.1808049E+00  0.2026616E+00
 0.8850000E+00 -0.1092863E+00  0.6724428E-01  0.1283172E+00
 0.8860000E+00  0.9079852E-01 -0.1823597E+00  0.2037141E+00
 0.8870000E+00 -0.1124313E+00  0.6519675E-01  0.1299670E+00
 0.8880000E+00  0.8994720E-01 -0.1838614E+00  0.2046839E+00
 0.8890000E+00 -0.1155972E+00  0.6310981E-01  0.1317026E+00
 0.8900000E+00  0.8899212E-01 -0.1853077E+00  0.2055688E+00
 0.8910000E+00 -0.1187761E+00  0.6098957E-01  0.1335196E+00
 0.8920000E+00  0.8793117E-01 -0.1866968E+00  0.2063676E+00
 0.8930000E+00 -0.1219612E+00  0.5884226E-01  0.1354140E+00
 0.8940000E+00  0.8676316E-01 -0.1880277E+00  0.2070804E+00
 0.8950000E+00 -0.1251468E+00  0.5667412E-01  0.1373815E+00
 0.8960000E+00  0.8548752E-01 -0.1892999E+00  0.2077079E+00
 0.8970000E+00 -0.1283279E+00  0.5449146E-01  0.1394180E+00
 0.8980000E+00  0.8410410E-01 -0.1905136E+00  0.2082520E+00
 0.8990000E+00 -0.1315002E+00  0.5230057E-01  0.1415191E+00
 0.9000000E+00  0.8261302E-01 -0.1916695E+00  0.2087153E+00
 0.9010000E+00 -0.1346597E+00  0.5010769E-01  0.1436802E+00
 0.9020000E+00  0.8101450E-01 -0.1927691E+00  0.2091011E+00
 0.9030000E+00 -0.1378025E+00  0.4791904E-01  0.1458964E+00
 0.9040000E+00  0.7930880E-01 -0.1938145E+00  0.2094133E+00
 0.9050000E+00 -0.1409250E+00  0.4574073E-01  0.1481623E+00
 0.9060000E+00  0.7749608E-01 -0.1948083E+00  0.2096567E+00
 0.9070000E+00 -0.1440236E+00  0.4357882E-01  0.1504723E+00
 0.9080000E+00  0.7557635E-01 -0.1957539E+00  0.2098365E+00
 0.9090000E+00 -0.1470948E+00  0.4143923E-01  0.1528205E+00
 0.9100000E+00  0.7354937E-01 -0.1966550E+00  0.2099588E+00
 0.9110000E+00 -0.1501347E+00  0.3932778E-01  0.1552002E+00
 0.9120000E+00  0.7141464E-01 -0.1975159E+00  0.2100300E+00
 0.9130000E+00 -0.1531394E+00  0.3725016E-01  0.1576047E+00
 0.9140000E+00  0.6917130E-01 -0.1983417E+00  0.2100574E+00
 0.9150000E+00 -0.1561046E+00  0.3521192E-01  0.1600267E+00
 0.9160000E+00  0.6681817E-01 -0.1991377E+00  0.2100488E+00
 0.9170000E+00 -0.1590260E+00  0.3321849E-01  0.1624584E+00
 0.9180000E+00  0.6435369E-01 -0.1999099E+00  0.2100128E+00
 0.9190000E+00 -0.1618987E+00  0.3127510E-01  0.1648918E+00
 0.9200000E+00  0.6177599E-01 -0.2006648E+00  0.2099586E+00
 0.9210000E+00 -0.1647178E+00  0.2938684E-01  0.1673187E+00
 0.9220000E+00  0.5908300E-01 -0.2014092E+00  0.2098963E+00
 0.9230000E+00 -0.1674782E+00  0.2755857E-01  0.1697305E+00
 0.9240000E+00  0.5627265E-01 -0.2021507E+00  0.2098368E+00
 0.9250000E+00 -0.1701751E+00  0.2579494E-01  0.1721190E+00
 0.9260000E+00  0.5334313E-01 -0.2028971E+00  0.2097921E+00
 0.9270000E+00 -0.1728039E+00  0.2410030E-01  0.1744764E+00
 0.9280000E+00  0.5029336E-01 -0.2036574E+00  0.2097755E+00
 0.9290000E+00 -0.1753611E+00  0.2247880E-01  0.1767960E+00
 0.9300000E+00  0.4712365E-01 -0.2044402E+00  0.2098010E+00
 0.9310000E+00 -0.1778446E+00  0.2093398E-01  0.1790724E+00
 0.9320000E+00  0.4383629E-01 -0.2052577E+00  0.2098865E+00
 0.9330000E+00 -0.1802555E+00  0.1946994E-01  0.1813039E+00
 0.9340000E+00  0.4043771E-01 -0.2061163E+00  0.2100455E+00
 0.9350000E+00 -0.1825969E+00  0.1808768E-01  0.1834905E+00
 0.9360000E+00  0.3693449E-01 -0.2070476E+00  0.2103161E+00
 0.9370000E+00 -0.1848815E+00  0.1679788E-01  0.1856431E+00
 0.9380000E+00  0.3335614E-01 -0.2080029E+00  0.2106604E+00
 0.9390000E+00 -0.1871145E+00  0.1557610E-01  0.1877616E+00
 0.9400000E+00  0.2966698E-01 -0.2092524E+00  0.2113450E+00
 0.9410000E+00 -0.1893575E+00  0.1453184E-01  0.1899143E+00
 0.9420000E+00  0.2612950E-01 -0.2098105E+00  0.2114313E+00
 0.9430000E+00 -0.1914853E+00  0.1324326E-01  0.1919427E+00
 0.9440000E+00  0.2178794E-01 -0.2140105E+00  0.2151168E+00
 0.9450000E+00 -0.1942350E+00  0.1352764E-01  0.1947055E+00
 0.9460000E+00  0.1994069E-01 -0.2019420E+00  0.2029242E+00
 0.9470000E+00 -0.1932851E+00  0.7072283E-02  0.1934144E+00
 0.9480000E+00 -0.7309429E-02 -0.2569521E+00  0.2570560E+00
 0.9490000E+00 -0.1968287E+00  0.2994996E-01  0.1990943E+00
 0.9500000E+00 -0.1539015E+00 -0.2361886E-01  0.1557033E+00
 0.9510000E+00 -0.8489739E-01 -0.1096261E+00  0.1386559E+00
 0.9520000E+00  0.6288470E-01 -0.2359430E+00  0.2441794E+00
 0.9530000E+00 -0.2414067E+00  0.4248803E-02  0.2414440E+00
 0.9540000E+00 -0.5479413E-01 -0.3386769E+00  0.3430808E+00
 0.9550000E+00 -0.1868607E+00  0.6106622E-01  0.1965859E+00
 0.9560000E+00 -0.3797201E-01 -0.2476873E+00  0.2505811E+00
 0.9570000E+00 -0.1595838E+00  0.1756558E-01  0.1605476E+00
 0.9580000E+00 -0.5956755E-01 -0.2988577E-01  0.6664422E-01
 0.9590000E+00 -0.1184139E+00 -0.9187421E-01  0.1498757E+00
 0.9600000E+00  0.1706469E-01 -0.3465010E+00  0.3469210E+00
 0.9610000E+00 -0.3269633E+00  0.2728059E-01  0.3280995E+00
 0.9620000E+00 -0.3624297E+00 -0.5428626E+00  0.6527290E+00
 0.9630000E+00 -0.5998682E+00  0.4151246E-01  0.6013028E+00
 0.9640000E+00  0.1656233E-02 -0.2990675E-01  0.2995258E-01
 0.9650000E+00 -0.1053133E+00 -0.9990221E-01  0.1451597E+00
 0.9660000E+00 -0.8556845E+00  0.5902528E-01  0.8577179E+00
 0.9670000E+00 -0.4894767E+00 -0.4519082E+00  0.6661895E+00
 0.9680000E+00 -0.9651187E+00 -0.2562980E+00  0.9985703E+00
 0.9690000E+00 -0.9965450E+00 -0.7866010E-01  0.9996446E+00
 0.9700000E+00 -0.9694985E+00 -0.2450517E+00  0.9999888E+00
 0.9710000E+00 -0.9948878E+00 -0.9693249E-01  0.9995988E+00
 0.9720000E+00 -0.9633172E+00 -0.2679584E+00  0.9998909E+00
 0.9730000E+00 -0.9924318E+00 -0.1173196E+00  0.9993422E+00
 0.9740000E+00 -0.9544207E+00 -0.2971099E+00  0.9995965E+00
 0.9750000E+00 -0.9886051E+00 -0.1428259E+00  0.9988690E+00
 0.9760000E+00 -0.9418878E+00 -0.3332307E+00  0.9990973E+00
 0.9770000E+00 -0.9826795E+00 -0.1751117E+00  0.9981599E+00
 0.9780000E+00 -0.9248623E+00 -0.3760387E+00  0.9983864E+00
 0.9790000E+00 -0.9738350E+00 -0.2145447E+00  0.9971881E+00
 0.9800000E+00 -0.9027635E+00 -0.4242059E+00  0.9974631E+00
 0.9810000E+00 -0.9612856E+00 -0.2603886E+00  0.9959278E+00
 0.9820000E+00 -0.8755031E+00 -0.4755808E+00  0.9963346E+00
 0.9830000E+00 -0.9444117E+00 -0.3111939E+00  0.9943617E+00
 0.9840000E+00 -0.8436224E+00 -0.5275991E+00  0.9950174E+00
 0.9850000E+00 -0.9228039E+00 -0.3653230E+00  0.9924858E+00
 0.9860000E+00 -0.8083049E+00 -0.5777138E+00  0.9935341E+00
 0.9870000E+00 -0.8961498E+00 -0.4214606E+00  0.9903098E+00
 0.9880000E+00 -0.7713076E+00 -0.6236730E+00  0.9919090E+00
 0.9890000E+00 -0.8639642E+00 -0.4789824E+00  0.9878554E+00
 0.9900000E+00 -0.7349273E+00 -0.6635544E+00  0.9901629E+00
 0.9910000E+00 -0.8251908E+00 -0.5381404E+00  0.9851573E+00
 0.9920000E+00 -0.7021296E+00 -0.6955324E+00  0.9883073E+00
 0.9930000E+00 -0.7776685E+00 -0.6000815E+00  0.9822760E+00
 0.9940000E+00 -0.6769705E+00 -0.7173391E+00  0.9863389E+00
 0.9950000E+00 -0.7173936E+00 -0.6666661E+00  0.9793351E+00
 0.9960000E+00 -0.6654375E+00 -0.7251931E+00  0.9842318E+00
 0.9970000E+00 -0.6374907E+00 -0.7398450E+00  0.9766090E+00
 0.9980000E+00 -0.6767775E+00 -0.7114489E+00  0.9819304E+00
 0.9990000E+00 -0.5270679E+00 -0.8199000E+00  0.9746982E+00
 0.1000000E+01 -0.7246870E+00 -0.6587795E+00  0.9793680E+00
