-0.7447829E+01 -0.7141646E+01 -0.6835457E+01 -0.6529268E+01 -0.6223080E+01 -0.5916892E+01 -0.5610706E+01 -0.5304520E+01 -0.4998333E+01 -0.4692147E+01 -0.4385961E+01 -0.4079774E+01 -0.3773589E+01 -0.3467404E+01 -0.3161221E+01 -0.2855038E+01 -0.2548848E+01  0.1660328E+01  0.1657693E+01  0.1660455E+01  0.1663486E+01  0.1665342E+01  0.1666179E+01  0.1666491E+01  0.1666629E+01  0.1666754E+01  0.1666909E+01  0.1667041E+01  0.1666965E+01  0.1666286E+01  0.1664469E+01  0.1661401E+01  0.1658830E+01  0.1662672E+01
-0.7446168E+01 -0.7139988E+01 -0.6833797E+01 -0.6527605E+01 -0.6221415E+01 -0.5915227E+01 -0.5609040E+01 -0.5302853E+01 -0.4996666E+01 -0.4690480E+01 -0.4384293E+01 -0.4078107E+01 -0.3771922E+01 -0.3465739E+01 -0.3159559E+01 -0.2853379E+01 -0.2547186E+01  0.1660983E+01  0.1657634E+01  0.1659956E+01  0.1662853E+01  0.1664763E+01  0.1665735E+01  0.1666199E+01  0.1666487E+01  0.1666757E+01  0.1667057E+01  0.1667340E+01  0.1667414E+01  0.1666861E+01  0.1665078E+01  0.1661850E+01  0.1658841E+01  0.1662082E+01
-0.7444509E+01 -0.7138331E+01 -0.6832137E+01 -0.6525942E+01 -0.6219750E+01 -0.5913561E+01 -0.5607374E+01 -0.5301187E+01 -0.4995000E+01 -0.4688813E+01 -0.4382626E+01 -0.4076439E+01 -0.3770255E+01 -0.3464074E+01 -0.3157897E+01 -0.2851719E+01 -0.2545522E+01  0.1659678E+01  0.1656982E+01  0.1659443E+01  0.1662347E+01  0.1664288E+01  0.1665343E+01  0.1665926E+01  0.1666349E+01  0.1666760E+01  0.1667200E+01  0.1667618E+01  0.1667810E+01  0.1667332E+01  0.1665559E+01  0.1662290E+01  0.1659342E+01  0.1663156E+01
-0.7442848E+01 -0.7136674E+01 -0.6830479E+01 -0.6524281E+01 -0.6218087E+01 -0.5911896E+01 -0.5605708E+01 -0.5299521E+01 -0.4993333E+01 -0.4687145E+01 -0.4380958E+01 -0.4074771E+01 -0.3768587E+01 -0.3462408E+01 -0.3156234E+01 -0.2850060E+01 -0.2543860E+01  0.1660352E+01  0.1656891E+01  0.1658916E+01  0.1661702E+01  0.1663709E+01  0.1664903E+01  0.1665640E+01  0.1666211E+01  0.1666767E+01  0.1667353E+01  0.1667921E+01  0.1668263E+01  0.1667905E+01  0.1666153E+01  0.1662706E+01  0.1659319E+01  0.1662592E+01
-0.7441190E+01 -0.7135018E+01 -0.6828820E+01 -0.6522620E+01 -0.6216424E+01 -0.5910232E+01 -0.5604043E+01 -0.5297854E+01 -0.4991666E+01 -0.4685478E+01 -0.4379289E+01 -0.4073102E+01 -0.3766918E+01 -0.3460741E+01 -0.3154571E+01 -0.2848400E+01 -0.2542196E+01  0.1658898E+01  0.1656147E+01  0.1658358E+01  0.1661177E+01  0.1663227E+01  0.1664507E+01  0.1665364E+01  0.1666071E+01  0.1666767E+01  0.1667493E+01  0.1668197E+01  0.1668655E+01  0.1668367E+01  0.1666610E+01  0.1663096E+01  0.1659733E+01  0.1663555E+01
-0.7439530E+01 -0.7133362E+01 -0.6827162E+01 -0.6520959E+01 -0.6214761E+01 -0.5908568E+01 -0.5602378E+01 -0.5296189E+01 -0.4989999E+01 -0.4683810E+01 -0.4377621E+01 -0.4071433E+01 -0.3765249E+01 -0.3459074E+01 -0.3152908E+01 -0.2846741E+01 -0.2540533E+01  0.1659592E+01  0.1656027E+01  0.1657806E+01  0.1660522E+01  0.1662648E+01  0.1664072E+01  0.1665082E+01  0.1665938E+01  0.1666778E+01  0.1667650E+01  0.1668504E+01  0.1669110E+01  0.1668936E+01  0.1667187E+01  0.1663477E+01  0.1659673E+01  0.1663021E+01
-0.7437872E+01 -0.7131707E+01 -0.6825505E+01 -0.6519299E+01 -0.6213099E+01 -0.5906904E+01 -0.5600713E+01 -0.5294523E+01 -0.4988333E+01 -0.4682142E+01 -0.4375952E+01 -0.4069764E+01 -0.3763580E+01 -0.3457406E+01 -0.3151244E+01 -0.2845081E+01 -0.2538869E+01  0.1657983E+01  0.1655191E+01  0.1657205E+01  0.1659980E+01  0.1662159E+01  0.1663672E+01  0.1664803E+01  0.1665794E+01  0.1666775E+01  0.1667788E+01  0.1668777E+01  0.1669498E+01  0.1669388E+01  0.1667620E+01  0.1663817E+01  0.1660002E+01  0.1663882E+01
-0.7436213E+01 -0.7130052E+01 -0.6823849E+01 -0.6517640E+01 -0.6211437E+01 -0.5905241E+01 -0.5599048E+01 -0.5292857E+01 -0.4986666E+01 -0.4680474E+01 -0.4374283E+01 -0.4068094E+01 -0.3761910E+01 -0.3455738E+01 -0.3149580E+01 -0.2843421E+01 -0.2537206E+01  0.1658699E+01  0.1655048E+01  0.1656632E+01  0.1659317E+01  0.1661582E+01  0.1663242E+01  0.1664527E+01  0.1665665E+01  0.1666790E+01  0.1667949E+01  0.1669089E+01  0.1669956E+01  0.1669952E+01  0.1668177E+01  0.1664160E+01  0.1659906E+01  0.1663384E+01
-0.7434556E+01 -0.7128398E+01 -0.6822193E+01 -0.6515981E+01 -0.6209776E+01 -0.5903578E+01 -0.5597384E+01 -0.5291192E+01 -0.4984999E+01 -0.4678806E+01 -0.4372614E+01 -0.4066423E+01 -0.3760240E+01 -0.3454069E+01 -0.3147915E+01 -0.2841761E+01 -0.2535542E+01  0.1656928E+01  0.1654120E+01  0.1655988E+01  0.1658759E+01  0.1661086E+01  0.1662839E+01  0.1664244E+01  0.1665518E+01  0.1666785E+01  0.1668085E+01  0.1669359E+01  0.1670339E+01  0.1670394E+01  0.1668586E+01  0.1664449E+01  0.1660152E+01  0.1664155E+01
-0.7432899E+01 -0.7126744E+01 -0.6820537E+01 -0.6514323E+01 -0.6208116E+01 -0.5901916E+01 -0.5595720E+01 -0.5289526E+01 -0.4983332E+01 -0.4677138E+01 -0.4370944E+01 -0.4064753E+01 -0.3758569E+01 -0.3452400E+01 -0.3146251E+01 -0.2840101E+01 -0.2533878E+01  0.1657669E+01  0.1653958E+01  0.1655398E+01  0.1658090E+01  0.1660512E+01  0.1662414E+01  0.1663974E+01  0.1665395E+01  0.1666804E+01  0.1668250E+01  0.1669675E+01  0.1670798E+01  0.1670952E+01  0.1669122E+01  0.1664753E+01  0.1660018E+01  0.1663698E+01
-0.7431243E+01 -0.7125091E+01 -0.6818882E+01 -0.6512665E+01 -0.6206456E+01 -0.5900254E+01 -0.5594056E+01 -0.5287861E+01 -0.4981665E+01 -0.4675470E+01 -0.4369274E+01 -0.4063081E+01 -0.3756897E+01 -0.3450731E+01 -0.3144586E+01 -0.2838440E+01 -0.2532214E+01  0.1655731E+01  0.1652938E+01  0.1654713E+01  0.1657516E+01  0.1660009E+01  0.1662006E+01  0.1663687E+01  0.1665244E+01  0.1666795E+01  0.1668383E+01  0.1669942E+01  0.1671177E+01  0.1671384E+01  0.1669504E+01  0.1664990E+01  0.1660184E+01  0.1664391E+01
-0.7429586E+01 -0.7123438E+01 -0.6817228E+01 -0.6511008E+01 -0.6204796E+01 -0.5898592E+01 -0.5592393E+01 -0.5286196E+01 -0.4979999E+01 -0.4673801E+01 -0.4367604E+01 -0.4061410E+01 -0.3755225E+01 -0.3449061E+01 -0.3142920E+01 -0.2836780E+01 -0.2530550E+01  0.1656503E+01  0.1652763E+01  0.1654110E+01  0.1656843E+01  0.1659438E+01  0.1661588E+01  0.1663423E+01  0.1665126E+01  0.1666818E+01  0.1668551E+01  0.1670261E+01  0.1671637E+01  0.1671935E+01  0.1670017E+01  0.1665253E+01  0.1660015E+01  0.1663984E+01
-0.7427932E+01 -0.7121786E+01 -0.6815575E+01 -0.6509352E+01 -0.6203137E+01 -0.5896931E+01 -0.5590730E+01 -0.5284531E+01 -0.4978332E+01 -0.4672132E+01 -0.4365933E+01 -0.4059738E+01 -0.3753553E+01 -0.3447390E+01 -0.3141255E+01 -0.2835120E+01 -0.2528885E+01  0.1654392E+01  0.1651650E+01  0.1653385E+01  0.1656254E+01  0.1658930E+01  0.1661176E+01  0.1663132E+01  0.1664972E+01  0.1666807E+01  0.1668682E+01  0.1670527E+01  0.1672012E+01  0.1672355E+01  0.1670372E+01  0.1665436E+01  0.1660103E+01  0.1664612E+01
-0.7426277E+01 -0.7120135E+01 -0.6813922E+01 -0.6507697E+01 -0.6201479E+01 -0.5895270E+01 -0.5589067E+01 -0.5282866E+01 -0.4976665E+01 -0.4670464E+01 -0.4364262E+01 -0.4058065E+01 -0.3751880E+01 -0.3445720E+01 -0.3139589E+01 -0.2833460E+01 -0.2527221E+01  0.1655200E+01  0.1651468E+01  0.1652772E+01  0.1655580E+01  0.1658363E+01  0.1660764E+01  0.1662874E+01  0.1664858E+01  0.1666834E+01  0.1668855E+01  0.1670849E+01  0.1672472E+01  0.1672897E+01  0.1670860E+01  0.1665657E+01  0.1659899E+01  0.1664263E+01
-0.7424624E+01 -0.7118485E+01 -0.6812270E+01 -0.6506042E+01 -0.6199821E+01 -0.5893610E+01 -0.5587404E+01 -0.5281201E+01 -0.4974998E+01 -0.4668795E+01 -0.4362591E+01 -0.4056392E+01 -0.3750207E+01 -0.3444048E+01 -0.3137924E+01 -0.2831801E+01 -0.2525556E+01  0.1652914E+01  0.1650264E+01  0.1652008E+01  0.1654976E+01  0.1657848E+01  0.1660347E+01  0.1662579E+01  0.1664700E+01  0.1666820E+01  0.1668983E+01  0.1671112E+01  0.1672843E+01  0.1673305E+01  0.1671187E+01  0.1665788E+01  0.1659913E+01  0.1664839E+01
-0.7422970E+01 -0.7116835E+01 -0.6810619E+01 -0.6504387E+01 -0.6198164E+01 -0.5891950E+01 -0.5585742E+01 -0.5279537E+01 -0.4973331E+01 -0.4667125E+01 -0.4360920E+01 -0.4054719E+01 -0.3748533E+01 -0.3442377E+01 -0.3136258E+01 -0.2830141E+01 -0.2523891E+01  0.1653763E+01  0.1650081E+01  0.1651388E+01  0.1654302E+01  0.1657286E+01  0.1659942E+01  0.1662327E+01  0.1664591E+01  0.1666851E+01  0.1669159E+01  0.1671437E+01  0.1673302E+01  0.1673838E+01  0.1671650E+01  0.1665966E+01  0.1659677E+01  0.1664559E+01
-0.7421319E+01 -0.7115186E+01 -0.6808968E+01 -0.6502734E+01 -0.6196507E+01 -0.5890290E+01 -0.5584080E+01 -0.5277872E+01 -0.4971665E+01 -0.4665456E+01 -0.4359248E+01 -0.4053045E+01 -0.3746859E+01 -0.3440705E+01 -0.3134592E+01 -0.2828481E+01 -0.2522226E+01  0.1651298E+01  0.1648784E+01  0.1650587E+01  0.1653684E+01  0.1656765E+01  0.1659521E+01  0.1662028E+01  0.1664430E+01  0.1666834E+01  0.1669286E+01  0.1671698E+01  0.1673668E+01  0.1674234E+01  0.1671947E+01  0.1666043E+01  0.1659620E+01  0.1665097E+01
-0.7419667E+01 -0.7113537E+01 -0.6807318E+01 -0.6501081E+01 -0.6194851E+01 -0.5888631E+01 -0.5582418E+01 -0.5276208E+01 -0.4969998E+01 -0.4663787E+01 -0.4357576E+01 -0.4051371E+01 -0.3745184E+01 -0.3439032E+01 -0.3132925E+01 -0.2826822E+01 -0.2520561E+01  0.1652195E+01  0.1648607E+01  0.1649966E+01  0.1653011E+01  0.1656209E+01  0.1659122E+01  0.1661782E+01  0.1664326E+01  0.1666869E+01  0.1669465E+01  0.1672026E+01  0.1674127E+01  0.1674756E+01  0.1672382E+01  0.1666177E+01  0.1659354E+01  0.1664897E+01
-0.7418017E+01 -0.7111890E+01 -0.6805669E+01 -0.6499428E+01 -0.6193195E+01 -0.5886973E+01 -0.5580757E+01 -0.5274544E+01 -0.4968331E+01 -0.4662117E+01 -0.4355904E+01 -0.4049697E+01 -0.3743509E+01 -0.3437360E+01 -0.3131259E+01 -0.2825163E+01 -0.2518896E+01  0.1649549E+01  0.1647220E+01  0.1649127E+01  0.1652381E+01  0.1655682E+01  0.1658696E+01  0.1661479E+01  0.1664161E+01  0.1666849E+01  0.1669590E+01  0.1672285E+01  0.1674488E+01  0.1675139E+01  0.1672649E+01  0.1666201E+01  0.1659231E+01  0.1665411E+01
-0.7416367E+01 -0.7110243E+01 -0.6804021E+01 -0.6497777E+01 -0.6191540E+01 -0.5885314E+01 -0.5579096E+01 -0.5272880E+01 -0.4966664E+01 -0.4660447E+01 -0.4354231E+01 -0.4048022E+01 -0.3741833E+01 -0.3435687E+01 -0.3129593E+01 -0.2823504E+01 -0.2517231E+01  0.1650503E+01  0.1647054E+01  0.1648507E+01  0.1651712E+01  0.1655132E+01  0.1658305E+01  0.1661239E+01  0.1664062E+01  0.1666889E+01  0.1669773E+01  0.1672614E+01  0.1674945E+01  0.1675650E+01  0.1673056E+01  0.1666292E+01  0.1658940E+01  0.1665304E+01
-0.7414719E+01 -0.7108597E+01 -0.6802373E+01 -0.6496126E+01 -0.6189885E+01 -0.5883656E+01 -0.5577435E+01 -0.5271216E+01 -0.4964997E+01 -0.4658777E+01 -0.4352558E+01 -0.4046347E+01 -0.3740157E+01 -0.3434013E+01 -0.3127927E+01 -0.2821845E+01 -0.2515565E+01  0.1647672E+01  0.1645576E+01  0.1647632E+01  0.1651067E+01  0.1654598E+01  0.1657874E+01  0.1660931E+01  0.1663893E+01  0.1666866E+01  0.1669895E+01  0.1672871E+01  0.1675301E+01  0.1676018E+01  0.1673292E+01  0.1666261E+01  0.1658755E+01  0.1665811E+01
-0.7413070E+01 -0.7106952E+01 -0.6800726E+01 -0.6494475E+01 -0.6188231E+01 -0.5881999E+01 -0.5575774E+01 -0.5269552E+01 -0.4963330E+01 -0.4657107E+01 -0.4350885E+01 -0.4044671E+01 -0.3738481E+01 -0.3432340E+01 -0.3126260E+01 -0.2820187E+01 -0.2513899E+01  0.1648691E+01  0.1645429E+01  0.1647019E+01  0.1650404E+01  0.1654056E+01  0.1657490E+01  0.1660697E+01  0.1663799E+01  0.1666909E+01  0.1670081E+01  0.1673203E+01  0.1675755E+01  0.1676516E+01  0.1673668E+01  0.1666309E+01  0.1658442E+01  0.1665809E+01
-0.7411425E+01 -0.7105308E+01 -0.6799080E+01 -0.6492825E+01 -0.6186578E+01 -0.5880342E+01 -0.5574114E+01 -0.5267888E+01 -0.4961663E+01 -0.4655437E+01 -0.4349212E+01 -0.4042995E+01 -0.3736804E+01 -0.3430666E+01 -0.3124594E+01 -0.2818528E+01 -0.2512233E+01  0.1645675E+01  0.1643862E+01  0.1646108E+01  0.1649747E+01  0.1653516E+01  0.1657054E+01  0.1660385E+01  0.1663626E+01  0.1666883E+01  0.1670202E+01  0.1673458E+01  0.1676106E+01  0.1676870E+01  0.1673872E+01  0.1666225E+01  0.1658200E+01  0.1666325E+01
-0.7409778E+01 -0.7103664E+01 -0.6797434E+01 -0.6491176E+01 -0.6184925E+01 -0.5878685E+01 -0.5572453E+01 -0.5266225E+01 -0.4959996E+01 -0.4653767E+01 -0.4347538E+01 -0.4041318E+01 -0.3735127E+01 -0.3428992E+01 -0.3122928E+01 -0.2816870E+01 -0.2510566E+01  0.1646766E+01  0.1643740E+01  0.1645504E+01  0.1649090E+01  0.1652981E+01  0.1656677E+01  0.1660158E+01  0.1663537E+01  0.1666931E+01  0.1670391E+01  0.1673790E+01  0.1676558E+01  0.1677355E+01  0.1674219E+01  0.1666231E+01  0.1657871E+01  0.1666444E+01
-0.7408134E+01 -0.7102022E+01 -0.6795790E+01 -0.6489528E+01 -0.6183272E+01 -0.5877029E+01 -0.5570794E+01 -0.5264561E+01 -0.4958329E+01 -0.4652096E+01 -0.4345864E+01 -0.4039641E+01 -0.3733449E+01 -0.3427317E+01 -0.3121262E+01 -0.2815213E+01 -0.2508899E+01  0.1643565E+01  0.1642083E+01  0.1644558E+01  0.1648420E+01  0.1652434E+01  0.1656236E+01  0.1659840E+01  0.1663360E+01  0.1666902E+01  0.1670509E+01  0.1674044E+01  0.1676903E+01  0.1677694E+01  0.1674390E+01  0.1666094E+01  0.1657576E+01  0.1666985E+01
-0.7406489E+01 -0.7100380E+01 -0.6794146E+01 -0.6487880E+01 -0.6181620E+01 -0.5875373E+01 -0.5569134E+01 -0.5262898E+01 -0.4956662E+01 -0.4650426E+01 -0.4344190E+01 -0.4037964E+01 -0.3731771E+01 -0.3425643E+01 -0.3119596E+01 -0.2813556E+01 -0.2507232E+01  0.1644738E+01  0.1641993E+01  0.1643967E+01  0.1647772E+01  0.1651907E+01  0.1655867E+01  0.1659620E+01  0.1663277E+01  0.1666953E+01  0.1670701E+01  0.1674377E+01  0.1677351E+01  0.1678164E+01  0.1674705E+01  0.1666059E+01  0.1657237E+01  0.1667239E+01
-0.7404848E+01 -0.7098740E+01 -0.6792503E+01 -0.6486233E+01 -0.6179969E+01 -0.5873718E+01 -0.5567475E+01 -0.5261235E+01 -0.4954996E+01 -0.4648755E+01 -0.4342515E+01 -0.4036286E+01 -0.3730092E+01 -0.3423968E+01 -0.3117930E+01 -0.2811899E+01 -0.2505564E+01  0.1641351E+01  0.1640248E+01  0.1642986E+01  0.1647089E+01  0.1651354E+01  0.1655420E+01  0.1659296E+01  0.1663095E+01  0.1666921E+01  0.1670818E+01  0.1674629E+01  0.1677691E+01  0.1678487E+01  0.1674842E+01  0.1665870E+01  0.1656896E+01  0.1667823E+01
-0.7403206E+01 -0.7097100E+01 -0.6790860E+01 -0.6484587E+01 -0.6178318E+01 -0.5872063E+01 -0.5565816E+01 -0.5259572E+01 -0.4953329E+01 -0.4647084E+01 -0.4340840E+01 -0.4034608E+01 -0.3728413E+01 -0.3422293E+01 -0.3116264E+01 -0.2810242E+01 -0.2503896E+01  0.1642614E+01  0.1640196E+01  0.1642411E+01  0.1646451E+01  0.1650836E+01  0.1655059E+01  0.1659083E+01  0.1663017E+01  0.1666977E+01  0.1671013E+01  0.1674963E+01  0.1678134E+01  0.1678942E+01  0.1675126E+01  0.1665795E+01  0.1656553E+01  0.1668230E+01
-0.7401566E+01 -0.7095462E+01 -0.6789219E+01 -0.6482941E+01 -0.6176668E+01 -0.5870408E+01 -0.5564157E+01 -0.5257909E+01 -0.4951662E+01 -0.4645413E+01 -0.4339165E+01 -0.4032930E+01 -0.3726734E+01 -0.3420617E+01 -0.3114598E+01 -0.2808586E+01 -0.2502227E+01  0.1639041E+01  0.1638363E+01  0.1641396E+01  0.1645756E+01  0.1650276E+01  0.1654606E+01  0.1658754E+01  0.1662831E+01  0.1666942E+01  0.1671128E+01  0.1675213E+01  0.1678469E+01  0.1679249E+01  0.1675229E+01  0.1665555E+01  0.1656170E+01  0.1668873E+01
-0.7399926E+01 -0.7093823E+01 -0.6787578E+01 -0.6481296E+01 -0.6175018E+01 -0.5868754E+01 -0.5562498E+01 -0.5256246E+01 -0.4949995E+01 -0.4643741E+01 -0.4337489E+01 -0.4031251E+01 -0.3725054E+01 -0.3418942E+01 -0.3112933E+01 -0.2806930E+01 -0.2500558E+01  0.1640404E+01  0.1638355E+01  0.1640841E+01  0.1645129E+01  0.1649767E+01  0.1654254E+01  0.1658548E+01  0.1662758E+01  0.1667001E+01  0.1671326E+01  0.1675547E+01  0.1678907E+01  0.1679687E+01  0.1675481E+01  0.1665442E+01  0.1655830E+01  0.1669450E+01
-0.7398289E+01 -0.7092187E+01 -0.6785938E+01 -0.6479651E+01 -0.6173369E+01 -0.5867100E+01 -0.5560840E+01 -0.5254584E+01 -0.4948328E+01 -0.4642070E+01 -0.4335813E+01 -0.4029571E+01 -0.3723374E+01 -0.3417266E+01 -0.3111268E+01 -0.2805275E+01 -0.2498888E+01  0.1636646E+01  0.1636435E+01  0.1639792E+01  0.1644420E+01  0.1649200E+01  0.1653794E+01  0.1658213E+01  0.1662568E+01  0.1666964E+01  0.1671439E+01  0.1675795E+01  0.1679235E+01  0.1679978E+01  0.1675550E+01  0.1665152E+01  0.1655412E+01  0.1670172E+01
-0.7396651E+01 -0.7090550E+01 -0.6784299E+01 -0.6478007E+01 -0.6171720E+01 -0.5865446E+01 -0.5559182E+01 -0.5252921E+01 -0.4946661E+01 -0.4640398E+01 -0.4334137E+01 -0.4027892E+01 -0.3721694E+01 -0.3415591E+01 -0.3109603E+01 -0.2803620E+01 -0.2497217E+01  0.1638118E+01  0.1636478E+01  0.1639260E+01  0.1643806E+01  0.1648701E+01  0.1653450E+01  0.1658014E+01  0.1662500E+01  0.1667027E+01  0.1671639E+01  0.1676129E+01  0.1679667E+01  0.1680398E+01  0.1675769E+01  0.1665003E+01  0.1655082E+01  0.1670936E+01
-0.7395017E+01 -0.7088916E+01 -0.6782661E+01 -0.6476364E+01 -0.6170072E+01 -0.5863794E+01 -0.5557524E+01 -0.5251259E+01 -0.4944994E+01 -0.4638726E+01 -0.4332461E+01 -0.4026212E+01 -0.3720013E+01 -0.3413915E+01 -0.3107938E+01 -0.2801965E+01 -0.2495545E+01  0.1634174E+01  0.1634472E+01  0.1638177E+01  0.1643084E+01  0.1648126E+01  0.1652984E+01  0.1657673E+01  0.1662305E+01  0.1666986E+01  0.1671751E+01  0.1676375E+01  0.1679990E+01  0.1680672E+01  0.1675803E+01  0.1664665E+01  0.1654635E+01  0.1671756E+01
-0.7393381E+01 -0.7087281E+01 -0.6781023E+01 -0.6474722E+01 -0.6168425E+01 -0.5862141E+01 -0.5555867E+01 -0.5249597E+01 -0.4943327E+01 -0.4637054E+01 -0.4330784E+01 -0.4024531E+01 -0.3718332E+01 -0.3412239E+01 -0.3106274E+01 -0.2800311E+01 -0.2493872E+01  0.1635764E+01  0.1634571E+01  0.1637670E+01  0.1642484E+01  0.1647637E+01  0.1652648E+01  0.1657481E+01  0.1662243E+01  0.1667054E+01  0.1671953E+01  0.1676709E+01  0.1680415E+01  0.1681075E+01  0.1675990E+01  0.1664483E+01  0.1654324E+01  0.1672726E+01
-0.7391750E+01 -0.7085649E+01 -0.6779387E+01 -0.6473080E+01 -0.6166777E+01 -0.5860489E+01 -0.5554210E+01 -0.5247935E+01 -0.4941660E+01 -0.4635382E+01 -0.4329107E+01 -0.4022851E+01 -0.3716651E+01 -0.3410563E+01 -0.3104610E+01 -0.2798657E+01 -0.2492198E+01  0.1631637E+01  0.1632479E+01  0.1636553E+01  0.1641749E+01  0.1647054E+01  0.1652175E+01  0.1657134E+01  0.1662044E+01  0.1667010E+01  0.1672064E+01  0.1676953E+01  0.1680731E+01  0.1681330E+01  0.1675989E+01  0.1664098E+01  0.1653855E+01  0.1673663E+01
-0.7390116E+01 -0.7084016E+01 -0.6777751E+01 -0.6471439E+01 -0.6165131E+01 -0.5858837E+01 -0.5552553E+01 -0.5246273E+01 -0.4939992E+01 -0.4633710E+01 -0.4327430E+01 -0.4021170E+01 -0.3714969E+01 -0.3408887E+01 -0.3102946E+01 -0.2797003E+01 -0.2490524E+01  0.1633353E+01  0.1632641E+01  0.1636075E+01  0.1641164E+01  0.1646575E+01  0.1651848E+01  0.1656950E+01  0.1661987E+01  0.1667081E+01  0.1672268E+01  0.1677287E+01  0.1681150E+01  0.1681715E+01  0.1676145E+01  0.1663887E+01  0.1653569E+01  0.1674858E+01
-0.7388487E+01 -0.7082386E+01 -0.6776116E+01 -0.6469799E+01 -0.6163485E+01 -0.5857185E+01 -0.5550896E+01 -0.5244611E+01 -0.4938325E+01 -0.4632038E+01 -0.4325752E+01 -0.4019488E+01 -0.3713287E+01 -0.3407211E+01 -0.3101282E+01 -0.2795350E+01 -0.2488848E+01  0.1629044E+01  0.1630462E+01  0.1634923E+01  0.1640414E+01  0.1645984E+01  0.1651368E+01  0.1656596E+01  0.1661782E+01  0.1667034E+01  0.1672377E+01  0.1677529E+01  0.1681460E+01  0.1681953E+01  0.1676109E+01  0.1663455E+01  0.1653084E+01  0.1675932E+01
-0.7386856E+01 -0.7080755E+01 -0.6774481E+01 -0.6468159E+01 -0.6161839E+01 -0.5855534E+01 -0.5549240E+01 -0.5242949E+01 -0.4936658E+01 -0.4630365E+01 -0.4324075E+01 -0.4017806E+01 -0.3711605E+01 -0.3405534E+01 -0.3099619E+01 -0.2793697E+01 -0.2487170E+01  0.1630894E+01  0.1630692E+01  0.1634477E+01  0.1639845E+01  0.1645516E+01  0.1651050E+01  0.1656419E+01  0.1661732E+01  0.1667110E+01  0.1672583E+01  0.1677861E+01  0.1681871E+01  0.1682318E+01  0.1676234E+01  0.1663218E+01  0.1652834E+01  0.1677372E+01
-0.7385230E+01 -0.7079127E+01 -0.6772848E+01 -0.6466520E+01 -0.6160194E+01 -0.5853884E+01 -0.5547584E+01 -0.5241288E+01 -0.4934991E+01 -0.4628692E+01 -0.4322396E+01 -0.4016124E+01 -0.3709922E+01 -0.3403858E+01 -0.3097956E+01 -0.2792045E+01 -0.2485492E+01  0.1626405E+01  0.1628428E+01  0.1633290E+01  0.1639080E+01  0.1644916E+01  0.1650562E+01  0.1656059E+01  0.1661522E+01  0.1667060E+01  0.1672690E+01  0.1678101E+01  0.1682174E+01  0.1682537E+01  0.1676162E+01  0.1662743E+01  0.1652340E+01  0.1678603E+01
-0.7383602E+01 -0.7077498E+01 -0.6771215E+01 -0.6464881E+01 -0.6158550E+01 -0.5852234E+01 -0.5545928E+01 -0.5239626E+01 -0.4933324E+01 -0.4627020E+01 -0.4320718E+01 -0.4014441E+01 -0.3708239E+01 -0.3402182E+01 -0.3096294E+01 -0.2790393E+01 -0.2483811E+01  0.1628398E+01  0.1628730E+01  0.1632878E+01  0.1638529E+01  0.1644460E+01  0.1650254E+01  0.1655889E+01  0.1661477E+01  0.1667139E+01  0.1672898E+01  0.1678432E+01  0.1682577E+01  0.1682884E+01  0.1676256E+01  0.1662483E+01  0.1652133E+01  0.1680307E+01
-0.7381978E+01 -0.7075871E+01 -0.6769583E+01 -0.6463243E+01 -0.6156906E+01 -0.5850584E+01 -0.5544272E+01 -0.5237965E+01 -0.4931657E+01 -0.4625347E+01 -0.4319039E+01 -0.4012759E+01 -0.3706556E+01 -0.3400506E+01 -0.3094632E+01 -0.2788741E+01 -0.2482130E+01  0.1623730E+01  0.1626382E+01  0.1631656E+01  0.1637749E+01  0.1643850E+01  0.1649757E+01  0.1655522E+01  0.1661262E+01  0.1667086E+01  0.1673004E+01  0.1678670E+01  0.1682873E+01  0.1683084E+01  0.1676149E+01  0.1661967E+01  0.1651637E+01  0.1681716E+01
-0.7380352E+01 -0.7074245E+01 -0.6767952E+01 -0.6461606E+01 -0.6155263E+01 -0.5848934E+01 -0.5542617E+01 -0.5236304E+01 -0.4929990E+01 -0.4623673E+01 -0.4317360E+01 -0.4011075E+01 -0.3704873E+01 -0.3398830E+01 -0.3092970E+01 -0.2787090E+01 -0.2480446E+01  0.1625873E+01  0.1626761E+01  0.1631280E+01  0.1637215E+01  0.1643405E+01  0.1649458E+01  0.1655360E+01  0.1661223E+01  0.1667169E+01  0.1673214E+01  0.1678999E+01  0.1683267E+01  0.1683411E+01  0.1676214E+01  0.1661688E+01  0.1651482E+01  0.1683706E+01
-0.7378731E+01 -0.7072620E+01 -0.6766322E+01 -0.6459970E+01 -0.6153620E+01 -0.5847285E+01 -0.5540962E+01 -0.5234643E+01 -0.4928323E+01 -0.4622000E+01 -0.4315681E+01 -0.4009392E+01 -0.3703189E+01 -0.3397153E+01 -0.3091309E+01 -0.2785439E+01 -0.2478761E+01  0.1621029E+01  0.1624327E+01  0.1630022E+01  0.1636420E+01  0.1642785E+01  0.1648953E+01  0.1654986E+01  0.1661003E+01  0.1667113E+01  0.1673318E+01  0.1679235E+01  0.1683556E+01  0.1683592E+01  0.1676072E+01  0.1661133E+01  0.1650991E+01  0.1685314E+01
-0.7377108E+01 -0.7070996E+01 -0.6764692E+01 -0.6458334E+01 -0.6151978E+01 -0.5845637E+01 -0.5539307E+01 -0.5232982E+01 -0.4926656E+01 -0.4620327E+01 -0.4314002E+01 -0.4007708E+01 -0.3701505E+01 -0.3395477E+01 -0.3089648E+01 -0.2783788E+01 -0.2477073E+01  0.1623328E+01  0.1624788E+01  0.1629684E+01  0.1635905E+01  0.1642353E+01  0.1648664E+01  0.1654832E+01  0.1660970E+01  0.1667200E+01  0.1673529E+01  0.1679562E+01  0.1683942E+01  0.1683899E+01  0.1676109E+01  0.1660839E+01  0.1650897E+01  0.1687609E+01
-0.7375489E+01 -0.7069373E+01 -0.6763064E+01 -0.6456699E+01 -0.6150336E+01 -0.5843989E+01 -0.5537653E+01 -0.5231321E+01 -0.4924988E+01 -0.4618653E+01 -0.4312322E+01 -0.4006024E+01 -0.3699821E+01 -0.3393801E+01 -0.3087988E+01 -0.2782137E+01 -0.2475384E+01  0.1618310E+01  0.1622270E+01  0.1628390E+01  0.1635093E+01  0.1641723E+01  0.1648150E+01  0.1654450E+01  0.1660744E+01  0.1667141E+01  0.1673632E+01  0.1679796E+01  0.1684223E+01  0.1684062E+01  0.1675933E+01  0.1660247E+01  0.1650418E+01  0.1689438E+01
-0.7373869E+01 -0.7067750E+01 -0.6761436E+01 -0.6455064E+01 -0.6148695E+01 -0.5842341E+01 -0.5535998E+01 -0.5229660E+01 -0.4923321E+01 -0.4616979E+01 -0.4310642E+01 -0.4004339E+01 -0.3698137E+01 -0.3392125E+01 -0.3086328E+01 -0.2780487E+01 -0.2473692E+01  0.1620772E+01  0.1622815E+01  0.1628092E+01  0.1634598E+01  0.1641303E+01  0.1647871E+01  0.1654304E+01  0.1660717E+01  0.1667231E+01  0.1673845E+01  0.1680120E+01  0.1684599E+01  0.1684349E+01  0.1675943E+01  0.1659942E+01  0.1650395E+01  0.1692060E+01
-0.7372253E+01 -0.7066130E+01 -0.6759809E+01 -0.6453430E+01 -0.6147054E+01 -0.5840693E+01 -0.5534345E+01 -0.5228000E+01 -0.4921654E+01 -0.4615305E+01 -0.4308961E+01 -0.4002654E+01 -0.3696453E+01 -0.3390450E+01 -0.3084669E+01 -0.2778837E+01 -0.2471997E+01  0.1615582E+01  0.1620213E+01  0.1626761E+01  0.1633769E+01  0.1640661E+01  0.1647348E+01  0.1653915E+01  0.1660486E+01  0.1667169E+01  0.1673946E+01  0.1680352E+01  0.1684874E+01  0.1684492E+01  0.1675733E+01  0.1659316E+01  0.1649934E+01  0.1694130E+01
-0.7370635E+01 -0.7064509E+01 -0.6758183E+01 -0.6451797E+01 -0.6145414E+01 -0.5839046E+01 -0.5532691E+01 -0.5226339E+01 -0.4919987E+01 -0.4613631E+01 -0.4307281E+01 -0.4000969E+01 -0.3694768E+01 -0.3388774E+01 -0.3083010E+01 -0.2777187E+01 -0.2470300E+01  0.1618211E+01  0.1620846E+01  0.1626504E+01  0.1633294E+01  0.1640254E+01  0.1647078E+01  0.1653776E+01  0.1660465E+01  0.1667263E+01  0.1674160E+01  0.1680674E+01  0.1685240E+01  0.1684759E+01  0.1675717E+01  0.1659005E+01  0.1649990E+01  0.1697100E+01
-0.7369022E+01 -0.7062891E+01 -0.6756558E+01 -0.6450165E+01 -0.6143774E+01 -0.5837400E+01 -0.5531037E+01 -0.5224679E+01 -0.4918320E+01 -0.4611957E+01 -0.4305600E+01 -0.3999283E+01 -0.3693083E+01 -0.3387099E+01 -0.3081351E+01 -0.2775538E+01 -0.2468601E+01  0.1612853E+01  0.1618160E+01  0.1625135E+01  0.1632447E+01  0.1639601E+01  0.1646546E+01  0.1653379E+01  0.1660228E+01  0.1667198E+01  0.1674260E+01  0.1680904E+01  0.1685507E+01  0.1684882E+01  0.1675473E+01  0.1658347E+01  0.1649555E+01  0.1699435E+01
-0.7367406E+01 -0.7061272E+01 -0.6754933E+01 -0.6448533E+01 -0.6142135E+01 -0.5835753E+01 -0.5529384E+01 -0.5223019E+01 -0.4916652E+01 -0.4610282E+01 -0.4303918E+01 -0.3997597E+01 -0.3691398E+01 -0.3385423E+01 -0.3079693E+01 -0.2773888E+01 -0.2466898E+01  0.1615654E+01  0.1618883E+01  0.1624921E+01  0.1631993E+01  0.1639207E+01  0.1646286E+01  0.1653249E+01  0.1660213E+01  0.1667296E+01  0.1674475E+01  0.1681222E+01  0.1685862E+01  0.1685130E+01  0.1675434E+01  0.1658034E+01  0.1649698E+01  0.1702772E+01
