-0.6846058E+01  0.1128809E-05
-0.6821026E+01  0.1323742E-05
-0.6795995E+01  0.1553137E-05
-0.6770964E+01  0.1827355E-05
-0.6745932E+01  0.2160517E-05
-0.6720901E+01  0.2571591E-05
-0.6695870E+01  0.3085709E-05
-0.6670839E+01  0.3735718E-05
-0.6645807E+01  0.4563939E-05
-0.6620776E+01  0.5624122E-05
-0.6595745E+01  0.6983533E-05
-0.6570713E+01  0.8725127E-05
-0.6545682E+01  0.1094974E-04
-0.6520651E+01  0.1377832E-04
-0.6495620E+01  0.1735409E-04
-0.6470588E+01  0.2184498E-04
-0.6445557E+01  0.2744623E-04
-0.6420526E+01  0.3438367E-04
-0.6395494E+01  0.4291802E-04
-0.6370463E+01  0.5335074E-04
-0.6345432E+01  0.6603187E-04
-0.6320401E+01  0.8137062E-04
-0.6295369E+01  0.9984906E-04
-0.6270338E+01  0.1220393E-03
-0.6245307E+01  0.1486241E-03
-0.6220275E+01  0.1804211E-03
-0.6195244E+01  0.2184101E-03
-0.6170213E+01  0.2637612E-03
-0.6145181E+01  0.3178655E-03
-0.6120150E+01  0.3823635E-03
-0.6095119E+01  0.4591729E-03
-0.6070088E+01  0.5505129E-03
-0.6045056E+01  0.6589247E-03
-0.6020025E+01  0.7872881E-03
-0.5994994E+01  0.9388365E-03
-0.5969962E+01  0.1117169E-02
-0.5944931E+01  0.1326268E-02
-0.5919900E+01  0.1570516E-02
-0.5894869E+01  0.1854734E-02
-0.5869837E+01  0.2184221E-02
-0.5844806E+01  0.2564823E-02
-0.5819775E+01  0.3003016E-02
-0.5794743E+01  0.3506014E-02
-0.5769712E+01  0.4081895E-02
-0.5744681E+01  0.4739733E-02
-0.5719650E+01  0.5489746E-02
-0.5694618E+01  0.6343419E-02
-0.5669587E+01  0.7313615E-02
-0.5644556E+01  0.8414644E-02
-0.5619524E+01  0.9662280E-02
-0.5594493E+01  0.1107372E-01
-0.5569462E+01  0.1266747E-01
-0.5544431E+01  0.1446319E-01
-0.5519399E+01  0.1648151E-01
-0.5494368E+01  0.1874376E-01
-0.5469337E+01  0.2127181E-01
-0.5444305E+01  0.2408790E-01
-0.5419274E+01  0.2721456E-01
-0.5394243E+01  0.3067466E-01
-0.5369212E+01  0.3449156E-01
-0.5344180E+01  0.3868936E-01
-0.5319149E+01  0.4329325E-01
-0.5294118E+01  0.4832988E-01
-0.5269086E+01  0.5382758E-01
-0.5244055E+01  0.5981650E-01
-0.5219024E+01  0.6632848E-01
-0.5193992E+01  0.7339659E-01
-0.5168961E+01  0.8105423E-01
-0.5143930E+01  0.8933406E-01
-0.5118899E+01  0.9826645E-01
-0.5093867E+01  0.1078780E+00
-0.5068836E+01  0.1181899E+00
-0.5043805E+01  0.1292167E+00
-0.5018773E+01  0.1409658E+00
-0.4993742E+01  0.1534369E+00
-0.4968711E+01  0.1666229E+00
-0.4943680E+01  0.1805109E+00
-0.4918648E+01  0.1950847E+00
-0.4893617E+01  0.2103261E+00
-0.4868586E+01  0.2262173E+00
-0.4843554E+01  0.2427421E+00
-0.4818523E+01  0.2598866E+00
-0.4793492E+01  0.2776380E+00
-0.4768461E+01  0.2959824E+00
-0.4743429E+01  0.3149014E+00
-0.4718398E+01  0.3343679E+00
-0.4693367E+01  0.3543411E+00
-0.4668335E+01  0.3747628E+00
-0.4643304E+01  0.3955545E+00
-0.4618273E+01  0.4166170E+00
-0.4593242E+01  0.4378320E+00
-0.4568210E+01  0.4590672E+00
-0.4543179E+01  0.4801825E+00
-0.4518148E+01  0.5010394E+00
-0.4493116E+01  0.5215087E+00
-0.4468085E+01  0.5414788E+00
-0.4443054E+01  0.5608610E+00
-0.4418023E+01  0.5795907E+00
-0.4392991E+01  0.5976256E+00
-0.4367960E+01  0.6149387E+00
-0.4342929E+01  0.6315085E+00
-0.4317897E+01  0.6473079E+00
-0.4292866E+01  0.6622919E+00
-0.4267835E+01  0.6763888E+00
-0.4242804E+01  0.6894950E+00
-0.4217772E+01  0.7014760E+00
-0.4192741E+01  0.7121725E+00
-0.4167710E+01  0.7214137E+00
-0.4142678E+01  0.7290336E+00
-0.4117647E+01  0.7348899E+00
-0.4092616E+01  0.7388814E+00
-0.4067584E+01  0.7409612E+00
-0.4042553E+01  0.7411439E+00
-0.4017522E+01  0.7395042E+00
-0.3992491E+01  0.7361675E+00
-0.3967459E+01  0.7312930E+00
-0.3942428E+01  0.7250523E+00
-0.3917397E+01  0.7176061E+00
-0.3892365E+01  0.7090835E+00
-0.3867334E+01  0.6995672E+00
-0.3842303E+01  0.6890862E+00
-0.3817272E+01  0.6776194E+00
-0.3792240E+01  0.6651073E+00
-0.3767209E+01  0.6514722E+00
-0.3742178E+01  0.6366414E+00
-0.3717146E+01  0.6205717E+00
-0.3692115E+01  0.6032692E+00
-0.3667084E+01  0.5848022E+00
-0.3642053E+01  0.5653044E+00
-0.3617021E+01  0.5449675E+00
-0.3591990E+01  0.5240253E+00
-0.3566959E+01  0.5027309E+00
-0.3541927E+01  0.4813315E+00
-0.3516896E+01  0.4600444E+00
-0.3491865E+01  0.4390381E+00
-0.3466834E+01  0.4184220E+00
-0.3441802E+01  0.3982453E+00
-0.3416771E+01  0.3785050E+00
-0.3391740E+01  0.3591616E+00
-0.3366708E+01  0.3401593E+00
-0.3341677E+01  0.3214466E+00
-0.3316646E+01  0.3029944E+00
-0.3291615E+01  0.2848078E+00
-0.3266583E+01  0.2669306E+00
-0.3241552E+01  0.2494419E+00
-0.3216521E+01  0.2324453E+00
-0.3191489E+01  0.2160541E+00
-0.3166458E+01  0.2003742E+00
-0.3141427E+01  0.1854893E+00
-0.3116395E+01  0.1714495E+00
-0.3091364E+01  0.1582662E+00
-0.3066333E+01  0.1459136E+00
-0.3041302E+01  0.1343365E+00
-0.3016270E+01  0.1234618E+00
-0.2991239E+01  0.1132125E+00
-0.2966208E+01  0.1035209E+00
-0.2941176E+01  0.9433920E-01
-0.2916145E+01  0.8564504E-01
-0.2891114E+01  0.7744191E-01
-0.2866083E+01  0.6975443E-01
-0.2841051E+01  0.6261962E-01
-0.2816020E+01  0.5607592E-01
-0.2790989E+01  0.5015216E-01
-0.2765957E+01  0.4485831E-01
-0.2740926E+01  0.4017970E-01
-0.2715895E+01  0.3607548E-01
-0.2690864E+01  0.3248151E-01
-0.2665832E+01  0.2931687E-01
-0.2640801E+01  0.2649291E-01
-0.2615770E+01  0.2392316E-01
-0.2590738E+01  0.2153255E-01
-0.2565707E+01  0.1926450E-01
-0.2540676E+01  0.1708496E-01
-0.2515645E+01  0.1498301E-01
-0.2490613E+01  0.1296820E-01
-0.2465582E+01  0.1106525E-01
-0.2440551E+01  0.9307187E-02
-0.2415519E+01  0.7728030E-02
-0.2390488E+01  0.6356100E-02
-0.2365457E+01  0.5208920E-02
-0.2340426E+01  0.4290204E-02
-0.2315394E+01  0.3589158E-02
-0.2290363E+01  0.3081913E-02
-0.2265332E+01  0.2734643E-02
-0.2240300E+01  0.2507722E-02
-0.2215269E+01  0.2360230E-02
-0.2190238E+01  0.2254130E-02
-0.2165207E+01  0.2157624E-02
-0.2140175E+01  0.2047339E-02
-0.2115144E+01  0.1909224E-02
-0.2090113E+01  0.1738243E-02
-0.2065081E+01  0.1537081E-02
-0.2040050E+01  0.1314174E-02
-0.2015019E+01  0.1081433E-02
-0.1989987E+01  0.8519899E-03
-0.1964956E+01  0.6382263E-03
-0.1939925E+01  0.4502901E-03
-0.1914894E+01  0.2951682E-03
-0.1889862E+01  0.1763281E-03
-0.1864831E+01  0.9385112E-04
-0.1839800E+01  0.4494088E-04
-0.1814768E+01  0.2466764E-04
-0.1789737E+01  0.2680856E-04
-0.1764706E+01  0.4466480E-04
-0.1739675E+01  0.7176514E-04
-0.1714643E+01  0.1024004E-03
-0.1689612E+01  0.1319660E-03
-0.1664581E+01  0.1571196E-03
-0.1639549E+01  0.1757778E-03
-0.1614518E+01  0.1869925E-03
-0.1589487E+01  0.1907489E-03
-0.1564456E+01  0.1877250E-03
-0.1539424E+01  0.1790484E-03
-0.1514393E+01  0.1660749E-03
-0.1489362E+01  0.1502064E-03
-0.1464330E+01  0.1327542E-03
-0.1439299E+01  0.1148495E-03
-0.1414268E+01  0.9739627E-04
-0.1389237E+01  0.8105771E-04
-0.1364205E+01  0.6626902E-04
-0.1339174E+01  0.5326616E-04
-0.1314143E+01  0.4212359E-04
-0.1289111E+01  0.3279431E-04
-0.1264080E+01  0.2514791E-04
-0.1239049E+01  0.1900368E-04
-0.1214018E+01  0.1415741E-04
-0.1188986E+01  0.1040153E-04
-0.1163955E+01  0.7539077E-05
-0.1138924E+01  0.5392265E-05
-0.1113892E+01  0.3806871E-05
-0.1088861E+01  0.2653443E-05
-0.1063830E+01  0.1826362E-05
-0.1038798E+01  0.1241600E-05
