 0.1913943E+01  0.1308719E-05
 0.1917945E+01  0.1842094E-05
 0.1921948E+01  0.2582898E-05
 0.1925951E+01  0.3607721E-05
 0.1929953E+01  0.5019825E-05
 0.1933956E+01  0.6957839E-05
 0.1937959E+01  0.9607054E-05
 0.1941961E+01  0.1321406E-04
 0.1945964E+01  0.1810557E-04
 0.1949967E+01  0.2471260E-04
 0.1953969E+01  0.3360118E-04
 0.1957972E+01  0.4551147E-04
 0.1961975E+01  0.6140691E-04
 0.1965977E+01  0.8253605E-04
 0.1969980E+01  0.1105097E-03
 0.1973983E+01  0.1473964E-03
 0.1977985E+01  0.1958410E-03
 0.1981988E+01  0.2592091E-03
 0.1985991E+01  0.3417647E-03
 0.1989993E+01  0.4488840E-03
 0.1993996E+01  0.5873151E-03
 0.1997999E+01  0.7654879E-03
 0.2002001E+01  0.9938836E-03
 0.2006004E+01  0.1285473E-02
 0.2010007E+01  0.1656228E-02
 0.2014009E+01  0.2125728E-02
 0.2018012E+01  0.2717848E-02
 0.2022015E+01  0.3461567E-02
 0.2026017E+01  0.4391880E-02
 0.2030020E+01  0.5550834E-02
 0.2034023E+01  0.6988696E-02
 0.2038025E+01  0.8765246E-02
 0.2042028E+01  0.1095121E-01
 0.2046031E+01  0.1362982E-01
 0.2050033E+01  0.1689851E-01
 0.2054036E+01  0.2087069E-01
 0.2058039E+01  0.2567764E-01
 0.2062041E+01  0.3147050E-01
 0.2066044E+01  0.3842219E-01
 0.2070047E+01  0.4672946E-01
 0.2074049E+01  0.5661473E-01
 0.2078052E+01  0.6832792E-01
 0.2082055E+01  0.8214802E-01
 0.2086057E+01  0.9838436E-01
 0.2090060E+01  0.1173776E+00
 0.2094063E+01  0.1395000E+00
 0.2098065E+01  0.1651556E+00
 0.2102068E+01  0.1947793E+00
 0.2106071E+01  0.2288348E+00
 0.2110073E+01  0.2678129E+00
 0.2114076E+01  0.3122274E+00
 0.2118079E+01  0.3626108E+00
 0.2122081E+01  0.4195082E+00
 0.2126084E+01  0.4834707E+00
 0.2130087E+01  0.5550474E+00
 0.2134089E+01  0.6347753E+00
 0.2138092E+01  0.7231694E+00
 0.2142095E+01  0.8207109E+00
 0.2146097E+01  0.9278342E+00
 0.2150100E+01  0.1044914E+01
 0.2154103E+01  0.1172252E+01
 0.2158105E+01  0.1310061E+01
 0.2162108E+01  0.1458452E+01
 0.2166111E+01  0.1617419E+01
 0.2170113E+01  0.1786831E+01
 0.2174116E+01  0.1966410E+01
 0.2178119E+01  0.2155733E+01
 0.2182121E+01  0.2354214E+01
 0.2186124E+01  0.2561103E+01
 0.2190127E+01  0.2775480E+01
 0.2194129E+01  0.2996259E+01
 0.2198132E+01  0.3222186E+01
 0.2202135E+01  0.3451851E+01
 0.2206137E+01  0.3683693E+01
 0.2210140E+01  0.3916021E+01
 0.2214143E+01  0.4147025E+01
 0.2218145E+01  0.4374801E+01
 0.2222148E+01  0.4597377E+01
 0.2226151E+01  0.4812736E+01
 0.2230153E+01  0.5018847E+01
 0.2234156E+01  0.5213700E+01
 0.2238159E+01  0.5395331E+01
 0.2242161E+01  0.5561864E+01
 0.2246164E+01  0.5711532E+01
 0.2250167E+01  0.5842719E+01
 0.2254169E+01  0.5953981E+01
 0.2258172E+01  0.6044077E+01
 0.2262175E+01  0.6111990E+01
 0.2266177E+01  0.6156946E+01
 0.2270180E+01  0.6178430E+01
 0.2274183E+01  0.6176195E+01
 0.2278185E+01  0.6150267E+01
 0.2282188E+01  0.6100943E+01
 0.2286191E+01  0.6028789E+01
 0.2290193E+01  0.5934625E+01
 0.2294196E+01  0.5819512E+01
 0.2298199E+01  0.5684732E+01
 0.2302201E+01  0.5531761E+01
 0.2306204E+01  0.5362249E+01
 0.2310207E+01  0.5177983E+01
 0.2314209E+01  0.4980860E+01
 0.2318212E+01  0.4772853E+01
 0.2322215E+01  0.4555982E+01
 0.2326217E+01  0.4332274E+01
 0.2330220E+01  0.4103741E+01
 0.2334223E+01  0.3872345E+01
 0.2338225E+01  0.3639974E+01
 0.2342228E+01  0.3408416E+01
 0.2346231E+01  0.3179340E+01
 0.2350233E+01  0.2954278E+01
 0.2354236E+01  0.2734614E+01
 0.2358239E+01  0.2521567E+01
 0.2362241E+01  0.2316196E+01
 0.2366244E+01  0.2119386E+01
 0.2370247E+01  0.1931857E+01
 0.2374249E+01  0.1754163E+01
 0.2378252E+01  0.1586701E+01
 0.2382255E+01  0.1429717E+01
 0.2386258E+01  0.1283321E+01
 0.2390260E+01  0.1147494E+01
 0.2394263E+01  0.1022106E+01
 0.2398266E+01  0.9069251E+00
 0.2402268E+01  0.8016355E+00
 0.2406271E+01  0.7058503E+00
 0.2410274E+01  0.6191249E+00
 0.2414276E+01  0.5409711E+00
 0.2418279E+01  0.4708689E+00
 0.2422282E+01  0.4082779E+00
 0.2426284E+01  0.3526484E+00
 0.2430287E+01  0.3034297E+00
 0.2434290E+01  0.2600784E+00
 0.2438292E+01  0.2220652E+00
 0.2442295E+01  0.1888804E+00
 0.2446298E+01  0.1600381E+00
 0.2450300E+01  0.1350797E+00
 0.2454303E+01  0.1135760E+00
 0.2458306E+01  0.9512908E-01
 0.2462308E+01  0.7937251E-01
 0.2466311E+01  0.6597159E-01
 0.2470314E+01  0.5462280E-01
 0.2474316E+01  0.4505272E-01
 0.2478319E+01  0.3701673E-01
 0.2482322E+01  0.3029740E-01
 0.2486324E+01  0.2470260E-01
 0.2490327E+01  0.2006365E-01
 0.2494330E+01  0.1623332E-01
 0.2498332E+01  0.1308383E-01
 0.2502335E+01  0.1050492E-01
 0.2506338E+01  0.8401954E-02
 0.2510340E+01  0.6694191E-02
 0.2514343E+01  0.5313075E-02
 0.2518346E+01  0.4200722E-02
 0.2522348E+01  0.3308506E-02
 0.2526351E+01  0.2595793E-02
 0.2530354E+01  0.2028796E-02
 0.2534356E+01  0.1579562E-02
 0.2538359E+01  0.1225082E-02
 0.2542362E+01  0.9465062E-03
 0.2546364E+01  0.7284705E-03
 0.2550367E+01  0.5585096E-03
 0.2554370E+01  0.4265592E-03
 0.2558372E+01  0.3245324E-03
 0.2562375E+01  0.2459614E-03
 0.2566378E+01  0.1856975E-03
 0.2570380E+01  0.1396610E-03
 0.2574383E+01  0.1046343E-03
 0.2578386E+01  0.7809142E-04
 0.2582388E+01  0.5805807E-04
 0.2586391E+01  0.4299837E-04
 0.2590394E+01  0.3172280E-04
 0.2594396E+01  0.2331423E-04
 0.2598399E+01  0.1706871E-04
 0.2602402E+01  0.1244831E-04
 0.2606404E+01  0.9043783E-05
 0.2610407E+01  0.6545156E-05
 0.2614410E+01  0.4718674E-05
 0.2618412E+01  0.3388832E-05
 0.2622415E+01  0.2424433E-05
 0.2626418E+01  0.1727827E-05
 0.2630420E+01  0.1226650E-05
