 0.20000E+00  0.99996E+00  0.13713E-19
 0.40000E+00  0.99993E+00 -0.25953E-18
 0.60000E+00  0.99988E+00 -0.20462E-18
 0.80000E+00  0.99981E+00  0.27799E-18
 0.10000E+01  0.99972E+00  0.74299E-18
 0.12000E+01  0.99960E+00  0.66955E-18
 0.14000E+01  0.99947E+00 -0.15468E-18
 0.16000E+01  0.99932E+00 -0.67198E-18
 0.18000E+01  0.99915E+00 -0.61747E-18
 0.20000E+01  0.99895E+00  0.92494E-18
 0.22000E+01  0.99874E+00  0.94326E-18
 0.24000E+01  0.99851E+00 -0.13365E-18
 0.26000E+01  0.99825E+00 -0.19826E-17
 0.28000E+01  0.99798E+00  0.65280E-18
 0.30000E+01  0.99768E+00  0.18416E-17
 0.32000E+01  0.99737E+00  0.99849E-18
 0.34000E+01  0.99704E+00  0.29003E-18
 0.36000E+01  0.99668E+00  0.28373E-18
 0.38000E+01  0.99631E+00  0.81151E-18
 0.40000E+01  0.99591E+00 -0.31035E-18
 0.42000E+01  0.99550E+00 -0.13144E-17
 0.44000E+01  0.99507E+00 -0.17802E-17
 0.46000E+01  0.99461E+00  0.27097E-18
 0.48000E+01  0.99414E+00  0.34473E-17
 0.50000E+01  0.99365E+00 -0.18346E-17
 0.52000E+01  0.99313E+00 -0.59449E-17
 0.54000E+01  0.99260E+00  0.19765E-17
 0.56000E+01  0.99205E+00  0.50942E-17
 0.58000E+01  0.99148E+00 -0.29800E-17
 0.60000E+01  0.99089E+00 -0.19913E-17
 0.62000E+01  0.99028E+00 -0.62919E-19
 0.64000E+01  0.98965E+00 -0.60985E-17
 0.66000E+01  0.98900E+00 -0.17509E-17
 0.68000E+01  0.98834E+00 -0.69968E-17
 0.70000E+01  0.98765E+00  0.12484E-17
 0.72000E+01  0.98695E+00 -0.42248E-17
 0.74000E+01  0.98623E+00 -0.38672E-18
 0.76000E+01  0.98548E+00 -0.74025E-17
 0.78000E+01  0.98472E+00 -0.18091E-17
 0.80000E+01  0.98395E+00  0.66266E-17
 0.82000E+01  0.98315E+00 -0.57357E-17
 0.84000E+01  0.98234E+00  0.29963E-17
 0.86000E+01  0.98150E+00  0.37893E-17
 0.88000E+01  0.98065E+00 -0.13838E-16
 0.90000E+01  0.97979E+00 -0.28979E-17
 0.92000E+01  0.97890E+00 -0.10274E-17
 0.94000E+01  0.97800E+00 -0.49922E-19
 0.96000E+01  0.97708E+00  0.68419E-18
 0.98000E+01  0.97614E+00  0.23999E-17
 0.10000E+02  0.97518E+00  0.35006E-17
 0.10200E+02  0.97421E+00  0.95560E-17
 0.10400E+02  0.97322E+00 -0.53162E-18
 0.10600E+02  0.97222E+00  0.45123E-17
 0.10800E+02  0.97120E+00  0.42158E-17
 0.11000E+02  0.97016E+00  0.24824E-17
 0.11200E+02  0.96910E+00 -0.74702E-17
 0.11400E+02  0.96803E+00 -0.13589E-16
 0.11600E+02  0.96695E+00  0.46707E-17
 0.11800E+02  0.96584E+00 -0.10110E-16
 0.12000E+02  0.96473E+00 -0.61782E-17
 0.12200E+02  0.96359E+00 -0.19074E-17
 0.12400E+02  0.96244E+00 -0.63615E-17
 0.12600E+02  0.96128E+00  0.82427E-18
 0.12800E+02  0.96010E+00 -0.22747E-17
 0.13000E+02  0.95891E+00 -0.83875E-17
 0.13200E+02  0.95770E+00 -0.61209E-17
 0.13400E+02  0.95647E+00 -0.65234E-17
 0.13600E+02  0.95524E+00 -0.10482E-16
 0.13800E+02  0.95399E+00 -0.51748E-17
 0.14000E+02  0.95272E+00 -0.18524E-17
 0.14200E+02  0.95144E+00  0.14297E-16
 0.14400E+02  0.95015E+00 -0.12926E-16
 0.14600E+02  0.94884E+00  0.34697E-18
 0.14800E+02  0.94752E+00  0.32056E-17
 0.15000E+02  0.94619E+00 -0.99213E-17
 0.15200E+02  0.94484E+00  0.12032E-16
 0.15400E+02  0.94348E+00  0.25040E-16
 0.15600E+02  0.94211E+00  0.75716E-17
 0.15800E+02  0.94073E+00  0.11628E-16
 0.16000E+02  0.93933E+00 -0.90001E-17
 0.16200E+02  0.93792E+00 -0.25676E-17
 0.16400E+02  0.93650E+00  0.19764E-16
 0.16600E+02  0.93507E+00 -0.75579E-17
 0.16800E+02  0.93362E+00  0.13500E-17
 0.17000E+02  0.93216E+00 -0.16229E-16
 0.17200E+02  0.93070E+00 -0.23886E-17
 0.17400E+02  0.92922E+00 -0.12667E-16
 0.17600E+02  0.92772E+00  0.83659E-17
 0.17800E+02  0.92622E+00 -0.20903E-17
 0.18000E+02  0.92471E+00  0.24107E-16
 0.18200E+02  0.92319E+00  0.13232E-16
 0.18400E+02  0.92165E+00  0.32369E-17
 0.18600E+02  0.92011E+00 -0.76233E-19
 0.18800E+02  0.91855E+00  0.78448E-17
 0.19000E+02  0.91698E+00 -0.17559E-17
 0.19200E+02  0.91541E+00  0.40488E-17
 0.19400E+02  0.91382E+00 -0.15718E-16
 0.19600E+02  0.91223E+00 -0.49060E-17
 0.19800E+02  0.91062E+00 -0.72235E-17
 0.20000E+02  0.90901E+00  0.99526E-17
 0.20200E+02  0.90739E+00  0.13097E-16
 0.20400E+02  0.90575E+00 -0.16605E-16
 0.20600E+02  0.90411E+00  0.28037E-17
 0.20800E+02  0.90246E+00 -0.55239E-17
 0.21000E+02  0.90080E+00  0.53202E-17
 0.21200E+02  0.89913E+00 -0.82488E-17
 0.21400E+02  0.89746E+00 -0.11138E-17
 0.21600E+02  0.89577E+00 -0.34635E-17
 0.21800E+02  0.89408E+00 -0.18391E-16
 0.22000E+02  0.89238E+00 -0.18981E-16
 0.22200E+02  0.89067E+00  0.13852E-16
 0.22400E+02  0.88896E+00  0.49026E-17
 0.22600E+02  0.88724E+00 -0.35592E-17
 0.22800E+02  0.88551E+00 -0.43114E-18
 0.23000E+02  0.88377E+00 -0.15546E-16
 0.23200E+02  0.88203E+00 -0.43817E-17
 0.23400E+02  0.88028E+00  0.11279E-16
 0.23600E+02  0.87852E+00 -0.27173E-17
 0.23800E+02  0.87676E+00  0.42360E-17
 0.24000E+02  0.87499E+00 -0.47112E-17
 0.24200E+02  0.87322E+00 -0.26885E-17
 0.24400E+02  0.87144E+00  0.83517E-18
 0.24600E+02  0.86966E+00  0.33644E-17
 0.24800E+02  0.86787E+00 -0.78639E-17
 0.25000E+02  0.86607E+00  0.23598E-17
 0.25200E+02  0.86427E+00  0.19646E-16
 0.25400E+02  0.86247E+00  0.16309E-16
 0.25600E+02  0.86067E+00 -0.18498E-16
 0.25800E+02  0.85885E+00 -0.38557E-17
 0.26000E+02  0.85704E+00  0.25716E-17
 0.26200E+02  0.85522E+00 -0.35586E-16
 0.26400E+02  0.85341E+00 -0.57022E-17
 0.26600E+02  0.85158E+00 -0.11398E-16
 0.26800E+02  0.84976E+00 -0.20044E-16
 0.27000E+02  0.84793E+00  0.84500E-17
 0.27200E+02  0.84611E+00 -0.24323E-16
 0.27400E+02  0.84428E+00  0.18059E-16
 0.27600E+02  0.84245E+00 -0.21589E-16
 0.27800E+02  0.84062E+00 -0.24225E-17
 0.28000E+02  0.83879E+00  0.23121E-16
 0.28200E+02  0.83697E+00 -0.23012E-16
 0.28400E+02  0.83514E+00 -0.19875E-16
 0.28600E+02  0.83331E+00 -0.27271E-16
 0.28800E+02  0.83149E+00  0.90565E-17
 0.29000E+02  0.82967E+00 -0.34593E-16
 0.29200E+02  0.82786E+00 -0.83924E-17
 0.29400E+02  0.82604E+00  0.69311E-16
 0.29600E+02  0.82424E+00 -0.87820E-17
 0.29800E+02  0.82243E+00  0.16995E-16
 0.30000E+02  0.82064E+00 -0.11404E-16
 0.30200E+02  0.81885E+00 -0.52652E-16
 0.30400E+02  0.81707E+00  0.19529E-16
 0.30600E+02  0.81530E+00  0.13969E-15
 0.30800E+02  0.81354E+00 -0.38699E-16
 0.31000E+02  0.81179E+00  0.13466E-15
 0.31200E+02  0.81005E+00  0.14112E-15
 0.31400E+02  0.80832E+00  0.94258E-16
 0.31600E+02  0.80661E+00 -0.56941E-16
 0.31800E+02  0.80491E+00  0.17822E-17
 0.32000E+02  0.80324E+00  0.33957E-15
 0.32200E+02  0.80157E+00 -0.22374E-15
 0.32400E+02  0.79993E+00 -0.77751E-16
 0.32600E+02  0.79831E+00  0.11477E-15
 0.32800E+02  0.79671E+00  0.55647E-15
 0.33000E+02  0.79513E+00 -0.33360E-15
 0.33200E+02  0.79358E+00  0.57650E-15
 0.33400E+02  0.79204E+00  0.14187E-15
 0.33600E+02  0.79053E+00 -0.22893E-14
 0.33800E+02  0.78905E+00 -0.24692E-14
 0.34000E+02  0.78759E+00 -0.19935E-14
 0.34200E+02  0.78615E+00 -0.43794E-14
 0.34400E+02  0.78474E+00  0.97313E-15
 0.34600E+02  0.78335E+00  0.47571E-15
 0.34800E+02  0.78198E+00  0.44315E-14
 0.35000E+02  0.78064E+00 -0.87593E-15
 0.35200E+02  0.77932E+00  0.22791E-14
 0.35400E+02  0.77802E+00 -0.27792E-13
 0.35600E+02  0.77675E+00  0.15778E-13
 0.35800E+02  0.77550E+00  0.71876E-14
 0.36000E+02  0.77429E+00 -0.23517E-14
 0.36200E+02  0.77311E+00 -0.79921E-13
 0.36400E+02  0.77198E+00 -0.65629E-13
 0.36600E+02  0.77089E+00  0.65548E-14
