 0.5282342E+00  0.3585257E+00
 0.6867340E+00  0.2653770E+00
 0.8452355E+00  0.1867706E+00
 0.1003738E+01  0.1206920E+00
 0.1162242E+01  0.6546409E-01
 0.1320747E+01  0.1970015E-01
 0.1479253E+01 -0.1773520E-01
 0.1637760E+01 -0.4775802E-01
 0.1796267E+01 -0.7109134E-01
 0.1954775E+01 -0.8828646E-01
 0.2113284E+01 -0.9973999E-01
 0.2271793E+01 -0.1057074E+00
 0.5283514E+00  0.7169622E+00
 0.6868208E+00  0.5306998E+00
 0.8452965E+00  0.3735106E+00
 0.1003778E+01  0.2413687E+00
 0.1162264E+01  0.1309221E+00
 0.1320754E+01  0.3939918E-01
 0.1479247E+01 -0.3546928E-01
 0.1637744E+01 -0.9551415E-01
 0.1796244E+01 -0.1421803E+00
 0.1954746E+01 -0.1765693E+00
 0.2113251E+01 -0.1994733E+00
 0.2271759E+01 -0.2114019E+00
 0.5285466E+00  0.1075219E+01
 0.6869653E+00  0.7959136E+00
 0.8453982E+00  0.5601892E+00
 0.1003843E+01  0.3620147E+00
 0.1162299E+01  0.1963680E+00
 0.1320764E+01  0.5909602E-01
 0.1479238E+01 -0.5320112E-01
 0.1637718E+01 -0.1432665E+00
 0.1796205E+01 -0.2132646E+00
 0.1954698E+01 -0.2648450E+00
 0.2113197E+01 -0.2991931E+00
 0.2271701E+01 -0.3170706E+00
 0.5288199E+00  0.1433207E+01
 0.6871676E+00  0.1060964E+01
 0.8455406E+00  0.7467758E+00
 0.1003935E+01  0.4826148E+00
 0.1162349E+01  0.2617956E+00
 0.1320779E+01  0.7878959E-01
 0.1479224E+01 -0.7092960E-01
 0.1637682E+01 -0.1910133E+00
 0.1796151E+01 -0.2843420E+00
 0.1954631E+01 -0.3531099E+00
 0.2113121E+01 -0.3988926E+00
 0.2271621E+01 -0.4227003E+00
 0.5291711E+00  0.1790835E+01
 0.6874276E+00  0.1325796E+01
 0.8457236E+00  0.9332394E+00
 0.1004054E+01  0.6031537E+00
 0.1162413E+01  0.3271991E+00
 0.1320799E+01  0.9847882E-01
 0.1479207E+01 -0.8865360E-01
 0.1637635E+01 -0.2387526E+00
 0.1796081E+01 -0.3554101E+00
 0.1954544E+01 -0.4413605E+00
 0.2113023E+01 -0.4985650E+00
 0.2271517E+01 -0.5282777E+00
 0.5296002E+00  0.2148014E+01
 0.6877452E+00  0.1590354E+01
 0.8459472E+00  0.1119549E+01
 0.1004198E+01  0.7236160E+00
 0.1162492E+01  0.3925723E+00
 0.1320822E+01  0.1181627E+00
 0.1479185E+01 -0.1063720E+00
 0.1637578E+01 -0.2864826E+00
 0.1795996E+01 -0.4264666E+00
 0.1954439E+01 -0.5295932E+00
 0.2112904E+01 -0.5982035E+00
 0.2271390E+01 -0.6337894E+00
 0.5301070E+00  0.2504652E+01
 0.6881205E+00  0.1854585E+01
 0.8462114E+00  0.1305675E+01
 0.1004369E+01  0.8439864E+00
 0.1162584E+01  0.4579093E+00
 0.1320850E+01  0.1378401E+00
 0.1479160E+01 -0.1240836E+00
 0.1637510E+01 -0.3342015E+00
 0.1795896E+01 -0.4975094E+00
 0.1954314E+01 -0.6178044E+00
 0.2112763E+01 -0.6978010E+00
 0.2271241E+01 -0.7392221E+00
 0.5306915E+00  0.2860659E+01
 0.6885533E+00  0.2118432E+01
 0.8465161E+00  0.1491585E+01
 0.1004566E+01  0.9642497E+00
 0.1162691E+01  0.5232042E+00
 0.1320882E+01  0.1575100E+00
 0.1479131E+01 -0.1417875E+00
 0.1637432E+01 -0.3819074E+00
 0.1795779E+01 -0.5685360E+00
 0.1954170E+01 -0.7059905E+00
 0.2112600E+01 -0.7973507E+00
 0.2271068E+01 -0.8445620E+00
 0.5313534E+00  0.3215944E+01
 0.6890435E+00  0.2381842E+01
 0.8468613E+00  0.1677249E+01
 0.1004789E+01  0.1084391E+01
 0.1162812E+01  0.5884508E+00
 0.1320919E+01  0.1771715E+00
 0.1479099E+01 -0.1594823E+00
 0.1637344E+01 -0.4295987E+00
 0.1795648E+01 -0.6395445E+00
 0.1954006E+01 -0.7941481E+00
 0.2112415E+01 -0.8968457E+00
 0.2270873E+01 -0.9497954E+00
 0.5320927E+00  0.3570418E+01
 0.6895911E+00  0.2644759E+01
 0.8472469E+00  0.1862637E+01
 0.1005038E+01  0.1204394E+01
 0.1162948E+01  0.6536434E+00
 0.1320960E+01  0.1968236E+00
 0.1479062E+01 -0.1771669E+00
 0.1637245E+01 -0.4772733E+00
 0.1795501E+01 -0.7105324E+00
 0.1953823E+01 -0.8822736E+00
 0.2112209E+01 -0.9962788E+00
 0.2270654E+01 -0.1054908E+01
 0.5329091E+00  0.3923989E+01
 0.6901959E+00  0.2907128E+01
 0.8476729E+00  0.2047716E+01
 0.1005314E+01  0.1324245E+01
 0.1163097E+01  0.7187760E+00
 0.1321005E+01  0.2164652E+00
 0.1479021E+01 -0.1948404E+00
 0.1637136E+01 -0.5249297E+00
 0.1795338E+01 -0.7814977E+00
 0.1953622E+01 -0.9703634E+00
 0.2111981E+01 -0.1095643E+01
 0.2270413E+01 -0.1159887E+01
 0.5338024E+00  0.4276566E+01
 0.6908578E+00  0.3168895E+01
 0.8481391E+00  0.2232457E+01
 0.1005615E+01  0.1443927E+01
 0.1163261E+01  0.7838427E+00
 0.1321054E+01  0.2360955E+00
 0.1478977E+01 -0.2125013E+00
 0.1637016E+01 -0.5725660E+00
 0.1795160E+01 -0.8524382E+00
 0.1953401E+01 -0.1058414E+01
 0.2111732E+01 -0.1194932E+01
 0.2270149E+01 -0.1264718E+01
 0.5347724E+00  0.4628059E+01
 0.6915766E+00  0.3430003E+01
 0.8486456E+00  0.2416829E+01
 0.1005943E+01  0.1563426E+01
 0.1163439E+01  0.8488378E+00
 0.1321107E+01  0.2557134E+00
 0.1478929E+01 -0.2301487E+00
 0.1636886E+01 -0.6201803E+00
 0.1794967E+01 -0.9233518E+00
 0.1953160E+01 -0.1146422E+01
 0.2111460E+01 -0.1294138E+01
 0.2269862E+01 -0.1369386E+01
 0.5358189E+00  0.4978378E+01
 0.6923523E+00  0.3690399E+01
 0.8491922E+00  0.2600801E+01
 0.1006297E+01  0.1682727E+01
 0.1163631E+01  0.9137552E+00
 0.1321165E+01  0.2753182E+00
 0.1478877E+01 -0.2477813E+00
 0.1636746E+01 -0.6677710E+00
 0.1794758E+01 -0.9942363E+00
 0.1952901E+01 -0.1234385E+01
 0.2111168E+01 -0.1393255E+01
 0.2269552E+01 -0.1473879E+01
 0.5369416E+00  0.5327433E+01
 0.6931846E+00  0.3950028E+01
 0.8497788E+00  0.2784342E+01
 0.1006676E+01  0.1801814E+01
 0.1163837E+01  0.9785891E+00
 0.1321227E+01  0.2949088E+00
 0.1478821E+01 -0.2653979E+00
 0.1636595E+01 -0.7153362E+00
 0.1794534E+01 -0.1065090E+01
 0.1952623E+01 -0.1322298E+01
 0.2110853E+01 -0.1492275E+01
 0.2269220E+01 -0.1578183E+01
 0.5381401E+00  0.5675134E+01
 0.6940734E+00  0.4208835E+01
 0.8504054E+00  0.2967422E+01
 0.1007082E+01  0.1920673E+01
 0.1164057E+01  0.1043334E+01
 0.1321294E+01  0.3144844E+00
 0.1478761E+01 -0.2829973E+00
 0.1636434E+01 -0.7628741E+00
 0.1794294E+01 -0.1135910E+01
 0.1952325E+01 -0.1410158E+01
 0.2110517E+01 -0.1591194E+01
 0.2268865E+01 -0.1682284E+01
 0.5394143E+00  0.6021392E+01
 0.6950184E+00  0.4466767E+01
 0.8510718E+00  0.3150010E+01
 0.1007513E+01  0.2039287E+01
 0.1164291E+01  0.1107983E+01
 0.1321364E+01  0.3340441E+00
 0.1478698E+01 -0.3005782E+00
 0.1636263E+01 -0.8103827E+00
 0.1794039E+01 -0.1206694E+01
 0.1952008E+01 -0.1497963E+01
 0.2110160E+01 -0.1690003E+01
 0.2268487E+01 -0.1786170E+01
 0.5407637E+00  0.6366120E+01
 0.6960196E+00  0.4723768E+01
 0.8517779E+00  0.3332076E+01
 0.1007970E+01  0.2157643E+01
 0.1164540E+01  0.1172532E+01
 0.1321439E+01  0.3535870E+00
 0.1478630E+01 -0.3181394E+00
 0.1636081E+01 -0.8578603E+00
 0.1793768E+01 -0.1277441E+01
 0.1951672E+01 -0.1585710E+01
 0.2109781E+01 -0.1788699E+01
 0.2268087E+01 -0.1889829E+01
 0.5421881E+00  0.6709230E+01
 0.6970767E+00  0.4979787E+01
 0.8525236E+00  0.3513590E+01
 0.1008453E+01  0.2275725E+01
 0.1164802E+01  0.1236974E+01
 0.1321518E+01  0.3731123E+00
 0.1478559E+01 -0.3356794E+00
 0.1635889E+01 -0.9053049E+00
 0.1793482E+01 -0.1348149E+01
 0.1951317E+01 -0.1673395E+01
 0.2109381E+01 -0.1887274E+01
 0.2267664E+01 -0.1993249E+01
 0.5436870E+00  0.7050638E+01
 0.6981894E+00  0.5234770E+01
 0.8533088E+00  0.3694520E+01
 0.1008962E+01  0.2393517E+01
 0.1165079E+01  0.1301302E+01
 0.1321602E+01  0.3926190E+00
 0.1478484E+01 -0.3531969E+00
 0.1635687E+01 -0.9527143E+00
 0.1793181E+01 -0.1418815E+01
 0.1950943E+01 -0.1761016E+01
 0.2108959E+01 -0.1985724E+01
 0.2267218E+01 -0.2096421E+01
 0.5452601E+00  0.7390257E+01
 0.6993575E+00  0.5488664E+01
 0.8541334E+00  0.3874839E+01
 0.1009496E+01  0.2511005E+01
 0.1165369E+01  0.1365512E+01
 0.1321690E+01  0.4121063E+00
 0.1478405E+01 -0.3706905E+00
 0.1635474E+01 -0.1000087E+01
 0.1792864E+01 -0.1489437E+01
 0.1950550E+01 -0.1848570E+01
 0.2108515E+01 -0.2084045E+01
 0.2266750E+01 -0.2199335E+01
 0.5469070E+00  0.7728006E+01
 0.7005809E+00  0.5741419E+01
 0.8549972E+00  0.4054515E+01
 0.1010056E+01  0.2628173E+01
 0.1165674E+01  0.1429597E+01
 0.1321781E+01  0.4315732E+00
 0.1478322E+01 -0.3881587E+00
 0.1635251E+01 -0.1047419E+01
 0.1792532E+01 -0.1560012E+01
 0.1950138E+01 -0.1936055E+01
 0.2108051E+01 -0.2182233E+01
 0.2266260E+01 -0.2301984E+01
 0.5486273E+00  0.8063804E+01
 0.7018591E+00  0.5992983E+01
 0.8559000E+00  0.4233519E+01
 0.1010641E+01  0.2745007E+01
 0.1165992E+01  0.1493551E+01
 0.1321878E+01  0.4510188E+00
 0.1478236E+01 -0.4056000E+00
 0.1635018E+01 -0.1094711E+01
 0.1792184E+01 -0.1630540E+01
 0.1949706E+01 -0.2023469E+01
 0.2107565E+01 -0.2280284E+01
 0.2265747E+01 -0.2404360E+01
 0.5504205E+00  0.8397572E+01
 0.7031921E+00  0.6243308E+01
 0.8568418E+00  0.4411823E+01
 0.1011252E+01  0.2861491E+01
 0.1166325E+01  0.1557368E+01
 0.1321978E+01  0.4704421E+00
 0.1478146E+01 -0.4230127E+00
 0.1634774E+01 -0.1141958E+01
 0.1791821E+01 -0.1701017E+01
 0.1949256E+01 -0.2110809E+01
 0.2107057E+01 -0.2378195E+01
 0.2265212E+01 -0.2506459E+01
 0.5522862E+00  0.8729233E+01
 0.7045794E+00  0.6492343E+01
 0.8578223E+00  0.4589397E+01
 0.1011888E+01  0.2977609E+01
 0.1166671E+01  0.1621042E+01
 0.1322083E+01  0.4898422E+00
 0.1478052E+01 -0.4403952E+00
 0.1634520E+01 -0.1189158E+01
 0.1791443E+01 -0.1771441E+01
 0.1948787E+01 -0.2198074E+01
 0.2106528E+01 -0.2475967E+01
 0.2264655E+01 -0.2608278E+01
 0.5542240E+00  0.9058713E+01
 0.7060209E+00  0.6740042E+01
 0.8588415E+00  0.4766213E+01
 0.1012549E+01  0.3093348E+01
 0.1167031E+01  0.1684565E+01
 0.1322191E+01  0.5092180E+00
 0.1477954E+01 -0.4577458E+00
 0.1634256E+01 -0.1236310E+01
 0.1791049E+01 -0.1841810E+01
 0.1948298E+01 -0.2285262E+01
 0.2105978E+01 -0.2573596E+01
 0.2264076E+01 -0.2709815E+01
 0.5562332E+00  0.9385942E+01
 0.7075162E+00  0.6986359E+01
 0.8598990E+00  0.4942242E+01
 0.1013236E+01  0.3208691E+01
 0.1167405E+01  0.1747932E+01
 0.1322304E+01  0.5285683E+00
 0.1477852E+01 -0.4750627E+00
 0.1633981E+01 -0.1283409E+01
 0.1790640E+01 -0.1912121E+01
 0.1947791E+01 -0.2372373E+01
 0.2105407E+01 -0.2671084E+01
 0.2263474E+01 -0.2811073E+01
 0.5583135E+00  0.9710851E+01
 0.7090650E+00  0.7231247E+01
 0.8609949E+00  0.5117458E+01
 0.1013948E+01  0.3323623E+01
 0.1167793E+01  0.1811136E+01
 0.1322422E+01  0.5478921E+00
 0.1477747E+01 -0.4923439E+00
 0.1633697E+01 -0.1330453E+01
 0.1790216E+01 -0.1982372E+01
 0.1947265E+01 -0.2459404E+01
 0.2104814E+01 -0.2768432E+01
 0.2262851E+01 -0.2912053E+01
 0.5604643E+00  0.1003337E+02
 0.7106669E+00  0.7474664E+01
 0.8621288E+00  0.5291832E+01
 0.1014684E+01  0.3438130E+01
 0.1168194E+01  0.1874171E+01
 0.1322543E+01  0.5671882E+00
 0.1477638E+01 -0.5095875E+00
 0.1633402E+01 -0.1377439E+01
 0.1789777E+01 -0.2052560E+01
 0.1946719E+01 -0.2546355E+01
 0.2104201E+01 -0.2865641E+01
 0.2262205E+01 -0.3012762E+01
 0.5626852E+00  0.1035345E+02
 0.7123218E+00  0.7716566E+01
 0.8633006E+00  0.5465338E+01
 0.1015446E+01  0.3552195E+01
 0.1168609E+01  0.1937028E+01
 0.1322669E+01  0.5864551E+00
 0.1477525E+01 -0.5267915E+00
 0.1633096E+01 -0.1424363E+01
 0.1789322E+01 -0.2122682E+01
 0.1946155E+01 -0.2633226E+01
 0.2103566E+01 -0.2962715E+01
 0.2261538E+01 -0.3113207E+01
 0.5649755E+00  0.1067102E+02
 0.7140292E+00  0.7956914E+01
 0.8645102E+00  0.5637949E+01
 0.1016232E+01  0.3665804E+01
 0.1169038E+01  0.1999702E+01
 0.1322799E+01  0.6056917E+00
 0.1477408E+01 -0.5439537E+00
 0.1632781E+01 -0.1471222E+01
 0.1788852E+01 -0.2192735E+01
 0.1945572E+01 -0.2720015E+01
 0.2102910E+01 -0.3059657E+01
 0.2260849E+01 -0.3213399E+01
 0.5673347E+00  0.1098603E+02
 0.7157887E+00  0.8195668E+01
 0.8657572E+00  0.5809639E+01
 0.1017043E+01  0.3778941E+01
 0.1169480E+01  0.2062185E+01
 0.1322933E+01  0.6248965E+00
 0.1477288E+01 -0.5610720E+00
 0.1632455E+01 -0.1518012E+01
 0.1788366E+01 -0.2262716E+01
 0.1944970E+01 -0.2806724E+01
 0.2102233E+01 -0.3156473E+01
 0.2260138E+01 -0.3313350E+01
 0.5697622E+00  0.1129843E+02
 0.7176001E+00  0.8432791E+01
 0.8670415E+00  0.5980383E+01
 0.1017878E+01  0.3891590E+01
 0.1169937E+01  0.2124469E+01
 0.1323071E+01  0.6440680E+00
 0.1477164E+01 -0.5781441E+00
 0.1632119E+01 -0.1564730E+01
 0.1787866E+01 -0.2332622E+01
 0.1944349E+01 -0.2893352E+01
 0.2101534E+01 -0.3253169E+01
 0.2259405E+01 -0.3413075E+01
 0.5722575E+00  0.1160817E+02
 0.7194630E+00  0.8668246E+01
 0.8683630E+00  0.6150157E+01
 0.1018739E+01  0.4003737E+01
 0.1170406E+01  0.2186548E+01
 0.1323213E+01  0.6632046E+00
 0.1477036E+01 -0.5951677E+00
 0.1631774E+01 -0.1611371E+01
 0.1787350E+01 -0.2402450E+01
 0.1943709E+01 -0.2979898E+01
 0.2100815E+01 -0.3349752E+01
 0.2258651E+01 -0.3512593E+01
 0.5748201E+00  0.1191520E+02
 0.7213770E+00  0.8901999E+01
 0.8697213E+00  0.6318935E+01
 0.1019623E+01  0.4115367E+01
 0.1170889E+01  0.2248413E+01
 0.1323360E+01  0.6823048E+00
 0.1476904E+01 -0.6121403E+00
 0.1631417E+01 -0.1657931E+01
 0.1786819E+01 -0.2472197E+01
 0.1943050E+01 -0.3066365E+01
 0.2100075E+01 -0.3446230E+01
 0.2257875E+01 -0.3611922E+01
 0.5774492E+00  0.1221948E+02
 0.7233418E+00  0.9134017E+01
 0.8711162E+00  0.6486693E+01
 0.1020532E+01  0.4226463E+01
 0.1171386E+01  0.2310057E+01
 0.1323511E+01  0.7013668E+00
 0.1476769E+01 -0.6290595E+00
 0.1631051E+01 -0.1704406E+01
 0.1786273E+01 -0.2541858E+01
 0.1942373E+01 -0.3152751E+01
 0.2099313E+01 -0.3542612E+01
 0.2257077E+01 -0.3711086E+01
 0.5801442E+00  0.1252098E+02
 0.7253569E+00  0.9364269E+01
 0.8725476E+00  0.6653409E+01
 0.1021465E+01  0.4337011E+01
 0.1171896E+01  0.2371472E+01
 0.1323666E+01  0.7203888E+00
 0.1476630E+01 -0.6459228E+00
 0.1630675E+01 -0.1750792E+01
 0.1785711E+01 -0.2611431E+01
 0.1941677E+01 -0.3239059E+01
 0.2098531E+01 -0.3638906E+01
 0.2256258E+01 -0.3810107E+01
 0.5829047E+00  0.1281967E+02
 0.7274219E+00  0.9592724E+01
 0.8740152E+00  0.6819060E+01
 0.1022421E+01  0.4446995E+01
 0.1172419E+01  0.2432650E+01
 0.1323825E+01  0.7393690E+00
 0.1476488E+01 -0.6627276E+00
 0.1630288E+01 -0.1797082E+01
 0.1785135E+01 -0.2680910E+01
 0.1940962E+01 -0.3325288E+01
 0.2097728E+01 -0.3735125E+01
 0.2255417E+01 -0.3909012E+01
 0.5857299E+00  0.1311550E+02
 0.7295366E+00  0.9819355E+01
 0.8755188E+00  0.6983622E+01
 0.1023402E+01  0.4556401E+01
 0.1172956E+01  0.2493583E+01
 0.1323988E+01  0.7583056E+00
 0.1476341E+01 -0.6794713E+00
 0.1629892E+01 -0.1843274E+01
 0.1784543E+01 -0.2750293E+01
 0.1940228E+01 -0.3411440E+01
 0.2096904E+01 -0.3831277E+01
 0.2254554E+01 -0.4007827E+01
 0.5886193E+00  0.1340845E+02
 0.7317004E+00  0.1004413E+02
 0.8770581E+00  0.7147074E+01
 0.1024407E+01  0.4665213E+01
 0.1173506E+01  0.2554262E+01
 0.1324155E+01  0.7771965E+00
 0.1476192E+01 -0.6961512E+00
 0.1629485E+01 -0.1889361E+01
 0.1783936E+01 -0.2819576E+01
 0.1939475E+01 -0.3497516E+01
 0.2096059E+01 -0.3927375E+01
 0.2253670E+01 -0.4106582E+01
 0.5915722E+00  0.1369849E+02
 0.7339130E+00  0.1026703E+02
 0.8786329E+00  0.7309395E+01
 0.1025435E+01  0.4773415E+01
 0.1174069E+01  0.2614681E+01
 0.1324326E+01  0.7960399E+00
 0.1476038E+01 -0.7127647E+00
 0.1629068E+01 -0.1935340E+01
 0.1783315E+01 -0.2888753E+01
 0.1938704E+01 -0.3583516E+01
 0.2095192E+01 -0.4023431E+01
 0.2252765E+01 -0.4205305E+01
 0.5945879E+00  0.1398560E+02
 0.7361739E+00  0.1048803E+02
 0.8802430E+00  0.7470562E+01
 0.1026487E+01  0.4880994E+01
 0.1174645E+01  0.2674830E+01
 0.1324502E+01  0.8148337E+00
 0.1475881E+01 -0.7293091E+00
 0.1628642E+01 -0.1981204E+01
 0.1782678E+01 -0.2957822E+01
 0.1937914E+01 -0.3669442E+01
 0.2094305E+01 -0.4119455E+01
 0.2251838E+01 -0.4304027E+01
 0.5976659E+00  0.1426975E+02
 0.7384828E+00  0.1070710E+02
 0.8818880E+00  0.7630557E+01
 0.1027562E+01  0.4987934E+01
 0.1175234E+01  0.2734701E+01
 0.1324681E+01  0.8335758E+00
 0.1475720E+01 -0.7457818E+00
 0.1628205E+01 -0.2026949E+01
 0.1782026E+01 -0.3026777E+01
 0.1937105E+01 -0.3755294E+01
 0.2093397E+01 -0.4215459E+01
 0.2250890E+01 -0.4402777E+01
 0.6008055E+00  0.1455092E+02
 0.7408392E+00  0.1092421E+02
 0.8835677E+00  0.7789357E+01
 0.1028660E+01  0.5094221E+01
 0.1175836E+01  0.2794286E+01
 0.1324865E+01  0.8522643E+00
 0.1475556E+01 -0.7621799E+00
 0.1627759E+01 -0.2072569E+01
 0.1781359E+01 -0.3095615E+01
 0.1936277E+01 -0.3841073E+01
 0.2092469E+01 -0.4311456E+01
 0.2249920E+01 -0.4501585E+01
 0.6040060E+00  0.1482910E+02
 0.7432426E+00  0.1113935E+02
 0.8852820E+00  0.7946942E+01
 0.1029781E+01  0.5199840E+01
 0.1176452E+01  0.2853578E+01
 0.1325053E+01  0.8708971E+00
 0.1475388E+01 -0.7785010E+00
 0.1627302E+01 -0.2118060E+01
 0.1780677E+01 -0.3164330E+01
 0.1935431E+01 -0.3926780E+01
 0.2091519E+01 -0.4407455E+01
 0.2248928E+01 -0.4600480E+01
 0.6072667E+00  0.1510425E+02
 0.7456928E+00  0.1135249E+02
 0.8870304E+00  0.8103294E+01
 0.1030926E+01  0.5304776E+01
 0.1177080E+01  0.2912568E+01
 0.1325245E+01  0.8894723E+00
 0.1475217E+01 -0.7947423E+00
 0.1626836E+01 -0.2163417E+01
 0.1779980E+01 -0.3232919E+01
 0.1934566E+01 -0.4012415E+01
 0.2090548E+01 -0.4503468E+01
 0.2247915E+01 -0.4699491E+01
 0.6105871E+00  0.1537636E+02
 0.7481891E+00  0.1156361E+02
 0.8888127E+00  0.8258392E+01
 0.1032093E+01  0.5409016E+01
 0.1177721E+01  0.2971247E+01
 0.1325440E+01  0.9079878E+00
 0.1475042E+01 -0.8109012E+00
 0.1626359E+01 -0.2208633E+01
 0.1779268E+01 -0.3301378E+01
 0.1933683E+01 -0.4097977E+01
 0.2089557E+01 -0.4599504E+01
 0.2246880E+01 -0.4798643E+01
 0.6139665E+00  0.1564540E+02
 0.7507312E+00  0.1177269E+02
 0.8906287E+00  0.8412216E+01
 0.1033282E+01  0.5512545E+01
 0.1178374E+01  0.3029610E+01
 0.1325640E+01  0.9264418E+00
 0.1474863E+01 -0.8269753E+00
 0.1625873E+01 -0.2253706E+01
 0.1778542E+01 -0.3369700E+01
 0.1932781E+01 -0.4183467E+01
 0.2088544E+01 -0.4695572E+01
 0.2245824E+01 -0.4897961E+01
 0.6174041E+00  0.1591136E+02
 0.7533187E+00  0.1197970E+02
 0.8924781E+00  0.8564747E+01
 0.1034495E+01  0.5615350E+01
 0.1179041E+01  0.3087647E+01
 0.1325844E+01  0.9448324E+00
 0.1474682E+01 -0.8429620E+00
 0.1625377E+01 -0.2298629E+01
 0.1777800E+01 -0.3437883E+01
 0.1931860E+01 -0.4268884E+01
 0.2087511E+01 -0.4791680E+01
 0.2244746E+01 -0.4997467E+01
 0.6208993E+00  0.1617420E+02
 0.7559510E+00  0.1218461E+02
 0.8943605E+00  0.8715966E+01
 0.1035729E+01  0.5717417E+01
 0.1179720E+01  0.3145352E+01
 0.1326052E+01  0.9631578E+00
 0.1474496E+01 -0.8588589E+00
 0.1624872E+01 -0.2343399E+01
 0.1777044E+01 -0.3505923E+01
 0.1930921E+01 -0.4354228E+01
 0.2086456E+01 -0.4887835E+01
 0.2243647E+01 -0.5097181E+01
 0.6244514E+00  0.1643391E+02
 0.7586277E+00  0.1238742E+02
 0.8962758E+00  0.8865852E+01
 0.1036986E+01  0.5818733E+01
 0.1180411E+01  0.3202717E+01
 0.1326264E+01  0.9814165E+00
 0.1474307E+01 -0.8746637E+00
 0.1624356E+01 -0.2388010E+01
 0.1776272E+01 -0.3573813E+01
 0.1929963E+01 -0.4439496E+01
 0.2085381E+01 -0.4984042E+01
 0.2242525E+01 -0.5197118E+01
 0.6280598E+00  0.1669045E+02
 0.7613484E+00  0.1258808E+02
 0.8982236E+00  0.9014388E+01
 0.1038264E+01  0.5919285E+01
 0.1181115E+01  0.3259737E+01
 0.1326479E+01  0.9996068E+00
 0.1474115E+01 -0.8903741E+00
 0.1623831E+01 -0.2432458E+01
 0.1775486E+01 -0.3641552E+01
 0.1928986E+01 -0.4524688E+01
 0.2084284E+01 -0.5080304E+01
 0.2241382E+01 -0.5297292E+01
 0.6317237E+00  0.1694380E+02
 0.7641126E+00  0.1278658E+02
 0.9002035E+00  0.9161553E+01
 0.1039565E+01  0.6019060E+01
 0.1181832E+01  0.3316404E+01
 0.1326699E+01  0.1017727E+01
 0.1473919E+01 -0.9059881E+00
 0.1623296E+01 -0.2476741E+01
 0.1774686E+01 -0.3709133E+01
 0.1927991E+01 -0.4609801E+01
 0.2083167E+01 -0.5176624E+01
 0.2240217E+01 -0.5397711E+01
 0.6354425E+00  0.1719392E+02
 0.7669197E+00  0.1298288E+02
 0.9022154E+00  0.9307327E+01
 0.1040887E+01  0.6118045E+01
 0.1182560E+01  0.3372712E+01
 0.1326923E+01  0.1035777E+01
 0.1473720E+01 -0.9215036E+00
 0.1622752E+01 -0.2520852E+01
 0.1773870E+01 -0.3776555E+01
 0.1926978E+01 -0.4694833E+01
 0.2082029E+01 -0.5273002E+01
 0.2239030E+01 -0.5498380E+01
 0.6392154E+00  0.1744078E+02
 0.7697694E+00  0.1317696E+02
 0.9042589E+00  0.9451692E+01
 0.1042231E+01  0.6216230E+01
 0.1183301E+01  0.3428656E+01
 0.1327151E+01  0.1053755E+01
 0.1473518E+01 -0.9369187E+00
 0.1622198E+01 -0.2564791E+01
 0.1773040E+01 -0.3843812E+01
 0.1925946E+01 -0.4779781E+01
 0.2080869E+01 -0.5369436E+01
 0.2237821E+01 -0.5599300E+01
 0.6430417E+00  0.1768433E+02
 0.7726612E+00  0.1336880E+02
 0.9063337E+00  0.9594628E+01
 0.1043596E+01  0.6313603E+01
 0.1184054E+01  0.3484230E+01
 0.1327382E+01  0.1071659E+01
 0.1473312E+01 -0.9522315E+00
 0.1621635E+01 -0.2608552E+01
 0.1772195E+01 -0.3910901E+01
 0.1924895E+01 -0.4864640E+01
 0.2079689E+01 -0.5465923E+01
 0.2236590E+01 -0.5700465E+01
 0.6469207E+00  0.1792454E+02
 0.7755944E+00  0.1355835E+02
 0.9084395E+00  0.9736114E+01
 0.1044982E+01  0.6410151E+01
 0.1184819E+01  0.3539429E+01
 0.1327618E+01  0.1089490E+01
 0.1473103E+01 -0.9674405E+00
 0.1621061E+01 -0.2652134E+01
 0.1771336E+01 -0.3977820E+01
 0.1923826E+01 -0.4949408E+01
 0.2078488E+01 -0.5562457E+01
 0.2235337E+01 -0.5801868E+01
 0.6508517E+00  0.1816136E+02
 0.7785688E+00  0.1374559E+02
 0.9105759E+00  0.9876131E+01
 0.1046389E+01  0.6505864E+01
 0.1185597E+01  0.3594249E+01
 0.1327857E+01  0.1107246E+01
 0.1472891E+01 -0.9825440E+00
 0.1620479E+01 -0.2695533E+01
 0.1770462E+01 -0.4044564E+01
 0.1922738E+01 -0.5034079E+01
 0.2077265E+01 -0.5659031E+01
 0.2234062E+01 -0.5903493E+01
 0.6548339E+00  0.1839474E+02
 0.7815836E+00  0.1393049E+02
 0.9127427E+00  0.1001466E+02
 0.1047816E+01  0.6600733E+01
 0.1186386E+01  0.3648686E+01
 0.1328100E+01  0.1124928E+01
 0.1472675E+01 -0.9975408E+00
 0.1619887E+01 -0.2738749E+01
 0.1769574E+01 -0.4111131E+01
 0.1921632E+01 -0.5118649E+01
 0.2076022E+01 -0.5755634E+01
 0.2232765E+01 -0.6005321E+01
 0.6588666E+00  0.1862463E+02
 0.7846385E+00  0.1411301E+02
 0.9149395E+00  0.1015168E+02
 0.1049265E+01  0.6694746E+01
 0.1187186E+01  0.3702736E+01
 0.1328347E+01  0.1142535E+01
 0.1472456E+01 -0.1012429E+01
 0.1619286E+01 -0.2781778E+01
 0.1768671E+01 -0.4177517E+01
 0.1920508E+01 -0.5203111E+01
 0.2074758E+01 -0.5852254E+01
 0.2231445E+01 -0.6107330E+01
 0.6629490E+00  0.1885097E+02
 0.7877329E+00  0.1429312E+02
 0.9171660E+00  0.1028717E+02
 0.1050733E+01  0.6787894E+01
 0.1187999E+01  0.3756395E+01
 0.1328598E+01  0.1160066E+01
 0.1472234E+01 -0.1027209E+01
 0.1618675E+01 -0.2824619E+01
 0.1767753E+01 -0.4243722E+01
 0.1919365E+01 -0.5287461E+01
 0.2073472E+01 -0.5948879E+01
 0.2230104E+01 -0.6209488E+01
 0.6670803E+00  0.1907371E+02
 0.7908663E+00  0.1447078E+02
 0.9194218E+00  0.1042111E+02
 0.1052222E+01  0.6880169E+01
 0.1188823E+01  0.3809662E+01
 0.1328852E+01  0.1177524E+01
 0.1472008E+01 -0.1041878E+01
 0.1618055E+01 -0.2867271E+01
 0.1766822E+01 -0.4309741E+01
 0.1918204E+01 -0.5371691E+01
 0.2072165E+01 -0.6045491E+01
 0.2228740E+01 -0.6311763E+01
 0.6712597E+00  0.1929279E+02
 0.7940381E+00  0.1464595E+02
 0.9217066E+00  0.1055348E+02
 0.1053731E+01  0.6971561E+01
 0.1189659E+01  0.3862535E+01
 0.1329111E+01  0.1194907E+01
 0.1471780E+01 -0.1056436E+01
 0.1617426E+01 -0.2909735E+01
 0.1765876E+01 -0.4375574E+01
 0.1917025E+01 -0.5455794E+01
 0.2070838E+01 -0.6142072E+01
 0.2227354E+01 -0.6414114E+01
 0.6754865E+00  0.1950814E+02
 0.7972478E+00  0.1481860E+02
 0.9240201E+00  0.1068426E+02
 0.1055260E+01  0.7062063E+01
 0.1190506E+01  0.3915010E+01
 0.1329373E+01  0.1212217E+01
 0.1471548E+01 -0.1070882E+01
 0.1616787E+01 -0.2952008E+01
 0.1764915E+01 -0.4441217E+01
 0.1915827E+01 -0.5539764E+01
 0.2069489E+01 -0.6238602E+01
 0.2225945E+01 -0.6516498E+01
 0.6797597E+00  0.1971970E+02
 0.8004948E+00  0.1498868E+02
 0.9263620E+00  0.1081344E+02
 0.1056808E+01  0.7151666E+01
 0.1191365E+01  0.3967088E+01
 0.1329639E+01  0.1229454E+01
 0.1471313E+01 -0.1085216E+01
 0.1616139E+01 -0.2994091E+01
 0.1763940E+01 -0.4506671E+01
 0.1914611E+01 -0.5623592E+01
 0.2068119E+01 -0.6335060E+01
 0.2224514E+01 -0.6618864E+01
 0.6840786E+00  0.1992740E+02
 0.8037786E+00  0.1515615E+02
 0.9287318E+00  0.1094098E+02
 0.1058376E+01  0.7240364E+01
 0.1192235E+01  0.4018767E+01
 0.1329909E+01  0.1246619E+01
 0.1471075E+01 -0.1099437E+01
 0.1615482E+01 -0.3035985E+01
 0.1762951E+01 -0.4571933E+01
 0.1913377E+01 -0.5707271E+01
 0.2066729E+01 -0.6431420E+01
 0.2223061E+01 -0.6721160E+01
 0.6884424E+00  0.2013117E+02
 0.8070986E+00  0.1532099E+02
 0.9311292E+00  0.1106688E+02
 0.1059963E+01  0.7328150E+01
 0.1193116E+01  0.4070047E+01
 0.1330182E+01  0.1263715E+01
 0.1470834E+01 -0.1113545E+01
 0.1614816E+01 -0.3077689E+01
 0.1761948E+01 -0.4637003E+01
 0.1912124E+01 -0.5790791E+01
 0.2065317E+01 -0.6527658E+01
 0.2221585E+01 -0.6823328E+01
 0.6928501E+00  0.2033095E+02
 0.8104542E+00  0.1548314E+02
 0.9335538E+00  0.1119111E+02
 0.1061569E+01  0.7415018E+01
 0.1194008E+01  0.4120929E+01
 0.1330459E+01  0.1280741E+01
 0.1470590E+01 -0.1127540E+01
 0.1614141E+01 -0.3119206E+01
 0.1760931E+01 -0.4701879E+01
 0.1910853E+01 -0.5874143E+01
 0.2063884E+01 -0.6623745E+01
 0.2220088E+01 -0.6925303E+01
 0.6973009E+00  0.2052666E+02
 0.8138449E+00  0.1564256E+02
 0.9360053E+00  0.1131365E+02
 0.1063194E+01  0.7500963E+01
 0.1194911E+01  0.4171412E+01
 0.1330740E+01  0.1297700E+01
 0.1470343E+01 -0.1141420E+01
 0.1613457E+01 -0.3160536E+01
 0.1759900E+01 -0.4766561E+01
 0.1909565E+01 -0.5957320E+01
 0.2062431E+01 -0.6719654E+01
 0.2218568E+01 -0.7027020E+01
 0.7017939E+00  0.2071823E+02
 0.8172700E+00  0.1579923E+02
 0.9384834E+00  0.1143449E+02
 0.1064838E+01  0.7585979E+01
 0.1195826E+01  0.4221497E+01
 0.1331025E+01  0.1314594E+01
 0.1470093E+01 -0.1155188E+01
 0.1612764E+01 -0.3201680E+01
 0.1758854E+01 -0.4831049E+01
 0.1908258E+01 -0.6040310E+01
 0.2060957E+01 -0.6815352E+01
 0.2217026E+01 -0.7128408E+01
 0.7063281E+00  0.2090560E+02
 0.8207289E+00  0.1595309E+02
 0.9409876E+00  0.1155361E+02
 0.1066499E+01  0.7670063E+01
 0.1196751E+01  0.4271187E+01
 0.1331313E+01  0.1331424E+01
 0.1469839E+01 -0.1168842E+01
 0.1612062E+01 -0.3242640E+01
 0.1757795E+01 -0.4895342E+01
 0.1906933E+01 -0.6123105E+01
 0.2059461E+01 -0.6910808E+01
 0.2215462E+01 -0.7229392E+01
 0.7109028E+00  0.2108869E+02
 0.8242210E+00  0.1610411E+02
 0.9435175E+00  0.1167099E+02
 0.1068180E+01  0.7753210E+01
 0.1197687E+01  0.4320482E+01
 0.1331605E+01  0.1348192E+01
 0.1469583E+01 -0.1182382E+01
 0.1611351E+01 -0.3283419E+01
 0.1756721E+01 -0.4959441E+01
 0.1905590E+01 -0.6205695E+01
 0.2057945E+01 -0.7005990E+01
 0.2213876E+01 -0.7329894E+01
 0.7155168E+00  0.2126745E+02
 0.8277457E+00  0.1625225E+02
 0.9460728E+00  0.1178662E+02
 0.1069878E+01  0.7835417E+01
 0.1198633E+01  0.4369385E+01
 0.1331901E+01  0.1364900E+01
 0.1469324E+01 -0.1195810E+01
 0.1610632E+01 -0.3324019E+01
 0.1755634E+01 -0.5023345E+01
 0.1904229E+01 -0.6288069E+01
 0.2056409E+01 -0.7100862E+01
 0.2212268E+01 -0.7429832E+01
 0.7201693E+00  0.2144180E+02
 0.8313024E+00  0.1639748E+02
 0.9486532E+00  0.1190047E+02
 0.1071594E+01  0.7916681E+01
 0.1199590E+01  0.4417897E+01
 0.1332200E+01  0.1381552E+01
 0.1469062E+01 -0.1209125E+01
 0.1609903E+01 -0.3364442E+01
 0.1754532E+01 -0.5087055E+01
 0.1902850E+01 -0.6370218E+01
 0.2054851E+01 -0.7195390E+01
 0.2210639E+01 -0.7529122E+01
 0.7248593E+00  0.2161169E+02
 0.8348904E+00  0.1653977E+02
 0.9512581E+00  0.1201255E+02
 0.1073327E+01  0.7997001E+01
 0.1200558E+01  0.4466023E+01
 0.1332503E+01  0.1398148E+01
 0.1468797E+01 -0.1222329E+01
 0.1609166E+01 -0.3404690E+01
 0.1753417E+01 -0.5150571E+01
 0.1901453E+01 -0.6452131E+01
 0.2053273E+01 -0.7289537E+01
 0.2208987E+01 -0.7627677E+01
 0.7295858E+00  0.2177706E+02
 0.8385090E+00  0.1667907E+02
 0.9538873E+00  0.1212283E+02
 0.1075078E+01  0.8076376E+01
 0.1201536E+01  0.4513764E+01
 0.1332809E+01  0.1414691E+01
 0.1468530E+01 -0.1235421E+01
 0.1608419E+01 -0.3444766E+01
 0.1752288E+01 -0.5213894E+01
 0.1900038E+01 -0.6533798E+01
 0.2051675E+01 -0.7383267E+01
 0.2207315E+01 -0.7725405E+01
 0.7343479E+00  0.2193785E+02
 0.8421577E+00  0.1681537E+02
 0.9565402E+00  0.1223131E+02
 0.1076846E+01  0.8154804E+01
 0.1202525E+01  0.4561123E+01
 0.1333119E+01  0.1431183E+01
 0.1468259E+01 -0.1248403E+01
 0.1607665E+01 -0.3484673E+01
 0.1751145E+01 -0.5277025E+01
 0.1898606E+01 -0.6615207E+01
 0.2050056E+01 -0.7476541E+01
 0.2205621E+01 -0.7822216E+01
 0.7391445E+00  0.2209402E+02
 0.8458358E+00  0.1694864E+02
 0.9592167E+00  0.1233797E+02
 0.1078631E+01  0.8232285E+01
 0.1203524E+01  0.4608105E+01
 0.1333433E+01  0.1447627E+01
 0.1467986E+01 -0.1261274E+01
 0.1606901E+01 -0.3524415E+01
 0.1749989E+01 -0.5339964E+01
 0.1897156E+01 -0.6696350E+01
 0.2048417E+01 -0.7569322E+01
 0.2203907E+01 -0.7918013E+01
 0.7439746E+00  0.2224551E+02
 0.8495425E+00  0.1707885E+02
 0.9619161E+00  0.1244281E+02
 0.1080433E+01  0.8308820E+01
 0.1204533E+01  0.4654712E+01
 0.1333750E+01  0.1464026E+01
 0.1467710E+01 -0.1274037E+01
 0.1606129E+01 -0.3563993E+01
 0.1748818E+01 -0.5402712E+01
 0.1895688E+01 -0.6777216E+01
 0.2046758E+01 -0.7661571E+01
 0.2202171E+01 -0.8012699E+01
 0.7488372E+00  0.2239231E+02
 0.8532773E+00  0.1720598E+02
 0.9646382E+00  0.1254581E+02
 0.1082252E+01  0.8384411E+01
 0.1205552E+01  0.4700948E+01
 0.1334070E+01  0.1480380E+01
 0.1467431E+01 -0.1286691E+01
 0.1605348E+01 -0.3603412E+01
 0.1747635E+01 -0.5465270E+01
 0.1894203E+01 -0.6857793E+01
 0.2045079E+01 -0.7753250E+01
 0.2200415E+01 -0.8106176E+01
 0.7537312E+00  0.2253436E+02
 0.8570394E+00  0.1733001E+02
 0.9673826E+00  0.1264698E+02
 0.1084086E+01  0.8459058E+01
 0.1206581E+01  0.4746818E+01
 0.1334395E+01  0.1496693E+01
 0.1467149E+01 -0.1299238E+01
 0.1604559E+01 -0.3642673E+01
 0.1746437E+01 -0.5527639E+01
 0.1892700E+01 -0.6938072E+01
 0.2043380E+01 -0.7844319E+01
 0.2198639E+01 -0.8198343E+01
 0.7586557E+00  0.2267165E+02
 0.8608283E+00  0.1745094E+02
 0.9701488E+00  0.1274631E+02
 0.1085937E+01  0.8532765E+01
 0.1207620E+01  0.4792325E+01
 0.1334723E+01  0.1512967E+01
 0.1466864E+01 -0.1311678E+01
 0.1603761E+01 -0.3681781E+01
 0.1745226E+01 -0.5589820E+01
 0.1891180E+01 -0.7018043E+01
 0.2041661E+01 -0.7934738E+01
 0.2196843E+01 -0.8289096E+01
 0.7636096E+00  0.2280415E+02
 0.8646431E+00  0.1756874E+02
 0.9729364E+00  0.1284380E+02
 0.1087804E+01  0.8605535E+01
 0.1208669E+01  0.4837473E+01
 0.1335054E+01  0.1529203E+01
 0.1466577E+01 -0.1324014E+01
 0.1602955E+01 -0.3720738E+01
 0.1744001E+01 -0.5651814E+01
 0.1889642E+01 -0.7097695E+01
 0.2039923E+01 -0.8024470E+01
 0.2195028E+01 -0.8378333E+01
 0.7685918E+00  0.2293185E+02
 0.8684833E+00  0.1768343E+02
 0.9757451E+00  0.1293944E+02
 0.1089687E+01  0.8677371E+01
 0.1209728E+01  0.4882267E+01
 0.1335389E+01  0.1545404E+01
 0.1466288E+01 -0.1336245E+01
 0.1602140E+01 -0.3759547E+01
 0.1742763E+01 -0.5713622E+01
 0.1888087E+01 -0.7177019E+01
 0.2038165E+01 -0.8113474E+01
 0.2193193E+01 -0.8465948E+01
 0.7736013E+00  0.2305476E+02
 0.8723481E+00  0.1779498E+02
 0.9785744E+00  0.1303325E+02
 0.1091585E+01  0.8748278E+01
 0.1210797E+01  0.4926710E+01
 0.1335727E+01  0.1561572E+01
 0.1465995E+01 -0.1348373E+01
 0.1601316E+01 -0.3798211E+01
 0.1741512E+01 -0.5775245E+01
 0.1886515E+01 -0.7256005E+01
 0.2036387E+01 -0.8201711E+01
 0.2191339E+01 -0.8551834E+01
 0.7786371E+00  0.2317286E+02
 0.8762369E+00  0.1790341E+02
 0.9814239E+00  0.1312522E+02
 0.1093499E+01  0.8818261E+01
 0.1211875E+01  0.4970807E+01
 0.1336069E+01  0.1577709E+01
 0.1465700E+01 -0.1360399E+01
 0.1600485E+01 -0.3836734E+01
 0.1740247E+01 -0.5836684E+01
 0.1884926E+01 -0.7334643E+01
 0.2034591E+01 -0.8289143E+01
 0.2189467E+01 -0.8635883E+01
 0.7836981E+00  0.2328617E+02
 0.8801489E+00  0.1800871E+02
 0.9842933E+00  0.1321536E+02
 0.1095428E+01  0.8887326E+01
 0.1212963E+01  0.5014563E+01
 0.1336415E+01  0.1593816E+01
 0.1465402E+01 -0.1372325E+01
 0.1599645E+01 -0.3875119E+01
 0.1738969E+01 -0.5897940E+01
 0.1883319E+01 -0.7412924E+01
 0.2032776E+01 -0.8375732E+01
 0.2187576E+01 -0.8717987E+01
 0.7887832E+00  0.2339471E+02
 0.8840836E+00  0.1811091E+02
 0.9871821E+00  0.1330368E+02
 0.1097371E+01  0.8955479E+01
 0.1214060E+01  0.5057982E+01
 0.1336764E+01  0.1609895E+01
 0.1465102E+01 -0.1384151E+01
 0.1598796E+01 -0.3913367E+01
 0.1737677E+01 -0.5959014E+01
 0.1881696E+01 -0.7490839E+01
 0.2030941E+01 -0.8461438E+01
 0.2185668E+01 -0.8798035E+01
 0.7938915E+00  0.2349850E+02
 0.8880401E+00  0.1821001E+02
 0.9900900E+00  0.1339019E+02
 0.1099330E+01  0.9022727E+01
 0.1215166E+01  0.5101067E+01
 0.1337116E+01  0.1625947E+01
 0.1464799E+01 -0.1395879E+01
 0.1597940E+01 -0.3951482E+01
 0.1736372E+01 -0.6019907E+01
 0.1880055E+01 -0.7568380E+01
 0.2029089E+01 -0.8546224E+01
 0.2183743E+01 -0.8875916E+01
 0.7990219E+00  0.2359757E+02
 0.8920180E+00  0.1830602E+02
 0.9930165E+00  0.1347489E+02
 0.1101303E+01  0.9089078E+01
 0.1216282E+01  0.5143825E+01
 0.1337472E+01  0.1641975E+01
 0.1464494E+01 -0.1407509E+01
 0.1597075E+01 -0.3989466E+01
 0.1735054E+01 -0.6080621E+01
 0.1878398E+01 -0.7645538E+01
 0.2027218E+01 -0.8630054E+01
 0.2181801E+01 -0.8951518E+01
 0.8041733E+00  0.2369196E+02
 0.8960164E+00  0.1839898E+02
 0.9959612E+00  0.1355780E+02
 0.1103290E+01  0.9154539E+01
 0.1217408E+01  0.5186259E+01
 0.1337832E+01  0.1657979E+01
 0.1464186E+01 -0.1419044E+01
 0.1596201E+01 -0.4027323E+01
 0.1733723E+01 -0.6141156E+01
 0.1876724E+01 -0.7722304E+01
 0.2025328E+01 -0.8712888E+01
 0.2179842E+01 -0.9024729E+01
 0.8093449E+00  0.2378172E+02
 0.9000348E+00  0.1848891E+02
 0.9989239E+00  0.1363894E+02
 0.1105291E+01  0.9219119E+01
 0.1218542E+01  0.5228375E+01
 0.1338195E+01  0.1673962E+01
 0.1463876E+01 -0.1430484E+01
 0.1595320E+01 -0.4065055E+01
 0.1732378E+01 -0.6201513E+01
 0.1875033E+01 -0.7798672E+01
 0.2023421E+01 -0.8794693E+01
 0.2177869E+01 -0.9095432E+01
 0.8145354E+00  0.2386688E+02
 0.9040724E+00  0.1857583E+02
 0.1001904E+01  0.1371832E+02
 0.1107307E+01  0.9282827E+01
 0.1219686E+01  0.5270176E+01
 0.1338561E+01  0.1689924E+01
 0.1463563E+01 -0.1441829E+01
 0.1594430E+01 -0.4102663E+01
 0.1731020E+01 -0.6261695E+01
 0.1873326E+01 -0.7874634E+01
 0.2021496E+01 -0.8875431E+01
 0.2175879E+01 -0.9163515E+01
 0.8197440E+00  0.2394752E+02
 0.9081286E+00  0.1865977E+02
 0.1004901E+01  0.1379596E+02
 0.1109336E+01  0.9345673E+01
 0.1220839E+01  0.5311667E+01
 0.1338931E+01  0.1705866E+01
 0.1463247E+01 -0.1453083E+01
 0.1593532E+01 -0.4140151E+01
 0.1729650E+01 -0.6321702E+01
 0.1871602E+01 -0.7950184E+01
 0.2019554E+01 -0.8955067E+01
 0.2173876E+01 -0.9228859E+01
 0.8249697E+00  0.2402369E+02
 0.9122028E+00  0.1874078E+02
 0.1007915E+01  0.1387188E+02
 0.1111379E+01  0.9407666E+01
 0.1222000E+01  0.5352854E+01
 0.1339304E+01  0.1721791E+01
 0.1462930E+01 -0.1464244E+01
 0.1592626E+01 -0.4177521E+01
 0.1728266E+01 -0.6381535E+01
 0.1869862E+01 -0.8025315E+01
 0.2017594E+01 -0.9033568E+01
 0.2171858E+01 -0.9291347E+01
 0.8302116E+00  0.2409546E+02
 0.9162943E+00  0.1881888E+02
 0.1010946E+01  0.1394609E+02
 0.1113435E+01  0.9468818E+01
 0.1223171E+01  0.5393740E+01
 0.1339681E+01  0.1737700E+01
 0.1462609E+01 -0.1475314E+01
 0.1591712E+01 -0.4214775E+01
 0.1726869E+01 -0.6441197E+01
 0.1868105E+01 -0.8100021E+01
 0.2015618E+01 -0.9110899E+01
 0.2169828E+01 -0.9350860E+01
 0.8354685E+00  0.2416291E+02
 0.9204025E+00  0.1889412E+02
 0.1013992E+01  0.1401862E+02
 0.1115505E+01  0.9529139E+01
 0.1224350E+01  0.5434332E+01
 0.1340062E+01  0.1753593E+01
 0.1462287E+01 -0.1486294E+01
 0.1590789E+01 -0.4251915E+01
 0.1725459E+01 -0.6500688E+01
 0.1866332E+01 -0.8174297E+01
 0.2013625E+01 -0.9187027E+01
 0.2167784E+01 -0.9407277E+01
 0.8407398E+00  0.2422610E+02
 0.9245268E+00  0.1896654E+02
 0.1017054E+01  0.1408949E+02
 0.1117587E+01  0.9588641E+01
 0.1225539E+01  0.5474633E+01
 0.1340445E+01  0.1769473E+01
 0.1461962E+01 -0.1497185E+01
 0.1589859E+01 -0.4288943E+01
 0.1724037E+01 -0.6560011E+01
 0.1864543E+01 -0.8248139E+01
 0.2011615E+01 -0.9261919E+01
 0.2165729E+01 -0.9460477E+01
 0.8460243E+00  0.2428511E+02
 0.9286666E+00  0.1903618E+02
 0.1020131E+01  0.1415873E+02
 0.1119683E+01  0.9647334E+01
 0.1226736E+01  0.5514650E+01
 0.1340833E+01  0.1785341E+01
 0.1461634E+01 -0.1507987E+01
 0.1588921E+01 -0.4325860E+01
 0.1722601E+01 -0.6619167E+01
 0.1862738E+01 -0.8321542E+01
 0.2009589E+01 -0.9335544E+01
 0.2163662E+01 -0.9510336E+01
 0.8513212E+00  0.2434004E+02
 0.9328212E+00  0.1910309E+02
 0.1023223E+01  0.1422636E+02
 0.1121791E+01  0.9705231E+01
 0.1227942E+01  0.5554386E+01
 0.1341223E+01  0.1801198E+01
 0.1461305E+01 -0.1518700E+01
 0.1587974E+01 -0.4362670E+01
 0.1721152E+01 -0.6678159E+01
 0.1860917E+01 -0.8394503E+01
 0.2007547E+01 -0.9407871E+01
 0.2161585E+01 -0.9556727E+01
 0.8566297E+00  0.2439095E+02
 0.9369902E+00  0.1916732E+02
 0.1026330E+01  0.1429240E+02
 0.1123912E+01  0.9762344E+01
 0.1229156E+01  0.5593849E+01
 0.1341617E+01  0.1817047E+01
 0.1460973E+01 -0.1529325E+01
 0.1587020E+01 -0.4399373E+01
 0.1719691E+01 -0.6736988E+01
 0.1859081E+01 -0.8467020E+01
 0.2005490E+01 -0.9478870E+01
 0.2159498E+01 -0.9599524E+01
 0.8619488E+00  0.2443795E+02
 0.9411728E+00  0.1922891E+02
 0.1029450E+01  0.1435687E+02
 0.1126045E+01  0.9818685E+01
 0.1230379E+01  0.5633043E+01
 0.1342015E+01  0.1832888E+01
 0.1460638E+01 -0.1539863E+01
 0.1586057E+01 -0.4435971E+01
 0.1718217E+01 -0.6795658E+01
 0.1857228E+01 -0.8539090E+01
 0.2003417E+01 -0.9548511E+01
 0.2157403E+01 -0.9638596E+01
 0.8672777E+00  0.2448112E+02
 0.9453686E+00  0.1928791E+02
 0.1032585E+01  0.1441982E+02
 0.1128190E+01  0.9874268E+01
 0.1231611E+01  0.5671973E+01
 0.1342416E+01  0.1848725E+01
 0.1460302E+01 -0.1550312E+01
 0.1585087E+01 -0.4472466E+01
 0.1716730E+01 -0.6854171E+01
 0.1855360E+01 -0.8610712E+01
 0.2001329E+01 -0.9616766E+01
 0.2155299E+01 -0.9673811E+01
 0.8726157E+00  0.2452054E+02
 0.9495770E+00  0.1934438E+02
 0.1035734E+01  0.1448125E+02
 0.1130347E+01  0.9929104E+01
 0.1232851E+01  0.5710646E+01
 0.1342821E+01  0.1864560E+01
 0.1459963E+01 -0.1560673E+01
 0.1584108E+01 -0.4508859E+01
 0.1715230E+01 -0.6912530E+01
 0.1853476E+01 -0.8681885E+01
 0.1999227E+01 -0.9683606E+01
 0.2153188E+01 -0.9705034E+01
 0.8779618E+00  0.2455632E+02
 0.9537973E+00  0.1939836E+02
 0.1038895E+01  0.1454120E+02
 0.1132516E+01  0.9983208E+01
 0.1234099E+01  0.5749067E+01
 0.1343229E+01  0.1880394E+01
 0.1459622E+01 -0.1570945E+01
 0.1583122E+01 -0.4545152E+01
 0.1713718E+01 -0.6970737E+01
 0.1851577E+01 -0.8752610E+01
 0.1997110E+01 -0.9749006E+01
 0.2151070E+01 -0.9732126E+01
 0.8833153E+00  0.2458853E+02
 0.9580292E+00  0.1944992E+02
 0.1042069E+01  0.1459970E+02
 0.1134697E+01  0.1003659E+02
 0.1235356E+01  0.5787242E+01
 0.1343640E+01  0.1896230E+01
 0.1459278E+01 -0.1581128E+01
 0.1582128E+01 -0.4581345E+01
 0.1712193E+01 -0.7028797E+01
 0.1849662E+01 -0.8822886E+01
 0.1994979E+01 -0.9812937E+01
 0.2148947E+01 -0.9754947E+01
 0.8886755E+00  0.2461728E+02
 0.9622721E+00  0.1949909E+02
 0.1045256E+01  0.1465677E+02
 0.1136889E+01  0.1008927E+02
 0.1236621E+01  0.5825179E+01
 0.1344055E+01  0.1912071E+01
 0.1458933E+01 -0.1591221E+01
 0.1581126E+01 -0.4617441E+01
 0.1710655E+01 -0.7086712E+01
 0.1847733E+01 -0.8892717E+01
 0.1992834E+01 -0.9875376E+01
 0.2146820E+01 -0.9773352E+01
 0.8940416E+00  0.2464266E+02
 0.9665254E+00  0.1954593E+02
 0.1048456E+01  0.1471244E+02
 0.1139093E+01  0.1014125E+02
 0.1237894E+01  0.5862882E+01
 0.1344473E+01  0.1927920E+01
 0.1458585E+01 -0.1601224E+01
 0.1580116E+01 -0.4653440E+01
 0.1709105E+01 -0.7144487E+01
 0.1845788E+01 -0.8962104E+01
 0.1990676E+01 -0.9936298E+01
 0.2144689E+01 -0.9787193E+01
 0.8994128E+00  0.2466475E+02
 0.9707887E+00  0.1959050E+02
 0.1051667E+01  0.1476673E+02
 0.1141308E+01  0.1019256E+02
 0.1239175E+01  0.5900359E+01
 0.1344895E+01  0.1943780E+01
 0.1458235E+01 -0.1611134E+01
 0.1579098E+01 -0.4689343E+01
 0.1707542E+01 -0.7202126E+01
 0.1843828E+01 -0.9031051E+01
 0.1988505E+01 -0.9995679E+01
 0.2142556E+01 -0.9796318E+01
 0.9047885E+00  0.2468366E+02
 0.9750614E+00  0.1963285E+02
 0.1054890E+01  0.1481969E+02
 0.1143534E+01  0.1024320E+02
 0.1240465E+01  0.5937616E+01
 0.1345320E+01  0.1959655E+01
 0.1457883E+01 -0.1620950E+01
 0.1578073E+01 -0.4725151E+01
 0.1705967E+01 -0.7259632E+01
 0.1841853E+01 -0.9099562E+01
 0.1986321E+01 -0.1005350E+02
 0.2140421E+01 -0.9800570E+01
 0.9101680E+00  0.2469946E+02
 0.9793431E+00  0.1967302E+02
 0.1058124E+01  0.1487132E+02
 0.1145771E+01  0.1029319E+02
 0.1241762E+01  0.5974661E+01
 0.1345749E+01  0.1975548E+01
 0.1457529E+01 -0.1630671E+01
 0.1577039E+01 -0.4760865E+01
 0.1704379E+01 -0.7317010E+01
 0.1839863E+01 -0.9167641E+01
 0.1984124E+01 -0.1010973E+02
 0.2138286E+01 -0.9799787E+01
 0.9155506E+00  0.2471226E+02
 0.9836334E+00  0.1971107E+02
 0.1061370E+01  0.1492167E+02
 0.1148019E+01  0.1034255E+02
 0.1243068E+01  0.6011500E+01
 0.1346181E+01  0.1991462E+01
 0.1457172E+01 -0.1640295E+01
 0.1575998E+01 -0.4796485E+01
 0.1702779E+01 -0.7374265E+01
 0.1837858E+01 -0.9235294E+01
 0.1981916E+01 -0.1016435E+02
 0.2136151E+01 -0.9793804E+01
 0.9209356E+00  0.2472214E+02
 0.9879317E+00  0.1974705E+02
 0.1064626E+01  0.1497076E+02
 0.1150278E+01  0.1039128E+02
 0.1244382E+01  0.6048142E+01
 0.1346616E+01  0.2007403E+01
 0.1456814E+01 -0.1649820E+01
 0.1574950E+01 -0.4832012E+01
 0.1701166E+01 -0.7431402E+01
 0.1835839E+01 -0.9302529E+01
 0.1979696E+01 -0.1021735E+02
 0.2134019E+01 -0.9782449E+01
 0.9263225E+00  0.2472918E+02
 0.9922376E+00  0.1978102E+02
 0.1067893E+01  0.1501861E+02
 0.1152547E+01  0.1043940E+02
 0.1245703E+01  0.6084592E+01
 0.1347056E+01  0.2023374E+01
 0.1456453E+01 -0.1659242E+01
 0.1573893E+01 -0.4867447E+01
 0.1699541E+01 -0.7488426E+01
 0.1833805E+01 -0.9369353E+01
 0.1977464E+01 -0.1026871E+02
 0.2131889E+01 -0.9765546E+01
 0.9317107E+00  0.2473349E+02
 0.9965507E+00  0.1981302E+02
 0.1071170E+01  0.1506526E+02
 0.1154827E+01  0.1048693E+02
 0.1247033E+01  0.6120860E+01
 0.1347498E+01  0.2039381E+01
 0.1456091E+01 -0.1668561E+01
 0.1572829E+01 -0.4902789E+01
 0.1697903E+01 -0.7545342E+01
 0.1831756E+01 -0.9435775E+01
 0.1975221E+01 -0.1031840E+02
 0.2129764E+01 -0.9742911E+01
 0.9370995E+00  0.2473514E+02
 0.1000871E+01  0.1984311E+02
 0.1074457E+01  0.1511073E+02
 0.1157117E+01  0.1053388E+02
 0.1248370E+01  0.6156953E+01
 0.1347944E+01  0.2055427E+01
 0.1455726E+01 -0.1677772E+01
 0.1571757E+01 -0.4938038E+01
 0.1696253E+01 -0.7602155E+01
 0.1829693E+01 -0.9501803E+01
 0.1972968E+01 -0.1036641E+02
 0.2127644E+01 -0.9714356E+01
 0.9424883E+00  0.2473422E+02
 0.1005197E+01  0.1987133E+02
 0.1077754E+01  0.1515505E+02
 0.1159417E+01  0.1058026E+02
 0.1249716E+01  0.6192880E+01
 0.1348394E+01  0.2071519E+01
 0.1455360E+01 -0.1686872E+01
 0.1570677E+01 -0.4973195E+01
 0.1694591E+01 -0.7658872E+01
 0.1827616E+01 -0.9567448E+01
 0.1970705E+01 -0.1041273E+02
 0.2125532E+01 -0.9679684E+01
 0.9478767E+00  0.2473082E+02
 0.1009529E+01  0.1989774E+02
 0.1081061E+01  0.1519824E+02
 0.1161727E+01  0.1062610E+02
 0.1251069E+01  0.6228648E+01
 0.1348847E+01  0.2087661E+01
 0.1454991E+01 -0.1695858E+01
 0.1569590E+01 -0.5008259E+01
 0.1692916E+01 -0.7715498E+01
 0.1825524E+01 -0.9632722E+01
 0.1968431E+01 -0.1045734E+02
 0.2123427E+01 -0.9638693E+01
 0.9532641E+00  0.2472502E+02
 0.1013867E+01  0.1992238E+02
 0.1084376E+01  0.1524035E+02
 0.1164047E+01  0.1067140E+02
 0.1252430E+01  0.6264267E+01
 0.1349303E+01  0.2103860E+01
 0.1454621E+01 -0.1704726E+01
 0.1568495E+01 -0.5043229E+01
 0.1691229E+01 -0.7772040E+01
 0.1823419E+01 -0.9697638E+01
 0.1966148E+01 -0.1050022E+02
 0.2121332E+01 -0.9591173E+01
 0.9586500E+00  0.2471691E+02
 0.1018210E+01  0.1994531E+02
 0.1087701E+01  0.1528138E+02
 0.1166376E+01  0.1071618E+02
 0.1253798E+01  0.6299745E+01
 0.1349764E+01  0.2120121E+01
 0.1454249E+01 -0.1713471E+01
 0.1567392E+01 -0.5078105E+01
 0.1689529E+01 -0.7828502E+01
 0.1821299E+01 -0.9762208E+01
 0.1963856E+01 -0.1054138E+02
 0.2119248E+01 -0.9536908E+01
 0.9640339E+00  0.2470657E+02
 0.1022557E+01  0.1996657E+02
 0.1091035E+01  0.1532138E+02
 0.1168716E+01  0.1076046E+02
 0.1255175E+01  0.6335091E+01
 0.1350227E+01  0.2136451E+01
 0.1453874E+01 -0.1722090E+01
 0.1566282E+01 -0.5112885E+01
 0.1687818E+01 -0.7884892E+01
 0.1819165E+01 -0.9826447E+01
 0.1961555E+01 -0.1058080E+02
 0.2117177E+01 -0.9475672E+01
 0.9694152E+00  0.2469407E+02
 0.1026910E+01  0.1998622E+02
 0.1094377E+01  0.1536036E+02
 0.1171065E+01  0.1080425E+02
 0.1256559E+01  0.6370315E+01
 0.1350694E+01  0.2152856E+01
 0.1453498E+01 -0.1730578E+01
 0.1565164E+01 -0.5147569E+01
 0.1686094E+01 -0.7941215E+01
 0.1817017E+01 -0.9890371E+01
 0.1959246E+01 -0.1061846E+02
 0.2115120E+01 -0.9407234E+01
 0.9747936E+00  0.2467951E+02
 0.1031266E+01  0.2000430E+02
 0.1097728E+01  0.1539836E+02
 0.1173424E+01  0.1084756E+02
 0.1257950E+01  0.6405425E+01
 0.1351165E+01  0.2169344E+01
 0.1453120E+01 -0.1738929E+01
 0.1564039E+01 -0.5182154E+01
 0.1684357E+01 -0.7997478E+01
 0.1814855E+01 -0.9953996E+01
 0.1956928E+01 -0.1065438E+02
 0.2113079E+01 -0.9331354E+01
 0.9801687E+00  0.2466296E+02
 0.1035626E+01  0.2002085E+02
 0.1101087E+01  0.1543540E+02
 0.1175792E+01  0.1089041E+02
 0.1259350E+01  0.6440432E+01
 0.1351640E+01  0.2185921E+01
 0.1452741E+01 -0.1747137E+01
 0.1562906E+01 -0.5216638E+01
 0.1682609E+01 -0.8053687E+01
 0.1812680E+01 -0.1001734E+02
 0.1954603E+01 -0.1068854E+02
 0.2111055E+01 -0.9247786E+01
 0.9855399E+00  0.2464451E+02
 0.1039989E+01  0.2003594E+02
 0.1104453E+01  0.1547151E+02
 0.1178169E+01  0.1093282E+02
 0.1260757E+01  0.6475345E+01
 0.1352118E+01  0.2202594E+01
 0.1452359E+01 -0.1755198E+01
 0.1561766E+01 -0.5251019E+01
 0.1680848E+01 -0.8109847E+01
 0.1810491E+01 -0.1008042E+02
 0.1952271E+01 -0.1072096E+02
 0.2109050E+01 -0.9156277E+01
 0.9909069E+00  0.2462424E+02
 0.1044356E+01  0.2004960E+02
 0.1107828E+01  0.1550672E+02
 0.1180555E+01  0.1097481E+02
 0.1262171E+01  0.6510174E+01
 0.1352599E+01  0.2219373E+01
 0.1451976E+01 -0.1763104E+01
 0.1560618E+01 -0.5285295E+01
 0.1679075E+01 -0.8165966E+01
 0.1808288E+01 -0.1014326E+02
 0.1949932E+01 -0.1075162E+02
 0.2107066E+01 -0.9056567E+01
 0.9962693E+00  0.2460222E+02
 0.1048726E+01  0.2006189E+02
 0.1111210E+01  0.1554105E+02
 0.1182951E+01  0.1101638E+02
 0.1263593E+01  0.6544928E+01
 0.1353085E+01  0.2236263E+01
 0.1451591E+01 -0.1770850E+01
 0.1559463E+01 -0.5319460E+01
 0.1677290E+01 -0.8222049E+01
 0.1806071E+01 -0.1020589E+02
 0.1947587E+01 -0.1078054E+02
 0.2105104E+01 -0.8948394E+01
 0.1001627E+01  0.2457854E+02
 0.1053098E+01  0.2007286E+02
 0.1114600E+01  0.1557453E+02
 0.1185356E+01  0.1105755E+02
 0.1265023E+01  0.6579617E+01
 0.1353574E+01  0.2253274E+01
 0.1451204E+01 -0.1778426E+01
 0.1558300E+01 -0.5353513E+01
 0.1675493E+01 -0.8278100E+01
 0.1803841E+01 -0.1026831E+02
 0.1945235E+01 -0.1080774E+02
 0.2103167E+01 -0.8831489E+01
 0.1006979E+01  0.2455329E+02
 0.1057472E+01  0.2008255E+02
 0.1117996E+01  0.1560720E+02
 0.1187769E+01  0.1109834E+02
 0.1266460E+01  0.6614252E+01
 0.1354067E+01  0.2270414E+01
 0.1450816E+01 -0.1785827E+01
 0.1557130E+01 -0.5387447E+01
 0.1673683E+01 -0.8334126E+01
 0.1801597E+01 -0.1033056E+02
 0.1942877E+01 -0.1083322E+02
 0.2101257E+01 -0.8705586E+01
 0.1012325E+01  0.2452654E+02
 0.1061848E+01  0.2009102E+02
 0.1121400E+01  0.1563907E+02
 0.1190191E+01  0.1113876E+02
 0.1267905E+01  0.6648842E+01
 0.1354563E+01  0.2287692E+01
 0.1450426E+01 -0.1793044E+01
 0.1555953E+01 -0.5421257E+01
 0.1671861E+01 -0.8390130E+01
 0.1799339E+01 -0.1039266E+02
 0.1940515E+01 -0.1085703E+02
 0.2099375E+01 -0.8570418E+01
 0.1017666E+01  0.2449839E+02
 0.1066226E+01  0.2009832E+02
 0.1124811E+01  0.1567018E+02
 0.1192622E+01  0.1117883E+02
 0.1269357E+01  0.6683396E+01
 0.1355063E+01  0.2305115E+01
 0.1450035E+01 -0.1800068E+01
 0.1554768E+01 -0.5454938E+01
 0.1670027E+01 -0.8446115E+01
 0.1797068E+01 -0.1045463E+02
 0.1938147E+01 -0.1087918E+02
 0.2097523E+01 -0.8425724E+01
 0.1023000E+01  0.2446892E+02
 0.1070605E+01  0.2010450E+02
 0.1128228E+01  0.1570055E+02
 0.1195062E+01  0.1121856E+02
 0.1270817E+01  0.6717923E+01
 0.1355568E+01  0.2322692E+01
 0.1449642E+01 -0.1806890E+01
 0.1553576E+01 -0.5488481E+01
 0.1668181E+01 -0.8502086E+01
 0.1794784E+01 -0.1051651E+02
 0.1935774E+01 -0.1089972E+02
 0.2095704E+01 -0.8271256E+01
 0.1028327E+01  0.2443823E+02
 0.1074986E+01  0.2010961E+02
 0.1131652E+01  0.1573022E+02
 0.1197511E+01  0.1125797E+02
 0.1272285E+01  0.6752432E+01
 0.1356076E+01  0.2340433E+01
 0.1449247E+01 -0.1813500E+01
 0.1552377E+01 -0.5521879E+01
 0.1666323E+01 -0.8558042E+01
 0.1792486E+01 -0.1057833E+02
 0.1933398E+01 -0.1091869E+02
 0.2093920E+01 -0.8106778E+01
 0.1033648E+01  0.2440641E+02
 0.1079368E+01  0.2011371E+02
 0.1135082E+01  0.1575920E+02
 0.1199968E+01  0.1129706E+02
 0.1273759E+01  0.6786930E+01
 0.1356587E+01  0.2358346E+01
 0.1448852E+01 -0.1819888E+01
 0.1551170E+01 -0.5555122E+01
 0.1664452E+01 -0.8613985E+01
 0.1790175E+01 -0.1064010E+02
 0.1931017E+01 -0.1093616E+02
 0.2092172E+01 -0.7932084E+01
 0.1038962E+01  0.2437356E+02
 0.1083750E+01  0.2011686E+02
 0.1138518E+01  0.1578753E+02
 0.1202433E+01  0.1133585E+02
 0.1275242E+01  0.6821425E+01
 0.1357103E+01  0.2376437E+01
 0.1448454E+01 -0.1826043E+01
 0.1549956E+01 -0.5588198E+01
 0.1662569E+01 -0.8669913E+01
 0.1787850E+01 -0.1070186E+02
 0.1928632E+01 -0.1095220E+02
 0.2090464E+01 -0.7747000E+01
 0.1044268E+01  0.2433979E+02
 0.1088133E+01  0.2011911E+02
 0.1141961E+01  0.1581524E+02
 0.1204907E+01  0.1137436E+02
 0.1276732E+01  0.6855922E+01
 0.1357623E+01  0.2394717E+01
 0.1448056E+01 -0.1831953E+01
 0.1548735E+01 -0.5621096E+01
 0.1660674E+01 -0.8725823E+01
 0.1785511E+01 -0.1076365E+02
 0.1926245E+01 -0.1096689E+02
 0.2088798E+01 -0.7551401E+01
 0.1049567E+01  0.2430520E+02
 0.1092517E+01  0.2012054E+02
 0.1145410E+01  0.1584235E+02
 0.1207389E+01  0.1141258E+02
 0.1278229E+01  0.6890424E+01
 0.1358147E+01  0.2413191E+01
 0.1447656E+01 -0.1837605E+01
 0.1547507E+01 -0.5653800E+01
 0.1658767E+01 -0.8781707E+01
 0.1783160E+01 -0.1082549E+02
 0.1923854E+01 -0.1098035E+02
 0.2087175E+01 -0.7345229E+01
 0.1054859E+01  0.2426993E+02
 0.1096900E+01  0.2012120E+02
 0.1148864E+01  0.1586889E+02
 0.1209880E+01  0.1145053E+02
 0.1279734E+01  0.6924934E+01
 0.1358674E+01  0.2431865E+01
 0.1447255E+01 -0.1842987E+01
 0.1546272E+01 -0.5686293E+01
 0.1656848E+01 -0.8837558E+01
 0.1780794E+01 -0.1088742E+02
 0.1921460E+01 -0.1099270E+02
 0.2085598E+01 -0.7128510E+01
 0.1060143E+01  0.2423409E+02
 0.1101284E+01  0.2012117E+02
 0.1152324E+01  0.1589488E+02
 0.1212379E+01  0.1148821E+02
 0.1281247E+01  0.6959450E+01
 0.1359206E+01  0.2450746E+01
 0.1446853E+01 -0.1848084E+01
 0.1545029E+01 -0.5718557E+01
 0.1654916E+01 -0.8893363E+01
 0.1778416E+01 -0.1094946E+02
 0.1919064E+01 -0.1100409E+02
 0.2084069E+01 -0.6901384E+01
 0.1065418E+01  0.2419782E+02
 0.1105668E+01  0.2012051E+02
 0.1155790E+01  0.1592036E+02
 0.1214886E+01  0.1152562E+02
 0.1282767E+01  0.6993970E+01
 0.1359742E+01  0.2469836E+01
 0.1446450E+01 -0.1852881E+01
 0.1543780E+01 -0.5750568E+01
 0.1652973E+01 -0.8949104E+01
 0.1776023E+01 -0.1101165E+02
 0.1916666E+01 -0.1101471E+02
 0.2082591E+01 -0.6664137E+01
 0.1070686E+01  0.2416129E+02
 0.1110051E+01  0.2011931E+02
 0.1159261E+01  0.1594535E+02
 0.1217401E+01  0.1156276E+02
 0.1284294E+01  0.7028484E+01
 0.1360282E+01  0.2489136E+01
 0.1446046E+01 -0.1857364E+01
 0.1542524E+01 -0.5782300E+01
 0.1651017E+01 -0.9004760E+01
 0.1773618E+01 -0.1107401E+02
 0.1914265E+01 -0.1102477E+02
 0.2081166E+01 -0.6417242E+01
 0.1075946E+01  0.2412464E+02
 0.1114434E+01  0.2011766E+02
 0.1162738E+01  0.1596987E+02
 0.1219924E+01  0.1159962E+02
 0.1285829E+01  0.7062978E+01
 0.1360827E+01  0.2508647E+01
 0.1445641E+01 -0.1861515E+01
 0.1541260E+01 -0.5813724E+01
 0.1649049E+01 -0.9060301E+01
 0.1771198E+01 -0.1113658E+02
 0.1911862E+01 -0.1103452E+02
 0.2079796E+01 -0.6161412E+01
 0.1081198E+01  0.2408808E+02
 0.1118817E+01  0.2011564E+02
 0.1166220E+01  0.1599395E+02
 0.1222455E+01  0.1163618E+02
 0.1287372E+01  0.7097433E+01
 0.1361376E+01  0.2528362E+01
 0.1445235E+01 -0.1865316E+01
 0.1539990E+01 -0.5844803E+01
 0.1647069E+01 -0.9115693E+01
 0.1768765E+01 -0.1119938E+02
 0.1909457E+01 -0.1104426E+02
 0.2078482E+01 -0.5897665E+01
 0.1086442E+01  0.2405179E+02
 0.1123199E+01  0.2011335E+02
 0.1169707E+01  0.1601760E+02
 0.1224994E+01  0.1167242E+02
 0.1288922E+01  0.7131820E+01
 0.1361929E+01  0.2548272E+01
 0.1444828E+01 -0.1868750E+01
 0.1538714E+01 -0.5875496E+01
 0.1645077E+01 -0.9170889E+01
 0.1766318E+01 -0.1126243E+02
 0.1907049E+01 -0.1105436E+02
 0.2077227E+01 -0.5627399E+01
 0.1091678E+01  0.2401601E+02
 0.1127581E+01  0.2011090E+02
 0.1173199E+01  0.1604083E+02
 0.1227541E+01  0.1170831E+02
 0.1290479E+01  0.7166100E+01
 0.1362486E+01  0.2568362E+01
 0.1444421E+01 -0.1871797E+01
 0.1537430E+01 -0.5905755E+01
 0.1643073E+01 -0.9225832E+01
 0.1763858E+01 -0.1132575E+02
 0.1904640E+01 -0.1106523E+02
 0.2076030E+01 -0.5352488E+01
 0.1096907E+01  0.2398099E+02
 0.1131962E+01  0.2010842E+02
 0.1176696E+01  0.1606367E+02
 0.1230096E+01  0.1174381E+02
 0.1292044E+01  0.7200222E+01
 0.1363048E+01  0.2588610E+01
 0.1444012E+01 -0.1874437E+01
 0.1536140E+01 -0.5935522E+01
 0.1641057E+01 -0.9280453E+01
 0.1761383E+01 -0.1138934E+02
 0.1902228E+01 -0.1107737E+02
 0.2074894E+01 -0.5075395E+01
 0.1102127E+01  0.2394702E+02
 0.1136343E+01  0.2010602E+02
 0.1180198E+01  0.1608612E+02
 0.1232658E+01  0.1177885E+02
 0.1293616E+01  0.7234117E+01
 0.1363614E+01  0.2608982E+01
 0.1443604E+01 -0.1876650E+01
 0.1534844E+01 -0.5964731E+01
 0.1639029E+01 -0.9334664E+01
 0.1758895E+01 -0.1145320E+02
 0.1899813E+01 -0.1109136E+02
 0.2073819E+01 -0.4799293E+01
 0.1107341E+01  0.2391442E+02
 0.1140723E+01  0.2010387E+02
 0.1183705E+01  0.1610817E+02
 0.1235228E+01  0.1181335E+02
 0.1295196E+01  0.7267697E+01
 0.1364185E+01  0.2629434E+01
 0.1443195E+01 -0.1878416E+01
 0.1533541E+01 -0.5993301E+01
 0.1636990E+01 -0.9388358E+01
 0.1756393E+01 -0.1151733E+02
 0.1897395E+01 -0.1110788E+02
 0.2072803E+01 -0.4528201E+01
 0.1112548E+01  0.2388355E+02
 0.1145102E+01  0.2010211E+02
 0.1187217E+01  0.1612982E+02
 0.1237805E+01  0.1184722E+02
 0.1296783E+01  0.7300849E+01
 0.1364760E+01  0.2649904E+01
 0.1442785E+01 -0.1879713E+01
 0.1532233E+01 -0.6021136E+01
 0.1634939E+01 -0.9441403E+01
 0.1753877E+01 -0.1158170E+02
 0.1894973E+01 -0.1112770E+02
 0.2071845E+01 -0.4267110E+01
 0.1117748E+01  0.2385482E+02
 0.1149482E+01  0.2010092E+02
 0.1190733E+01  0.1615105E+02
 0.1240390E+01  0.1188032E+02
 0.1298377E+01  0.7333432E+01
 0.1365339E+01  0.2670313E+01
 0.1442376E+01 -0.1880524E+01
 0.1530918E+01 -0.6048125E+01
 0.1632876E+01 -0.9493640E+01
 0.1751346E+01 -0.1164626E+02
 0.1892546E+01 -0.1115171E+02
 0.2070942E+01 -0.4022079E+01
 0.1122942E+01  0.2382866E+02
 0.1153861E+01  0.2010049E+02
 0.1194254E+01  0.1617184E+02
 0.1242982E+01  0.1191249E+02
 0.1299979E+01  0.7365268E+01
 0.1365923E+01  0.2690554E+01
 0.1441966E+01 -0.1880833E+01
 0.1529597E+01 -0.6074132E+01
 0.1630802E+01 -0.9544872E+01
 0.1748802E+01 -0.1171094E+02
 0.1890113E+01 -0.1118091E+02
 0.2070091E+01 -0.3800235E+01
 0.1128131E+01  0.2380557E+02
 0.1158240E+01  0.2010104E+02
 0.1197780E+01  0.1619213E+02
 0.1245581E+01  0.1194355E+02
 0.1301587E+01  0.7396139E+01
 0.1366511E+01  0.2710493E+01
 0.1441556E+01 -0.1880628E+01
 0.1528271E+01 -0.6099001E+01
 0.1628717E+01 -0.9594867E+01
 0.1746243E+01 -0.1177567E+02
 0.1887674E+01 -0.1121636E+02
 0.2069284E+01 -0.3609625E+01
 0.1133315E+01  0.2378604E+02
 0.1162620E+01  0.2010277E+02
 0.1201310E+01  0.1621187E+02
 0.1248186E+01  0.1197327E+02
 0.1303201E+01  0.7425784E+01
 0.1367104E+01  0.2729961E+01
 0.1441147E+01 -0.1879906E+01
 0.1526940E+01 -0.6122548E+01
 0.1626621E+01 -0.9643347E+01
 0.1743671E+01 -0.1184032E+02
 0.1885225E+01 -0.1125916E+02
 0.2068515E+01 -0.3458778E+01
 0.1138496E+01  0.2377058E+02
 0.1167000E+01  0.2010590E+02
 0.1204844E+01  0.1623099E+02
 0.1250798E+01  0.1200139E+02
 0.1304822E+01  0.7453900E+01
 0.1367701E+01  0.2748751E+01
 0.1440737E+01 -0.1878673E+01
 0.1525604E+01 -0.6144564E+01
 0.1624515E+01 -0.9689994E+01
 0.1741084E+01 -0.1190477E+02
 0.1882767E+01 -0.1131038E+02
 0.2067774E+01 -0.3355878E+01
 0.1143673E+01  0.2375963E+02
 0.1171381E+01  0.2011062E+02
 0.1208382E+01  0.1624941E+02
 0.1253415E+01  0.1202763E+02
 0.1306449E+01  0.7480152E+01
 0.1368302E+01  0.2766624E+01
 0.1440328E+01 -0.1876953E+01
 0.1524263E+01 -0.6164824E+01
 0.1622399E+01 -0.9734450E+01
 0.1738484E+01 -0.1196884E+02
 0.1880297E+01 -0.1137090E+02
 0.2067049E+01 -0.3307457E+01
 0.1148849E+01  0.2375351E+02
 0.1175763E+01  0.2011707E+02
 0.1211924E+01  0.1626703E+02
 0.1256038E+01  0.1205172E+02
 0.1308081E+01  0.7504189E+01
 0.1368906E+01  0.2783311E+01
 0.1439919E+01 -0.1874787E+01
 0.1522918E+01 -0.6183093E+01
 0.1620274E+01 -0.9776341E+01
 0.1735869E+01 -0.1203238E+02
 0.1877812E+01 -0.1144130E+02
 0.2066328E+01 -0.3316663E+01
 0.1154024E+01  0.2375237E+02
 0.1180146E+01  0.2012531E+02
 0.1215470E+01  0.1628376E+02
 0.1258666E+01  0.1207340E+02
 0.1309719E+01  0.7525685E+01
 0.1369514E+01  0.2798540E+01
 0.1439511E+01 -0.1872241E+01
 0.1521569E+01 -0.6199157E+01
 0.1618140E+01 -0.9815298E+01
 0.1733241E+01 -0.1209520E+02
 0.1875310E+01 -0.1152168E+02
 0.2065600E+01 -0.3381484E+01
 0.1159199E+01  0.2375609E+02
 0.1184532E+01  0.2013531E+02
 0.1219019E+01  0.1629951E+02
 0.1261299E+01  0.1209250E+02
 0.1311360E+01  0.7544375E+01
 0.1370126E+01  0.2812064E+01
 0.1439104E+01 -0.1869401E+01
 0.1520217E+01 -0.6212849E+01
 0.1615997E+01 -0.9851009E+01
 0.1730599E+01 -0.1215717E+02
 0.1872791E+01 -0.1161157E+02
 0.2064851E+01 -0.3493627E+01
 0.1164375E+01  0.2376429E+02
 0.1188920E+01  0.2014688E+02
 0.1222572E+01  0.1631423E+02
 0.1263935E+01  0.1210893E+02
 0.1313006E+01  0.7560111E+01
 0.1370740E+01  0.2823699E+01
 0.1438697E+01 -0.1866371E+01
 0.1518862E+01 -0.6224086E+01
 0.1613847E+01 -0.9883264E+01
 0.1727944E+01 -0.1221814E+02
 0.1870250E+01 -0.1170992E+02
 0.2064075E+01 -0.3638867E+01
 0.1169554E+01  0.2377630E+02
 0.1193311E+01  0.2015975E+02
 0.1226128E+01  0.1632786E+02
 0.1266575E+01  0.1212273E+02
 0.1314654E+01  0.7572889E+01
 0.1371356E+01  0.2833358E+01
 0.1438290E+01 -0.1863259E+01
 0.1517505E+01 -0.6232896E+01
 0.1611691E+01 -0.9911994E+01
 0.1725275E+01 -0.1227802E+02
 0.1867688E+01 -0.1181522E+02
 0.2063265E+01 -0.3799272E+01
 0.1174735E+01  0.2379128E+02
 0.1197704E+01  0.2017355E+02
 0.1229687E+01  0.1634039E+02
 0.1269217E+01  0.1213407E+02
 0.1316305E+01  0.7582858E+01
 0.1371974E+01  0.2841071E+01
 0.1437885E+01 -0.1860165E+01
 0.1516146E+01 -0.6239420E+01
 0.1609529E+01 -0.9937293E+01
 0.1722594E+01 -0.1233673E+02
 0.1865102E+01 -0.1192582E+02
 0.2062420E+01 -0.3956676E+01
 0.1179921E+01  0.2380833E+02
 0.1202101E+01  0.2018785E+02
 0.1233248E+01  0.1635184E+02
 0.1271862E+01  0.1214318E+02
 0.1317958E+01  0.7590293E+01
 0.1372594E+01  0.2846975E+01
 0.1437480E+01 -0.1857164E+01
 0.1514786E+01 -0.6243899E+01
 0.1607361E+01 -0.9959401E+01
 0.1719900E+01 -0.1239424E+02
 0.1862491E+01 -0.1204009E+02
 0.2061542E+01 -0.4096077E+01
 0.1185110E+01  0.2382658E+02
 0.1206501E+01  0.2020228E+02
 0.1236812E+01  0.1636222E+02
 0.1274508E+01  0.1215037E+02
 0.1319612E+01  0.7595553E+01
 0.1373214E+01  0.2851290E+01
 0.1437075E+01 -0.1854304E+01
 0.1513426E+01 -0.6246629E+01
 0.1605189E+01 -0.9978661E+01
 0.1717193E+01 -0.1245052E+02
 0.1859855E+01 -0.1215667E+02
 0.2060637E+01 -0.4207659E+01
 0.1190303E+01  0.2384528E+02
 0.1210904E+01  0.2021647E+02
 0.1240377E+01  0.1637158E+02
 0.1277156E+01  0.1215593E+02
 0.1321268E+01  0.7599026E+01
 0.1373836E+01  0.2854279E+01
 0.1436672E+01 -0.1851602E+01
 0.1512065E+01 -0.6247929E+01
 0.1603013E+01 -0.9995470E+01
 0.1714475E+01 -0.1250556E+02
 0.1857194E+01 -0.1227450E+02
 0.2059711E+01 -0.4287084E+01
 0.1195500E+01  0.2386380E+02
 0.1215310E+01  0.2023014E+02
 0.1243945E+01  0.1637996E+02
 0.1279805E+01  0.1216018E+02
 0.1322923E+01  0.7601094E+01
 0.1374458E+01  0.2856220E+01
 0.1436269E+01 -0.1849048E+01
 0.1510703E+01 -0.6248098E+01
 0.1600834E+01 -0.1001023E+02
 0.1711744E+01 -0.1255936E+02
 0.1854507E+01 -0.1239283E+02
 0.2058771E+01 -0.4334499E+01
 0.1200701E+01  0.2388169E+02
 0.1219719E+01  0.2024308E+02
 0.1247515E+01  0.1638744E+02
 0.1282455E+01  0.1216336E+02
 0.1324579E+01  0.7602102E+01
 0.1375080E+01  0.2857380E+01
 0.1435866E+01 -0.1846612E+01
 0.1509342E+01 -0.6247398E+01
 0.1598652E+01 -0.1002332E+02
 0.1709002E+01 -0.1261195E+02
 0.1851794E+01 -0.1251114E+02
 0.2057824E+01 -0.4353053E+01
 0.1205906E+01  0.2389860E+02
 0.1224130E+01  0.2025513E+02
 0.1251086E+01  0.1639407E+02
 0.1285105E+01  0.1216571E+02
 0.1326236E+01  0.7602353E+01
 0.1375703E+01  0.2857997E+01
 0.1435464E+01 -0.1844254E+01
 0.1507981E+01 -0.6246047E+01
 0.1596467E+01 -0.1003507E+02
 0.1706249E+01 -0.1266335E+02
 0.1849055E+01 -0.1262911E+02
 0.2056876E+01 -0.4347494E+01
 0.1211114E+01  0.2391429E+02
 0.1228544E+01  0.2026621E+02
 0.1254658E+01  0.1639991E+02
 0.1287755E+01  0.1216743E+02
 0.1327892E+01  0.7602097E+01
 0.1376326E+01  0.2858280E+01
 0.1435063E+01 -0.1841924E+01
 0.1506621E+01 -0.6244215E+01
 0.1594279E+01 -0.1004576E+02
 0.1703485E+01 -0.1271360E+02
 0.1846291E+01 -0.1274649E+02
 0.2055932E+01 -0.4323116E+01
 0.1216326E+01  0.2392864E+02
 0.1232961E+01  0.2027626E+02
 0.1258231E+01  0.1640503E+02
 0.1290406E+01  0.1216867E+02
 0.1329548E+01  0.7601543E+01
 0.1376949E+01  0.2858402E+01
 0.1434661E+01 -0.1839571E+01
 0.1505260E+01 -0.6242028E+01
 0.1592090E+01 -0.1005561E+02
 0.1700710E+01 -0.1276274E+02
 0.1843502E+01 -0.1286316E+02
 0.2054994E+01 -0.4285094E+01
 0.1221540E+01  0.2394157E+02
 0.1237379E+01  0.2028529E+02
 0.1261806E+01  0.1640950E+02
 0.1293058E+01  0.1216957E+02
 0.1331204E+01  0.7600859E+01
 0.1377571E+01  0.2858508E+01
 0.1434261E+01 -0.1837147E+01
 0.1503901E+01 -0.6239580E+01
 0.1589898E+01 -0.1006480E+02
 0.1697924E+01 -0.1281081E+02
 0.1840686E+01 -0.1297899E+02
 0.2054065E+01 -0.4238117E+01
 0.1226758E+01  0.2395309E+02
 0.1241800E+01  0.2029330E+02
 0.1265381E+01  0.1641338E+02
 0.1295709E+01  0.1217024E+02
 0.1332860E+01  0.7600177E+01
 0.1378194E+01  0.2858710E+01
 0.1433861E+01 -0.1834608E+01
 0.1502542E+01 -0.6236934E+01
 0.1587704E+01 -0.1007348E+02
 0.1695128E+01 -0.1285784E+02
 0.1837846E+01 -0.1309391E+02
 0.2053147E+01 -0.4186222E+01
 0.1231977E+01  0.2396323E+02
 0.1246221E+01  0.2030036E+02
 0.1268958E+01  0.1641677E+02
 0.1298361E+01  0.1217079E+02
 0.1334516E+01  0.7599602E+01
 0.1378817E+01  0.2859099E+01
 0.1433462E+01 -0.1831917E+01
 0.1501183E+01 -0.6234137E+01
 0.1585509E+01 -0.1008175E+02
 0.1692321E+01 -0.1290387E+02
 0.1834981E+01 -0.1320786E+02
 0.2052241E+01 -0.4132758E+01
 0.1237199E+01  0.2397207E+02
 0.1250645E+01  0.2030654E+02
 0.1272535E+01  0.1641972E+02
 0.1301012E+01  0.1217128E+02
 0.1336171E+01  0.7599214E+01
 0.1379440E+01  0.2859738E+01
 0.1433063E+01 -0.1829045E+01
 0.1499825E+01 -0.6231216E+01
 0.1583311E+01 -0.1008968E+02
 0.1689505E+01 -0.1294892E+02
 0.1832091E+01 -0.1332078E+02
 0.2051346E+01 -0.4080415E+01
 0.1242423E+01  0.2397972E+02
 0.1255070E+01  0.2031193E+02
 0.1276112E+01  0.1642232E+02
 0.1303664E+01  0.1217180E+02
 0.1337827E+01  0.7599072E+01
 0.1380063E+01  0.2860672E+01
 0.1432665E+01 -0.1825976E+01
 0.1498468E+01 -0.6228193E+01
 0.1581112E+01 -0.1009732E+02
 0.1686679E+01 -0.1299301E+02
 0.1829177E+01 -0.1343263E+02
 0.2050463E+01 -0.4031285E+01
 0.1247648E+01  0.2398632E+02
 0.1259495E+01  0.2031664E+02
 0.1279690E+01  0.1642466E+02
 0.1306316E+01  0.1217239E+02
 0.1339483E+01  0.7599216E+01
 0.1380686E+01  0.2861923E+01
 0.1432267E+01 -0.1822703E+01
 0.1497111E+01 -0.6225084E+01
 0.1578912E+01 -0.1010470E+02
 0.1683844E+01 -0.1303614E+02
 0.1826238E+01 -0.1354335E+02
 0.2049590E+01 -0.3986938E+01
 0.1252874E+01  0.2399203E+02
 0.1263922E+01  0.2032078E+02
 0.1283269E+01  0.1642681E+02
 0.1308968E+01  0.1217312E+02
 0.1341138E+01  0.7599668E+01
 0.1381310E+01  0.2863497E+01
 0.1431870E+01 -0.1819233E+01
 0.1495756E+01 -0.6221906E+01
 0.1576709E+01 -0.1011186E+02
 0.1680999E+01 -0.1307832E+02
 0.1823276E+01 -0.1365290E+02
 0.2048725E+01 -0.3948492E+01
 0.1258102E+01  0.2399701E+02
 0.1268350E+01  0.2032448E+02
 0.1286848E+01  0.1642886E+02
 0.1311620E+01  0.1217401E+02
 0.1342794E+01  0.7600436E+01
 0.1381934E+01  0.2865381E+01
 0.1431474E+01 -0.1815587E+01
 0.1494400E+01 -0.6218678E+01
 0.1574506E+01 -0.1011879E+02
 0.1678145E+01 -0.1311952E+02
 0.1820289E+01 -0.1376124E+02
 0.2047869E+01 -0.3916692E+01
 0.1263330E+01  0.2400142E+02
 0.1272778E+01  0.2032787E+02
 0.1290427E+01  0.1643087E+02
 0.1314272E+01  0.1217510E+02
 0.1344450E+01  0.7601515E+01
 0.1382559E+01  0.2867548E+01
 0.1431079E+01 -0.1811798E+01
 0.1493046E+01 -0.6215421E+01
 0.1572300E+01 -0.1012549E+02
 0.1675282E+01 -0.1315972E+02
 0.1817280E+01 -0.1386829E+02
 0.2047018E+01 -0.3891968E+01
 0.1268560E+01  0.2400543E+02
 0.1277207E+01  0.2033105E+02
 0.1294007E+01  0.1643292E+02
 0.1316925E+01  0.1217640E+02
 0.1346106E+01  0.7602884E+01
 0.1383184E+01  0.2869956E+01
 0.1430685E+01 -0.1807909E+01
 0.1491692E+01 -0.6212164E+01
 0.1570094E+01 -0.1013197E+02
 0.1672411E+01 -0.1319890E+02
 0.1814247E+01 -0.1397402E+02
 0.2046172E+01 -0.3874497E+01
 0.1273790E+01  0.2400918E+02
 0.1281637E+01  0.2033413E+02
 0.1297588E+01  0.1643505E+02
 0.1319578E+01  0.1217792E+02
 0.1347763E+01  0.7604510E+01
 0.1383809E+01  0.2872550E+01
 0.1430292E+01 -0.1803978E+01
 0.1490339E+01 -0.6208941E+01
 0.1567886E+01 -0.1013823E+02
 0.1669531E+01 -0.1323699E+02
 0.1811191E+01 -0.1407834E+02
 0.2045329E+01 -0.3864257E+01
 0.1279021E+01  0.2401278E+02
 0.1286067E+01  0.2033720E+02
 0.1301169E+01  0.1643731E+02
 0.1322231E+01  0.1217966E+02
 0.1349420E+01  0.7606351E+01
 0.1384435E+01  0.2875268E+01
 0.1429899E+01 -0.1800065E+01
 0.1488987E+01 -0.6205789E+01
 0.1565676E+01 -0.1014424E+02
 0.1666643E+01 -0.1327396E+02
 0.1808112E+01 -0.1418120E+02
 0.2044488E+01 -0.3861070E+01
 0.1284253E+01  0.2401633E+02
 0.1290498E+01  0.2034031E+02
 0.1304750E+01  0.1643971E+02
 0.1324885E+01  0.1218158E+02
 0.1351077E+01  0.7608356E+01
 0.1385062E+01  0.2878041E+01
 0.1429507E+01 -0.1796236E+01
 0.1487635E+01 -0.6202744E+01
 0.1563465E+01 -0.1015002E+02
 0.1663748E+01 -0.1330975E+02
 0.1805012E+01 -0.1428253E+02
 0.2043646E+01 -0.3864645E+01
 0.1289486E+01  0.2401987E+02
 0.1294930E+01  0.2034349E+02
 0.1308332E+01  0.1644225E+02
 0.1327539E+01  0.1218367E+02
 0.1352735E+01  0.7610466E+01
 0.1385689E+01  0.2880801E+01
 0.1429116E+01 -0.1792553E+01
 0.1486284E+01 -0.6199845E+01
 0.1561253E+01 -0.1015553E+02
 0.1660844E+01 -0.1334431E+02
 0.1801889E+01 -0.1438224E+02
 0.2042804E+01 -0.3874619E+01
