 0.1000000E+00  0.1400000E+01
 0.2000000E+00  0.1400000E+01
 0.3000000E+00  0.1400001E+01
 0.4000000E+00  0.1400002E+01
 0.5000000E+00  0.1400003E+01
 0.6000000E+00  0.1400004E+01
 0.7000000E+00  0.1400006E+01
 0.8000000E+00  0.1400008E+01
 0.9000000E+00  0.1400010E+01
 0.1000000E+01  0.1400012E+01
 0.1100000E+01  0.1400015E+01
 0.1200000E+01  0.1400018E+01
 0.1300000E+01  0.1400021E+01
 0.1400000E+01  0.1400024E+01
 0.1500000E+01  0.1400027E+01
 0.1600000E+01  0.1400031E+01
 0.1700000E+01  0.1400035E+01
 0.1800000E+01  0.1400040E+01
 0.1900000E+01  0.1400044E+01
 0.2000000E+01  0.1400049E+01
 0.2100000E+01  0.1400054E+01
 0.2200000E+01  0.1400059E+01
 0.2300000E+01  0.1400064E+01
 0.2400000E+01  0.1400070E+01
 0.2500000E+01  0.1400076E+01
 0.2600000E+01  0.1400082E+01
 0.2700000E+01  0.1400089E+01
 0.2800000E+01  0.1400095E+01
 0.2900000E+01  0.1400102E+01
 0.3000000E+01  0.1400109E+01
 0.3100000E+01  0.1400117E+01
 0.3200000E+01  0.1400124E+01
 0.3300000E+01  0.1400132E+01
 0.3400000E+01  0.1400140E+01
 0.3500000E+01  0.1400148E+01
 0.3600000E+01  0.1400157E+01
 0.3700000E+01  0.1400165E+01
 0.3800000E+01  0.1400174E+01
 0.3900000E+01  0.1400184E+01
 0.4000000E+01  0.1400193E+01
 0.4100000E+01  0.1400203E+01
 0.4200000E+01  0.1400212E+01
 0.4300000E+01  0.1400222E+01
 0.4400000E+01  0.1400233E+01
 0.4500000E+01  0.1400243E+01
 0.4600000E+01  0.1400254E+01
 0.4700000E+01  0.1400265E+01
 0.4800000E+01  0.1400276E+01
 0.4900000E+01  0.1400287E+01
 0.5000000E+01  0.1400299E+01
 0.5100000E+01  0.1400311E+01
 0.5200000E+01  0.1400323E+01
 0.5300000E+01  0.1400335E+01
 0.5400000E+01  0.1400348E+01
 0.5500000E+01  0.1400360E+01
 0.5600000E+01  0.1400373E+01
 0.5700000E+01  0.1400386E+01
 0.5800000E+01  0.1400399E+01
 0.5900000E+01  0.1400413E+01
 0.6000000E+01  0.1400426E+01
 0.6100000E+01  0.1400440E+01
 0.6200000E+01  0.1400454E+01
 0.6300000E+01  0.1400469E+01
 0.6400000E+01  0.1400483E+01
 0.6500000E+01  0.1400498E+01
 0.6600000E+01  0.1400513E+01
 0.6700000E+01  0.1400528E+01
 0.6800000E+01  0.1400543E+01
 0.6900000E+01  0.1400558E+01
 0.7000000E+01  0.1400574E+01
 0.7100000E+01  0.1400590E+01
 0.7200000E+01  0.1400606E+01
 0.7300000E+01  0.1400622E+01
 0.7400000E+01  0.1400638E+01
 0.7500000E+01  0.1400655E+01
 0.7600000E+01  0.1400671E+01
 0.7700000E+01  0.1400688E+01
 0.7800000E+01  0.1400705E+01
 0.7900000E+01  0.1400723E+01
 0.8000000E+01  0.1400740E+01
 0.8100000E+01  0.1400758E+01
 0.8200000E+01  0.1400775E+01
 0.8300000E+01  0.1400793E+01
 0.8400000E+01  0.1400811E+01
 0.8500000E+01  0.1400830E+01
 0.8600000E+01  0.1400848E+01
 0.8700000E+01  0.1400867E+01
 0.8800000E+01  0.1400885E+01
 0.8900000E+01  0.1400904E+01
 0.9000000E+01  0.1400923E+01
 0.9100000E+01  0.1400942E+01
 0.9200000E+01  0.1400962E+01
 0.9300000E+01  0.1400981E+01
 0.9400000E+01  0.1401001E+01
 0.9500000E+01  0.1401021E+01
 0.9600000E+01  0.1401041E+01
 0.9700000E+01  0.1401061E+01
 0.9800000E+01  0.1401081E+01
 0.9900000E+01  0.1401102E+01
 0.1000000E+02  0.1401122E+01
 0.1010000E+02  0.1401143E+01
 0.1020000E+02  0.1401164E+01
 0.1030000E+02  0.1401185E+01
 0.1040000E+02  0.1401206E+01
 0.1050000E+02  0.1401227E+01
 0.1060000E+02  0.1401248E+01
 0.1070000E+02  0.1401270E+01
 0.1080000E+02  0.1401292E+01
 0.1090000E+02  0.1401313E+01
 0.1100000E+02  0.1401335E+01
 0.1110000E+02  0.1401357E+01
 0.1120000E+02  0.1401379E+01
 0.1130000E+02  0.1401402E+01
 0.1140000E+02  0.1401424E+01
 0.1150000E+02  0.1401447E+01
 0.1160000E+02  0.1401469E+01
 0.1170000E+02  0.1401492E+01
 0.1180000E+02  0.1401515E+01
 0.1190000E+02  0.1401538E+01
 0.1200000E+02  0.1401561E+01
 0.1210000E+02  0.1401584E+01
 0.1220000E+02  0.1401608E+01
 0.1230000E+02  0.1401631E+01
 0.1240000E+02  0.1401655E+01
 0.1250000E+02  0.1401678E+01
 0.1260000E+02  0.1401702E+01
 0.1270000E+02  0.1401726E+01
 0.1280000E+02  0.1401750E+01
 0.1290000E+02  0.1401774E+01
 0.1300000E+02  0.1401798E+01
 0.1310000E+02  0.1401823E+01
 0.1320000E+02  0.1401847E+01
 0.1330000E+02  0.1401872E+01
 0.1340000E+02  0.1401896E+01
 0.1350000E+02  0.1401921E+01
 0.1360000E+02  0.1401946E+01
 0.1370000E+02  0.1401970E+01
 0.1380000E+02  0.1401995E+01
 0.1390000E+02  0.1402021E+01
 0.1400000E+02  0.1402046E+01
 0.1410000E+02  0.1402071E+01
 0.1420000E+02  0.1402096E+01
 0.1430000E+02  0.1402122E+01
 0.1440000E+02  0.1402147E+01
 0.1450000E+02  0.1402173E+01
 0.1460000E+02  0.1402198E+01
 0.1470000E+02  0.1402224E+01
 0.1480000E+02  0.1402250E+01
 0.1490000E+02  0.1402276E+01
 0.1500000E+02  0.1402302E+01
 0.1510000E+02  0.1402328E+01
 0.1520000E+02  0.1402354E+01
 0.1530000E+02  0.1402380E+01
 0.1540000E+02  0.1402407E+01
 0.1550000E+02  0.1402433E+01
 0.1560000E+02  0.1402459E+01
 0.1570000E+02  0.1402486E+01
 0.1580000E+02  0.1402513E+01
 0.1590000E+02  0.1402539E+01
 0.1600000E+02  0.1402566E+01
 0.1610000E+02  0.1402593E+01
 0.1620000E+02  0.1402620E+01
 0.1630000E+02  0.1402647E+01
 0.1640000E+02  0.1402674E+01
 0.1650000E+02  0.1402701E+01
 0.1660000E+02  0.1402728E+01
 0.1670000E+02  0.1402755E+01
 0.1680000E+02  0.1402782E+01
 0.1690000E+02  0.1402810E+01
 0.1700000E+02  0.1402837E+01
 0.1710000E+02  0.1402865E+01
 0.1720000E+02  0.1402892E+01
 0.1730000E+02  0.1402920E+01
 0.1740000E+02  0.1402947E+01
 0.1750000E+02  0.1402975E+01
 0.1760000E+02  0.1403003E+01
 0.1770000E+02  0.1403031E+01
 0.1780000E+02  0.1403059E+01
 0.1790000E+02  0.1403087E+01
 0.1800000E+02  0.1403115E+01
 0.1810000E+02  0.1403143E+01
 0.1820000E+02  0.1403171E+01
 0.1830000E+02  0.1403199E+01
 0.1840000E+02  0.1403228E+01
 0.1850000E+02  0.1403256E+01
 0.1860000E+02  0.1403284E+01
 0.1870000E+02  0.1403313E+01
 0.1880000E+02  0.1403341E+01
 0.1890000E+02  0.1403370E+01
 0.1900000E+02  0.1403398E+01
 0.1910000E+02  0.1403427E+01
 0.1920000E+02  0.1403456E+01
 0.1930000E+02  0.1403485E+01
 0.1940000E+02  0.1403514E+01
 0.1950000E+02  0.1403543E+01
 0.1960000E+02  0.1403572E+01
 0.1970000E+02  0.1403601E+01
 0.1980000E+02  0.1403630E+01
 0.1990000E+02  0.1403660E+01
 0.2000000E+02  0.1403689E+01
 0.2010000E+02  0.1403719E+01
 0.2020000E+02  0.1403749E+01
 0.2030000E+02  0.1403779E+01
 0.2040000E+02  0.1724321E+01
 0.2050000E+02            NaN
