 0.0000000E+00  0.1177795E-03  0.8151112E-03  0.4656267E-02  0.1974420E-01  0.6276441E-01  0.1494076E+00  0.2663706E+00  0.3556629E+00  0.3556629E+00  0.2663706E+00  0.1494076E+00  0.6276441E-01  0.1974420E-01  0.4656267E-02  0.8151112E-03  0.1177795E-03
 0.1000000E+00  0.1177811E-03  0.8151353E-03  0.4656381E-02  0.1974459E-01  0.6276518E-01  0.1494083E+00  0.2663700E+00  0.3556607E+00  0.3556608E+00  0.2663702E+00  0.1494085E+00  0.6276539E-01  0.1974471E-01  0.4656433E-02  0.8151515E-03  0.1177849E-03
 0.2000000E+00  0.1177851E-03  0.8152056E-03  0.4656719E-02  0.1974575E-01  0.6276751E-01  0.1494103E+00  0.2663681E+00  0.3556540E+00  0.3556542E+00  0.2663688E+00  0.1494112E+00  0.6276835E-01  0.1974626E-01  0.4656936E-02  0.8152731E-03  0.1178014E-03
 0.3000000E+00  0.1177914E-03  0.8153222E-03  0.4657284E-02  0.1974770E-01  0.6277139E-01  0.1494136E+00  0.2663649E+00  0.3556427E+00  0.3556432E+00  0.2663664E+00  0.1494157E+00  0.6277328E-01  0.1974884E-01  0.4657775E-02  0.8154760E-03  0.1178288E-03
 0.4000000E+00  0.1178001E-03  0.8154851E-03  0.4658073E-02  0.1975042E-01  0.6277683E-01  0.1494183E+00  0.2663605E+00  0.3556270E+00  0.3556279E+00  0.2663631E+00  0.1494220E+00  0.6278020E-01  0.1975246E-01  0.4658950E-02  0.8157602E-03  0.1178673E-03
 0.5000000E+00  0.1178112E-03  0.8156944E-03  0.4659089E-02  0.1975392E-01  0.6278382E-01  0.1494243E+00  0.2663547E+00  0.3556068E+00  0.3556081E+00  0.2663589E+00  0.1494301E+00  0.6278909E-01  0.1975711E-01  0.4660462E-02  0.8161258E-03  0.1179168E-03
 0.6000000E+00  0.1178247E-03  0.8159500E-03  0.4660331E-02  0.1975820E-01  0.6279238E-01  0.1494316E+00  0.2663477E+00  0.3555820E+00  0.3555840E+00  0.2663537E+00  0.1494400E+00  0.6279997E-01  0.1976280E-01  0.4662311E-02  0.8165727E-03  0.1179775E-03
 0.7000000E+00  0.1178407E-03  0.8162522E-03  0.4661799E-02  0.1976326E-01  0.6280249E-01  0.1494402E+00  0.2663394E+00  0.3555528E+00  0.3555554E+00  0.2663475E+00  0.1494518E+00  0.6281282E-01  0.1976953E-01  0.4664498E-02  0.8171011E-03  0.1180493E-03
 0.8000000E+00  0.1178591E-03  0.8166009E-03  0.4663495E-02  0.1976910E-01  0.6281415E-01  0.1494502E+00  0.2663299E+00  0.3555190E+00  0.3555225E+00  0.2663405E+00  0.1494653E+00  0.6282766E-01  0.1977729E-01  0.4667022E-02  0.8177109E-03  0.1181322E-03
 0.9000000E+00  0.1178800E-03  0.8169962E-03  0.4665418E-02  0.1977573E-01  0.6282738E-01  0.1494615E+00  0.2663190E+00  0.3554808E+00  0.3554852E+00  0.2663324E+00  0.1494806E+00  0.6284448E-01  0.1978609E-01  0.4669885E-02  0.8184024E-03  0.1182265E-03
 0.1000000E+01  0.1179034E-03  0.8174382E-03  0.4667569E-02  0.1978314E-01  0.6284218E-01  0.1494742E+00  0.2663069E+00  0.3554381E+00  0.3554435E+00  0.2663234E+00  0.1494977E+00  0.6286328E-01  0.1979594E-01  0.4673086E-02  0.8191754E-03  0.1183321E-03
 0.1100000E+01  0.1179294E-03  0.8179271E-03  0.4669950E-02  0.1979134E-01  0.6285853E-01  0.1494881E+00  0.2662934E+00  0.3553909E+00  0.3553974E+00  0.2663135E+00  0.1495166E+00  0.6288407E-01  0.1980683E-01  0.4676628E-02  0.8200303E-03  0.1184492E-03
 0.1200000E+01  0.1179581E-03  0.8184630E-03  0.4672561E-02  0.1980033E-01  0.6287645E-01  0.1495034E+00  0.2662787E+00  0.3553391E+00  0.3553470E+00  0.2663025E+00  0.1495373E+00  0.6290684E-01  0.1981876E-01  0.4680510E-02  0.8209669E-03  0.1185777E-03
 0.1300000E+01  0.1179894E-03  0.8190460E-03  0.4675402E-02  0.1981010E-01  0.6289594E-01  0.1495200E+00  0.2662627E+00  0.3552830E+00  0.3552922E+00  0.2662906E+00  0.1495597E+00  0.6293160E-01  0.1983173E-01  0.4684733E-02  0.8219855E-03  0.1187179E-03
 0.1400000E+01  0.1180235E-03  0.8196763E-03  0.4678476E-02  0.1982067E-01  0.6291700E-01  0.1495379E+00  0.2662454E+00  0.3552223E+00  0.3552330E+00  0.2662778E+00  0.1495840E+00  0.6295835E-01  0.1984575E-01  0.4689299E-02  0.8230862E-03  0.1188698E-03
 0.1500000E+01  0.1180605E-03  0.8203540E-03  0.4681782E-02  0.1983204E-01  0.6293963E-01  0.1495571E+00  0.2662267E+00  0.3551571E+00  0.3551694E+00  0.2662639E+00  0.1496100E+00  0.6298709E-01  0.1986083E-01  0.4694208E-02  0.8242691E-03  0.1190336E-03
 0.1600000E+01  0.1181002E-03  0.8210793E-03  0.4685323E-02  0.1984420E-01  0.6296383E-01  0.1495777E+00  0.2662068E+00  0.3550875E+00  0.3551014E+00  0.2662491E+00  0.1496378E+00  0.6301783E-01  0.1987695E-01  0.4699461E-02  0.8255344E-03  0.1192093E-03
 0.1700000E+01  0.1181430E-03  0.8218525E-03  0.4689098E-02  0.1985716E-01  0.6298961E-01  0.1495995E+00  0.2661855E+00  0.3550134E+00  0.3550291E+00  0.2662333E+00  0.1496674E+00  0.6305055E-01  0.1989413E-01  0.4705059E-02  0.8268823E-03  0.1193971E-03
 0.1800000E+01  0.1181887E-03  0.8226738E-03  0.4693111E-02  0.1987093E-01  0.6301698E-01  0.1496226E+00  0.2661630E+00  0.3549348E+00  0.3549525E+00  0.2662165E+00  0.1496988E+00  0.6308528E-01  0.1991236E-01  0.4711004E-02  0.8283129E-03  0.1195972E-03
 0.1900000E+01  0.1182375E-03  0.8235434E-03  0.4697361E-02  0.1988550E-01  0.6304592E-01  0.1496471E+00  0.2661391E+00  0.3548518E+00  0.3548714E+00  0.2661987E+00  0.1497319E+00  0.6312201E-01  0.1993165E-01  0.4717297E-02  0.8298264E-03  0.1198095E-03
 0.2000000E+01  0.1182895E-03  0.8244615E-03  0.4701851E-02  0.1990089E-01  0.6307645E-01  0.1496728E+00  0.2661138E+00  0.3547643E+00  0.3547861E+00  0.2661799E+00  0.1497668E+00  0.6316073E-01  0.1995200E-01  0.4723939E-02  0.8314230E-03  0.1200344E-03
 0.2100000E+01  0.1183447E-03  0.8254285E-03  0.4706582E-02  0.1991708E-01  0.6310857E-01  0.1496998E+00  0.2660873E+00  0.3546723E+00  0.3546964E+00  0.2661601E+00  0.1498034E+00  0.6320146E-01  0.1997342E-01  0.4730932E-02  0.8331030E-03  0.1202720E-03
 0.2200000E+01  0.1184032E-03  0.8264446E-03  0.4711556E-02  0.1993410E-01  0.6314229E-01  0.1497282E+00  0.2660593E+00  0.3545759E+00  0.3546023E+00  0.2661392E+00  0.1498417E+00  0.6324420E-01  0.1999591E-01  0.4738277E-02  0.8348667E-03  0.1205223E-03
 0.2300000E+01  0.1184652E-03  0.8275101E-03  0.4716774E-02  0.1995193E-01  0.6317760E-01  0.1497578E+00  0.2660301E+00  0.3544751E+00  0.3545039E+00  0.2661174E+00  0.1498818E+00  0.6328895E-01  0.2001947E-01  0.4745975E-02  0.8367143E-03  0.1207856E-03
 0.2400000E+01  0.1185306E-03  0.8286255E-03  0.4722238E-02  0.1997059E-01  0.6321451E-01  0.1497886E+00  0.2659994E+00  0.3543698E+00  0.3544012E+00  0.2660945E+00  0.1499237E+00  0.6333571E-01  0.2004410E-01  0.4754029E-02  0.8386461E-03  0.1210620E-03
 0.2500000E+01  0.1185996E-03  0.8297909E-03  0.4727951E-02  0.1999008E-01  0.6325303E-01  0.1498208E+00  0.2659675E+00  0.3542601E+00  0.3542942E+00  0.2660705E+00  0.1499673E+00  0.6338448E-01  0.2006981E-01  0.4762439E-02  0.8406624E-03  0.1213516E-03
 0.2600000E+01  0.1186722E-03  0.8310070E-03  0.4733913E-02  0.2001041E-01  0.6329316E-01  0.1498542E+00  0.2659341E+00  0.3541460E+00  0.3541828E+00  0.2660455E+00  0.1500126E+00  0.6343527E-01  0.2009661E-01  0.4771208E-02  0.8427635E-03  0.1216547E-03
 0.2700000E+01  0.1187487E-03  0.8322739E-03  0.4740128E-02  0.2003157E-01  0.6333490E-01  0.1498889E+00  0.2658994E+00  0.3540274E+00  0.3540672E+00  0.2660195E+00  0.1500596E+00  0.6348808E-01  0.2012449E-01  0.4780337E-02  0.8449499E-03  0.1219714E-03
 0.2800000E+01  0.1188289E-03  0.8335923E-03  0.4746596E-02  0.2005358E-01  0.6337826E-01  0.1499248E+00  0.2658632E+00  0.3539045E+00  0.3539472E+00  0.2659924E+00  0.1501083E+00  0.6354292E-01  0.2015346E-01  0.4789829E-02  0.8472219E-03  0.1223019E-03
 0.2900000E+01  0.1189131E-03  0.8349624E-03  0.4753321E-02  0.2007644E-01  0.6342324E-01  0.1499620E+00  0.2658257E+00  0.3537771E+00  0.3538229E+00  0.2659642E+00  0.1501587E+00  0.6359979E-01  0.2018352E-01  0.4799684E-02  0.8495799E-03  0.1226463E-03
 0.3000000E+01  0.1190013E-03  0.8363849E-03  0.4760305E-02  0.2010016E-01  0.6346985E-01  0.1500005E+00  0.2657868E+00  0.3536453E+00  0.3536944E+00  0.2659349E+00  0.1502108E+00  0.6365868E-01  0.2021469E-01  0.4809906E-02  0.8520244E-03  0.1230048E-03
 0.3100000E+01  0.1190936E-03  0.8378603E-03  0.4767550E-02  0.2012473E-01  0.6351809E-01  0.1500402E+00  0.2657464E+00  0.3535092E+00  0.3535615E+00  0.2659046E+00  0.1502646E+00  0.6371961E-01  0.2024696E-01  0.4820496E-02  0.8545558E-03  0.1233776E-03
 0.3200000E+01  0.1191902E-03  0.8393890E-03  0.4775058E-02  0.2015017E-01  0.6356797E-01  0.1500811E+00  0.2657047E+00  0.3533686E+00  0.3534244E+00  0.2658731E+00  0.1503201E+00  0.6378258E-01  0.2028034E-01  0.4831456E-02  0.8571746E-03  0.1237648E-03
 0.3300000E+01  0.1192910E-03  0.8409717E-03  0.4782832E-02  0.2017648E-01  0.6361949E-01  0.1501232E+00  0.2656615E+00  0.3532237E+00  0.3532831E+00  0.2658405E+00  0.1503772E+00  0.6384760E-01  0.2031483E-01  0.4842788E-02  0.8598814E-03  0.1241667E-03
 0.3400000E+01  0.1193962E-03  0.8426089E-03  0.4790875E-02  0.2020367E-01  0.6367266E-01  0.1501666E+00  0.2656169E+00  0.3530744E+00  0.3531374E+00  0.2658068E+00  0.1504360E+00  0.6391465E-01  0.2035045E-01  0.4854496E-02  0.8626766E-03  0.1245833E-03
 0.3500000E+01  0.1195059E-03  0.8443014E-03  0.4799189E-02  0.2023175E-01  0.6372749E-01  0.1502111E+00  0.2655708E+00  0.3529208E+00  0.3529875E+00  0.2657720E+00  0.1504965E+00  0.6398376E-01  0.2038719E-01  0.4866580E-02  0.8655610E-03  0.1250150E-03
 0.3600000E+01  0.1196201E-03  0.8460498E-03  0.4807777E-02  0.2026072E-01  0.6378398E-01  0.1502569E+00  0.2655232E+00  0.3527628E+00  0.3528334E+00  0.2657360E+00  0.1505586E+00  0.6405492E-01  0.2042506E-01  0.4879043E-02  0.8685350E-03  0.1254617E-03
 0.3700000E+01  0.1197390E-03  0.8478548E-03  0.4816642E-02  0.2029059E-01  0.6384213E-01  0.1503039E+00  0.2654742E+00  0.3526005E+00  0.3526750E+00  0.2656989E+00  0.1506223E+00  0.6412814E-01  0.2046407E-01  0.4891888E-02  0.8715994E-03  0.1259238E-03
 0.3800000E+01  0.1198627E-03  0.8497171E-03  0.4825787E-02  0.2032137E-01  0.6390196E-01  0.1503521E+00  0.2654238E+00  0.3524338E+00  0.3525124E+00  0.2656606E+00  0.1506876E+00  0.6420342E-01  0.2050422E-01  0.4905117E-02  0.8747547E-03  0.1264014E-03
 0.3900000E+01  0.1199912E-03  0.8516375E-03  0.4835215E-02  0.2035306E-01  0.6396347E-01  0.1504014E+00  0.2653718E+00  0.3522628E+00  0.3523456E+00  0.2656211E+00  0.1507546E+00  0.6428077E-01  0.2054553E-01  0.4918733E-02  0.8780018E-03  0.1268947E-03
 0.4000000E+01  0.1201246E-03  0.8536169E-03  0.4844929E-02  0.2038567E-01  0.6402666E-01  0.1504519E+00  0.2653183E+00  0.3520875E+00  0.3521746E+00  0.2655805E+00  0.1508231E+00  0.6436018E-01  0.2058799E-01  0.4932738E-02  0.8813413E-03  0.1274038E-03
 0.4100000E+01  0.1202631E-03  0.8556560E-03  0.4854933E-02  0.2041921E-01  0.6409155E-01  0.1505036E+00  0.2652634E+00  0.3519078E+00  0.3519994E+00  0.2655386E+00  0.1508933E+00  0.6444168E-01  0.2063161E-01  0.4947135E-02  0.8847741E-03  0.1279289E-03
 0.4200000E+01  0.1204067E-03  0.8577559E-03  0.4865229E-02  0.2045369E-01  0.6415813E-01  0.1505565E+00  0.2652069E+00  0.3517239E+00  0.3518200E+00  0.2654955E+00  0.1509650E+00  0.6452525E-01  0.2067641E-01  0.4961927E-02  0.8883009E-03  0.1284702E-03
 0.4300000E+01  0.1205555E-03  0.8599174E-03  0.4875821E-02  0.2048912E-01  0.6422642E-01  0.1506105E+00  0.2651489E+00  0.3515357E+00  0.3516364E+00  0.2654513E+00  0.1510383E+00  0.6461090E-01  0.2072239E-01  0.4977115E-02  0.8919226E-03  0.1290280E-03
 0.4400000E+01  0.1207096E-03  0.8621415E-03  0.4886712E-02  0.2052550E-01  0.6429642E-01  0.1506657E+00  0.2650893E+00  0.3513432E+00  0.3514486E+00  0.2654057E+00  0.1511131E+00  0.6469864E-01  0.2076955E-01  0.4992704E-02  0.8956400E-03  0.1296023E-03
 0.4500000E+01  0.1208692E-03  0.8644293E-03  0.4897907E-02  0.2056285E-01  0.6436814E-01  0.1507219E+00  0.2650282E+00  0.3511464E+00  0.3512567E+00  0.2653590E+00  0.1511895E+00  0.6478847E-01  0.2081791E-01  0.5008696E-02  0.8994540E-03  0.1301935E-03
 0.4600000E+01  0.1210342E-03  0.8667817E-03  0.4909408E-02  0.2060117E-01  0.6444159E-01  0.1507793E+00  0.2649655E+00  0.3509454E+00  0.3510607E+00  0.2653109E+00  0.1512674E+00  0.6488040E-01  0.2086747E-01  0.5025094E-02  0.9033655E-03  0.1308016E-03
 0.4700000E+01  0.1212049E-03  0.8691999E-03  0.4921220E-02  0.2064048E-01  0.6451678E-01  0.1508379E+00  0.2649013E+00  0.3507401E+00  0.3508605E+00  0.2652617E+00  0.1513468E+00  0.6497443E-01  0.2091824E-01  0.5041901E-02  0.9073756E-03  0.1314270E-03
 0.4800000E+01  0.1213814E-03  0.8716851E-03  0.4933347E-02  0.2068078E-01  0.6459371E-01  0.1508975E+00  0.2648355E+00  0.3505306E+00  0.3506561E+00  0.2652111E+00  0.1514277E+00  0.6507056E-01  0.2097023E-01  0.5059120E-02  0.9114850E-03  0.1320698E-03
 0.4900000E+01  0.1215637E-03  0.8742383E-03  0.4945791E-02  0.2072208E-01  0.6467238E-01  0.1509582E+00  0.2647681E+00  0.3503169E+00  0.3504477E+00  0.2651592E+00  0.1515101E+00  0.6516881E-01  0.2102346E-01  0.5076754E-02  0.9156950E-03  0.1327302E-03
 0.5000000E+01  0.1217520E-03  0.8768610E-03  0.4958559E-02  0.2076440E-01  0.6475282E-01  0.1510201E+00  0.2646991E+00  0.3500989E+00  0.3502351E+00  0.2651060E+00  0.1515940E+00  0.6526916E-01  0.2107792E-01  0.5094806E-02  0.9200063E-03  0.1334086E-03
 0.5100000E+01  0.1219465E-03  0.8795542E-03  0.4971652E-02  0.2080775E-01  0.6483502E-01  0.1510830E+00  0.2646285E+00  0.3498768E+00  0.3500185E+00  0.2650515E+00  0.1516794E+00  0.6537164E-01  0.2113363E-01  0.5113280E-02  0.9244202E-03  0.1341052E-03
 0.5200000E+01  0.1221472E-03  0.8823194E-03  0.4985077E-02  0.2085213E-01  0.6491900E-01  0.1511469E+00  0.2645562E+00  0.3496504E+00  0.3497977E+00  0.2649957E+00  0.1517662E+00  0.6547624E-01  0.2119059E-01  0.5132179E-02  0.9289376E-03  0.1348202E-03
 0.5300000E+01  0.1223544E-03  0.8851579E-03  0.4998837E-02  0.2089756E-01  0.6500476E-01  0.1512120E+00  0.2644824E+00  0.3494199E+00  0.3495729E+00  0.2649386E+00  0.1518544E+00  0.6558297E-01  0.2124883E-01  0.5151507E-02  0.9335595E-03  0.1355540E-03
 0.5400000E+01  0.1225683E-03  0.8880711E-03  0.5012937E-02  0.2094406E-01  0.6509231E-01  0.1512780E+00  0.2644068E+00  0.3491852E+00  0.3493441E+00  0.2648800E+00  0.1519441E+00  0.6569182E-01  0.2130834E-01  0.5171267E-02  0.9382871E-03  0.1363069E-03
 0.5500000E+01  0.1227889E-03  0.8910605E-03  0.5027382E-02  0.2099162E-01  0.6518167E-01  0.1513451E+00  0.2643297E+00  0.3489463E+00  0.3491111E+00  0.2648201E+00  0.1520351E+00  0.6580282E-01  0.2136914E-01  0.5191463E-02  0.9431215E-03  0.1370792E-03
 0.5600000E+01  0.1230165E-03  0.8941275E-03  0.5042176E-02  0.2104027E-01  0.6527283E-01  0.1514133E+00  0.2642508E+00  0.3487032E+00  0.3488742E+00  0.2647589E+00  0.1521276E+00  0.6591595E-01  0.2143125E-01  0.5212098E-02  0.9480636E-03  0.1378712E-03
 0.5700000E+01  0.1232514E-03  0.8972736E-03  0.5057324E-02  0.2109002E-01  0.6536580E-01  0.1514825E+00  0.2641703E+00  0.3484561E+00  0.3486332E+00  0.2646962E+00  0.1522214E+00  0.6603123E-01  0.2149466E-01  0.5233177E-02  0.9531145E-03  0.1386835E-03
 0.5800000E+01  0.1234938E-03  0.9005005E-03  0.5072831E-02  0.2114088E-01  0.6546061E-01  0.1515526E+00  0.2640880E+00  0.3482048E+00  0.3483882E+00  0.2646321E+00  0.1523166E+00  0.6614866E-01  0.2155940E-01  0.5254703E-02  0.9582754E-03  0.1395164E-03
 0.5900000E+01  0.1237440E-03  0.9038096E-03  0.5088703E-02  0.2119287E-01  0.6555725E-01  0.1516238E+00  0.2640041E+00  0.3479494E+00  0.3481392E+00  0.2645666E+00  0.1524131E+00  0.6626824E-01  0.2162548E-01  0.5276680E-02  0.9635472E-03  0.1403703E-03
 0.6000000E+01  0.1240022E-03  0.9072028E-03  0.5104944E-02  0.2124599E-01  0.6565573E-01  0.1516959E+00  0.2639185E+00  0.3476898E+00  0.3478862E+00  0.2644997E+00  0.1525109E+00  0.6638997E-01  0.2169290E-01  0.5299114E-02  0.9689310E-03  0.1412458E-03
 0.6100000E+01  0.1242688E-03  0.9106816E-03  0.5121561E-02  0.2130027E-01  0.6575607E-01  0.1517690E+00  0.2638311E+00  0.3474262E+00  0.3476292E+00  0.2644313E+00  0.1526101E+00  0.6651387E-01  0.2176168E-01  0.5322007E-02  0.9744278E-03  0.1421434E-03
 0.6200000E+01  0.1245441E-03  0.9142477E-03  0.5138558E-02  0.2135571E-01  0.6585826E-01  0.1518431E+00  0.2637420E+00  0.3471585E+00  0.3473683E+00  0.2643615E+00  0.1527105E+00  0.6663993E-01  0.2183184E-01  0.5345365E-02  0.9800385E-03  0.1430636E-03
 0.6300000E+01  0.1248285E-03  0.9179029E-03  0.5155942E-02  0.2141234E-01  0.6596234E-01  0.1519182E+00  0.2636512E+00  0.3468868E+00  0.3471034E+00  0.2642902E+00  0.1528122E+00  0.6676816E-01  0.2190338E-01  0.5369193E-02  0.9857640E-03  0.1440071E-03
 0.6400000E+01  0.1251225E-03  0.9216490E-03  0.5173719E-02  0.2147016E-01  0.6606829E-01  0.1519942E+00  0.2635586E+00  0.3466110E+00  0.3468346E+00  0.2642174E+00  0.1529152E+00  0.6689856E-01  0.2197633E-01  0.5393494E-02  0.9916054E-03  0.1449745E-03
 0.6500000E+01  0.1254264E-03  0.9254878E-03  0.5191894E-02  0.2152920E-01  0.6617613E-01  0.1520711E+00  0.2634642E+00  0.3463311E+00  0.3465619E+00  0.2641431E+00  0.1530194E+00  0.6703114E-01  0.2205068E-01  0.5418275E-02  0.9975634E-03  0.1459665E-03
 0.6600000E+01  0.1257409E-03  0.9294211E-03  0.5210474E-02  0.2158947E-01  0.6628588E-01  0.1521489E+00  0.2633681E+00  0.3460472E+00  0.3462852E+00  0.2640673E+00  0.1531248E+00  0.6716590E-01  0.2212647E-01  0.5443540E-02  0.1003639E-02  0.1469839E-03
 0.6700000E+01  0.1260664E-03  0.9334507E-03  0.5229466E-02  0.2165099E-01  0.6639754E-01  0.1522276E+00  0.2632702E+00  0.3457593E+00  0.3460047E+00  0.2639899E+00  0.1532315E+00  0.6730284E-01  0.2220370E-01  0.5469295E-02  0.1009832E-02  0.1480275E-03
 0.6800000E+01  0.1264035E-03  0.9375786E-03  0.5248877E-02  0.2171376E-01  0.6651112E-01  0.1523072E+00  0.2631704E+00  0.3454674E+00  0.3457202E+00  0.2639111E+00  0.1533393E+00  0.6744196E-01  0.2228239E-01  0.5495545E-02  0.1016145E-02  0.1490981E-03
 0.6900000E+01  0.1267529E-03  0.9418067E-03  0.5268712E-02  0.2177782E-01  0.6662662E-01  0.1523878E+00  0.2630689E+00  0.3451714E+00  0.3454319E+00  0.2638307E+00  0.1534482E+00  0.6758327E-01  0.2236255E-01  0.5522297E-02  0.1022576E-02  0.1501966E-03
 0.7000000E+01  0.1271153E-03  0.9461369E-03  0.5288980E-02  0.2184318E-01  0.6674407E-01  0.1524691E+00  0.2629656E+00  0.3448715E+00  0.3451397E+00  0.2637487E+00  0.1535584E+00  0.6772677E-01  0.2244419E-01  0.5549557E-02  0.1029128E-02  0.1513239E-03
 0.7100000E+01  0.1274914E-03  0.9505711E-03  0.5309687E-02  0.2190985E-01  0.6686348E-01  0.1525514E+00  0.2628604E+00  0.3445677E+00  0.3448437E+00  0.2636652E+00  0.1536696E+00  0.6787247E-01  0.2252735E-01  0.5577330E-02  0.1035800E-02  0.1524811E-03
 0.7200000E+01  0.1278819E-03  0.9551113E-03  0.5330842E-02  0.2197786E-01  0.6698484E-01  0.1526345E+00  0.2627534E+00  0.3442598E+00  0.3445439E+00  0.2635801E+00  0.1537820E+00  0.6802037E-01  0.2261202E-01  0.5605624E-02  0.1042593E-02  0.1536691E-03
 0.7300000E+01  0.1282879E-03  0.9597594E-03  0.5352452E-02  0.2204722E-01  0.6710817E-01  0.1527184E+00  0.2626445E+00  0.3439480E+00  0.3442402E+00  0.2634933E+00  0.1538954E+00  0.6817046E-01  0.2269823E-01  0.5634446E-02  0.1049507E-02  0.1548892E-03
 0.7400000E+01  0.1287101E-03  0.9645175E-03  0.5374525E-02  0.2211795E-01  0.6723349E-01  0.1528031E+00  0.2625338E+00  0.3436323E+00  0.3439327E+00  0.2634050E+00  0.1540099E+00  0.6832275E-01  0.2278599E-01  0.5663802E-02  0.1056542E-02  0.1561424E-03
 0.7500000E+01  0.1291497E-03  0.9693875E-03  0.5397070E-02  0.2219008E-01  0.6736080E-01  0.1528887E+00  0.2624212E+00  0.3433127E+00  0.3436215E+00  0.2633151E+00  0.1541255E+00  0.6847725E-01  0.2287532E-01  0.5693701E-02  0.1063698E-02  0.1574300E-03
 0.7600000E+01  0.1296075E-03  0.9743715E-03  0.5420096E-02  0.2226362E-01  0.6749012E-01  0.1529750E+00  0.2623067E+00  0.3429891E+00  0.3433064E+00  0.2632235E+00  0.1542421E+00  0.6863396E-01  0.2296624E-01  0.5724151E-02  0.1070975E-02  0.1587531E-03
 0.7700000E+01  0.1300849E-03  0.9794714E-03  0.5443611E-02  0.2233859E-01  0.6762144E-01  0.1530622E+00  0.2621904E+00  0.3426617E+00  0.3429876E+00  0.2631303E+00  0.1543596E+00  0.6879287E-01  0.2305876E-01  0.5755159E-02  0.1078373E-02  0.1601132E-03
 0.7800000E+01  0.1305829E-03  0.9846893E-03  0.5467625E-02  0.2241501E-01  0.6775480E-01  0.1531501E+00  0.2620721E+00  0.3423303E+00  0.3426651E+00  0.2630354E+00  0.1544782E+00  0.6895399E-01  0.2315291E-01  0.5786735E-02  0.1085892E-02  0.1615114E-03
 0.7900000E+01  0.1311028E-03  0.9900271E-03  0.5492147E-02  0.2249291E-01  0.6789019E-01  0.1532388E+00  0.2619520E+00  0.3419951E+00  0.3423388E+00  0.2629389E+00  0.1545977E+00  0.6911732E-01  0.2324869E-01  0.5818887E-02  0.1093531E-02  0.1629491E-03
 0.8000000E+01  0.1316460E-03  0.9954870E-03  0.5517188E-02  0.2257231E-01  0.6802762E-01  0.1533282E+00  0.2618299E+00  0.3416560E+00  0.3420088E+00  0.2628407E+00  0.1547182E+00  0.6928286E-01  0.2334614E-01  0.5851626E-02  0.1101290E-02  0.1644277E-03
 0.8100000E+01  0.1322139E-03  0.1001071E-02  0.5542758E-02  0.2265323E-01  0.6816712E-01  0.1534184E+00  0.2617059E+00  0.3413131E+00  0.3416751E+00  0.2627408E+00  0.1548396E+00  0.6945062E-01  0.2344526E-01  0.5884961E-02  0.1109167E-02  0.1659487E-03
 0.8200000E+01  0.1328079E-03  0.1006781E-02  0.5568868E-02  0.2273569E-01  0.6830868E-01  0.1535093E+00  0.2615800E+00  0.3409664E+00  0.3413377E+00  0.2626392E+00  0.1549619E+00  0.6962059E-01  0.2354607E-01  0.5918903E-02  0.1117163E-02  0.1675134E-03
 0.8300000E+01  0.1334296E-03  0.1012618E-02  0.5595528E-02  0.2281971E-01  0.6845232E-01  0.1536009E+00  0.2614522E+00  0.3406158E+00  0.3409967E+00  0.2625359E+00  0.1550851E+00  0.6979277E-01  0.2364860E-01  0.5953462E-02  0.1125276E-02  0.1691232E-03
 0.8400000E+01  0.1340807E-03  0.1018586E-02  0.5622751E-02  0.2290532E-01  0.6859806E-01  0.1536933E+00  0.2613224E+00  0.3402614E+00  0.3406519E+00  0.2624309E+00  0.1552091E+00  0.6996717E-01  0.2375287E-01  0.5988650E-02  0.1133506E-02  0.1707797E-03
 0.8500000E+01  0.1347628E-03  0.1024686E-02  0.5650548E-02  0.2299254E-01  0.6874590E-01  0.1537863E+00  0.2611906E+00  0.3399032E+00  0.3403035E+00  0.2623242E+00  0.1553339E+00  0.7014378E-01  0.2385888E-01  0.6024480E-02  0.1141850E-02  0.1724841E-03
 0.8600000E+01  0.1354778E-03  0.1030920E-02  0.5678932E-02  0.2308140E-01  0.6889585E-01  0.1538800E+00  0.2610569E+00  0.3395412E+00  0.3399515E+00  0.2622157E+00  0.1554596E+00  0.7032261E-01  0.2396667E-01  0.6060963E-02  0.1150308E-02  0.1742378E-03
 0.8700000E+01  0.1362274E-03  0.1037290E-02  0.5707915E-02  0.2317192E-01  0.6904793E-01  0.1539743E+00  0.2609212E+00  0.3391754E+00  0.3395959E+00  0.2621055E+00  0.1555860E+00  0.7050365E-01  0.2407625E-01  0.6098113E-02  0.1158879E-02  0.1760423E-03
 0.8800000E+01  0.1370136E-03  0.1043798E-02  0.5737512E-02  0.2326413E-01  0.6920215E-01  0.1540694E+00  0.2607836E+00  0.3388059E+00  0.3392366E+00  0.2619935E+00  0.1557133E+00  0.7068691E-01  0.2418765E-01  0.6135943E-02  0.1167561E-02  0.1778988E-03
 0.8900000E+01  0.1378383E-03  0.1050447E-02  0.5767735E-02  0.2335805E-01  0.6935852E-01  0.1541650E+00  0.2606439E+00  0.3384326E+00  0.3388738E+00  0.2618798E+00  0.1558412E+00  0.7087239E-01  0.2430087E-01  0.6174468E-02  0.1176352E-02  0.1798087E-03
 0.9000000E+01  0.1387035E-03  0.1057237E-02  0.5798600E-02  0.2345371E-01  0.6951705E-01  0.1542613E+00  0.2605023E+00  0.3380555E+00  0.3385074E+00  0.2617643E+00  0.1559699E+00  0.7106007E-01  0.2441595E-01  0.6213702E-02  0.1185250E-02  0.1817729E-03
 0.9100000E+01  0.1396114E-03  0.1064172E-02  0.5830121E-02  0.2355113E-01  0.6967775E-01  0.1543582E+00  0.2603587E+00  0.3376747E+00  0.3381374E+00  0.2616470E+00  0.1560992E+00  0.7124997E-01  0.2453290E-01  0.6253662E-02  0.1194255E-02  0.1837928E-03
 0.9200000E+01  0.1405641E-03  0.1071252E-02  0.5862313E-02  0.2365034E-01  0.6984064E-01  0.1544557E+00  0.2602130E+00  0.3372903E+00  0.3377639E+00  0.2615280E+00  0.1562292E+00  0.7144209E-01  0.2465174E-01  0.6294363E-02  0.1203364E-02  0.1858692E-03
 0.9300000E+01  0.1415637E-03  0.1078481E-02  0.5895194E-02  0.2375138E-01  0.7000572E-01  0.1545539E+00  0.2600654E+00  0.3369020E+00  0.3373868E+00  0.2614071E+00  0.1563599E+00  0.7163641E-01  0.2477249E-01  0.6335823E-02  0.1212575E-02  0.1880031E-03
 0.9400000E+01  0.1426124E-03  0.1085861E-02  0.5928779E-02  0.2385426E-01  0.7017302E-01  0.1546526E+00  0.2599157E+00  0.3365101E+00  0.3370062E+00  0.2612845E+00  0.1564911E+00  0.7183294E-01  0.2489517E-01  0.6378058E-02  0.1221886E-02  0.1901951E-03
 0.9500000E+01  0.1437125E-03  0.1093393E-02  0.5963086E-02  0.2395901E-01  0.7034253E-01  0.1547518E+00  0.2597640E+00  0.3361146E+00  0.3366221E+00  0.2611600E+00  0.1566230E+00  0.7203169E-01  0.2501981E-01  0.6421088E-02  0.1231295E-02  0.1924460E-03
 0.9600000E+01  0.1448661E-03  0.1101080E-02  0.5998132E-02  0.2406567E-01  0.7051428E-01  0.1548517E+00  0.2596103E+00  0.3357153E+00  0.3362345E+00  0.2610338E+00  0.1567554E+00  0.7223263E-01  0.2514643E-01  0.6464931E-02  0.1240801E-02  0.1947562E-03
 0.9700000E+01  0.1460757E-03  0.1108924E-02  0.6033937E-02  0.2417426E-01  0.7068828E-01  0.1549521E+00  0.2594545E+00  0.3353124E+00  0.3358434E+00  0.2609057E+00  0.1568884E+00  0.7243579E-01  0.2527504E-01  0.6509607E-02  0.1250401E-02  0.1971258E-03
 0.9800000E+01  0.1473434E-03  0.1116927E-02  0.6070520E-02  0.2428481E-01  0.7086454E-01  0.1550530E+00  0.2592967E+00  0.3349058E+00  0.3354488E+00  0.2607758E+00  0.1570219E+00  0.7264114E-01  0.2540567E-01  0.6555137E-02  0.1260094E-02  0.1995551E-03
 0.9900000E+01  0.1486716E-03  0.1125092E-02  0.6107900E-02  0.2439735E-01  0.7104307E-01  0.1551545E+00  0.2591369E+00  0.3344955E+00  0.3350508E+00  0.2606441E+00  0.1571559E+00  0.7284870E-01  0.2553833E-01  0.6601542E-02  0.1269877E-02  0.2020438E-03
 0.1000000E+02  0.1500625E-03  0.1133421E-02  0.6146099E-02  0.2451192E-01  0.7122389E-01  0.1552565E+00  0.2589750E+00  0.3340817E+00  0.3346494E+00  0.2605105E+00  0.1572903E+00  0.7305845E-01  0.2567305E-01  0.6648845E-02  0.1279750E-02  0.2045916E-03
 0.1010000E+02  0.1515182E-03  0.1141916E-02  0.6185137E-02  0.2462854E-01  0.7140700E-01  0.1553589E+00  0.2588110E+00  0.3336642E+00  0.3342445E+00  0.2603751E+00  0.1574252E+00  0.7327040E-01  0.2580985E-01  0.6697067E-02  0.1289709E-02  0.2071978E-03
 0.1020000E+02  0.1530411E-03  0.1150581E-02  0.6225038E-02  0.2474724E-01  0.7159243E-01  0.1554619E+00  0.2586450E+00  0.3332431E+00  0.3338362E+00  0.2602379E+00  0.1575605E+00  0.7348454E-01  0.2594874E-01  0.6746232E-02  0.1299755E-02  0.2098616E-03
 0.1030000E+02  0.1546333E-03  0.1159418E-02  0.6265824E-02  0.2486806E-01  0.7178018E-01  0.1555654E+00  0.2584769E+00  0.3328184E+00  0.3334245E+00  0.2600988E+00  0.1576962E+00  0.7370087E-01  0.2608976E-01  0.6796366E-02  0.1309885E-02  0.2125818E-03
 0.1040000E+02  0.1562969E-03  0.1168430E-02  0.6307519E-02  0.2499102E-01  0.7197027E-01  0.1556693E+00  0.2583067E+00  0.3323901E+00  0.3330093E+00  0.2599579E+00  0.1578322E+00  0.7391939E-01  0.2623292E-01  0.6847494E-02  0.1320098E-02  0.2153568E-03
 0.1050000E+02  0.1580340E-03  0.1177620E-02  0.6350148E-02  0.2511617E-01  0.7216271E-01  0.1557738E+00  0.2581345E+00  0.3319582E+00  0.3325909E+00  0.2598152E+00  0.1579686E+00  0.7414009E-01  0.2637824E-01  0.6899641E-02  0.1330394E-02  0.2181849E-03
 0.1060000E+02  0.1598465E-03  0.1186992E-02  0.6393737E-02  0.2524353E-01  0.7235752E-01  0.1558786E+00  0.2579601E+00  0.3315227E+00  0.3321690E+00  0.2596705E+00  0.1581052E+00  0.7436297E-01  0.2652575E-01  0.6952834E-02  0.1340771E-02  0.2210640E-03
 0.1070000E+02  0.1617364E-03  0.1196548E-02  0.6438311E-02  0.2537313E-01  0.7255470E-01  0.1559839E+00  0.2577837E+00  0.3310837E+00  0.3317438E+00  0.2595241E+00  0.1582422E+00  0.7458803E-01  0.2667545E-01  0.7007101E-02  0.1351230E-02  0.2239915E-03
 0.1080000E+02  0.1637054E-03  0.1206292E-02  0.6483899E-02  0.2550501E-01  0.7275428E-01  0.1560897E+00  0.2576052E+00  0.3306411E+00  0.3313152E+00  0.2593758E+00  0.1583793E+00  0.7481526E-01  0.2682738E-01  0.7062470E-02  0.1361771E-02  0.2269646E-03
 0.1090000E+02  0.1657554E-03  0.1216229E-02  0.6530528E-02  0.2563921E-01  0.7295627E-01  0.1561958E+00  0.2574245E+00  0.3301950E+00  0.3308833E+00  0.2592256E+00  0.1585167E+00  0.7504465E-01  0.2698156E-01  0.7118971E-02  0.1372395E-02  0.2299801E-03
 0.1100000E+02  0.1678879E-03  0.1226363E-02  0.6578228E-02  0.2577576E-01  0.7316067E-01  0.1563024E+00  0.2572418E+00  0.3297454E+00  0.3304481E+00  0.2590736E+00  0.1586543E+00  0.7527621E-01  0.2713800E-01  0.7176633E-02  0.1383101E-02  0.2330342E-03
 0.1110000E+02  0.1701046E-03  0.1236697E-02  0.6627030E-02  0.2591469E-01  0.7336752E-01  0.1564094E+00  0.2570569E+00  0.3292922E+00  0.3300095E+00  0.2589198E+00  0.1587921E+00  0.7550994E-01  0.2729673E-01  0.7235487E-02  0.1393892E-02  0.2361229E-03
 0.1120000E+02  0.1724067E-03  0.1247238E-02  0.6676963E-02  0.2605604E-01  0.7357681E-01  0.1565168E+00  0.2568700E+00  0.3288355E+00  0.3295676E+00  0.2587641E+00  0.1589299E+00  0.7574581E-01  0.2745777E-01  0.7295565E-02  0.1404770E-02  0.2392416E-03
 0.1130000E+02  0.1747955E-03  0.1257989E-02  0.6728061E-02  0.2619984E-01  0.7378858E-01  0.1566246E+00  0.2566809E+00  0.3283754E+00  0.3291225E+00  0.2586065E+00  0.1590679E+00  0.7598384E-01  0.2762114E-01  0.7356899E-02  0.1415738E-02  0.2423854E-03
 0.1140000E+02  0.1772724E-03  0.1268957E-02  0.6780357E-02  0.2634614E-01  0.7400282E-01  0.1567327E+00  0.2564896E+00  0.3279117E+00  0.3286740E+00  0.2584472E+00  0.1592060E+00  0.7622401E-01  0.2778685E-01  0.7419521E-02  0.1426798E-02  0.2455490E-03
 0.1150000E+02  0.1798382E-03  0.1280148E-02  0.6833885E-02  0.2649496E-01  0.7421956E-01  0.1568413E+00  0.2562963E+00  0.3274446E+00  0.3282223E+00  0.2582859E+00  0.1593441E+00  0.7646632E-01  0.2795494E-01  0.7483465E-02  0.1437954E-02  0.2487262E-03
 0.1160000E+02  0.1824939E-03  0.1291567E-02  0.6888680E-02  0.2664634E-01  0.7443880E-01  0.1569501E+00  0.2561008E+00  0.3269739E+00  0.3277673E+00  0.2581229E+00  0.1594822E+00  0.7671077E-01  0.2812542E-01  0.7548765E-02  0.1449212E-02  0.2519108E-03
 0.1170000E+02  0.1852402E-03  0.1303222E-02  0.6944779E-02  0.2680033E-01  0.7466058E-01  0.1570594E+00  0.2559031E+00  0.3264998E+00  0.3273091E+00  0.2579580E+00  0.1596203E+00  0.7695734E-01  0.2829832E-01  0.7615455E-02  0.1460578E-02  0.2550958E-03
 0.1180000E+02  0.1880779E-03  0.1315120E-02  0.7002219E-02  0.2695696E-01  0.7488490E-01  0.1571689E+00  0.2557033E+00  0.3260223E+00  0.3268475E+00  0.2577913E+00  0.1597583E+00  0.7720604E-01  0.2847365E-01  0.7683572E-02  0.1472057E-02  0.2582738E-03
 0.1190000E+02  0.1910074E-03  0.1327270E-02  0.7061039E-02  0.2711627E-01  0.7511178E-01  0.1572788E+00  0.2555013E+00  0.3255413E+00  0.3263828E+00  0.2576228E+00  0.1598963E+00  0.7745686E-01  0.2865144E-01  0.7753149E-02  0.1483658E-02  0.2614367E-03
 0.1200000E+02  0.1940291E-03  0.1339680E-02  0.7121279E-02  0.2727829E-01  0.7534123E-01  0.1573891E+00  0.2552972E+00  0.3250569E+00  0.3259148E+00  0.2574525E+00  0.1600341E+00  0.7770978E-01  0.2883170E-01  0.7824224E-02  0.1495389E-02  0.2645762E-03
 0.1210000E+02  0.1971432E-03  0.1352359E-02  0.7182980E-02  0.2744307E-01  0.7557327E-01  0.1574996E+00  0.2550909E+00  0.3245691E+00  0.3254435E+00  0.2572804E+00  0.1601718E+00  0.7796481E-01  0.2901447E-01  0.7896834E-02  0.1507260E-02  0.2676831E-03
 0.1220000E+02  0.2003498E-03  0.1365317E-02  0.7246184E-02  0.2761065E-01  0.7580793E-01  0.1576105E+00  0.2548824E+00  0.3240779E+00  0.3249690E+00  0.2571065E+00  0.1603093E+00  0.7822193E-01  0.2919977E-01  0.7971014E-02  0.1519282E-02  0.2707478E-03
 0.1230000E+02  0.2036488E-03  0.1378565E-02  0.7310934E-02  0.2778106E-01  0.7604520E-01  0.1577217E+00  0.2546718E+00  0.3235832E+00  0.3244913E+00  0.2569308E+00  0.1604467E+00  0.7848115E-01  0.2938761E-01  0.8046802E-02  0.1531468E-02  0.2737601E-03
 0.1240000E+02  0.2070402E-03  0.1392116E-02  0.7377274E-02  0.2795435E-01  0.7628512E-01  0.1578331E+00  0.2544589E+00  0.3230852E+00  0.3240104E+00  0.2567533E+00  0.1605838E+00  0.7874244E-01  0.2957803E-01  0.8124235E-02  0.1543831E-02  0.2767093E-03
 0.1250000E+02  0.2105235E-03  0.1405980E-02  0.7445251E-02  0.2813056E-01  0.7652770E-01  0.1579449E+00  0.2542438E+00  0.3225838E+00  0.3235263E+00  0.2565741E+00  0.1607206E+00  0.7900580E-01  0.2977104E-01  0.8203351E-02  0.1556387E-02  0.2795841E-03
 0.1260000E+02  0.2140985E-03  0.1420173E-02  0.7514911E-02  0.2830972E-01  0.7677296E-01  0.1580569E+00  0.2540265E+00  0.3220790E+00  0.3230389E+00  0.2563931E+00  0.1608571E+00  0.7927122E-01  0.2996667E-01  0.8284188E-02  0.1569153E-02  0.2823726E-03
 0.1270000E+02  0.2177645E-03  0.1434708E-02  0.7586302E-02  0.2849189E-01  0.7702091E-01  0.1581692E+00  0.2538071E+00  0.3215709E+00  0.3225483E+00  0.2562104E+00  0.1609933E+00  0.7953869E-01  0.3016495E-01  0.8366782E-02  0.1582148E-02  0.2850625E-03
 0.1280000E+02  0.2215209E-03  0.1449602E-02  0.7659474E-02  0.2867710E-01  0.7727157E-01  0.1582818E+00  0.2535853E+00  0.3210594E+00  0.3220545E+00  0.2560259E+00  0.1611291E+00  0.7980821E-01  0.3036591E-01  0.8451172E-02  0.1595393E-02  0.2876407E-03
 0.1290000E+02  0.2253669E-03  0.1464870E-02  0.7734477E-02  0.2886540E-01  0.7752497E-01  0.1583946E+00  0.2533614E+00  0.3205446E+00  0.3215575E+00  0.2558398E+00  0.1612645E+00  0.8007975E-01  0.3056957E-01  0.8537394E-02  0.1608911E-02  0.2900938E-03
 0.1300000E+02  0.2293016E-03  0.1480531E-02  0.7811363E-02  0.2905683E-01  0.7778111E-01  0.1585077E+00  0.2531352E+00  0.3200265E+00  0.3210573E+00  0.2556519E+00  0.1613995E+00  0.8035331E-01  0.3077595E-01  0.8625485E-02  0.1622726E-02  0.2924078E-03
 0.1310000E+02  0.2333242E-03  0.1496605E-02  0.7890185E-02  0.2925143E-01  0.7804003E-01  0.1586210E+00  0.2529067E+00  0.3195051E+00  0.3205539E+00  0.2554624E+00  0.1615340E+00  0.8062888E-01  0.3098510E-01  0.8715482E-02  0.1636866E-02  0.2945684E-03
 0.1320000E+02  0.2374334E-03  0.1513112E-02  0.7970998E-02  0.2944925E-01  0.7830174E-01  0.1587345E+00  0.2526760E+00  0.3189804E+00  0.3200472E+00  0.2552712E+00  0.1616680E+00  0.8090644E-01  0.3119704E-01  0.8807421E-02  0.1651361E-02  0.2965608E-03
 0.1330000E+02  0.2416282E-03  0.1530075E-02  0.8053858E-02  0.2965034E-01  0.7856625E-01  0.1588483E+00  0.2524429E+00  0.3184524E+00  0.3195374E+00  0.2550784E+00  0.1618015E+00  0.8118597E-01  0.3141180E-01  0.8901338E-02  0.1666243E-02  0.2983697E-03
 0.1340000E+02  0.2459074E-03  0.1547517E-02  0.8138821E-02  0.2985473E-01  0.7883359E-01  0.1589624E+00  0.2522076E+00  0.3179212E+00  0.3190243E+00  0.2548839E+00  0.1619344E+00  0.8146747E-01  0.3162941E-01  0.8997266E-02  0.1681548E-02  0.2999798E-03
 0.1350000E+02  0.2502697E-03  0.1565464E-02  0.8225945E-02  0.3006248E-01  0.7910379E-01  0.1590766E+00  0.2519700E+00  0.3173867E+00  0.3185080E+00  0.2546878E+00  0.1620667E+00  0.8175092E-01  0.3184992E-01  0.9095240E-02  0.1697313E-02  0.3013754E-03
 0.1360000E+02  0.2547136E-03  0.1583944E-02  0.8315292E-02  0.3027363E-01  0.7937685E-01  0.1591910E+00  0.2517301E+00  0.3168489E+00  0.3179885E+00  0.2544901E+00  0.1621984E+00  0.8203630E-01  0.3207336E-01  0.9195293E-02  0.1713581E-02  0.3025408E-03
 0.1370000E+02  0.2592379E-03  0.1602986E-02  0.8406920E-02  0.3048823E-01  0.7965280E-01  0.1593057E+00  0.2514878E+00  0.3163080E+00  0.3174657E+00  0.2542909E+00  0.1623294E+00  0.8232358E-01  0.3229977E-01  0.9297456E-02  0.1730396E-02  0.3034603E-03
 0.1380000E+02  0.2638410E-03  0.1622621E-02  0.8500894E-02  0.3070632E-01  0.7993167E-01  0.1594205E+00  0.2512432E+00  0.3157638E+00  0.3169397E+00  0.2540901E+00  0.1624597E+00  0.8261276E-01  0.3252919E-01  0.9401761E-02  0.1747806E-02  0.3041183E-03
 0.1390000E+02  0.2685216E-03  0.1642882E-02  0.8597276E-02  0.3092796E-01  0.8021347E-01  0.1595356E+00  0.2509962E+00  0.3152165E+00  0.3164105E+00  0.2538878E+00  0.1625893E+00  0.8290381E-01  0.3276166E-01  0.9508236E-02  0.1765864E-02  0.3044999E-03
 0.1400000E+02  0.2732781E-03  0.1663806E-02  0.8696131E-02  0.3115319E-01  0.8049822E-01  0.1596508E+00  0.2507468E+00  0.3146660E+00  0.3158780E+00  0.2536839E+00  0.1627181E+00  0.8319671E-01  0.3299723E-01  0.9616909E-02  0.1784625E-02  0.3045903E-03
 0.1410000E+02  0.2781092E-03  0.1685431E-02  0.8797527E-02  0.3138205E-01  0.8078596E-01  0.1597662E+00  0.2504950E+00  0.3141124E+00  0.3153422E+00  0.2534786E+00  0.1628462E+00  0.8349143E-01  0.3323594E-01  0.9727806E-02  0.1804151E-02  0.3043761E-03
 0.1420000E+02  0.2830133E-03  0.1707797E-02  0.8901530E-02  0.3161461E-01  0.8107670E-01  0.1598818E+00  0.2502408E+00  0.3135556E+00  0.3148031E+00  0.2532719E+00  0.1629733E+00  0.8378795E-01  0.3347786E-01  0.9840952E-02  0.1824506E-02  0.3038446E-03
 0.1430000E+02  0.2879891E-03  0.1730948E-02  0.9008210E-02  0.3185090E-01  0.8137046E-01  0.1599976E+00  0.2499842E+00  0.3129957E+00  0.3142608E+00  0.2530637E+00  0.1630997E+00  0.8408625E-01  0.3372303E-01  0.9956371E-02  0.1845760E-02  0.3029849E-03
 0.1440000E+02  0.2930352E-03  0.1754929E-02  0.9117638E-02  0.3209098E-01  0.8166728E-01  0.1601135E+00  0.2497251E+00  0.3124327E+00  0.3137151E+00  0.2528541E+00  0.1632251E+00  0.8438630E-01  0.3397151E-01  0.1007408E-01  0.1867985E-02  0.3017880E-03
 0.1450000E+02  0.2981505E-03  0.1779790E-02  0.9229886E-02  0.3233490E-01  0.8196717E-01  0.1602296E+00  0.2494635E+00  0.3118667E+00  0.3131661E+00  0.2526432E+00  0.1633496E+00  0.8468806E-01  0.3422336E-01  0.1019410E-01  0.1891263E-02  0.3002474E-03
 0.1460000E+02  0.3033337E-03  0.1805582E-02  0.9345027E-02  0.3258271E-01  0.8227016E-01  0.1603458E+00  0.2491994E+00  0.3112976E+00  0.3126138E+00  0.2524309E+00  0.1634731E+00  0.8499150E-01  0.3447864E-01  0.1031645E-01  0.1915676E-02  0.2983598E-03
 0.1470000E+02  0.3085840E-03  0.1832362E-02  0.9463137E-02  0.3283446E-01  0.8257628E-01  0.1604622E+00  0.2489328E+00  0.3107255E+00  0.3120581E+00  0.2522173E+00  0.1635956E+00  0.8529660E-01  0.3473743E-01  0.1044115E-01  0.1941315E-02  0.2961257E-03
 0.1480000E+02  0.3139005E-03  0.1860187E-02  0.9584291E-02  0.3309020E-01  0.8288554E-01  0.1605787E+00  0.2486636E+00  0.3101505E+00  0.3114991E+00  0.2520025E+00  0.1637171E+00  0.8560332E-01  0.3499978E-01  0.1056820E-01  0.1968276E-02  0.2935501E-03
 0.1490000E+02  0.3192827E-03  0.1889120E-02  0.9708568E-02  0.3334998E-01  0.8319799E-01  0.1606954E+00  0.2483919E+00  0.3095724E+00  0.3109366E+00  0.2517864E+00  0.1638375E+00  0.8591161E-01  0.3526579E-01  0.1069762E-01  0.1996658E-02  0.2906439E-03
 0.1500000E+02  0.3247303E-03  0.1919226E-02  0.9836048E-02  0.3361386E-01  0.8351365E-01  0.1608121E+00  0.2481175E+00  0.3089914E+00  0.3103707E+00  0.2515691E+00  0.1639568E+00  0.8622145E-01  0.3553552E-01  0.1082941E-01  0.2026570E-02  0.2874247E-03
 0.1510000E+02  0.3302434E-03  0.1950576E-02  0.9966811E-02  0.3388188E-01  0.8383254E-01  0.1609290E+00  0.2478405E+00  0.3084075E+00  0.3098014E+00  0.2513506E+00  0.1640750E+00  0.8653280E-01  0.3580906E-01  0.1096358E-01  0.2058125E-02  0.2839182E-03
 0.1520000E+02  0.3358225E-03  0.1983244E-02  0.1010094E-01  0.3415410E-01  0.8415469E-01  0.1610460E+00  0.2475608E+00  0.3078208E+00  0.3092285E+00  0.2511310E+00  0.1641920E+00  0.8684559E-01  0.3608649E-01  0.1110015E-01  0.2091441E-02  0.2801599E-03
 0.1530000E+02  0.3414683E-03  0.2017307E-02  0.1023852E-01  0.3443057E-01  0.8448013E-01  0.1611631E+00  0.2472784E+00  0.3072312E+00  0.3086522E+00  0.2509103E+00  0.1643078E+00  0.8715981E-01  0.3636791E-01  0.1123910E-01  0.2126646E-02  0.2761963E-03
 0.1540000E+02  0.3471825E-03  0.2052847E-02  0.1037964E-01  0.3471134E-01  0.8480890E-01  0.1612804E+00  0.2469933E+00  0.3066388E+00  0.3080724E+00  0.2506885E+00  0.1644224E+00  0.8747538E-01  0.3665342E-01  0.1138044E-01  0.2163871E-02  0.2720869E-03
 0.1550000E+02  0.3529670E-03  0.2089952E-02  0.1052438E-01  0.3499646E-01  0.8514103E-01  0.1613977E+00  0.2467054E+00  0.3060436E+00  0.3074890E+00  0.2504658E+00  0.1645357E+00  0.8779228E-01  0.3694310E-01  0.1152418E-01  0.2203257E-02  0.2679061E-03
 0.1560000E+02  0.3588247E-03  0.2128713E-02  0.1067284E-01  0.3528599E-01  0.8547654E-01  0.1615150E+00  0.2464147E+00  0.3054456E+00  0.3069020E+00  0.2502420E+00  0.1646477E+00  0.8811043E-01  0.3723708E-01  0.1167032E-01  0.2244950E-02  0.2637446E-03
 0.1570000E+02  0.3647592E-03  0.2169226E-02  0.1082511E-01  0.3557997E-01  0.8581548E-01  0.1616325E+00  0.2461212E+00  0.3048450E+00  0.3063114E+00  0.2500174E+00  0.1647584E+00  0.8842979E-01  0.3753544E-01  0.1181884E-01  0.2289106E-02  0.2597110E-03
 0.1580000E+02  0.3707753E-03  0.2211595E-02  0.1098127E-01  0.3587846E-01  0.8615786E-01  0.1617500E+00  0.2458247E+00  0.3042417E+00  0.3057171E+00  0.2497918E+00  0.1648678E+00  0.8875030E-01  0.3783832E-01  0.1196977E-01  0.2335887E-02  0.2559321E-03
 0.1590000E+02  0.3768787E-03  0.2255924E-02  0.1114143E-01  0.3618151E-01  0.8650374E-01  0.1618676E+00  0.2455254E+00  0.3036358E+00  0.3051191E+00  0.2495654E+00  0.1649758E+00  0.8907189E-01  0.3814581E-01  0.1212309E-01  0.2385465E-02  0.2525533E-03
 0.1600000E+02  0.3830766E-03  0.2302327E-02  0.1130568E-01  0.3648916E-01  0.8685314E-01  0.1619853E+00  0.2452230E+00  0.3030273E+00  0.3045174E+00  0.2493381E+00  0.1650825E+00  0.8939449E-01  0.3845805E-01  0.1227881E-01  0.2438018E-02  0.2497357E-03
 0.1610000E+02  0.3893776E-03  0.2350923E-02  0.1147412E-01  0.3680146E-01  0.8720611E-01  0.1621029E+00  0.2449177E+00  0.3024162E+00  0.3039119E+00  0.2491101E+00  0.1651877E+00  0.8971805E-01  0.3877516E-01  0.1243694E-01  0.2493737E-02  0.2476526E-03
 0.1620000E+02  0.3957921E-03  0.2401834E-02  0.1164685E-01  0.3711847E-01  0.8756268E-01  0.1622206E+00  0.2446093E+00  0.3018027E+00  0.3033026E+00  0.2488814E+00  0.1652915E+00  0.9004247E-01  0.3909726E-01  0.1259750E-01  0.2552821E-02  0.2464824E-03
 0.1630000E+02  0.4023324E-03  0.2455192E-02  0.1182398E-01  0.3744023E-01  0.8792290E-01  0.1623383E+00  0.2442978E+00  0.3011867E+00  0.3026895E+00  0.2486520E+00  0.1653939E+00  0.9036768E-01  0.3942448E-01  0.1276051E-01  0.2615480E-02  0.2463998E-03
 0.1640000E+02  0.4090134E-03  0.2511133E-02  0.1200561E-01  0.3776678E-01  0.8828680E-01  0.1624561E+00  0.2439831E+00  0.3005683E+00  0.3020724E+00  0.2484219E+00  0.1654948E+00  0.9069358E-01  0.3975696E-01  0.1292598E-01  0.2681935E-02  0.2475634E-03
 0.1650000E+02  0.4158521E-03  0.2569801E-02  0.1219184E-01  0.3809817E-01  0.8865444E-01  0.1625738E+00  0.2436653E+00  0.2999475E+00  0.3014515E+00  0.2481912E+00  0.1655943E+00  0.9102009E-01  0.4009483E-01  0.1309396E-01  0.2752418E-02  0.2501041E-03
 0.1660000E+02  0.4228688E-03  0.2631346E-02  0.1238279E-01  0.3843444E-01  0.8902586E-01  0.1626914E+00  0.2433442E+00  0.2993244E+00  0.3008266E+00  0.2479598E+00  0.1656924E+00  0.9134708E-01  0.4043824E-01  0.1326450E-01  0.2827172E-02  0.2541127E-03
 0.1670000E+02  0.4300872E-03  0.2695926E-02  0.1257857E-01  0.3877564E-01  0.8940110E-01  0.1628090E+00  0.2430198E+00  0.2986990E+00  0.3001978E+00  0.2477279E+00  0.1657891E+00  0.9167446E-01  0.4078731E-01  0.1343766E-01  0.2906452E-02  0.2596310E-03
 0.1680000E+02  0.4375345E-03  0.2763706E-02  0.1277928E-01  0.3912180E-01  0.8978024E-01  0.1629266E+00  0.2426921E+00  0.2980714E+00  0.2995649E+00  0.2474955E+00  0.1658844E+00  0.9200208E-01  0.4114219E-01  0.1361352E-01  0.2990523E-02  0.2666474E-03
 0.1690000E+02  0.4452425E-03  0.2834859E-02  0.1298505E-01  0.3947296E-01  0.9016331E-01  0.1630440E+00  0.2423610E+00  0.2974415E+00  0.2989280E+00  0.2472625E+00  0.1659784E+00  0.9232979E-01  0.4150303E-01  0.1379219E-01  0.3079658E-02  0.2750978E-03
 0.1700000E+02  0.4532475E-03  0.2909568E-02  0.1319598E-01  0.3982915E-01  0.9055039E-01  0.1631613E+00  0.2420266E+00  0.2968095E+00  0.2982870E+00  0.2470289E+00  0.1660712E+00  0.9265744E-01  0.4186998E-01  0.1397379E-01  0.3174135E-02  0.2848716E-03
 0.1710000E+02  0.4615915E-03  0.2988023E-02  0.1341221E-01  0.4019041E-01  0.9094154E-01  0.1632784E+00  0.2416887E+00  0.2961754E+00  0.2976420E+00  0.2467947E+00  0.1661627E+00  0.9298483E-01  0.4224320E-01  0.1415849E-01  0.3274232E-02  0.2958228E-03
 0.1720000E+02  0.4703223E-03  0.3070424E-02  0.1363384E-01  0.4055676E-01  0.9133685E-01  0.1633952E+00  0.2413473E+00  0.2955391E+00  0.2969929E+00  0.2465600E+00  0.1662532E+00  0.9331176E-01  0.4262284E-01  0.1434647E-01  0.3380220E-02  0.3077849E-03
 0.1730000E+02  0.4794946E-03  0.3156981E-02  0.1386099E-01  0.4092823E-01  0.9173638E-01  0.1635118E+00  0.2410025E+00  0.2949007E+00  0.2963398E+00  0.2463246E+00  0.1663428E+00  0.9363797E-01  0.4300908E-01  0.1453797E-01  0.3492355E-02  0.3205892E-03
 0.1740000E+02  0.4891702E-03  0.3247916E-02  0.1409379E-01  0.4130483E-01  0.9214024E-01  0.1636281E+00  0.2406541E+00  0.2942602E+00  0.2956826E+00  0.2460885E+00  0.1664316E+00  0.9396318E-01  0.4340211E-01  0.1473326E-01  0.3610856E-02  0.3340874E-03
 0.1750000E+02  0.4994192E-03  0.3343463E-02  0.1433236E-01  0.4168657E-01  0.9254853E-01  0.1637439E+00  0.2403022E+00  0.2936177E+00  0.2950213E+00  0.2458516E+00  0.1665197E+00  0.9428708E-01  0.4380214E-01  0.1493267E-01  0.3735897E-02  0.3481784E-03
 0.1760000E+02  0.5103207E-03  0.3443865E-02  0.1457681E-01  0.4207346E-01  0.9296136E-01  0.1638592E+00  0.2399468E+00  0.2929731E+00  0.2943560E+00  0.2456139E+00  0.1666075E+00  0.9460929E-01  0.4420940E-01  0.1513658E-01  0.3867575E-02  0.3628413E-03
 0.1770000E+02  0.5219631E-03  0.3549383E-02  0.1482728E-01  0.4246549E-01  0.9337887E-01  0.1639738E+00  0.2395879E+00  0.2923264E+00  0.2936868E+00  0.2453753E+00  0.1666952E+00  0.9492938E-01  0.4462415E-01  0.1534544E-01  0.4005880E-02  0.3781749E-03
 0.1780000E+02  0.5344455E-03  0.3660292E-02  0.1508388E-01  0.4286264E-01  0.9380120E-01  0.1640878E+00  0.2392255E+00  0.2916776E+00  0.2930136E+00  0.2451355E+00  0.1667831E+00  0.9524686E-01  0.4504673E-01  0.1555975E-01  0.4150661E-02  0.3944445E-03
 0.1790000E+02  0.5478779E-03  0.3776883E-02  0.1534675E-01  0.4326488E-01  0.9422854E-01  0.1642009E+00  0.2388595E+00  0.2910268E+00  0.2923365E+00  0.2448945E+00  0.1668715E+00  0.9556117E-01  0.4547752E-01  0.1578010E-01  0.4301583E-02  0.4121302E-03
 0.1800000E+02  0.5623822E-03  0.3899466E-02  0.1561599E-01  0.4367216E-01  0.9466107E-01  0.1643129E+00  0.2384901E+00  0.2903738E+00  0.2916556E+00  0.2446522E+00  0.1669608E+00  0.9587166E-01  0.4591696E-01  0.1600716E-01  0.4458075E-02  0.4319701E-03
 0.1810000E+02  0.5780928E-03  0.4028371E-02  0.1589175E-01  0.4408441E-01  0.9509901E-01  0.1644238E+00  0.2381173E+00  0.2897188E+00  0.2909709E+00  0.2444083E+00  0.1670515E+00  0.9617762E-01  0.4636562E-01  0.1624165E-01  0.4619287E-02  0.4549829E-03
 0.1820000E+02  0.5951570E-03  0.4163953E-02  0.1617415E-01  0.4450152E-01  0.9554262E-01  0.1645333E+00  0.2377411E+00  0.2890617E+00  0.2902824E+00  0.2441627E+00  0.1671440E+00  0.9647820E-01  0.4682417E-01  0.1648439E-01  0.4784047E-02  0.4824486E-03
 0.1830000E+02  0.6137354E-03  0.4306589E-02  0.1646333E-01  0.4492337E-01  0.9599219E-01  0.1646413E+00  0.2373614E+00  0.2884025E+00  0.2895902E+00  0.2439152E+00  0.1672389E+00  0.9677250E-01  0.4729343E-01  0.1673627E-01  0.4950829E-02  0.5158295E-03
 0.1840000E+02  0.6340027E-03  0.4456688E-02  0.1675944E-01  0.4534978E-01  0.9644803E-01  0.1647475E+00  0.2369784E+00  0.2877413E+00  0.2888942E+00  0.2436657E+00  0.1673366E+00  0.9705947E-01  0.4777441E-01  0.1699825E-01  0.5117751E-02  0.5566252E-03
 0.1850000E+02  0.6561475E-03  0.4614689E-02  0.1706262E-01  0.4578054E-01  0.9691052E-01  0.1648517E+00  0.2365920E+00  0.2870782E+00  0.2881944E+00  0.2434140E+00  0.1674378E+00  0.9733797E-01  0.4826829E-01  0.1727133E-01  0.5282601E-02  0.6061813E-03
 0.1860000E+02  0.6803729E-03  0.4781070E-02  0.1737306E-01  0.4621538E-01  0.9738006E-01  0.1649536E+00  0.2362021E+00  0.2864134E+00  0.2874907E+00  0.2431602E+00  0.1675430E+00  0.9760675E-01  0.4877653E-01  0.1755659E-01  0.5442910E-02  0.6654956E-03
 0.1870000E+02  0.7068964E-03  0.4956347E-02  0.1769094E-01  0.4665396E-01  0.9785711E-01  0.1650532E+00  0.2358087E+00  0.2857470E+00  0.2867830E+00  0.2429041E+00  0.1676529E+00  0.9786442E-01  0.4930083E-01  0.1785510E-01  0.5596075E-02  0.7350700E-03
 0.1880000E+02  0.7359500E-03  0.5141086E-02  0.1801650E-01  0.4709584E-01  0.9834218E-01  0.1651502E+00  0.2354116E+00  0.2850793E+00  0.2860709E+00  0.2426459E+00  0.1677679E+00  0.9810951E-01  0.4984327E-01  0.1816796E-01  0.5739523E-02  0.8148408E-03
 0.1890000E+02  0.7677804E-03  0.5335903E-02  0.1835000E-01  0.4754053E-01  0.9883582E-01  0.1652443E+00  0.2350105E+00  0.2844108E+00  0.2853541E+00  0.2423857E+00  0.1678886E+00  0.9834038E-01  0.5040625E-01  0.1849626E-01  0.5870904E-02  0.9041915E-03
 0.1900000E+02  0.8026489E-03  0.5541478E-02  0.1869176E-01  0.4798736E-01  0.9933867E-01  0.1653356E+00  0.2346052E+00  0.2837420E+00  0.2846319E+00  0.2421239E+00  0.1680155E+00  0.9855530E-01  0.5099267E-01  0.1884103E-01  0.5988283E-02  0.1002028E-02
 0.1910000E+02  0.8408317E-03  0.5758563E-02  0.1904218E-01  0.4843557E-01  0.9985139E-01  0.1654239E+00  0.2341951E+00  0.2830738E+00  0.2839038E+00  0.2418610E+00  0.1681490E+00  0.9875242E-01  0.5160592E-01  0.1920325E-01  0.6090313E-02  0.1106892E-02
 0.1920000E+02  0.8826191E-03  0.5987995E-02  0.1940174E-01  0.4888418E-01  0.1003747E+00  0.1655094E+00  0.2337794E+00  0.2824072E+00  0.2831684E+00  0.2415980E+00  0.1682893E+00  0.9892973E-01  0.5225004E-01  0.1958378E-01  0.6176334E-02  0.1217091E-02
 0.1930000E+02  0.9283159E-03  0.6230713E-02  0.1977109E-01  0.4933199E-01  0.1009095E+00  0.1655923E+00  0.2333572E+00  0.2817436E+00  0.2824246E+00  0.2413360E+00  0.1684364E+00  0.9908510E-01  0.5292987E-01  0.1998337E-01  0.6246414E-02  0.1330818E-02
 0.1940000E+02  0.9782402E-03  0.6487786E-02  0.2015104E-01  0.4977748E-01  0.1014565E+00  0.1656732E+00  0.2329269E+00  0.2810848E+00  0.2816702E+00  0.2410768E+00  0.1685901E+00  0.9921625E-01  0.5365129E-01  0.2040261E-01  0.6301307E-02  0.1446253E-02
 0.1950000E+02  0.1032722E-02  0.6760448E-02  0.2054268E-01  0.5021871E-01  0.1020168E+00  0.1657528E+00  0.2324867E+00  0.2804337E+00  0.2809026E+00  0.2408230E+00  0.1687495E+00  0.9932069E-01  0.5442154E-01  0.2084195E-01  0.6342364E-02  0.1561622E-02
 0.1960000E+02  0.1092101E-02  0.7050163E-02  0.2094750E-01  0.5065312E-01  0.1025914E+00  0.1658328E+00  0.2320334E+00  0.2797937E+00  0.2801179E+00  0.2405783E+00  0.1689134E+00  0.9939565E-01  0.5524989E-01  0.2130173E-01  0.6371471E-02  0.1675226E-02
 0.1970000E+02  0.1156725E-02  0.7358736E-02  0.2136762E-01  0.5107723E-01  0.1031813E+00  0.1659154E+00  0.2315629E+00  0.2791705E+00  0.2793105E+00  0.2403482E+00  0.1690792E+00  0.9943786E-01  0.5614865E-01  0.2178241E-01  0.6391121E-02  0.1785411E-02
 0.1980000E+02  0.1226958E-02  0.7688538E-02  0.2180613E-01  0.5148593E-01  0.1037881E+00  0.1660047E+00  0.2310685E+00  0.2785720E+00  0.2784718E+00  0.2401412E+00  0.1692431E+00  0.9944293E-01  0.5713531E-01  0.2228523E-01  0.6404950E-02  0.1890521E-02
 0.1990000E+02  0.1303223E-02  0.8043028E-02  0.2226779E-01  0.5187114E-01  0.1044138E+00  0.1661068E+00  0.2305395E+00  0.2780113E+00  0.2775883E+00  0.2399704E+00  0.1693994E+00  0.9940352E-01  0.5823680E-01  0.2281434E-01  0.6419583E-02  0.1988857E-02
 0.2000000E+02  0.1386250E-02  0.8428141E-02  0.2276005E-01  0.5221846E-01  0.1050638E+00  0.1662313E+00  0.2299585E+00  0.2775103E+00  0.2766372E+00  0.2398573E+00  0.1695415E+00  0.9930323E-01  0.5949910E-01  0.2338379E-01  0.6450557E-02  0.2078798E-02
 0.2010000E+02  0.1478328E-02  0.8856338E-02  0.2329314E-01  0.5249882E-01  0.1057556E+00  0.1663883E+00  0.2292994E+00  0.2771049E+00  0.2755827E+00  0.2398310E+00  0.1696744E+00  0.9909390E-01  0.6100630E-01  0.2404161E-01  0.6541462E-02  0.2159382E-02
 0.2020000E+02  0.1588871E-02  0.9353211E-02  0.2386144E-01  0.5266464E-01  0.1065544E+00  0.1665456E+00  0.2285664E+00  0.2768100E+00  0.2744189E+00  0.2398714E+00  0.1698918E+00  0.9863382E-01  0.6285372E-01  0.2492222E-01  0.6807380E-02  0.2229468E-02
 0.2030000E+02  0.1715565E-02  0.9876622E-02  0.2442277E-01  0.5282912E-01  0.1074045E+00  0.1666490E+00  0.2278827E+00  0.2764642E+00  0.2733146E+00  0.2398373E+00  0.1701931E+00  0.9814417E-01  0.6466224E-01  0.2576651E-01  0.7137578E-02  0.2271694E-02
 0.2040000E+02  0.1207896E-01  0.3838284E-01  0.7573266E-01  0.2923433E-01  0.1535215E+00  0.2113079E+00  0.2378504E+00  0.2944279E+00  0.2580352E+00  0.3049408E+00  0.1512078E+00  0.1014083E+00  0.6429587E-01  0.1975925E-01  0.6977335E-02  0.1753504E+86
 0.2050000E+02  0.1607193E-01  0.3865366E-01  0.7974163E-01  0.3087424E-01  0.1548130E+00  0.2128124E+00  0.2513275E+00  0.2902112E+00  0.2535570E+00  0.2921070E+00  0.1608653E+00  0.8948092E-01  0.6528663E-01  0.1926579E-01  0.6979419E-02  0.4178855+222
