 0.10000E+00  0.10000E+01  0.51531E-19
 0.20000E+00  0.99999E+00  0.17170E-19
 0.30000E+00  0.99998E+00  0.43800E-18
 0.40000E+00  0.99996E+00  0.35225E-18
 0.50000E+00  0.99994E+00  0.23228E-18
 0.60000E+00  0.99992E+00  0.10903E-18
 0.70000E+00  0.99989E+00  0.57142E-19
 0.80000E+00  0.99985E+00  0.86037E-19
 0.90000E+00  0.99981E+00  0.11734E-18
 0.10000E+01  0.99977E+00  0.89457E-18
 0.11000E+01  0.99972E+00 -0.58177E-18
 0.12000E+01  0.99966E+00  0.78736E-18
 0.13000E+01  0.99961E+00  0.63088E-18
 0.14000E+01  0.99954E+00  0.12842E-19
 0.15000E+01  0.99948E+00 -0.50209E-18
 0.16000E+01  0.99940E+00 -0.16702E-17
 0.17000E+01  0.99933E+00 -0.29160E-18
 0.18000E+01  0.99925E+00 -0.16118E-17
 0.19000E+01  0.99916E+00 -0.74152E-18
 0.20000E+01  0.99907E+00 -0.28926E-18
 0.21000E+01  0.99897E+00  0.30883E-17
 0.22000E+01  0.99887E+00 -0.26880E-18
 0.23000E+01  0.99877E+00  0.10352E-17
 0.24000E+01  0.99866E+00  0.65473E-18
 0.25000E+01  0.99855E+00 -0.22831E-17
 0.26000E+01  0.99843E+00 -0.19412E-17
 0.27000E+01  0.99831E+00  0.85380E-18
 0.28000E+01  0.99818E+00 -0.99075E-18
 0.29000E+01  0.99805E+00  0.37668E-17
 0.30000E+01  0.99791E+00  0.61556E-18
 0.31000E+01  0.99777E+00 -0.46183E-18
 0.32000E+01  0.99762E+00 -0.27060E-18
 0.33000E+01  0.99747E+00 -0.16972E-17
 0.34000E+01  0.99732E+00 -0.14093E-17
 0.35000E+01  0.99716E+00  0.16324E-17
 0.36000E+01  0.99700E+00 -0.76226E-18
 0.37000E+01  0.99683E+00  0.21553E-19
 0.38000E+01  0.99666E+00  0.31604E-17
 0.39000E+01  0.99648E+00  0.21816E-17
 0.40000E+01  0.99630E+00  0.27366E-17
 0.41000E+01  0.99611E+00 -0.15266E-17
 0.42000E+01  0.99592E+00 -0.12819E-17
 0.43000E+01  0.99573E+00 -0.15306E-17
 0.44000E+01  0.99553E+00 -0.35054E-17
 0.45000E+01  0.99532E+00 -0.40728E-17
 0.46000E+01  0.99511E+00  0.59822E-19
 0.47000E+01  0.99490E+00 -0.35295E-18
 0.48000E+01  0.99468E+00 -0.61912E-17
 0.49000E+01  0.99446E+00  0.45455E-17
 0.50000E+01  0.99424E+00  0.13164E-17
 0.51000E+01  0.99401E+00 -0.26510E-17
 0.52000E+01  0.99377E+00 -0.40856E-17
 0.53000E+01  0.99353E+00  0.49685E-17
 0.54000E+01  0.99329E+00  0.16159E-17
 0.55000E+01  0.99304E+00 -0.26504E-17
 0.56000E+01  0.99279E+00 -0.32243E-17
 0.57000E+01  0.99254E+00 -0.43689E-18
 0.58000E+01  0.99228E+00 -0.60750E-18
 0.59000E+01  0.99201E+00 -0.95904E-18
 0.60000E+01  0.99174E+00  0.81422E-17
 0.61000E+01  0.99147E+00 -0.14812E-17
 0.62000E+01  0.99119E+00 -0.40121E-17
 0.63000E+01  0.99091E+00  0.94488E-17
 0.64000E+01  0.99063E+00 -0.47047E-17
 0.65000E+01  0.99034E+00  0.61042E-18
 0.66000E+01  0.99004E+00 -0.63183E-17
 0.67000E+01  0.98974E+00  0.19829E-17
 0.68000E+01  0.98944E+00  0.67839E-18
 0.69000E+01  0.98913E+00  0.55013E-17
 0.70000E+01  0.98882E+00 -0.42396E-17
 0.71000E+01  0.98851E+00  0.14313E-17
 0.72000E+01  0.98819E+00 -0.81570E-17
 0.73000E+01  0.98787E+00 -0.30953E-17
 0.74000E+01  0.98754E+00  0.74827E-17
 0.75000E+01  0.98721E+00 -0.36377E-18
 0.76000E+01  0.98688E+00 -0.93211E-17
 0.77000E+01  0.98654E+00 -0.19704E-17
 0.78000E+01  0.98619E+00 -0.59209E-17
 0.79000E+01  0.98585E+00  0.20827E-17
 0.80000E+01  0.98550E+00 -0.44325E-17
 0.81000E+01  0.98514E+00  0.80680E-17
 0.82000E+01  0.98478E+00  0.51101E-18
 0.83000E+01  0.98442E+00 -0.70084E-17
 0.84000E+01  0.98405E+00  0.25580E-17
 0.85000E+01  0.98368E+00 -0.32140E-17
 0.86000E+01  0.98331E+00 -0.36091E-17
 0.87000E+01  0.98293E+00 -0.79749E-17
 0.88000E+01  0.98255E+00  0.17366E-17
 0.89000E+01  0.98216E+00 -0.70457E-17
 0.90000E+01  0.98177E+00  0.17703E-17
 0.91000E+01  0.98138E+00  0.41196E-17
 0.92000E+01  0.98098E+00  0.20468E-17
 0.93000E+01  0.98058E+00  0.28490E-17
 0.94000E+01  0.98017E+00  0.96856E-17
 0.95000E+01  0.97977E+00 -0.40413E-17
 0.96000E+01  0.97935E+00  0.19561E-19
 0.97000E+01  0.97894E+00  0.46508E-17
 0.98000E+01  0.97852E+00  0.15539E-17
 0.99000E+01  0.97809E+00  0.98709E-17
 0.10000E+02  0.97767E+00  0.93168E-17
 0.10100E+02  0.97724E+00 -0.61530E-17
 0.10200E+02  0.97680E+00  0.11049E-16
 0.10300E+02  0.97636E+00  0.19928E-16
 0.10400E+02  0.97592E+00 -0.99607E-17
 0.10500E+02  0.97548E+00  0.11119E-16
 0.10600E+02  0.97503E+00  0.18891E-17
 0.10700E+02  0.97457E+00  0.71258E-17
 0.10800E+02  0.97412E+00  0.15728E-16
 0.10900E+02  0.97366E+00 -0.16773E-16
 0.11000E+02  0.97319E+00 -0.62731E-17
 0.11100E+02  0.97273E+00 -0.61434E-17
 0.11200E+02  0.97226E+00 -0.22616E-17
 0.11300E+02  0.97178E+00  0.66877E-17
 0.11400E+02  0.97131E+00  0.41065E-17
 0.11500E+02  0.97083E+00  0.55048E-17
 0.11600E+02  0.97034E+00  0.10331E-16
 0.11700E+02  0.96985E+00  0.41789E-17
 0.11800E+02  0.96936E+00 -0.20667E-17
 0.11900E+02  0.96887E+00 -0.11252E-16
 0.12000E+02  0.96837E+00  0.29713E-17
 0.12100E+02  0.96787E+00 -0.51929E-17
 0.12200E+02  0.96736E+00  0.24563E-17
 0.12300E+02  0.96686E+00 -0.63819E-17
 0.12400E+02  0.96635E+00 -0.27964E-17
 0.12500E+02  0.96583E+00  0.12791E-17
 0.12600E+02  0.96531E+00  0.62978E-17
 0.12700E+02  0.96479E+00 -0.31406E-18
 0.12800E+02  0.96427E+00  0.13377E-16
 0.12900E+02  0.96374E+00 -0.39516E-17
 0.13000E+02  0.96321E+00 -0.10762E-16
 0.13100E+02  0.96267E+00 -0.16825E-17
 0.13200E+02  0.96214E+00 -0.18120E-17
 0.13300E+02  0.96160E+00 -0.68150E-17
 0.13400E+02  0.96105E+00 -0.10480E-16
 0.13500E+02  0.96051E+00 -0.42569E-18
 0.13600E+02  0.95995E+00 -0.35635E-17
 0.13700E+02  0.95940E+00 -0.14680E-17
 0.13800E+02  0.95884E+00  0.64207E-17
 0.13900E+02  0.95828E+00 -0.40805E-17
 0.14000E+02  0.95772E+00  0.18467E-17
 0.14100E+02  0.95716E+00 -0.77943E-18
 0.14200E+02  0.95659E+00 -0.15338E-16
 0.14300E+02  0.95601E+00  0.12812E-16
 0.14400E+02  0.95544E+00 -0.75605E-17
 0.14500E+02  0.95486E+00 -0.69916E-17
 0.14600E+02  0.95428E+00  0.11661E-16
 0.14700E+02  0.95369E+00 -0.95212E-17
 0.14800E+02  0.95311E+00 -0.14806E-16
 0.14900E+02  0.95252E+00 -0.11887E-16
 0.15000E+02  0.95192E+00  0.10776E-16
 0.15100E+02  0.95133E+00  0.13846E-17
 0.15200E+02  0.95073E+00  0.33550E-17
 0.15300E+02  0.95012E+00  0.23277E-17
 0.15400E+02  0.94952E+00 -0.50385E-17
 0.15500E+02  0.94891E+00 -0.12684E-17
 0.15600E+02  0.94830E+00 -0.84986E-17
 0.15700E+02  0.94769E+00 -0.69780E-17
 0.15800E+02  0.94707E+00  0.70845E-17
 0.15900E+02  0.94645E+00 -0.17600E-17
 0.16000E+02  0.94582E+00 -0.10598E-16
 0.16100E+02  0.94520E+00  0.27737E-17
 0.16200E+02  0.94457E+00 -0.29573E-17
 0.16300E+02  0.94394E+00  0.64429E-17
 0.16400E+02  0.94330E+00 -0.59665E-17
 0.16500E+02  0.94267E+00 -0.25608E-17
 0.16600E+02  0.94203E+00  0.47065E-17
 0.16700E+02  0.94138E+00  0.43146E-17
 0.16800E+02  0.94074E+00  0.48375E-17
 0.16900E+02  0.94009E+00  0.22687E-17
 0.17000E+02  0.93944E+00  0.15815E-17
 0.17100E+02  0.93879E+00  0.19077E-17
 0.17200E+02  0.93813E+00 -0.26639E-17
 0.17300E+02  0.93747E+00 -0.56766E-17
 0.17400E+02  0.93681E+00  0.11793E-16
 0.17500E+02  0.93614E+00  0.67723E-17
 0.17600E+02  0.93548E+00 -0.44086E-17
 0.17700E+02  0.93481E+00  0.22347E-17
 0.17800E+02  0.93413E+00 -0.55116E-17
 0.17900E+02  0.93346E+00  0.14917E-16
 0.18000E+02  0.93278E+00  0.14172E-16
 0.18100E+02  0.93210E+00  0.64169E-17
 0.18200E+02  0.93142E+00 -0.31907E-17
 0.18300E+02  0.93073E+00  0.16385E-16
 0.18400E+02  0.93004E+00 -0.11460E-16
 0.18500E+02  0.92935E+00 -0.67669E-17
 0.18600E+02  0.92866E+00  0.14041E-16
 0.18700E+02  0.92796E+00  0.65668E-17
 0.18800E+02  0.92726E+00 -0.69563E-18
 0.18900E+02  0.92656E+00  0.14556E-16
 0.19000E+02  0.92586E+00  0.15705E-16
 0.19100E+02  0.92515E+00 -0.67335E-17
 0.19200E+02  0.92445E+00 -0.13979E-16
 0.19300E+02  0.92373E+00 -0.60588E-17
 0.19400E+02  0.92302E+00  0.15809E-16
 0.19500E+02  0.92231E+00  0.37524E-17
 0.19600E+02  0.92159E+00  0.15166E-16
 0.19700E+02  0.92087E+00 -0.34322E-17
 0.19800E+02  0.92015E+00  0.12381E-16
 0.19900E+02  0.91942E+00 -0.17487E-16
 0.20000E+02  0.91869E+00  0.14002E-16
 0.20100E+02  0.91797E+00  0.94478E-17
 0.20200E+02  0.91724E+00  0.22041E-16
 0.20300E+02  0.91650E+00 -0.20746E-16
 0.20400E+02  0.30748+171 -0.17878E-16
 0.20500E+02     Infinity          NaN
