 0.1000000E+00  0.1883368E+00  0.1450491E+00  0.1150616E+00  0.8954888E-01  0.6718448E-01  0.4661722E-01  0.2718489E-01  0.8902422E-02 -0.7705705E-02 -0.2187637E-01 -0.3292180E-01 -0.4053221E-01 -0.4500853E-01 -0.4732524E-01 -0.4855422E-01 -0.5715126E-01
 0.2000000E+00  0.3766608E+00  0.2900919E+00  0.2301185E+00  0.1790948E+00  0.1343667E+00  0.9323223E-01  0.5436795E-01  0.1780417E-01 -0.1541068E-01 -0.4375143E-01 -0.6584294E-01 -0.8106484E-01 -0.9001786E-01 -0.9465054E-01 -0.9710782E-01 -0.1142991E+00
 0.3000000E+00  0.5649588E+00  0.4351216E+00  0.3451660E+00  0.2686349E+00  0.2015443E+00  0.1398428E+00  0.8154733E-01  0.2670458E-01 -0.2311420E-01 -0.6562388E-01 -0.9876273E-01 -0.1215983E+00 -0.1350288E+00 -0.1419760E+00 -0.1456602E+00 -0.1714402E+00
 0.4000000E+00  0.7532178E+00  0.5801319E+00  0.4601994E+00  0.3581661E+00  0.2687152E+00  0.1864468E+00  0.1087212E+00  0.3560298E-01 -0.3081552E-01 -0.8749239E-01 -0.1316805E+00 -0.1621330E+00 -0.1800422E+00 -0.1893017E+00 -0.1942106E+00 -0.2285712E+00
 0.5000000E+00  0.9414247E+00  0.7251163E+00  0.5752140E+00  0.4476855E+00  0.3358769E+00  0.2330420E+00  0.1358878E+00  0.4449869E-01 -0.3851394E-01 -0.1093557E+00 -0.1645956E+00 -0.2026694E+00 -0.2250588E+00 -0.2366276E+00 -0.2427585E+00 -0.2856887E+00
 0.6000000E+00  0.1129567E+01  0.8700680E+00  0.6902052E+00  0.5371903E+00  0.4030273E+00  0.2796262E+00  0.1630451E+00  0.5339105E-01 -0.4620871E-01 -0.1312124E+00 -0.1975074E+00 -0.2432078E+00 -0.2700794E+00 -0.2839540E+00 -0.2913032E+00 -0.3427893E+00
 0.7000000E+00  0.1317630E+01  0.1014981E+01  0.8051682E+00  0.6266773E+00  0.4701640E+00  0.3261971E+00  0.1901915E+00  0.6227940E-01 -0.5389911E-01 -0.1530613E+00 -0.2304151E+00 -0.2837488E+00 -0.3151049E+00 -0.3312808E+00 -0.3398440E+00 -0.3998699E+00
 0.8000000E+00  0.1505603E+01  0.1159848E+01  0.9200983E+00  0.7161438E+00  0.5372848E+00  0.3727526E+00  0.2173251E+00  0.7116307E-01 -0.6158442E-01 -0.1749010E+00 -0.2633181E+00 -0.3242927E+00 -0.3601361E+00 -0.3786081E+00 -0.3883803E+00 -0.4569271E+00
 0.9000000E+00  0.1693472E+01  0.1304663E+01  0.1034991E+01  0.8055867E+00  0.6043874E+00  0.4192905E+00  0.2444441E+00  0.8004141E-01 -0.6926393E-01 -0.1967303E+00 -0.2962158E+00 -0.3648399E+00 -0.4051737E+00 -0.4259360E+00 -0.4369114E+00 -0.5139577E+00
 0.1000000E+01  0.1881224E+01  0.1449419E+01  0.1149841E+01  0.8950032E+00  0.6714696E+00  0.4658086E+00  0.2715466E+00  0.8891375E-01 -0.7693692E-01 -0.2185479E+00 -0.3291073E+00 -0.4053908E+00 -0.4502186E+00 -0.4732647E+00 -0.4854367E+00 -0.5709586E+00
 0.1100000E+01  0.2068847E+01  0.1594110E+01  0.1264644E+01  0.9843902E+00  0.7385291E+00  0.5123048E+00  0.2986308E+00  0.9777944E-01 -0.8460267E-01 -0.2403524E+00 -0.3619922E+00 -0.4459459E+00 -0.4952717E+00 -0.5205941E+00 -0.5339553E+00 -0.6279268E+00
 0.1200000E+01  0.2256327E+01  0.1738728E+01  0.1379396E+01  0.1073745E+01  0.8055635E+00  0.5587767E+00  0.3256951E+00  0.1066378E+00 -0.9226048E-01 -0.2621425E+00 -0.3948696E+00 -0.4865056E+00 -0.5403337E+00 -0.5679244E+00 -0.5824666E+00 -0.6848592E+00
 0.1300000E+01  0.2443652E+01  0.1883268E+01  0.1494091E+01  0.1163064E+01  0.8725707E+00  0.6052222E+00  0.3527375E+00  0.1154883E+00 -0.9990964E-01 -0.2839171E+00 -0.4277389E+00 -0.5270702E+00 -0.5854055E+00 -0.6152557E+00 -0.6309699E+00 -0.7417528E+00
 0.1400000E+01  0.2630809E+01  0.2027723E+01  0.1608725E+01  0.1252345E+01  0.9395483E+00  0.6516392E+00  0.3797563E+00  0.1243302E+00 -0.1075495E+00 -0.3056747E+00 -0.4605993E+00 -0.5676402E+00 -0.6304879E+00 -0.6625882E+00 -0.6794644E+00 -0.7986048E+00
 0.1500000E+01  0.2817786E+01  0.2172086E+01  0.1723293E+01  0.1341585E+01  0.1006494E+01  0.6980254E+00  0.4067498E+00  0.1331629E+00 -0.1151792E+00 -0.3274142E+00 -0.4934503E+00 -0.6082160E+00 -0.6755818E+00 -0.7099218E+00 -0.7279493E+00 -0.8554123E+00
 0.1600000E+01  0.3004570E+01  0.2316349E+01  0.1837790E+01  0.1430781E+01  0.1073406E+01  0.7443787E+00  0.4337161E+00  0.1419858E+00 -0.1227983E+00 -0.3491342E+00 -0.5262910E+00 -0.6487979E+00 -0.7206879E+00 -0.7572567E+00 -0.7764239E+00 -0.9121728E+00
 0.1700000E+01  0.3191149E+01  0.2460508E+01  0.1952213E+01  0.1519929E+01  0.1140281E+01  0.7906969E+00  0.4606536E+00  0.1507982E+00 -0.1304059E+00 -0.3708336E+00 -0.5591208E+00 -0.6893864E+00 -0.7658072E+00 -0.8045931E+00 -0.8248873E+00 -0.9688834E+00
 0.1800000E+01  0.3377510E+01  0.2604554E+01  0.2066555E+01  0.1609028E+01  0.1207118E+01  0.8369778E+00  0.4875604E+00  0.1595996E+00 -0.1380015E+00 -0.3925109E+00 -0.5919389E+00 -0.7299818E+00 -0.8109404E+00 -0.8519311E+00 -0.8733388E+00 -0.1025542E+01
 0.1900000E+01  0.3563642E+01  0.2748481E+01  0.2180812E+01  0.1698073E+01  0.1273914E+01  0.8832192E+00  0.5144349E+00  0.1683892E+00 -0.1455843E+00 -0.4141650E+00 -0.6247447E+00 -0.7705846E+00 -0.8560884E+00 -0.8992708E+00 -0.9217774E+00 -0.1082145E+01
 0.2000000E+01  0.3749530E+01  0.2892282E+01  0.2294980E+01  0.1787063E+01  0.1340667E+01  0.9294191E+00  0.5412754E+00  0.1771667E+00 -0.1531537E+00 -0.4357947E+00 -0.6575374E+00 -0.8111951E+00 -0.9012522E+00 -0.9466123E+00 -0.9702023E+00 -0.1138692E+01
 0.2100000E+01  0.3935165E+01  0.3035951E+01  0.2409054E+01  0.1875993E+01  0.1407374E+01  0.9755752E+00  0.5680801E+00  0.1859313E+00 -0.1607091E+00 -0.4573986E+00 -0.6903163E+00 -0.8518137E+00 -0.9464325E+00 -0.9939558E+00 -0.1018613E+01 -0.1195179E+01
 0.2200000E+01  0.4120533E+01  0.3179479E+01  0.2523029E+01  0.1964862E+01  0.1474034E+01  0.1021685E+01  0.5948475E+00  0.1946824E+00 -0.1682497E+00 -0.4789756E+00 -0.7230806E+00 -0.8924407E+00 -0.9916302E+00 -0.1041302E+01 -0.1067007E+01 -0.1251605E+01
 0.2300000E+01  0.4305622E+01  0.3322862E+01  0.2636901E+01  0.2053666E+01  0.1540643E+01  0.1067748E+01  0.6215757E+00  0.2034196E+00 -0.1757750E+00 -0.5005244E+00 -0.7558296E+00 -0.9330766E+00 -0.1036846E+01 -0.1088650E+01 -0.1115386E+01 -0.1307967E+01
 0.2400000E+01  0.4490421E+01  0.3466090E+01  0.2750664E+01  0.2142402E+01  0.1607201E+01  0.1113760E+01  0.6482632E+00  0.2121421E+00 -0.1832843E+00 -0.5220438E+00 -0.7885625E+00 -0.9737216E+00 -0.1082081E+01 -0.1136000E+01 -0.1163747E+01 -0.1364263E+01
 0.2500000E+01  0.4674917E+01  0.3609158E+01  0.2864314E+01  0.2231068E+01  0.1673704E+01  0.1159719E+01  0.6749084E+00  0.2208496E+00 -0.1907769E+00 -0.5435327E+00 -0.8212786E+00 -0.1014376E+01 -0.1127337E+01 -0.1183353E+01 -0.1212089E+01 -0.1420492E+01
 0.2600000E+01  0.4859099E+01  0.3752059E+01  0.2977846E+01  0.2319660E+01  0.1740150E+01  0.1205624E+01  0.7015095E+00  0.2295414E+00 -0.1982524E+00 -0.5649897E+00 -0.8539771E+00 -0.1055041E+01 -0.1172613E+01 -0.1230709E+01 -0.1260412E+01 -0.1476652E+01
 0.2700000E+01  0.5042955E+01  0.3894784E+01  0.3091255E+01  0.2408175E+01  0.1806537E+01  0.1251473E+01  0.7280651E+00  0.2382170E+00 -0.2057101E+00 -0.5864137E+00 -0.8866573E+00 -0.1095716E+01 -0.1217911E+01 -0.1278068E+01 -0.1308715E+01 -0.1532741E+01
 0.2800000E+01  0.5226473E+01  0.4037328E+01  0.3204537E+01  0.2496611E+01  0.1872863E+01  0.1297263E+01  0.7545736E+00  0.2468759E+00 -0.2131493E+00 -0.6078036E+00 -0.9193183E+00 -0.1136401E+01 -0.1263232E+01 -0.1325430E+01 -0.1356996E+01 -0.1588757E+01
 0.2900000E+01  0.5409642E+01  0.4179684E+01  0.3317687E+01  0.2584964E+01  0.1939125E+01  0.1342992E+01  0.7810333E+00  0.2555176E+00 -0.2205696E+00 -0.6291582E+00 -0.9519594E+00 -0.1177097E+01 -0.1308577E+01 -0.1372796E+01 -0.1405254E+01 -0.1644699E+01
 0.3000000E+01  0.5592449E+01  0.4321843E+01  0.3430700E+01  0.2673232E+01  0.2005321E+01  0.1388658E+01  0.8074428E+00  0.2641415E+00 -0.2279703E+00 -0.6504762E+00 -0.9845797E+00 -0.1217805E+01 -0.1353946E+01 -0.1420166E+01 -0.1453489E+01 -0.1700565E+01
 0.3100000E+01  0.5774884E+01  0.4463799E+01  0.3543571E+01  0.2761411E+01  0.2071449E+01  0.1434259E+01  0.8338006E+00  0.2727472E+00 -0.2353509E+00 -0.6717566E+00 -0.1017179E+01 -0.1258524E+01 -0.1399341E+01 -0.1467539E+01 -0.1501699E+01 -0.1756354E+01
 0.3200000E+01  0.5956935E+01  0.4605544E+01  0.3656295E+01  0.2849499E+01  0.2137507E+01  0.1479793E+01  0.8601050E+00  0.2813342E+00 -0.2427108E+00 -0.6929982E+00 -0.1049755E+01 -0.1299255E+01 -0.1444763E+01 -0.1514916E+01 -0.1549884E+01 -0.1812065E+01
 0.3300000E+01  0.6138591E+01  0.4747072E+01  0.3768869E+01  0.2937493E+01  0.2203493E+01  0.1525258E+01  0.8863548E+00  0.2899021E+00 -0.2500494E+00 -0.7141999E+00 -0.1082308E+01 -0.1339998E+01 -0.1490212E+01 -0.1562298E+01 -0.1598041E+01 -0.1867695E+01
 0.3400000E+01  0.6319839E+01  0.4888375E+01  0.3881286E+01  0.3025390E+01  0.2269403E+01  0.1570652E+01  0.9125483E+00  0.2984503E+00 -0.2573664E+00 -0.7353606E+00 -0.1114837E+01 -0.1380753E+01 -0.1535690E+01 -0.1609684E+01 -0.1646170E+01 -0.1923245E+01
 0.3500000E+01  0.6500669E+01  0.5029446E+01  0.3993542E+01  0.3113186E+01  0.2335236E+01  0.1615973E+01  0.9386843E+00  0.3069785E+00 -0.2646611E+00 -0.7564792E+00 -0.1147342E+01 -0.1421522E+01 -0.1581198E+01 -0.1657075E+01 -0.1694269E+01 -0.1978713E+01
 0.3600000E+01  0.6681070E+01  0.5170277E+01  0.4105632E+01  0.3200879E+01  0.2400990E+01  0.1661218E+01  0.9647612E+00  0.3154861E+00 -0.2719330E+00 -0.7775546E+00 -0.1179820E+01 -0.1462303E+01 -0.1626736E+01 -0.1704472E+01 -0.1742338E+01 -0.2034097E+01
 0.3700000E+01  0.6861028E+01  0.5310861E+01  0.4217552E+01  0.3288467E+01  0.2466662E+01  0.1706386E+01  0.9907778E+00  0.3239729E+00 -0.2791816E+00 -0.7985857E+00 -0.1212272E+01 -0.1503098E+01 -0.1672305E+01 -0.1751873E+01 -0.1790376E+01 -0.2089397E+01
 0.3800000E+01  0.7040535E+01  0.5451191E+01  0.4329296E+01  0.3375945E+01  0.2532250E+01  0.1751474E+01  0.1016733E+01  0.3324384E+00 -0.2864065E+00 -0.8195714E+00 -0.1244697E+01 -0.1543906E+01 -0.1717907E+01 -0.1799281E+01 -0.1838380E+01 -0.2144611E+01
 0.3900000E+01  0.7219577E+01  0.5591259E+01  0.4440860E+01  0.3463311E+01  0.2597752E+01  0.1796481E+01  0.1042624E+01  0.3408821E+00 -0.2936072E+00 -0.8405107E+00 -0.1277093E+01 -0.1584727E+01 -0.1763543E+01 -0.1846694E+01 -0.1886350E+01 -0.2199738E+01
 0.4000000E+01  0.7398145E+01  0.5731058E+01  0.4552239E+01  0.3550562E+01  0.2663165E+01  0.1841405E+01  0.1068452E+01  0.3493037E+00 -0.3007833E+00 -0.8614027E+00 -0.1309460E+01 -0.1625563E+01 -0.1809214E+01 -0.1894113E+01 -0.1934284E+01 -0.2254778E+01
 0.4100000E+01  0.7576225E+01  0.5870580E+01  0.4663427E+01  0.3637695E+01  0.2728488E+01  0.1886243E+01  0.1094213E+01  0.3577029E+00 -0.3079342E+00 -0.8822462E+00 -0.1341796E+01 -0.1666413E+01 -0.1854921E+01 -0.1941539E+01 -0.1982182E+01 -0.2309729E+01
 0.4200000E+01  0.7753807E+01  0.6009819E+01  0.4774421E+01  0.3724708E+01  0.2793717E+01  0.1930994E+01  0.1119908E+01  0.3660794E+00 -0.3150596E+00 -0.9030402E+00 -0.1374102E+01 -0.1707277E+01 -0.1900664E+01 -0.1988972E+01 -0.2030042E+01 -0.2364590E+01
 0.4300000E+01  0.7930880E+01  0.6148766E+01  0.4885215E+01  0.3811597E+01  0.2858851E+01  0.1975656E+01  0.1145535E+01  0.3744326E+00 -0.3221591E+00 -0.9237838E+00 -0.1406375E+01 -0.1748156E+01 -0.1946446E+01 -0.2036412E+01 -0.2077863E+01 -0.2419360E+01
 0.4400000E+01  0.8107432E+01  0.6287414E+01  0.4995804E+01  0.3898359E+01  0.2923888E+01  0.2020226E+01  0.1171093E+01  0.3827624E+00 -0.3292322E+00 -0.9444760E+00 -0.1438616E+01 -0.1789049E+01 -0.1992267E+01 -0.2083859E+01 -0.2125643E+01 -0.2474039E+01
 0.4500000E+01  0.8283452E+01  0.6425756E+01  0.5106183E+01  0.3984992E+01  0.2988824E+01  0.2064703E+01  0.1196580E+01  0.3910684E+00 -0.3362785E+00 -0.9651159E+00 -0.1470823E+01 -0.1829958E+01 -0.2038129E+01 -0.2131313E+01 -0.2173381E+01 -0.2528624E+01
 0.4600000E+01  0.8458928E+01  0.6563783E+01  0.5216347E+01  0.4071492E+01  0.3053659E+01  0.2109086E+01  0.1221995E+01  0.3993504E+00 -0.3432978E+00 -0.9857024E+00 -0.1502995E+01 -0.1870881E+01 -0.2084032E+01 -0.2178776E+01 -0.2221077E+01 -0.2583116E+01
 0.4700000E+01  0.8633849E+01  0.6701490E+01  0.5326291E+01  0.4157856E+01  0.3118389E+01  0.2153371E+01  0.1247338E+01  0.4076080E+00 -0.3502895E+00 -0.1006235E+01 -0.1535131E+01 -0.1911819E+01 -0.2129978E+01 -0.2226247E+01 -0.2268728E+01 -0.2637512E+01
 0.4800000E+01  0.8808203E+01  0.6838868E+01  0.5436011E+01  0.4244082E+01  0.3183012E+01  0.2197557E+01  0.1272607E+01  0.4158410E+00 -0.3572535E+00 -0.1026712E+01 -0.1567230E+01 -0.1952773E+01 -0.2175968E+01 -0.2273727E+01 -0.2316334E+01 -0.2691813E+01
 0.4900000E+01  0.8981978E+01  0.6975910E+01  0.5545501E+01  0.4330167E+01  0.3247526E+01  0.2241642E+01  0.1297801E+01  0.4240490E+00 -0.3641893E+00 -0.1047133E+01 -0.1599291E+01 -0.1993742E+01 -0.2222003E+01 -0.2321216E+01 -0.2363893E+01 -0.2746016E+01
 0.5000000E+01  0.9155164E+01  0.7112607E+01  0.5654756E+01  0.4416108E+01  0.3311929E+01  0.2285625E+01  0.1322919E+01  0.4322320E+00 -0.3710965E+00 -0.1067498E+01 -0.1631314E+01 -0.2034726E+01 -0.2268086E+01 -0.2368714E+01 -0.2411404E+01 -0.2800121E+01
 0.5100000E+01  0.9327749E+01  0.7248954E+01  0.5763772E+01  0.4501901E+01  0.3376218E+01  0.2329503E+01  0.1347961E+01  0.4403896E+00 -0.3779750E+00 -0.1087804E+01 -0.1663296E+01 -0.2075726E+01 -0.2314216E+01 -0.2416221E+01 -0.2458865E+01 -0.2854127E+01
 0.5200000E+01  0.9499720E+01  0.7384942E+01  0.5872542E+01  0.4587545E+01  0.3440392E+01  0.2373275E+01  0.1372925E+01  0.4485217E+00 -0.3848245E+00 -0.1108052E+01 -0.1695238E+01 -0.2116741E+01 -0.2360395E+01 -0.2463739E+01 -0.2506276E+01 -0.2908033E+01
 0.5300000E+01  0.9671066E+01  0.7520564E+01  0.5981063E+01  0.4673035E+01  0.3504447E+01  0.2416939E+01  0.1397810E+01  0.4566280E+00 -0.3916445E+00 -0.1128241E+01 -0.1727138E+01 -0.2157771E+01 -0.2406626E+01 -0.2511267E+01 -0.2553635E+01 -0.2961838E+01
 0.5400000E+01  0.9841777E+01  0.7655813E+01  0.6089328E+01  0.4758370E+01  0.3568382E+01  0.2460493E+01  0.1422616E+01  0.4647083E+00 -0.3984350E+00 -0.1148370E+01 -0.1758995E+01 -0.2198817E+01 -0.2452908E+01 -0.2558805E+01 -0.2600941E+01 -0.3015541E+01
 0.5500000E+01  0.1001184E+02  0.7790680E+01  0.6197334E+01  0.4843546E+01  0.3632194E+01  0.2503936E+01  0.1447341E+01  0.4727625E+00 -0.4051955E+00 -0.1168438E+01 -0.1790808E+01 -0.2239878E+01 -0.2499244E+01 -0.2606354E+01 -0.2648193E+01 -0.3069141E+01
 0.5600000E+01  0.1018124E+02  0.7925159E+01  0.6305074E+01  0.4928560E+01  0.3695881E+01  0.2547265E+01  0.1471986E+01  0.4807904E+00 -0.4119260E+00 -0.1188444E+01 -0.1822576E+01 -0.2280954E+01 -0.2545635E+01 -0.2653915E+01 -0.2695388E+01 -0.3122637E+01
 0.5700000E+01  0.1034997E+02  0.8059243E+01  0.6412543E+01  0.5013410E+01  0.3759441E+01  0.2590479E+01  0.1496548E+01  0.4887919E+00 -0.4186261E+00 -0.1208387E+01 -0.1854297E+01 -0.2322046E+01 -0.2592083E+01 -0.2701487E+01 -0.2742527E+01 -0.3176029E+01
 0.5800000E+01  0.1051802E+02  0.8192923E+01  0.6519737E+01  0.5098092E+01  0.3822871E+01  0.2633576E+01  0.1521028E+01  0.4967668E+00 -0.4252957E+00 -0.1228268E+01 -0.1885972E+01 -0.2363152E+01 -0.2638588E+01 -0.2749072E+01 -0.2789607E+01 -0.3229316E+01
 0.5900000E+01  0.1068538E+02  0.8326193E+01  0.6626650E+01  0.5182604E+01  0.3886169E+01  0.2676555E+01  0.1545424E+01  0.5047151E+00 -0.4319346E+00 -0.1248085E+01 -0.1917598E+01 -0.2404273E+01 -0.2685154E+01 -0.2796669E+01 -0.2836626E+01 -0.3282498E+01
 0.6000000E+01  0.1085202E+02  0.8459045E+01  0.6733277E+01  0.5266943E+01  0.3949333E+01  0.2719414E+01  0.1569737E+01  0.5126366E+00 -0.4385425E+00 -0.1267837E+01 -0.1949175E+01 -0.2445409E+01 -0.2731780E+01 -0.2844278E+01 -0.2883585E+01 -0.3335574E+01
 0.6100000E+01  0.1101795E+02  0.8591472E+01  0.6839613E+01  0.5351106E+01  0.4012360E+01  0.2762151E+01  0.1593964E+01  0.5205312E+00 -0.4451194E+00 -0.1287524E+01 -0.1980701E+01 -0.2486559E+01 -0.2778470E+01 -0.2891901E+01 -0.2930480E+01 -0.3388545E+01
 0.6200000E+01  0.1118316E+02  0.8723467E+01  0.6945652E+01  0.5435091E+01  0.4075249E+01  0.2804764E+01  0.1618106E+01  0.5283988E+00 -0.4516651E+00 -0.1307146E+01 -0.2012175E+01 -0.2527723E+01 -0.2825223E+01 -0.2939538E+01 -0.2977310E+01 -0.3441410E+01
 0.6300000E+01  0.1134762E+02  0.8855021E+01  0.7051390E+01  0.5518893E+01  0.4137996E+01  0.2847253E+01  0.1642163E+01  0.5362394E+00 -0.4581794E+00 -0.1326701E+01 -0.2043597E+01 -0.2568902E+01 -0.2872044E+01 -0.2987189E+01 -0.3024075E+01 -0.3494171E+01
 0.6400000E+01  0.1151133E+02  0.8986129E+01  0.7156820E+01  0.5602511E+01  0.4200599E+01  0.2889615E+01  0.1666133E+01  0.5440530E+00 -0.4646622E+00 -0.1346190E+01 -0.2074965E+01 -0.2610093E+01 -0.2918932E+01 -0.3034854E+01 -0.3070771E+01 -0.3546827E+01
 0.6500000E+01  0.1167428E+02  0.9116783E+01  0.7261939E+01  0.5685942E+01  0.4263056E+01  0.2931849E+01  0.1690016E+01  0.5518394E+00 -0.4711134E+00 -0.1365611E+01 -0.2106278E+01 -0.2651298E+01 -0.2965890E+01 -0.3082534E+01 -0.3117397E+01 -0.3599381E+01
 0.6600000E+01  0.1183645E+02  0.9246975E+01  0.7366739E+01  0.5769182E+01  0.4325366E+01  0.2973954E+01  0.1713812E+01  0.5595987E+00 -0.4775329E+00 -0.1384964E+01 -0.2137534E+01 -0.2692516E+01 -0.3012920E+01 -0.3130230E+01 -0.3163952E+01 -0.3651834E+01
 0.6700000E+01  0.1199784E+02  0.9376698E+01  0.7471217E+01  0.5852230E+01  0.4387524E+01  0.3015927E+01  0.1737520E+01  0.5673308E+00 -0.4839207E+00 -0.1404248E+01 -0.2168733E+01 -0.2733746E+01 -0.3060023E+01 -0.3177942E+01 -0.3210432E+01 -0.3704188E+01
 0.6800000E+01  0.1215844E+02  0.9505945E+01  0.7575367E+01  0.5935081E+01  0.4449530E+01  0.3057768E+01  0.1761140E+01  0.5750357E+00 -0.4902766E+00 -0.1423464E+01 -0.2199874E+01 -0.2774988E+01 -0.3107201E+01 -0.3225671E+01 -0.3256837E+01 -0.3756446E+01
 0.6900000E+01  0.1231823E+02  0.9634710E+01  0.7679184E+01  0.6017735E+01  0.4511380E+01  0.3099476E+01  0.1784671E+01  0.5827135E+00 -0.4966006E+00 -0.1442610E+01 -0.2230955E+01 -0.2816241E+01 -0.3154457E+01 -0.3273417E+01 -0.3303162E+01 -0.3808610E+01
 0.7000000E+01  0.1247721E+02  0.9762983E+01  0.7782661E+01  0.6100186E+01  0.4573073E+01  0.3141048E+01  0.1808113E+01  0.5903641E+00 -0.5028927E+00 -0.1461687E+01 -0.2261975E+01 -0.2857505E+01 -0.3201793E+01 -0.3321181E+01 -0.3349407E+01 -0.3860685E+01
 0.7100000E+01  0.1263536E+02  0.9890759E+01  0.7885795E+01  0.6182434E+01  0.4634606E+01  0.3182483E+01  0.1831467E+01  0.5979876E+00 -0.5091528E+00 -0.1480693E+01 -0.2292933E+01 -0.2898779E+01 -0.3249210E+01 -0.3368964E+01 -0.3395567E+01 -0.3912676E+01
 0.7200000E+01  0.1279267E+02  0.1001803E+02  0.7988580E+01  0.6264475E+01  0.4695976E+01  0.3223781E+01  0.1854731E+01  0.6055840E+00 -0.5153809E+00 -0.1499628E+01 -0.2323828E+01 -0.2940063E+01 -0.3296710E+01 -0.3416766E+01 -0.3441641E+01 -0.3964586E+01
 0.7300000E+01  0.1294915E+02  0.1014479E+02  0.8091010E+01  0.6346306E+01  0.4757181E+01  0.3264939E+01  0.1877905E+01  0.6131534E+00 -0.5215771E+00 -0.1518493E+01 -0.2354658E+01 -0.2981355E+01 -0.3344296E+01 -0.3464589E+01 -0.3487624E+01 -0.4016423E+01
 0.7400000E+01  0.1310477E+02  0.1027103E+02  0.8193080E+01  0.6427925E+01  0.4818220E+01  0.3305957E+01  0.1900990E+01  0.6206958E+00 -0.5277412E+00 -0.1537286E+01 -0.2385423E+01 -0.3022656E+01 -0.3391969E+01 -0.3512433E+01 -0.3533513E+01 -0.4068193E+01
 0.7500000E+01  0.1325953E+02  0.1039674E+02  0.8294786E+01  0.6509328E+01  0.4879089E+01  0.3346834E+01  0.1923984E+01  0.6282113E+00 -0.5338734E+00 -0.1556008E+01 -0.2416121E+01 -0.3063964E+01 -0.3439733E+01 -0.3560299E+01 -0.3579305E+01 -0.4119904E+01
 0.7600000E+01  0.1341342E+02  0.1052192E+02  0.8396121E+01  0.6590514E+01  0.4939785E+01  0.3387567E+01  0.1946889E+01  0.6357000E+00 -0.5399737E+00 -0.1574657E+01 -0.2446751E+01 -0.3105279E+01 -0.3487589E+01 -0.3608189E+01 -0.3624995E+01 -0.4171565E+01
 0.7700000E+01  0.1356644E+02  0.1064656E+02  0.8497080E+01  0.6671479E+01  0.5000308E+01  0.3428157E+01  0.1969703E+01  0.6431620E+00 -0.5460421E+00 -0.1593235E+01 -0.2477311E+01 -0.3146599E+01 -0.3535539E+01 -0.3656103E+01 -0.3670578E+01 -0.4223185E+01
 0.7800000E+01  0.1371857E+02  0.1077065E+02  0.8597659E+01  0.6752220E+01  0.5060654E+01  0.3468601E+01  0.1992427E+01  0.6505973E+00 -0.5520786E+00 -0.1611740E+01 -0.2507802E+01 -0.3187924E+01 -0.3583587E+01 -0.3704043E+01 -0.3716051E+01 -0.4274776E+01
 0.7900000E+01  0.1386981E+02  0.1089418E+02  0.8697853E+01  0.6832736E+01  0.5120821E+01  0.3508899E+01  0.2015061E+01  0.6580061E+00 -0.5580834E+00 -0.1630173E+01 -0.2538221E+01 -0.3229253E+01 -0.3631733E+01 -0.3752010E+01 -0.3761406E+01 -0.4326350E+01
 0.8000000E+01  0.1402015E+02  0.1101715E+02  0.8797655E+01  0.6913023E+01  0.5180806E+01  0.3549050E+01  0.2037605E+01  0.6653885E+00 -0.5640565E+00 -0.1648532E+01 -0.2568567E+01 -0.3270584E+01 -0.3679981E+01 -0.3800006E+01 -0.3806640E+01 -0.4377921E+01
 0.8100000E+01  0.1416959E+02  0.1113954E+02  0.8897062E+01  0.6993078E+01  0.5240607E+01  0.3589052E+01  0.2060059E+01  0.6727446E+00 -0.5699981E+00 -0.1666819E+01 -0.2598840E+01 -0.3311917E+01 -0.3728333E+01 -0.3848033E+01 -0.3851745E+01 -0.4429502E+01
 0.8200000E+01  0.1431811E+02  0.1126136E+02  0.8996067E+01  0.7072899E+01  0.5300222E+01  0.3628906E+01  0.2082423E+01  0.6800746E+00 -0.5759081E+00 -0.1685033E+01 -0.2629037E+01 -0.3353250E+01 -0.3776791E+01 -0.3896092E+01 -0.3896714E+01 -0.4481110E+01
 0.8300000E+01  0.1446573E+02  0.1138260E+02  0.9094667E+01  0.7152483E+01  0.5359648E+01  0.3668609E+01  0.2104697E+01  0.6873785E+00 -0.5817867E+00 -0.1703173E+01 -0.2659158E+01 -0.3394582E+01 -0.3825359E+01 -0.3944185E+01 -0.3941541E+01 -0.4532763E+01
 0.8400000E+01  0.1461242E+02  0.1150323E+02  0.9192856E+01  0.7231827E+01  0.5418883E+01  0.3708161E+01  0.2126881E+01  0.6946565E+00 -0.5876341E+00 -0.1721241E+01 -0.2689202E+01 -0.3435913E+01 -0.3874038E+01 -0.3992315E+01 -0.3986218E+01 -0.4584479E+01
 0.8500000E+01  0.1475820E+02  0.1162327E+02  0.9290630E+01  0.7310929E+01  0.5477925E+01  0.3747561E+01  0.2148975E+01  0.7019089E+00 -0.5934503E+00 -0.1739234E+01 -0.2719167E+01 -0.3477239E+01 -0.3922831E+01 -0.4040484E+01 -0.4030736E+01 -0.4636279E+01
 0.8600000E+01  0.1490304E+02  0.1174270E+02  0.9387983E+01  0.7389787E+01  0.5536770E+01  0.3786808E+01  0.2170980E+01  0.7091357E+00 -0.5992356E+00 -0.1757155E+01 -0.2749052E+01 -0.3518561E+01 -0.3971741E+01 -0.4088694E+01 -0.4075086E+01 -0.4688186E+01
 0.8700000E+01  0.1504696E+02  0.1186151E+02  0.9484911E+01  0.7468396E+01  0.5595417E+01  0.3825902E+01  0.2192896E+01  0.7163370E+00 -0.6049900E+00 -0.1775002E+01 -0.2778857E+01 -0.3559877E+01 -0.4020770E+01 -0.4136948E+01 -0.4119258E+01 -0.4740221E+01
 0.8800000E+01  0.1518995E+02  0.1197969E+02  0.9581409E+01  0.7546755E+01  0.5653863E+01  0.3864841E+01  0.2214723E+01  0.7235132E+00 -0.6107137E+00 -0.1792776E+01 -0.2808580E+01 -0.3601185E+01 -0.4069921E+01 -0.4185250E+01 -0.4163242E+01 -0.4792412E+01
 0.8900000E+01  0.1533200E+02  0.1209724E+02  0.9677473E+01  0.7624861E+01  0.5712106E+01  0.3903626E+01  0.2236462E+01  0.7306643E+00 -0.6164069E+00 -0.1810476E+01 -0.2838219E+01 -0.3642483E+01 -0.4119197E+01 -0.4233602E+01 -0.4207027E+01 -0.4844784E+01
 0.9000000E+01  0.1547311E+02  0.1221415E+02  0.9773098E+01  0.7702712E+01  0.5770144E+01  0.3942255E+01  0.2258112E+01  0.7377906E+00 -0.6220697E+00 -0.1828103E+01 -0.2867775E+01 -0.3683770E+01 -0.4168599E+01 -0.4282008E+01 -0.4250601E+01 -0.4897366E+01
 0.9100000E+01  0.1561329E+02  0.1233040E+02  0.9868281E+01  0.7780303E+01  0.5827973E+01  0.3980728E+01  0.2279674E+01  0.7448922E+00 -0.6277024E+00 -0.1845657E+01 -0.2897245E+01 -0.3725045E+01 -0.4218132E+01 -0.4330473E+01 -0.4293950E+01 -0.4950189E+01
 0.9200000E+01  0.1575254E+02  0.1244600E+02  0.9963016E+01  0.7857634E+01  0.5885591E+01  0.4019044E+01  0.2301148E+01  0.7519693E+00 -0.6333051E+00 -0.1863137E+01 -0.2926628E+01 -0.3766304E+01 -0.4267798E+01 -0.4379000E+01 -0.4337062E+01 -0.5003283E+01
 0.9300000E+01  0.1589084E+02  0.1256093E+02  0.1005730E+02  0.7934701E+01  0.5942997E+01  0.4057203E+01  0.2322536E+01  0.7590222E+00 -0.6388781E+00 -0.1880545E+01 -0.2955925E+01 -0.3807548E+01 -0.4317599E+01 -0.4427593E+01 -0.4379922E+01 -0.5056683E+01
 0.9400000E+01  0.1602821E+02  0.1267518E+02  0.1015113E+02  0.8011502E+01  0.6000188E+01  0.4095204E+01  0.2343836E+01  0.7660510E+00 -0.6444215E+00 -0.1897880E+01 -0.2985132E+01 -0.3848772E+01 -0.4367538E+01 -0.4476259E+01 -0.4422514E+01 -0.5110423E+01
 0.9500000E+01  0.1616465E+02  0.1278875E+02  0.1024450E+02  0.8088033E+01  0.6057160E+01  0.4133047E+01  0.2365051E+01  0.7730559E+00 -0.6499355E+00 -0.1915143E+01 -0.3014251E+01 -0.3889977E+01 -0.4417617E+01 -0.4525001E+01 -0.4464822E+01 -0.5164541E+01
 0.9600000E+01  0.1630015E+02  0.1290163E+02  0.1033740E+02  0.8164292E+01  0.6113913E+01  0.4170731E+01  0.2386179E+01  0.7800371E+00 -0.6554204E+00 -0.1932333E+01 -0.3043278E+01 -0.3931159E+01 -0.4467840E+01 -0.4573825E+01 -0.4506829E+01 -0.5219073E+01
 0.9700000E+01  0.1643472E+02  0.1301380E+02  0.1042984E+02  0.8240277E+01  0.6170443E+01  0.4208256E+01  0.2407222E+01  0.7869950E+00 -0.6608765E+00 -0.1949450E+01 -0.3072215E+01 -0.3972316E+01 -0.4518209E+01 -0.4622739E+01 -0.4548516E+01 -0.5274059E+01
 0.9800000E+01  0.1656836E+02  0.1312526E+02  0.1052181E+02  0.8315984E+01  0.6226748E+01  0.4245623E+01  0.2428180E+01  0.7939295E+00 -0.6663038E+00 -0.1966496E+01 -0.3101058E+01 -0.4013446E+01 -0.4568727E+01 -0.4671747E+01 -0.4589865E+01 -0.5329541E+01
 0.9900000E+01  0.1670107E+02  0.1323600E+02  0.1061331E+02  0.8391411E+01  0.6282826E+01  0.4282829E+01  0.2449053E+01  0.8008411E+00 -0.6717028E+00 -0.1983470E+01 -0.3129809E+01 -0.4054547E+01 -0.4619396E+01 -0.4720857E+01 -0.4630855E+01 -0.5385559E+01
 0.1000000E+02  0.1683285E+02  0.1334601E+02  0.1070433E+02  0.8466555E+01  0.6338674E+01  0.4319876E+01  0.2469843E+01  0.8077299E+00 -0.6770736E+00 -0.2000373E+01 -0.3158465E+01 -0.4095616E+01 -0.4670220E+01 -0.4770077E+01 -0.4671464E+01 -0.5442157E+01
 0.1010000E+02  0.1696371E+02  0.1345528E+02  0.1079487E+02  0.8541413E+01  0.6394291E+01  0.4356764E+01  0.2490549E+01  0.8145961E+00 -0.6824164E+00 -0.2017204E+01 -0.3187025E+01 -0.4136652E+01 -0.4721199E+01 -0.4819414E+01 -0.4711670E+01 -0.5499379E+01
 0.1020000E+02  0.1709366E+02  0.1356380E+02  0.1088493E+02  0.8615983E+01  0.6449673E+01  0.4393491E+01  0.2511173E+01  0.8214400E+00 -0.6877316E+00 -0.2033965E+01 -0.3215490E+01 -0.4177651E+01 -0.4772338E+01 -0.4868877E+01 -0.4751451E+01 -0.5557269E+01
 0.1030000E+02  0.1722269E+02  0.1367157E+02  0.1097450E+02  0.8690261E+01  0.6504818E+01  0.4430058E+01  0.2531715E+01  0.8282618E+00 -0.6930194E+00 -0.2050655E+01 -0.3243857E+01 -0.4218611E+01 -0.4823638E+01 -0.4918475E+01 -0.4790780E+01 -0.5615872E+01
 0.1040000E+02  0.1735080E+02  0.1377856E+02  0.1106359E+02  0.8764245E+01  0.6559725E+01  0.4466465E+01  0.2552175E+01  0.8350616E+00 -0.6982800E+00 -0.2067275E+01 -0.3272127E+01 -0.4259529E+01 -0.4875101E+01 -0.4968218E+01 -0.4829633E+01 -0.5675233E+01
 0.1050000E+02  0.1747801E+02  0.1388478E+02  0.1115218E+02  0.8837933E+01  0.6614391E+01  0.4502712E+01  0.2572553E+01  0.8418399E+00 -0.7035138E+00 -0.2083825E+01 -0.3300298E+01 -0.4300402E+01 -0.4926731E+01 -0.5018115E+01 -0.4867983E+01 -0.5735399E+01
 0.1060000E+02  0.1760431E+02  0.1399021E+02  0.1124029E+02  0.8911320E+01  0.6668813E+01  0.4538800E+01  0.2592852E+01  0.8485967E+00 -0.7087209E+00 -0.2100306E+01 -0.3328370E+01 -0.4341229E+01 -0.4978530E+01 -0.5068178E+01 -0.4905801E+01 -0.5796414E+01
 0.1070000E+02  0.1772971E+02  0.1409484E+02  0.1132790E+02  0.8984404E+01  0.6722990E+01  0.4574727E+01  0.2613071E+01  0.8553323E+00 -0.7139018E+00 -0.2116718E+01 -0.3356342E+01 -0.4382005E+01 -0.5030499E+01 -0.5118418E+01 -0.4943060E+01 -0.5858324E+01
 0.1080000E+02  0.1785422E+02  0.1419866E+02  0.1141501E+02  0.9057183E+01  0.6776918E+01  0.4610494E+01  0.2633211E+01  0.8620470E+00 -0.7190566E+00 -0.2133062E+01 -0.3384213E+01 -0.4422728E+01 -0.5082640E+01 -0.5168847E+01 -0.4979729E+01 -0.5921171E+01
 0.1090000E+02  0.1797782E+02  0.1430167E+02  0.1150163E+02  0.9129653E+01  0.6830597E+01  0.4646102E+01  0.2653272E+01  0.8687409E+00 -0.7241857E+00 -0.2149337E+01 -0.3411983E+01 -0.4463394E+01 -0.5134956E+01 -0.5219479E+01 -0.5015776E+01 -0.5984998E+01
 0.1100000E+02  0.1810054E+02  0.1440385E+02  0.1158775E+02  0.9201811E+01  0.6884024E+01  0.4681550E+01  0.2673255E+01  0.8754144E+00 -0.7292893E+00 -0.2165545E+01 -0.3439650E+01 -0.4504002E+01 -0.5187449E+01 -0.5270327E+01 -0.5051171E+01 -0.6049847E+01
 0.1110000E+02  0.1822237E+02  0.1450520E+02  0.1167337E+02  0.9273655E+01  0.6937197E+01  0.4716840E+01  0.2693161E+01  0.8820676E+00 -0.7343678E+00 -0.2181686E+01 -0.3467215E+01 -0.4544547E+01 -0.5240120E+01 -0.5321405E+01 -0.5085879E+01 -0.6115757E+01
 0.1120000E+02  0.1834331E+02  0.1460570E+02  0.1175848E+02  0.9345181E+01  0.6990113E+01  0.4751970E+01  0.2712991E+01  0.8887008E+00 -0.7394214E+00 -0.2197760E+01 -0.3494677E+01 -0.4585026E+01 -0.5292970E+01 -0.5372728E+01 -0.5119866E+01 -0.6182763E+01
 0.1130000E+02  0.1846338E+02  0.1470534E+02  0.1184310E+02  0.9416387E+01  0.7042772E+01  0.4786942E+01  0.2732745E+01  0.8953142E+00 -0.7444504E+00 -0.2213768E+01 -0.3522035E+01 -0.4625437E+01 -0.5346002E+01 -0.5424313E+01 -0.5153098E+01 -0.6250901E+01
 0.1140000E+02  0.1858256E+02  0.1480412E+02  0.1192722E+02  0.9487268E+01  0.7095170E+01  0.4821756E+01  0.2752424E+01  0.9019081E+00 -0.7494551E+00 -0.2229710E+01 -0.3549289E+01 -0.4665775E+01 -0.5399217E+01 -0.5476177E+01 -0.5185538E+01 -0.6320200E+01
 0.1150000E+02  0.1870086E+02  0.1490202E+02  0.1201083E+02  0.9557823E+01  0.7147305E+01  0.4856412E+01  0.2772028E+01  0.9084826E+00 -0.7544359E+00 -0.2245587E+01 -0.3576439E+01 -0.4706037E+01 -0.5452615E+01 -0.5528336E+01 -0.5217150E+01 -0.6390688E+01
 0.1160000E+02  0.1881829E+02  0.1499904E+02  0.1209394E+02  0.9628047E+01  0.7199177E+01  0.4890911E+01  0.2791558E+01  0.9150380E+00 -0.7593930E+00 -0.2261399E+01 -0.3603483E+01 -0.4746220E+01 -0.5506199E+01 -0.5580810E+01 -0.5247895E+01 -0.6462385E+01
 0.1170000E+02  0.1893484E+02  0.1509516E+02  0.1217654E+02  0.9697938E+01  0.7250783E+01  0.4925253E+01  0.2811015E+01  0.9215746E+00 -0.7643267E+00 -0.2277147E+01 -0.3630423E+01 -0.4786320E+01 -0.5559968E+01 -0.5633618E+01 -0.5277735E+01 -0.6535310E+01
 0.1180000E+02  0.1905051E+02  0.1519038E+02  0.1225865E+02  0.9767493E+01  0.7302120E+01  0.4959439E+01  0.2830399E+01  0.9280926E+00 -0.7692373E+00 -0.2292832E+01 -0.3657256E+01 -0.4826334E+01 -0.5613923E+01 -0.5686781E+01 -0.5306631E+01 -0.6609474E+01
 0.1190000E+02  0.1916531E+02  0.1528469E+02  0.1234025E+02  0.9836708E+01  0.7353189E+01  0.4993469E+01  0.2849712E+01  0.9345922E+00 -0.7741252E+00 -0.2308453E+01 -0.3683984E+01 -0.4866257E+01 -0.5668066E+01 -0.5740319E+01 -0.5334543E+01 -0.6684883E+01
 0.1200000E+02  0.1927924E+02  0.1537807E+02  0.1242135E+02  0.9905580E+01  0.7403986E+01  0.5027344E+01  0.2868953E+01  0.9410736E+00 -0.7789907E+00 -0.2324012E+01 -0.3710607E+01 -0.4906086E+01 -0.5722395E+01 -0.5794256E+01 -0.5361430E+01 -0.6761535E+01
 0.1210000E+02  0.1939229E+02  0.1547053E+02  0.1250195E+02  0.9974105E+01  0.7454510E+01  0.5061065E+01  0.2888124E+01  0.9475371E+00 -0.7838340E+00 -0.2339508E+01 -0.3737123E+01 -0.4945818E+01 -0.5776912E+01 -0.5848613E+01 -0.5387253E+01 -0.6839423E+01
 0.1220000E+02  0.1950446E+02  0.1556205E+02  0.1258205E+02  0.1004228E+02  0.7504759E+01  0.5094632E+01  0.2907224E+01  0.9539828E+00 -0.7886554E+00 -0.2354944E+01 -0.3763533E+01 -0.4985448E+01 -0.5831615E+01 -0.5903417E+01 -0.5411969E+01 -0.6918531E+01
 0.1230000E+02  0.1961575E+02  0.1565262E+02  0.1266166E+02  0.1011010E+02  0.7554733E+01  0.5128045E+01  0.2926255E+01  0.9604111E+00 -0.7934553E+00 -0.2370318E+01 -0.3789836E+01 -0.5024972E+01 -0.5886505E+01 -0.5958691E+01 -0.5435538E+01 -0.6998834E+01
 0.1240000E+02  0.1972616E+02  0.1574224E+02  0.1274076E+02  0.1017757E+02  0.7604429E+01  0.5161306E+01  0.2945217E+01  0.9668221E+00 -0.7982340E+00 -0.2385632E+01 -0.3816034E+01 -0.5064387E+01 -0.5941581E+01 -0.6014462E+01 -0.5457917E+01 -0.7080299E+01
 0.1250000E+02  0.1983569E+02  0.1583089E+02  0.1281937E+02  0.1024468E+02  0.7653847E+01  0.5194414E+01  0.2964111E+01  0.9732161E+00 -0.8029918E+00 -0.2400887E+01 -0.3842125E+01 -0.5103689E+01 -0.5996841E+01 -0.6070758E+01 -0.5479066E+01 -0.7162884E+01
 0.1260000E+02  0.1994432E+02  0.1591858E+02  0.1289748E+02  0.1031142E+02  0.7702984E+01  0.5227372E+01  0.2982938E+01  0.9795932E+00 -0.8077290E+00 -0.2416082E+01 -0.3868110E+01 -0.5142872E+01 -0.6052285E+01 -0.6127607E+01 -0.5498943E+01 -0.7246535E+01
 0.1270000E+02  0.2005206E+02  0.1600529E+02  0.1297510E+02  0.1037780E+02  0.7751839E+01  0.5260179E+01  0.3001697E+01  0.9859538E+00 -0.8124458E+00 -0.2431218E+01 -0.3893990E+01 -0.5181935E+01 -0.6107911E+01 -0.6185037E+01 -0.5517508E+01 -0.7331189E+01
 0.1280000E+02  0.2015890E+02  0.1609102E+02  0.1305223E+02  0.1044380E+02  0.7800413E+01  0.5292837E+01  0.3020390E+01  0.9922979E+00 -0.8171427E+00 -0.2446296E+01 -0.3919764E+01 -0.5220871E+01 -0.6163717E+01 -0.6243081E+01 -0.5534720E+01 -0.7416772E+01
 0.1290000E+02  0.2026483E+02  0.1617576E+02  0.1312887E+02  0.1050944E+02  0.7848702E+01  0.5325346E+01  0.3039017E+01  0.9986259E+00 -0.8218198E+00 -0.2461317E+01 -0.3945432E+01 -0.5259677E+01 -0.6219702E+01 -0.6301769E+01 -0.5550539E+01 -0.7503200E+01
 0.1300000E+02  0.2036985E+02  0.1625951E+02  0.1320503E+02  0.1057469E+02  0.7896707E+01  0.5357706E+01  0.3057578E+01  0.1004938E+01 -0.8264776E+00 -0.2476280E+01 -0.3970996E+01 -0.5298349E+01 -0.6275861E+01 -0.6361134E+01 -0.5564928E+01 -0.7590373E+01
 0.1310000E+02  0.2047395E+02  0.1634225E+02  0.1328069E+02  0.1063956E+02  0.7944426E+01  0.5389919E+01  0.3076075E+01  0.1011234E+01 -0.8311162E+00 -0.2491187E+01 -0.3996455E+01 -0.5336882E+01 -0.6332194E+01 -0.6421210E+01 -0.5577848E+01 -0.7678183E+01
 0.1320000E+02  0.2057712E+02  0.1642399E+02  0.1335588E+02  0.1070405E+02  0.7991858E+01  0.5421986E+01  0.3094507E+01  0.1017515E+01 -0.8357361E+00 -0.2506038E+01 -0.4021810E+01 -0.5375273E+01 -0.6388696E+01 -0.6482031E+01 -0.5589265E+01 -0.7766509E+01
 0.1330000E+02  0.2067935E+02  0.1650472E+02  0.1343059E+02  0.1076816E+02  0.8039003E+01  0.5453907E+01  0.3112875E+01  0.1023780E+01 -0.8403374E+00 -0.2520833E+01 -0.4047062E+01 -0.5413516E+01 -0.6445365E+01 -0.6543633E+01 -0.5599144E+01 -0.7855216E+01
 0.1340000E+02  0.2078064E+02  0.1658444E+02  0.1350481E+02  0.1083186E+02  0.8085861E+01  0.5485683E+01  0.3131180E+01  0.1030031E+01 -0.8449206E+00 -0.2535573E+01 -0.4072211E+01 -0.5451609E+01 -0.6502196E+01 -0.6606054E+01 -0.5607453E+01 -0.7944157E+01
 0.1350000E+02  0.2088098E+02  0.1666314E+02  0.1357857E+02  0.1089518E+02  0.8132429E+01  0.5517314E+01  0.3149422E+01  0.1036266E+01 -0.8494858E+00 -0.2550259E+01 -0.4097257E+01 -0.5489545E+01 -0.6559184E+01 -0.6669330E+01 -0.5614163E+01 -0.8033173E+01
 0.1360000E+02  0.2098035E+02  0.1674082E+02  0.1365185E+02  0.1095809E+02  0.8178709E+01  0.5548803E+01  0.3167601E+01  0.1042487E+01 -0.8540334E+00 -0.2564891E+01 -0.4122202E+01 -0.5527321E+01 -0.6616327E+01 -0.6733501E+01 -0.5619247E+01 -0.8122091E+01
 0.1370000E+02  0.2107874E+02  0.1681748E+02  0.1372465E+02  0.1102061E+02  0.8224699E+01  0.5580148E+01  0.3185718E+01  0.1048693E+01 -0.8585636E+00 -0.2579469E+01 -0.4147046E+01 -0.5564933E+01 -0.6673617E+01 -0.6798608E+01 -0.5622684E+01 -0.8210726E+01
 0.1380000E+02  0.2117615E+02  0.1689311E+02  0.1379700E+02  0.1108271E+02  0.8270400E+01  0.5611352E+01  0.3203773E+01  0.1054885E+01 -0.8630769E+00 -0.2593993E+01 -0.4171790E+01 -0.5602376E+01 -0.6731051E+01 -0.6864689E+01 -0.5624454E+01 -0.8298881E+01
 0.1390000E+02  0.2127256E+02  0.1696772E+02  0.1386887E+02  0.1114441E+02  0.8315811E+01  0.5642415E+01  0.3221766E+01  0.1061062E+01 -0.8675733E+00 -0.2608466E+01 -0.4196435E+01 -0.5639646E+01 -0.6788621E+01 -0.6931788E+01 -0.5624541E+01 -0.8386346E+01
 0.1400000E+02  0.2136796E+02  0.1704130E+02  0.1394029E+02  0.1120569E+02  0.8360931E+01  0.5673338E+01  0.3239699E+01  0.1067226E+01 -0.8720533E+00 -0.2622885E+01 -0.4220982E+01 -0.5676739E+01 -0.6846323E+01 -0.6999948E+01 -0.5622938E+01 -0.8472899E+01
 0.1410000E+02  0.2146235E+02  0.1711385E+02  0.1401124E+02  0.1126656E+02  0.8405762E+01  0.5704121E+01  0.3257571E+01  0.1073376E+01 -0.8765170E+00 -0.2637253E+01 -0.4245432E+01 -0.5713649E+01 -0.6904148E+01 -0.7069211E+01 -0.5619640E+01 -0.8558307E+01
 0.1420000E+02  0.2155570E+02  0.1718538E+02  0.1408173E+02  0.1132701E+02  0.8450303E+01  0.5734765E+01  0.3275382E+01  0.1079512E+01 -0.8809648E+00 -0.2651569E+01 -0.4269786E+01 -0.5750373E+01 -0.6962091E+01 -0.7139622E+01 -0.5614650E+01 -0.8642325E+01
 0.1430000E+02  0.2164801E+02  0.1725589E+02  0.1415177E+02  0.1138703E+02  0.8494554E+01  0.5765271E+01  0.3293133E+01  0.1085636E+01 -0.8853969E+00 -0.2665834E+01 -0.4294045E+01 -0.5786906E+01 -0.7020142E+01 -0.7211227E+01 -0.5607978E+01 -0.8724697E+01
 0.1440000E+02  0.2173926E+02  0.1732537E+02  0.1422136E+02  0.1144662E+02  0.8538515E+01  0.5795639E+01  0.3310824E+01  0.1091745E+01 -0.8898136E+00 -0.2680048E+01 -0.4318211E+01 -0.5823245E+01 -0.7078295E+01 -0.7284072E+01 -0.5599644E+01 -0.8805159E+01
 0.1450000E+02  0.2182944E+02  0.1739383E+02  0.1429049E+02  0.1150579E+02  0.8582188E+01  0.5825871E+01  0.3328456E+01  0.1097842E+01 -0.8942152E+00 -0.2694211E+01 -0.4342284E+01 -0.5859384E+01 -0.7136541E+01 -0.7358202E+01 -0.5589676E+01 -0.8883434E+01
 0.1460000E+02  0.2191854E+02  0.1746127E+02  0.1435918E+02  0.1156452E+02  0.8625572E+01  0.5855967E+01  0.3346028E+01  0.1103926E+01 -0.8986019E+00 -0.2708324E+01 -0.4366266E+01 -0.5895320E+01 -0.7194870E+01 -0.7433665E+01 -0.5578112E+01 -0.8959238E+01
 0.1470000E+02  0.2200655E+02  0.1752770E+02  0.1442742E+02  0.1162281E+02  0.8668669E+01  0.5885926E+01  0.3363541E+01  0.1109998E+01 -0.9029739E+00 -0.2722387E+01 -0.4390160E+01 -0.5931047E+01 -0.7253274E+01 -0.7510510E+01 -0.5565005E+01 -0.9032280E+01
 0.1480000E+02  0.2209346E+02  0.1759312E+02  0.1449522E+02  0.1168066E+02  0.8711478E+01  0.5915751E+01  0.3380995E+01  0.1116057E+01 -0.9073315E+00 -0.2736400E+01 -0.4413965E+01 -0.5966563E+01 -0.7311742E+01 -0.7588784E+01 -0.5550418E+01 -0.9102259E+01
 0.1490000E+02  0.2217924E+02  0.1765754E+02  0.1456257E+02  0.1173807E+02  0.8754001E+01  0.5945441E+01  0.3398390E+01  0.1122103E+01 -0.9116751E+00 -0.2750363E+01 -0.4437683E+01 -0.6001863E+01 -0.7370263E+01 -0.7668536E+01 -0.5534432E+01 -0.9168868E+01
 0.1500000E+02  0.2226391E+02  0.1772095E+02  0.1462948E+02  0.1179502E+02  0.8796239E+01  0.5974997E+01  0.3415726E+01  0.1128138E+01 -0.9160047E+00 -0.2764277E+01 -0.4461317E+01 -0.6036942E+01 -0.7428828E+01 -0.7749815E+01 -0.5517144E+01 -0.9231794E+01
 0.1510000E+02  0.2234743E+02  0.1778337E+02  0.1469596E+02  0.1185153E+02  0.8838192E+01  0.6004420E+01  0.3433004E+01  0.1134160E+01 -0.9203206E+00 -0.2778142E+01 -0.4484868E+01 -0.6071797E+01 -0.7487423E+01 -0.7832670E+01 -0.5498671E+01 -0.9290719E+01
 0.1520000E+02  0.2242980E+02  0.1784481E+02  0.1476199E+02  0.1190759E+02  0.8879863E+01  0.6033709E+01  0.3450223E+01  0.1140171E+01 -0.9246231E+00 -0.2791957E+01 -0.4508337E+01 -0.6106423E+01 -0.7546038E+01 -0.7917151E+01 -0.5479149E+01 -0.9345319E+01
 0.1530000E+02  0.2251102E+02  0.1790526E+02  0.1482759E+02  0.1196319E+02  0.8921251E+01  0.6062865E+01  0.3467384E+01  0.1146170E+01 -0.9289124E+00 -0.2805723E+01 -0.4531727E+01 -0.6140817E+01 -0.7604661E+01 -0.8003306E+01 -0.5458742E+01 -0.9395268E+01
 0.1540000E+02  0.2259106E+02  0.1796475E+02  0.1489275E+02  0.1201832E+02  0.8962359E+01  0.6091888E+01  0.3484487E+01  0.1152157E+01 -0.9331887E+00 -0.2819440E+01 -0.4555039E+01 -0.6174975E+01 -0.7663277E+01 -0.8091186E+01 -0.5437637E+01 -0.9440236E+01
 0.1550000E+02  0.2266993E+02  0.1802327E+02  0.1495747E+02  0.1207300E+02  0.9003188E+01  0.6120779E+01  0.3501531E+01  0.1158134E+01 -0.9374522E+00 -0.2833108E+01 -0.4578276E+01 -0.6208892E+01 -0.7721873E+01 -0.8180838E+01 -0.5416054E+01 -0.9479889E+01
 0.1560000E+02  0.2274760E+02  0.1808084E+02  0.1502177E+02  0.1212721E+02  0.9043739E+01  0.6149538E+01  0.3518517E+01  0.1164099E+01 -0.9417032E+00 -0.2846727E+01 -0.4601438E+01 -0.6242566E+01 -0.7780436E+01 -0.8272313E+01 -0.5394245E+01 -0.9513893E+01
 0.1570000E+02  0.2282409E+02  0.1813747E+02  0.1508562E+02  0.1218096E+02  0.9084015E+01  0.6178164E+01  0.3535446E+01  0.1170052E+01 -0.9459418E+00 -0.2860296E+01 -0.4624529E+01 -0.6275992E+01 -0.7838951E+01 -0.8365658E+01 -0.5372498E+01 -0.9541911E+01
 0.1580000E+02  0.2289937E+02  0.1819317E+02  0.1514904E+02  0.1223423E+02  0.9124016E+01  0.6206658E+01  0.3552316E+01  0.1175995E+01 -0.9501682E+00 -0.2873816E+01 -0.4647550E+01 -0.6309167E+01 -0.7897402E+01 -0.8460920E+01 -0.5351145E+01 -0.9563608E+01
 0.1590000E+02  0.2297344E+02  0.1824795E+02  0.1521203E+02  0.1228703E+02  0.9163745E+01  0.6235021E+01  0.3569128E+01  0.1181928E+01 -0.9543827E+00 -0.2887287E+01 -0.4670504E+01 -0.6342088E+01 -0.7955775E+01 -0.8558148E+01 -0.5330561E+01 -0.9578645E+01
 0.1600000E+02  0.2304630E+02  0.1830182E+02  0.1527459E+02  0.1233936E+02  0.9203203E+01  0.6263251E+01  0.3585882E+01  0.1187849E+01 -0.9585854E+00 -0.2900708E+01 -0.4693392E+01 -0.6374750E+01 -0.8014053E+01 -0.8657386E+01 -0.5311172E+01 -0.9586686E+01
 0.1610000E+02  0.2311794E+02  0.1835480E+02  0.1533670E+02  0.1239121E+02  0.9242393E+01  0.6291349E+01  0.3602578E+01  0.1193760E+01 -0.9627764E+00 -0.2914079E+01 -0.4716217E+01 -0.6407152E+01 -0.8072220E+01 -0.8758681E+01 -0.5293458E+01 -0.9587395E+01
 0.1620000E+02  0.2318835E+02  0.1840689E+02  0.1539838E+02  0.1244259E+02  0.9281316E+01  0.6319314E+01  0.3619216E+01  0.1199661E+01 -0.9669560E+00 -0.2927401E+01 -0.4738982E+01 -0.6439290E+01 -0.8130257E+01 -0.8862075E+01 -0.5277961E+01 -0.9580439E+01
 0.1630000E+02  0.2325754E+02  0.1845812E+02  0.1545963E+02  0.1249348E+02  0.9319975E+01  0.6347147E+01  0.3635796E+01  0.1205551E+01 -0.9711243E+00 -0.2940671E+01 -0.4761688E+01 -0.6471160E+01 -0.8188148E+01 -0.8967612E+01 -0.5265287E+01 -0.9565485E+01
 0.1640000E+02  0.2332550E+02  0.1850849E+02  0.1552043E+02  0.1254389E+02  0.9358372E+01  0.6374847E+01  0.3652318E+01  0.1211431E+01 -0.9752815E+00 -0.2953892E+01 -0.4784338E+01 -0.6502761E+01 -0.8245873E+01 -0.9075333E+01 -0.5256113E+01 -0.9542202E+01
 0.1650000E+02  0.2339222E+02  0.1855802E+02  0.1558080E+02  0.1259382E+02  0.9396509E+01  0.6402414E+01  0.3668781E+01  0.1217302E+01 -0.9794277E+00 -0.2967061E+01 -0.4806934E+01 -0.6534089E+01 -0.8303413E+01 -0.9185277E+01 -0.5251194E+01 -0.9510264E+01
 0.1660000E+02  0.2345772E+02  0.1860673E+02  0.1564072E+02  0.1264327E+02  0.9434389E+01  0.6429846E+01  0.3685187E+01  0.1223162E+01 -0.9835630E+00 -0.2980179E+01 -0.4829479E+01 -0.6565143E+01 -0.8360749E+01 -0.9297482E+01 -0.5251366E+01 -0.9469347E+01
 0.1670000E+02  0.2352198E+02  0.1865464E+02  0.1570020E+02  0.1269223E+02  0.9472013E+01  0.6457145E+01  0.3701535E+01  0.1229012E+01 -0.9876875E+00 -0.2993245E+01 -0.4851975E+01 -0.6595919E+01 -0.8417859E+01 -0.9411983E+01 -0.5257550E+01 -0.9419131E+01
 0.1680000E+02  0.2358502E+02  0.1870175E+02  0.1575923E+02  0.1274070E+02  0.9509384E+01  0.6484309E+01  0.3717824E+01  0.1234853E+01 -0.9918015E+00 -0.3006259E+01 -0.4874425E+01 -0.6626418E+01 -0.8474723E+01 -0.9528815E+01 -0.5270760E+01 -0.9359303E+01
 0.1690000E+02  0.2364683E+02  0.1874809E+02  0.1581781E+02  0.1278869E+02  0.9546505E+01  0.6511338E+01  0.3734056E+01  0.1240684E+01 -0.9959048E+00 -0.3019221E+01 -0.4896831E+01 -0.6656635E+01 -0.8531317E+01 -0.9648009E+01 -0.5292102E+01 -0.9289551E+01
 0.1700000E+02  0.2370741E+02  0.1879368E+02  0.1587594E+02  0.1283619E+02  0.9583377E+01  0.6538231E+01  0.3750229E+01  0.1246505E+01 -0.9999978E+00 -0.3032129E+01 -0.4919196E+01 -0.6686571E+01 -0.8587619E+01 -0.9769595E+01 -0.5322782E+01 -0.9209571E+01
 0.1710000E+02  0.2376677E+02  0.1883854E+02  0.1593361E+02  0.1288321E+02  0.9620004E+01  0.6564987E+01  0.3766344E+01  0.1252317E+01 -0.1004080E+01 -0.3044983E+01 -0.4941521E+01 -0.6716225E+01 -0.8643604E+01 -0.9893599E+01 -0.5364100E+01 -0.9119064E+01
 0.1720000E+02  0.2382492E+02  0.1888267E+02  0.1599081E+02  0.1292973E+02  0.9656388E+01  0.6591606E+01  0.3782401E+01  0.1258119E+01 -0.1008152E+01 -0.3057783E+01 -0.4963810E+01 -0.6745595E+01 -0.8699246E+01 -0.1002005E+02 -0.5417451E+01 -0.9017737E+01
 0.1730000E+02  0.2388186E+02  0.1892611E+02  0.1604756E+02  0.1297577E+02  0.9692532E+01  0.6618086E+01  0.3798400E+01  0.1263911E+01 -0.1012214E+01 -0.3070529E+01 -0.4986064E+01 -0.6774683E+01 -0.8754519E+01 -0.1014896E+02 -0.5484324E+01 -0.8905302E+01
 0.1740000E+02  0.2393760E+02  0.1896888E+02  0.1610383E+02  0.1302133E+02  0.9728437E+01  0.6644427E+01  0.3814341E+01  0.1269694E+01 -0.1016266E+01 -0.3083218E+01 -0.5008287E+01 -0.6803487E+01 -0.8809394E+01 -0.1028036E+02 -0.5566290E+01 -0.8781471E+01
 0.1750000E+02  0.2399214E+02  0.1901098E+02  0.1615964E+02  0.1306640E+02  0.9764106E+01  0.6670628E+01  0.3830224E+01  0.1275468E+01 -0.1020307E+01 -0.3095852E+01 -0.5030480E+01 -0.6832009E+01 -0.8863840E+01 -0.1041427E+02 -0.5664997E+01 -0.8645961E+01
 0.1760000E+02  0.2404549E+02  0.1905246E+02  0.1621496E+02  0.1311098E+02  0.9799543E+01  0.6696688E+01  0.3846049E+01  0.1281232E+01 -0.1024338E+01 -0.3108429E+01 -0.5052646E+01 -0.6860251E+01 -0.8917827E+01 -0.1055070E+02 -0.5782151E+01 -0.8498484E+01
 0.1770000E+02  0.2409766E+02  0.1909332E+02  0.1626979E+02  0.1315509E+02  0.9834748E+01  0.6722606E+01  0.3861816E+01  0.1286987E+01 -0.1028358E+01 -0.3120949E+01 -0.5074786E+01 -0.6888214E+01 -0.8971319E+01 -0.1068968E+02 -0.5919502E+01 -0.8338741E+01
 0.1780000E+02  0.2414867E+02  0.1913360E+02  0.1632414E+02  0.1319871E+02  0.9869725E+01  0.6748380E+01  0.3877525E+01  0.1292732E+01 -0.1032368E+01 -0.3133411E+01 -0.5096903E+01 -0.6915902E+01 -0.9024281E+01 -0.1083121E+02 -0.6078823E+01 -0.8166417E+01
 0.1790000E+02  0.2419851E+02  0.1917332E+02  0.1637799E+02  0.1324185E+02  0.9904476E+01  0.6774009E+01  0.3893177E+01  0.1298467E+01 -0.1036367E+01 -0.3145815E+01 -0.5118999E+01 -0.6943316E+01 -0.9076674E+01 -0.1097532E+02 -0.6261886E+01 -0.7981165E+01
 0.1800000E+02  0.2424721E+02  0.1921249E+02  0.1643133E+02  0.1328452E+02  0.9939003E+01  0.6799493E+01  0.3908771E+01  0.1304192E+01 -0.1040356E+01 -0.3158159E+01 -0.5141075E+01 -0.6970462E+01 -0.9128455E+01 -0.1112203E+02 -0.6470430E+01 -0.7782591E+01
 0.1810000E+02  0.2429477E+02  0.1925116E+02  0.1648416E+02  0.1332671E+02  0.9973309E+01  0.6824830E+01  0.3924309E+01  0.1309907E+01 -0.1044334E+01 -0.3170443E+01 -0.5163134E+01 -0.6997345E+01 -0.9179581E+01 -0.1127135E+02 -0.6706143E+01 -0.7570232E+01
 0.1820000E+02  0.2434121E+02  0.1928933E+02  0.1653647E+02  0.1336843E+02  0.1000740E+02  0.6850019E+01  0.3939789E+01  0.1315612E+01 -0.1048300E+01 -0.3182666E+01 -0.5185178E+01 -0.7023970E+01 -0.9230002E+01 -0.1142333E+02 -0.6970625E+01 -0.7343527E+01
 0.1830000E+02  0.2438653E+02  0.1932705E+02  0.1658825E+02  0.1340969E+02  0.1004126E+02  0.6875058E+01  0.3955214E+01  0.1321307E+01 -0.1052255E+01 -0.3194828E+01 -0.5207207E+01 -0.7050343E+01 -0.9279666E+01 -0.1157799E+02 -0.7265369E+01 -0.7101780E+01
 0.1840000E+02  0.2443076E+02  0.1936434E+02  0.1663950E+02  0.1345048E+02  0.1007492E+02  0.6899945E+01  0.3970581E+01  0.1326991E+01 -0.1056198E+01 -0.3206928E+01 -0.5229224E+01 -0.7076472E+01 -0.9328519E+01 -0.1173539E+02 -0.7591738E+01 -0.6844110E+01
 0.1850000E+02  0.2447390E+02  0.1940123E+02  0.1669020E+02  0.1349081E+02  0.1010836E+02  0.6924680E+01  0.3985894E+01  0.1332665E+01 -0.1060130E+01 -0.3218965E+01 -0.5251230E+01 -0.7102365E+01 -0.9376498E+01 -0.1189559E+02 -0.7950955E+01 -0.6569391E+01
 0.1860000E+02  0.2451598E+02  0.1943775E+02  0.1674035E+02  0.1353068E+02  0.1014159E+02  0.6949261E+01  0.4001151E+01  0.1338327E+01 -0.1064049E+01 -0.3230938E+01 -0.5273227E+01 -0.7128030E+01 -0.9423540E+01 -0.1205865E+02 -0.8344094E+01 -0.6276167E+01
 0.1870000E+02  0.2455701E+02  0.1947393E+02  0.1678993E+02  0.1357010E+02  0.1017461E+02  0.6973686E+01  0.4016353E+01  0.1343978E+01 -0.1067957E+01 -0.3242846E+01 -0.5295216E+01 -0.7153476E+01 -0.9469576E+01 -0.1222469E+02 -0.8772094E+01 -0.5962551E+01
 0.1880000E+02  0.2459701E+02  0.1950981E+02  0.1683893E+02  0.1360907E+02  0.1020742E+02  0.6997953E+01  0.4031501E+01  0.1349616E+01 -0.1071851E+01 -0.3254689E+01 -0.5317200E+01 -0.7178713E+01 -0.9514530E+01 -0.1239382E+02 -0.9235781E+01 -0.5626075E+01
 0.1890000E+02  0.2463601E+02  0.1954541E+02  0.1688735E+02  0.1364760E+02  0.1024003E+02  0.7022061E+01  0.4046596E+01  0.1355243E+01 -0.1075732E+01 -0.3266464E+01 -0.5339180E+01 -0.7203750E+01 -0.9558324E+01 -0.1256619E+02 -0.9735905E+01 -0.5263500E+01
 0.1900000E+02  0.2467402E+02  0.1958078E+02  0.1693518E+02  0.1368569E+02  0.1027244E+02  0.7046007E+01  0.4061638E+01  0.1360857E+01 -0.1079601E+01 -0.3278171E+01 -0.5361159E+01 -0.7228598E+01 -0.9600874E+01 -0.1274201E+02 -0.1027319E+02 -0.4870529E+01
 0.1910000E+02  0.2471109E+02  0.1961595E+02  0.1698239E+02  0.1372335E+02  0.1030465E+02  0.7069790E+01  0.4076629E+01  0.1366458E+01 -0.1083456E+01 -0.3289807E+01 -0.5383140E+01 -0.7253266E+01 -0.9642091E+01 -0.1292150E+02 -0.1084843E+02 -0.4441414E+01
 0.1920000E+02  0.2474725E+02  0.1965096E+02  0.1702899E+02  0.1376057E+02  0.1033666E+02  0.7093408E+01  0.4091568E+01  0.1372045E+01 -0.1087298E+01 -0.3301372E+01 -0.5405127E+01 -0.7277760E+01 -0.9681883E+01 -0.1310496E+02 -0.1146256E+02 -0.3968343E+01
 0.1930000E+02  0.2478253E+02  0.1968584E+02  0.1707496E+02  0.1379737E+02  0.1036847E+02  0.7116857E+01  0.4106458E+01  0.1377619E+01 -0.1091127E+01 -0.3312861E+01 -0.5427123E+01 -0.7302089E+01 -0.9720151E+01 -0.1329276E+02 -0.1211678E+02 -0.3440511E+01
 0.1940000E+02  0.2481698E+02  0.1972063E+02  0.1712029E+02  0.1383375E+02  0.1040009E+02  0.7140136E+01  0.4121299E+01  0.1383178E+01 -0.1094942E+01 -0.3324274E+01 -0.5449136E+01 -0.7326255E+01 -0.9756797E+01 -0.1348532E+02 -0.1281276E+02 -0.2842616E+01
 0.1950000E+02  0.2485066E+02  0.1975537E+02  0.1716498E+02  0.1386971E+02  0.1043152E+02  0.7163241E+01  0.4136092E+01  0.1388723E+01 -0.1098745E+01 -0.3335606E+01 -0.5471171E+01 -0.7350259E+01 -0.9791719E+01 -0.1368321E+02 -0.1355283E+02 -0.2152342E+01
 0.1960000E+02  0.2488363E+02  0.1979010E+02  0.1720902E+02  0.1390525E+02  0.1046277E+02  0.7186170E+01  0.4150840E+01  0.1394253E+01 -0.1102537E+01 -0.3346852E+01 -0.5493240E+01 -0.7374093E+01 -0.9824819E+01 -0.1388711E+02 -0.1434038E+02 -0.1335919E+01
 0.1970000E+02  0.2491599E+02  0.1982485E+02  0.1725239E+02  0.1394036E+02  0.1049384E+02  0.7208918E+01  0.4165543E+01  0.1399768E+01 -0.1106318E+01 -0.3358007E+01 -0.5515355E+01 -0.7397743E+01 -0.9856001E+01 -0.1409790E+02 -0.1518033E+02 -0.3398226E+00
 0.1980000E+02  0.2494782E+02  0.1985967E+02  0.1729511E+02  0.1397506E+02  0.1052474E+02  0.7231480E+01  0.4180204E+01  0.1405268E+01 -0.1110090E+01 -0.3369064E+01 -0.5537534E+01 -0.7421177E+01 -0.9885184E+01 -0.1431676E+02 -0.1608019E+02  0.9260064E+00
 0.1990000E+02  0.2497927E+02  0.1989459E+02  0.1733718E+02  0.1400931E+02  0.1055548E+02  0.7253850E+01  0.4194825E+01  0.1410753E+01 -0.1113858E+01 -0.3380010E+01 -0.5559804E+01 -0.7444341E+01 -0.9912309E+01 -0.1454526E+02 -0.1705179E+02  0.2625532E+01
 0.2000000E+02  0.2501051E+02  0.1992964E+02  0.1737861E+02  0.1404312E+02  0.1058608E+02  0.7276019E+01  0.4209410E+01  0.1416224E+01 -0.1117624E+01 -0.3390832E+01 -0.5582206E+01 -0.7467145E+01 -0.9937352E+01 -0.1478578E+02 -0.1811520E+02  0.5091753E+01
 0.2010000E+02  0.2504181E+02  0.1996488E+02  0.1741942E+02  0.1407643E+02  0.1061656E+02  0.7297972E+01  0.4223964E+01  0.1421681E+01 -0.1121398E+01 -0.3401504E+01 -0.5604801E+01 -0.7489431E+01 -0.9960324E+01 -0.1504232E+02 -0.1930839E+02  0.9118251E+01
 0.2020000E+02  0.2507351E+02  0.2000047E+02  0.1745963E+02  0.1410921E+02  0.1064697E+02  0.7319682E+01  0.4238502E+01  0.1427122E+01 -0.1125189E+01 -0.3411989E+01 -0.5627686E+01 -0.7510979E+01 -0.9981069E+01 -0.1532299E+02 -0.2071215E+02  0.1699182E+02
 0.2030000E+02  0.2510576E+02  0.2003671E+02  0.1749913E+02  0.1414145E+02  0.1067734E+02  0.7341122E+01  0.4253040E+01  0.1432540E+01 -0.1128999E+01 -0.3422264E+01 -0.5650916E+01 -0.7531751E+01 -0.9998724E+01 -0.1563821E+02 -0.2235849E+02  0.2572608E+02
 0.2040000E+02  0.2183293E+02  0.1139438E+02  0.1725133E+02  0.4045050E+02  0.9460083E+01  0.5729334E+01  0.2277544E+01  0.3960997E+01 -0.2482288E+01 -0.4617656E+01 -0.7395054E+01 -0.2559244E+01 -0.9757728E+01 -0.2986989E+02 -0.8300895E+02 -0.6510566E+04
 0.2050000E+02  0.2052279E+02  0.1019917E+02  0.1623618E+02  0.3962834E+02  0.8818470E+01  0.5282979E+01  0.2036670E+01  0.3938150E+01 -0.2278770E+01 -0.4176533E+01 -0.6707803E+01 -0.1612941E+01 -0.8548978E+01 -0.2838620E+02 -0.8117299E+02 -0.6510557E+04
