 0.5134291E+00  0.1883368E+00
 0.6316375E+00  0.1450491E+00
 0.7498467E+00  0.1150616E+00
 0.8680562E+00  0.8954888E-01
 0.9862658E+00  0.6718448E-01
 0.1104475E+01  0.4661722E-01
 0.1222685E+01  0.2718489E-01
 0.1340895E+01  0.8902422E-02
 0.1459105E+01 -0.7705705E-02
 0.1577315E+01 -0.2187637E-01
 0.1695525E+01 -0.3292180E-01
 0.1813736E+01 -0.4053221E-01
 0.1931946E+01 -0.4500853E-01
 0.2050157E+01 -0.4732524E-01
 0.2168368E+01 -0.4855422E-01
 0.2286578E+01 -0.5715126E-01
 0.5134598E+00  0.3766608E+00
 0.6316612E+00  0.2900919E+00
 0.7498655E+00  0.2301185E+00
 0.8680708E+00  0.1790948E+00
 0.9862767E+00  0.1343667E+00
 0.1104483E+01  0.9323223E-01
 0.1222690E+01  0.5436795E-01
 0.1340897E+01  0.1780417E-01
 0.1459104E+01 -0.1541068E-01
 0.1577311E+01 -0.4375143E-01
 0.1695520E+01 -0.6584294E-01
 0.1813729E+01 -0.8106484E-01
 0.1931939E+01 -0.9001786E-01
 0.2050149E+01 -0.9465054E-01
 0.2168360E+01 -0.9710782E-01
 0.2286569E+01 -0.1142991E+00
 0.5135111E+00  0.5649588E+00
 0.6317007E+00  0.4351216E+00
 0.7498969E+00  0.3451660E+00
 0.8680952E+00  0.2686349E+00
 0.9862950E+00  0.2015443E+00
 0.1104496E+01  0.1398428E+00
 0.1222697E+01  0.8154733E-01
 0.1340899E+01  0.2670458E-01
 0.1459102E+01 -0.2311420E-01
 0.1577306E+01 -0.6562388E-01
 0.1695511E+01 -0.9876273E-01
 0.1813718E+01 -0.1215983E+00
 0.1931927E+01 -0.1350288E+00
 0.2050136E+01 -0.1419760E+00
 0.2168347E+01 -0.1456602E+00
 0.2286553E+01 -0.1714402E+00
 0.5135829E+00  0.7532178E+00
 0.6317560E+00  0.5801319E+00
 0.7499407E+00  0.4601994E+00
 0.8681293E+00  0.3581661E+00
 0.9863207E+00  0.2687152E+00
 0.1104514E+01  0.1864468E+00
 0.1222707E+01  0.1087212E+00
 0.1340902E+01  0.3560298E-01
 0.1459099E+01 -0.3081552E-01
 0.1577297E+01 -0.8749239E-01
 0.1695498E+01 -0.1316805E+00
 0.1813703E+01 -0.1621330E+00
 0.1931909E+01 -0.1800422E+00
 0.2050118E+01 -0.1893017E+00
 0.2168328E+01 -0.1942106E+00
 0.2286531E+01 -0.2285712E+00
 0.5136752E+00  0.9414247E+00
 0.6318271E+00  0.7251163E+00
 0.7499971E+00  0.5752140E+00
 0.8681732E+00  0.4476855E+00
 0.9863536E+00  0.3358769E+00
 0.1104536E+01  0.2330420E+00
 0.1222721E+01  0.1358878E+00
 0.1340907E+01  0.4449869E-01
 0.1459095E+01 -0.3851394E-01
 0.1577286E+01 -0.1093557E+00
 0.1695482E+01 -0.1645956E+00
 0.1813683E+01 -0.2026694E+00
 0.1931887E+01 -0.2250588E+00
 0.2050095E+01 -0.2366276E+00
 0.2168304E+01 -0.2427585E+00
 0.2286503E+01 -0.2856887E+00
 0.5137880E+00  0.1129567E+01
 0.6319140E+00  0.8700680E+00
 0.7500660E+00  0.6902052E+00
 0.8682269E+00  0.5371903E+00
 0.9863938E+00  0.4030273E+00
 0.1104564E+01  0.2796262E+00
 0.1222737E+01  0.1630451E+00
 0.1340912E+01  0.5339105E-01
 0.1459090E+01 -0.4620871E-01
 0.1577273E+01 -0.1312124E+00
 0.1695463E+01 -0.1975074E+00
 0.1813658E+01 -0.2432078E+00
 0.1931860E+01 -0.2700794E+00
 0.2050067E+01 -0.2839540E+00
 0.2168275E+01 -0.2913032E+00
 0.2286469E+01 -0.3427893E+00
 0.5139213E+00  0.1317630E+01
 0.6320167E+00  0.1014981E+01
 0.7501475E+00  0.8051682E+00
 0.8682902E+00  0.6266773E+00
 0.9864414E+00  0.4701640E+00
 0.1104597E+01  0.3261971E+00
 0.1222756E+01  0.1901915E+00
 0.1340918E+01  0.6227940E-01
 0.1459085E+01 -0.5389911E-01
 0.1577258E+01 -0.1530613E+00
 0.1695439E+01 -0.2304151E+00
 0.1813630E+01 -0.2837488E+00
 0.1931829E+01 -0.3151049E+00
 0.2050033E+01 -0.3312808E+00
 0.2168241E+01 -0.3398440E+00
 0.2286429E+01 -0.3998699E+00
 0.5140751E+00  0.1505603E+01
 0.6321351E+00  0.1159848E+01
 0.7502415E+00  0.9200983E+00
 0.8683634E+00  0.7161438E+00
 0.9864963E+00  0.5372848E+00
 0.1104635E+01  0.3727526E+00
 0.1222778E+01  0.2173251E+00
 0.1340926E+01  0.7116307E-01
 0.1459079E+01 -0.6158442E-01
 0.1577240E+01 -0.1749010E+00
 0.1695412E+01 -0.2633181E+00
 0.1813597E+01 -0.3242927E+00
 0.1931792E+01 -0.3601361E+00
 0.2049995E+01 -0.3786081E+00
 0.2168201E+01 -0.3883803E+00
 0.2286382E+01 -0.4569271E+00
 0.5142493E+00  0.1693472E+01
 0.6322694E+00  0.1304663E+01
 0.7503480E+00  0.1034991E+01
 0.8684463E+00  0.8055867E+00
 0.9865584E+00  0.6043874E+00
 0.1104679E+01  0.4192905E+00
 0.1222804E+01  0.2444441E+00
 0.1340934E+01  0.8004141E-01
 0.1459071E+01 -0.6926393E-01
 0.1577220E+01 -0.1967303E+00
 0.1695382E+01 -0.2962158E+00
 0.1813559E+01 -0.3648399E+00
 0.1931750E+01 -0.4051737E+00
 0.2049951E+01 -0.4259360E+00
 0.2168156E+01 -0.4369114E+00
 0.2286329E+01 -0.5139577E+00
 0.5144440E+00  0.1881224E+01
 0.6324194E+00  0.1449419E+01
 0.7504670E+00  0.1149841E+01
 0.8685389E+00  0.8950032E+00
 0.9866279E+00  0.6714696E+00
 0.1104727E+01  0.4658086E+00
 0.1222832E+01  0.2715466E+00
 0.1340943E+01  0.8891375E-01
 0.1459063E+01 -0.7693692E-01
 0.1577197E+01 -0.2185479E+00
 0.1695348E+01 -0.3291073E+00
 0.1813517E+01 -0.4053908E+00
 0.1931704E+01 -0.4502186E+00
 0.2049902E+01 -0.4732647E+00
 0.2168106E+01 -0.4854367E+00
 0.2286270E+01 -0.5709586E+00
 0.5146592E+00  0.2068847E+01
 0.6325851E+00  0.1594110E+01
 0.7505985E+00  0.1264644E+01
 0.8686413E+00  0.9843902E+00
 0.9867047E+00  0.7385291E+00
 0.1104780E+01  0.5123048E+00
 0.1222863E+01  0.2986308E+00
 0.1340953E+01  0.9777944E-01
 0.1459055E+01 -0.8460267E-01
 0.1577172E+01 -0.2403524E+00
 0.1695310E+01 -0.3619922E+00
 0.1813471E+01 -0.4459459E+00
 0.1931652E+01 -0.4952717E+00
 0.2049848E+01 -0.5205941E+00
 0.2168050E+01 -0.5339553E+00
 0.2286205E+01 -0.6279268E+00
 0.5148948E+00  0.2256327E+01
 0.6327667E+00  0.1738728E+01
 0.7507425E+00  0.1379396E+01
 0.8687534E+00  0.1073745E+01
 0.9867888E+00  0.8055635E+00
 0.1104838E+01  0.5587767E+00
 0.1222897E+01  0.3256951E+00
 0.1340964E+01  0.1066378E+00
 0.1459045E+01 -0.9226048E-01
 0.1577145E+01 -0.2621425E+00
 0.1695269E+01 -0.3948696E+00
 0.1813420E+01 -0.4865056E+00
 0.1931596E+01 -0.5403337E+00
 0.2049788E+01 -0.5679244E+00
 0.2167990E+01 -0.5824666E+00
 0.2286133E+01 -0.6848592E+00
 0.5151508E+00  0.2443652E+01
 0.6329640E+00  0.1883268E+01
 0.7508990E+00  0.1494091E+01
 0.8688752E+00  0.1163064E+01
 0.9868802E+00  0.8725707E+00
 0.1104902E+01  0.6052222E+00
 0.1222934E+01  0.3527375E+00
 0.1340976E+01  0.1154883E+00
 0.1459035E+01 -0.9990964E-01
 0.1577115E+01 -0.2839171E+00
 0.1695224E+01 -0.4277389E+00
 0.1813365E+01 -0.5270702E+00
 0.1931534E+01 -0.5854055E+00
 0.2049724E+01 -0.6152557E+00
 0.2167924E+01 -0.6309699E+00
 0.2286056E+01 -0.7417528E+00
 0.5154271E+00  0.2630809E+01
 0.6331770E+00  0.2027723E+01
 0.7510680E+00  0.1608725E+01
 0.8690067E+00  0.1252345E+01
 0.9869789E+00  0.9395483E+00
 0.1104970E+01  0.6516392E+00
 0.1222974E+01  0.3797563E+00
 0.1340990E+01  0.1243302E+00
 0.1459023E+01 -0.1075495E+00
 0.1577083E+01 -0.3056747E+00
 0.1695176E+01 -0.4605993E+00
 0.1813305E+01 -0.5676402E+00
 0.1931468E+01 -0.6304879E+00
 0.2049654E+01 -0.6625882E+00
 0.2167852E+01 -0.6794644E+00
 0.2285972E+01 -0.7986048E+00
 0.5157239E+00  0.2817786E+01
 0.6334057E+00  0.2172086E+01
 0.7512495E+00  0.1723293E+01
 0.8691480E+00  0.1341585E+01
 0.9870849E+00  0.1006494E+01
 0.1105044E+01  0.6980254E+00
 0.1223016E+01  0.4067498E+00
 0.1341004E+01  0.1331629E+00
 0.1459011E+01 -0.1151792E+00
 0.1577048E+01 -0.3274142E+00
 0.1695124E+01 -0.4934503E+00
 0.1813241E+01 -0.6082160E+00
 0.1931397E+01 -0.6755818E+00
 0.2049580E+01 -0.7099218E+00
 0.2167775E+01 -0.7279493E+00
 0.2285882E+01 -0.8554123E+00
 0.5160410E+00  0.3004570E+01
 0.6336502E+00  0.2316349E+01
 0.7514434E+00  0.1837790E+01
 0.8692990E+00  0.1430781E+01
 0.9871982E+00  0.1073406E+01
 0.1105122E+01  0.7443787E+00
 0.1223062E+01  0.4337161E+00
 0.1341019E+01  0.1419858E+00
 0.1458998E+01 -0.1227983E+00
 0.1577012E+01 -0.3491342E+00
 0.1695068E+01 -0.5262910E+00
 0.1813173E+01 -0.6487979E+00
 0.1931321E+01 -0.7206879E+00
 0.2049500E+01 -0.7572567E+00
 0.2167694E+01 -0.7764239E+00
 0.2285785E+01 -0.9121728E+00
 0.5163785E+00  0.3191149E+01
 0.6339104E+00  0.2460508E+01
 0.7516498E+00  0.1952213E+01
 0.8694597E+00  0.1519929E+01
 0.9873188E+00  0.1140281E+01
 0.1105206E+01  0.7906969E+00
 0.1223111E+01  0.4606536E+00
 0.1341034E+01  0.1507982E+00
 0.1458984E+01 -0.1304059E+00
 0.1576972E+01 -0.3708336E+00
 0.1695009E+01 -0.5591208E+00
 0.1813100E+01 -0.6893864E+00
 0.1931240E+01 -0.7658072E+00
 0.2049415E+01 -0.8045931E+00
 0.2167606E+01 -0.8248873E+00
 0.2285683E+01 -0.9688834E+00
 0.5167363E+00  0.3377510E+01
 0.6341862E+00  0.2604554E+01
 0.7518687E+00  0.2066555E+01
 0.8696302E+00  0.1609028E+01
 0.9874466E+00  0.1207118E+01
 0.1105295E+01  0.8369778E+00
 0.1223163E+01  0.4875604E+00
 0.1341051E+01  0.1595996E+00
 0.1458970E+01 -0.1380015E+00
 0.1576931E+01 -0.3925109E+00
 0.1694946E+01 -0.5919389E+00
 0.1813022E+01 -0.7299818E+00
 0.1931154E+01 -0.8109404E+00
 0.2049324E+01 -0.8519311E+00
 0.2167514E+01 -0.8733388E+00
 0.2285574E+01 -0.1025542E+01
 0.5171143E+00  0.3563642E+01
 0.6344778E+00  0.2748481E+01
 0.7521001E+00  0.2180812E+01
 0.8698103E+00  0.1698073E+01
 0.9875818E+00  0.1273914E+01
 0.1105388E+01  0.8832192E+00
 0.1223217E+01  0.5144349E+00
 0.1341069E+01  0.1683892E+00
 0.1458954E+01 -0.1455843E+00
 0.1576887E+01 -0.4141650E+00
 0.1694880E+01 -0.6247447E+00
 0.1812941E+01 -0.7705846E+00
 0.1931063E+01 -0.8560884E+00
 0.2049229E+01 -0.8992708E+00
 0.2167416E+01 -0.9217774E+00
 0.2285459E+01 -0.1082145E+01
 0.5175126E+00  0.3749530E+01
 0.6347850E+00  0.2892282E+01
 0.7523439E+00  0.2294980E+01
 0.8700001E+00  0.1787063E+01
 0.9877242E+00  0.1340667E+01
 0.1105487E+01  0.9294191E+00
 0.1223275E+01  0.5412754E+00
 0.1341088E+01  0.1771667E+00
 0.1458938E+01 -0.1531537E+00
 0.1576841E+01 -0.4357947E+00
 0.1694810E+01 -0.6575374E+00
 0.1812855E+01 -0.8111951E+00
 0.1930968E+01 -0.9012522E+00
 0.2049128E+01 -0.9466123E+00
 0.2167313E+01 -0.9702023E+00
 0.2285338E+01 -0.1138692E+01
 0.5179312E+00  0.3935165E+01
 0.6351079E+00  0.3035951E+01
 0.7526001E+00  0.2409054E+01
 0.8701996E+00  0.1875993E+01
 0.9878739E+00  0.1407374E+01
 0.1105591E+01  0.9755752E+00
 0.1223335E+01  0.5680801E+00
 0.1341108E+01  0.1859313E+00
 0.1458921E+01 -0.1607091E+00
 0.1576792E+01 -0.4573986E+00
 0.1694737E+01 -0.6903163E+00
 0.1812764E+01 -0.8518137E+00
 0.1930867E+01 -0.9464325E+00
 0.2049023E+01 -0.9939558E+00
 0.2167205E+01 -0.1018613E+01
 0.2285211E+01 -0.1195179E+01
 0.5183700E+00  0.4120533E+01
 0.6354465E+00  0.3179479E+01
 0.7528687E+00  0.2523029E+01
 0.8704088E+00  0.1964862E+01
 0.9880308E+00  0.1474034E+01
 0.1105700E+01  0.1021685E+01
 0.1223398E+01  0.5948475E+00
 0.1341129E+01  0.1946824E+00
 0.1458903E+01 -0.1682497E+00
 0.1576741E+01 -0.4789756E+00
 0.1694660E+01 -0.7230806E+00
 0.1812669E+01 -0.8924407E+00
 0.1930761E+01 -0.9916302E+00
 0.2048912E+01 -0.1041302E+01
 0.2167091E+01 -0.1067007E+01
 0.2285078E+01 -0.1251605E+01
 0.5188289E+00  0.4305622E+01
 0.6358006E+00  0.3322862E+01
 0.7531497E+00  0.2636901E+01
 0.8706277E+00  0.2053666E+01
 0.9881950E+00  0.1540643E+01
 0.1105813E+01  0.1067748E+01
 0.1223465E+01  0.6215757E+00
 0.1341150E+01  0.2034196E+00
 0.1458884E+01 -0.1757750E+00
 0.1576688E+01 -0.5005244E+00
 0.1694579E+01 -0.7558296E+00
 0.1812570E+01 -0.9330766E+00
 0.1930651E+01 -0.1036846E+01
 0.2048796E+01 -0.1088650E+01
 0.2166972E+01 -0.1115386E+01
 0.2284939E+01 -0.1307967E+01
 0.5193080E+00  0.4490421E+01
 0.6361704E+00  0.3466090E+01
 0.7534432E+00  0.2750664E+01
 0.8708562E+00  0.2142402E+01
 0.9883665E+00  0.1607201E+01
 0.1105932E+01  0.1113760E+01
 0.1223534E+01  0.6482632E+00
 0.1341173E+01  0.2121421E+00
 0.1458865E+01 -0.1832843E+00
 0.1576632E+01 -0.5220438E+00
 0.1694495E+01 -0.7885625E+00
 0.1812466E+01 -0.9737216E+00
 0.1930535E+01 -0.1082081E+01
 0.2048675E+01 -0.1136000E+01
 0.2166848E+01 -0.1163747E+01
 0.2284793E+01 -0.1364263E+01
 0.5198072E+00  0.4674917E+01
 0.6365558E+00  0.3609158E+01
 0.7537490E+00  0.2864314E+01
 0.8710945E+00  0.2231068E+01
 0.9885451E+00  0.1673704E+01
 0.1106056E+01  0.1159719E+01
 0.1223606E+01  0.6749084E+00
 0.1341196E+01  0.2208496E+00
 0.1458844E+01 -0.1907769E+00
 0.1576574E+01 -0.5435327E+00
 0.1694408E+01 -0.8212786E+00
 0.1812357E+01 -0.1014376E+01
 0.1930415E+01 -0.1127337E+01
 0.2048548E+01 -0.1183353E+01
 0.2166719E+01 -0.1212089E+01
 0.2284641E+01 -0.1420492E+01
 0.5203265E+00  0.4859099E+01
 0.6369567E+00  0.3752059E+01
 0.7540672E+00  0.2977846E+01
 0.8713423E+00  0.2319660E+01
 0.9887311E+00  0.1740150E+01
 0.1106185E+01  0.1205624E+01
 0.1223681E+01  0.7015095E+00
 0.1341221E+01  0.2295414E+00
 0.1458823E+01 -0.1982524E+00
 0.1576513E+01 -0.5649897E+00
 0.1694316E+01 -0.8539771E+00
 0.1812245E+01 -0.1055041E+01
 0.1930290E+01 -0.1172613E+01
 0.2048417E+01 -0.1230709E+01
 0.2166584E+01 -0.1260412E+01
 0.2284484E+01 -0.1476652E+01
 0.5208658E+00  0.5042955E+01
 0.6373732E+00  0.3894784E+01
 0.7543978E+00  0.3091255E+01
 0.8715998E+00  0.2408175E+01
 0.9889243E+00  0.1806537E+01
 0.1106319E+01  0.1251473E+01
 0.1223759E+01  0.7280651E+00
 0.1341246E+01  0.2382170E+00
 0.1458801E+01 -0.2057101E+00
 0.1576451E+01 -0.5864137E+00
 0.1694222E+01 -0.8866573E+00
 0.1812128E+01 -0.1095716E+01
 0.1930160E+01 -0.1217911E+01
 0.2048280E+01 -0.1278068E+01
 0.2166444E+01 -0.1308715E+01
 0.2284320E+01 -0.1532741E+01
 0.5214252E+00  0.5226473E+01
 0.6378052E+00  0.4037328E+01
 0.7547407E+00  0.3204537E+01
 0.8718670E+00  0.2496611E+01
 0.9891247E+00  0.1872863E+01
 0.1106457E+01  0.1297263E+01
 0.1223840E+01  0.7545736E+00
 0.1341273E+01  0.2468759E+00
 0.1458778E+01 -0.2131493E+00
 0.1576386E+01 -0.6078036E+00
 0.1694123E+01 -0.9193183E+00
 0.1812006E+01 -0.1136401E+01
 0.1930025E+01 -0.1263232E+01
 0.2048138E+01 -0.1325430E+01
 0.2166299E+01 -0.1356996E+01
 0.2284150E+01 -0.1588757E+01
 0.5220045E+00  0.5409642E+01
 0.6382528E+00  0.4179684E+01
 0.7550959E+00  0.3317687E+01
 0.8721437E+00  0.2584964E+01
 0.9893323E+00  0.1939125E+01
 0.1106601E+01  0.1342992E+01
 0.1223923E+01  0.7810333E+00
 0.1341300E+01  0.2555176E+00
 0.1458755E+01 -0.2205696E+00
 0.1576318E+01 -0.6291582E+00
 0.1694021E+01 -0.9519594E+00
 0.1811880E+01 -0.1177097E+01
 0.1929884E+01 -0.1308577E+01
 0.2047991E+01 -0.1372796E+01
 0.2166148E+01 -0.1405254E+01
 0.2283974E+01 -0.1644699E+01
 0.5226037E+00  0.5592449E+01
 0.6387158E+00  0.4321843E+01
 0.7554635E+00  0.3430700E+01
 0.8724301E+00  0.2673232E+01
 0.9895471E+00  0.2005321E+01
 0.1106750E+01  0.1388658E+01
 0.1224010E+01  0.8074428E+00
 0.1341329E+01  0.2641415E+00
 0.1458730E+01 -0.2279703E+00
 0.1576249E+01 -0.6504762E+00
 0.1693916E+01 -0.9845797E+00
 0.1811750E+01 -0.1217805E+01
 0.1929739E+01 -0.1353946E+01
 0.2047839E+01 -0.1420166E+01
 0.2165993E+01 -0.1453489E+01
 0.2283791E+01 -0.1700565E+01
 0.5232229E+00  0.5774884E+01
 0.6391943E+00  0.4463799E+01
 0.7558434E+00  0.3543571E+01
 0.8727261E+00  0.2761411E+01
 0.9897692E+00  0.2071449E+01
 0.1106904E+01  0.1434259E+01
 0.1224099E+01  0.8338006E+00
 0.1341358E+01  0.2727472E+00
 0.1458705E+01 -0.2353509E+00
 0.1576177E+01 -0.6717566E+00
 0.1693807E+01 -0.1017179E+01
 0.1811615E+01 -0.1258524E+01
 0.1929589E+01 -0.1399341E+01
 0.2047682E+01 -0.1467539E+01
 0.2165832E+01 -0.1501699E+01
 0.2283603E+01 -0.1756354E+01
 0.5238619E+00  0.5956935E+01
 0.6396883E+00  0.4605544E+01
 0.7562355E+00  0.3656295E+01
 0.8730318E+00  0.2849499E+01
 0.9899984E+00  0.2137507E+01
 0.1107063E+01  0.1479793E+01
 0.1224191E+01  0.8601050E+00
 0.1341388E+01  0.2813342E+00
 0.1458679E+01 -0.2427108E+00
 0.1576102E+01 -0.6929982E+00
 0.1693694E+01 -0.1049755E+01
 0.1811475E+01 -0.1299255E+01
 0.1929435E+01 -0.1444763E+01
 0.2047520E+01 -0.1514916E+01
 0.2165666E+01 -0.1549884E+01
 0.2283409E+01 -0.1812065E+01
 0.5245207E+00  0.6138591E+01
 0.6401977E+00  0.4747072E+01
 0.7566399E+00  0.3768869E+01
 0.8733469E+00  0.2937493E+01
 0.9902349E+00  0.2203493E+01
 0.1107226E+01  0.1525258E+01
 0.1224286E+01  0.8863548E+00
 0.1341419E+01  0.2899021E+00
 0.1458652E+01 -0.2500494E+00
 0.1576026E+01 -0.7141999E+00
 0.1693578E+01 -0.1082308E+01
 0.1811332E+01 -0.1339998E+01
 0.1929275E+01 -0.1490212E+01
 0.2047352E+01 -0.1562298E+01
 0.2165494E+01 -0.1598041E+01
 0.2283208E+01 -0.1867695E+01
 0.5251992E+00  0.6319839E+01
 0.6407225E+00  0.4888375E+01
 0.7570566E+00  0.3881286E+01
 0.8736717E+00  0.3025390E+01
 0.9904785E+00  0.2269403E+01
 0.1107395E+01  0.1570652E+01
 0.1224384E+01  0.9125483E+00
 0.1341451E+01  0.2984503E+00
 0.1458625E+01 -0.2573664E+00
 0.1575947E+01 -0.7353606E+00
 0.1693458E+01 -0.1114837E+01
 0.1811183E+01 -0.1380753E+01
 0.1929110E+01 -0.1535690E+01
 0.2047179E+01 -0.1609684E+01
 0.2165317E+01 -0.1646170E+01
 0.2283002E+01 -0.1923245E+01
 0.5258975E+00  0.6500669E+01
 0.6412627E+00  0.5029446E+01
 0.7574855E+00  0.3993542E+01
 0.8740061E+00  0.3113186E+01
 0.9907293E+00  0.2335236E+01
 0.1107568E+01  0.1615973E+01
 0.1224485E+01  0.9386843E+00
 0.1341484E+01  0.3069785E+00
 0.1458596E+01 -0.2646611E+00
 0.1575865E+01 -0.7564792E+00
 0.1693335E+01 -0.1147342E+01
 0.1811031E+01 -0.1421522E+01
 0.1928940E+01 -0.1581198E+01
 0.2047001E+01 -0.1657075E+01
 0.2165135E+01 -0.1694269E+01
 0.2282789E+01 -0.1978713E+01
 0.5266155E+00  0.6681070E+01
 0.6418183E+00  0.5170277E+01
 0.7579266E+00  0.4105632E+01
 0.8743500E+00  0.3200879E+01
 0.9909873E+00  0.2400990E+01
 0.1107747E+01  0.1661218E+01
 0.1224589E+01  0.9647612E+00
 0.1341518E+01  0.3154861E+00
 0.1458567E+01 -0.2719330E+00
 0.1575782E+01 -0.7775546E+00
 0.1693208E+01 -0.1179820E+01
 0.1810874E+01 -0.1462303E+01
 0.1928765E+01 -0.1626736E+01
 0.2046818E+01 -0.1704472E+01
 0.2164948E+01 -0.1742338E+01
 0.2282571E+01 -0.2034097E+01
 0.5273531E+00  0.6861028E+01
 0.6423891E+00  0.5310861E+01
 0.7583800E+00  0.4217552E+01
 0.8747034E+00  0.3288467E+01
 0.9912524E+00  0.2466662E+01
 0.1107930E+01  0.1706386E+01
 0.1224695E+01  0.9907778E+00
 0.1341553E+01  0.3239729E+00
 0.1458537E+01 -0.2791816E+00
 0.1575696E+01 -0.7985857E+00
 0.1693078E+01 -0.1212272E+01
 0.1810712E+01 -0.1503098E+01
 0.1928586E+01 -0.1672305E+01
 0.2046630E+01 -0.1751873E+01
 0.2164756E+01 -0.1790376E+01
 0.2282346E+01 -0.2089397E+01
 0.5281102E+00  0.7040535E+01
 0.6429753E+00  0.5451191E+01
 0.7588455E+00  0.4329296E+01
 0.8750664E+00  0.3375945E+01
 0.9915246E+00  0.2532250E+01
 0.1108119E+01  0.1751474E+01
 0.1224805E+01  0.1016733E+01
 0.1341589E+01  0.3324384E+00
 0.1458506E+01 -0.2864065E+00
 0.1575608E+01 -0.8195714E+00
 0.1692944E+01 -0.1244697E+01
 0.1810546E+01 -0.1543906E+01
 0.1928401E+01 -0.1717907E+01
 0.2046437E+01 -0.1799281E+01
 0.2164558E+01 -0.1838380E+01
 0.2282116E+01 -0.2144611E+01
 0.5288869E+00  0.7219577E+01
 0.6435767E+00  0.5591259E+01
 0.7593232E+00  0.4440860E+01
 0.8754389E+00  0.3463311E+01
 0.9918041E+00  0.2597752E+01
 0.1108312E+01  0.1796481E+01
 0.1224917E+01  0.1042624E+01
 0.1341625E+01  0.3408821E+00
 0.1458474E+01 -0.2936072E+00
 0.1575517E+01 -0.8405107E+00
 0.1692807E+01 -0.1277093E+01
 0.1810376E+01 -0.1584727E+01
 0.1928211E+01 -0.1763543E+01
 0.2046238E+01 -0.1846694E+01
 0.2164355E+01 -0.1886350E+01
 0.2281879E+01 -0.2199738E+01
 0.5296831E+00  0.7398145E+01
 0.6441934E+00  0.5731058E+01
 0.7598130E+00  0.4552239E+01
 0.8758209E+00  0.3550562E+01
 0.9920906E+00  0.2663165E+01
 0.1108510E+01  0.1841405E+01
 0.1225032E+01  0.1068452E+01
 0.1341663E+01  0.3493037E+00
 0.1458442E+01 -0.3007833E+00
 0.1575425E+01 -0.8614027E+00
 0.1692666E+01 -0.1309460E+01
 0.1810201E+01 -0.1625563E+01
 0.1928017E+01 -0.1809214E+01
 0.2046034E+01 -0.1894113E+01
 0.2164147E+01 -0.1934284E+01
 0.2281636E+01 -0.2254778E+01
 0.5304987E+00  0.7576225E+01
 0.6448253E+00  0.5870580E+01
 0.7603149E+00  0.4663427E+01
 0.8762125E+00  0.3637695E+01
 0.9923843E+00  0.2728488E+01
 0.1108713E+01  0.1886243E+01
 0.1225150E+01  0.1094213E+01
 0.1341701E+01  0.3577029E+00
 0.1458409E+01 -0.3079342E+00
 0.1575330E+01 -0.8822462E+00
 0.1692522E+01 -0.1341796E+01
 0.1810022E+01 -0.1666413E+01
 0.1927817E+01 -0.1854921E+01
 0.2045825E+01 -0.1941539E+01
 0.2163934E+01 -0.1982182E+01
 0.2281388E+01 -0.2309729E+01
 0.5313337E+00  0.7753807E+01
 0.6454724E+00  0.6009819E+01
 0.7608290E+00  0.4774421E+01
 0.8766135E+00  0.3724708E+01
 0.9926850E+00  0.2793717E+01
 0.1108921E+01  0.1930994E+01
 0.1225270E+01  0.1119908E+01
 0.1341741E+01  0.3660794E+00
 0.1458375E+01 -0.3150596E+00
 0.1575233E+01 -0.9030402E+00
 0.1692374E+01 -0.1374102E+01
 0.1809838E+01 -0.1707277E+01
 0.1927613E+01 -0.1900664E+01
 0.2045611E+01 -0.1988972E+01
 0.2163715E+01 -0.2030042E+01
 0.2281133E+01 -0.2364590E+01
 0.5321880E+00  0.7930880E+01
 0.6461346E+00  0.6148766E+01
 0.7613551E+00  0.4885215E+01
 0.8770239E+00  0.3811597E+01
 0.9929929E+00  0.2858851E+01
 0.1109134E+01  0.1975656E+01
 0.1225394E+01  0.1145535E+01
 0.1341781E+01  0.3744326E+00
 0.1458340E+01 -0.3221591E+00
 0.1575133E+01 -0.9237838E+00
 0.1692222E+01 -0.1406375E+01
 0.1809650E+01 -0.1748156E+01
 0.1927403E+01 -0.1946446E+01
 0.2045392E+01 -0.2036412E+01
 0.2163492E+01 -0.2077863E+01
 0.2280873E+01 -0.2419360E+01
 0.5330615E+00  0.8107432E+01
 0.6468120E+00  0.6287414E+01
 0.7618933E+00  0.4995804E+01
 0.8774439E+00  0.3898359E+01
 0.9933079E+00  0.2923888E+01
 0.1109351E+01  0.2020226E+01
 0.1225520E+01  0.1171093E+01
 0.1341822E+01  0.3827624E+00
 0.1458305E+01 -0.3292322E+00
 0.1575031E+01 -0.9444760E+00
 0.1692067E+01 -0.1438616E+01
 0.1809457E+01 -0.1789049E+01
 0.1927189E+01 -0.1992267E+01
 0.2045168E+01 -0.2083859E+01
 0.2163263E+01 -0.2125643E+01
 0.2280606E+01 -0.2474039E+01
 0.5339543E+00  0.8283452E+01
 0.6475044E+00  0.6425756E+01
 0.7624435E+00  0.5106183E+01
 0.8778733E+00  0.3984992E+01
 0.9936299E+00  0.2988824E+01
 0.1109574E+01  0.2064703E+01
 0.1225649E+01  0.1196580E+01
 0.1341865E+01  0.3910684E+00
 0.1458269E+01 -0.3362785E+00
 0.1574927E+01 -0.9651159E+00
 0.1691909E+01 -0.1470823E+01
 0.1809260E+01 -0.1829958E+01
 0.1926969E+01 -0.2038129E+01
 0.2044938E+01 -0.2131313E+01
 0.2163029E+01 -0.2173381E+01
 0.2280334E+01 -0.2528624E+01
 0.5348662E+00  0.8458928E+01
 0.6482119E+00  0.6563783E+01
 0.7630057E+00  0.5216347E+01
 0.8783121E+00  0.4071492E+01
 0.9939590E+00  0.3053659E+01
 0.1109801E+01  0.2109086E+01
 0.1225781E+01  0.1221995E+01
 0.1341908E+01  0.3993504E+00
 0.1458232E+01 -0.3432978E+00
 0.1574821E+01 -0.9857024E+00
 0.1691747E+01 -0.1502995E+01
 0.1809058E+01 -0.1870881E+01
 0.1926745E+01 -0.2084032E+01
 0.2044703E+01 -0.2178776E+01
 0.2162789E+01 -0.2221077E+01
 0.2280055E+01 -0.2583116E+01
 0.5357972E+00  0.8633849E+01
 0.6489345E+00  0.6701490E+01
 0.7635800E+00  0.5326291E+01
 0.8787603E+00  0.4157856E+01
 0.9942952E+00  0.3118389E+01
 0.1110033E+01  0.2153371E+01
 0.1225915E+01  0.1247338E+01
 0.1341952E+01  0.4076080E+00
 0.1458194E+01 -0.3502895E+00
 0.1574713E+01 -0.1006235E+01
 0.1691581E+01 -0.1535131E+01
 0.1808852E+01 -0.1911819E+01
 0.1926515E+01 -0.2129978E+01
 0.2044463E+01 -0.2226247E+01
 0.2162545E+01 -0.2268728E+01
 0.2279771E+01 -0.2637512E+01
 0.5367472E+00  0.8808203E+01
 0.6496719E+00  0.6838868E+01
 0.7641662E+00  0.5436011E+01
 0.8792179E+00  0.4244082E+01
 0.9946384E+00  0.3183012E+01
 0.1110270E+01  0.2197557E+01
 0.1226052E+01  0.1272607E+01
 0.1341996E+01  0.4158410E+00
 0.1458155E+01 -0.3572535E+00
 0.1574602E+01 -0.1026712E+01
 0.1691412E+01 -0.1567230E+01
 0.1808642E+01 -0.1952773E+01
 0.1926281E+01 -0.2175968E+01
 0.2044218E+01 -0.2273727E+01
 0.2162295E+01 -0.2316334E+01
 0.2279480E+01 -0.2691813E+01
 0.5377161E+00  0.8981978E+01
 0.6504244E+00  0.6975910E+01
 0.7647643E+00  0.5545501E+01
 0.8796849E+00  0.4330167E+01
 0.9949887E+00  0.3247526E+01
 0.1110512E+01  0.2241642E+01
 0.1226192E+01  0.1297801E+01
 0.1342042E+01  0.4240490E+00
 0.1458116E+01 -0.3641893E+00
 0.1574489E+01 -0.1047133E+01
 0.1691240E+01 -0.1599291E+01
 0.1808427E+01 -0.1993742E+01
 0.1926041E+01 -0.2222003E+01
 0.2043968E+01 -0.2321216E+01
 0.2162040E+01 -0.2363893E+01
 0.2279184E+01 -0.2746016E+01
 0.5387040E+00  0.9155164E+01
 0.6511917E+00  0.7112607E+01
 0.7653743E+00  0.5654756E+01
 0.8801613E+00  0.4416108E+01
 0.9953459E+00  0.3311929E+01
 0.1110759E+01  0.2285625E+01
 0.1226335E+01  0.1322919E+01
 0.1342089E+01  0.4322320E+00
 0.1458076E+01 -0.3710965E+00
 0.1574374E+01 -0.1067498E+01
 0.1691064E+01 -0.1631314E+01
 0.1808207E+01 -0.2034726E+01
 0.1925796E+01 -0.2268086E+01
 0.2043713E+01 -0.2368714E+01
 0.2161780E+01 -0.2411404E+01
 0.2278882E+01 -0.2800121E+01
 0.5397107E+00  0.9327749E+01
 0.6519740E+00  0.7248954E+01
 0.7659962E+00  0.5763772E+01
 0.8806470E+00  0.4501901E+01
 0.9957102E+00  0.3376218E+01
 0.1111010E+01  0.2329503E+01
 0.1226481E+01  0.1347961E+01
 0.1342136E+01  0.4403896E+00
 0.1458035E+01 -0.3779750E+00
 0.1574256E+01 -0.1087804E+01
 0.1690885E+01 -0.1663296E+01
 0.1807984E+01 -0.2075726E+01
 0.1925547E+01 -0.2314216E+01
 0.2043452E+01 -0.2416221E+01
 0.2161515E+01 -0.2458865E+01
 0.2278574E+01 -0.2854127E+01
 0.5407362E+00  0.9499720E+01
 0.6527710E+00  0.7384942E+01
 0.7666300E+00  0.5872542E+01
 0.8811421E+00  0.4587545E+01
 0.9960815E+00  0.3440392E+01
 0.1111266E+01  0.2373275E+01
 0.1226629E+01  0.1372925E+01
 0.1342185E+01  0.4485217E+00
 0.1457994E+01 -0.3848245E+00
 0.1574137E+01 -0.1108052E+01
 0.1690702E+01 -0.1695238E+01
 0.1807755E+01 -0.2116741E+01
 0.1925292E+01 -0.2360395E+01
 0.2043186E+01 -0.2463739E+01
 0.2161244E+01 -0.2506276E+01
 0.2278260E+01 -0.2908033E+01
 0.5417803E+00  0.9671066E+01
 0.6535829E+00  0.7520564E+01
 0.7672757E+00  0.5981063E+01
 0.8816465E+00  0.4673035E+01
 0.9964598E+00  0.3504447E+01
 0.1111527E+01  0.2416939E+01
 0.1226780E+01  0.1397810E+01
 0.1342234E+01  0.4566280E+00
 0.1457951E+01 -0.3916445E+00
 0.1574015E+01 -0.1128241E+01
 0.1690515E+01 -0.1727138E+01
 0.1807522E+01 -0.2157771E+01
 0.1925033E+01 -0.2406626E+01
 0.2042915E+01 -0.2511267E+01
 0.2160969E+01 -0.2553635E+01
 0.2277941E+01 -0.2961838E+01
 0.5428431E+00  0.9841777E+01
 0.6544095E+00  0.7655813E+01
 0.7679331E+00  0.6089328E+01
 0.8821602E+00  0.4758370E+01
 0.9968450E+00  0.3568382E+01
 0.1111793E+01  0.2460493E+01
 0.1226933E+01  0.1422616E+01
 0.1342284E+01  0.4647083E+00
 0.1457908E+01 -0.3984350E+00
 0.1573891E+01 -0.1148370E+01
 0.1690325E+01 -0.1758995E+01
 0.1807285E+01 -0.2198817E+01
 0.1924768E+01 -0.2452908E+01
 0.2042639E+01 -0.2558805E+01
 0.2160688E+01 -0.2600941E+01
 0.2277615E+01 -0.3015541E+01
 0.5439245E+00  0.1001184E+02
 0.6552508E+00  0.7790680E+01
 0.7686023E+00  0.6197334E+01
 0.8826832E+00  0.4843546E+01
 0.9972372E+00  0.3632194E+01
 0.1112063E+01  0.2503936E+01
 0.1227090E+01  0.1447341E+01
 0.1342335E+01  0.4727625E+00
 0.1457864E+01 -0.4051955E+00
 0.1573765E+01 -0.1168438E+01
 0.1690132E+01 -0.1790808E+01
 0.1807043E+01 -0.2239878E+01
 0.1924498E+01 -0.2499244E+01
 0.2042358E+01 -0.2606354E+01
 0.2160402E+01 -0.2648193E+01
 0.2277284E+01 -0.3069141E+01
 0.5450243E+00  0.1018124E+02
 0.6561068E+00  0.7925159E+01
 0.7692833E+00  0.6305074E+01
 0.8832154E+00  0.4928560E+01
 0.9976363E+00  0.3695881E+01
 0.1112338E+01  0.2547265E+01
 0.1227249E+01  0.1471986E+01
 0.1342387E+01  0.4807904E+00
 0.1457820E+01 -0.4119260E+00
 0.1573636E+01 -0.1188444E+01
 0.1689935E+01 -0.1822576E+01
 0.1806797E+01 -0.2280954E+01
 0.1924223E+01 -0.2545635E+01
 0.2042071E+01 -0.2653915E+01
 0.2160111E+01 -0.2695388E+01
 0.2276946E+01 -0.3122637E+01
 0.5461426E+00  0.1034997E+02
 0.6569774E+00  0.8059243E+01
 0.7699759E+00  0.6412543E+01
 0.8837569E+00  0.5013410E+01
 0.9980424E+00  0.3759441E+01
 0.1112618E+01  0.2590479E+01
 0.1227410E+01  0.1496548E+01
 0.1342440E+01  0.4887919E+00
 0.1457775E+01 -0.4186261E+00
 0.1573506E+01 -0.1208387E+01
 0.1689735E+01 -0.1854297E+01
 0.1806546E+01 -0.2322046E+01
 0.1923944E+01 -0.2592083E+01
 0.2041779E+01 -0.2701487E+01
 0.2159815E+01 -0.2742527E+01
 0.2276603E+01 -0.3176029E+01
 0.5472792E+00  0.1051802E+02
 0.6578626E+00  0.8192923E+01
 0.7706803E+00  0.6519737E+01
 0.8843076E+00  0.5098092E+01
 0.9984554E+00  0.3822871E+01
 0.1112903E+01  0.2633576E+01
 0.1227575E+01  0.1521028E+01
 0.1342494E+01  0.4967668E+00
 0.1457729E+01 -0.4252957E+00
 0.1573373E+01 -0.1228268E+01
 0.1689531E+01 -0.1885972E+01
 0.1806291E+01 -0.2363152E+01
 0.1923659E+01 -0.2638588E+01
 0.2041483E+01 -0.2749072E+01
 0.2159513E+01 -0.2789607E+01
 0.2276255E+01 -0.3229316E+01
 0.5484341E+00  0.1068538E+02
 0.6587623E+00  0.8326193E+01
 0.7713964E+00  0.6626650E+01
 0.8848676E+00  0.5182604E+01
 0.9988752E+00  0.3886169E+01
 0.1113192E+01  0.2676555E+01
 0.1227742E+01  0.1545424E+01
 0.1342548E+01  0.5047151E+00
 0.1457682E+01 -0.4319346E+00
 0.1573238E+01 -0.1248085E+01
 0.1689324E+01 -0.1917598E+01
 0.1806032E+01 -0.2404273E+01
 0.1923369E+01 -0.2685154E+01
 0.2041181E+01 -0.2796669E+01
 0.2159207E+01 -0.2836626E+01
 0.2275900E+01 -0.3282498E+01
 0.5496072E+00  0.1085202E+02
 0.6596766E+00  0.8459045E+01
 0.7721240E+00  0.6733277E+01
 0.8854368E+00  0.5266943E+01
 0.9993020E+00  0.3949333E+01
 0.1113486E+01  0.2719414E+01
 0.1227911E+01  0.1569737E+01
 0.1342604E+01  0.5126366E+00
 0.1457635E+01 -0.4385425E+00
 0.1573101E+01 -0.1267837E+01
 0.1689113E+01 -0.1949175E+01
 0.1805767E+01 -0.2445409E+01
 0.1923074E+01 -0.2731780E+01
 0.2040873E+01 -0.2844278E+01
 0.2158895E+01 -0.2883585E+01
 0.2275539E+01 -0.3335574E+01
 0.5507983E+00  0.1101795E+02
 0.6606052E+00  0.8591472E+01
 0.7728633E+00  0.6839613E+01
 0.8860151E+00  0.5351106E+01
 0.9997357E+00  0.4012360E+01
 0.1113784E+01  0.2762151E+01
 0.1228084E+01  0.1593964E+01
 0.1342660E+01  0.5205312E+00
 0.1457587E+01 -0.4451194E+00
 0.1572962E+01 -0.1287524E+01
 0.1688899E+01 -0.1980701E+01
 0.1805499E+01 -0.2486559E+01
 0.1922774E+01 -0.2778470E+01
 0.2040561E+01 -0.2891901E+01
 0.2158579E+01 -0.2930480E+01
 0.2275173E+01 -0.3388545E+01
 0.5520076E+00  0.1118316E+02
 0.6615483E+00  0.8723467E+01
 0.7736141E+00  0.6945652E+01
 0.8866026E+00  0.5435091E+01
 0.1000176E+01  0.4075249E+01
 0.1114088E+01  0.2804764E+01
 0.1228259E+01  0.1618106E+01
 0.1342717E+01  0.5283988E+00
 0.1457538E+01 -0.4516651E+00
 0.1572821E+01 -0.1307146E+01
 0.1688682E+01 -0.2012175E+01
 0.1805226E+01 -0.2527723E+01
 0.1922468E+01 -0.2825223E+01
 0.2040243E+01 -0.2939538E+01
 0.2158257E+01 -0.2977310E+01
 0.2274801E+01 -0.3441410E+01
 0.5532347E+00  0.1134762E+02
 0.6625058E+00  0.8855021E+01
 0.7743765E+00  0.7051390E+01
 0.8871992E+00  0.5518893E+01
 0.1000624E+01  0.4137996E+01
 0.1114395E+01  0.2847253E+01
 0.1228436E+01  0.1642163E+01
 0.1342775E+01  0.5362394E+00
 0.1457488E+01 -0.4581794E+00
 0.1572677E+01 -0.1326701E+01
 0.1688461E+01 -0.2043597E+01
 0.1804948E+01 -0.2568902E+01
 0.1922158E+01 -0.2872044E+01
 0.2039920E+01 -0.2987189E+01
 0.2157930E+01 -0.3024075E+01
 0.2274423E+01 -0.3494171E+01
 0.5544798E+00  0.1151133E+02
 0.6634775E+00  0.8986129E+01
 0.7751504E+00  0.7156820E+01
 0.8878049E+00  0.5602511E+01
 0.1001078E+01  0.4200599E+01
 0.1114708E+01  0.2889615E+01
 0.1228616E+01  0.1666133E+01
 0.1342834E+01  0.5440530E+00
 0.1457438E+01 -0.4646622E+00
 0.1572532E+01 -0.1346190E+01
 0.1688237E+01 -0.2074965E+01
 0.1804666E+01 -0.2610093E+01
 0.1921843E+01 -0.2918932E+01
 0.2039592E+01 -0.3034854E+01
 0.2157598E+01 -0.3070771E+01
 0.2274040E+01 -0.3546827E+01
 0.5557426E+00  0.1167428E+02
 0.6644635E+00  0.9116783E+01
 0.7759357E+00  0.7261939E+01
 0.8884198E+00  0.5685942E+01
 0.1001539E+01  0.4263056E+01
 0.1115025E+01  0.2931849E+01
 0.1228799E+01  0.1690016E+01
 0.1342894E+01  0.5518394E+00
 0.1457387E+01 -0.4711134E+00
 0.1572384E+01 -0.1365611E+01
 0.1688009E+01 -0.2106278E+01
 0.1804379E+01 -0.2651298E+01
 0.1921522E+01 -0.2965890E+01
 0.2039259E+01 -0.3082534E+01
 0.2157261E+01 -0.3117397E+01
 0.2273651E+01 -0.3599381E+01
 0.5570232E+00  0.1183645E+02
 0.6654637E+00  0.9246975E+01
 0.7767325E+00  0.7366739E+01
 0.8890437E+00  0.5769182E+01
 0.1002006E+01  0.4325366E+01
 0.1115347E+01  0.2973954E+01
 0.1228985E+01  0.1713812E+01
 0.1342954E+01  0.5595987E+00
 0.1457335E+01 -0.4775329E+00
 0.1572234E+01 -0.1384964E+01
 0.1687778E+01 -0.2137534E+01
 0.1804088E+01 -0.2692516E+01
 0.1921197E+01 -0.3012920E+01
 0.2038921E+01 -0.3130230E+01
 0.2156919E+01 -0.3163952E+01
 0.2273256E+01 -0.3651834E+01
 0.5583213E+00  0.1199784E+02
 0.6664781E+00  0.9376698E+01
 0.7775406E+00  0.7471217E+01
 0.8896767E+00  0.5852230E+01
 0.1002481E+01  0.4387524E+01
 0.1115673E+01  0.3015927E+01
 0.1229173E+01  0.1737520E+01
 0.1343015E+01  0.5673308E+00
 0.1457283E+01 -0.4839207E+00
 0.1572082E+01 -0.1404248E+01
 0.1687543E+01 -0.2168733E+01
 0.1803793E+01 -0.2733746E+01
 0.1920866E+01 -0.3060023E+01
 0.2038577E+01 -0.3177942E+01
 0.2156572E+01 -0.3210432E+01
 0.2272855E+01 -0.3704188E+01
 0.5596370E+00  0.1215844E+02
 0.6675066E+00  0.9505945E+01
 0.7783602E+00  0.7575367E+01
 0.8903187E+00  0.5935081E+01
 0.1002962E+01  0.4449530E+01
 0.1116004E+01  0.3057768E+01
 0.1229363E+01  0.1761140E+01
 0.1343078E+01  0.5750357E+00
 0.1457230E+01 -0.4902766E+00
 0.1571928E+01 -0.1423464E+01
 0.1687305E+01 -0.2199874E+01
 0.1803493E+01 -0.2774988E+01
 0.1920530E+01 -0.3107201E+01
 0.2038229E+01 -0.3225671E+01
 0.2156220E+01 -0.3256837E+01
 0.2272449E+01 -0.3756446E+01
 0.5609702E+00  0.1231823E+02
 0.6685491E+00  0.9634710E+01
 0.7791910E+00  0.7679184E+01
 0.8909697E+00  0.6017735E+01
 0.1003450E+01  0.4511380E+01
 0.1116339E+01  0.3099476E+01
 0.1229556E+01  0.1784671E+01
 0.1343141E+01  0.5827135E+00
 0.1457176E+01 -0.4966006E+00
 0.1571772E+01 -0.1442610E+01
 0.1687064E+01 -0.2230955E+01
 0.1803188E+01 -0.2816241E+01
 0.1920189E+01 -0.3154457E+01
 0.2037875E+01 -0.3273417E+01
 0.2155862E+01 -0.3303162E+01
 0.2272037E+01 -0.3808610E+01
 0.5623207E+00  0.1247721E+02
 0.6696056E+00  0.9762983E+01
 0.7800332E+00  0.7782661E+01
 0.8916297E+00  0.6100186E+01
 0.1003945E+01  0.4573073E+01
 0.1116679E+01  0.3141048E+01
 0.1229752E+01  0.1808113E+01
 0.1343205E+01  0.5903641E+00
 0.1457122E+01 -0.5028927E+00
 0.1571614E+01 -0.1461687E+01
 0.1686819E+01 -0.2261975E+01
 0.1802879E+01 -0.2857505E+01
 0.1919843E+01 -0.3201793E+01
 0.2037515E+01 -0.3321181E+01
 0.2155500E+01 -0.3349407E+01
 0.2271619E+01 -0.3860685E+01
 0.5636885E+00  0.1263536E+02
 0.6706761E+00  0.9890759E+01
 0.7808866E+00  0.7885795E+01
 0.8922987E+00  0.6182434E+01
 0.1004447E+01  0.4634606E+01
 0.1117023E+01  0.3182483E+01
 0.1229950E+01  0.1831467E+01
 0.1343269E+01  0.5979876E+00
 0.1457066E+01 -0.5091528E+00
 0.1571454E+01 -0.1480693E+01
 0.1686571E+01 -0.2292933E+01
 0.1802566E+01 -0.2898779E+01
 0.1919491E+01 -0.3249210E+01
 0.2037151E+01 -0.3368964E+01
 0.2155133E+01 -0.3395567E+01
 0.2271196E+01 -0.3912676E+01
 0.5650735E+00  0.1279267E+02
 0.6717604E+00  0.1001803E+02
 0.7817512E+00  0.7988580E+01
 0.8929767E+00  0.6264475E+01
 0.1004955E+01  0.4695976E+01
 0.1117372E+01  0.3223781E+01
 0.1230151E+01  0.1854731E+01
 0.1343335E+01  0.6055840E+00
 0.1457011E+01 -0.5153809E+00
 0.1571291E+01 -0.1499628E+01
 0.1686320E+01 -0.2323828E+01
 0.1802248E+01 -0.2940063E+01
 0.1919135E+01 -0.3296710E+01
 0.2036781E+01 -0.3416766E+01
 0.2154760E+01 -0.3441641E+01
 0.2270767E+01 -0.3964586E+01
 0.5664756E+00  0.1294915E+02
 0.6728586E+00  0.1014479E+02
 0.7826270E+00  0.8091010E+01
 0.8936635E+00  0.6346306E+01
 0.1005470E+01  0.4757181E+01
 0.1117726E+01  0.3264939E+01
 0.1230354E+01  0.1877905E+01
 0.1343401E+01  0.6131534E+00
 0.1456954E+01 -0.5215771E+00
 0.1571127E+01 -0.1518493E+01
 0.1686065E+01 -0.2354658E+01
 0.1801925E+01 -0.2981355E+01
 0.1918773E+01 -0.3344296E+01
 0.2036407E+01 -0.3464589E+01
 0.2154383E+01 -0.3487624E+01
 0.2270332E+01 -0.4016423E+01
 0.5678946E+00  0.1310477E+02
 0.6739706E+00  0.1027103E+02
 0.7835139E+00  0.8193080E+01
 0.8943593E+00  0.6427925E+01
 0.1005991E+01  0.4818220E+01
 0.1118084E+01  0.3305957E+01
 0.1230560E+01  0.1900990E+01
 0.1343469E+01  0.6206958E+00
 0.1456897E+01 -0.5277412E+00
 0.1570960E+01 -0.1537286E+01
 0.1685807E+01 -0.2385423E+01
 0.1801598E+01 -0.3022656E+01
 0.1918406E+01 -0.3391969E+01
 0.2036027E+01 -0.3512433E+01
 0.2154000E+01 -0.3533513E+01
 0.2269892E+01 -0.4068193E+01
 0.5693306E+00  0.1325953E+02
 0.6750963E+00  0.1039674E+02
 0.7844120E+00  0.8294786E+01
 0.8950639E+00  0.6509328E+01
 0.1006519E+01  0.4879089E+01
 0.1118446E+01  0.3346834E+01
 0.1230768E+01  0.1923984E+01
 0.1343537E+01  0.6282113E+00
 0.1456839E+01 -0.5338734E+00
 0.1570792E+01 -0.1556008E+01
 0.1685545E+01 -0.2416121E+01
 0.1801267E+01 -0.3063964E+01
 0.1918034E+01 -0.3439733E+01
 0.2035641E+01 -0.3560299E+01
 0.2153613E+01 -0.3579305E+01
 0.2269446E+01 -0.4119904E+01
 0.5707834E+00  0.1341342E+02
 0.6762357E+00  0.1052192E+02
 0.7853211E+00  0.8396121E+01
 0.8957774E+00  0.6590514E+01
 0.1007054E+01  0.4939785E+01
 0.1118813E+01  0.3387567E+01
 0.1230979E+01  0.1946889E+01
 0.1343605E+01  0.6357000E+00
 0.1456781E+01 -0.5399737E+00
 0.1570621E+01 -0.1574657E+01
 0.1685280E+01 -0.2446751E+01
 0.1800931E+01 -0.3105279E+01
 0.1917657E+01 -0.3487589E+01
 0.2035251E+01 -0.3608189E+01
 0.2153221E+01 -0.3624995E+01
 0.2268994E+01 -0.4171565E+01
 0.5722529E+00  0.1356644E+02
 0.6773886E+00  0.1064656E+02
 0.7862412E+00  0.8497080E+01
 0.8964998E+00  0.6671479E+01
 0.1007596E+01  0.5000308E+01
 0.1119184E+01  0.3428157E+01
 0.1231193E+01  0.1969703E+01
 0.1343675E+01  0.6431620E+00
 0.1456722E+01 -0.5460421E+00
 0.1570449E+01 -0.1593235E+01
 0.1685012E+01 -0.2477311E+01
 0.1800590E+01 -0.3146599E+01
 0.1917274E+01 -0.3535539E+01
 0.2034855E+01 -0.3656103E+01
 0.2152823E+01 -0.3670578E+01
 0.2268537E+01 -0.4223185E+01
 0.5737390E+00  0.1371857E+02
 0.6785552E+00  0.1077065E+02
 0.7871723E+00  0.8597659E+01
 0.8972309E+00  0.6752220E+01
 0.1008144E+01  0.5060654E+01
 0.1119560E+01  0.3468601E+01
 0.1231408E+01  0.1992427E+01
 0.1343745E+01  0.6505973E+00
 0.1456662E+01 -0.5520786E+00
 0.1570274E+01 -0.1611740E+01
 0.1684741E+01 -0.2507802E+01
 0.1800245E+01 -0.3187924E+01
 0.1916886E+01 -0.3583587E+01
 0.2034454E+01 -0.3704043E+01
 0.2152421E+01 -0.3716051E+01
 0.2268074E+01 -0.4274776E+01
 0.5752416E+00  0.1386981E+02
 0.6797352E+00  0.1089418E+02
 0.7881143E+00  0.8697853E+01
 0.8979708E+00  0.6832736E+01
 0.1008698E+01  0.5120821E+01
 0.1119940E+01  0.3508899E+01
 0.1231627E+01  0.2015061E+01
 0.1343817E+01  0.6580061E+00
 0.1456601E+01 -0.5580834E+00
 0.1570098E+01 -0.1630173E+01
 0.1684466E+01 -0.2538221E+01
 0.1799896E+01 -0.3229253E+01
 0.1916493E+01 -0.3631733E+01
 0.2034048E+01 -0.3752010E+01
 0.2152014E+01 -0.3761406E+01
 0.2267605E+01 -0.4326350E+01
 0.5767607E+00  0.1402015E+02
 0.6809286E+00  0.1101715E+02
 0.7890672E+00  0.8797655E+01
 0.8987195E+00  0.6913023E+01
 0.1009259E+01  0.5180806E+01
 0.1120324E+01  0.3549050E+01
 0.1231847E+01  0.2037605E+01
 0.1343889E+01  0.6653885E+00
 0.1456540E+01 -0.5640565E+00
 0.1569919E+01 -0.1648532E+01
 0.1684188E+01 -0.2568567E+01
 0.1799542E+01 -0.3270584E+01
 0.1916095E+01 -0.3679981E+01
 0.2033637E+01 -0.3800006E+01
 0.2151601E+01 -0.3806640E+01
 0.2267131E+01 -0.4377921E+01
 0.5782961E+00  0.1416959E+02
 0.6821354E+00  0.1113954E+02
 0.7900310E+00  0.8897062E+01
 0.8994769E+00  0.6993078E+01
 0.1009827E+01  0.5240607E+01
 0.1120713E+01  0.3589052E+01
 0.1232071E+01  0.2060059E+01
 0.1343962E+01  0.6727446E+00
 0.1456478E+01 -0.5699981E+00
 0.1569739E+01 -0.1666819E+01
 0.1683906E+01 -0.2598840E+01
 0.1799183E+01 -0.3311917E+01
 0.1915692E+01 -0.3728333E+01
 0.2033220E+01 -0.3848033E+01
 0.2151184E+01 -0.3851745E+01
 0.2266652E+01 -0.4429502E+01
 0.5798477E+00  0.1431811E+02
 0.6833555E+00  0.1126136E+02
 0.7910056E+00  0.8996067E+01
 0.9002430E+00  0.7072899E+01
 0.1010401E+01  0.5300222E+01
 0.1121106E+01  0.3628906E+01
 0.1232296E+01  0.2082423E+01
 0.1344035E+01  0.6800746E+00
 0.1456416E+01 -0.5759081E+00
 0.1569556E+01 -0.1685033E+01
 0.1683621E+01 -0.2629037E+01
 0.1798820E+01 -0.3353250E+01
 0.1915283E+01 -0.3776791E+01
 0.2032799E+01 -0.3896092E+01
 0.2150762E+01 -0.3896714E+01
 0.2266166E+01 -0.4481110E+01
 0.5814155E+00  0.1446573E+02
 0.6845888E+00  0.1138260E+02
 0.7919909E+00  0.9094667E+01
 0.9010178E+00  0.7152483E+01
 0.1010982E+01  0.5359648E+01
 0.1121503E+01  0.3668609E+01
 0.1232524E+01  0.2104697E+01
 0.1344110E+01  0.6873785E+00
 0.1456353E+01 -0.5817867E+00
 0.1569372E+01 -0.1703173E+01
 0.1683333E+01 -0.2659158E+01
 0.1798452E+01 -0.3394582E+01
 0.1914869E+01 -0.3825359E+01
 0.2032372E+01 -0.3944185E+01
 0.2150335E+01 -0.3941541E+01
 0.2265675E+01 -0.4532763E+01
 0.5829993E+00  0.1461242E+02
 0.6858353E+00  0.1150323E+02
 0.7929870E+00  0.9192856E+01
 0.9018013E+00  0.7231827E+01
 0.1011569E+01  0.5418883E+01
 0.1121905E+01  0.3708161E+01
 0.1232755E+01  0.2126881E+01
 0.1344185E+01  0.6946565E+00
 0.1456289E+01 -0.5876341E+00
 0.1569185E+01 -0.1721241E+01
 0.1683042E+01 -0.2689202E+01
 0.1798080E+01 -0.3435913E+01
 0.1914449E+01 -0.3874038E+01
 0.2031939E+01 -0.3992315E+01
 0.2149903E+01 -0.3986218E+01
 0.2265179E+01 -0.4584479E+01
 0.5845990E+00  0.1475820E+02
 0.6870950E+00  0.1162327E+02
 0.7939937E+00  0.9290630E+01
 0.9025934E+00  0.7310929E+01
 0.1012162E+01  0.5477925E+01
 0.1122311E+01  0.3747561E+01
 0.1232988E+01  0.2148975E+01
 0.1344261E+01  0.7019089E+00
 0.1456225E+01 -0.5934503E+00
 0.1568997E+01 -0.1739234E+01
 0.1682748E+01 -0.2719167E+01
 0.1797704E+01 -0.3477239E+01
 0.1914025E+01 -0.3922831E+01
 0.2031502E+01 -0.4040484E+01
 0.2149467E+01 -0.4030736E+01
 0.2264677E+01 -0.4636279E+01
 0.5862145E+00  0.1490304E+02
 0.6883676E+00  0.1174270E+02
 0.7950110E+00  0.9387983E+01
 0.9033941E+00  0.7389787E+01
 0.1012762E+01  0.5536770E+01
 0.1122722E+01  0.3786808E+01
 0.1233223E+01  0.2170980E+01
 0.1344338E+01  0.7091357E+00
 0.1456160E+01 -0.5992356E+00
 0.1568806E+01 -0.1757155E+01
 0.1682450E+01 -0.2749052E+01
 0.1797323E+01 -0.3518561E+01
 0.1913595E+01 -0.3971741E+01
 0.2031059E+01 -0.4088694E+01
 0.2149025E+01 -0.4075086E+01
 0.2264169E+01 -0.4688186E+01
 0.5878458E+00  0.1504696E+02
 0.6896533E+00  0.1186151E+02
 0.7960390E+00  0.9484911E+01
 0.9042034E+00  0.7468396E+01
 0.1013369E+01  0.5595417E+01
 0.1123136E+01  0.3825902E+01
 0.1233461E+01  0.2192896E+01
 0.1344416E+01  0.7163370E+00
 0.1456094E+01 -0.6049900E+00
 0.1568614E+01 -0.1775002E+01
 0.1682149E+01 -0.2778857E+01
 0.1796937E+01 -0.3559877E+01
 0.1913160E+01 -0.4020770E+01
 0.2030611E+01 -0.4136948E+01
 0.2148579E+01 -0.4119258E+01
 0.2263655E+01 -0.4740221E+01
 0.5894927E+00  0.1518995E+02
 0.6909518E+00  0.1197969E+02
 0.7970775E+00  0.9581409E+01
 0.9050212E+00  0.7546755E+01
 0.1013981E+01  0.5653863E+01
 0.1123555E+01  0.3864841E+01
 0.1233701E+01  0.2214723E+01
 0.1344494E+01  0.7235132E+00
 0.1456028E+01 -0.6107137E+00
 0.1568419E+01 -0.1792776E+01
 0.1681844E+01 -0.2808580E+01
 0.1796547E+01 -0.3601185E+01
 0.1912719E+01 -0.4069921E+01
 0.2030158E+01 -0.4185250E+01
 0.2148128E+01 -0.4163242E+01
 0.2263136E+01 -0.4792412E+01
 0.5911551E+00  0.1533200E+02
 0.6922632E+00  0.1209724E+02
 0.7981264E+00  0.9677473E+01
 0.9058475E+00  0.7624861E+01
 0.1014600E+01  0.5712106E+01
 0.1123978E+01  0.3903626E+01
 0.1233943E+01  0.2236462E+01
 0.1344573E+01  0.7306643E+00
 0.1455961E+01 -0.6164069E+00
 0.1568223E+01 -0.1810476E+01
 0.1681537E+01 -0.2838219E+01
 0.1796153E+01 -0.3642483E+01
 0.1912273E+01 -0.4119197E+01
 0.2029699E+01 -0.4233602E+01
 0.2147672E+01 -0.4207027E+01
 0.2262611E+01 -0.4844784E+01
 0.5928330E+00  0.1547311E+02
 0.6935873E+00  0.1221415E+02
 0.7991858E+00  0.9773098E+01
 0.9066824E+00  0.7702712E+01
 0.1015226E+01  0.5770144E+01
 0.1124406E+01  0.3942255E+01
 0.1234188E+01  0.2258112E+01
 0.1344653E+01  0.7377906E+00
 0.1455894E+01 -0.6220697E+00
 0.1568025E+01 -0.1828103E+01
 0.1681226E+01 -0.2867775E+01
 0.1795754E+01 -0.3683770E+01
 0.1911821E+01 -0.4168599E+01
 0.2029235E+01 -0.4282008E+01
 0.2147211E+01 -0.4250601E+01
 0.2262080E+01 -0.4897366E+01
 0.5945261E+00  0.1561329E+02
 0.6949242E+00  0.1233040E+02
 0.8002556E+00  0.9868281E+01
 0.9075257E+00  0.7780303E+01
 0.1015857E+01  0.5827973E+01
 0.1124837E+01  0.3980728E+01
 0.1234435E+01  0.2279674E+01
 0.1344734E+01  0.7448922E+00
 0.1455826E+01 -0.6277024E+00
 0.1567825E+01 -0.1845657E+01
 0.1680912E+01 -0.2897245E+01
 0.1795350E+01 -0.3725045E+01
 0.1911365E+01 -0.4218132E+01
 0.2028766E+01 -0.4330473E+01
 0.2146746E+01 -0.4293950E+01
 0.2261544E+01 -0.4950189E+01
 0.5962345E+00  0.1575254E+02
 0.6962737E+00  0.1244600E+02
 0.8013358E+00  0.9963016E+01
 0.9083774E+00  0.7857634E+01
 0.1016495E+01  0.5885591E+01
 0.1125273E+01  0.4019044E+01
 0.1234685E+01  0.2301148E+01
 0.1344816E+01  0.7519693E+00
 0.1455757E+01 -0.6333051E+00
 0.1567623E+01 -0.1863137E+01
 0.1680595E+01 -0.2926628E+01
 0.1794942E+01 -0.3766304E+01
 0.1910902E+01 -0.4267798E+01
 0.2028292E+01 -0.4379000E+01
 0.2146276E+01 -0.4337062E+01
 0.2261002E+01 -0.5003283E+01
 0.5979580E+00  0.1589084E+02
 0.6976357E+00  0.1256093E+02
 0.8024262E+00  0.1005730E+02
 0.9092376E+00  0.7934701E+01
 0.1017140E+01  0.5942997E+01
 0.1125713E+01  0.4057203E+01
 0.1234936E+01  0.2322536E+01
 0.1344898E+01  0.7590222E+00
 0.1455688E+01 -0.6388781E+00
 0.1567419E+01 -0.1880545E+01
 0.1680274E+01 -0.2955925E+01
 0.1794530E+01 -0.3807548E+01
 0.1910435E+01 -0.4317599E+01
 0.2027812E+01 -0.4427593E+01
 0.2145801E+01 -0.4379922E+01
 0.2260454E+01 -0.5056683E+01
 0.5996966E+00  0.1602821E+02
 0.6990102E+00  0.1267518E+02
 0.8035269E+00  0.1015113E+02
 0.9101061E+00  0.8011502E+01
 0.1017790E+01  0.6000188E+01
 0.1126157E+01  0.4095204E+01
 0.1235191E+01  0.2343836E+01
 0.1344981E+01  0.7660510E+00
 0.1455618E+01 -0.6444215E+00
 0.1567213E+01 -0.1897880E+01
 0.1679951E+01 -0.2985132E+01
 0.1794113E+01 -0.3848772E+01
 0.1909962E+01 -0.4367538E+01
 0.2027327E+01 -0.4476259E+01
 0.2145322E+01 -0.4422514E+01
 0.2259900E+01 -0.5110423E+01
 0.6014500E+00  0.1616465E+02
 0.7003972E+00  0.1278875E+02
 0.8046378E+00  0.1024450E+02
 0.9109830E+00  0.8088033E+01
 0.1018447E+01  0.6057160E+01
 0.1126605E+01  0.4133047E+01
 0.1235447E+01  0.2365051E+01
 0.1345065E+01  0.7730559E+00
 0.1455547E+01 -0.6499355E+00
 0.1567005E+01 -0.1915143E+01
 0.1679624E+01 -0.3014251E+01
 0.1793691E+01 -0.3889977E+01
 0.1909483E+01 -0.4417617E+01
 0.2026837E+01 -0.4525001E+01
 0.2144838E+01 -0.4464822E+01
 0.2259341E+01 -0.5164541E+01
 0.6032182E+00  0.1630015E+02
 0.7017964E+00  0.1290163E+02
 0.8057588E+00  0.1033740E+02
 0.9118682E+00  0.8164292E+01
 0.1019110E+01  0.6113913E+01
 0.1127057E+01  0.4170731E+01
 0.1235706E+01  0.2386179E+01
 0.1345149E+01  0.7800371E+00
 0.1455476E+01 -0.6554204E+00
 0.1566796E+01 -0.1932333E+01
 0.1679294E+01 -0.3043278E+01
 0.1793265E+01 -0.3931159E+01
 0.1908999E+01 -0.4467840E+01
 0.2026341E+01 -0.4573825E+01
 0.2144349E+01 -0.4506829E+01
 0.2258775E+01 -0.5219073E+01
 0.6050012E+00  0.1643472E+02
 0.7032080E+00  0.1301380E+02
 0.8068899E+00  0.1042984E+02
 0.9127617E+00  0.8240277E+01
 0.1019779E+01  0.6170443E+01
 0.1127514E+01  0.4208256E+01
 0.1235967E+01  0.2407222E+01
 0.1345235E+01  0.7869950E+00
 0.1455405E+01 -0.6608765E+00
 0.1566584E+01 -0.1949450E+01
 0.1678961E+01 -0.3072215E+01
 0.1792835E+01 -0.3972316E+01
 0.1908510E+01 -0.4518209E+01
 0.2025841E+01 -0.4622739E+01
 0.2143856E+01 -0.4548516E+01
 0.2258204E+01 -0.5274059E+01
 0.6067987E+00  0.1656836E+02
 0.7046317E+00  0.1312526E+02
 0.8080311E+00  0.1052181E+02
 0.9136634E+00  0.8315984E+01
 0.1020454E+01  0.6226748E+01
 0.1127974E+01  0.4245623E+01
 0.1236230E+01  0.2428180E+01
 0.1345321E+01  0.7939295E+00
 0.1455332E+01 -0.6663038E+00
 0.1566371E+01 -0.1966496E+01
 0.1678625E+01 -0.3101058E+01
 0.1792400E+01 -0.4013446E+01
 0.1908015E+01 -0.4568727E+01
 0.2025334E+01 -0.4671747E+01
 0.2143358E+01 -0.4589865E+01
 0.2257626E+01 -0.5329541E+01
 0.6086108E+00  0.1670107E+02
 0.7060675E+00  0.1323600E+02
 0.8091822E+00  0.1061331E+02
 0.9145734E+00  0.8391411E+01
 0.1021135E+01  0.6282826E+01
 0.1128439E+01  0.4282829E+01
 0.1236496E+01  0.2449053E+01
 0.1345408E+01  0.8008411E+00
 0.1455259E+01 -0.6717028E+00
 0.1566156E+01 -0.1983470E+01
 0.1678285E+01 -0.3129809E+01
 0.1791960E+01 -0.4054547E+01
 0.1907515E+01 -0.4619396E+01
 0.2024823E+01 -0.4720857E+01
 0.2142856E+01 -0.4630855E+01
 0.2257042E+01 -0.5385559E+01
 0.6104373E+00  0.1683285E+02
 0.7075153E+00  0.1334601E+02
 0.8103433E+00  0.1070433E+02
 0.9154916E+00  0.8466555E+01
 0.1021823E+01  0.6338674E+01
 0.1128907E+01  0.4319876E+01
 0.1236764E+01  0.2469843E+01
 0.1345495E+01  0.8077299E+00
 0.1455186E+01 -0.6770736E+00
 0.1565939E+01 -0.2000373E+01
 0.1677943E+01 -0.3158465E+01
 0.1791516E+01 -0.4095616E+01
 0.1907009E+01 -0.4670220E+01
 0.2024306E+01 -0.4770077E+01
 0.2142349E+01 -0.4671464E+01
 0.2256453E+01 -0.5442157E+01
 0.6122781E+00  0.1696371E+02
 0.7089751E+00  0.1345528E+02
 0.8115143E+00  0.1079487E+02
 0.9164180E+00  0.8541413E+01
 0.1022516E+01  0.6394291E+01
 0.1129380E+01  0.4356764E+01
 0.1237034E+01  0.2490549E+01
 0.1345584E+01  0.8145961E+00
 0.1455112E+01 -0.6824164E+00
 0.1565720E+01 -0.2017204E+01
 0.1677597E+01 -0.3187025E+01
 0.1791068E+01 -0.4136652E+01
 0.1906497E+01 -0.4721199E+01
 0.2023783E+01 -0.4819414E+01
 0.2141838E+01 -0.4711670E+01
 0.2255857E+01 -0.5499379E+01
 0.6141331E+00  0.1709366E+02
 0.7104467E+00  0.1356380E+02
 0.8126951E+00  0.1088493E+02
 0.9173525E+00  0.8615983E+01
 0.1023216E+01  0.6449673E+01
 0.1129856E+01  0.4393491E+01
 0.1237306E+01  0.2511173E+01
 0.1345673E+01  0.8214400E+00
 0.1455037E+01 -0.6877316E+00
 0.1565500E+01 -0.2033965E+01
 0.1677249E+01 -0.3215490E+01
 0.1790615E+01 -0.4177651E+01
 0.1905980E+01 -0.4772338E+01
 0.2023256E+01 -0.4868877E+01
 0.2141323E+01 -0.4751451E+01
 0.2255254E+01 -0.5557269E+01
 0.6160021E+00  0.1722269E+02
 0.7119301E+00  0.1367157E+02
 0.8138857E+00  0.1097450E+02
 0.9182951E+00  0.8690261E+01
 0.1023922E+01  0.6504818E+01
 0.1130337E+01  0.4430058E+01
 0.1237581E+01  0.2531715E+01
 0.1345763E+01  0.8282618E+00
 0.1454962E+01 -0.6930194E+00
 0.1565277E+01 -0.2050655E+01
 0.1676897E+01 -0.3243857E+01
 0.1790158E+01 -0.4218611E+01
 0.1905457E+01 -0.4823638E+01
 0.2022723E+01 -0.4918475E+01
 0.2140803E+01 -0.4790780E+01
 0.2254646E+01 -0.5615872E+01
 0.6178852E+00  0.1735080E+02
 0.7134252E+00  0.1377856E+02
 0.8150861E+00  0.1106359E+02
 0.9192458E+00  0.8764245E+01
 0.1024633E+01  0.6559725E+01
 0.1130822E+01  0.4466465E+01
 0.1237858E+01  0.2552175E+01
 0.1345853E+01  0.8350616E+00
 0.1454886E+01 -0.6982800E+00
 0.1565053E+01 -0.2067275E+01
 0.1676542E+01 -0.3272127E+01
 0.1789696E+01 -0.4259529E+01
 0.1904929E+01 -0.4875101E+01
 0.2022184E+01 -0.4968218E+01
 0.2140279E+01 -0.4829633E+01
 0.2254031E+01 -0.5675233E+01
 0.6197822E+00  0.1747801E+02
 0.7149320E+00  0.1388478E+02
 0.8162961E+00  0.1115218E+02
 0.9202045E+00  0.8837933E+01
 0.1025351E+01  0.6614391E+01
 0.1131310E+01  0.4502712E+01
 0.1238137E+01  0.2572553E+01
 0.1345945E+01  0.8418399E+00
 0.1454810E+01 -0.7035138E+00
 0.1564827E+01 -0.2083825E+01
 0.1676184E+01 -0.3300298E+01
 0.1789230E+01 -0.4300402E+01
 0.1904395E+01 -0.4926731E+01
 0.2021640E+01 -0.5018115E+01
 0.2139751E+01 -0.4867983E+01
 0.2253409E+01 -0.5735399E+01
 0.6216931E+00  0.1760431E+02
 0.7164502E+00  0.1399021E+02
 0.8175157E+00  0.1124029E+02
 0.9211712E+00  0.8911320E+01
 0.1026074E+01  0.6668813E+01
 0.1131803E+01  0.4538800E+01
 0.1238418E+01  0.2592852E+01
 0.1346037E+01  0.8485967E+00
 0.1454733E+01 -0.7087209E+00
 0.1564599E+01 -0.2100306E+01
 0.1675823E+01 -0.3328370E+01
 0.1788759E+01 -0.4341229E+01
 0.1903856E+01 -0.4978530E+01
 0.2021091E+01 -0.5068178E+01
 0.2139218E+01 -0.4905801E+01
 0.2252781E+01 -0.5796414E+01
 0.6236176E+00  0.1772971E+02
 0.7179799E+00  0.1409484E+02
 0.8187449E+00  0.1132790E+02
 0.9221460E+00  0.8984404E+01
 0.1026804E+01  0.6722990E+01
 0.1132299E+01  0.4574727E+01
 0.1238702E+01  0.2613071E+01
 0.1346129E+01  0.8553323E+00
 0.1454656E+01 -0.7139018E+00
 0.1564369E+01 -0.2116718E+01
 0.1675459E+01 -0.3356342E+01
 0.1788284E+01 -0.4382005E+01
 0.1903311E+01 -0.5030499E+01
 0.2020536E+01 -0.5118418E+01
 0.2138682E+01 -0.4943060E+01
 0.2252147E+01 -0.5858324E+01
 0.6255557E+00  0.1785422E+02
 0.7195210E+00  0.1419866E+02
 0.8199836E+00  0.1141501E+02
 0.9231286E+00  0.9057183E+01
 0.1027539E+01  0.6776918E+01
 0.1132799E+01  0.4610494E+01
 0.1238988E+01  0.2633211E+01
 0.1346223E+01  0.8620470E+00
 0.1454578E+01 -0.7190566E+00
 0.1564138E+01 -0.2133062E+01
 0.1675092E+01 -0.3384213E+01
 0.1787805E+01 -0.4422728E+01
 0.1902760E+01 -0.5082640E+01
 0.2019976E+01 -0.5168847E+01
 0.2138141E+01 -0.4979729E+01
 0.2251505E+01 -0.5921171E+01
 0.6275073E+00  0.1797782E+02
 0.7210733E+00  0.1430167E+02
 0.8212318E+00  0.1150163E+02
 0.9241192E+00  0.9129653E+01
 0.1028280E+01  0.6830597E+01
 0.1133303E+01  0.4646102E+01
 0.1239276E+01  0.2653272E+01
 0.1346317E+01  0.8687409E+00
 0.1454499E+01 -0.7241857E+00
 0.1563904E+01 -0.2149337E+01
 0.1674721E+01 -0.3411983E+01
 0.1787321E+01 -0.4463394E+01
 0.1902203E+01 -0.5134956E+01
 0.2019410E+01 -0.5219479E+01
 0.2137597E+01 -0.5015776E+01
 0.2250857E+01 -0.5984998E+01
 0.6294724E+00  0.1810054E+02
 0.7226368E+00  0.1440385E+02
 0.8224894E+00  0.1158775E+02
 0.9251176E+00  0.9201811E+01
 0.1029027E+01  0.6884024E+01
 0.1133811E+01  0.4681550E+01
 0.1239566E+01  0.2673255E+01
 0.1346412E+01  0.8754144E+00
 0.1454420E+01 -0.7292893E+00
 0.1563669E+01 -0.2165545E+01
 0.1674348E+01 -0.3439650E+01
 0.1786832E+01 -0.4504002E+01
 0.1901641E+01 -0.5187449E+01
 0.2018839E+01 -0.5270327E+01
 0.2137049E+01 -0.5051171E+01
 0.2250201E+01 -0.6049847E+01
 0.6314508E+00  0.1822237E+02
 0.7242113E+00  0.1450520E+02
 0.8237564E+00  0.1167337E+02
 0.9261239E+00  0.9273655E+01
 0.1029780E+01  0.6937197E+01
 0.1134323E+01  0.4716840E+01
 0.1239858E+01  0.2693161E+01
 0.1346508E+01  0.8820676E+00
 0.1454340E+01 -0.7343678E+00
 0.1563433E+01 -0.2181686E+01
 0.1673972E+01 -0.3467215E+01
 0.1786339E+01 -0.4544547E+01
 0.1901073E+01 -0.5240120E+01
 0.2018262E+01 -0.5321405E+01
 0.2136497E+01 -0.5085879E+01
 0.2249538E+01 -0.6115757E+01
 0.6334424E+00  0.1834331E+02
 0.7257969E+00  0.1460570E+02
 0.8250326E+00  0.1175848E+02
 0.9271380E+00  0.9345181E+01
 0.1030538E+01  0.6990113E+01
 0.1134839E+01  0.4751970E+01
 0.1240153E+01  0.2712991E+01
 0.1346604E+01  0.8887008E+00
 0.1454260E+01 -0.7394214E+00
 0.1563194E+01 -0.2197760E+01
 0.1673593E+01 -0.3494677E+01
 0.1785842E+01 -0.4585026E+01
 0.1900499E+01 -0.5292970E+01
 0.2017679E+01 -0.5372728E+01
 0.2135941E+01 -0.5119866E+01
 0.2248869E+01 -0.6182763E+01
 0.6354471E+00  0.1846338E+02
 0.7273934E+00  0.1470534E+02
 0.8263181E+00  0.1184310E+02
 0.9281599E+00  0.9416387E+01
 0.1031303E+01  0.7042772E+01
 0.1135359E+01  0.4786942E+01
 0.1240449E+01  0.2732745E+01
 0.1346702E+01  0.8953142E+00
 0.1454179E+01 -0.7444504E+00
 0.1562954E+01 -0.2213768E+01
 0.1673211E+01 -0.3522035E+01
 0.1785340E+01 -0.4625437E+01
 0.1899920E+01 -0.5346002E+01
 0.2017091E+01 -0.5424313E+01
 0.2135381E+01 -0.5153098E+01
 0.2248191E+01 -0.6250901E+01
 0.6374649E+00  0.1858256E+02
 0.7290006E+00  0.1480412E+02
 0.8276128E+00  0.1192722E+02
 0.9291895E+00  0.9487268E+01
 0.1032073E+01  0.7095170E+01
 0.1135882E+01  0.4821756E+01
 0.1240748E+01  0.2752424E+01
 0.1346800E+01  0.9019081E+00
 0.1454098E+01 -0.7494551E+00
 0.1562712E+01 -0.2229710E+01
 0.1672825E+01 -0.3549289E+01
 0.1784834E+01 -0.4665775E+01
 0.1899335E+01 -0.5399217E+01
 0.2016498E+01 -0.5476177E+01
 0.2134818E+01 -0.5185538E+01
 0.2247507E+01 -0.6320200E+01
 0.6394956E+00  0.1870086E+02
 0.7306186E+00  0.1490202E+02
 0.8289166E+00  0.1201083E+02
 0.9302268E+00  0.9557823E+01
 0.1032848E+01  0.7147305E+01
 0.1136409E+01  0.4856412E+01
 0.1241049E+01  0.2772028E+01
 0.1346898E+01  0.9084826E+00
 0.1454016E+01 -0.7544359E+00
 0.1562468E+01 -0.2245587E+01
 0.1672437E+01 -0.3576439E+01
 0.1784324E+01 -0.4706037E+01
 0.1898744E+01 -0.5452615E+01
 0.2015898E+01 -0.5528336E+01
 0.2134251E+01 -0.5217150E+01
 0.2246814E+01 -0.6390688E+01
 0.6415391E+00  0.1881829E+02
 0.7322472E+00  0.1499904E+02
 0.8302295E+00  0.1209394E+02
 0.9312718E+00  0.9628047E+01
 0.1033630E+01  0.7199177E+01
 0.1136940E+01  0.4890911E+01
 0.1241352E+01  0.2791558E+01
 0.1346997E+01  0.9150380E+00
 0.1453933E+01 -0.7593930E+00
 0.1562223E+01 -0.2261399E+01
 0.1672046E+01 -0.3603483E+01
 0.1783809E+01 -0.4746220E+01
 0.1898147E+01 -0.5506199E+01
 0.2015293E+01 -0.5580810E+01
 0.2133681E+01 -0.5247895E+01
 0.2246114E+01 -0.6462385E+01
 0.6435954E+00  0.1893484E+02
 0.7338864E+00  0.1509516E+02
 0.8315514E+00  0.1217654E+02
 0.9323244E+00  0.9697938E+01
 0.1034417E+01  0.7250783E+01
 0.1137475E+01  0.4925253E+01
 0.1241657E+01  0.2811015E+01
 0.1347097E+01  0.9215746E+00
 0.1453850E+01 -0.7643267E+00
 0.1561975E+01 -0.2277147E+01
 0.1671652E+01 -0.3630423E+01
 0.1783290E+01 -0.4786320E+01
 0.1897544E+01 -0.5559968E+01
 0.2014682E+01 -0.5633618E+01
 0.2133108E+01 -0.5277735E+01
 0.2245406E+01 -0.6535310E+01
 0.6456643E+00  0.1905051E+02
 0.7355359E+00  0.1519038E+02
 0.8328823E+00  0.1225865E+02
 0.9333847E+00  0.9767493E+01
 0.1035210E+01  0.7302120E+01
 0.1138013E+01  0.4959439E+01
 0.1241964E+01  0.2830399E+01
 0.1347198E+01  0.9280926E+00
 0.1453767E+01 -0.7692373E+00
 0.1561726E+01 -0.2292832E+01
 0.1671255E+01 -0.3657256E+01
 0.1782766E+01 -0.4826334E+01
 0.1896935E+01 -0.5613923E+01
 0.2014066E+01 -0.5686781E+01
 0.2132532E+01 -0.5306631E+01
 0.2244691E+01 -0.6609474E+01
 0.6477458E+00  0.1916531E+02
 0.7371958E+00  0.1528469E+02
 0.8342222E+00  0.1234025E+02
 0.9344524E+00  0.9836708E+01
 0.1036008E+01  0.7353189E+01
 0.1138555E+01  0.4993469E+01
 0.1242274E+01  0.2849712E+01
 0.1347300E+01  0.9345922E+00
 0.1453683E+01 -0.7741252E+00
 0.1561476E+01 -0.2308453E+01
 0.1670856E+01 -0.3683984E+01
 0.1782238E+01 -0.4866257E+01
 0.1896321E+01 -0.5668066E+01
 0.2013443E+01 -0.5740319E+01
 0.2131952E+01 -0.5334543E+01
 0.2243966E+01 -0.6684883E+01
 0.6498397E+00  0.1927924E+02
 0.7388659E+00  0.1537807E+02
 0.8355708E+00  0.1242135E+02
 0.9355277E+00  0.9905580E+01
 0.1036812E+01  0.7403986E+01
 0.1139101E+01  0.5027344E+01
 0.1242585E+01  0.2868953E+01
 0.1347402E+01  0.9410736E+00
 0.1453598E+01 -0.7789907E+00
 0.1561224E+01 -0.2324012E+01
 0.1670453E+01 -0.3710607E+01
 0.1781706E+01 -0.4906086E+01
 0.1895700E+01 -0.5722395E+01
 0.2012815E+01 -0.5794256E+01
 0.2131369E+01 -0.5361430E+01
 0.2243234E+01 -0.6761535E+01
 0.6519460E+00  0.1939229E+02
 0.7405461E+00  0.1547053E+02
 0.8369283E+00  0.1250195E+02
 0.9366105E+00  0.9974105E+01
 0.1037621E+01  0.7454510E+01
 0.1139650E+01  0.5061065E+01
 0.1242899E+01  0.2888124E+01
 0.1347505E+01  0.9475371E+00
 0.1453513E+01 -0.7838340E+00
 0.1560970E+01 -0.2339508E+01
 0.1670047E+01 -0.3737123E+01
 0.1781169E+01 -0.4945818E+01
 0.1895074E+01 -0.5776912E+01
 0.2012181E+01 -0.5848613E+01
 0.2130784E+01 -0.5387253E+01
 0.2242493E+01 -0.6839423E+01
 0.6540646E+00  0.1950446E+02
 0.7422363E+00  0.1556205E+02
 0.8382946E+00  0.1258205E+02
 0.9377007E+00  0.1004228E+02
 0.1038436E+01  0.7504759E+01
 0.1140204E+01  0.5094632E+01
 0.1243214E+01  0.2907224E+01
 0.1347608E+01  0.9539828E+00
 0.1453427E+01 -0.7886554E+00
 0.1560714E+01 -0.2354944E+01
 0.1669639E+01 -0.3763533E+01
 0.1780629E+01 -0.4985448E+01
 0.1894442E+01 -0.5831615E+01
 0.2011541E+01 -0.5903417E+01
 0.2130196E+01 -0.5411969E+01
 0.2241744E+01 -0.6918531E+01
 0.6561953E+00  0.1961575E+02
 0.7439365E+00  0.1565262E+02
 0.8396695E+00  0.1266166E+02
 0.9387983E+00  0.1011010E+02
 0.1039256E+01  0.7554733E+01
 0.1140760E+01  0.5128045E+01
 0.1243532E+01  0.2926255E+01
 0.1347713E+01  0.9604111E+00
 0.1453341E+01 -0.7934553E+00
 0.1560456E+01 -0.2370318E+01
 0.1669227E+01 -0.3789836E+01
 0.1780083E+01 -0.5024972E+01
 0.1893804E+01 -0.5886505E+01
 0.2010895E+01 -0.5958691E+01
 0.2129605E+01 -0.5435538E+01
 0.2240986E+01 -0.6998834E+01
 0.6583382E+00  0.1972616E+02
 0.7456465E+00  0.1574224E+02
 0.8410531E+00  0.1274076E+02
 0.9399033E+00  0.1017757E+02
 0.1040082E+01  0.7604429E+01
 0.1141321E+01  0.5161306E+01
 0.1243852E+01  0.2945217E+01
 0.1347817E+01  0.9668221E+00
 0.1453254E+01 -0.7982340E+00
 0.1560197E+01 -0.2385632E+01
 0.1668813E+01 -0.3816034E+01
 0.1779534E+01 -0.5064387E+01
 0.1893159E+01 -0.5941581E+01
 0.2010243E+01 -0.6014462E+01
 0.2129012E+01 -0.5457917E+01
 0.2240219E+01 -0.7080299E+01
 0.6604929E+00  0.1983569E+02
 0.7473661E+00  0.1583089E+02
 0.8424452E+00  0.1281937E+02
 0.9410157E+00  0.1024468E+02
 0.1040913E+01  0.7653847E+01
 0.1141885E+01  0.5194414E+01
 0.1244174E+01  0.2964111E+01
 0.1347923E+01  0.9732161E+00
 0.1453167E+01 -0.8029918E+00
 0.1559937E+01 -0.2400887E+01
 0.1668396E+01 -0.3842125E+01
 0.1778980E+01 -0.5103689E+01
 0.1892509E+01 -0.5996841E+01
 0.2009584E+01 -0.6070758E+01
 0.2128416E+01 -0.5479066E+01
 0.2239443E+01 -0.7162884E+01
 0.6626596E+00  0.1994432E+02
 0.7490954E+00  0.1591858E+02
 0.8438459E+00  0.1289748E+02
 0.9421353E+00  0.1031142E+02
 0.1041749E+01  0.7702984E+01
 0.1142452E+01  0.5227372E+01
 0.1244498E+01  0.2982938E+01
 0.1348030E+01  0.9795932E+00
 0.1453079E+01 -0.8077290E+00
 0.1559674E+01 -0.2416082E+01
 0.1667976E+01 -0.3868110E+01
 0.1778422E+01 -0.5142872E+01
 0.1891853E+01 -0.6052285E+01
 0.2008920E+01 -0.6127607E+01
 0.2127818E+01 -0.5498943E+01
 0.2238659E+01 -0.7246535E+01
 0.6648381E+00  0.2005206E+02
 0.7508342E+00  0.1600529E+02
 0.8452551E+00  0.1297510E+02
 0.9432621E+00  0.1037780E+02
 0.1042591E+01  0.7751839E+01
 0.1143024E+01  0.5260179E+01
 0.1244824E+01  0.3001697E+01
 0.1348137E+01  0.9859538E+00
 0.1452991E+01 -0.8124458E+00
 0.1559410E+01 -0.2431218E+01
 0.1667553E+01 -0.3893990E+01
 0.1777860E+01 -0.5181935E+01
 0.1891191E+01 -0.6107911E+01
 0.2008249E+01 -0.6185037E+01
 0.2127218E+01 -0.5517508E+01
 0.2237865E+01 -0.7331189E+01
 0.6670282E+00  0.2015890E+02
 0.7525824E+00  0.1609102E+02
 0.8466727E+00  0.1305223E+02
 0.9443962E+00  0.1044380E+02
 0.1043438E+01  0.7800413E+01
 0.1143598E+01  0.5292837E+01
 0.1245152E+01  0.3020390E+01
 0.1348244E+01  0.9922979E+00
 0.1452902E+01 -0.8171427E+00
 0.1559145E+01 -0.2446296E+01
 0.1667127E+01 -0.3919764E+01
 0.1777293E+01 -0.5220871E+01
 0.1890522E+01 -0.6163717E+01
 0.2007572E+01 -0.6243081E+01
 0.2126616E+01 -0.5534720E+01
 0.2237061E+01 -0.7416772E+01
 0.6692300E+00  0.2026483E+02
 0.7543398E+00  0.1617576E+02
 0.8480987E+00  0.1312887E+02
 0.9455375E+00  0.1050944E+02
 0.1044290E+01  0.7848702E+01
 0.1144177E+01  0.5325346E+01
 0.1245482E+01  0.3039017E+01
 0.1348353E+01  0.9986259E+00
 0.1452813E+01 -0.8218198E+00
 0.1558877E+01 -0.2461317E+01
 0.1666699E+01 -0.3945432E+01
 0.1776722E+01 -0.5259677E+01
 0.1889848E+01 -0.6219702E+01
 0.2006889E+01 -0.6301769E+01
 0.2126012E+01 -0.5550539E+01
 0.2236249E+01 -0.7503200E+01
 0.6714432E+00  0.2036985E+02
 0.7561065E+00  0.1625951E+02
 0.8495330E+00  0.1320503E+02
 0.9466858E+00  0.1057469E+02
 0.1045148E+01  0.7896707E+01
 0.1144759E+01  0.5357706E+01
 0.1245814E+01  0.3057578E+01
 0.1348462E+01  0.1004938E+01
 0.1452723E+01 -0.8264776E+00
 0.1558608E+01 -0.2476280E+01
 0.1666268E+01 -0.3970996E+01
 0.1776147E+01 -0.5298349E+01
 0.1889167E+01 -0.6275861E+01
 0.2006200E+01 -0.6361134E+01
 0.2125407E+01 -0.5564928E+01
 0.2235427E+01 -0.7590373E+01
 0.6736678E+00  0.2047395E+02
 0.7578822E+00  0.1634225E+02
 0.8509756E+00  0.1328069E+02
 0.9478413E+00  0.1063956E+02
 0.1046011E+01  0.7944426E+01
 0.1145344E+01  0.5389919E+01
 0.1246148E+01  0.3076075E+01
 0.1348572E+01  0.1011234E+01
 0.1452633E+01 -0.8311162E+00
 0.1558338E+01 -0.2491187E+01
 0.1665834E+01 -0.3996455E+01
 0.1775568E+01 -0.5336882E+01
 0.1888480E+01 -0.6332194E+01
 0.2005503E+01 -0.6421210E+01
 0.2124800E+01 -0.5577848E+01
 0.2234595E+01 -0.7678183E+01
 0.6759037E+00  0.2057712E+02
 0.7596668E+00  0.1642399E+02
 0.8524264E+00  0.1335588E+02
 0.9490038E+00  0.1070405E+02
 0.1046879E+01  0.7991858E+01
 0.1145933E+01  0.5421986E+01
 0.1246484E+01  0.3094507E+01
 0.1348682E+01  0.1017515E+01
 0.1452542E+01 -0.8357361E+00
 0.1558066E+01 -0.2506038E+01
 0.1665397E+01 -0.4021810E+01
 0.1774984E+01 -0.5375273E+01
 0.1887788E+01 -0.6388696E+01
 0.2004801E+01 -0.6482031E+01
 0.2124192E+01 -0.5589265E+01
 0.2233754E+01 -0.7766509E+01
 0.6781508E+00  0.2067935E+02
 0.7614603E+00  0.1650472E+02
 0.8538854E+00  0.1343059E+02
 0.9501733E+00  0.1076816E+02
 0.1047752E+01  0.8039003E+01
 0.1146525E+01  0.5453907E+01
 0.1246822E+01  0.3112875E+01
 0.1348793E+01  0.1023780E+01
 0.1452451E+01 -0.8403374E+00
 0.1557792E+01 -0.2520833E+01
 0.1664958E+01 -0.4047062E+01
 0.1774397E+01 -0.5413516E+01
 0.1887089E+01 -0.6445365E+01
 0.2004091E+01 -0.6543633E+01
 0.2123582E+01 -0.5599144E+01
 0.2232903E+01 -0.7855216E+01
 0.6804090E+00  0.2078064E+02
 0.7632626E+00  0.1658444E+02
 0.8553525E+00  0.1350481E+02
 0.9513498E+00  0.1083186E+02
 0.1048630E+01  0.8085861E+01
 0.1147121E+01  0.5485683E+01
 0.1247162E+01  0.3131180E+01
 0.1348905E+01  0.1030031E+01
 0.1452359E+01 -0.8449206E+00
 0.1557517E+01 -0.2535573E+01
 0.1664516E+01 -0.4072211E+01
 0.1773805E+01 -0.5451609E+01
 0.1886383E+01 -0.6502196E+01
 0.2003375E+01 -0.6606054E+01
 0.2122972E+01 -0.5607453E+01
 0.2232042E+01 -0.7944157E+01
 0.6826781E+00  0.2088098E+02
 0.7650735E+00  0.1666314E+02
 0.8568276E+00  0.1357857E+02
 0.9525332E+00  0.1089518E+02
 0.1049513E+01  0.8132429E+01
 0.1147720E+01  0.5517314E+01
 0.1247504E+01  0.3149422E+01
 0.1349018E+01  0.1036266E+01
 0.1452267E+01 -0.8494858E+00
 0.1557240E+01 -0.2550259E+01
 0.1664071E+01 -0.4097257E+01
 0.1773209E+01 -0.5489545E+01
 0.1885672E+01 -0.6559184E+01
 0.2002652E+01 -0.6669330E+01
 0.2122361E+01 -0.5614163E+01
 0.2231172E+01 -0.8033173E+01
 0.6849582E+00  0.2098035E+02
 0.7668929E+00  0.1674082E+02
 0.8583107E+00  0.1365185E+02
 0.9537235E+00  0.1095809E+02
 0.1050402E+01  0.8178709E+01
 0.1148323E+01  0.5548803E+01
 0.1247848E+01  0.3167601E+01
 0.1349131E+01  0.1042487E+01
 0.1452174E+01 -0.8540334E+00
 0.1556961E+01 -0.2564891E+01
 0.1663623E+01 -0.4122202E+01
 0.1772609E+01 -0.5527321E+01
 0.1884954E+01 -0.6616327E+01
 0.2001922E+01 -0.6733501E+01
 0.2121749E+01 -0.5619247E+01
 0.2230292E+01 -0.8122091E+01
 0.6872490E+00  0.2107874E+02
 0.7687207E+00  0.1681748E+02
 0.8598018E+00  0.1372465E+02
 0.9549206E+00  0.1102061E+02
 0.1051295E+01  0.8224699E+01
 0.1148929E+01  0.5580148E+01
 0.1248194E+01  0.3185718E+01
 0.1349245E+01  0.1048693E+01
 0.1452081E+01 -0.8585636E+00
 0.1556681E+01 -0.2579469E+01
 0.1663172E+01 -0.4147046E+01
 0.1772005E+01 -0.5564933E+01
 0.1884230E+01 -0.6673617E+01
 0.2001185E+01 -0.6798608E+01
 0.2121136E+01 -0.5622684E+01
 0.2229403E+01 -0.8210726E+01
 0.6895505E+00  0.2117615E+02
 0.7705568E+00  0.1689311E+02
 0.8613008E+00  0.1379700E+02
 0.9561245E+00  0.1108271E+02
 0.1052194E+01  0.8270400E+01
 0.1149539E+01  0.5611352E+01
 0.1248542E+01  0.3203773E+01
 0.1349359E+01  0.1054885E+01
 0.1451987E+01 -0.8630769E+00
 0.1556399E+01 -0.2593993E+01
 0.1662719E+01 -0.4171790E+01
 0.1771397E+01 -0.5602376E+01
 0.1883500E+01 -0.6731051E+01
 0.2000441E+01 -0.6864689E+01
 0.2120524E+01 -0.5624454E+01
 0.2228503E+01 -0.8298881E+01
 0.6918625E+00  0.2127256E+02
 0.7724011E+00  0.1696772E+02
 0.8628077E+00  0.1386887E+02
 0.9573351E+00  0.1114441E+02
 0.1053097E+01  0.8315811E+01
 0.1150152E+01  0.5642415E+01
 0.1248892E+01  0.3221766E+01
 0.1349475E+01  0.1061062E+01
 0.1451893E+01 -0.8675733E+00
 0.1556116E+01 -0.2608466E+01
 0.1662264E+01 -0.4196435E+01
 0.1770784E+01 -0.5639646E+01
 0.1882764E+01 -0.6788621E+01
 0.1999689E+01 -0.6931788E+01
 0.2119911E+01 -0.5624541E+01
 0.2227595E+01 -0.8386346E+01
 0.6941850E+00  0.2136796E+02
 0.7742534E+00  0.1704130E+02
 0.8643224E+00  0.1394029E+02
 0.9585524E+00  0.1120569E+02
 0.1054005E+01  0.8360931E+01
 0.1150768E+01  0.5673338E+01
 0.1249244E+01  0.3239699E+01
 0.1349591E+01  0.1067226E+01
 0.1451798E+01 -0.8720533E+00
 0.1555831E+01 -0.2622885E+01
 0.1661805E+01 -0.4220982E+01
 0.1770168E+01 -0.5676739E+01
 0.1882021E+01 -0.6846323E+01
 0.1998930E+01 -0.6999948E+01
 0.2119298E+01 -0.5622938E+01
 0.2226676E+01 -0.8472899E+01
 0.6965178E+00  0.2146235E+02
 0.7761137E+00  0.1711385E+02
 0.8658448E+00  0.1401124E+02
 0.9597764E+00  0.1126656E+02
 0.1054919E+01  0.8405762E+01
 0.1151388E+01  0.5704121E+01
 0.1249598E+01  0.3257571E+01
 0.1349707E+01  0.1073376E+01
 0.1451703E+01 -0.8765170E+00
 0.1555544E+01 -0.2637253E+01
 0.1661344E+01 -0.4245432E+01
 0.1769547E+01 -0.5713649E+01
 0.1881272E+01 -0.6904148E+01
 0.1998164E+01 -0.7069211E+01
 0.2118686E+01 -0.5619640E+01
 0.2225749E+01 -0.8558307E+01
 0.6988608E+00  0.2155570E+02
 0.7779819E+00  0.1718538E+02
 0.8673749E+00  0.1408173E+02
 0.9610070E+00  0.1132701E+02
 0.1055837E+01  0.8450303E+01
 0.1152011E+01  0.5734765E+01
 0.1249954E+01  0.3275382E+01
 0.1349825E+01  0.1079512E+01
 0.1451607E+01 -0.8809648E+00
 0.1555256E+01 -0.2651569E+01
 0.1660880E+01 -0.4269786E+01
 0.1768923E+01 -0.5750373E+01
 0.1880517E+01 -0.6962091E+01
 0.1997390E+01 -0.7139622E+01
 0.2118074E+01 -0.5614650E+01
 0.2224812E+01 -0.8642325E+01
 0.7012140E+00  0.2164801E+02
 0.7798578E+00  0.1725589E+02
 0.8689127E+00  0.1415177E+02
 0.9622441E+00  0.1138703E+02
 0.1056760E+01  0.8494554E+01
 0.1152637E+01  0.5765271E+01
 0.1250312E+01  0.3293133E+01
 0.1349942E+01  0.1085636E+01
 0.1451511E+01 -0.8853969E+00
 0.1554966E+01 -0.2665834E+01
 0.1660414E+01 -0.4294045E+01
 0.1768295E+01 -0.5786906E+01
 0.1879756E+01 -0.7020142E+01
 0.1996609E+01 -0.7211227E+01
 0.2117463E+01 -0.5607978E+01
 0.2223866E+01 -0.8724697E+01
 0.7035771E+00  0.2173926E+02
 0.7817413E+00  0.1732537E+02
 0.8704581E+00  0.1422136E+02
 0.9634878E+00  0.1144662E+02
 0.1057687E+01  0.8538515E+01
 0.1153267E+01  0.5795639E+01
 0.1250671E+01  0.3310824E+01
 0.1350061E+01  0.1091745E+01
 0.1451414E+01 -0.8898136E+00
 0.1554675E+01 -0.2680048E+01
 0.1659945E+01 -0.4318211E+01
 0.1767662E+01 -0.5823245E+01
 0.1878988E+01 -0.7078295E+01
 0.1995819E+01 -0.7284072E+01
 0.2116852E+01 -0.5599644E+01
 0.2222911E+01 -0.8805159E+01
 0.7059502E+00  0.2182944E+02
 0.7836323E+00  0.1739383E+02
 0.8720110E+00  0.1429049E+02
 0.9647380E+00  0.1150579E+02
 0.1058620E+01  0.8582188E+01
 0.1153900E+01  0.5825871E+01
 0.1251033E+01  0.3328456E+01
 0.1350180E+01  0.1097842E+01
 0.1451317E+01 -0.8942152E+00
 0.1554383E+01 -0.2694211E+01
 0.1659473E+01 -0.4342284E+01
 0.1767026E+01 -0.5859384E+01
 0.1878214E+01 -0.7136541E+01
 0.1995022E+01 -0.7358202E+01
 0.2116243E+01 -0.5589676E+01
 0.2221948E+01 -0.8883434E+01
 0.7083330E+00  0.2191854E+02
 0.7855308E+00  0.1746127E+02
 0.8735714E+00  0.1435918E+02
 0.9659945E+00  0.1156452E+02
 0.1059557E+01  0.8625572E+01
 0.1154536E+01  0.5855967E+01
 0.1251396E+01  0.3346028E+01
 0.1350300E+01  0.1103926E+01
 0.1451219E+01 -0.8986019E+00
 0.1554088E+01 -0.2708324E+01
 0.1658999E+01 -0.4366266E+01
 0.1766386E+01 -0.5895320E+01
 0.1877433E+01 -0.7194870E+01
 0.1994216E+01 -0.7433665E+01
 0.2115635E+01 -0.5578112E+01
 0.2220976E+01 -0.8959238E+01
 0.7107254E+00  0.2200655E+02
 0.7874365E+00  0.1752770E+02
 0.8751393E+00  0.1442742E+02
 0.9672574E+00  0.1162281E+02
 0.1060499E+01  0.8668669E+01
 0.1155176E+01  0.5885926E+01
 0.1251762E+01  0.3363541E+01
 0.1350421E+01  0.1109998E+01
 0.1451121E+01 -0.9029739E+00
 0.1553793E+01 -0.2722387E+01
 0.1658522E+01 -0.4390160E+01
 0.1765742E+01 -0.5931047E+01
 0.1876646E+01 -0.7253274E+01
 0.1993402E+01 -0.7510510E+01
 0.2115028E+01 -0.5565005E+01
 0.2219996E+01 -0.9032280E+01
 0.7131274E+00  0.2209346E+02
 0.7893494E+00  0.1759312E+02
 0.8767147E+00  0.1449522E+02
 0.9685267E+00  0.1168066E+02
 0.1061446E+01  0.8711478E+01
 0.1155818E+01  0.5915751E+01
 0.1252129E+01  0.3380995E+01
 0.1350542E+01  0.1116057E+01
 0.1451023E+01 -0.9073315E+00
 0.1553495E+01 -0.2736400E+01
 0.1658042E+01 -0.4413965E+01
 0.1765094E+01 -0.5966563E+01
 0.1875853E+01 -0.7311742E+01
 0.1992580E+01 -0.7588784E+01
 0.2114422E+01 -0.5550418E+01
 0.2219008E+01 -0.9102259E+01
 0.7155388E+00  0.2217924E+02
 0.7912694E+00  0.1765754E+02
 0.8782973E+00  0.1456257E+02
 0.9698022E+00  0.1173807E+02
 0.1062397E+01  0.8754001E+01
 0.1156464E+01  0.5945441E+01
 0.1252498E+01  0.3398390E+01
 0.1350664E+01  0.1122103E+01
 0.1450924E+01 -0.9116751E+00
 0.1553196E+01 -0.2750363E+01
 0.1657560E+01 -0.4437683E+01
 0.1764442E+01 -0.6001863E+01
 0.1875053E+01 -0.7370263E+01
 0.1991749E+01 -0.7668536E+01
 0.2113819E+01 -0.5534432E+01
 0.2218013E+01 -0.9168868E+01
 0.7179594E+00  0.2226391E+02
 0.7931963E+00  0.1772095E+02
 0.8798873E+00  0.1462948E+02
 0.9710840E+00  0.1179502E+02
 0.1063353E+01  0.8796239E+01
 0.1157114E+01  0.5974997E+01
 0.1252870E+01  0.3415726E+01
 0.1350787E+01  0.1128138E+01
 0.1450824E+01 -0.9160047E+00
 0.1552896E+01 -0.2764277E+01
 0.1657075E+01 -0.4461317E+01
 0.1763786E+01 -0.6036942E+01
 0.1874247E+01 -0.7428828E+01
 0.1990909E+01 -0.7749815E+01
 0.2113217E+01 -0.5517144E+01
 0.2217011E+01 -0.9231794E+01
 0.7203892E+00  0.2234743E+02
 0.7951301E+00  0.1778337E+02
 0.8814846E+00  0.1469596E+02
 0.9723719E+00  0.1185153E+02
 0.1064313E+01  0.8838192E+01
 0.1157766E+01  0.6004420E+01
 0.1253243E+01  0.3433004E+01
 0.1350910E+01  0.1134160E+01
 0.1450724E+01 -0.9203206E+00
 0.1552594E+01 -0.2778142E+01
 0.1656588E+01 -0.4484868E+01
 0.1763126E+01 -0.6071797E+01
 0.1873435E+01 -0.7487423E+01
 0.1990060E+01 -0.7832670E+01
 0.2112617E+01 -0.5498671E+01
 0.2216002E+01 -0.9290719E+01
 0.7228281E+00  0.2242980E+02
 0.7970707E+00  0.1784481E+02
 0.8830890E+00  0.1476199E+02
 0.9736660E+00  0.1190759E+02
 0.1065278E+01  0.8879863E+01
 0.1158422E+01  0.6033709E+01
 0.1253618E+01  0.3450223E+01
 0.1351034E+01  0.1140171E+01
 0.1450624E+01 -0.9246231E+00
 0.1552291E+01 -0.2791957E+01
 0.1656098E+01 -0.4508337E+01
 0.1762463E+01 -0.6106423E+01
 0.1872616E+01 -0.7546038E+01
 0.1989202E+01 -0.7917151E+01
 0.2112019E+01 -0.5479149E+01
 0.2214987E+01 -0.9345319E+01
 0.7252759E+00  0.2251102E+02
 0.7990178E+00  0.1790526E+02
 0.8847007E+00  0.1482759E+02
 0.9749662E+00  0.1196319E+02
 0.1066248E+01  0.8921251E+01
 0.1159081E+01  0.6062865E+01
 0.1253994E+01  0.3467384E+01
 0.1351158E+01  0.1146170E+01
 0.1450523E+01 -0.9289124E+00
 0.1551986E+01 -0.2805723E+01
 0.1655606E+01 -0.4531727E+01
 0.1761796E+01 -0.6140817E+01
 0.1871791E+01 -0.7604661E+01
 0.1988335E+01 -0.8003306E+01
 0.2111423E+01 -0.5458742E+01
 0.2213966E+01 -0.9395268E+01
 0.7277324E+00  0.2259106E+02
 0.8009715E+00  0.1796475E+02
 0.8863194E+00  0.1489275E+02
 0.9762723E+00  0.1201832E+02
 0.1067222E+01  0.8962359E+01
 0.1159743E+01  0.6091888E+01
 0.1254373E+01  0.3484487E+01
 0.1351283E+01  0.1152157E+01
 0.1450421E+01 -0.9331887E+00
 0.1551679E+01 -0.2819440E+01
 0.1655111E+01 -0.4555039E+01
 0.1761125E+01 -0.6174975E+01
 0.1870959E+01 -0.7663277E+01
 0.1987459E+01 -0.8091186E+01
 0.2110829E+01 -0.5437637E+01
 0.2212940E+01 -0.9440236E+01
 0.7301976E+00  0.2266993E+02
 0.8029317E+00  0.1802327E+02
 0.8879453E+00  0.1495747E+02
 0.9775845E+00  0.1207300E+02
 0.1068200E+01  0.9003188E+01
 0.1160408E+01  0.6120779E+01
 0.1254753E+01  0.3501531E+01
 0.1351409E+01  0.1158134E+01
 0.1450319E+01 -0.9374522E+00
 0.1551372E+01 -0.2833108E+01
 0.1654614E+01 -0.4578276E+01
 0.1760451E+01 -0.6208892E+01
 0.1870121E+01 -0.7721873E+01
 0.1986572E+01 -0.8180838E+01
 0.2110238E+01 -0.5416054E+01
 0.2211909E+01 -0.9479889E+01
 0.7326714E+00  0.2274760E+02
 0.8048982E+00  0.1808084E+02
 0.8895781E+00  0.1502177E+02
 0.9789026E+00  0.1212721E+02
 0.1069183E+01  0.9043739E+01
 0.1161076E+01  0.6149538E+01
 0.1255136E+01  0.3518517E+01
 0.1351536E+01  0.1164099E+01
 0.1450217E+01 -0.9417032E+00
 0.1551062E+01 -0.2846727E+01
 0.1654114E+01 -0.4601438E+01
 0.1759773E+01 -0.6242566E+01
 0.1869277E+01 -0.7780436E+01
 0.1985676E+01 -0.8272313E+01
 0.2109650E+01 -0.5394245E+01
 0.2210875E+01 -0.9513893E+01
 0.7351535E+00  0.2282409E+02
 0.8068708E+00  0.1813747E+02
 0.8912180E+00  0.1508562E+02
 0.9802266E+00  0.1218096E+02
 0.1070171E+01  0.9084015E+01
 0.1161748E+01  0.6178164E+01
 0.1255520E+01  0.3535446E+01
 0.1351663E+01  0.1170052E+01
 0.1450114E+01 -0.9459418E+00
 0.1550751E+01 -0.2860296E+01
 0.1653611E+01 -0.4624529E+01
 0.1759091E+01 -0.6275992E+01
 0.1868426E+01 -0.7838951E+01
 0.1984770E+01 -0.8365658E+01
 0.2109063E+01 -0.5372498E+01
 0.2209837E+01 -0.9541911E+01
 0.7376439E+00  0.2289937E+02
 0.8088496E+00  0.1819317E+02
 0.8928647E+00  0.1514904E+02
 0.9815564E+00  0.1223423E+02
 0.1071162E+01  0.9124016E+01
 0.1162422E+01  0.6206658E+01
 0.1255906E+01  0.3552316E+01
 0.1351791E+01  0.1175995E+01
 0.1450011E+01 -0.9501682E+00
 0.1550439E+01 -0.2873816E+01
 0.1653106E+01 -0.4647550E+01
 0.1758405E+01 -0.6309167E+01
 0.1867569E+01 -0.7897402E+01
 0.1983854E+01 -0.8460920E+01
 0.2108479E+01 -0.5351145E+01
 0.2208796E+01 -0.9563608E+01
 0.7401424E+00  0.2297344E+02
 0.8108345E+00  0.1824795E+02
 0.8945184E+00  0.1521203E+02
 0.9828920E+00  0.1228703E+02
 0.1072159E+01  0.9163745E+01
 0.1163100E+01  0.6235021E+01
 0.1256294E+01  0.3569128E+01
 0.1351919E+01  0.1181928E+01
 0.1449907E+01 -0.9543827E+00
 0.1550125E+01 -0.2887287E+01
 0.1652599E+01 -0.4670504E+01
 0.1757716E+01 -0.6342088E+01
 0.1866705E+01 -0.7955775E+01
 0.1982927E+01 -0.8558148E+01
 0.2107897E+01 -0.5330561E+01
 0.2207754E+01 -0.9578645E+01
 0.7426489E+00  0.2304630E+02
 0.8128252E+00  0.1830182E+02
 0.8961789E+00  0.1527459E+02
 0.9842333E+00  0.1233936E+02
 0.1073159E+01  0.9203203E+01
 0.1163781E+01  0.6263251E+01
 0.1256684E+01  0.3585882E+01
 0.1352048E+01  0.1187849E+01
 0.1449803E+01 -0.9585854E+00
 0.1549810E+01 -0.2900708E+01
 0.1652089E+01 -0.4693392E+01
 0.1757024E+01 -0.6374750E+01
 0.1865835E+01 -0.8014053E+01
 0.1981989E+01 -0.8657386E+01
 0.2107318E+01 -0.5311172E+01
 0.2206710E+01 -0.9586686E+01
 0.7451633E+00  0.2311794E+02
 0.8148218E+00  0.1835480E+02
 0.8978462E+00  0.1533670E+02
 0.9855803E+00  0.1239121E+02
 0.1074164E+01  0.9242393E+01
 0.1164464E+01  0.6291349E+01
 0.1257075E+01  0.3602578E+01
 0.1352178E+01  0.1193760E+01
 0.1449698E+01 -0.9627764E+00
 0.1549493E+01 -0.2914079E+01
 0.1651576E+01 -0.4716217E+01
 0.1756327E+01 -0.6407152E+01
 0.1864959E+01 -0.8072220E+01
 0.1981040E+01 -0.8758681E+01
 0.2106740E+01 -0.5293458E+01
 0.2205665E+01 -0.9587395E+01
 0.7476855E+00  0.2318835E+02
 0.8168240E+00  0.1840689E+02
 0.8995202E+00  0.1539838E+02
 0.9869329E+00  0.1244259E+02
 0.1075173E+01  0.9281316E+01
 0.1165151E+01  0.6319314E+01
 0.1257469E+01  0.3619216E+01
 0.1352308E+01  0.1199661E+01
 0.1449593E+01 -0.9669560E+00
 0.1549175E+01 -0.2927401E+01
 0.1651061E+01 -0.4738982E+01
 0.1755628E+01 -0.6439290E+01
 0.1864077E+01 -0.8130257E+01
 0.1980081E+01 -0.8862075E+01
 0.2106164E+01 -0.5277961E+01
 0.2204621E+01 -0.9580439E+01
 0.7502152E+00  0.2325754E+02
 0.8188319E+00  0.1845812E+02
 0.9012009E+00  0.1545963E+02
 0.9882911E+00  0.1249348E+02
 0.1076186E+01  0.9319975E+01
 0.1165841E+01  0.6347147E+01
 0.1257864E+01  0.3635796E+01
 0.1352439E+01  0.1205551E+01
 0.1449488E+01 -0.9711243E+00
 0.1548856E+01 -0.2940671E+01
 0.1650544E+01 -0.4761688E+01
 0.1754925E+01 -0.6471160E+01
 0.1863188E+01 -0.8188148E+01
 0.1979110E+01 -0.8967612E+01
 0.2105590E+01 -0.5265287E+01
 0.2203578E+01 -0.9565485E+01
 0.7527524E+00  0.2332550E+02
 0.8208454E+00  0.1850849E+02
 0.9028883E+00  0.1552043E+02
 0.9896548E+00  0.1254389E+02
 0.1077203E+01  0.9358372E+01
 0.1166534E+01  0.6374847E+01
 0.1258261E+01  0.3652318E+01
 0.1352571E+01  0.1211431E+01
 0.1449382E+01 -0.9752815E+00
 0.1548535E+01 -0.2953892E+01
 0.1650024E+01 -0.4784338E+01
 0.1754218E+01 -0.6502761E+01
 0.1862293E+01 -0.8245873E+01
 0.1978127E+01 -0.9075333E+01
 0.2105017E+01 -0.5256113E+01
 0.2202537E+01 -0.9542202E+01
 0.7552970E+00  0.2339222E+02
 0.8228643E+00  0.1855802E+02
 0.9045823E+00  0.1558080E+02
 0.9910239E+00  0.1259382E+02
 0.1078225E+01  0.9396509E+01
 0.1167230E+01  0.6402414E+01
 0.1258659E+01  0.3668781E+01
 0.1352703E+01  0.1217302E+01
 0.1449275E+01 -0.9794277E+00
 0.1548212E+01 -0.2967061E+01
 0.1649501E+01 -0.4806934E+01
 0.1753508E+01 -0.6534089E+01
 0.1861392E+01 -0.8303413E+01
 0.1977132E+01 -0.9185277E+01
 0.2104445E+01 -0.5251194E+01
 0.2201500E+01 -0.9510264E+01
 0.7578487E+00  0.2345772E+02
 0.8248885E+00  0.1860673E+02
 0.9062828E+00  0.1564072E+02
 0.9923985E+00  0.1264327E+02
 0.1079250E+01  0.9434389E+01
 0.1167929E+01  0.6429846E+01
 0.1259060E+01  0.3685187E+01
 0.1352836E+01  0.1223162E+01
 0.1449168E+01 -0.9835630E+00
 0.1547888E+01 -0.2980179E+01
 0.1648976E+01 -0.4829479E+01
 0.1752794E+01 -0.6565143E+01
 0.1860484E+01 -0.8360749E+01
 0.1976126E+01 -0.9297482E+01
 0.2103873E+01 -0.5251366E+01
 0.2200466E+01 -0.9469347E+01
 0.7604076E+00  0.2352198E+02
 0.8269180E+00  0.1865464E+02
 0.9079898E+00  0.1570020E+02
 0.9937784E+00  0.1269223E+02
 0.1080280E+01  0.9472013E+01
 0.1168631E+01  0.6457145E+01
 0.1259462E+01  0.3701535E+01
 0.1352970E+01  0.1229012E+01
 0.1449061E+01 -0.9876875E+00
 0.1547563E+01 -0.2993245E+01
 0.1648449E+01 -0.4851975E+01
 0.1752078E+01 -0.6595919E+01
 0.1859570E+01 -0.8417859E+01
 0.1975107E+01 -0.9411983E+01
 0.2103301E+01 -0.5257550E+01
 0.2199437E+01 -0.9419131E+01
 0.7629733E+00  0.2358502E+02
 0.8289526E+00  0.1870175E+02
 0.9097033E+00  0.1575923E+02
 0.9951637E+00  0.1274070E+02
 0.1081314E+01  0.9509384E+01
 0.1169336E+01  0.6484309E+01
 0.1259866E+01  0.3717824E+01
 0.1353104E+01  0.1234853E+01
 0.1448953E+01 -0.9918015E+00
 0.1547236E+01 -0.3006259E+01
 0.1647919E+01 -0.4874425E+01
 0.1751357E+01 -0.6626418E+01
 0.1858650E+01 -0.8474723E+01
 0.1974075E+01 -0.9528815E+01
 0.2102727E+01 -0.5270760E+01
 0.2198414E+01 -0.9359303E+01
 0.7655459E+00  0.2364683E+02
 0.8309924E+00  0.1874809E+02
 0.9114232E+00  0.1581781E+02
 0.9965542E+00  0.1278869E+02
 0.1082352E+01  0.9546505E+01
 0.1170044E+01  0.6511338E+01
 0.1260272E+01  0.3734056E+01
 0.1353239E+01  0.1240684E+01
 0.1448845E+01 -0.9959048E+00
 0.1546908E+01 -0.3019221E+01
 0.1647387E+01 -0.4896831E+01
 0.1750634E+01 -0.6656635E+01
 0.1857724E+01 -0.8531317E+01
 0.1973031E+01 -0.9648009E+01
 0.2102152E+01 -0.5292102E+01
 0.2197398E+01 -0.9289551E+01
 0.7681251E+00  0.2370741E+02
 0.8330372E+00  0.1879368E+02
 0.9131494E+00  0.1587594E+02
 0.9979499E+00  0.1283619E+02
 0.1083394E+01  0.9583377E+01
 0.1170754E+01  0.6538231E+01
 0.1260680E+01  0.3750229E+01
 0.1353374E+01  0.1246505E+01
 0.1448736E+01 -0.9999978E+00
 0.1546578E+01 -0.3032129E+01
 0.1646852E+01 -0.4919196E+01
 0.1749907E+01 -0.6686571E+01
 0.1856791E+01 -0.8587619E+01
 0.1971973E+01 -0.9769595E+01
 0.2101574E+01 -0.5322782E+01
 0.2196391E+01 -0.9209571E+01
 0.7707108E+00  0.2376677E+02
 0.8350869E+00  0.1883854E+02
 0.9148820E+00  0.1593361E+02
 0.9993507E+00  0.1288321E+02
 0.1084440E+01  0.9620004E+01
 0.1171468E+01  0.6564987E+01
 0.1261089E+01  0.3766344E+01
 0.1353510E+01  0.1252317E+01
 0.1448627E+01 -0.1004080E+01
 0.1546247E+01 -0.3044983E+01
 0.1646315E+01 -0.4941521E+01
 0.1749177E+01 -0.6716225E+01
 0.1855853E+01 -0.8643604E+01
 0.1970902E+01 -0.9893599E+01
 0.2100992E+01 -0.5364100E+01
 0.2195392E+01 -0.9119064E+01
 0.7733030E+00  0.2382492E+02
 0.8371414E+00  0.1888267E+02
 0.9166208E+00  0.1599081E+02
 0.1000757E+01  0.1292973E+02
 0.1085489E+01  0.9656388E+01
 0.1172185E+01  0.6591606E+01
 0.1261500E+01  0.3782401E+01
 0.1353647E+01  0.1258119E+01
 0.1448517E+01 -0.1008152E+01
 0.1545915E+01 -0.3057783E+01
 0.1645776E+01 -0.4963810E+01
 0.1748444E+01 -0.6745595E+01
 0.1854908E+01 -0.8699246E+01
 0.1969817E+01 -0.1002005E+02
 0.2100405E+01 -0.5417451E+01
 0.2194404E+01 -0.9017737E+01
 0.7759014E+00  0.2388186E+02
 0.8392007E+00  0.1892611E+02
 0.9183658E+00  0.1604756E+02
 0.1002168E+01  0.1297577E+02
 0.1086543E+01  0.9692532E+01
 0.1172904E+01  0.6618086E+01
 0.1261913E+01  0.3798400E+01
 0.1353784E+01  0.1263911E+01
 0.1448407E+01 -0.1012214E+01
 0.1545581E+01 -0.3070529E+01
 0.1645234E+01 -0.4986064E+01
 0.1747707E+01 -0.6774683E+01
 0.1853958E+01 -0.8754519E+01
 0.1968719E+01 -0.1014896E+02
 0.2099811E+01 -0.5484324E+01
 0.2193428E+01 -0.8905302E+01
 0.7785060E+00  0.2393760E+02
 0.8412647E+00  0.1896888E+02
 0.9201170E+00  0.1610383E+02
 0.1003584E+01  0.1302133E+02
 0.1087601E+01  0.9728437E+01
 0.1173626E+01  0.6644427E+01
 0.1262328E+01  0.3814341E+01
 0.1353922E+01  0.1269694E+01
 0.1448297E+01 -0.1016266E+01
 0.1545246E+01 -0.3083218E+01
 0.1644690E+01 -0.5008287E+01
 0.1746968E+01 -0.6803487E+01
 0.1853001E+01 -0.8809394E+01
 0.1967606E+01 -0.1028036E+02
 0.2099209E+01 -0.5566290E+01
 0.2192465E+01 -0.8781471E+01
 0.7811165E+00  0.2399214E+02
 0.8433333E+00  0.1901098E+02
 0.9218742E+00  0.1615964E+02
 0.1005004E+01  0.1306640E+02
 0.1088663E+01  0.9764106E+01
 0.1174352E+01  0.6670628E+01
 0.1262744E+01  0.3830224E+01
 0.1354061E+01  0.1275468E+01
 0.1448186E+01 -0.1020307E+01
 0.1544909E+01 -0.3095852E+01
 0.1644143E+01 -0.5030480E+01
 0.1746225E+01 -0.6832009E+01
 0.1852038E+01 -0.8863840E+01
 0.1966479E+01 -0.1041427E+02
 0.2098598E+01 -0.5664997E+01
 0.2191515E+01 -0.8645961E+01
 0.7837330E+00  0.2404549E+02
 0.8454065E+00  0.1905246E+02
 0.9236376E+00  0.1621496E+02
 0.1006430E+01  0.1311098E+02
 0.1089728E+01  0.9799543E+01
 0.1175080E+01  0.6696688E+01
 0.1263162E+01  0.3846049E+01
 0.1354200E+01  0.1281232E+01
 0.1448075E+01 -0.1024338E+01
 0.1544571E+01 -0.3108429E+01
 0.1643594E+01 -0.5052646E+01
 0.1745479E+01 -0.6860251E+01
 0.1851070E+01 -0.8917827E+01
 0.1965337E+01 -0.1055070E+02
 0.2097974E+01 -0.5782151E+01
 0.2190581E+01 -0.8498484E+01
 0.7863551E+00  0.2409766E+02
 0.8474842E+00  0.1909332E+02
 0.9254069E+00  0.1626979E+02
 0.1007861E+01  0.1315509E+02
 0.1090798E+01  0.9834748E+01
 0.1175811E+01  0.6722606E+01
 0.1263582E+01  0.3861816E+01
 0.1354340E+01  0.1286987E+01
 0.1447963E+01 -0.1028358E+01
 0.1544232E+01 -0.3120949E+01
 0.1643042E+01 -0.5074786E+01
 0.1744731E+01 -0.6888214E+01
 0.1850095E+01 -0.8971319E+01
 0.1964180E+01 -0.1068968E+02
 0.2097337E+01 -0.5919502E+01
 0.2189664E+01 -0.8338741E+01
 0.7889830E+00  0.2414867E+02
 0.8495663E+00  0.1913360E+02
 0.9271822E+00  0.1632414E+02
 0.1009296E+01  0.1319871E+02
 0.1091871E+01  0.9869725E+01
 0.1176544E+01  0.6748380E+01
 0.1264004E+01  0.3877525E+01
 0.1354480E+01  0.1292732E+01
 0.1447851E+01 -0.1032368E+01
 0.1543891E+01 -0.3133411E+01
 0.1642488E+01 -0.5096903E+01
 0.1743979E+01 -0.6915902E+01
 0.1849115E+01 -0.9024281E+01
 0.1963008E+01 -0.1083121E+02
 0.2096684E+01 -0.6078823E+01
 0.2188765E+01 -0.8166417E+01
 0.7916163E+00  0.2419851E+02
 0.8516527E+00  0.1917332E+02
 0.9289633E+00  0.1637799E+02
 0.1010736E+01  0.1324185E+02
 0.1092948E+01  0.9904476E+01
 0.1177281E+01  0.6774009E+01
 0.1264427E+01  0.3893177E+01
 0.1354622E+01  0.1298467E+01
 0.1447738E+01 -0.1036367E+01
 0.1543549E+01 -0.3145815E+01
 0.1641932E+01 -0.5118999E+01
 0.1743224E+01 -0.6943316E+01
 0.1848129E+01 -0.9076674E+01
 0.1961821E+01 -0.1097532E+02
 0.2096012E+01 -0.6261886E+01
 0.2187885E+01 -0.7981165E+01
 0.7942549E+00  0.2424721E+02
 0.8537434E+00  0.1921249E+02
 0.9307503E+00  0.1643133E+02
 0.1012181E+01  0.1328452E+02
 0.1094029E+01  0.9939003E+01
 0.1178020E+01  0.6799493E+01
 0.1264852E+01  0.3908771E+01
 0.1354763E+01  0.1304192E+01
 0.1447625E+01 -0.1040356E+01
 0.1543206E+01 -0.3158159E+01
 0.1641373E+01 -0.5141075E+01
 0.1742466E+01 -0.6970462E+01
 0.1847138E+01 -0.9128455E+01
 0.1960617E+01 -0.1112203E+02
 0.2095319E+01 -0.6470430E+01
 0.2187027E+01 -0.7782591E+01
 0.7968988E+00  0.2429477E+02
 0.8558384E+00  0.1925116E+02
 0.9325431E+00  0.1648416E+02
 0.1013631E+01  0.1332671E+02
 0.1095113E+01  0.9973309E+01
 0.1178762E+01  0.6824830E+01
 0.1265279E+01  0.3924309E+01
 0.1354906E+01  0.1309907E+01
 0.1447511E+01 -0.1044334E+01
 0.1542861E+01 -0.3170443E+01
 0.1640811E+01 -0.5163134E+01
 0.1741705E+01 -0.6997345E+01
 0.1846141E+01 -0.9179581E+01
 0.1959397E+01 -0.1127135E+02
 0.2094601E+01 -0.6706143E+01
 0.2186190E+01 -0.7570232E+01
 0.7995479E+00  0.2434121E+02
 0.8579376E+00  0.1928933E+02
 0.9343416E+00  0.1653647E+02
 0.1015085E+01  0.1336843E+02
 0.1096202E+01  0.1000740E+02
 0.1179507E+01  0.6850019E+01
 0.1265707E+01  0.3939789E+01
 0.1355049E+01  0.1315612E+01
 0.1447397E+01 -0.1048300E+01
 0.1542515E+01 -0.3182666E+01
 0.1640248E+01 -0.5185178E+01
 0.1740942E+01 -0.7023970E+01
 0.1845138E+01 -0.9230002E+01
 0.1958161E+01 -0.1142333E+02
 0.2093857E+01 -0.6970625E+01
 0.2185378E+01 -0.7343527E+01
 0.8022019E+00  0.2438653E+02
 0.8600409E+00  0.1932705E+02
 0.9361458E+00  0.1658825E+02
 0.1016543E+01  0.1340969E+02
 0.1097294E+01  0.1004126E+02
 0.1180255E+01  0.6875058E+01
 0.1266137E+01  0.3955214E+01
 0.1355192E+01  0.1321307E+01
 0.1447283E+01 -0.1052255E+01
 0.1542168E+01 -0.3194828E+01
 0.1639682E+01 -0.5207207E+01
 0.1740175E+01 -0.7050343E+01
 0.1844130E+01 -0.9279666E+01
 0.1956909E+01 -0.1157799E+02
 0.2093082E+01 -0.7265369E+01
 0.2184591E+01 -0.7101780E+01
 0.8048608E+00  0.2443076E+02
 0.8621482E+00  0.1936434E+02
 0.9379556E+00  0.1663950E+02
 0.1018006E+01  0.1345048E+02
 0.1098389E+01  0.1007492E+02
 0.1181005E+01  0.6899945E+01
 0.1266569E+01  0.3970581E+01
 0.1355337E+01  0.1326991E+01
 0.1447168E+01 -0.1056198E+01
 0.1541819E+01 -0.3206928E+01
 0.1639113E+01 -0.5229224E+01
 0.1739406E+01 -0.7076472E+01
 0.1843116E+01 -0.9328519E+01
 0.1955639E+01 -0.1173539E+02
 0.2092273E+01 -0.7591738E+01
 0.2183831E+01 -0.6844110E+01
 0.8075244E+00  0.2447390E+02
 0.8642597E+00  0.1940123E+02
 0.9397710E+00  0.1669020E+02
 0.1019474E+01  0.1349081E+02
 0.1099489E+01  0.1010836E+02
 0.1181758E+01  0.6924680E+01
 0.1267002E+01  0.3985894E+01
 0.1355481E+01  0.1332665E+01
 0.1447053E+01 -0.1060130E+01
 0.1541469E+01 -0.3218965E+01
 0.1638543E+01 -0.5251230E+01
 0.1738633E+01 -0.7102365E+01
 0.1842097E+01 -0.9376498E+01
 0.1954352E+01 -0.1189559E+02
 0.2091427E+01 -0.7950955E+01
 0.2183101E+01 -0.6569391E+01
 0.8101927E+00  0.2451598E+02
 0.8663751E+00  0.1943775E+02
 0.9415918E+00  0.1674035E+02
 0.1020945E+01  0.1353068E+02
 0.1100592E+01  0.1014159E+02
 0.1182514E+01  0.6949261E+01
 0.1267437E+01  0.4001151E+01
 0.1355627E+01  0.1338327E+01
 0.1446937E+01 -0.1064049E+01
 0.1541118E+01 -0.3230938E+01
 0.1637969E+01 -0.5273227E+01
 0.1737858E+01 -0.7128030E+01
 0.1841073E+01 -0.9423540E+01
 0.1953047E+01 -0.1205865E+02
 0.2090539E+01 -0.8344094E+01
 0.2182401E+01 -0.6276167E+01
 0.8128656E+00  0.2455701E+02
 0.8684945E+00  0.1947393E+02
 0.9434181E+00  0.1678993E+02
 0.1022421E+01  0.1357010E+02
 0.1101698E+01  0.1017461E+02
 0.1183272E+01  0.6973686E+01
 0.1267874E+01  0.4016353E+01
 0.1355773E+01  0.1343978E+01
 0.1446821E+01 -0.1067957E+01
 0.1540765E+01 -0.3242846E+01
 0.1637394E+01 -0.5295216E+01
 0.1737080E+01 -0.7153476E+01
 0.1840044E+01 -0.9469576E+01
 0.1951724E+01 -0.1222469E+02
 0.2089607E+01 -0.8772094E+01
 0.2181734E+01 -0.5962551E+01
 0.8155428E+00  0.2459701E+02
 0.8706178E+00  0.1950981E+02
 0.9452497E+00  0.1683893E+02
 0.1023902E+01  0.1360907E+02
 0.1102808E+01  0.1020742E+02
 0.1184033E+01  0.6997953E+01
 0.1268312E+01  0.4031501E+01
 0.1355920E+01  0.1349616E+01
 0.1446704E+01 -0.1071851E+01
 0.1540412E+01 -0.3254689E+01
 0.1636816E+01 -0.5317200E+01
 0.1736300E+01 -0.7178713E+01
 0.1839010E+01 -0.9514530E+01
 0.1950384E+01 -0.1239382E+02
 0.2088627E+01 -0.9235781E+01
 0.2181103E+01 -0.5626075E+01
 0.8182244E+00  0.2463601E+02
 0.8727449E+00  0.1954541E+02
 0.9470867E+00  0.1688735E+02
 0.1025386E+01  0.1364760E+02
 0.1103922E+01  0.1024003E+02
 0.1184796E+01  0.7022061E+01
 0.1268752E+01  0.4046596E+01
 0.1356067E+01  0.1355243E+01
 0.1446587E+01 -0.1075732E+01
 0.1540056E+01 -0.3266464E+01
 0.1636235E+01 -0.5339180E+01
 0.1735516E+01 -0.7203750E+01
 0.1837972E+01 -0.9558324E+01
 0.1949024E+01 -0.1256619E+02
 0.2087594E+01 -0.9735905E+01
 0.2180509E+01 -0.5263500E+01
 0.8209101E+00  0.2467402E+02
 0.8748760E+00  0.1958078E+02
 0.9489289E+00  0.1693518E+02
 0.1026875E+01  0.1368569E+02
 0.1105039E+01  0.1027244E+02
 0.1185563E+01  0.7046007E+01
 0.1269194E+01  0.4061638E+01
 0.1356215E+01  0.1360857E+01
 0.1446470E+01 -0.1079601E+01
 0.1539700E+01 -0.3278171E+01
 0.1635652E+01 -0.5361159E+01
 0.1734730E+01 -0.7228598E+01
 0.1836928E+01 -0.9600874E+01
 0.1947646E+01 -0.1274201E+02
 0.2086504E+01 -0.1027319E+02
 0.2179957E+01 -0.4870529E+01
 0.8235999E+00  0.2471109E+02
 0.8770109E+00  0.1961595E+02
 0.9507762E+00  0.1698239E+02
 0.1028368E+01  0.1372335E+02
 0.1106160E+01  0.1030465E+02
 0.1186332E+01  0.7069790E+01
 0.1269637E+01  0.4076629E+01
 0.1356364E+01  0.1366458E+01
 0.1446352E+01 -0.1083456E+01
 0.1539342E+01 -0.3289807E+01
 0.1635067E+01 -0.5383140E+01
 0.1733942E+01 -0.7253266E+01
 0.1835880E+01 -0.9642091E+01
 0.1946248E+01 -0.1292150E+02
 0.2085354E+01 -0.1084843E+02
 0.2179449E+01 -0.4441414E+01
 0.8262938E+00  0.2474725E+02
 0.8791496E+00  0.1965096E+02
 0.9526287E+00  0.1702899E+02
 0.1029865E+01  0.1376057E+02
 0.1107284E+01  0.1033666E+02
 0.1187103E+01  0.7093408E+01
 0.1270082E+01  0.4091568E+01
 0.1356513E+01  0.1372045E+01
 0.1446234E+01 -0.1087298E+01
 0.1538983E+01 -0.3301372E+01
 0.1634480E+01 -0.5405127E+01
 0.1733150E+01 -0.7277760E+01
 0.1834827E+01 -0.9681883E+01
 0.1944830E+01 -0.1310496E+02
 0.2084140E+01 -0.1146256E+02
 0.2178991E+01 -0.3968343E+01
 0.8289915E+00  0.2478253E+02
 0.8812922E+00  0.1968584E+02
 0.9544862E+00  0.1707496E+02
 0.1031366E+01  0.1379737E+02
 0.1108412E+01  0.1036847E+02
 0.1187877E+01  0.7116857E+01
 0.1270528E+01  0.4106458E+01
 0.1356663E+01  0.1377619E+01
 0.1446115E+01 -0.1091127E+01
 0.1538623E+01 -0.3312861E+01
 0.1633890E+01 -0.5427123E+01
 0.1732356E+01 -0.7302089E+01
 0.1833771E+01 -0.9720151E+01
 0.1943393E+01 -0.1329276E+02
 0.2082856E+01 -0.1211678E+02
 0.2178587E+01 -0.3440511E+01
 0.8316930E+00  0.2481698E+02
 0.8834385E+00  0.1972063E+02
 0.9563487E+00  0.1712029E+02
 0.1032871E+01  0.1383375E+02
 0.1109543E+01  0.1040009E+02
 0.1188653E+01  0.7140136E+01
 0.1270976E+01  0.4121299E+01
 0.1356813E+01  0.1383178E+01
 0.1445996E+01 -0.1094942E+01
 0.1538261E+01 -0.3324274E+01
 0.1633297E+01 -0.5449136E+01
 0.1731559E+01 -0.7326255E+01
 0.1832710E+01 -0.9756797E+01
 0.1941934E+01 -0.1348532E+02
 0.2081498E+01 -0.1281276E+02
 0.2178244E+01 -0.2842616E+01
 0.8343982E+00  0.2485066E+02
 0.8855886E+00  0.1975537E+02
 0.9582161E+00  0.1716498E+02
 0.1034380E+01  0.1386971E+02
 0.1110678E+01  0.1043152E+02
 0.1189433E+01  0.7163241E+01
 0.1271426E+01  0.4136092E+01
 0.1356964E+01  0.1388723E+01
 0.1445877E+01 -0.1098745E+01
 0.1537899E+01 -0.3335606E+01
 0.1632703E+01 -0.5471171E+01
 0.1730760E+01 -0.7350259E+01
 0.1831645E+01 -0.9791719E+01
 0.1940455E+01 -0.1368321E+02
 0.2080063E+01 -0.1355283E+02
 0.2177971E+01 -0.2152342E+01
 0.8371070E+00  0.2488363E+02
 0.8877425E+00  0.1979010E+02
 0.9600883E+00  0.1720902E+02
 0.1035892E+01  0.1390525E+02
 0.1111816E+01  0.1046277E+02
 0.1190214E+01  0.7186170E+01
 0.1271878E+01  0.4150840E+01
 0.1357115E+01  0.1394253E+01
 0.1445757E+01 -0.1102537E+01
 0.1537535E+01 -0.3346852E+01
 0.1632105E+01 -0.5493240E+01
 0.1729958E+01 -0.7374093E+01
 0.1830577E+01 -0.9824819E+01
 0.1938953E+01 -0.1388711E+02
 0.2078544E+01 -0.1434038E+02
 0.2177779E+01 -0.1335919E+01
 0.8398194E+00  0.2491599E+02
 0.8899002E+00  0.1982485E+02
 0.9619653E+00  0.1725239E+02
 0.1037409E+01  0.1394036E+02
 0.1112957E+01  0.1049384E+02
 0.1190998E+01  0.7208918E+01
 0.1272331E+01  0.4165543E+01
 0.1357268E+01  0.1399768E+01
 0.1445637E+01 -0.1106318E+01
 0.1537169E+01 -0.3358007E+01
 0.1631506E+01 -0.5515355E+01
 0.1729153E+01 -0.7397743E+01
 0.1829505E+01 -0.9856001E+01
 0.1937429E+01 -0.1409790E+02
 0.2076936E+01 -0.1518033E+02
 0.2177686E+01 -0.3398226E+00
 0.8425353E+00  0.2494782E+02
 0.8920616E+00  0.1985967E+02
 0.9638470E+00  0.1729511E+02
 0.1038930E+01  0.1397506E+02
 0.1114102E+01  0.1052474E+02
 0.1191785E+01  0.7231480E+01
 0.1272785E+01  0.4180204E+01
 0.1357420E+01  0.1405268E+01
 0.1445516E+01 -0.1110090E+01
 0.1536803E+01 -0.3369064E+01
 0.1630904E+01 -0.5537534E+01
 0.1728346E+01 -0.7421177E+01
 0.1828429E+01 -0.9885184E+01
 0.1935881E+01 -0.1431676E+02
 0.2075234E+01 -0.1608019E+02
 0.2177715E+01  0.9260064E+00
 0.8452547E+00  0.2497927E+02
 0.8942269E+00  0.1989459E+02
 0.9657333E+00  0.1733718E+02
 0.1040454E+01  0.1400931E+02
 0.1115250E+01  0.1055548E+02
 0.1192574E+01  0.7253850E+01
 0.1273241E+01  0.4194825E+01
 0.1357574E+01  0.1410753E+01
 0.1445395E+01 -0.1113858E+01
 0.1536435E+01 -0.3380010E+01
 0.1630299E+01 -0.5559804E+01
 0.1727537E+01 -0.7444341E+01
 0.1827351E+01 -0.9912309E+01
 0.1934309E+01 -0.1454526E+02
 0.2073430E+01 -0.1705179E+02
 0.2177904E+01  0.2625532E+01
 0.8479774E+00  0.2501051E+02
 0.8963960E+00  0.1992964E+02
 0.9676241E+00  0.1737861E+02
 0.1041982E+01  0.1404312E+02
 0.1116402E+01  0.1058608E+02
 0.1193365E+01  0.7276019E+01
 0.1273699E+01  0.4209410E+01
 0.1357728E+01  0.1416224E+01
 0.1445273E+01 -0.1117624E+01
 0.1536067E+01 -0.3390832E+01
 0.1629692E+01 -0.5582206E+01
 0.1726724E+01 -0.7467145E+01
 0.1826270E+01 -0.9937352E+01
 0.1932712E+01 -0.1478578E+02
 0.2071516E+01 -0.1811520E+02
 0.2178315E+01  0.5091753E+01
 0.8507036E+00  0.2504181E+02
 0.8985689E+00  0.1996488E+02
 0.9695195E+00  0.1741942E+02
 0.1043513E+01  0.1407643E+02
 0.1117556E+01  0.1061656E+02
 0.1194159E+01  0.7297972E+01
 0.1274158E+01  0.4223964E+01
 0.1357882E+01  0.1421681E+01
 0.1445151E+01 -0.1121398E+01
 0.1535697E+01 -0.3401504E+01
 0.1629083E+01 -0.5604801E+01
 0.1725910E+01 -0.7489431E+01
 0.1825186E+01 -0.9960324E+01
 0.1931087E+01 -0.1504232E+02
 0.2069479E+01 -0.1930839E+02
 0.2179068E+01  0.9118251E+01
 0.8534332E+00  0.2507351E+02
 0.9007456E+00  0.2000047E+02
 0.9714192E+00  0.1745963E+02
 0.1045048E+01  0.1410921E+02
 0.1118715E+01  0.1064697E+02
 0.1194955E+01  0.7319682E+01
 0.1274619E+01  0.4238502E+01
 0.1358037E+01  0.1427122E+01
 0.1445029E+01 -0.1125189E+01
 0.1535326E+01 -0.3411989E+01
 0.1628471E+01 -0.5627686E+01
 0.1725093E+01 -0.7510979E+01
 0.1824100E+01 -0.9981069E+01
 0.1929434E+01 -0.1532299E+02
 0.2067302E+01 -0.2071215E+02
 0.2180436E+01  0.1699182E+02
 0.8561662E+00  0.2510576E+02
 0.9029263E+00  0.2003671E+02
 0.9733233E+00  0.1749913E+02
 0.1046587E+01  0.1414145E+02
 0.1119876E+01  0.1067734E+02
 0.1195754E+01  0.7341122E+01
 0.1275082E+01  0.4253040E+01
 0.1358193E+01  0.1432540E+01
 0.1444906E+01 -0.1128999E+01
 0.1534953E+01 -0.3422264E+01
 0.1627857E+01 -0.5650916E+01
 0.1724273E+01 -0.7531751E+01
 0.1823012E+01 -0.9998724E+01
 0.1927748E+01 -0.1563821E+02
 0.2064957E+01 -0.2235849E+02
 0.2182872E+01  0.2572608E+02
 0.8588006E+00  0.2183293E+02
 0.9047961E+00  0.1139438E+02
 0.9752368E+00  0.1725133E+02
 0.1049293E+01  0.4045050E+02
 0.1121002E+01  0.9460083E+01
 0.1196493E+01  0.5729334E+01
 0.1275463E+01  0.2277544E+01
 0.1358506E+01  0.3960997E+01
 0.1444723E+01 -0.2482288E+01
 0.1534524E+01 -0.4617656E+01
 0.1627145E+01 -0.7395054E+01
 0.1723781E+01 -0.2559244E+01
 0.1821944E+01 -0.9757728E+01
 0.1925080E+01 -0.2986989E+02
 0.2058205E+01 -0.8300895E+02
 0.1724321E+01 -0.6510566E+04
 0.8610896E+00  0.2052279E+02
 0.9059543E+00  0.1019917E+02
 0.9770427E+00  0.1623618E+02
 0.1053637E+01  0.3962834E+02
 0.1121980E+01  0.8818470E+01
 0.1197075E+01  0.5282979E+01
 0.1275680E+01  0.2036670E+01
 0.1358919E+01  0.3938150E+01
 0.1444445E+01 -0.2278770E+01
 0.1534027E+01 -0.4176533E+01
 0.1626359E+01 -0.6707803E+01
 0.1723536E+01 -0.1612941E+01
 0.1820929E+01 -0.8548978E+01
 0.1921889E+01 -0.2838620E+02
 0.2049245E+01 -0.8117299E+02
 0.1015109E+01 -0.6510557E+04
