 0.1000000E+00  0.5134291E+00  0.6316375E+00  0.7498467E+00  0.8680562E+00  0.9862658E+00  0.1104475E+01  0.1222685E+01  0.1340895E+01  0.1459105E+01  0.1577315E+01  0.1695525E+01  0.1813736E+01  0.1931946E+01  0.2050157E+01  0.2168368E+01  0.2286578E+01
 0.2000000E+00  0.5134598E+00  0.6316612E+00  0.7498655E+00  0.8680708E+00  0.9862767E+00  0.1104483E+01  0.1222690E+01  0.1340897E+01  0.1459104E+01  0.1577311E+01  0.1695520E+01  0.1813729E+01  0.1931939E+01  0.2050149E+01  0.2168360E+01  0.2286569E+01
 0.3000000E+00  0.5135111E+00  0.6317007E+00  0.7498969E+00  0.8680952E+00  0.9862950E+00  0.1104496E+01  0.1222697E+01  0.1340899E+01  0.1459102E+01  0.1577306E+01  0.1695511E+01  0.1813718E+01  0.1931927E+01  0.2050136E+01  0.2168347E+01  0.2286553E+01
 0.4000000E+00  0.5135829E+00  0.6317560E+00  0.7499407E+00  0.8681293E+00  0.9863207E+00  0.1104514E+01  0.1222707E+01  0.1340902E+01  0.1459099E+01  0.1577297E+01  0.1695498E+01  0.1813703E+01  0.1931909E+01  0.2050118E+01  0.2168328E+01  0.2286531E+01
 0.5000000E+00  0.5136752E+00  0.6318271E+00  0.7499971E+00  0.8681732E+00  0.9863536E+00  0.1104536E+01  0.1222721E+01  0.1340907E+01  0.1459095E+01  0.1577286E+01  0.1695482E+01  0.1813683E+01  0.1931887E+01  0.2050095E+01  0.2168304E+01  0.2286503E+01
 0.6000000E+00  0.5137880E+00  0.6319140E+00  0.7500660E+00  0.8682269E+00  0.9863938E+00  0.1104564E+01  0.1222737E+01  0.1340912E+01  0.1459090E+01  0.1577273E+01  0.1695463E+01  0.1813658E+01  0.1931860E+01  0.2050067E+01  0.2168275E+01  0.2286469E+01
 0.7000000E+00  0.5139213E+00  0.6320167E+00  0.7501475E+00  0.8682902E+00  0.9864414E+00  0.1104597E+01  0.1222756E+01  0.1340918E+01  0.1459085E+01  0.1577258E+01  0.1695439E+01  0.1813630E+01  0.1931829E+01  0.2050033E+01  0.2168241E+01  0.2286429E+01
 0.8000000E+00  0.5140751E+00  0.6321351E+00  0.7502415E+00  0.8683634E+00  0.9864963E+00  0.1104635E+01  0.1222778E+01  0.1340926E+01  0.1459079E+01  0.1577240E+01  0.1695412E+01  0.1813597E+01  0.1931792E+01  0.2049995E+01  0.2168201E+01  0.2286382E+01
 0.9000000E+00  0.5142493E+00  0.6322694E+00  0.7503480E+00  0.8684463E+00  0.9865584E+00  0.1104679E+01  0.1222804E+01  0.1340934E+01  0.1459071E+01  0.1577220E+01  0.1695382E+01  0.1813559E+01  0.1931750E+01  0.2049951E+01  0.2168156E+01  0.2286329E+01
 0.1000000E+01  0.5144440E+00  0.6324194E+00  0.7504670E+00  0.8685389E+00  0.9866279E+00  0.1104727E+01  0.1222832E+01  0.1340943E+01  0.1459063E+01  0.1577197E+01  0.1695348E+01  0.1813517E+01  0.1931704E+01  0.2049902E+01  0.2168106E+01  0.2286270E+01
 0.1100000E+01  0.5146592E+00  0.6325851E+00  0.7505985E+00  0.8686413E+00  0.9867047E+00  0.1104780E+01  0.1222863E+01  0.1340953E+01  0.1459055E+01  0.1577172E+01  0.1695310E+01  0.1813471E+01  0.1931652E+01  0.2049848E+01  0.2168050E+01  0.2286205E+01
 0.1200000E+01  0.5148948E+00  0.6327667E+00  0.7507425E+00  0.8687534E+00  0.9867888E+00  0.1104838E+01  0.1222897E+01  0.1340964E+01  0.1459045E+01  0.1577145E+01  0.1695269E+01  0.1813420E+01  0.1931596E+01  0.2049788E+01  0.2167990E+01  0.2286133E+01
 0.1300000E+01  0.5151508E+00  0.6329640E+00  0.7508990E+00  0.8688752E+00  0.9868802E+00  0.1104902E+01  0.1222934E+01  0.1340976E+01  0.1459035E+01  0.1577115E+01  0.1695224E+01  0.1813365E+01  0.1931534E+01  0.2049724E+01  0.2167924E+01  0.2286056E+01
 0.1400000E+01  0.5154271E+00  0.6331770E+00  0.7510680E+00  0.8690067E+00  0.9869789E+00  0.1104970E+01  0.1222974E+01  0.1340990E+01  0.1459023E+01  0.1577083E+01  0.1695176E+01  0.1813305E+01  0.1931468E+01  0.2049654E+01  0.2167852E+01  0.2285972E+01
 0.1500000E+01  0.5157239E+00  0.6334057E+00  0.7512495E+00  0.8691480E+00  0.9870849E+00  0.1105044E+01  0.1223016E+01  0.1341004E+01  0.1459011E+01  0.1577048E+01  0.1695124E+01  0.1813241E+01  0.1931397E+01  0.2049580E+01  0.2167775E+01  0.2285882E+01
 0.1600000E+01  0.5160410E+00  0.6336502E+00  0.7514434E+00  0.8692990E+00  0.9871982E+00  0.1105122E+01  0.1223062E+01  0.1341019E+01  0.1458998E+01  0.1577012E+01  0.1695068E+01  0.1813173E+01  0.1931321E+01  0.2049500E+01  0.2167694E+01  0.2285785E+01
 0.1700000E+01  0.5163785E+00  0.6339104E+00  0.7516498E+00  0.8694597E+00  0.9873188E+00  0.1105206E+01  0.1223111E+01  0.1341034E+01  0.1458984E+01  0.1576972E+01  0.1695009E+01  0.1813100E+01  0.1931240E+01  0.2049415E+01  0.2167606E+01  0.2285683E+01
 0.1800000E+01  0.5167363E+00  0.6341862E+00  0.7518687E+00  0.8696302E+00  0.9874466E+00  0.1105295E+01  0.1223163E+01  0.1341051E+01  0.1458970E+01  0.1576931E+01  0.1694946E+01  0.1813022E+01  0.1931154E+01  0.2049324E+01  0.2167514E+01  0.2285574E+01
 0.1900000E+01  0.5171143E+00  0.6344778E+00  0.7521001E+00  0.8698103E+00  0.9875818E+00  0.1105388E+01  0.1223217E+01  0.1341069E+01  0.1458954E+01  0.1576887E+01  0.1694880E+01  0.1812941E+01  0.1931063E+01  0.2049229E+01  0.2167416E+01  0.2285459E+01
 0.2000000E+01  0.5175126E+00  0.6347850E+00  0.7523439E+00  0.8700001E+00  0.9877242E+00  0.1105487E+01  0.1223275E+01  0.1341088E+01  0.1458938E+01  0.1576841E+01  0.1694810E+01  0.1812855E+01  0.1930968E+01  0.2049128E+01  0.2167313E+01  0.2285338E+01
 0.2100000E+01  0.5179312E+00  0.6351079E+00  0.7526001E+00  0.8701996E+00  0.9878739E+00  0.1105591E+01  0.1223335E+01  0.1341108E+01  0.1458921E+01  0.1576792E+01  0.1694737E+01  0.1812764E+01  0.1930867E+01  0.2049023E+01  0.2167205E+01  0.2285211E+01
 0.2200000E+01  0.5183700E+00  0.6354465E+00  0.7528687E+00  0.8704088E+00  0.9880308E+00  0.1105700E+01  0.1223398E+01  0.1341129E+01  0.1458903E+01  0.1576741E+01  0.1694660E+01  0.1812669E+01  0.1930761E+01  0.2048912E+01  0.2167091E+01  0.2285078E+01
 0.2300000E+01  0.5188289E+00  0.6358006E+00  0.7531497E+00  0.8706277E+00  0.9881950E+00  0.1105813E+01  0.1223465E+01  0.1341150E+01  0.1458884E+01  0.1576688E+01  0.1694579E+01  0.1812570E+01  0.1930651E+01  0.2048796E+01  0.2166972E+01  0.2284939E+01
 0.2400000E+01  0.5193080E+00  0.6361704E+00  0.7534432E+00  0.8708562E+00  0.9883665E+00  0.1105932E+01  0.1223534E+01  0.1341173E+01  0.1458865E+01  0.1576632E+01  0.1694495E+01  0.1812466E+01  0.1930535E+01  0.2048675E+01  0.2166848E+01  0.2284793E+01
 0.2500000E+01  0.5198072E+00  0.6365558E+00  0.7537490E+00  0.8710945E+00  0.9885451E+00  0.1106056E+01  0.1223606E+01  0.1341196E+01  0.1458844E+01  0.1576574E+01  0.1694408E+01  0.1812357E+01  0.1930415E+01  0.2048548E+01  0.2166719E+01  0.2284641E+01
 0.2600000E+01  0.5203265E+00  0.6369567E+00  0.7540672E+00  0.8713423E+00  0.9887311E+00  0.1106185E+01  0.1223681E+01  0.1341221E+01  0.1458823E+01  0.1576513E+01  0.1694316E+01  0.1812245E+01  0.1930290E+01  0.2048417E+01  0.2166584E+01  0.2284484E+01
 0.2700000E+01  0.5208658E+00  0.6373732E+00  0.7543978E+00  0.8715998E+00  0.9889243E+00  0.1106319E+01  0.1223759E+01  0.1341246E+01  0.1458801E+01  0.1576451E+01  0.1694222E+01  0.1812128E+01  0.1930160E+01  0.2048280E+01  0.2166444E+01  0.2284320E+01
 0.2800000E+01  0.5214252E+00  0.6378052E+00  0.7547407E+00  0.8718670E+00  0.9891247E+00  0.1106457E+01  0.1223840E+01  0.1341273E+01  0.1458778E+01  0.1576386E+01  0.1694123E+01  0.1812006E+01  0.1930025E+01  0.2048138E+01  0.2166299E+01  0.2284150E+01
 0.2900000E+01  0.5220045E+00  0.6382528E+00  0.7550959E+00  0.8721437E+00  0.9893323E+00  0.1106601E+01  0.1223923E+01  0.1341300E+01  0.1458755E+01  0.1576318E+01  0.1694021E+01  0.1811880E+01  0.1929884E+01  0.2047991E+01  0.2166148E+01  0.2283974E+01
 0.3000000E+01  0.5226037E+00  0.6387158E+00  0.7554635E+00  0.8724301E+00  0.9895471E+00  0.1106750E+01  0.1224010E+01  0.1341329E+01  0.1458730E+01  0.1576249E+01  0.1693916E+01  0.1811750E+01  0.1929739E+01  0.2047839E+01  0.2165993E+01  0.2283791E+01
 0.3100000E+01  0.5232229E+00  0.6391943E+00  0.7558434E+00  0.8727261E+00  0.9897692E+00  0.1106904E+01  0.1224099E+01  0.1341358E+01  0.1458705E+01  0.1576177E+01  0.1693807E+01  0.1811615E+01  0.1929589E+01  0.2047682E+01  0.2165832E+01  0.2283603E+01
 0.3200000E+01  0.5238619E+00  0.6396883E+00  0.7562355E+00  0.8730318E+00  0.9899984E+00  0.1107063E+01  0.1224191E+01  0.1341388E+01  0.1458679E+01  0.1576102E+01  0.1693694E+01  0.1811475E+01  0.1929435E+01  0.2047520E+01  0.2165666E+01  0.2283409E+01
 0.3300000E+01  0.5245207E+00  0.6401977E+00  0.7566399E+00  0.8733469E+00  0.9902349E+00  0.1107226E+01  0.1224286E+01  0.1341419E+01  0.1458652E+01  0.1576026E+01  0.1693578E+01  0.1811332E+01  0.1929275E+01  0.2047352E+01  0.2165494E+01  0.2283208E+01
 0.3400000E+01  0.5251992E+00  0.6407225E+00  0.7570566E+00  0.8736717E+00  0.9904785E+00  0.1107395E+01  0.1224384E+01  0.1341451E+01  0.1458625E+01  0.1575947E+01  0.1693458E+01  0.1811183E+01  0.1929110E+01  0.2047179E+01  0.2165317E+01  0.2283002E+01
 0.3500000E+01  0.5258975E+00  0.6412627E+00  0.7574855E+00  0.8740061E+00  0.9907293E+00  0.1107568E+01  0.1224485E+01  0.1341484E+01  0.1458596E+01  0.1575865E+01  0.1693335E+01  0.1811031E+01  0.1928940E+01  0.2047001E+01  0.2165135E+01  0.2282789E+01
 0.3600000E+01  0.5266155E+00  0.6418183E+00  0.7579266E+00  0.8743500E+00  0.9909873E+00  0.1107747E+01  0.1224589E+01  0.1341518E+01  0.1458567E+01  0.1575782E+01  0.1693208E+01  0.1810874E+01  0.1928765E+01  0.2046818E+01  0.2164948E+01  0.2282571E+01
 0.3700000E+01  0.5273531E+00  0.6423891E+00  0.7583800E+00  0.8747034E+00  0.9912524E+00  0.1107930E+01  0.1224695E+01  0.1341553E+01  0.1458537E+01  0.1575696E+01  0.1693078E+01  0.1810712E+01  0.1928586E+01  0.2046630E+01  0.2164756E+01  0.2282346E+01
 0.3800000E+01  0.5281102E+00  0.6429753E+00  0.7588455E+00  0.8750664E+00  0.9915246E+00  0.1108119E+01  0.1224805E+01  0.1341589E+01  0.1458506E+01  0.1575608E+01  0.1692944E+01  0.1810546E+01  0.1928401E+01  0.2046437E+01  0.2164558E+01  0.2282116E+01
 0.3900000E+01  0.5288869E+00  0.6435767E+00  0.7593232E+00  0.8754389E+00  0.9918041E+00  0.1108312E+01  0.1224917E+01  0.1341625E+01  0.1458474E+01  0.1575517E+01  0.1692807E+01  0.1810376E+01  0.1928211E+01  0.2046238E+01  0.2164355E+01  0.2281879E+01
 0.4000000E+01  0.5296831E+00  0.6441934E+00  0.7598130E+00  0.8758209E+00  0.9920906E+00  0.1108510E+01  0.1225032E+01  0.1341663E+01  0.1458442E+01  0.1575425E+01  0.1692666E+01  0.1810201E+01  0.1928017E+01  0.2046034E+01  0.2164147E+01  0.2281636E+01
 0.4100000E+01  0.5304987E+00  0.6448253E+00  0.7603149E+00  0.8762125E+00  0.9923843E+00  0.1108713E+01  0.1225150E+01  0.1341701E+01  0.1458409E+01  0.1575330E+01  0.1692522E+01  0.1810022E+01  0.1927817E+01  0.2045825E+01  0.2163934E+01  0.2281388E+01
 0.4200000E+01  0.5313337E+00  0.6454724E+00  0.7608290E+00  0.8766135E+00  0.9926850E+00  0.1108921E+01  0.1225270E+01  0.1341741E+01  0.1458375E+01  0.1575233E+01  0.1692374E+01  0.1809838E+01  0.1927613E+01  0.2045611E+01  0.2163715E+01  0.2281133E+01
 0.4300000E+01  0.5321880E+00  0.6461346E+00  0.7613551E+00  0.8770239E+00  0.9929929E+00  0.1109134E+01  0.1225394E+01  0.1341781E+01  0.1458340E+01  0.1575133E+01  0.1692222E+01  0.1809650E+01  0.1927403E+01  0.2045392E+01  0.2163492E+01  0.2280873E+01
 0.4400000E+01  0.5330615E+00  0.6468120E+00  0.7618933E+00  0.8774439E+00  0.9933079E+00  0.1109351E+01  0.1225520E+01  0.1341822E+01  0.1458305E+01  0.1575031E+01  0.1692067E+01  0.1809457E+01  0.1927189E+01  0.2045168E+01  0.2163263E+01  0.2280606E+01
 0.4500000E+01  0.5339543E+00  0.6475044E+00  0.7624435E+00  0.8778733E+00  0.9936299E+00  0.1109574E+01  0.1225649E+01  0.1341865E+01  0.1458269E+01  0.1574927E+01  0.1691909E+01  0.1809260E+01  0.1926969E+01  0.2044938E+01  0.2163029E+01  0.2280334E+01
 0.4600000E+01  0.5348662E+00  0.6482119E+00  0.7630057E+00  0.8783121E+00  0.9939590E+00  0.1109801E+01  0.1225781E+01  0.1341908E+01  0.1458232E+01  0.1574821E+01  0.1691747E+01  0.1809058E+01  0.1926745E+01  0.2044703E+01  0.2162789E+01  0.2280055E+01
 0.4700000E+01  0.5357972E+00  0.6489345E+00  0.7635800E+00  0.8787603E+00  0.9942952E+00  0.1110033E+01  0.1225915E+01  0.1341952E+01  0.1458194E+01  0.1574713E+01  0.1691581E+01  0.1808852E+01  0.1926515E+01  0.2044463E+01  0.2162545E+01  0.2279771E+01
 0.4800000E+01  0.5367472E+00  0.6496719E+00  0.7641662E+00  0.8792179E+00  0.9946384E+00  0.1110270E+01  0.1226052E+01  0.1341996E+01  0.1458155E+01  0.1574602E+01  0.1691412E+01  0.1808642E+01  0.1926281E+01  0.2044218E+01  0.2162295E+01  0.2279480E+01
 0.4900000E+01  0.5377161E+00  0.6504244E+00  0.7647643E+00  0.8796849E+00  0.9949887E+00  0.1110512E+01  0.1226192E+01  0.1342042E+01  0.1458116E+01  0.1574489E+01  0.1691240E+01  0.1808427E+01  0.1926041E+01  0.2043968E+01  0.2162040E+01  0.2279184E+01
 0.5000000E+01  0.5387040E+00  0.6511917E+00  0.7653743E+00  0.8801613E+00  0.9953459E+00  0.1110759E+01  0.1226335E+01  0.1342089E+01  0.1458076E+01  0.1574374E+01  0.1691064E+01  0.1808207E+01  0.1925796E+01  0.2043713E+01  0.2161780E+01  0.2278882E+01
 0.5100000E+01  0.5397107E+00  0.6519740E+00  0.7659962E+00  0.8806470E+00  0.9957102E+00  0.1111010E+01  0.1226481E+01  0.1342136E+01  0.1458035E+01  0.1574256E+01  0.1690885E+01  0.1807984E+01  0.1925547E+01  0.2043452E+01  0.2161515E+01  0.2278574E+01
 0.5200000E+01  0.5407362E+00  0.6527710E+00  0.7666300E+00  0.8811421E+00  0.9960815E+00  0.1111266E+01  0.1226629E+01  0.1342185E+01  0.1457994E+01  0.1574137E+01  0.1690702E+01  0.1807755E+01  0.1925292E+01  0.2043186E+01  0.2161244E+01  0.2278260E+01
 0.5300000E+01  0.5417803E+00  0.6535829E+00  0.7672757E+00  0.8816465E+00  0.9964598E+00  0.1111527E+01  0.1226780E+01  0.1342234E+01  0.1457951E+01  0.1574015E+01  0.1690515E+01  0.1807522E+01  0.1925033E+01  0.2042915E+01  0.2160969E+01  0.2277941E+01
 0.5400000E+01  0.5428431E+00  0.6544095E+00  0.7679331E+00  0.8821602E+00  0.9968450E+00  0.1111793E+01  0.1226933E+01  0.1342284E+01  0.1457908E+01  0.1573891E+01  0.1690325E+01  0.1807285E+01  0.1924768E+01  0.2042639E+01  0.2160688E+01  0.2277615E+01
 0.5500000E+01  0.5439245E+00  0.6552508E+00  0.7686023E+00  0.8826832E+00  0.9972372E+00  0.1112063E+01  0.1227090E+01  0.1342335E+01  0.1457864E+01  0.1573765E+01  0.1690132E+01  0.1807043E+01  0.1924498E+01  0.2042358E+01  0.2160402E+01  0.2277284E+01
 0.5600000E+01  0.5450243E+00  0.6561068E+00  0.7692833E+00  0.8832154E+00  0.9976363E+00  0.1112338E+01  0.1227249E+01  0.1342387E+01  0.1457820E+01  0.1573636E+01  0.1689935E+01  0.1806797E+01  0.1924223E+01  0.2042071E+01  0.2160111E+01  0.2276946E+01
 0.5700000E+01  0.5461426E+00  0.6569774E+00  0.7699759E+00  0.8837569E+00  0.9980424E+00  0.1112618E+01  0.1227410E+01  0.1342440E+01  0.1457775E+01  0.1573506E+01  0.1689735E+01  0.1806546E+01  0.1923944E+01  0.2041779E+01  0.2159815E+01  0.2276603E+01
 0.5800000E+01  0.5472792E+00  0.6578626E+00  0.7706803E+00  0.8843076E+00  0.9984554E+00  0.1112903E+01  0.1227575E+01  0.1342494E+01  0.1457729E+01  0.1573373E+01  0.1689531E+01  0.1806291E+01  0.1923659E+01  0.2041483E+01  0.2159513E+01  0.2276255E+01
 0.5900000E+01  0.5484341E+00  0.6587623E+00  0.7713964E+00  0.8848676E+00  0.9988752E+00  0.1113192E+01  0.1227742E+01  0.1342548E+01  0.1457682E+01  0.1573238E+01  0.1689324E+01  0.1806032E+01  0.1923369E+01  0.2041181E+01  0.2159207E+01  0.2275900E+01
 0.6000000E+01  0.5496072E+00  0.6596766E+00  0.7721240E+00  0.8854368E+00  0.9993020E+00  0.1113486E+01  0.1227911E+01  0.1342604E+01  0.1457635E+01  0.1573101E+01  0.1689113E+01  0.1805767E+01  0.1923074E+01  0.2040873E+01  0.2158895E+01  0.2275539E+01
 0.6100000E+01  0.5507983E+00  0.6606052E+00  0.7728633E+00  0.8860151E+00  0.9997357E+00  0.1113784E+01  0.1228084E+01  0.1342660E+01  0.1457587E+01  0.1572962E+01  0.1688899E+01  0.1805499E+01  0.1922774E+01  0.2040561E+01  0.2158579E+01  0.2275173E+01
 0.6200000E+01  0.5520076E+00  0.6615483E+00  0.7736141E+00  0.8866026E+00  0.1000176E+01  0.1114088E+01  0.1228259E+01  0.1342717E+01  0.1457538E+01  0.1572821E+01  0.1688682E+01  0.1805226E+01  0.1922468E+01  0.2040243E+01  0.2158257E+01  0.2274801E+01
 0.6300000E+01  0.5532347E+00  0.6625058E+00  0.7743765E+00  0.8871992E+00  0.1000624E+01  0.1114395E+01  0.1228436E+01  0.1342775E+01  0.1457488E+01  0.1572677E+01  0.1688461E+01  0.1804948E+01  0.1922158E+01  0.2039920E+01  0.2157930E+01  0.2274423E+01
 0.6400000E+01  0.5544798E+00  0.6634775E+00  0.7751504E+00  0.8878049E+00  0.1001078E+01  0.1114708E+01  0.1228616E+01  0.1342834E+01  0.1457438E+01  0.1572532E+01  0.1688237E+01  0.1804666E+01  0.1921843E+01  0.2039592E+01  0.2157598E+01  0.2274040E+01
 0.6500000E+01  0.5557426E+00  0.6644635E+00  0.7759357E+00  0.8884198E+00  0.1001539E+01  0.1115025E+01  0.1228799E+01  0.1342894E+01  0.1457387E+01  0.1572384E+01  0.1688009E+01  0.1804379E+01  0.1921522E+01  0.2039259E+01  0.2157261E+01  0.2273651E+01
 0.6600000E+01  0.5570232E+00  0.6654637E+00  0.7767325E+00  0.8890437E+00  0.1002006E+01  0.1115347E+01  0.1228985E+01  0.1342954E+01  0.1457335E+01  0.1572234E+01  0.1687778E+01  0.1804088E+01  0.1921197E+01  0.2038921E+01  0.2156919E+01  0.2273256E+01
 0.6700000E+01  0.5583213E+00  0.6664781E+00  0.7775406E+00  0.8896767E+00  0.1002481E+01  0.1115673E+01  0.1229173E+01  0.1343015E+01  0.1457283E+01  0.1572082E+01  0.1687543E+01  0.1803793E+01  0.1920866E+01  0.2038577E+01  0.2156572E+01  0.2272855E+01
 0.6800000E+01  0.5596370E+00  0.6675066E+00  0.7783602E+00  0.8903187E+00  0.1002962E+01  0.1116004E+01  0.1229363E+01  0.1343078E+01  0.1457230E+01  0.1571928E+01  0.1687305E+01  0.1803493E+01  0.1920530E+01  0.2038229E+01  0.2156220E+01  0.2272449E+01
 0.6900000E+01  0.5609702E+00  0.6685491E+00  0.7791910E+00  0.8909697E+00  0.1003450E+01  0.1116339E+01  0.1229556E+01  0.1343141E+01  0.1457176E+01  0.1571772E+01  0.1687064E+01  0.1803188E+01  0.1920189E+01  0.2037875E+01  0.2155862E+01  0.2272037E+01
 0.7000000E+01  0.5623207E+00  0.6696056E+00  0.7800332E+00  0.8916297E+00  0.1003945E+01  0.1116679E+01  0.1229752E+01  0.1343205E+01  0.1457122E+01  0.1571614E+01  0.1686819E+01  0.1802879E+01  0.1919843E+01  0.2037515E+01  0.2155500E+01  0.2271619E+01
 0.7100000E+01  0.5636885E+00  0.6706761E+00  0.7808866E+00  0.8922987E+00  0.1004447E+01  0.1117023E+01  0.1229950E+01  0.1343269E+01  0.1457066E+01  0.1571454E+01  0.1686571E+01  0.1802566E+01  0.1919491E+01  0.2037151E+01  0.2155133E+01  0.2271196E+01
 0.7200000E+01  0.5650735E+00  0.6717604E+00  0.7817512E+00  0.8929767E+00  0.1004955E+01  0.1117372E+01  0.1230151E+01  0.1343335E+01  0.1457011E+01  0.1571291E+01  0.1686320E+01  0.1802248E+01  0.1919135E+01  0.2036781E+01  0.2154760E+01  0.2270767E+01
 0.7300000E+01  0.5664756E+00  0.6728586E+00  0.7826270E+00  0.8936635E+00  0.1005470E+01  0.1117726E+01  0.1230354E+01  0.1343401E+01  0.1456954E+01  0.1571127E+01  0.1686065E+01  0.1801925E+01  0.1918773E+01  0.2036407E+01  0.2154383E+01  0.2270332E+01
 0.7400000E+01  0.5678946E+00  0.6739706E+00  0.7835139E+00  0.8943593E+00  0.1005991E+01  0.1118084E+01  0.1230560E+01  0.1343469E+01  0.1456897E+01  0.1570960E+01  0.1685807E+01  0.1801598E+01  0.1918406E+01  0.2036027E+01  0.2154000E+01  0.2269892E+01
 0.7500000E+01  0.5693306E+00  0.6750963E+00  0.7844120E+00  0.8950639E+00  0.1006519E+01  0.1118446E+01  0.1230768E+01  0.1343537E+01  0.1456839E+01  0.1570792E+01  0.1685545E+01  0.1801267E+01  0.1918034E+01  0.2035641E+01  0.2153613E+01  0.2269446E+01
 0.7600000E+01  0.5707834E+00  0.6762357E+00  0.7853211E+00  0.8957774E+00  0.1007054E+01  0.1118813E+01  0.1230979E+01  0.1343605E+01  0.1456781E+01  0.1570621E+01  0.1685280E+01  0.1800931E+01  0.1917657E+01  0.2035251E+01  0.2153221E+01  0.2268994E+01
 0.7700000E+01  0.5722529E+00  0.6773886E+00  0.7862412E+00  0.8964998E+00  0.1007596E+01  0.1119184E+01  0.1231193E+01  0.1343675E+01  0.1456722E+01  0.1570449E+01  0.1685012E+01  0.1800590E+01  0.1917274E+01  0.2034855E+01  0.2152823E+01  0.2268537E+01
 0.7800000E+01  0.5737390E+00  0.6785552E+00  0.7871723E+00  0.8972309E+00  0.1008144E+01  0.1119560E+01  0.1231408E+01  0.1343745E+01  0.1456662E+01  0.1570274E+01  0.1684741E+01  0.1800245E+01  0.1916886E+01  0.2034454E+01  0.2152421E+01  0.2268074E+01
 0.7900000E+01  0.5752416E+00  0.6797352E+00  0.7881143E+00  0.8979708E+00  0.1008698E+01  0.1119940E+01  0.1231627E+01  0.1343817E+01  0.1456601E+01  0.1570098E+01  0.1684466E+01  0.1799896E+01  0.1916493E+01  0.2034048E+01  0.2152014E+01  0.2267605E+01
 0.8000000E+01  0.5767607E+00  0.6809286E+00  0.7890672E+00  0.8987195E+00  0.1009259E+01  0.1120324E+01  0.1231847E+01  0.1343889E+01  0.1456540E+01  0.1569919E+01  0.1684188E+01  0.1799542E+01  0.1916095E+01  0.2033637E+01  0.2151601E+01  0.2267131E+01
 0.8100000E+01  0.5782961E+00  0.6821354E+00  0.7900310E+00  0.8994769E+00  0.1009827E+01  0.1120713E+01  0.1232071E+01  0.1343962E+01  0.1456478E+01  0.1569739E+01  0.1683906E+01  0.1799183E+01  0.1915692E+01  0.2033220E+01  0.2151184E+01  0.2266652E+01
 0.8200000E+01  0.5798477E+00  0.6833555E+00  0.7910056E+00  0.9002430E+00  0.1010401E+01  0.1121106E+01  0.1232296E+01  0.1344035E+01  0.1456416E+01  0.1569556E+01  0.1683621E+01  0.1798820E+01  0.1915283E+01  0.2032799E+01  0.2150762E+01  0.2266166E+01
 0.8300000E+01  0.5814155E+00  0.6845888E+00  0.7919909E+00  0.9010178E+00  0.1010982E+01  0.1121503E+01  0.1232524E+01  0.1344110E+01  0.1456353E+01  0.1569372E+01  0.1683333E+01  0.1798452E+01  0.1914869E+01  0.2032372E+01  0.2150335E+01  0.2265675E+01
 0.8400000E+01  0.5829993E+00  0.6858353E+00  0.7929870E+00  0.9018013E+00  0.1011569E+01  0.1121905E+01  0.1232755E+01  0.1344185E+01  0.1456289E+01  0.1569185E+01  0.1683042E+01  0.1798080E+01  0.1914449E+01  0.2031939E+01  0.2149903E+01  0.2265179E+01
 0.8500000E+01  0.5845990E+00  0.6870950E+00  0.7939937E+00  0.9025934E+00  0.1012162E+01  0.1122311E+01  0.1232988E+01  0.1344261E+01  0.1456225E+01  0.1568997E+01  0.1682748E+01  0.1797704E+01  0.1914025E+01  0.2031502E+01  0.2149467E+01  0.2264677E+01
 0.8600000E+01  0.5862145E+00  0.6883676E+00  0.7950110E+00  0.9033941E+00  0.1012762E+01  0.1122722E+01  0.1233223E+01  0.1344338E+01  0.1456160E+01  0.1568806E+01  0.1682450E+01  0.1797323E+01  0.1913595E+01  0.2031059E+01  0.2149025E+01  0.2264169E+01
 0.8700000E+01  0.5878458E+00  0.6896533E+00  0.7960390E+00  0.9042034E+00  0.1013369E+01  0.1123136E+01  0.1233461E+01  0.1344416E+01  0.1456094E+01  0.1568614E+01  0.1682149E+01  0.1796937E+01  0.1913160E+01  0.2030611E+01  0.2148579E+01  0.2263655E+01
 0.8800000E+01  0.5894927E+00  0.6909518E+00  0.7970775E+00  0.9050212E+00  0.1013981E+01  0.1123555E+01  0.1233701E+01  0.1344494E+01  0.1456028E+01  0.1568419E+01  0.1681844E+01  0.1796547E+01  0.1912719E+01  0.2030158E+01  0.2148128E+01  0.2263136E+01
 0.8900000E+01  0.5911551E+00  0.6922632E+00  0.7981264E+00  0.9058475E+00  0.1014600E+01  0.1123978E+01  0.1233943E+01  0.1344573E+01  0.1455961E+01  0.1568223E+01  0.1681537E+01  0.1796153E+01  0.1912273E+01  0.2029699E+01  0.2147672E+01  0.2262611E+01
 0.9000000E+01  0.5928330E+00  0.6935873E+00  0.7991858E+00  0.9066824E+00  0.1015226E+01  0.1124406E+01  0.1234188E+01  0.1344653E+01  0.1455894E+01  0.1568025E+01  0.1681226E+01  0.1795754E+01  0.1911821E+01  0.2029235E+01  0.2147211E+01  0.2262080E+01
 0.9100000E+01  0.5945261E+00  0.6949242E+00  0.8002556E+00  0.9075257E+00  0.1015857E+01  0.1124837E+01  0.1234435E+01  0.1344734E+01  0.1455826E+01  0.1567825E+01  0.1680912E+01  0.1795350E+01  0.1911365E+01  0.2028766E+01  0.2146746E+01  0.2261544E+01
 0.9200000E+01  0.5962345E+00  0.6962737E+00  0.8013358E+00  0.9083774E+00  0.1016495E+01  0.1125273E+01  0.1234685E+01  0.1344816E+01  0.1455757E+01  0.1567623E+01  0.1680595E+01  0.1794942E+01  0.1910902E+01  0.2028292E+01  0.2146276E+01  0.2261002E+01
 0.9300000E+01  0.5979580E+00  0.6976357E+00  0.8024262E+00  0.9092376E+00  0.1017140E+01  0.1125713E+01  0.1234936E+01  0.1344898E+01  0.1455688E+01  0.1567419E+01  0.1680274E+01  0.1794530E+01  0.1910435E+01  0.2027812E+01  0.2145801E+01  0.2260454E+01
 0.9400000E+01  0.5996966E+00  0.6990102E+00  0.8035269E+00  0.9101061E+00  0.1017790E+01  0.1126157E+01  0.1235191E+01  0.1344981E+01  0.1455618E+01  0.1567213E+01  0.1679951E+01  0.1794113E+01  0.1909962E+01  0.2027327E+01  0.2145322E+01  0.2259900E+01
 0.9500000E+01  0.6014500E+00  0.7003972E+00  0.8046378E+00  0.9109830E+00  0.1018447E+01  0.1126605E+01  0.1235447E+01  0.1345065E+01  0.1455547E+01  0.1567005E+01  0.1679624E+01  0.1793691E+01  0.1909483E+01  0.2026837E+01  0.2144838E+01  0.2259341E+01
 0.9600000E+01  0.6032182E+00  0.7017964E+00  0.8057588E+00  0.9118682E+00  0.1019110E+01  0.1127057E+01  0.1235706E+01  0.1345149E+01  0.1455476E+01  0.1566796E+01  0.1679294E+01  0.1793265E+01  0.1908999E+01  0.2026341E+01  0.2144349E+01  0.2258775E+01
 0.9700000E+01  0.6050012E+00  0.7032080E+00  0.8068899E+00  0.9127617E+00  0.1019779E+01  0.1127514E+01  0.1235967E+01  0.1345235E+01  0.1455405E+01  0.1566584E+01  0.1678961E+01  0.1792835E+01  0.1908510E+01  0.2025841E+01  0.2143856E+01  0.2258204E+01
 0.9800000E+01  0.6067987E+00  0.7046317E+00  0.8080311E+00  0.9136634E+00  0.1020454E+01  0.1127974E+01  0.1236230E+01  0.1345321E+01  0.1455332E+01  0.1566371E+01  0.1678625E+01  0.1792400E+01  0.1908015E+01  0.2025334E+01  0.2143358E+01  0.2257626E+01
 0.9900000E+01  0.6086108E+00  0.7060675E+00  0.8091822E+00  0.9145734E+00  0.1021135E+01  0.1128439E+01  0.1236496E+01  0.1345408E+01  0.1455259E+01  0.1566156E+01  0.1678285E+01  0.1791960E+01  0.1907515E+01  0.2024823E+01  0.2142856E+01  0.2257042E+01
 0.1000000E+02  0.6104373E+00  0.7075153E+00  0.8103433E+00  0.9154916E+00  0.1021823E+01  0.1128907E+01  0.1236764E+01  0.1345495E+01  0.1455186E+01  0.1565939E+01  0.1677943E+01  0.1791516E+01  0.1907009E+01  0.2024306E+01  0.2142349E+01  0.2256453E+01
 0.1010000E+02  0.6122781E+00  0.7089751E+00  0.8115143E+00  0.9164180E+00  0.1022516E+01  0.1129380E+01  0.1237034E+01  0.1345584E+01  0.1455112E+01  0.1565720E+01  0.1677597E+01  0.1791068E+01  0.1906497E+01  0.2023783E+01  0.2141838E+01  0.2255857E+01
 0.1020000E+02  0.6141331E+00  0.7104467E+00  0.8126951E+00  0.9173525E+00  0.1023216E+01  0.1129856E+01  0.1237306E+01  0.1345673E+01  0.1455037E+01  0.1565500E+01  0.1677249E+01  0.1790615E+01  0.1905980E+01  0.2023256E+01  0.2141323E+01  0.2255254E+01
 0.1030000E+02  0.6160021E+00  0.7119301E+00  0.8138857E+00  0.9182951E+00  0.1023922E+01  0.1130337E+01  0.1237581E+01  0.1345763E+01  0.1454962E+01  0.1565277E+01  0.1676897E+01  0.1790158E+01  0.1905457E+01  0.2022723E+01  0.2140803E+01  0.2254646E+01
 0.1040000E+02  0.6178852E+00  0.7134252E+00  0.8150861E+00  0.9192458E+00  0.1024633E+01  0.1130822E+01  0.1237858E+01  0.1345853E+01  0.1454886E+01  0.1565053E+01  0.1676542E+01  0.1789696E+01  0.1904929E+01  0.2022184E+01  0.2140279E+01  0.2254031E+01
 0.1050000E+02  0.6197822E+00  0.7149320E+00  0.8162961E+00  0.9202045E+00  0.1025351E+01  0.1131310E+01  0.1238137E+01  0.1345945E+01  0.1454810E+01  0.1564827E+01  0.1676184E+01  0.1789230E+01  0.1904395E+01  0.2021640E+01  0.2139751E+01  0.2253409E+01
 0.1060000E+02  0.6216931E+00  0.7164502E+00  0.8175157E+00  0.9211712E+00  0.1026074E+01  0.1131803E+01  0.1238418E+01  0.1346037E+01  0.1454733E+01  0.1564599E+01  0.1675823E+01  0.1788759E+01  0.1903856E+01  0.2021091E+01  0.2139218E+01  0.2252781E+01
 0.1070000E+02  0.6236176E+00  0.7179799E+00  0.8187449E+00  0.9221460E+00  0.1026804E+01  0.1132299E+01  0.1238702E+01  0.1346129E+01  0.1454656E+01  0.1564369E+01  0.1675459E+01  0.1788284E+01  0.1903311E+01  0.2020536E+01  0.2138682E+01  0.2252147E+01
 0.1080000E+02  0.6255557E+00  0.7195210E+00  0.8199836E+00  0.9231286E+00  0.1027539E+01  0.1132799E+01  0.1238988E+01  0.1346223E+01  0.1454578E+01  0.1564138E+01  0.1675092E+01  0.1787805E+01  0.1902760E+01  0.2019976E+01  0.2138141E+01  0.2251505E+01
 0.1090000E+02  0.6275073E+00  0.7210733E+00  0.8212318E+00  0.9241192E+00  0.1028280E+01  0.1133303E+01  0.1239276E+01  0.1346317E+01  0.1454499E+01  0.1563904E+01  0.1674721E+01  0.1787321E+01  0.1902203E+01  0.2019410E+01  0.2137597E+01  0.2250857E+01
 0.1100000E+02  0.6294724E+00  0.7226368E+00  0.8224894E+00  0.9251176E+00  0.1029027E+01  0.1133811E+01  0.1239566E+01  0.1346412E+01  0.1454420E+01  0.1563669E+01  0.1674348E+01  0.1786832E+01  0.1901641E+01  0.2018839E+01  0.2137049E+01  0.2250201E+01
 0.1110000E+02  0.6314508E+00  0.7242113E+00  0.8237564E+00  0.9261239E+00  0.1029780E+01  0.1134323E+01  0.1239858E+01  0.1346508E+01  0.1454340E+01  0.1563433E+01  0.1673972E+01  0.1786339E+01  0.1901073E+01  0.2018262E+01  0.2136497E+01  0.2249538E+01
 0.1120000E+02  0.6334424E+00  0.7257969E+00  0.8250326E+00  0.9271380E+00  0.1030538E+01  0.1134839E+01  0.1240153E+01  0.1346604E+01  0.1454260E+01  0.1563194E+01  0.1673593E+01  0.1785842E+01  0.1900499E+01  0.2017679E+01  0.2135941E+01  0.2248869E+01
 0.1130000E+02  0.6354471E+00  0.7273934E+00  0.8263181E+00  0.9281599E+00  0.1031303E+01  0.1135359E+01  0.1240449E+01  0.1346702E+01  0.1454179E+01  0.1562954E+01  0.1673211E+01  0.1785340E+01  0.1899920E+01  0.2017091E+01  0.2135381E+01  0.2248191E+01
 0.1140000E+02  0.6374649E+00  0.7290006E+00  0.8276128E+00  0.9291895E+00  0.1032073E+01  0.1135882E+01  0.1240748E+01  0.1346800E+01  0.1454098E+01  0.1562712E+01  0.1672825E+01  0.1784834E+01  0.1899335E+01  0.2016498E+01  0.2134818E+01  0.2247507E+01
 0.1150000E+02  0.6394956E+00  0.7306186E+00  0.8289166E+00  0.9302268E+00  0.1032848E+01  0.1136409E+01  0.1241049E+01  0.1346898E+01  0.1454016E+01  0.1562468E+01  0.1672437E+01  0.1784324E+01  0.1898744E+01  0.2015898E+01  0.2134251E+01  0.2246814E+01
 0.1160000E+02  0.6415391E+00  0.7322472E+00  0.8302295E+00  0.9312718E+00  0.1033630E+01  0.1136940E+01  0.1241352E+01  0.1346997E+01  0.1453933E+01  0.1562223E+01  0.1672046E+01  0.1783809E+01  0.1898147E+01  0.2015293E+01  0.2133681E+01  0.2246114E+01
 0.1170000E+02  0.6435954E+00  0.7338864E+00  0.8315514E+00  0.9323244E+00  0.1034417E+01  0.1137475E+01  0.1241657E+01  0.1347097E+01  0.1453850E+01  0.1561975E+01  0.1671652E+01  0.1783290E+01  0.1897544E+01  0.2014682E+01  0.2133108E+01  0.2245406E+01
 0.1180000E+02  0.6456643E+00  0.7355359E+00  0.8328823E+00  0.9333847E+00  0.1035210E+01  0.1138013E+01  0.1241964E+01  0.1347198E+01  0.1453767E+01  0.1561726E+01  0.1671255E+01  0.1782766E+01  0.1896935E+01  0.2014066E+01  0.2132532E+01  0.2244691E+01
 0.1190000E+02  0.6477458E+00  0.7371958E+00  0.8342222E+00  0.9344524E+00  0.1036008E+01  0.1138555E+01  0.1242274E+01  0.1347300E+01  0.1453683E+01  0.1561476E+01  0.1670856E+01  0.1782238E+01  0.1896321E+01  0.2013443E+01  0.2131952E+01  0.2243966E+01
 0.1200000E+02  0.6498397E+00  0.7388659E+00  0.8355708E+00  0.9355277E+00  0.1036812E+01  0.1139101E+01  0.1242585E+01  0.1347402E+01  0.1453598E+01  0.1561224E+01  0.1670453E+01  0.1781706E+01  0.1895700E+01  0.2012815E+01  0.2131369E+01  0.2243234E+01
 0.1210000E+02  0.6519460E+00  0.7405461E+00  0.8369283E+00  0.9366105E+00  0.1037621E+01  0.1139650E+01  0.1242899E+01  0.1347505E+01  0.1453513E+01  0.1560970E+01  0.1670047E+01  0.1781169E+01  0.1895074E+01  0.2012181E+01  0.2130784E+01  0.2242493E+01
 0.1220000E+02  0.6540646E+00  0.7422363E+00  0.8382946E+00  0.9377007E+00  0.1038436E+01  0.1140204E+01  0.1243214E+01  0.1347608E+01  0.1453427E+01  0.1560714E+01  0.1669639E+01  0.1780629E+01  0.1894442E+01  0.2011541E+01  0.2130196E+01  0.2241744E+01
 0.1230000E+02  0.6561953E+00  0.7439365E+00  0.8396695E+00  0.9387983E+00  0.1039256E+01  0.1140760E+01  0.1243532E+01  0.1347713E+01  0.1453341E+01  0.1560456E+01  0.1669227E+01  0.1780083E+01  0.1893804E+01  0.2010895E+01  0.2129605E+01  0.2240986E+01
 0.1240000E+02  0.6583382E+00  0.7456465E+00  0.8410531E+00  0.9399033E+00  0.1040082E+01  0.1141321E+01  0.1243852E+01  0.1347817E+01  0.1453254E+01  0.1560197E+01  0.1668813E+01  0.1779534E+01  0.1893159E+01  0.2010243E+01  0.2129012E+01  0.2240219E+01
 0.1250000E+02  0.6604929E+00  0.7473661E+00  0.8424452E+00  0.9410157E+00  0.1040913E+01  0.1141885E+01  0.1244174E+01  0.1347923E+01  0.1453167E+01  0.1559937E+01  0.1668396E+01  0.1778980E+01  0.1892509E+01  0.2009584E+01  0.2128416E+01  0.2239443E+01
 0.1260000E+02  0.6626596E+00  0.7490954E+00  0.8438459E+00  0.9421353E+00  0.1041749E+01  0.1142452E+01  0.1244498E+01  0.1348030E+01  0.1453079E+01  0.1559674E+01  0.1667976E+01  0.1778422E+01  0.1891853E+01  0.2008920E+01  0.2127818E+01  0.2238659E+01
 0.1270000E+02  0.6648381E+00  0.7508342E+00  0.8452551E+00  0.9432621E+00  0.1042591E+01  0.1143024E+01  0.1244824E+01  0.1348137E+01  0.1452991E+01  0.1559410E+01  0.1667553E+01  0.1777860E+01  0.1891191E+01  0.2008249E+01  0.2127218E+01  0.2237865E+01
 0.1280000E+02  0.6670282E+00  0.7525824E+00  0.8466727E+00  0.9443962E+00  0.1043438E+01  0.1143598E+01  0.1245152E+01  0.1348244E+01  0.1452902E+01  0.1559145E+01  0.1667127E+01  0.1777293E+01  0.1890522E+01  0.2007572E+01  0.2126616E+01  0.2237061E+01
 0.1290000E+02  0.6692300E+00  0.7543398E+00  0.8480987E+00  0.9455375E+00  0.1044290E+01  0.1144177E+01  0.1245482E+01  0.1348353E+01  0.1452813E+01  0.1558877E+01  0.1666699E+01  0.1776722E+01  0.1889848E+01  0.2006889E+01  0.2126012E+01  0.2236249E+01
 0.1300000E+02  0.6714432E+00  0.7561065E+00  0.8495330E+00  0.9466858E+00  0.1045148E+01  0.1144759E+01  0.1245814E+01  0.1348462E+01  0.1452723E+01  0.1558608E+01  0.1666268E+01  0.1776147E+01  0.1889167E+01  0.2006200E+01  0.2125407E+01  0.2235427E+01
 0.1310000E+02  0.6736678E+00  0.7578822E+00  0.8509756E+00  0.9478413E+00  0.1046011E+01  0.1145344E+01  0.1246148E+01  0.1348572E+01  0.1452633E+01  0.1558338E+01  0.1665834E+01  0.1775568E+01  0.1888480E+01  0.2005503E+01  0.2124800E+01  0.2234595E+01
 0.1320000E+02  0.6759037E+00  0.7596668E+00  0.8524264E+00  0.9490038E+00  0.1046879E+01  0.1145933E+01  0.1246484E+01  0.1348682E+01  0.1452542E+01  0.1558066E+01  0.1665397E+01  0.1774984E+01  0.1887788E+01  0.2004801E+01  0.2124192E+01  0.2233754E+01
 0.1330000E+02  0.6781508E+00  0.7614603E+00  0.8538854E+00  0.9501733E+00  0.1047752E+01  0.1146525E+01  0.1246822E+01  0.1348793E+01  0.1452451E+01  0.1557792E+01  0.1664958E+01  0.1774397E+01  0.1887089E+01  0.2004091E+01  0.2123582E+01  0.2232903E+01
 0.1340000E+02  0.6804090E+00  0.7632626E+00  0.8553525E+00  0.9513498E+00  0.1048630E+01  0.1147121E+01  0.1247162E+01  0.1348905E+01  0.1452359E+01  0.1557517E+01  0.1664516E+01  0.1773805E+01  0.1886383E+01  0.2003375E+01  0.2122972E+01  0.2232042E+01
 0.1350000E+02  0.6826781E+00  0.7650735E+00  0.8568276E+00  0.9525332E+00  0.1049513E+01  0.1147720E+01  0.1247504E+01  0.1349018E+01  0.1452267E+01  0.1557240E+01  0.1664071E+01  0.1773209E+01  0.1885672E+01  0.2002652E+01  0.2122361E+01  0.2231172E+01
 0.1360000E+02  0.6849582E+00  0.7668929E+00  0.8583107E+00  0.9537235E+00  0.1050402E+01  0.1148323E+01  0.1247848E+01  0.1349131E+01  0.1452174E+01  0.1556961E+01  0.1663623E+01  0.1772609E+01  0.1884954E+01  0.2001922E+01  0.2121749E+01  0.2230292E+01
 0.1370000E+02  0.6872490E+00  0.7687207E+00  0.8598018E+00  0.9549206E+00  0.1051295E+01  0.1148929E+01  0.1248194E+01  0.1349245E+01  0.1452081E+01  0.1556681E+01  0.1663172E+01  0.1772005E+01  0.1884230E+01  0.2001185E+01  0.2121136E+01  0.2229403E+01
 0.1380000E+02  0.6895505E+00  0.7705568E+00  0.8613008E+00  0.9561245E+00  0.1052194E+01  0.1149539E+01  0.1248542E+01  0.1349359E+01  0.1451987E+01  0.1556399E+01  0.1662719E+01  0.1771397E+01  0.1883500E+01  0.2000441E+01  0.2120524E+01  0.2228503E+01
 0.1390000E+02  0.6918625E+00  0.7724011E+00  0.8628077E+00  0.9573351E+00  0.1053097E+01  0.1150152E+01  0.1248892E+01  0.1349475E+01  0.1451893E+01  0.1556116E+01  0.1662264E+01  0.1770784E+01  0.1882764E+01  0.1999689E+01  0.2119911E+01  0.2227595E+01
 0.1400000E+02  0.6941850E+00  0.7742534E+00  0.8643224E+00  0.9585524E+00  0.1054005E+01  0.1150768E+01  0.1249244E+01  0.1349591E+01  0.1451798E+01  0.1555831E+01  0.1661805E+01  0.1770168E+01  0.1882021E+01  0.1998930E+01  0.2119298E+01  0.2226676E+01
 0.1410000E+02  0.6965178E+00  0.7761137E+00  0.8658448E+00  0.9597764E+00  0.1054919E+01  0.1151388E+01  0.1249598E+01  0.1349707E+01  0.1451703E+01  0.1555544E+01  0.1661344E+01  0.1769547E+01  0.1881272E+01  0.1998164E+01  0.2118686E+01  0.2225749E+01
 0.1420000E+02  0.6988608E+00  0.7779819E+00  0.8673749E+00  0.9610070E+00  0.1055837E+01  0.1152011E+01  0.1249954E+01  0.1349825E+01  0.1451607E+01  0.1555256E+01  0.1660880E+01  0.1768923E+01  0.1880517E+01  0.1997390E+01  0.2118074E+01  0.2224812E+01
 0.1430000E+02  0.7012140E+00  0.7798578E+00  0.8689127E+00  0.9622441E+00  0.1056760E+01  0.1152637E+01  0.1250312E+01  0.1349942E+01  0.1451511E+01  0.1554966E+01  0.1660414E+01  0.1768295E+01  0.1879756E+01  0.1996609E+01  0.2117463E+01  0.2223866E+01
 0.1440000E+02  0.7035771E+00  0.7817413E+00  0.8704581E+00  0.9634878E+00  0.1057687E+01  0.1153267E+01  0.1250671E+01  0.1350061E+01  0.1451414E+01  0.1554675E+01  0.1659945E+01  0.1767662E+01  0.1878988E+01  0.1995819E+01  0.2116852E+01  0.2222911E+01
 0.1450000E+02  0.7059502E+00  0.7836323E+00  0.8720110E+00  0.9647380E+00  0.1058620E+01  0.1153900E+01  0.1251033E+01  0.1350180E+01  0.1451317E+01  0.1554383E+01  0.1659473E+01  0.1767026E+01  0.1878214E+01  0.1995022E+01  0.2116243E+01  0.2221948E+01
 0.1460000E+02  0.7083330E+00  0.7855308E+00  0.8735714E+00  0.9659945E+00  0.1059557E+01  0.1154536E+01  0.1251396E+01  0.1350300E+01  0.1451219E+01  0.1554088E+01  0.1658999E+01  0.1766386E+01  0.1877433E+01  0.1994216E+01  0.2115635E+01  0.2220976E+01
 0.1470000E+02  0.7107254E+00  0.7874365E+00  0.8751393E+00  0.9672574E+00  0.1060499E+01  0.1155176E+01  0.1251762E+01  0.1350421E+01  0.1451121E+01  0.1553793E+01  0.1658522E+01  0.1765742E+01  0.1876646E+01  0.1993402E+01  0.2115028E+01  0.2219996E+01
 0.1480000E+02  0.7131274E+00  0.7893494E+00  0.8767147E+00  0.9685267E+00  0.1061446E+01  0.1155818E+01  0.1252129E+01  0.1350542E+01  0.1451023E+01  0.1553495E+01  0.1658042E+01  0.1765094E+01  0.1875853E+01  0.1992580E+01  0.2114422E+01  0.2219008E+01
 0.1490000E+02  0.7155388E+00  0.7912694E+00  0.8782973E+00  0.9698022E+00  0.1062397E+01  0.1156464E+01  0.1252498E+01  0.1350664E+01  0.1450924E+01  0.1553196E+01  0.1657560E+01  0.1764442E+01  0.1875053E+01  0.1991749E+01  0.2113819E+01  0.2218013E+01
 0.1500000E+02  0.7179594E+00  0.7931963E+00  0.8798873E+00  0.9710840E+00  0.1063353E+01  0.1157114E+01  0.1252870E+01  0.1350787E+01  0.1450824E+01  0.1552896E+01  0.1657075E+01  0.1763786E+01  0.1874247E+01  0.1990909E+01  0.2113217E+01  0.2217011E+01
 0.1510000E+02  0.7203892E+00  0.7951301E+00  0.8814846E+00  0.9723719E+00  0.1064313E+01  0.1157766E+01  0.1253243E+01  0.1350910E+01  0.1450724E+01  0.1552594E+01  0.1656588E+01  0.1763126E+01  0.1873435E+01  0.1990060E+01  0.2112617E+01  0.2216002E+01
 0.1520000E+02  0.7228281E+00  0.7970707E+00  0.8830890E+00  0.9736660E+00  0.1065278E+01  0.1158422E+01  0.1253618E+01  0.1351034E+01  0.1450624E+01  0.1552291E+01  0.1656098E+01  0.1762463E+01  0.1872616E+01  0.1989202E+01  0.2112019E+01  0.2214987E+01
 0.1530000E+02  0.7252759E+00  0.7990178E+00  0.8847007E+00  0.9749662E+00  0.1066248E+01  0.1159081E+01  0.1253994E+01  0.1351158E+01  0.1450523E+01  0.1551986E+01  0.1655606E+01  0.1761796E+01  0.1871791E+01  0.1988335E+01  0.2111423E+01  0.2213966E+01
 0.1540000E+02  0.7277324E+00  0.8009715E+00  0.8863194E+00  0.9762723E+00  0.1067222E+01  0.1159743E+01  0.1254373E+01  0.1351283E+01  0.1450421E+01  0.1551679E+01  0.1655111E+01  0.1761125E+01  0.1870959E+01  0.1987459E+01  0.2110829E+01  0.2212940E+01
 0.1550000E+02  0.7301976E+00  0.8029317E+00  0.8879453E+00  0.9775845E+00  0.1068200E+01  0.1160408E+01  0.1254753E+01  0.1351409E+01  0.1450319E+01  0.1551372E+01  0.1654614E+01  0.1760451E+01  0.1870121E+01  0.1986572E+01  0.2110238E+01  0.2211909E+01
 0.1560000E+02  0.7326714E+00  0.8048982E+00  0.8895781E+00  0.9789026E+00  0.1069183E+01  0.1161076E+01  0.1255136E+01  0.1351536E+01  0.1450217E+01  0.1551062E+01  0.1654114E+01  0.1759773E+01  0.1869277E+01  0.1985676E+01  0.2109650E+01  0.2210875E+01
 0.1570000E+02  0.7351535E+00  0.8068708E+00  0.8912180E+00  0.9802266E+00  0.1070171E+01  0.1161748E+01  0.1255520E+01  0.1351663E+01  0.1450114E+01  0.1550751E+01  0.1653611E+01  0.1759091E+01  0.1868426E+01  0.1984770E+01  0.2109063E+01  0.2209837E+01
 0.1580000E+02  0.7376439E+00  0.8088496E+00  0.8928647E+00  0.9815564E+00  0.1071162E+01  0.1162422E+01  0.1255906E+01  0.1351791E+01  0.1450011E+01  0.1550439E+01  0.1653106E+01  0.1758405E+01  0.1867569E+01  0.1983854E+01  0.2108479E+01  0.2208796E+01
 0.1590000E+02  0.7401424E+00  0.8108345E+00  0.8945184E+00  0.9828920E+00  0.1072159E+01  0.1163100E+01  0.1256294E+01  0.1351919E+01  0.1449907E+01  0.1550125E+01  0.1652599E+01  0.1757716E+01  0.1866705E+01  0.1982927E+01  0.2107897E+01  0.2207754E+01
 0.1600000E+02  0.7426489E+00  0.8128252E+00  0.8961789E+00  0.9842333E+00  0.1073159E+01  0.1163781E+01  0.1256684E+01  0.1352048E+01  0.1449803E+01  0.1549810E+01  0.1652089E+01  0.1757024E+01  0.1865835E+01  0.1981989E+01  0.2107318E+01  0.2206710E+01
 0.1610000E+02  0.7451633E+00  0.8148218E+00  0.8978462E+00  0.9855803E+00  0.1074164E+01  0.1164464E+01  0.1257075E+01  0.1352178E+01  0.1449698E+01  0.1549493E+01  0.1651576E+01  0.1756327E+01  0.1864959E+01  0.1981040E+01  0.2106740E+01  0.2205665E+01
 0.1620000E+02  0.7476855E+00  0.8168240E+00  0.8995202E+00  0.9869329E+00  0.1075173E+01  0.1165151E+01  0.1257469E+01  0.1352308E+01  0.1449593E+01  0.1549175E+01  0.1651061E+01  0.1755628E+01  0.1864077E+01  0.1980081E+01  0.2106164E+01  0.2204621E+01
 0.1630000E+02  0.7502152E+00  0.8188319E+00  0.9012009E+00  0.9882911E+00  0.1076186E+01  0.1165841E+01  0.1257864E+01  0.1352439E+01  0.1449488E+01  0.1548856E+01  0.1650544E+01  0.1754925E+01  0.1863188E+01  0.1979110E+01  0.2105590E+01  0.2203578E+01
 0.1640000E+02  0.7527524E+00  0.8208454E+00  0.9028883E+00  0.9896548E+00  0.1077203E+01  0.1166534E+01  0.1258261E+01  0.1352571E+01  0.1449382E+01  0.1548535E+01  0.1650024E+01  0.1754218E+01  0.1862293E+01  0.1978127E+01  0.2105017E+01  0.2202537E+01
 0.1650000E+02  0.7552970E+00  0.8228643E+00  0.9045823E+00  0.9910239E+00  0.1078225E+01  0.1167230E+01  0.1258659E+01  0.1352703E+01  0.1449275E+01  0.1548212E+01  0.1649501E+01  0.1753508E+01  0.1861392E+01  0.1977132E+01  0.2104445E+01  0.2201500E+01
 0.1660000E+02  0.7578487E+00  0.8248885E+00  0.9062828E+00  0.9923985E+00  0.1079250E+01  0.1167929E+01  0.1259060E+01  0.1352836E+01  0.1449168E+01  0.1547888E+01  0.1648976E+01  0.1752794E+01  0.1860484E+01  0.1976126E+01  0.2103873E+01  0.2200466E+01
 0.1670000E+02  0.7604076E+00  0.8269180E+00  0.9079898E+00  0.9937784E+00  0.1080280E+01  0.1168631E+01  0.1259462E+01  0.1352970E+01  0.1449061E+01  0.1547563E+01  0.1648449E+01  0.1752078E+01  0.1859570E+01  0.1975107E+01  0.2103301E+01  0.2199437E+01
 0.1680000E+02  0.7629733E+00  0.8289526E+00  0.9097033E+00  0.9951637E+00  0.1081314E+01  0.1169336E+01  0.1259866E+01  0.1353104E+01  0.1448953E+01  0.1547236E+01  0.1647919E+01  0.1751357E+01  0.1858650E+01  0.1974075E+01  0.2102727E+01  0.2198414E+01
 0.1690000E+02  0.7655459E+00  0.8309924E+00  0.9114232E+00  0.9965542E+00  0.1082352E+01  0.1170044E+01  0.1260272E+01  0.1353239E+01  0.1448845E+01  0.1546908E+01  0.1647387E+01  0.1750634E+01  0.1857724E+01  0.1973031E+01  0.2102152E+01  0.2197398E+01
 0.1700000E+02  0.7681251E+00  0.8330372E+00  0.9131494E+00  0.9979499E+00  0.1083394E+01  0.1170754E+01  0.1260680E+01  0.1353374E+01  0.1448736E+01  0.1546578E+01  0.1646852E+01  0.1749907E+01  0.1856791E+01  0.1971973E+01  0.2101574E+01  0.2196391E+01
 0.1710000E+02  0.7707108E+00  0.8350869E+00  0.9148820E+00  0.9993507E+00  0.1084440E+01  0.1171468E+01  0.1261089E+01  0.1353510E+01  0.1448627E+01  0.1546247E+01  0.1646315E+01  0.1749177E+01  0.1855853E+01  0.1970902E+01  0.2100992E+01  0.2195392E+01
 0.1720000E+02  0.7733030E+00  0.8371414E+00  0.9166208E+00  0.1000757E+01  0.1085489E+01  0.1172185E+01  0.1261500E+01  0.1353647E+01  0.1448517E+01  0.1545915E+01  0.1645776E+01  0.1748444E+01  0.1854908E+01  0.1969817E+01  0.2100405E+01  0.2194404E+01
 0.1730000E+02  0.7759014E+00  0.8392007E+00  0.9183658E+00  0.1002168E+01  0.1086543E+01  0.1172904E+01  0.1261913E+01  0.1353784E+01  0.1448407E+01  0.1545581E+01  0.1645234E+01  0.1747707E+01  0.1853958E+01  0.1968719E+01  0.2099811E+01  0.2193428E+01
 0.1740000E+02  0.7785060E+00  0.8412647E+00  0.9201170E+00  0.1003584E+01  0.1087601E+01  0.1173626E+01  0.1262328E+01  0.1353922E+01  0.1448297E+01  0.1545246E+01  0.1644690E+01  0.1746968E+01  0.1853001E+01  0.1967606E+01  0.2099209E+01  0.2192465E+01
 0.1750000E+02  0.7811165E+00  0.8433333E+00  0.9218742E+00  0.1005004E+01  0.1088663E+01  0.1174352E+01  0.1262744E+01  0.1354061E+01  0.1448186E+01  0.1544909E+01  0.1644143E+01  0.1746225E+01  0.1852038E+01  0.1966479E+01  0.2098598E+01  0.2191515E+01
 0.1760000E+02  0.7837330E+00  0.8454065E+00  0.9236376E+00  0.1006430E+01  0.1089728E+01  0.1175080E+01  0.1263162E+01  0.1354200E+01  0.1448075E+01  0.1544571E+01  0.1643594E+01  0.1745479E+01  0.1851070E+01  0.1965337E+01  0.2097974E+01  0.2190581E+01
 0.1770000E+02  0.7863551E+00  0.8474842E+00  0.9254069E+00  0.1007861E+01  0.1090798E+01  0.1175811E+01  0.1263582E+01  0.1354340E+01  0.1447963E+01  0.1544232E+01  0.1643042E+01  0.1744731E+01  0.1850095E+01  0.1964180E+01  0.2097337E+01  0.2189664E+01
 0.1780000E+02  0.7889830E+00  0.8495663E+00  0.9271822E+00  0.1009296E+01  0.1091871E+01  0.1176544E+01  0.1264004E+01  0.1354480E+01  0.1447851E+01  0.1543891E+01  0.1642488E+01  0.1743979E+01  0.1849115E+01  0.1963008E+01  0.2096684E+01  0.2188765E+01
 0.1790000E+02  0.7916163E+00  0.8516527E+00  0.9289633E+00  0.1010736E+01  0.1092948E+01  0.1177281E+01  0.1264427E+01  0.1354622E+01  0.1447738E+01  0.1543549E+01  0.1641932E+01  0.1743224E+01  0.1848129E+01  0.1961821E+01  0.2096012E+01  0.2187885E+01
 0.1800000E+02  0.7942549E+00  0.8537434E+00  0.9307503E+00  0.1012181E+01  0.1094029E+01  0.1178020E+01  0.1264852E+01  0.1354763E+01  0.1447625E+01  0.1543206E+01  0.1641373E+01  0.1742466E+01  0.1847138E+01  0.1960617E+01  0.2095319E+01  0.2187027E+01
 0.1810000E+02  0.7968988E+00  0.8558384E+00  0.9325431E+00  0.1013631E+01  0.1095113E+01  0.1178762E+01  0.1265279E+01  0.1354906E+01  0.1447511E+01  0.1542861E+01  0.1640811E+01  0.1741705E+01  0.1846141E+01  0.1959397E+01  0.2094601E+01  0.2186190E+01
 0.1820000E+02  0.7995479E+00  0.8579376E+00  0.9343416E+00  0.1015085E+01  0.1096202E+01  0.1179507E+01  0.1265707E+01  0.1355049E+01  0.1447397E+01  0.1542515E+01  0.1640248E+01  0.1740942E+01  0.1845138E+01  0.1958161E+01  0.2093857E+01  0.2185378E+01
 0.1830000E+02  0.8022019E+00  0.8600409E+00  0.9361458E+00  0.1016543E+01  0.1097294E+01  0.1180255E+01  0.1266137E+01  0.1355192E+01  0.1447283E+01  0.1542168E+01  0.1639682E+01  0.1740175E+01  0.1844130E+01  0.1956909E+01  0.2093082E+01  0.2184591E+01
 0.1840000E+02  0.8048608E+00  0.8621482E+00  0.9379556E+00  0.1018006E+01  0.1098389E+01  0.1181005E+01  0.1266569E+01  0.1355337E+01  0.1447168E+01  0.1541819E+01  0.1639113E+01  0.1739406E+01  0.1843116E+01  0.1955639E+01  0.2092273E+01  0.2183831E+01
 0.1850000E+02  0.8075244E+00  0.8642597E+00  0.9397710E+00  0.1019474E+01  0.1099489E+01  0.1181758E+01  0.1267002E+01  0.1355481E+01  0.1447053E+01  0.1541469E+01  0.1638543E+01  0.1738633E+01  0.1842097E+01  0.1954352E+01  0.2091427E+01  0.2183101E+01
 0.1860000E+02  0.8101927E+00  0.8663751E+00  0.9415918E+00  0.1020945E+01  0.1100592E+01  0.1182514E+01  0.1267437E+01  0.1355627E+01  0.1446937E+01  0.1541118E+01  0.1637969E+01  0.1737858E+01  0.1841073E+01  0.1953047E+01  0.2090539E+01  0.2182401E+01
 0.1870000E+02  0.8128656E+00  0.8684945E+00  0.9434181E+00  0.1022421E+01  0.1101698E+01  0.1183272E+01  0.1267874E+01  0.1355773E+01  0.1446821E+01  0.1540765E+01  0.1637394E+01  0.1737080E+01  0.1840044E+01  0.1951724E+01  0.2089607E+01  0.2181734E+01
 0.1880000E+02  0.8155428E+00  0.8706178E+00  0.9452497E+00  0.1023902E+01  0.1102808E+01  0.1184033E+01  0.1268312E+01  0.1355920E+01  0.1446704E+01  0.1540412E+01  0.1636816E+01  0.1736300E+01  0.1839010E+01  0.1950384E+01  0.2088627E+01  0.2181103E+01
 0.1890000E+02  0.8182244E+00  0.8727449E+00  0.9470867E+00  0.1025386E+01  0.1103922E+01  0.1184796E+01  0.1268752E+01  0.1356067E+01  0.1446587E+01  0.1540056E+01  0.1636235E+01  0.1735516E+01  0.1837972E+01  0.1949024E+01  0.2087594E+01  0.2180509E+01
 0.1900000E+02  0.8209101E+00  0.8748760E+00  0.9489289E+00  0.1026875E+01  0.1105039E+01  0.1185563E+01  0.1269194E+01  0.1356215E+01  0.1446470E+01  0.1539700E+01  0.1635652E+01  0.1734730E+01  0.1836928E+01  0.1947646E+01  0.2086504E+01  0.2179957E+01
 0.1910000E+02  0.8235999E+00  0.8770109E+00  0.9507762E+00  0.1028368E+01  0.1106160E+01  0.1186332E+01  0.1269637E+01  0.1356364E+01  0.1446352E+01  0.1539342E+01  0.1635067E+01  0.1733942E+01  0.1835880E+01  0.1946248E+01  0.2085354E+01  0.2179449E+01
 0.1920000E+02  0.8262938E+00  0.8791496E+00  0.9526287E+00  0.1029865E+01  0.1107284E+01  0.1187103E+01  0.1270082E+01  0.1356513E+01  0.1446234E+01  0.1538983E+01  0.1634480E+01  0.1733150E+01  0.1834827E+01  0.1944830E+01  0.2084140E+01  0.2178991E+01
 0.1930000E+02  0.8289915E+00  0.8812922E+00  0.9544862E+00  0.1031366E+01  0.1108412E+01  0.1187877E+01  0.1270528E+01  0.1356663E+01  0.1446115E+01  0.1538623E+01  0.1633890E+01  0.1732356E+01  0.1833771E+01  0.1943393E+01  0.2082856E+01  0.2178587E+01
 0.1940000E+02  0.8316930E+00  0.8834385E+00  0.9563487E+00  0.1032871E+01  0.1109543E+01  0.1188653E+01  0.1270976E+01  0.1356813E+01  0.1445996E+01  0.1538261E+01  0.1633297E+01  0.1731559E+01  0.1832710E+01  0.1941934E+01  0.2081498E+01  0.2178244E+01
 0.1950000E+02  0.8343982E+00  0.8855886E+00  0.9582161E+00  0.1034380E+01  0.1110678E+01  0.1189433E+01  0.1271426E+01  0.1356964E+01  0.1445877E+01  0.1537899E+01  0.1632703E+01  0.1730760E+01  0.1831645E+01  0.1940455E+01  0.2080063E+01  0.2177971E+01
 0.1960000E+02  0.8371070E+00  0.8877425E+00  0.9600883E+00  0.1035892E+01  0.1111816E+01  0.1190214E+01  0.1271878E+01  0.1357115E+01  0.1445757E+01  0.1537535E+01  0.1632105E+01  0.1729958E+01  0.1830577E+01  0.1938953E+01  0.2078544E+01  0.2177779E+01
 0.1970000E+02  0.8398194E+00  0.8899002E+00  0.9619653E+00  0.1037409E+01  0.1112957E+01  0.1190998E+01  0.1272331E+01  0.1357268E+01  0.1445637E+01  0.1537169E+01  0.1631506E+01  0.1729153E+01  0.1829505E+01  0.1937429E+01  0.2076936E+01  0.2177686E+01
 0.1980000E+02  0.8425353E+00  0.8920616E+00  0.9638470E+00  0.1038930E+01  0.1114102E+01  0.1191785E+01  0.1272785E+01  0.1357420E+01  0.1445516E+01  0.1536803E+01  0.1630904E+01  0.1728346E+01  0.1828429E+01  0.1935881E+01  0.2075234E+01  0.2177715E+01
 0.1990000E+02  0.8452547E+00  0.8942269E+00  0.9657333E+00  0.1040454E+01  0.1115250E+01  0.1192574E+01  0.1273241E+01  0.1357574E+01  0.1445395E+01  0.1536435E+01  0.1630299E+01  0.1727537E+01  0.1827351E+01  0.1934309E+01  0.2073430E+01  0.2177904E+01
 0.2000000E+02  0.8479774E+00  0.8963960E+00  0.9676241E+00  0.1041982E+01  0.1116402E+01  0.1193365E+01  0.1273699E+01  0.1357728E+01  0.1445273E+01  0.1536067E+01  0.1629692E+01  0.1726724E+01  0.1826270E+01  0.1932712E+01  0.2071516E+01  0.2178315E+01
 0.2010000E+02  0.8507036E+00  0.8985689E+00  0.9695195E+00  0.1043513E+01  0.1117556E+01  0.1194159E+01  0.1274158E+01  0.1357882E+01  0.1445151E+01  0.1535697E+01  0.1629083E+01  0.1725910E+01  0.1825186E+01  0.1931087E+01  0.2069479E+01  0.2179068E+01
 0.2020000E+02  0.8534332E+00  0.9007456E+00  0.9714192E+00  0.1045048E+01  0.1118715E+01  0.1194955E+01  0.1274619E+01  0.1358037E+01  0.1445029E+01  0.1535326E+01  0.1628471E+01  0.1725093E+01  0.1824100E+01  0.1929434E+01  0.2067302E+01  0.2180436E+01
 0.2030000E+02  0.8561662E+00  0.9029263E+00  0.9733233E+00  0.1046587E+01  0.1119876E+01  0.1195754E+01  0.1275082E+01  0.1358193E+01  0.1444906E+01  0.1534953E+01  0.1627857E+01  0.1724273E+01  0.1823012E+01  0.1927748E+01  0.2064957E+01  0.2182872E+01
 0.2040000E+02  0.8588006E+00  0.9047961E+00  0.9752368E+00  0.1049293E+01  0.1121002E+01  0.1196493E+01  0.1275463E+01  0.1358506E+01  0.1444723E+01  0.1534524E+01  0.1627145E+01  0.1723781E+01  0.1821944E+01  0.1925080E+01  0.2058205E+01  0.1724321E+01
 0.2050000E+02  0.8610896E+00  0.9059543E+00  0.9770427E+00  0.1053637E+01  0.1121980E+01  0.1197075E+01  0.1275680E+01  0.1358919E+01  0.1444445E+01  0.1534027E+01  0.1626359E+01  0.1723536E+01  0.1820929E+01  0.1921889E+01  0.2049245E+01  0.1015109E+01
