 0.10000E+00  0.10000E+01 -0.69778E-20
 0.20000E+00  0.10000E+01  0.11799E-19
 0.30000E+00  0.10000E+01 -0.17072E-19
 0.40000E+00  0.10000E+01  0.31118E-19
 0.50000E+00  0.10000E+01  0.78468E-19
 0.60000E+00  0.10000E+01 -0.50801E-19
 0.70000E+00  0.10000E+01  0.18764E-19
 0.80000E+00  0.10000E+01 -0.34704E-19
 0.90000E+00  0.10000E+01 -0.21169E-18
 0.10000E+01  0.10000E+01 -0.31333E-18
 0.11000E+01  0.10000E+01  0.79455E-20
 0.12000E+01  0.10000E+01  0.36455E-19
 0.13000E+01  0.10000E+01 -0.97883E-19
 0.14000E+01  0.10000E+01  0.83836E-19
 0.15000E+01  0.10000E+01  0.19423E-18
 0.16000E+01  0.10000E+01  0.57719E-18
 0.17000E+01  0.10000E+01 -0.13362E-18
 0.18000E+01  0.10000E+01  0.28092E-19
 0.19000E+01  0.10000E+01  0.20528E-18
 0.20000E+01  0.10000E+01  0.55108E-18
 0.21000E+01  0.10000E+01  0.46194E-18
 0.22000E+01  0.10000E+01  0.35453E-18
 0.23000E+01  0.10000E+01 -0.21039E-18
 0.24000E+01  0.10000E+01 -0.72118E-18
 0.25000E+01  0.10000E+01 -0.32781E-18
 0.26000E+01  0.10000E+01  0.72772E-18
 0.27000E+01  0.10000E+01  0.67845E-18
 0.28000E+01  0.10000E+01 -0.10460E-17
 0.29000E+01  0.10000E+01  0.12734E-19
 0.30000E+01  0.10000E+01 -0.48847E-18
 0.31000E+01  0.10000E+01  0.51332E-18
 0.32000E+01  0.10000E+01  0.16295E-18
 0.33000E+01  0.10000E+01  0.55464E-19
 0.34000E+01  0.10000E+01  0.18428E-18
 0.35000E+01  0.10000E+01  0.15834E-17
 0.36000E+01  0.10000E+01 -0.16677E-19
 0.37000E+01  0.10000E+01  0.81119E-18
 0.38000E+01  0.10000E+01 -0.87683E-18
 0.39000E+01  0.10000E+01  0.15210E-17
 0.40000E+01  0.10000E+01  0.12161E-17
 0.41000E+01  0.10000E+01  0.40477E-18
 0.42000E+01  0.10000E+01 -0.85246E-18
 0.43000E+01  0.10000E+01 -0.15366E-17
 0.44000E+01  0.10000E+01 -0.32223E-18
 0.45000E+01  0.10000E+01  0.67967E-18
 0.46000E+01  0.10000E+01  0.21691E-17
 0.47000E+01  0.10000E+01 -0.13721E-17
 0.48000E+01  0.10000E+01 -0.86002E-18
 0.49000E+01  0.10000E+01 -0.96341E-19
 0.50000E+01  0.10000E+01 -0.91154E-18
 0.51000E+01  0.10000E+01  0.99557E-18
 0.52000E+01  0.10000E+01  0.18579E-17
 0.53000E+01  0.10000E+01 -0.17453E-17
 0.54000E+01  0.10000E+01 -0.17559E-18
 0.55000E+01  0.10000E+01  0.10274E-18
 0.56000E+01  0.10000E+01  0.68473E-18
 0.57000E+01  0.10000E+01 -0.15022E-17
 0.58000E+01  0.10000E+01  0.12297E-17
 0.59000E+01  0.10000E+01 -0.89271E-18
 0.60000E+01  0.10000E+01 -0.52702E-18
 0.61000E+01  0.10000E+01 -0.93176E-18
 0.62000E+01  0.10000E+01 -0.28297E-17
 0.63000E+01  0.10000E+01  0.66859E-18
 0.64000E+01  0.10000E+01 -0.10462E-17
 0.65000E+01  0.10000E+01 -0.21313E-18
 0.66000E+01  0.10000E+01  0.32873E-17
 0.67000E+01  0.10000E+01 -0.14695E-17
 0.68000E+01  0.10000E+01 -0.15750E-18
 0.69000E+01  0.10000E+01  0.50373E-18
 0.70000E+01  0.10000E+01  0.14925E-17
 0.71000E+01  0.10000E+01 -0.89014E-18
 0.72000E+01  0.10000E+01  0.34586E-18
 0.73000E+01  0.10000E+01 -0.43933E-18
 0.74000E+01  0.10000E+01 -0.14617E-18
 0.75000E+01  0.10000E+01 -0.39595E-18
 0.76000E+01  0.10000E+01 -0.56960E-18
 0.77000E+01  0.10000E+01 -0.14732E-17
 0.78000E+01  0.10000E+01 -0.11846E-17
 0.79000E+01  0.10000E+01 -0.10989E-17
 0.80000E+01  0.10000E+01 -0.30993E-18
 0.81000E+01  0.10000E+01 -0.60887E-18
 0.82000E+01  0.10000E+01  0.12670E-17
 0.83000E+01  0.10000E+01 -0.40675E-18
 0.84000E+01  0.10000E+01 -0.81622E-18
 0.85000E+01  0.10000E+01 -0.38722E-18
 0.86000E+01  0.10000E+01  0.10142E-17
 0.87000E+01  0.10000E+01 -0.51905E-17
 0.88000E+01  0.10000E+01  0.14501E-17
 0.89000E+01  0.10000E+01 -0.94800E-18
 0.90000E+01  0.10000E+01  0.78354E-18
 0.91000E+01  0.10000E+01  0.13768E-17
 0.92000E+01  0.10000E+01  0.66687E-18
 0.93000E+01  0.10000E+01 -0.35609E-17
 0.94000E+01  0.10000E+01 -0.75495E-19
 0.95000E+01  0.10000E+01  0.87601E-18
 0.96000E+01  0.10000E+01 -0.70247E-18
 0.97000E+01  0.10000E+01  0.30009E-18
 0.98000E+01  0.10000E+01  0.79678E-18
 0.99000E+01  0.10000E+01  0.10882E-17
 0.10000E+02  0.10000E+01  0.26737E-17
 0.10100E+02  0.10000E+01 -0.49411E-18
 0.10200E+02  0.10000E+01  0.22099E-18
 0.10300E+02  0.10000E+01  0.17657E-17
 0.10400E+02  0.10000E+01 -0.13654E-17
 0.10500E+02  0.10000E+01 -0.64412E-18
 0.10600E+02  0.10000E+01  0.74767E-18
 0.10700E+02  0.10000E+01 -0.54776E-18
 0.10800E+02  0.10001E+01 -0.13128E-17
 0.10900E+02  0.10001E+01  0.49533E-18
 0.11000E+02  0.10001E+01 -0.80120E-18
 0.11100E+02  0.10001E+01  0.41619E-17
 0.11200E+02  0.10001E+01 -0.43441E-18
 0.11300E+02  0.10001E+01  0.16934E-17
 0.11400E+02  0.10001E+01  0.19640E-17
 0.11500E+02  0.10001E+01  0.74864E-18
 0.11600E+02  0.10001E+01  0.31884E-17
 0.11700E+02  0.10001E+01 -0.33345E-18
 0.11800E+02  0.10001E+01 -0.43665E-18
 0.11900E+02  0.10001E+01 -0.13668E-17
 0.12000E+02  0.10001E+01 -0.15548E-17
 0.12100E+02  0.10001E+01 -0.44517E-18
 0.12200E+02  0.10001E+01  0.28207E-18
 0.12300E+02  0.10001E+01  0.31947E-17
 0.12400E+02  0.10001E+01  0.18389E-18
 0.12500E+02  0.10001E+01 -0.35607E-17
 0.12600E+02  0.10001E+01 -0.13127E-17
 0.12700E+02  0.10001E+01 -0.17178E-18
 0.12800E+02  0.10001E+01  0.36557E-17
 0.12900E+02  0.10001E+01  0.22393E-18
 0.13000E+02  0.10001E+01 -0.92296E-17
 0.13100E+02  0.10001E+01  0.17574E-17
 0.13200E+02  0.10001E+01  0.24915E-17
 0.13300E+02  0.10001E+01 -0.72364E-18
 0.13400E+02  0.10001E+01  0.15240E-17
 0.13500E+02  0.10001E+01 -0.35668E-18
 0.13600E+02  0.10001E+01 -0.78141E-18
 0.13700E+02  0.10001E+01 -0.11867E-17
 0.13800E+02  0.10001E+01  0.51084E-17
 0.13900E+02  0.10001E+01 -0.72301E-18
 0.14000E+02  0.10001E+01 -0.28744E-17
 0.14100E+02  0.10001E+01 -0.91907E-18
 0.14200E+02  0.10001E+01 -0.26674E-18
 0.14300E+02  0.10001E+01  0.22720E-18
 0.14400E+02  0.10001E+01 -0.27483E-17
 0.14500E+02  0.10001E+01  0.29095E-17
 0.14600E+02  0.10001E+01 -0.24277E-17
 0.14700E+02  0.10001E+01  0.14253E-17
 0.14800E+02  0.10001E+01 -0.40928E-17
 0.14900E+02  0.10001E+01  0.81969E-18
 0.15000E+02  0.10001E+01 -0.61531E-18
 0.15100E+02  0.10001E+01 -0.28035E-17
 0.15200E+02  0.10001E+01 -0.50439E-18
 0.15300E+02  0.10001E+01 -0.11226E-17
 0.15400E+02  0.10001E+01  0.46395E-17
 0.15500E+02  0.10001E+01  0.19557E-17
 0.15600E+02  0.10001E+01 -0.25003E-17
 0.15700E+02  0.10001E+01 -0.42208E-17
 0.15800E+02  0.10001E+01  0.95918E-18
 0.15900E+02  0.10001E+01  0.16585E-17
 0.16000E+02  0.10001E+01 -0.63900E-17
 0.16100E+02  0.10001E+01 -0.43608E-17
 0.16200E+02  0.10001E+01  0.37327E-17
 0.16300E+02  0.10001E+01 -0.62038E-17
 0.16400E+02  0.10001E+01 -0.11850E-17
 0.16500E+02  0.10001E+01  0.24335E-18
 0.16600E+02  0.10001E+01  0.21106E-17
 0.16700E+02  0.10001E+01 -0.40037E-17
 0.16800E+02  0.10001E+01 -0.17194E-17
 0.16900E+02  0.10001E+01 -0.43471E-17
 0.17000E+02  0.10001E+01 -0.38780E-17
 0.17100E+02  0.10001E+01  0.26099E-17
 0.17200E+02  0.10001E+01  0.33891E-19
 0.17300E+02  0.10001E+01 -0.35142E-17
 0.17400E+02  0.10001E+01 -0.13434E-17
 0.17500E+02  0.10001E+01  0.61953E-17
 0.17600E+02  0.10001E+01  0.47189E-17
 0.17700E+02  0.10001E+01  0.30823E-17
 0.17800E+02  0.10001E+01 -0.35957E-18
 0.17900E+02  0.10001E+01 -0.27940E-17
 0.18000E+02  0.10001E+01  0.27553E-17
 0.18100E+02  0.10001E+01  0.24116E-17
 0.18200E+02  0.10001E+01  0.11298E-17
 0.18300E+02  0.10001E+01  0.36010E-18
 0.18400E+02  0.10001E+01 -0.62112E-17
 0.18500E+02  0.10001E+01  0.52541E-17
 0.18600E+02  0.10001E+01 -0.12606E-17
 0.18700E+02  0.10001E+01  0.27713E-17
 0.18800E+02  0.10001E+01  0.15779E-17
 0.18900E+02  0.10001E+01  0.95713E-18
 0.19000E+02  0.10001E+01  0.33822E-17
 0.19100E+02  0.10002E+01  0.26112E-17
 0.19200E+02  0.10002E+01  0.13036E-17
 0.19300E+02  0.10002E+01  0.65153E-17
 0.19400E+02  0.10002E+01 -0.38360E-18
 0.19500E+02  0.10002E+01  0.26434E-17
 0.19600E+02  0.10002E+01  0.18994E-17
 0.19700E+02  0.10002E+01 -0.12317E-17
 0.19800E+02  0.10002E+01 -0.17780E-17
 0.19900E+02  0.10002E+01 -0.42623E-17
 0.20000E+02  0.10002E+01 -0.44458E-17
 0.20100E+02  0.10002E+01 -0.75800E-19
 0.20200E+02  0.10002E+01  0.35239E-17
 0.20300E+02  0.10002E+01  0.27233E-17
 0.20400E+02  0.10002E+01  0.58885E-18
 0.20500E+02  0.10002E+01  0.30828E-18
 0.20600E+02  0.10002E+01  0.86852E-18
 0.20700E+02  0.10002E+01  0.42132E-17
 0.20800E+02  0.10002E+01  0.73555E-17
 0.20900E+02  0.10002E+01 -0.15138E-17
 0.21000E+02  0.10002E+01  0.28421E-17
 0.21100E+02  0.10002E+01 -0.29984E-17
 0.21200E+02  0.10002E+01  0.29579E-18
 0.21300E+02  0.10002E+01  0.49346E-17
 0.21400E+02  0.10002E+01  0.72938E-18
 0.21500E+02  0.10002E+01 -0.25591E-17
 0.21600E+02  0.10002E+01  0.54048E-17
 0.21700E+02  0.10002E+01  0.30122E-17
 0.21800E+02  0.10002E+01  0.59217E-17
 0.21900E+02  0.10002E+01  0.40103E-17
 0.22000E+02  0.10002E+01 -0.66371E-17
 0.22100E+02  0.10002E+01 -0.20915E-17
 0.22200E+02  0.10002E+01 -0.48636E-17
 0.22300E+02  0.10002E+01 -0.11195E-17
 0.22400E+02  0.10002E+01  0.25410E-17
 0.22500E+02  0.10002E+01  0.73500E-18
 0.22600E+02  0.10002E+01 -0.84347E-17
 0.22700E+02  0.10002E+01 -0.52176E-17
 0.22800E+02  0.10002E+01 -0.75826E-17
 0.22900E+02  0.10002E+01  0.26304E-17
 0.23000E+02  0.10002E+01 -0.10320E-17
 0.23100E+02  0.10002E+01  0.48190E-17
 0.23200E+02  0.10002E+01 -0.11868E-17
 0.23300E+02  0.10002E+01  0.18251E-17
 0.23400E+02  0.10002E+01 -0.13456E-17
 0.23500E+02  0.10002E+01 -0.39900E-17
 0.23600E+02  0.10002E+01  0.47411E-17
 0.23700E+02  0.10002E+01 -0.50054E-17
 0.23800E+02  0.10002E+01 -0.25685E-17
 0.23900E+02  0.10002E+01  0.78780E-18
 0.24000E+02  0.10002E+01  0.99039E-18
 0.24100E+02  0.10002E+01 -0.45151E-17
 0.24200E+02  0.10002E+01  0.25584E-18
 0.24300E+02  0.10002E+01 -0.69139E-18
 0.24400E+02  0.10002E+01  0.11028E-17
 0.24500E+02  0.10002E+01  0.51362E-17
 0.24600E+02  0.10002E+01  0.87332E-17
 0.24700E+02  0.10002E+01  0.13354E-17
 0.24800E+02  0.10002E+01 -0.12524E-18
 0.24900E+02  0.10003E+01 -0.37970E-17
 0.25000E+02  0.10003E+01  0.78807E-18
 0.25100E+02  0.10003E+01 -0.29878E-17
 0.25200E+02  0.10003E+01  0.95579E-17
 0.25300E+02  0.10003E+01  0.59447E-17
 0.25400E+02  0.10003E+01  0.43307E-17
 0.25500E+02  0.10003E+01 -0.67130E-17
 0.25600E+02  0.10003E+01 -0.10942E-17
 0.25700E+02  0.10003E+01 -0.16364E-17
 0.25800E+02  0.10003E+01  0.42271E-17
 0.25900E+02  0.10003E+01 -0.72088E-17
 0.26000E+02  0.10003E+01  0.25869E-17
 0.26100E+02  0.10003E+01  0.95533E-18
 0.26200E+02  0.10003E+01  0.60716E-17
 0.26300E+02  0.10003E+01 -0.66040E-17
 0.26400E+02  0.10003E+01  0.21961E-17
 0.26500E+02  0.10003E+01 -0.64998E-18
 0.26600E+02  0.10003E+01  0.26423E-17
 0.26700E+02  0.10003E+01 -0.89519E-18
 0.26800E+02  0.10003E+01 -0.34729E-17
 0.26900E+02  0.10003E+01 -0.19556E-17
 0.27000E+02  0.10003E+01  0.69154E-17
 0.27100E+02  0.10003E+01 -0.22681E-17
 0.27200E+02  0.10003E+01 -0.15757E-17
 0.27300E+02  0.10003E+01  0.19637E-17
 0.27400E+02  0.10003E+01  0.31758E-17
 0.27500E+02  0.10003E+01 -0.46194E-18
 0.27600E+02  0.10003E+01 -0.16559E-18
 0.27700E+02  0.10003E+01 -0.17612E-17
 0.27800E+02  0.10003E+01  0.43759E-17
 0.27900E+02  0.10003E+01  0.18613E-17
 0.28000E+02  0.10003E+01  0.21374E-17
 0.28100E+02  0.10003E+01  0.36426E-17
 0.28200E+02  0.10003E+01 -0.66092E-17
 0.28300E+02  0.10003E+01 -0.92622E-17
 0.28400E+02  0.10003E+01 -0.24644E-17
 0.28500E+02  0.10003E+01  0.39061E-17
 0.28600E+02  0.10003E+01 -0.22261E-17
 0.28700E+02  0.10003E+01 -0.60202E-17
 0.28800E+02  0.10003E+01 -0.28932E-17
 0.28900E+02  0.10003E+01 -0.38503E-17
 0.29000E+02  0.10003E+01  0.61337E-17
 0.29100E+02  0.10003E+01  0.29945E-17
 0.29200E+02  0.10003E+01 -0.38136E-17
 0.29300E+02  0.10003E+01 -0.13098E-16
 0.29400E+02  0.10003E+01  0.59004E-17
 0.29500E+02  0.10003E+01 -0.14681E-17
 0.29600E+02  0.10003E+01 -0.29969E-18
 0.29700E+02  0.10003E+01  0.71344E-17
 0.29800E+02  0.10003E+01 -0.19031E-17
 0.29900E+02  0.10003E+01  0.56277E-17
 0.30000E+02  0.10003E+01  0.76427E-17
 0.30100E+02  0.10004E+01  0.69697E-17
 0.30200E+02  0.10004E+01  0.78636E-17
 0.30300E+02  0.10004E+01  0.82518E-17
 0.30400E+02  0.10004E+01 -0.66602E-18
 0.30500E+02  0.10004E+01 -0.68774E-17
 0.30600E+02  0.10004E+01  0.28726E-17
 0.30700E+02  0.10004E+01  0.88759E-17
 0.30800E+02  0.10004E+01 -0.46438E-17
 0.30900E+02  0.10004E+01 -0.71912E-18
 0.31000E+02  0.10004E+01 -0.80349E-17
 0.31100E+02  0.10004E+01 -0.32646E-18
 0.31200E+02  0.10004E+01  0.53677E-17
 0.31300E+02  0.10004E+01 -0.34684E-18
 0.31400E+02  0.10004E+01  0.30224E-17
 0.31500E+02  0.10004E+01 -0.59028E-17
 0.31600E+02  0.10004E+01 -0.17385E-16
 0.31700E+02  0.10004E+01  0.29053E-17
 0.31800E+02  0.10004E+01  0.46250E-17
 0.31900E+02  0.10004E+01  0.28332E-17
 0.32000E+02  0.10004E+01  0.70072E-18
 0.32100E+02  0.10004E+01 -0.76166E-17
 0.32200E+02  0.10004E+01  0.10705E-16
 0.32300E+02  0.10004E+01 -0.35206E-17
 0.32400E+02  0.10004E+01  0.10636E-16
 0.32500E+02  0.10004E+01 -0.37278E-17
 0.32600E+02  0.10004E+01 -0.14873E-18
 0.32700E+02  0.10004E+01  0.76147E-17
 0.32800E+02  0.10004E+01  0.51442E-17
 0.32900E+02  0.10004E+01  0.21454E-17
 0.33000E+02  0.10004E+01 -0.88154E-17
 0.33100E+02  0.10004E+01  0.51480E-17
 0.33200E+02  0.10004E+01 -0.12035E-16
 0.33300E+02  0.10004E+01 -0.29920E-17
 0.33400E+02  0.10004E+01  0.97372E-18
 0.33500E+02  0.10004E+01  0.72448E-17
 0.33600E+02  0.10004E+01 -0.53765E-17
 0.33700E+02  0.10004E+01  0.34635E-17
 0.33800E+02  0.10004E+01 -0.37011E-17
 0.33900E+02  0.10004E+01 -0.55522E-17
 0.34000E+02  0.10004E+01  0.39687E-17
 0.34100E+02  0.10004E+01 -0.48278E-17
 0.34200E+02  0.10004E+01  0.37651E-17
 0.34300E+02  0.10004E+01 -0.60078E-17
 0.34400E+02  0.10004E+01 -0.20442E-17
 0.34500E+02  0.10004E+01 -0.39356E-17
 0.34600E+02  0.10004E+01  0.31849E-17
 0.34700E+02  0.10004E+01 -0.10544E-18
 0.34800E+02  0.10004E+01  0.57785E-17
 0.34900E+02  0.10004E+01  0.44867E-17
 0.35000E+02  0.10004E+01  0.79228E-17
 0.35100E+02  0.10004E+01 -0.28101E-17
 0.35200E+02  0.10005E+01  0.10462E-16
 0.35300E+02  0.10005E+01 -0.17122E-16
 0.35400E+02  0.10005E+01  0.47517E-17
 0.35500E+02  0.10005E+01  0.13256E-16
 0.35600E+02  0.10005E+01  0.91297E-17
 0.35700E+02  0.10005E+01  0.27410E-17
 0.35800E+02  0.10005E+01 -0.43764E-17
 0.35900E+02  0.10005E+01  0.32308E-17
 0.36000E+02  0.10005E+01  0.49985E-17
 0.36100E+02  0.10005E+01  0.26636E-17
 0.36200E+02  0.10005E+01  0.20714E-17
 0.36300E+02  0.10005E+01 -0.99351E-17
 0.36400E+02  0.10005E+01 -0.26076E-17
 0.36500E+02  0.10005E+01  0.80920E-17
 0.36600E+02  0.10005E+01 -0.13650E-16
 0.36700E+02  0.10005E+01  0.15353E-16
 0.36800E+02  0.10005E+01 -0.13703E-16
 0.36900E+02  0.10005E+01  0.39894E-17
 0.37000E+02  0.10005E+01 -0.42912E-17
 0.37100E+02  0.10005E+01  0.24185E-17
 0.37200E+02  0.10005E+01 -0.10349E-16
 0.37300E+02  0.10005E+01 -0.76905E-17
 0.37400E+02  0.10005E+01  0.77140E-19
 0.37500E+02  0.10005E+01 -0.19578E-16
 0.37600E+02  0.10005E+01  0.57242E-18
 0.37700E+02  0.10005E+01  0.16304E-16
 0.37800E+02  0.10005E+01  0.97281E-17
 0.37900E+02  0.10005E+01 -0.67087E-17
 0.38000E+02  0.10005E+01 -0.65196E-17
 0.38100E+02  0.10005E+01  0.27782E-17
 0.38200E+02  0.10005E+01  0.55667E-17
 0.38300E+02  0.10005E+01  0.13484E-16
 0.38400E+02  0.10005E+01 -0.51258E-17
 0.38500E+02  0.10005E+01  0.51402E-17
 0.38600E+02  0.10005E+01  0.67701E-17
 0.38700E+02  0.10005E+01 -0.66019E-17
 0.38800E+02  0.10005E+01 -0.30902E-17
 0.38900E+02  0.10006E+01 -0.15831E-16
 0.39000E+02  0.10006E+01 -0.32684E-17
 0.39100E+02  0.10006E+01 -0.88574E-17
 0.39200E+02  0.10006E+01  0.62767E-17
 0.39300E+02  0.10006E+01 -0.20387E-16
 0.39400E+02  0.10006E+01  0.30734E-16
 0.39500E+02  0.10006E+01 -0.34295E-17
 0.39600E+02  0.10006E+01  0.18318E-18
 0.39700E+02  0.10006E+01 -0.17052E-17
 0.39800E+02  0.10006E+01 -0.11833E-16
 0.39900E+02  0.10006E+01  0.23804E-16
 0.40000E+02  0.10006E+01 -0.31957E-16
 0.40100E+02  0.10006E+01 -0.21262E-16
 0.40200E+02  0.10006E+01 -0.16237E-16
 0.40300E+02  0.10006E+01 -0.23664E-16
 0.40400E+02  0.10006E+01 -0.46950E-16
 0.40500E+02  0.10006E+01  0.53957E-18
 0.40600E+02  0.10006E+01  0.46052E-17
 0.40700E+02  0.10006E+01 -0.29270E-16
 0.40800E+02  0.10006E+01  0.57443E-16
 0.40900E+02  0.10006E+01  0.28242E-16
 0.41000E+02  0.10006E+01  0.32912E-16
 0.41100E+02  0.10006E+01  0.18652E-16
 0.41200E+02  0.10006E+01  0.53825E-16
 0.41300E+02  0.10006E+01 -0.27516E-16
 0.41400E+02  0.10006E+01 -0.32841E-16
 0.41500E+02  0.10006E+01 -0.11085E-16
 0.41600E+02  0.10006E+01  0.26100E-16
 0.41700E+02  0.10005E+01  0.20733E-16
 0.41800E+02  0.10005E+01  0.40020E-16
 0.41900E+02  0.10005E+01 -0.18283E-16
 0.42000E+02  0.10005E+01 -0.60520E-17
 0.42100E+02  0.10005E+01 -0.91156E-16
 0.42200E+02  0.10005E+01  0.38877E-16
 0.42300E+02  0.10005E+01  0.52204E-16
 0.42400E+02  0.10005E+01 -0.39398E-16
 0.42500E+02  0.10005E+01 -0.60880E-16
 0.42600E+02  0.10004E+01 -0.10312E-15
 0.42700E+02  0.10004E+01  0.30288E-17
 0.42800E+02  0.10004E+01 -0.16452E-16
 0.42900E+02  0.10004E+01  0.30997E-16
 0.43000E+02  0.10004E+01  0.42885E-16
 0.43100E+02  0.10003E+01  0.39398E-17
 0.43200E+02  0.10003E+01  0.15170E-15
 0.43300E+02  0.10003E+01  0.18881E-16
 0.43400E+02  0.10003E+01 -0.60140E-16
 0.43500E+02  0.10002E+01  0.71878E-16
 0.43600E+02  0.10002E+01 -0.63804E-16
 0.43700E+02  0.10002E+01 -0.27964E-15
 0.43800E+02  0.10001E+01  0.96959E-16
 0.43900E+02  0.10001E+01 -0.25165E-16
 0.44000E+02  0.10000E+01 -0.11918E-15
 0.44100E+02  0.99999E+00 -0.69640E-16
 0.44200E+02  0.99995E+00  0.24239E-15
 0.44300E+02  0.99990E+00 -0.18065E-15
 0.44400E+02  0.99984E+00 -0.11865E-15
 0.44500E+02  0.99979E+00  0.19013E-15
 0.44600E+02  0.99973E+00  0.13202E-15
 0.44700E+02  0.99967E+00 -0.36723E-16
 0.44800E+02  0.99961E+00 -0.14661E-15
 0.44900E+02  0.99954E+00 -0.11351E-15
 0.45000E+02  0.99947E+00 -0.17213E-15
 0.45100E+02  0.99940E+00  0.68459E-16
 0.45200E+02  0.99932E+00  0.98239E-16
 0.45300E+02  0.99924E+00 -0.12889E-15
 0.45400E+02  0.99916E+00  0.19869E-15
 0.45500E+02  0.99908E+00 -0.16246E-14
 0.45600E+02  0.99899E+00 -0.22379E-15
 0.45700E+02  0.99890E+00  0.10908E-14
 0.45800E+02  0.99881E+00  0.42925E-15
 0.45900E+02  0.99871E+00 -0.27886E-15
 0.46000E+02  0.99861E+00  0.23067E-15
 0.46100E+02  0.99851E+00  0.12981E-15
 0.46200E+02  0.99841E+00  0.28741E-15
 0.46300E+02  0.99830E+00  0.12509E-14
 0.46400E+02  0.99819E+00 -0.31589E-15
 0.46500E+02  0.99807E+00 -0.88226E-17
 0.46600E+02  0.99796E+00 -0.68752E-15
 0.46700E+02  0.99784E+00 -0.60034E-16
 0.46800E+02  0.99772E+00  0.42599E-15
 0.46900E+02  0.99760E+00  0.26854E-15
 0.47000E+02  0.99747E+00 -0.53587E-15
 0.47100E+02  0.99734E+00 -0.67595E-15
 0.47200E+02  0.99722E+00 -0.41598E-15
 0.47300E+02  0.99709E+00 -0.37832E-15
 0.47400E+02  0.99696E+00  0.54514E-15
 0.47500E+02  0.99682E+00  0.19823E-14
 0.47600E+02  0.99669E+00 -0.38001E-15
 0.47700E+02  0.99656E+00  0.15533E-14
 0.47800E+02  0.99642E+00 -0.20575E-15
 0.47900E+02  0.99629E+00 -0.22818E-14
 0.48000E+02  0.99616E+00  0.88110E-15
 0.48100E+02  0.99602E+00 -0.23778E-14
 0.48200E+02  0.99589E+00  0.17912E-15
 0.48300E+02  0.99576E+00  0.17815E-14
 0.48400E+02  0.99563E+00  0.39233E-14
 0.48500E+02  0.99550E+00  0.64608E-15
 0.48600E+02  0.99538E+00 -0.24968E-14
 0.48700E+02  0.99526E+00 -0.16166E-14
 0.48800E+02  0.99514E+00 -0.25349E-14
 0.48900E+02  0.99503E+00  0.15653E-14
 0.49000E+02  0.99491E+00 -0.44986E-15
 0.49100E+02  0.99481E+00 -0.84178E-15
 0.49200E+02  0.99471E+00  0.15987E-14
 0.49300E+02  0.99461E+00 -0.17529E-14
 0.49400E+02  0.99453E+00 -0.29883E-16
 0.49500E+02  0.99444E+00 -0.48126E-14
 0.49600E+02  0.99437E+00  0.17548E-14
 0.49700E+02  0.99430E+00 -0.32350E-14
 0.49800E+02  0.99425E+00 -0.48910E-14
 0.49900E+02  0.99420E+00  0.10921E-14
 0.50000E+02  0.99416E+00 -0.11267E-14
 0.50100E+02  0.99413E+00 -0.65598E-14
 0.50200E+02  0.99411E+00  0.37082E-14
 0.50300E+02  0.99411E+00  0.47165E-14
 0.50400E+02  0.99411E+00  0.18967E-14
 0.50500E+02  0.99413E+00 -0.41238E-14
 0.50600E+02  0.99417E+00 -0.23909E-14
 0.50700E+02  0.99421E+00 -0.28528E-15
 0.50800E+02  0.99428E+00 -0.61036E-14
 0.50900E+02  0.99436E+00 -0.35691E-14
 0.51000E+02  0.99445E+00  0.55091E-14
 0.51100E+02  0.99456E+00 -0.95165E-15
 0.51200E+02  0.99469E+00 -0.53729E-14
 0.51300E+02  0.99484E+00  0.11002E-13
 0.51400E+02  0.99500E+00 -0.74236E-14
 0.51500E+02  0.99519E+00 -0.10793E-13
 0.51600E+02  0.99540E+00 -0.51080E-14
 0.51700E+02  0.99562E+00 -0.86433E-14
 0.51800E+02  0.99587E+00 -0.10423E-13
 0.51900E+02  0.99614E+00  0.50921E-14
 0.52000E+02  0.99643E+00 -0.76411E-14
 0.52100E+02  0.99675E+00  0.19988E-14
 0.52200E+02  0.99709E+00  0.64907E-14
 0.52300E+02  0.99746E+00  0.13464E-13
 0.52400E+02  0.99784E+00 -0.10249E-13
 0.52500E+02  0.99826E+00  0.74778E-14
 0.52600E+02  0.99870E+00 -0.77786E-14
 0.52700E+02  0.99917E+00  0.66181E-14
 0.52800E+02  0.99966E+00  0.10799E-13
 0.52900E+02  0.10002E+01 -0.16312E-13
 0.53000E+02  0.10007E+01  0.11817E-13
 0.53100E+02  0.10013E+01  0.32639E-14
 0.53200E+02  0.10019E+01 -0.15943E-13
 0.53300E+02  0.10025E+01  0.98428E-14
 0.53400E+02  0.10032E+01  0.11488E-13
 0.53500E+02  0.10039E+01  0.64887E-14
 0.53600E+02  0.10046E+01 -0.11083E-13
 0.53700E+02  0.10053E+01  0.85040E-14
 0.53800E+02  0.10061E+01 -0.57826E-14
 0.53900E+02  0.10069E+01 -0.56425E-14
 0.54000E+02  0.10078E+01 -0.28713E-13
 0.54100E+02  0.10086E+01  0.14045E-13
 0.54200E+02  0.10095E+01 -0.14923E-13
 0.54300E+02  0.10104E+01  0.60256E-14
 0.54400E+02  0.10114E+01  0.13566E-13
 0.54500E+02  0.10123E+01  0.64194E-14
 0.54600E+02  0.10133E+01 -0.17415E-13
 0.54700E+02  0.10144E+01 -0.22503E-13
 0.54800E+02  0.10154E+01 -0.27176E-13
 0.54900E+02  0.10165E+01  0.41412E-14
 0.55000E+02  0.10176E+01 -0.17166E-14
 0.55100E+02  0.10187E+01  0.55973E-14
 0.55200E+02  0.10199E+01  0.44908E-14
 0.55300E+02  0.10211E+01  0.12930E-13
 0.55400E+02  0.10223E+01 -0.46795E-13
 0.55500E+02  0.10235E+01 -0.20841E-13
 0.55600E+02  0.10247E+01 -0.43113E-13
 0.55700E+02  0.10260E+01 -0.74306E-15
 0.55800E+02  0.10273E+01  0.29676E-13
 0.55900E+02  0.10286E+01 -0.50030E-13
 0.56000E+02  0.10299E+01  0.27075E-13
 0.56100E+02  0.10312E+01 -0.18636E-13
 0.56200E+02  0.10326E+01 -0.57703E-13
 0.56300E+02  0.10339E+01 -0.16734E-13
 0.56400E+02  0.10353E+01  0.62451E-13
 0.56500E+02  0.10367E+01 -0.48588E-13
 0.56600E+02  0.10381E+01 -0.69352E-13
 0.56700E+02  0.10395E+01  0.20045E-13
 0.56800E+02  0.10409E+01  0.54677E-13
 0.56900E+02  0.10423E+01  0.17963E-13
 0.57000E+02  0.10437E+01 -0.60736E-13
 0.57100E+02  0.10452E+01  0.12800E-13
 0.57200E+02  0.10466E+01 -0.84214E-13
 0.57300E+02  0.10480E+01 -0.83432E-13
 0.57400E+02  0.10494E+01  0.38664E-13
 0.57500E+02  0.10508E+01 -0.39183E-13
 0.57600E+02  0.10523E+01 -0.74453E-13
 0.57700E+02  0.10537E+01 -0.61872E-13
 0.57800E+02  0.10551E+01 -0.13432E-13
 0.57900E+02  0.10565E+01 -0.11484E-13
 0.58000E+02  0.10578E+01  0.45648E-14
 0.58100E+02  0.10592E+01 -0.79233E-13
 0.58200E+02  0.10606E+01 -0.82886E-14
 0.58300E+02  0.10619E+01 -0.20470E-13
 0.58400E+02  0.10632E+01 -0.19051E-13
 0.58500E+02  0.10645E+01 -0.53276E-13
 0.58600E+02  0.10658E+01 -0.12129E-12
 0.58700E+02  0.10670E+01  0.70216E-13
 0.58800E+02  0.10682E+01  0.84662E-13
 0.58900E+02  0.10694E+01 -0.11363E-12
 0.59000E+02  0.10706E+01 -0.50525E-13
 0.59100E+02  0.10717E+01 -0.54944E-13
 0.59200E+02  0.10728E+01  0.11672E-12
 0.59300E+02  0.10739E+01  0.16110E-12
 0.59400E+02  0.10749E+01  0.24646E-13
 0.59500E+02  0.10759E+01  0.13431E-13
 0.59600E+02  0.10768E+01 -0.86490E-14
 0.59700E+02  0.10777E+01 -0.12489E-12
 0.59800E+02  0.10786E+01 -0.22906E-13
 0.59900E+02  0.10794E+01 -0.62947E-13
 0.60000E+02  0.10802E+01  0.90035E-13
 0.60100E+02  0.10809E+01 -0.29564E-13
 0.60200E+02  0.10816E+01 -0.14281E-13
 0.60300E+02  0.10822E+01  0.67571E-13
 0.60400E+02  0.10827E+01 -0.53025E-13
 0.60500E+02  0.10832E+01 -0.77271E-13
 0.60600E+02  0.10836E+01  0.19063E-12
 0.60700E+02  0.10840E+01  0.15998E-12
 0.60800E+02  0.10843E+01  0.80547E-13
 0.60900E+02  0.10846E+01  0.49098E-13
 0.61000E+02  0.10848E+01  0.15238E-12
 0.61100E+02  0.10849E+01  0.70153E-13
 0.61200E+02  0.10849E+01 -0.99530E-13
 0.61300E+02  0.10849E+01  0.86769E-14
 0.61400E+02  0.10848E+01  0.20455E-12
 0.61500E+02  0.10846E+01  0.16532E-12
 0.61600E+02  0.10844E+01 -0.11446E-12
 0.61700E+02  0.10840E+01 -0.14982E-12
 0.61800E+02  0.10836E+01  0.14101E-12
 0.61900E+02  0.10831E+01 -0.12160E-12
 0.62000E+02  0.10826E+01 -0.18498E-13
 0.62100E+02  0.10819E+01 -0.12664E-12
 0.62200E+02  0.10812E+01 -0.81710E-13
 0.62300E+02  0.10803E+01 -0.47220E-12
 0.62400E+02  0.10794E+01  0.86446E-13
 0.62500E+02  0.10784E+01 -0.51608E-13
 0.62600E+02  0.10773E+01  0.39503E-13
 0.62700E+02  0.10762E+01  0.97801E-13
 0.62800E+02  0.10749E+01  0.23895E-12
 0.62900E+02  0.10735E+01  0.90317E-13
 0.63000E+02  0.10721E+01 -0.76424E-13
 0.63100E+02  0.10705E+01 -0.10494E-12
 0.63200E+02  0.10689E+01  0.26407E-12
 0.63300E+02  0.10672E+01 -0.88305E-13
 0.63400E+02  0.10653E+01 -0.51403E-13
 0.63500E+02  0.10634E+01 -0.30830E-12
 0.63600E+02  0.10614E+01 -0.12270E-12
 0.63700E+02  0.10593E+01  0.31918E-12
 0.63800E+02  0.10571E+01  0.60435E-14
 0.63900E+02  0.10547E+01  0.43676E-12
 0.64000E+02  0.10523E+01 -0.14755E-12
 0.64100E+02  0.10498E+01 -0.19105E-12
 0.64200E+02  0.10472E+01  0.13776E-12
 0.64300E+02  0.10445E+01 -0.23296E-13
 0.64400E+02  0.10417E+01  0.27967E-12
 0.64500E+02  0.10389E+01 -0.11240E-12
 0.64600E+02  0.10359E+01  0.42639E-12
 0.64700E+02  0.10328E+01 -0.12588E-13
 0.64800E+02  0.10296E+01  0.16567E-12
 0.64900E+02  0.10264E+01 -0.13844E-12
 0.65000E+02  0.10230E+01 -0.43184E-12
 0.65100E+02  0.10196E+01 -0.11474E-12
 0.65200E+02  0.10161E+01  0.14058E-12
 0.65300E+02  0.10125E+01 -0.13011E-12
 0.65400E+02  0.10088E+01 -0.43114E-12
 0.65500E+02  0.10050E+01 -0.23222E-14
 0.65600E+02  0.10012E+01  0.14221E-12
 0.65700E+02  0.99725E+00  0.72404E-12
 0.65800E+02  0.99325E+00 -0.15019E-12
 0.65900E+02  0.98918E+00 -0.39347E-13
 0.66000E+02  0.98504E+00  0.16910E-12
 0.66100E+02  0.98082E+00 -0.78954E-12
 0.66200E+02  0.97655E+00  0.25125E-12
 0.66300E+02  0.97221E+00  0.74238E-12
 0.66400E+02  0.96781E+00  0.81023E-13
 0.66500E+02  0.96336E+00 -0.92447E-14
 0.66600E+02  0.95885E+00 -0.80087E-13
 0.66700E+02  0.95430E+00 -0.32377E-12
 0.66800E+02  0.94970E+00  0.43011E-13
 0.66900E+02  0.94506E+00  0.51082E-12
 0.67000E+02  0.94037E+00 -0.27640E-13
 0.67100E+02  0.93566E+00 -0.16699E-12
 0.67200E+02  0.93091E+00  0.10597E-11
 0.67300E+02  0.92614E+00  0.20966E-12
 0.67400E+02  0.92134E+00  0.17633E-13
 0.67500E+02  0.91652E+00 -0.26894E-12
 0.67600E+02  0.91169E+00  0.33582E-12
 0.67700E+02  0.90685E+00  0.94943E-13
 0.67800E+02  0.90200E+00  0.99766E-13
 0.67900E+02  0.89714E+00  0.11597E-12
 0.68000E+02  0.89229E+00  0.40227E-12
 0.68100E+02  0.88745E+00  0.61188E-14
 0.68200E+02  0.88261E+00 -0.22317E-12
 0.68300E+02  0.87779E+00 -0.10031E-12
 0.68400E+02  0.87299E+00  0.29526E-12
 0.68500E+02  0.86822E+00  0.32225E-12
 0.68600E+02  0.86347E+00  0.10503E-11
 0.68700E+02  0.85875E+00 -0.40520E-12
 0.68800E+02  0.85407E+00  0.64114E-12
 0.68900E+02  0.84943E+00  0.64374E-13
 0.69000E+02  0.84484E+00 -0.16106E-12
 0.69100E+02  0.84029E+00 -0.41328E-12
 0.69200E+02  0.83580E+00 -0.62627E-12
 0.69300E+02  0.83136E+00  0.70937E-12
 0.69400E+02  0.82699E+00 -0.74518E-12
 0.69500E+02  0.82268E+00 -0.10274E-11
 0.69600E+02  0.81844E+00  0.52310E-12
 0.69700E+02  0.81427E+00 -0.13227E-12
 0.69800E+02  0.81019E+00 -0.18599E-12
 0.69900E+02  0.80618E+00 -0.33523E-12
 0.70000E+02  0.80225E+00  0.49302E-12
 0.70100E+02  0.79841E+00  0.83687E-13
 0.70200E+02  0.79467E+00  0.31889E-12
 0.70300E+02  0.79101E+00  0.26798E-12
 0.70400E+02  0.78746E+00  0.61301E-13
 0.70500E+02  0.78400E+00  0.44048E-12
 0.70600E+02  0.78065E+00  0.12126E-11
 0.70700E+02  0.77740E+00 -0.52243E-13
 0.70800E+02  0.77425E+00  0.45344E-12
 0.70900E+02  0.77122E+00  0.57716E-12
 0.71000E+02  0.76831E+00 -0.52859E-12
 0.71100E+02  0.76550E+00 -0.87336E-12
 0.71200E+02  0.76281E+00  0.45955E-12
 0.71300E+02  0.76024E+00  0.29819E-13
 0.71400E+02  0.75780E+00 -0.10201E-12
 0.71500E+02  0.75547E+00  0.27240E-13
 0.71600E+02  0.75326E+00  0.47659E-12
 0.71700E+02  0.75118E+00  0.25901E-12
 0.71800E+02  0.74923E+00  0.26439E-12
 0.71900E+02  0.74740E+00 -0.13995E-13
 0.72000E+02  0.74570E+00  0.30567E-12
 0.72100E+02  0.74413E+00  0.80973E-12
 0.72200E+02  0.74269E+00  0.27666E-12
 0.72300E+02  0.74137E+00 -0.52506E-12
 0.72400E+02  0.74019E+00 -0.69260E-12
 0.72500E+02  0.73913E+00 -0.82000E-12
 0.72600E+02  0.73821E+00 -0.28300E-12
 0.72700E+02  0.73741E+00  0.16218E-12
 0.72800E+02  0.73674E+00 -0.12139E-12
 0.72900E+02  0.73621E+00  0.27453E-12
 0.73000E+02  0.73580E+00  0.18357E-12
 0.73100E+02  0.73552E+00 -0.90879E-12
 0.73200E+02  0.73536E+00  0.25002E-12
 0.73300E+02  0.73534E+00  0.78805E-12
 0.73400E+02  0.73544E+00  0.13110E-12
 0.73500E+02  0.73566E+00  0.58462E-12
 0.73600E+02  0.73601E+00  0.20425E-12
 0.73700E+02  0.73649E+00 -0.36730E-12
 0.73800E+02  0.73708E+00  0.14561E-12
 0.73900E+02  0.73780E+00  0.53455E-13
 0.74000E+02  0.73863E+00 -0.32986E-12
 0.74100E+02  0.73958E+00  0.85802E-12
 0.74200E+02  0.74065E+00  0.32068E-12
 0.74300E+02  0.74184E+00 -0.61635E-12
 0.74400E+02  0.74313E+00 -0.31619E-12
 0.74500E+02  0.74454E+00  0.12473E-13
 0.74600E+02  0.74606E+00 -0.19704E-12
 0.74700E+02  0.74769E+00  0.25796E-12
 0.74800E+02  0.74943E+00 -0.20148E-12
 0.74900E+02  0.75127E+00  0.50381E-12
 0.75000E+02  0.75322E+00 -0.91062E-12
 0.75100E+02  0.75526E+00  0.40856E-12
 0.75200E+02  0.75741E+00  0.42308E-13
 0.75300E+02  0.75965E+00  0.32613E-12
 0.75400E+02  0.76200E+00 -0.64856E-12
 0.75500E+02  0.76443E+00 -0.29289E-13
 0.75600E+02  0.76696E+00  0.12061E-11
 0.75700E+02  0.76958E+00 -0.89842E-13
 0.75800E+02  0.77229E+00 -0.46394E-12
 0.75900E+02  0.77508E+00 -0.99352E-13
 0.76000E+02  0.77796E+00 -0.94098E-12
 0.76100E+02  0.78093E+00 -0.36811E-12
 0.76200E+02  0.78398E+00 -0.13078E-12
 0.76300E+02  0.78710E+00 -0.20098E-12
 0.76400E+02  0.79031E+00  0.40019E-12
 0.76500E+02  0.79359E+00  0.36362E-12
 0.76600E+02  0.79694E+00 -0.64750E-12
 0.76700E+02  0.80037E+00 -0.21655E-12
 0.76800E+02  0.80387E+00 -0.12026E-12
 0.76900E+02  0.80744E+00  0.50008E-13
 0.77000E+02  0.81109E+00 -0.41274E-12
 0.77100E+02  0.81480E+00  0.23052E-12
 0.77200E+02  0.81857E+00 -0.42748E-12
 0.77300E+02  0.82240E+00  0.71282E-12
 0.77400E+02  0.82629E+00 -0.16618E-12
 0.77500E+02  0.83025E+00  0.14334E-12
 0.77600E+02  0.83426E+00 -0.30767E-12
 0.77700E+02  0.83833E+00  0.26378E-12
 0.77800E+02  0.84245E+00  0.27970E-12
 0.77900E+02  0.84663E+00  0.78774E-12
 0.78000E+02  0.85087E+00  0.20150E-12
 0.78100E+02  0.85515E+00  0.27810E-12
 0.78200E+02  0.85948E+00  0.21703E-12
 0.78300E+02  0.86387E+00 -0.30294E-12
 0.78400E+02  0.86830E+00 -0.74921E-12
 0.78500E+02  0.87277E+00 -0.57266E-13
 0.78600E+02  0.87729E+00  0.43265E-13
 0.78700E+02  0.88186E+00 -0.13468E-12
 0.78800E+02  0.88646E+00 -0.66205E-12
 0.78900E+02  0.89111E+00 -0.98853E-13
 0.79000E+02  0.89580E+00  0.13835E-12
 0.79100E+02  0.90053E+00  0.28611E-13
 0.79200E+02  0.90529E+00 -0.27104E-12
 0.79300E+02  0.91009E+00  0.86243E-12
 0.79400E+02  0.91492E+00  0.21037E-13
 0.79500E+02  0.91979E+00 -0.22862E-12
 0.79600E+02  0.92469E+00 -0.85249E-13
 0.79700E+02  0.92963E+00  0.62833E-12
 0.79800E+02  0.93459E+00 -0.67102E-12
 0.79900E+02  0.93958E+00  0.31060E-12
 0.80000E+02  0.94460E+00  0.78334E-12
 0.80100E+02  0.94965E+00 -0.36342E-12
 0.80200E+02  0.95472E+00 -0.32913E-12
 0.80300E+02  0.95981E+00  0.31398E-12
 0.80400E+02  0.96493E+00 -0.39334E-12
 0.80500E+02  0.97008E+00 -0.17071E-13
 0.80600E+02  0.97524E+00 -0.62528E-12
 0.80700E+02  0.98042E+00  0.25703E-12
 0.80800E+02  0.98562E+00 -0.45756E-13
 0.80900E+02  0.99084E+00 -0.37342E-13
 0.81000E+02  0.99607E+00  0.38314E-12
 0.81100E+02  0.10013E+01 -0.10740E-12
 0.81200E+02  0.10066E+01  0.20985E-12
 0.81300E+02  0.10118E+01  0.10400E-12
 0.81400E+02  0.10171E+01 -0.41188E-13
 0.81500E+02  0.10224E+01  0.54016E-13
 0.81600E+02  0.10277E+01  0.46050E-12
 0.81700E+02  0.10330E+01 -0.36099E-13
 0.81800E+02  0.10383E+01 -0.29256E-12
 0.81900E+02  0.10436E+01  0.17354E-12
 0.82000E+02  0.10490E+01  0.26722E-12
 0.82100E+02  0.10543E+01 -0.45592E-12
 0.82200E+02  0.10596E+01  0.12749E-12
 0.82300E+02  0.10649E+01  0.24074E-12
 0.82400E+02  0.10702E+01 -0.32305E-12
 0.82500E+02  0.10755E+01 -0.46782E-12
 0.82600E+02  0.10808E+01 -0.52344E-12
 0.82700E+02  0.10861E+01  0.99839E-13
 0.82800E+02  0.10914E+01  0.51724E-13
 0.82900E+02  0.10966E+01  0.55782E-13
 0.83000E+02  0.11019E+01 -0.21520E-12
 0.83100E+02  0.11071E+01 -0.82283E-14
 0.83200E+02  0.11123E+01 -0.56449E-12
 0.83300E+02  0.11175E+01 -0.78829E-12
 0.83400E+02  0.11227E+01 -0.27835E-12
 0.83500E+02  0.11278E+01  0.73736E-12
 0.83600E+02  0.11330E+01  0.72625E-13
 0.83700E+02  0.11381E+01  0.63204E-12
 0.83800E+02  0.11431E+01 -0.15438E-13
 0.83900E+02  0.11482E+01 -0.75987E-12
 0.84000E+02  0.11532E+01  0.49369E-12
 0.84100E+02  0.11581E+01 -0.34438E-12
 0.84200E+02  0.11630E+01  0.13734E-13
 0.84300E+02  0.11679E+01 -0.29978E-12
 0.84400E+02  0.11728E+01 -0.21487E-12
 0.84500E+02  0.11776E+01 -0.19228E-12
 0.84600E+02  0.11823E+01  0.40054E-12
 0.84700E+02  0.11870E+01 -0.24315E-12
 0.84800E+02  0.11917E+01 -0.16152E-12
 0.84900E+02  0.11963E+01 -0.33346E-13
 0.85000E+02  0.12009E+01 -0.21097E-12
 0.85100E+02  0.12053E+01 -0.10651E-11
 0.85200E+02  0.12098E+01 -0.40988E-12
 0.85300E+02  0.12142E+01 -0.27717E-12
 0.85400E+02  0.12185E+01  0.40460E-12
 0.85500E+02  0.12227E+01 -0.29009E-12
 0.85600E+02  0.12269E+01 -0.15151E-12
 0.85700E+02  0.12310E+01 -0.52578E-13
 0.85800E+02  0.12350E+01 -0.15593E-12
 0.85900E+02  0.12390E+01 -0.51211E-12
 0.86000E+02  0.12429E+01 -0.83957E-12
 0.86100E+02  0.12467E+01 -0.50652E-12
 0.86200E+02  0.12504E+01 -0.36159E-12
 0.86300E+02  0.12541E+01 -0.24584E-12
 0.86400E+02  0.12577E+01  0.16253E-12
 0.86500E+02  0.12611E+01  0.38349E-12
 0.86600E+02  0.12645E+01  0.19732E-15
 0.86700E+02  0.12678E+01 -0.48611E-12
 0.86800E+02  0.12710E+01  0.38636E-12
 0.86900E+02  0.12742E+01  0.83923E-13
 0.87000E+02  0.12772E+01 -0.20618E-12
 0.87100E+02  0.12801E+01  0.36996E-12
 0.87200E+02  0.12829E+01  0.62675E-12
 0.87300E+02  0.12857E+01 -0.94047E-12
 0.87400E+02  0.12883E+01 -0.30608E-12
 0.87500E+02  0.12908E+01  0.36052E-13
 0.87600E+02  0.12932E+01 -0.94257E-13
 0.87700E+02  0.12956E+01 -0.13433E-12
 0.87800E+02  0.12978E+01  0.32202E-12
 0.87900E+02  0.12999E+01 -0.75864E-12
 0.88000E+02  0.13019E+01  0.35436E-12
 0.88100E+02  0.13037E+01  0.22496E-12
 0.88200E+02  0.13055E+01  0.13254E-12
 0.88300E+02  0.13072E+01 -0.78965E-13
 0.88400E+02  0.13087E+01  0.20241E-12
 0.88500E+02  0.13101E+01 -0.41126E-12
 0.88600E+02  0.13114E+01  0.64660E-12
 0.88700E+02  0.13126E+01  0.25346E-12
 0.88800E+02  0.13137E+01  0.82244E-12
 0.88900E+02  0.13147E+01 -0.74071E-13
 0.89000E+02  0.13155E+01  0.21900E-12
 0.89100E+02  0.13163E+01 -0.15507E-12
 0.89200E+02  0.13169E+01  0.31457E-12
 0.89300E+02  0.13174E+01  0.57735E-12
 0.89400E+02  0.13177E+01 -0.39582E-12
 0.89500E+02  0.13180E+01 -0.42969E-12
 0.89600E+02  0.13181E+01  0.87457E-12
 0.89700E+02  0.13181E+01 -0.39466E-12
 0.89800E+02  0.13180E+01 -0.77398E-13
 0.89900E+02  0.13178E+01  0.75596E-12
 0.90000E+02  0.13175E+01  0.70295E-13
 0.90100E+02  0.13170E+01  0.83618E-13
 0.90200E+02  0.13164E+01 -0.13593E-11
 0.90300E+02  0.13158E+01  0.58891E-12
 0.90400E+02  0.13149E+01 -0.10125E-11
 0.90500E+02  0.13140E+01  0.64428E-12
 0.90600E+02  0.13130E+01 -0.49597E-13
 0.90700E+02  0.13118E+01 -0.23590E-12
 0.90800E+02  0.13106E+01  0.74143E-12
 0.90900E+02  0.13092E+01  0.48876E-12
 0.91000E+02  0.13077E+01  0.18524E-12
 0.91100E+02  0.13062E+01  0.25657E-12
 0.91200E+02  0.13045E+01  0.24990E-12
 0.91300E+02  0.13027E+01 -0.23224E-12
 0.91400E+02  0.13007E+01  0.30003E-12
 0.91500E+02  0.12987E+01  0.26497E-12
 0.91600E+02  0.12966E+01  0.43652E-12
 0.91700E+02  0.12944E+01  0.19517E-12
 0.91800E+02  0.12921E+01  0.32437E-12
 0.91900E+02  0.12897E+01  0.83953E-12
 0.92000E+02  0.12872E+01 -0.11245E-11
 0.92100E+02  0.12846E+01 -0.33740E-12
 0.92200E+02  0.12819E+01  0.32255E-13
 0.92300E+02  0.12791E+01  0.11521E-11
 0.92400E+02  0.12763E+01  0.19811E-12
 0.92500E+02  0.12733E+01  0.35025E-12
 0.92600E+02  0.12703E+01 -0.62208E-13
 0.92700E+02  0.12672E+01 -0.33044E-12
 0.92800E+02  0.12640E+01 -0.14573E-12
 0.92900E+02  0.12607E+01 -0.13310E-11
 0.93000E+02  0.12574E+01 -0.78439E-12
 0.93100E+02  0.12540E+01 -0.29481E-12
 0.93200E+02  0.12505E+01  0.29995E-12
 0.93300E+02  0.12469E+01  0.72547E-12
 0.93400E+02  0.12433E+01 -0.11945E-12
 0.93500E+02  0.12396E+01 -0.39890E-13
 0.93600E+02  0.12359E+01 -0.33831E-12
 0.93700E+02  0.12321E+01  0.37548E-12
 0.93800E+02  0.12282E+01  0.42675E-12
 0.93900E+02  0.12243E+01  0.31218E-12
 0.94000E+02  0.12203E+01  0.10611E-12
 0.94100E+02  0.12163E+01 -0.19998E-12
 0.94200E+02  0.12122E+01 -0.16505E-12
 0.94300E+02  0.12081E+01 -0.34366E-12
 0.94400E+02  0.12040E+01 -0.15283E-12
 0.94500E+02  0.11998E+01 -0.37254E-13
 0.94600E+02  0.11956E+01  0.96554E-13
 0.94700E+02  0.11913E+01  0.22551E-12
 0.94800E+02  0.11870E+01  0.55485E-12
 0.94900E+02  0.11827E+01 -0.21161E-12
 0.95000E+02  0.11783E+01  0.25628E-12
 0.95100E+02  0.11739E+01  0.54102E-13
 0.95200E+02  0.11695E+01  0.17535E-12
 0.95300E+02  0.11651E+01 -0.13222E-12
 0.95400E+02  0.11606E+01 -0.43618E-12
 0.95500E+02  0.11561E+01  0.85547E-13
 0.95600E+02  0.11516E+01 -0.32181E-12
 0.95700E+02  0.11471E+01  0.56272E-12
 0.95800E+02  0.11426E+01  0.43614E-12
 0.95900E+02  0.11381E+01  0.65288E-13
 0.96000E+02  0.11335E+01  0.55939E-13
 0.96100E+02  0.11290E+01  0.22247E-13
 0.96200E+02  0.11245E+01  0.14027E-12
 0.96300E+02  0.11199E+01  0.28941E-12
 0.96400E+02  0.11154E+01 -0.22638E-12
 0.96500E+02  0.11108E+01 -0.23782E-12
 0.96600E+02  0.11063E+01  0.10681E-12
 0.96700E+02  0.11018E+01  0.42082E-13
 0.96800E+02  0.10972E+01  0.17051E-12
 0.96900E+02  0.10927E+01  0.20824E-12
 0.97000E+02  0.10882E+01  0.54074E-14
 0.97100E+02  0.10837E+01  0.35717E-12
 0.97200E+02  0.10792E+01  0.99900E-13
 0.97300E+02  0.10747E+01  0.31640E-12
 0.97400E+02  0.10703E+01 -0.29889E-12
 0.97500E+02  0.10659E+01 -0.58148E-12
 0.97600E+02  0.10614E+01  0.23895E-12
 0.97700E+02  0.10570E+01  0.54840E-12
 0.97800E+02  0.10527E+01 -0.27884E-12
 0.97900E+02  0.10483E+01 -0.53377E-12
 0.98000E+02  0.10440E+01 -0.70703E-12
 0.98100E+02  0.10397E+01 -0.24864E-12
 0.98200E+02  0.10354E+01  0.62523E-13
 0.98300E+02  0.10312E+01  0.33587E-12
 0.98400E+02  0.10270E+01  0.59262E-12
 0.98500E+02  0.10228E+01  0.28942E-13
 0.98600E+02  0.10186E+01 -0.19919E-12
 0.98700E+02  0.10145E+01 -0.29582E-12
 0.98800E+02  0.10104E+01  0.88486E-13
 0.98900E+02  0.10064E+01  0.36809E-12
 0.99000E+02  0.10023E+01  0.57707E-13
 0.99100E+02  0.99836E+00  0.60699E-12
 0.99200E+02  0.99442E+00  0.18904E-12
 0.99300E+02  0.99051E+00  0.87476E-14
 0.99400E+02  0.98664E+00 -0.59158E-12
 0.99500E+02  0.98282E+00 -0.10410E-12
 0.99600E+02  0.97903E+00 -0.11937E-13
 0.99700E+02  0.97528E+00  0.75746E-13
 0.99800E+02  0.97157E+00  0.14397E-12
 0.99900E+02  0.96790E+00 -0.31134E-12
 0.10000E+03  0.96428E+00  0.13838E-12
