 0.1000000E+00  0.2163811E-06  0.5251092E-02  0.4989148E-02  0.1024046E-01
 0.2000000E+00  0.8655006E-06  0.5250861E-02  0.4989342E-02  0.1024107E-01
 0.3000000E+00  0.1947288E-05  0.5250477E-02  0.4989664E-02  0.1024209E-01
 0.4000000E+00  0.3461624E-05  0.5249938E-02  0.4990114E-02  0.1024351E-01
 0.5000000E+00  0.5408345E-05  0.5249246E-02  0.4990694E-02  0.1024535E-01
 0.6000000E+00  0.7787237E-05  0.5248401E-02  0.4991402E-02  0.1024759E-01
 0.7000000E+00  0.1059804E-04  0.5247401E-02  0.4992238E-02  0.1025024E-01
 0.8000000E+00  0.1384045E-04  0.5246248E-02  0.4993202E-02  0.1025329E-01
 0.9000000E+00  0.1751411E-04  0.5244942E-02  0.4994294E-02  0.1025675E-01
 0.1000000E+01  0.2161861E-04  0.5243482E-02  0.4995514E-02  0.1026061E-01
 0.1100000E+01  0.2615352E-04  0.5241869E-02  0.4996860E-02  0.1026488E-01
 0.1200000E+01  0.3111833E-04  0.5240104E-02  0.4998334E-02  0.1026956E-01
 0.1300000E+01  0.3651250E-04  0.5238185E-02  0.4999934E-02  0.1027463E-01
 0.1400000E+01  0.4233545E-04  0.5236113E-02  0.5001660E-02  0.1028011E-01
 0.1500000E+01  0.4858654E-04  0.5233889E-02  0.5003512E-02  0.1028599E-01
 0.1600000E+01  0.5526507E-04  0.5231513E-02  0.5005489E-02  0.1029227E-01
 0.1700000E+01  0.6237034E-04  0.5228985E-02  0.5007591E-02  0.1029895E-01
 0.1800000E+01  0.6990156E-04  0.5226304E-02  0.5009816E-02  0.1030602E-01
 0.1900000E+01  0.7785790E-04  0.5223472E-02  0.5012165E-02  0.1031350E-01
 0.2000000E+01  0.8623850E-04  0.5220488E-02  0.5014638E-02  0.1032136E-01
 0.2100000E+01  0.9504245E-04  0.5217354E-02  0.5017232E-02  0.1032963E-01
 0.2200000E+01  0.1042688E-03  0.5214068E-02  0.5019948E-02  0.1033828E-01
 0.2300000E+01  0.1139165E-03  0.5210631E-02  0.5022785E-02  0.1034733E-01
 0.2400000E+01  0.1239845E-03  0.5207045E-02  0.5025743E-02  0.1035677E-01
 0.2500000E+01  0.1344718E-03  0.5203308E-02  0.5028819E-02  0.1036660E-01
 0.2600000E+01  0.1453772E-03  0.5199421E-02  0.5032015E-02  0.1037681E-01
 0.2700000E+01  0.1566994E-03  0.5195386E-02  0.5035328E-02  0.1038741E-01
 0.2800000E+01  0.1684374E-03  0.5191201E-02  0.5038759E-02  0.1039840E-01
 0.2900000E+01  0.1805897E-03  0.5186867E-02  0.5042306E-02  0.1040976E-01
 0.3000000E+01  0.1931550E-03  0.5182385E-02  0.5045968E-02  0.1042151E-01
 0.3100000E+01  0.2061321E-03  0.5177755E-02  0.5049745E-02  0.1043363E-01
 0.3200000E+01  0.2195195E-03  0.5172978E-02  0.5053635E-02  0.1044613E-01
 0.3300000E+01  0.2333157E-03  0.5168053E-02  0.5057638E-02  0.1045901E-01
 0.3400000E+01  0.2475192E-03  0.5162982E-02  0.5061752E-02  0.1047225E-01
 0.3500000E+01  0.2621285E-03  0.5157765E-02  0.5065977E-02  0.1048587E-01
 0.3600000E+01  0.2771420E-03  0.5152402E-02  0.5070312E-02  0.1049986E-01
 0.3700000E+01  0.2925581E-03  0.5146893E-02  0.5074755E-02  0.1051421E-01
 0.3800000E+01  0.3083750E-03  0.5141239E-02  0.5079305E-02  0.1052892E-01
 0.3900000E+01  0.3245912E-03  0.5135441E-02  0.5083962E-02  0.1054399E-01
 0.4000000E+01  0.3412047E-03  0.5129499E-02  0.5088724E-02  0.1055943E-01
 0.4100000E+01  0.3582139E-03  0.5123414E-02  0.5093590E-02  0.1057522E-01
 0.4200000E+01  0.3756169E-03  0.5117186E-02  0.5098559E-02  0.1059136E-01
 0.4300000E+01  0.3934118E-03  0.5110815E-02  0.5103630E-02  0.1060786E-01
 0.4400000E+01  0.4115966E-03  0.5104303E-02  0.5108801E-02  0.1062470E-01
 0.4500000E+01  0.4301695E-03  0.5097649E-02  0.5114072E-02  0.1064189E-01
 0.4600000E+01  0.4491283E-03  0.5090855E-02  0.5119440E-02  0.1065942E-01
 0.4700000E+01  0.4684711E-03  0.5083920E-02  0.5124906E-02  0.1067730E-01
 0.4800000E+01  0.4881957E-03  0.5076846E-02  0.5130467E-02  0.1069551E-01
 0.4900000E+01  0.5083001E-03  0.5069633E-02  0.5136123E-02  0.1071406E-01
 0.5000000E+01  0.5287821E-03  0.5062281E-02  0.5141871E-02  0.1073293E-01
 0.5100000E+01  0.5496394E-03  0.5054792E-02  0.5147712E-02  0.1075214E-01
 0.5200000E+01  0.5708698E-03  0.5047165E-02  0.5153642E-02  0.1077168E-01
 0.5300000E+01  0.5924711E-03  0.5039402E-02  0.5159662E-02  0.1079154E-01
 0.5400000E+01  0.6144409E-03  0.5031504E-02  0.5165770E-02  0.1081171E-01
 0.5500000E+01  0.6367768E-03  0.5023470E-02  0.5171963E-02  0.1083221E-01
 0.5600000E+01  0.6594766E-03  0.5015301E-02  0.5178242E-02  0.1085302E-01
 0.5700000E+01  0.6825376E-03  0.5006999E-02  0.5184605E-02  0.1087414E-01
 0.5800000E+01  0.7059575E-03  0.4998564E-02  0.5191050E-02  0.1089557E-01
 0.5900000E+01  0.7297338E-03  0.4989996E-02  0.5197576E-02  0.1091731E-01
 0.6000000E+01  0.7538639E-03  0.4981296E-02  0.5204182E-02  0.1093934E-01
 0.6100000E+01  0.7783453E-03  0.4972466E-02  0.5210865E-02  0.1096168E-01
 0.6200000E+01  0.8031753E-03  0.4963505E-02  0.5217626E-02  0.1098431E-01
 0.6300000E+01  0.8283513E-03  0.4954415E-02  0.5224462E-02  0.1100723E-01
 0.6400000E+01  0.8538707E-03  0.4945196E-02  0.5231372E-02  0.1103044E-01
 0.6500000E+01  0.8797306E-03  0.4935849E-02  0.5238355E-02  0.1105393E-01
 0.6600000E+01  0.9059285E-03  0.4926374E-02  0.5245409E-02  0.1107771E-01
 0.6700000E+01  0.9324615E-03  0.4916773E-02  0.5252534E-02  0.1110177E-01
 0.6800000E+01  0.9593268E-03  0.4907047E-02  0.5259727E-02  0.1112610E-01
 0.6900000E+01  0.9865215E-03  0.4897195E-02  0.5266987E-02  0.1115070E-01
 0.7000000E+01  0.1014043E-02  0.4887220E-02  0.5274314E-02  0.1117558E-01
 0.7100000E+01  0.1041888E-02  0.4877121E-02  0.5281705E-02  0.1120071E-01
 0.7200000E+01  0.1070054E-02  0.4866900E-02  0.5289160E-02  0.1122611E-01
 0.7300000E+01  0.1098538E-02  0.4856557E-02  0.5296677E-02  0.1125177E-01
 0.7400000E+01  0.1127337E-02  0.4846093E-02  0.5304256E-02  0.1127769E-01
 0.7500000E+01  0.1156447E-02  0.4835509E-02  0.5311894E-02  0.1130385E-01
 0.7600000E+01  0.1185867E-02  0.4824807E-02  0.5319590E-02  0.1133026E-01
 0.7700000E+01  0.1215592E-02  0.4813986E-02  0.5327345E-02  0.1135692E-01
 0.7800000E+01  0.1245620E-02  0.4803047E-02  0.5335155E-02  0.1138382E-01
 0.7900000E+01  0.1275947E-02  0.4791992E-02  0.5343021E-02  0.1141096E-01
 0.8000000E+01  0.1306571E-02  0.4780822E-02  0.5350941E-02  0.1143833E-01
 0.8100000E+01  0.1337489E-02  0.4769537E-02  0.5358915E-02  0.1146594E-01
 0.8200000E+01  0.1368696E-02  0.4758138E-02  0.5366940E-02  0.1149377E-01
 0.8300000E+01  0.1400191E-02  0.4746626E-02  0.5375017E-02  0.1152183E-01
 0.8400000E+01  0.1431969E-02  0.4735002E-02  0.5383145E-02  0.1155012E-01
 0.8500000E+01  0.1464028E-02  0.4723267E-02  0.5391322E-02  0.1157862E-01
 0.8600000E+01  0.1496364E-02  0.4711422E-02  0.5399548E-02  0.1160733E-01
 0.8700000E+01  0.1528974E-02  0.4699468E-02  0.5407822E-02  0.1163626E-01
 0.8800000E+01  0.1561855E-02  0.4687405E-02  0.5416144E-02  0.1166540E-01
 0.8900000E+01  0.1595003E-02  0.4675236E-02  0.5424512E-02  0.1169475E-01
 0.9000000E+01  0.1628416E-02  0.4662959E-02  0.5432927E-02  0.1172430E-01
 0.9100000E+01  0.1662089E-02  0.4650578E-02  0.5441387E-02  0.1175405E-01
 0.9200000E+01  0.1696019E-02  0.4638092E-02  0.5449893E-02  0.1178400E-01
 0.9300000E+01  0.1730204E-02  0.4625502E-02  0.5458443E-02  0.1181415E-01
 0.9400000E+01  0.1764639E-02  0.4612810E-02  0.5467039E-02  0.1184449E-01
 0.9500000E+01  0.1799321E-02  0.4600016E-02  0.5475678E-02  0.1187502E-01
 0.9600000E+01  0.1834247E-02  0.4587122E-02  0.5484362E-02  0.1190573E-01
 0.9700000E+01  0.1869414E-02  0.4574128E-02  0.5493091E-02  0.1193663E-01
 0.9800000E+01  0.1904818E-02  0.4561036E-02  0.5501863E-02  0.1196772E-01
 0.9900000E+01  0.1940455E-02  0.4547846E-02  0.5510680E-02  0.1199898E-01
 0.1000000E+02  0.1976323E-02  0.4534560E-02  0.5519541E-02  0.1203042E-01
 0.1010000E+02  0.2012417E-02  0.4521178E-02  0.5528447E-02  0.1206204E-01
 0.1020000E+02  0.2048735E-02  0.4507702E-02  0.5537398E-02  0.1209383E-01
 0.1030000E+02  0.2085272E-02  0.4494132E-02  0.5546394E-02  0.1212580E-01
 0.1040000E+02  0.2122026E-02  0.4480469E-02  0.5555437E-02  0.1215793E-01
 0.1050000E+02  0.2158992E-02  0.4466715E-02  0.5564526E-02  0.1219023E-01
 0.1060000E+02  0.2196168E-02  0.4452871E-02  0.5573662E-02  0.1222270E-01
 0.1070000E+02  0.2233550E-02  0.4438937E-02  0.5582847E-02  0.1225533E-01
 0.1080000E+02  0.2271135E-02  0.4424915E-02  0.5592080E-02  0.1228813E-01
 0.1090000E+02  0.2308918E-02  0.4410805E-02  0.5601363E-02  0.1232109E-01
 0.1100000E+02  0.2346897E-02  0.4396609E-02  0.5610698E-02  0.1235420E-01
 0.1110000E+02  0.2385068E-02  0.4382328E-02  0.5620085E-02  0.1238748E-01
 0.1120000E+02  0.2423428E-02  0.4367963E-02  0.5629525E-02  0.1242092E-01
 0.1130000E+02  0.2461972E-02  0.4353514E-02  0.5639020E-02  0.1245451E-01
 0.1140000E+02  0.2500699E-02  0.4338984E-02  0.5648572E-02  0.1248825E-01
 0.1150000E+02  0.2539604E-02  0.4324372E-02  0.5658181E-02  0.1252216E-01
 0.1160000E+02  0.2578683E-02  0.4309681E-02  0.5667851E-02  0.1255621E-01
 0.1170000E+02  0.2617934E-02  0.4294910E-02  0.5677582E-02  0.1259043E-01
 0.1180000E+02  0.2657353E-02  0.4280062E-02  0.5687377E-02  0.1262479E-01
 0.1190000E+02  0.2696937E-02  0.4265136E-02  0.5697237E-02  0.1265931E-01
 0.1200000E+02  0.2736681E-02  0.4250135E-02  0.5707165E-02  0.1269398E-01
 0.1210000E+02  0.2776584E-02  0.4235060E-02  0.5717163E-02  0.1272881E-01
 0.1220000E+02  0.2816640E-02  0.4219910E-02  0.5727234E-02  0.1276378E-01
 0.1230000E+02  0.2856848E-02  0.4204688E-02  0.5737379E-02  0.1279892E-01
 0.1240000E+02  0.2897203E-02  0.4189395E-02  0.5747602E-02  0.1283420E-01
 0.1250000E+02  0.2937702E-02  0.4174031E-02  0.5757905E-02  0.1286964E-01
 0.1260000E+02  0.2978343E-02  0.4158598E-02  0.5768291E-02  0.1290523E-01
 0.1270000E+02  0.3019121E-02  0.4143097E-02  0.5778763E-02  0.1294098E-01
 0.1280000E+02  0.3060033E-02  0.4127528E-02  0.5789323E-02  0.1297688E-01
 0.1290000E+02  0.3101076E-02  0.4111893E-02  0.5799976E-02  0.1301295E-01
 0.1300000E+02  0.3142247E-02  0.4096194E-02  0.5810724E-02  0.1304916E-01
 0.1310000E+02  0.3183543E-02  0.4080430E-02  0.5821570E-02  0.1308554E-01
 0.1320000E+02  0.3224960E-02  0.4064603E-02  0.5832519E-02  0.1312208E-01
 0.1330000E+02  0.3266494E-02  0.4048714E-02  0.5843573E-02  0.1315878E-01
 0.1340000E+02  0.3308144E-02  0.4032765E-02  0.5854736E-02  0.1319564E-01
 0.1350000E+02  0.3349906E-02  0.4016756E-02  0.5866011E-02  0.1323267E-01
 0.1360000E+02  0.3391776E-02  0.4000688E-02  0.5877404E-02  0.1326987E-01
 0.1370000E+02  0.3433752E-02  0.3984563E-02  0.5888917E-02  0.1330723E-01
 0.1380000E+02  0.3475830E-02  0.3968381E-02  0.5900554E-02  0.1334476E-01
 0.1390000E+02  0.3518008E-02  0.3952144E-02  0.5912320E-02  0.1338247E-01
 0.1400000E+02  0.3560281E-02  0.3935852E-02  0.5924218E-02  0.1342035E-01
 0.1410000E+02  0.3602648E-02  0.3919507E-02  0.5936253E-02  0.1345841E-01
 0.1420000E+02  0.3645106E-02  0.3903110E-02  0.5948429E-02  0.1349665E-01
 0.1430000E+02  0.3687651E-02  0.3886661E-02  0.5960751E-02  0.1353506E-01
 0.1440000E+02  0.3730280E-02  0.3870163E-02  0.5973222E-02  0.1357366E-01
 0.1450000E+02  0.3772991E-02  0.3853615E-02  0.5985847E-02  0.1361245E-01
 0.1460000E+02  0.3815780E-02  0.3837019E-02  0.5998631E-02  0.1365143E-01
 0.1470000E+02  0.3858646E-02  0.3820377E-02  0.6011578E-02  0.1369060E-01
 0.1480000E+02  0.3901584E-02  0.3803688E-02  0.6024692E-02  0.1372996E-01
 0.1490000E+02  0.3944593E-02  0.3786954E-02  0.6037978E-02  0.1376953E-01
 0.1500000E+02  0.3987669E-02  0.3770177E-02  0.6051442E-02  0.1380929E-01
 0.1510000E+02  0.4030810E-02  0.3753357E-02  0.6065086E-02  0.1384925E-01
 0.1520000E+02  0.4074013E-02  0.3736495E-02  0.6078916E-02  0.1388942E-01
 0.1530000E+02  0.4117275E-02  0.3719592E-02  0.6092937E-02  0.1392980E-01
 0.1540000E+02  0.4160595E-02  0.3702650E-02  0.6107153E-02  0.1397040E-01
 0.1550000E+02  0.4203968E-02  0.3685669E-02  0.6121569E-02  0.1401121E-01
 0.1560000E+02  0.4247393E-02  0.3668650E-02  0.6136188E-02  0.1405223E-01
 0.1570000E+02  0.4290867E-02  0.3651595E-02  0.6151017E-02  0.1409348E-01
 0.1580000E+02  0.4334388E-02  0.3634504E-02  0.6166059E-02  0.1413495E-01
 0.1590000E+02  0.4377954E-02  0.3617378E-02  0.6181319E-02  0.1417665E-01
 0.1600000E+02  0.4421560E-02  0.3600219E-02  0.6196801E-02  0.1421858E-01
 0.1610000E+02  0.4465207E-02  0.3583028E-02  0.6212509E-02  0.1426074E-01
 0.1620000E+02  0.4508890E-02  0.3565804E-02  0.6228449E-02  0.1430314E-01
 0.1630000E+02  0.4552608E-02  0.3548551E-02  0.6244624E-02  0.1434578E-01
 0.1640000E+02  0.4596358E-02  0.3531267E-02  0.6261038E-02  0.1438866E-01
 0.1650000E+02  0.4640138E-02  0.3513956E-02  0.6277696E-02  0.1443179E-01
 0.1660000E+02  0.4683946E-02  0.3496616E-02  0.6294601E-02  0.1447516E-01
 0.1670000E+02  0.4727780E-02  0.3479250E-02  0.6311758E-02  0.1451879E-01
 0.1680000E+02  0.4771638E-02  0.3461859E-02  0.6329171E-02  0.1456267E-01
 0.1690000E+02  0.4815516E-02  0.3444442E-02  0.6346842E-02  0.1460680E-01
 0.1700000E+02  0.4859414E-02  0.3427003E-02  0.6364777E-02  0.1465119E-01
 0.1710000E+02  0.4903329E-02  0.3409540E-02  0.6382978E-02  0.1469585E-01
 0.1720000E+02  0.4947259E-02  0.3392056E-02  0.6401449E-02  0.1474076E-01
 0.1730000E+02  0.4991202E-02  0.3374551E-02  0.6420193E-02  0.1478595E-01
 0.1740000E+02  0.5035156E-02  0.3357026E-02  0.6439214E-02  0.1483140E-01
 0.1750000E+02  0.5079120E-02  0.3339483E-02  0.6458515E-02  0.1487712E-01
 0.1760000E+02  0.5123090E-02  0.3321921E-02  0.6478098E-02  0.1492311E-01
 0.1770000E+02  0.5167066E-02  0.3304343E-02  0.6497966E-02  0.1496938E-01
 0.1780000E+02  0.5211045E-02  0.3286749E-02  0.6518123E-02  0.1501592E-01
 0.1790000E+02  0.5255026E-02  0.3269139E-02  0.6538571E-02  0.1506274E-01
 0.1800000E+02  0.5299006E-02  0.3251516E-02  0.6559311E-02  0.1510983E-01
 0.1810000E+02  0.5342984E-02  0.3233879E-02  0.6580348E-02  0.1515721E-01
 0.1820000E+02  0.5386959E-02  0.3216230E-02  0.6601682E-02  0.1520487E-01
 0.1830000E+02  0.5430928E-02  0.3198569E-02  0.6623315E-02  0.1525281E-01
 0.1840000E+02  0.5474889E-02  0.3180898E-02  0.6645251E-02  0.1530104E-01
 0.1850000E+02  0.5518842E-02  0.3163217E-02  0.6667489E-02  0.1534955E-01
 0.1860000E+02  0.5562784E-02  0.3145528E-02  0.6690033E-02  0.1539835E-01
 0.1870000E+02  0.5606714E-02  0.3127831E-02  0.6712883E-02  0.1544743E-01
 0.1880000E+02  0.5650629E-02  0.3110127E-02  0.6736040E-02  0.1549680E-01
 0.1890000E+02  0.5694529E-02  0.3092417E-02  0.6759507E-02  0.1554645E-01
 0.1900000E+02  0.5738412E-02  0.3074702E-02  0.6783283E-02  0.1559640E-01
 0.1910000E+02  0.5782277E-02  0.3056983E-02  0.6807369E-02  0.1564663E-01
 0.1920000E+02  0.5826121E-02  0.3039260E-02  0.6831767E-02  0.1569715E-01
 0.1930000E+02  0.5869943E-02  0.3021535E-02  0.6856476E-02  0.1574795E-01
 0.1940000E+02  0.5913743E-02  0.3003808E-02  0.6881497E-02  0.1579905E-01
 0.1950000E+02  0.5957517E-02  0.2986081E-02  0.6906831E-02  0.1585043E-01
 0.1960000E+02  0.6001266E-02  0.2968353E-02  0.6932477E-02  0.1590210E-01
 0.1970000E+02  0.6044987E-02  0.2950626E-02  0.6958434E-02  0.1595405E-01
 0.1980000E+02  0.6088679E-02  0.2932901E-02  0.6984704E-02  0.1600628E-01
 0.1990000E+02  0.6132340E-02  0.2915179E-02  0.7011285E-02  0.1605880E-01
 0.2000000E+02  0.6175970E-02  0.2897460E-02  0.7038177E-02  0.1611161E-01
 0.2010000E+02  0.6219566E-02  0.2879745E-02  0.7065379E-02  0.1616469E-01
 0.2020000E+02  0.6263129E-02  0.2862035E-02  0.7092890E-02  0.1621805E-01
 0.2030000E+02  0.6306655E-02  0.2844331E-02  0.7120708E-02  0.1627169E-01
 0.2040000E+02  0.6350144E-02  0.2826634E-02  0.7148834E-02  0.1632561E-01
 0.2050000E+02  0.6393595E-02  0.2808944E-02  0.7177265E-02  0.1637980E-01
 0.2060000E+02  0.6437006E-02  0.2791263E-02  0.7206000E-02  0.1643427E-01
 0.2070000E+02  0.6480376E-02  0.2773590E-02  0.7235037E-02  0.1648900E-01
 0.2080000E+02  0.6523703E-02  0.2755927E-02  0.7264375E-02  0.1654401E-01
 0.2090000E+02  0.6566988E-02  0.2738275E-02  0.7294010E-02  0.1659927E-01
 0.2100000E+02  0.6610227E-02  0.2720635E-02  0.7323942E-02  0.1665480E-01
 0.2110000E+02  0.6653420E-02  0.2703006E-02  0.7354167E-02  0.1671059E-01
 0.2120000E+02  0.6696567E-02  0.2685391E-02  0.7384683E-02  0.1676664E-01
 0.2130000E+02  0.6739665E-02  0.2667789E-02  0.7415488E-02  0.1682294E-01
 0.2140000E+02  0.6782713E-02  0.2650201E-02  0.7446579E-02  0.1687949E-01
 0.2150000E+02  0.6825710E-02  0.2632629E-02  0.7477952E-02  0.1693629E-01
 0.2160000E+02  0.6868656E-02  0.2615073E-02  0.7509604E-02  0.1699333E-01
 0.2170000E+02  0.6911548E-02  0.2597533E-02  0.7541533E-02  0.1705061E-01
 0.2180000E+02  0.6954386E-02  0.2580011E-02  0.7573735E-02  0.1710813E-01
 0.2190000E+02  0.6997168E-02  0.2562507E-02  0.7606205E-02  0.1716588E-01
 0.2200000E+02  0.7039894E-02  0.2545022E-02  0.7638940E-02  0.1722386E-01
 0.2210000E+02  0.7082562E-02  0.2527556E-02  0.7671937E-02  0.1728206E-01
 0.2220000E+02  0.7125171E-02  0.2510111E-02  0.7705191E-02  0.1734047E-01
 0.2230000E+02  0.7167720E-02  0.2492687E-02  0.7738698E-02  0.1739911E-01
 0.2240000E+02  0.7210208E-02  0.2475285E-02  0.7772453E-02  0.1745795E-01
 0.2250000E+02  0.7252633E-02  0.2457905E-02  0.7806452E-02  0.1751699E-01
 0.2260000E+02  0.7294995E-02  0.2440548E-02  0.7840689E-02  0.1757623E-01
 0.2270000E+02  0.7337293E-02  0.2423215E-02  0.7875161E-02  0.1763567E-01
 0.2280000E+02  0.7379524E-02  0.2405907E-02  0.7909862E-02  0.1769529E-01
 0.2290000E+02  0.7421689E-02  0.2388624E-02  0.7944787E-02  0.1775510E-01
 0.2300000E+02  0.7463785E-02  0.2371367E-02  0.7979931E-02  0.1781508E-01
 0.2310000E+02  0.7505813E-02  0.2354136E-02  0.8015288E-02  0.1787524E-01
 0.2320000E+02  0.7547770E-02  0.2336933E-02  0.8050853E-02  0.1793556E-01
 0.2330000E+02  0.7589656E-02  0.2319757E-02  0.8086620E-02  0.1799603E-01
 0.2340000E+02  0.7631469E-02  0.2302611E-02  0.8122584E-02  0.1805666E-01
 0.2350000E+02  0.7673209E-02  0.2285493E-02  0.8158739E-02  0.1811744E-01
 0.2360000E+02  0.7714873E-02  0.2268405E-02  0.8195079E-02  0.1817836E-01
 0.2370000E+02  0.7756462E-02  0.2251348E-02  0.8231598E-02  0.1823941E-01
 0.2380000E+02  0.7797973E-02  0.2234322E-02  0.8268291E-02  0.1830059E-01
 0.2390000E+02  0.7839406E-02  0.2217328E-02  0.8305152E-02  0.1836189E-01
 0.2400000E+02  0.7880759E-02  0.2200367E-02  0.8342175E-02  0.1842330E-01
 0.2410000E+02  0.7922032E-02  0.2183438E-02  0.8379353E-02  0.1848482E-01
 0.2420000E+02  0.7963222E-02  0.2166543E-02  0.8416682E-02  0.1854645E-01
 0.2430000E+02  0.8004330E-02  0.2149683E-02  0.8454155E-02  0.1860817E-01
 0.2440000E+02  0.8045353E-02  0.2132857E-02  0.8491767E-02  0.1866998E-01
 0.2450000E+02  0.8086291E-02  0.2116067E-02  0.8529511E-02  0.1873187E-01
 0.2460000E+02  0.8127143E-02  0.2099314E-02  0.8567383E-02  0.1879384E-01
 0.2470000E+02  0.8167906E-02  0.2082597E-02  0.8605376E-02  0.1885588E-01
 0.2480000E+02  0.8208580E-02  0.2065917E-02  0.8643485E-02  0.1891798E-01
 0.2490000E+02  0.8249165E-02  0.2049276E-02  0.8681704E-02  0.1898014E-01
 0.2500000E+02  0.8289658E-02  0.2032673E-02  0.8720027E-02  0.1904236E-01
 0.2510000E+02  0.8330058E-02  0.2016109E-02  0.8758448E-02  0.1910462E-01
 0.2520000E+02  0.8370365E-02  0.1999585E-02  0.8796962E-02  0.1916691E-01
 0.2530000E+02  0.8410576E-02  0.1983102E-02  0.8835562E-02  0.1922924E-01
 0.2540000E+02  0.8450692E-02  0.1966659E-02  0.8874241E-02  0.1929159E-01
 0.2550000E+02  0.8490711E-02  0.1950258E-02  0.8912994E-02  0.1935396E-01
 0.2560000E+02  0.8530631E-02  0.1933899E-02  0.8951814E-02  0.1941634E-01
 0.2570000E+02  0.8570451E-02  0.1917583E-02  0.8990693E-02  0.1947873E-01
 0.2580000E+02  0.8610171E-02  0.1901310E-02  0.9029625E-02  0.1954111E-01
 0.2590000E+02  0.8649789E-02  0.1885080E-02  0.9068602E-02  0.1960347E-01
 0.2600000E+02  0.8689304E-02  0.1868895E-02  0.9107616E-02  0.1966581E-01
 0.2610000E+02  0.8728714E-02  0.1852755E-02  0.9146659E-02  0.1972813E-01
 0.2620000E+02  0.8768018E-02  0.1836661E-02  0.9185724E-02  0.1979040E-01
 0.2630000E+02  0.8807216E-02  0.1820612E-02  0.9224803E-02  0.1985263E-01
 0.2640000E+02  0.8846304E-02  0.1804610E-02  0.9263887E-02  0.1991480E-01
 0.2650000E+02  0.8885283E-02  0.1788655E-02  0.9302968E-02  0.1997691E-01
 0.2660000E+02  0.8924150E-02  0.1772748E-02  0.9342041E-02  0.2003894E-01
 0.2670000E+02  0.8962904E-02  0.1756888E-02  0.9381097E-02  0.2010089E-01
 0.2680000E+02  0.9001543E-02  0.1741078E-02  0.9420132E-02  0.2016275E-01
 0.2690000E+02  0.9040066E-02  0.1725316E-02  0.9459141E-02  0.2022452E-01
 0.2700000E+02  0.9078469E-02  0.1709605E-02  0.9498119E-02  0.2028619E-01
 0.2710000E+02  0.9116753E-02  0.1693943E-02  0.9537065E-02  0.2034776E-01
 0.2720000E+02  0.9154914E-02  0.1678333E-02  0.9575977E-02  0.2040922E-01
 0.2730000E+02  0.9192950E-02  0.1662773E-02  0.9614856E-02  0.2047058E-01
 0.2740000E+02  0.9230860E-02  0.1647266E-02  0.9653703E-02  0.2053183E-01
 0.2750000E+02  0.9268642E-02  0.1631811E-02  0.9692521E-02  0.2059297E-01
 0.2760000E+02  0.9306293E-02  0.1616408E-02  0.9731312E-02  0.2065401E-01
 0.2770000E+02  0.9343812E-02  0.1601059E-02  0.9770078E-02  0.2071495E-01
 0.2780000E+02  0.9381198E-02  0.1585764E-02  0.9808822E-02  0.2077578E-01
 0.2790000E+02  0.9418448E-02  0.1570523E-02  0.9847544E-02  0.2083652E-01
 0.2800000E+02  0.9455563E-02  0.1555337E-02  0.9886241E-02  0.2089714E-01
 0.2810000E+02  0.9492541E-02  0.1540206E-02  0.9924906E-02  0.2095765E-01
 0.2820000E+02  0.9529382E-02  0.1525131E-02  0.9963526E-02  0.2101804E-01
 0.2830000E+02  0.9566087E-02  0.1510112E-02  0.1000208E-01  0.2107828E-01
 0.2840000E+02  0.9602657E-02  0.1495150E-02  0.1004056E-01  0.2113836E-01
 0.2850000E+02  0.9639093E-02  0.1480245E-02  0.1007890E-01  0.2119824E-01
 0.2860000E+02  0.9675397E-02  0.1465398E-02  0.1011709E-01  0.2125789E-01
 0.2870000E+02  0.9711572E-02  0.1450610E-02  0.1015506E-01  0.2131725E-01
 0.2880000E+02  0.9747619E-02  0.1435879E-02  0.1019277E-01  0.2137627E-01
 0.2890000E+02  0.9783542E-02  0.1421208E-02  0.1023015E-01  0.2143490E-01
 0.2900000E+02  0.9819344E-02  0.1406596E-02  0.1026716E-01  0.2149310E-01
 0.2910000E+02  0.9855025E-02  0.1392044E-02  0.1030375E-01  0.2155082E-01
 0.2920000E+02  0.9890589E-02  0.1377553E-02  0.1033991E-01  0.2160805E-01
 0.2930000E+02  0.9926034E-02  0.1363122E-02  0.1037564E-01  0.2166480E-01
 0.2940000E+02  0.9961359E-02  0.1348753E-02  0.1041100E-01  0.2172111E-01
 0.2950000E+02  0.9996561E-02  0.1334445E-02  0.1044611E-01  0.2177712E-01
 0.2960000E+02  0.1003163E-01  0.1320199E-02  0.1048114E-01  0.2183297E-01
 0.2970000E+02  0.1006657E-01  0.1306015E-02  0.1051634E-01  0.2188892E-01
 0.2980000E+02  0.1010135E-01  0.1291895E-02  0.1055203E-01  0.2194528E-01
 0.2990000E+02  0.1013597E-01  0.1277838E-02  0.1058857E-01  0.2200238E-01
 0.3000000E+02  0.1017040E-01  0.1263844E-02  0.1062635E-01  0.2206060E-01
 0.3010000E+02  0.1020462E-01  0.1249915E-02  0.1066575E-01  0.2212029E-01
 0.3020000E+02  0.1023861E-01  0.1236050E-02  0.1070705E-01  0.2218171E-01
 0.3030000E+02  0.1027233E-01  0.1222251E-02  0.1075043E-01  0.2224501E-01
 0.3040000E+02  0.1030576E-01  0.1208517E-02  0.1079584E-01  0.2231012E-01
 0.3050000E+02  0.1033886E-01  0.1194850E-02  0.1084305E-01  0.2237676E-01
 0.3060000E+02  0.1037161E-01  0.1181250E-02  0.1089161E-01  0.2244447E-01
 0.3070000E+02  0.1040400E-01  0.1167717E-02  0.1094091E-01  0.2251262E-01
 0.3080000E+02  0.1043601E-01  0.1154252E-02  0.1099029E-01  0.2258055E-01
 0.3090000E+02  0.1046764E-01  0.1140856E-02  0.1103914E-01  0.2264764E-01
 0.3100000E+02  0.1049892E-01  0.1127528E-02  0.1108696E-01  0.2271340E-01
 0.3110000E+02  0.1052987E-01  0.1114271E-02  0.1113325E-01  0.2277739E-01
 0.3120000E+02  0.1056055E-01  0.1101084E-02  0.1117736E-01  0.2283899E-01
 0.3130000E+02  0.1059104E-01  0.1087967E-02  0.1121811E-01  0.2289711E-01
 0.3140000E+02  0.1062141E-01  0.1074921E-02  0.1125334E-01  0.2294967E-01
 0.3150000E+02  0.1065178E-01  0.1061946E-02  0.1127949E-01  0.2299321E-01
 0.3160000E+02  0.1068224E-01  0.1049043E-02  0.1129127E-01  0.2302255E-01
 0.3170000E+02  0.1071292E-01  0.1036211E-02  0.1128146E-01  0.2303059E-01
 0.3180000E+02  0.1074392E-01  0.1023450E-02  0.1124103E-01  0.2300840E-01
 0.3190000E+02  0.1077536E-01  0.1010761E-02  0.1115925E-01  0.2294537E-01
 0.3200000E+02  0.1080734E-01  0.9981424E-03  0.1102406E-01  0.2282953E-01
 0.3210000E+02  0.1083994E-01  0.9855949E-03  0.1082246E-01  0.2264799E-01
 0.3220000E+02  0.1087326E-01  0.9731179E-03  0.1054121E-01  0.2238759E-01
 0.3230000E+02  0.1090736E-01  0.9607110E-03  0.1016799E-01  0.2203607E-01
 0.3240000E+02  0.1094229E-01  0.9483740E-03  0.9693554E-02  0.2158422E-01
 0.3250000E+02  0.1097807E-01  0.9361064E-03  0.9116280E-02  0.2103046E-01
 0.3260000E+02  0.1101470E-01  0.9239079E-03  0.8452449E-02  0.2039106E-01
 0.3270000E+02  0.1105211E-01  0.9117784E-03  0.7759636E-02  0.1972352E-01
 0.3280000E+02  0.1109014E-01  0.8997175E-03  0.7180009E-02  0.1916986E-01
 0.3290000E+02  0.1112845E-01  0.8877255E-03  0.6983779E-02  0.1899996E-01
 0.3300000E+02  0.1116645E-01  0.8758026E-03  0.7516081E-02  0.1955834E-01
 0.3310000E+02  0.1120317E-01  0.8639498E-03  0.8902406E-02  0.2096952E-01
 0.3320000E+02  0.1123717E-01  0.8521689E-03  0.1069238E-01  0.2278172E-01
 0.3330000E+02  0.1126653E-01  0.8404629E-03  0.1183601E-01  0.2394299E-01
 0.3340000E+02  0.1128867E-01  0.8288364E-03  0.1085063E-01  0.2296814E-01
 0.3350000E+02  0.1130113E-01  0.8172963E-03  0.6843760E-02  0.1896218E-01
 0.3360000E+02  0.1130323E-01  0.8058507E-03  0.1294334E-02  0.1340341E-01
 0.3370000E+02  0.1129753E-01  0.7945074E-03 -0.2644356E-02  0.9447678E-02
 0.3380000E+02  0.1128849E-01  0.7832712E-03 -0.3424636E-02  0.8647123E-02
 0.3390000E+02  0.1127992E-01  0.7721433E-03 -0.1828521E-02  0.1022354E-01
 0.3400000E+02  0.1127394E-01  0.7611223E-03  0.7136246E-03  0.1274869E-01
 0.3410000E+02  0.1127141E-01  0.7502056E-03  0.3077811E-02  0.1509942E-01
 0.3420000E+02  0.1127283E-01  0.7393900E-03  0.4098667E-02  0.1611088E-01
 0.3430000E+02  0.1128024E-01  0.7286721E-03 -0.1569639E-02  0.1043928E-01
 0.3440000E+02  0.1130795E-01  0.7180475E-03 -0.1046495E+00 -0.9262348E-01
 0.3450000E+02  0.1134307E-01  0.7075081E-03 -0.2062734E-02  0.9987843E-02
 0.3460000E+02  0.1135751E-01  0.6970575E-03  0.1010008E-01  0.2215465E-01
 0.3470000E+02  0.1136807E-01  0.6866974E-03  0.1245421E-01  0.2450897E-01
 0.3480000E+02  0.1137772E-01  0.6764275E-03  0.1342637E-01  0.2548052E-01
 0.3490000E+02  0.1138691E-01  0.6662474E-03  0.1398506E-01  0.2603822E-01
 0.3500000E+02  0.1139561E-01  0.6561569E-03  0.1436797E-01  0.2641974E-01
 0.3510000E+02  0.1140366E-01  0.6461561E-03  0.1465267E-01  0.2670248E-01
 0.3520000E+02  0.1141084E-01  0.6362453E-03  0.1486239E-01  0.2690947E-01
 0.3530000E+02  0.1141691E-01  0.6264250E-03  0.1499347E-01  0.2703681E-01
 0.3540000E+02  0.1142161E-01  0.6166960E-03  0.1502206E-01  0.2706037E-01
 0.3550000E+02  0.1142467E-01  0.6070594E-03  0.1490517E-01  0.2693690E-01
 0.3560000E+02  0.1142580E-01  0.5975166E-03  0.1458278E-01  0.2660610E-01
 0.3570000E+02  0.1142471E-01  0.5880693E-03  0.1398516E-01  0.2599794E-01
 0.3580000E+02  0.1142115E-01  0.5787197E-03  0.1304896E-01  0.2504883E-01
 0.3590000E+02  0.1141495E-01  0.5694704E-03  0.1174412E-01  0.2372854E-01
 0.3600000E+02  0.1140604E-01  0.5603241E-03  0.1010915E-01  0.2207552E-01
 0.3610000E+02  0.1139454E-01  0.5512839E-03  0.8275600E-02  0.2022143E-01
 0.3620000E+02  0.1138074E-01  0.5423529E-03  0.6465408E-02  0.1838850E-01
 0.3630000E+02  0.1136505E-01  0.5335343E-03  0.4938039E-02  0.1683663E-01
 0.3640000E+02  0.1134803E-01  0.5248307E-03  0.3903678E-02  0.1577654E-01
 0.3650000E+02  0.1133023E-01  0.5162445E-03  0.3447847E-02  0.1529432E-01
 0.3660000E+02  0.1131226E-01  0.5077772E-03  0.3498927E-02  0.1531897E-01
 0.3670000E+02  0.1129494E-01  0.4994298E-03  0.3849990E-02  0.1564436E-01
 0.3680000E+02  0.1127938E-01  0.4912025E-03  0.4230441E-02  0.1600102E-01
 0.3690000E+02  0.1126702E-01  0.4830944E-03  0.4399795E-02  0.1614991E-01
 0.3700000E+02  0.1125939E-01  0.4751037E-03  0.4221383E-02  0.1595588E-01
 0.3710000E+02  0.1125768E-01  0.4672277E-03  0.3704551E-02  0.1542945E-01
 0.3720000E+02  0.1126222E-01  0.4594631E-03  0.3031527E-02  0.1475321E-01
 0.3730000E+02  0.1127210E-01  0.4518066E-03  0.2594961E-02  0.1431887E-01
 0.3740000E+02  0.1128489E-01  0.4442562E-03  0.2908022E-02  0.1463716E-01
 0.3750000E+02  0.1129708E-01  0.4368117E-03  0.4180203E-02  0.1591410E-01
 0.3760000E+02  0.1130553E-01  0.4294758E-03  0.5967065E-02  0.1770207E-01
 0.3770000E+02  0.1130906E-01  0.4222528E-03  0.7607744E-02  0.1933905E-01
 0.3780000E+02  0.1130864E-01  0.4151471E-03  0.8781157E-02  0.2050494E-01
 0.3790000E+02  0.1130621E-01  0.4081626E-03  0.9490296E-02  0.2120466E-01
 0.3800000E+02  0.1130359E-01  0.4013020E-03  0.9851154E-02  0.2155604E-01
 0.3810000E+02  0.1130216E-01  0.3945673E-03  0.9965425E-02  0.2166215E-01
