 0.5134188E+00 -0.2201414E+01  0.3564748E+01  0.3227146E+00
 0.6067431E+00 -0.1865567E+01  0.2872092E+01  0.2887408E+00
 0.7000675E+00 -0.1560214E+01  0.2306293E+01  0.2547670E+00
 0.7933918E+00 -0.1282588E+01  0.1844746E+01  0.2207932E+00
 0.8867162E+00 -0.1030171E+01  0.1468816E+01  0.1868195E+00
 0.9800405E+00 -0.8006730E+00  0.1163152E+01  0.1528457E+00
 0.1073365E+01 -0.5920137E+00  0.9151117E+00  0.1188719E+00
 0.1166689E+01 -0.4023007E+00  0.7142837E+00  0.8489811E-01
 0.1260013E+01 -0.2298138E+00  0.5521012E+00  0.5092433E-01
 0.1353338E+01 -0.7298887E-01  0.4215169E+00  0.1695055E-01
 0.1446662E+01  0.6959631E-01  0.3167368E+00 -0.1702323E-01
 0.1539987E+01  0.1992347E+00  0.2330001E+00 -0.5099701E-01
 0.1633311E+01  0.3171018E+00  0.1663973E+00 -0.8497079E-01
 0.1726635E+01  0.4242665E+00  0.1137204E+00 -0.1189446E+00
 0.1819960E+01  0.5217006E+00  0.7233931E-01 -0.1529184E+00
 0.1913284E+01  0.6102877E+00  0.4009925E-01 -0.1868921E+00
 0.2006608E+01  0.6908309E+00  0.1523694E-01 -0.2208659E+00
 0.2099933E+01  0.7640608E+00 -0.3689012E-02 -0.2548397E+00
 0.2193257E+01  0.8306414E+00 -0.1785538E-01 -0.2888135E+00
 0.2286581E+01  0.8911764E+00 -0.2822154E-01 -0.3227873E+00
