 0.10000E+00  0.10000E+01  0.11148E-18
 0.20000E+00  0.99999E+00  0.98370E-19
 0.30000E+00  0.99998E+00  0.27128E-18
 0.40000E+00  0.99996E+00  0.43299E-19
 0.50000E+00  0.99994E+00 -0.29411E-18
 0.60000E+00  0.99991E+00  0.75693E-18
 0.70000E+00  0.99988E+00  0.21769E-18
 0.80000E+00  0.99984E+00 -0.33322E-19
 0.90000E+00  0.99980E+00 -0.11985E-17
 0.10000E+01  0.99975E+00 -0.12340E-18
 0.11000E+01  0.99970E+00 -0.24663E-17
 0.12000E+01  0.99964E+00 -0.56092E-18
 0.13000E+01  0.99958E+00  0.24836E-19
 0.14000E+01  0.99951E+00  0.11947E-17
 0.15000E+01  0.99943E+00 -0.14443E-17
 0.16000E+01  0.99936E+00  0.14988E-17
 0.17000E+01  0.99927E+00 -0.11444E-17
 0.18000E+01  0.99919E+00  0.57169E-18
 0.19000E+01  0.99909E+00  0.14881E-18
 0.20000E+01  0.99900E+00  0.14393E-17
 0.21000E+01  0.99889E+00 -0.64337E-18
 0.22000E+01  0.99879E+00  0.99491E-18
 0.23000E+01  0.99867E+00 -0.44644E-18
 0.24000E+01  0.99855E+00  0.32673E-17
 0.25000E+01  0.99843E+00  0.45883E-17
 0.26000E+01  0.99830E+00 -0.10853E-17
 0.27000E+01  0.99817E+00 -0.39674E-17
 0.28000E+01  0.99803E+00  0.16898E-17
 0.29000E+01  0.99789E+00  0.14298E-18
 0.30000E+01  0.99774E+00  0.14012E-17
 0.31000E+01  0.99759E+00  0.84590E-17
 0.32000E+01  0.99743E+00  0.36032E-17
 0.33000E+01  0.99727E+00 -0.81835E-18
 0.34000E+01  0.99710E+00 -0.76415E-18
 0.35000E+01  0.99693E+00 -0.36316E-17
 0.36000E+01  0.99676E+00  0.13875E-17
 0.37000E+01  0.99657E+00  0.35344E-17
 0.38000E+01  0.99639E+00  0.21319E-17
 0.39000E+01  0.99620E+00  0.21754E-17
 0.40000E+01  0.99600E+00 -0.15177E-17
 0.41000E+01  0.99580E+00 -0.49665E-17
 0.42000E+01  0.99559E+00  0.27865E-17
 0.43000E+01  0.99538E+00  0.14140E-17
 0.44000E+01  0.99516E+00 -0.35959E-17
 0.45000E+01  0.99494E+00 -0.11730E-17
 0.46000E+01  0.99472E+00  0.63692E-17
 0.47000E+01  0.99449E+00  0.43459E-17
 0.48000E+01  0.99425E+00  0.27752E-17
 0.49000E+01  0.99401E+00 -0.15500E-17
 0.50000E+01  0.99377E+00 -0.43521E-17
 0.51000E+01  0.99352E+00 -0.34189E-17
 0.52000E+01  0.99326E+00  0.92673E-18
 0.53000E+01  0.99300E+00 -0.27006E-18
 0.54000E+01  0.99274E+00  0.25358E-17
 0.55000E+01  0.99247E+00  0.33907E-17
 0.56000E+01  0.99220E+00 -0.19049E-17
 0.57000E+01  0.99192E+00 -0.10742E-16
 0.58000E+01  0.99164E+00 -0.18062E-17
 0.59000E+01  0.99135E+00  0.73462E-17
 0.60000E+01  0.99106E+00 -0.96906E-17
 0.61000E+01  0.99076E+00 -0.60143E-17
 0.62000E+01  0.99046E+00 -0.17385E-17
 0.63000E+01  0.99015E+00  0.40086E-17
 0.64000E+01  0.98984E+00 -0.19604E-17
 0.65000E+01  0.98953E+00 -0.55547E-19
 0.66000E+01  0.98921E+00 -0.13406E-17
 0.67000E+01  0.98888E+00 -0.78865E-18
 0.68000E+01  0.98856E+00  0.46287E-17
 0.69000E+01  0.98822E+00 -0.48613E-17
 0.70000E+01  0.98788E+00  0.86608E-17
 0.71000E+01  0.98754E+00  0.14454E-17
 0.72000E+01  0.98719E+00 -0.47188E-17
 0.73000E+01  0.98684E+00  0.24597E-17
 0.74000E+01  0.98649E+00  0.51559E-17
 0.75000E+01  0.98613E+00 -0.62708E-17
 0.76000E+01  0.98576E+00 -0.13326E-18
 0.77000E+01  0.98539E+00  0.51195E-17
 0.78000E+01  0.98502E+00  0.15685E-18
 0.79000E+01  0.98464E+00 -0.98356E-17
 0.80000E+01  0.98426E+00 -0.37983E-17
 0.81000E+01  0.98387E+00  0.22656E-17
 0.82000E+01  0.98348E+00 -0.11156E-17
 0.83000E+01  0.98308E+00  0.21670E-17
 0.84000E+01  0.98268E+00  0.10727E-16
 0.85000E+01  0.98228E+00  0.50990E-17
 0.86000E+01  0.98187E+00 -0.62474E-17
 0.87000E+01  0.98145E+00  0.13372E-17
 0.88000E+01  0.98104E+00  0.68355E-17
 0.89000E+01  0.98062E+00 -0.66435E-17
 0.90000E+01  0.98019E+00  0.23765E-17
 0.91000E+01  0.97976E+00 -0.71338E-17
 0.92000E+01  0.97932E+00  0.92206E-17
 0.93000E+01  0.97889E+00 -0.85313E-17
 0.94000E+01  0.97844E+00 -0.16136E-17
 0.95000E+01  0.97800E+00 -0.14457E-16
 0.96000E+01  0.97754E+00  0.12093E-16
 0.97000E+01  0.97709E+00  0.14122E-16
 0.98000E+01  0.97663E+00  0.50631E-17
 0.99000E+01  0.97617E+00 -0.59279E-17
 0.10000E+02  0.97570E+00 -0.48798E-17
 0.10100E+02  0.97523E+00  0.14118E-16
 0.10200E+02  0.97475E+00 -0.12054E-16
 0.10300E+02  0.97427E+00  0.16063E-16
 0.10400E+02  0.97379E+00  0.21582E-17
 0.10500E+02  0.97330E+00 -0.59297E-17
 0.10600E+02  0.97281E+00 -0.98860E-17
 0.10700E+02  0.97231E+00 -0.10613E-16
 0.10800E+02  0.97181E+00 -0.52336E-17
 0.10900E+02  0.97131E+00 -0.84563E-17
 0.11000E+02  0.97080E+00 -0.48040E-18
 0.11100E+02  0.97029E+00  0.12069E-16
 0.11200E+02  0.96978E+00 -0.41901E-17
 0.11300E+02  0.96926E+00 -0.90091E-17
 0.11400E+02  0.96874E+00  0.37846E-17
 0.11500E+02  0.96821E+00  0.24941E-17
 0.11600E+02  0.96768E+00  0.10254E-16
 0.11700E+02  0.96714E+00  0.72644E-17
 0.11800E+02  0.96661E+00 -0.30914E-18
 0.11900E+02  0.96606E+00 -0.46483E-17
 0.12000E+02  0.96552E+00 -0.35249E-17
 0.12100E+02  0.96497E+00  0.11501E-17
 0.12200E+02  0.96442E+00 -0.24427E-17
 0.12300E+02  0.96386E+00  0.51220E-17
 0.12400E+02  0.96330E+00  0.51908E-17
 0.12500E+02  0.96274E+00 -0.52086E-17
 0.12600E+02  0.96217E+00 -0.84200E-17
 0.12700E+02  0.96160E+00 -0.21269E-17
 0.12800E+02  0.96102E+00 -0.12962E-16
 0.12900E+02  0.96045E+00 -0.41285E-17
 0.13000E+02  0.95987E+00 -0.35501E-17
 0.13100E+02  0.95928E+00 -0.81232E-18
 0.13200E+02  0.95869E+00  0.89116E-17
 0.13300E+02  0.95810E+00 -0.10231E-16
 0.13400E+02  0.95751E+00  0.41159E-17
 0.13500E+02  0.95691E+00  0.13375E-16
 0.13600E+02  0.95630E+00 -0.10757E-16
 0.13700E+02  0.95570E+00  0.41796E-17
 0.13800E+02  0.95509E+00 -0.13866E-16
 0.13900E+02  0.95448E+00  0.81085E-17
 0.14000E+02  0.95386E+00 -0.84437E-17
 0.14100E+02  0.95324E+00 -0.66561E-18
 0.14200E+02  0.95262E+00 -0.88190E-17
 0.14300E+02  0.95200E+00 -0.20548E-17
 0.14400E+02  0.95137E+00 -0.13734E-16
 0.14500E+02  0.95074E+00  0.13903E-16
 0.14600E+02  0.95010E+00 -0.18868E-16
 0.14700E+02  0.94946E+00 -0.16196E-16
 0.14800E+02  0.94882E+00  0.18761E-17
 0.14900E+02  0.94818E+00  0.14834E-16
 0.15000E+02  0.94753E+00  0.30470E-17
 0.15100E+02  0.94688E+00  0.15592E-16
 0.15200E+02  0.94623E+00  0.20937E-17
 0.15300E+02  0.94557E+00  0.58477E-18
 0.15400E+02  0.94491E+00  0.48122E-18
 0.15500E+02  0.94425E+00  0.11394E-16
 0.15600E+02  0.94358E+00 -0.38091E-16
 0.15700E+02  0.94291E+00 -0.93392E-17
 0.15800E+02  0.94224E+00 -0.36810E-17
 0.15900E+02  0.94157E+00 -0.12534E-16
 0.16000E+02  0.94089E+00  0.18184E-16
 0.16100E+02  0.94021E+00  0.12961E-16
 0.16200E+02  0.93953E+00  0.11522E-16
 0.16300E+02  0.93884E+00  0.10967E-16
 0.16400E+02  0.93815E+00  0.14924E-16
 0.16500E+02  0.93746E+00  0.12566E-16
 0.16600E+02  0.93676E+00 -0.74601E-17
 0.16700E+02  0.93607E+00 -0.13343E-16
 0.16800E+02  0.93537E+00  0.10993E-16
 0.16900E+02  0.93467E+00 -0.48003E-17
 0.17000E+02  0.93396E+00  0.16210E-16
 0.17100E+02  0.93325E+00 -0.41748E-17
 0.17200E+02  0.93254E+00  0.74469E-17
 0.17300E+02  0.93183E+00 -0.24605E-16
 0.17400E+02  0.93111E+00 -0.36241E-17
 0.17500E+02  0.93039E+00  0.32712E-17
 0.17600E+02  0.92967E+00  0.17310E-16
 0.17700E+02  0.92895E+00 -0.48830E-17
 0.17800E+02  0.92822E+00 -0.20174E-16
 0.17900E+02  0.92750E+00 -0.53556E-17
 0.18000E+02  0.92677E+00  0.98418E-17
 0.18100E+02  0.92603E+00  0.92041E-18
 0.18200E+02  0.92530E+00  0.61779E-17
 0.18300E+02  0.92456E+00  0.24819E-17
 0.18400E+02  0.92382E+00 -0.25125E-16
 0.18500E+02  0.92307E+00  0.14214E-16
 0.18600E+02  0.92233E+00 -0.61492E-17
 0.18700E+02  0.92158E+00  0.78724E-17
 0.18800E+02  0.92083E+00  0.24940E-16
 0.18900E+02  0.92008E+00 -0.23892E-17
 0.19000E+02  0.91933E+00  0.14733E-16
 0.19100E+02  0.91857E+00 -0.63682E-17
 0.19200E+02  0.91781E+00  0.72135E-17
 0.19300E+02  0.91705E+00 -0.11250E-16
 0.19400E+02  0.91629E+00 -0.30151E-16
 0.19500E+02  0.91552E+00  0.25070E-16
 0.19600E+02  0.91476E+00 -0.99775E-17
 0.19700E+02  0.91399E+00 -0.16277E-16
 0.19800E+02  0.91322E+00 -0.22384E-16
 0.19900E+02  0.91244E+00 -0.50157E-17
 0.20000E+02  0.91167E+00 -0.20449E-16
 0.20100E+02  0.91089E+00 -0.26923E-16
 0.20200E+02  0.91011E+00  0.65490E-17
 0.20300E+02  0.90933E+00 -0.15752E-16
 0.20400E+02  0.90855E+00 -0.10204E-16
 0.20500E+02  0.90777E+00 -0.32744E-16
 0.20600E+02  0.90698E+00 -0.21034E-16
 0.20700E+02  0.90619E+00 -0.44281E-17
 0.20800E+02  0.90540E+00 -0.10963E-16
 0.20900E+02  0.90461E+00  0.23456E-16
 0.21000E+02  0.90382E+00 -0.19309E-16
 0.21100E+02  0.90302E+00 -0.11981E-16
 0.21200E+02  0.90223E+00  0.27444E-17
 0.21300E+02  0.90143E+00  0.90802E-18
 0.21400E+02  0.90063E+00 -0.23396E-16
 0.21500E+02  0.89983E+00 -0.53215E-17
 0.21600E+02  0.89902E+00  0.24420E-17
 0.21700E+02  0.89822E+00  0.31173E-17
 0.21800E+02  0.89741E+00  0.14586E-17
 0.21900E+02  0.89661E+00  0.12501E-16
 0.22000E+02  0.89580E+00 -0.45767E-16
 0.22100E+02  0.89499E+00 -0.96297E-17
 0.22200E+02  0.89418E+00  0.17061E-17
 0.22300E+02  0.89336E+00  0.63125E-18
 0.22400E+02  0.89255E+00  0.18561E-16
 0.22500E+02  0.89173E+00  0.21688E-16
 0.22600E+02  0.89092E+00 -0.28636E-16
 0.22700E+02  0.89010E+00  0.15640E-16
 0.22800E+02  0.88928E+00 -0.16355E-16
 0.22900E+02  0.88846E+00  0.10678E-16
 0.23000E+02  0.88764E+00  0.19339E-16
 0.23100E+02  0.88682E+00  0.76809E-17
 0.23200E+02  0.88600E+00  0.17969E-16
 0.23300E+02  0.88517E+00  0.28466E-16
 0.23400E+02  0.88435E+00 -0.34830E-16
 0.23500E+02  0.88352E+00 -0.12022E-16
 0.23600E+02  0.88269E+00 -0.21388E-16
 0.23700E+02  0.88187E+00 -0.14006E-17
 0.23800E+02  0.88104E+00  0.14234E-16
 0.23900E+02  0.88021E+00 -0.25030E-16
 0.24000E+02  0.87938E+00 -0.23861E-17
 0.24100E+02  0.87855E+00 -0.22672E-16
 0.24200E+02  0.87772E+00  0.27510E-16
 0.24300E+02  0.87689E+00 -0.47480E-16
 0.24400E+02  0.87605E+00  0.14919E-15
 0.24500E+02  0.87522E+00 -0.37697E-16
 0.24600E+02  0.87439E+00  0.40126E-16
 0.24700E+02  0.87355E+00 -0.20303E-16
 0.24800E+02  0.87272E+00  0.14433E-17
 0.24900E+02  0.87188E+00  0.99214E-16
 0.25000E+02  0.87105E+00  0.80802E-16
 0.25100E+02  0.87021E+00  0.16500E-15
 0.25200E+02  0.86938E+00 -0.29148E-15
 0.25300E+02  0.86854E+00  0.59964E-16
 0.25400E+02  0.86771E+00 -0.10872E-15
 0.25500E+02  0.86687E+00 -0.99965E-15
 0.25600E+02  0.86603E+00 -0.60254E-15
 0.25700E+02  0.86520E+00  0.86738E-15
 0.25800E+02  0.86436E+00 -0.43296E-15
 0.25900E+02  0.86353E+00  0.12806E-14
 0.26000E+02  0.86269E+00  0.13532E-14
 0.26100E+02  0.86185E+00  0.13058E-14
 0.26200E+02  0.86102E+00  0.11505E-14
 0.26300E+02  0.86018E+00  0.42572E-16
 0.26400E+02  0.85935E+00  0.42823E-16
 0.26500E+02  0.85851E+00 -0.32905E-14
 0.26600E+02  0.85768E+00  0.39005E-14
 0.26700E+02  0.85685E+00  0.66514E-14
 0.26800E+02  0.85601E+00 -0.59033E-14
 0.26900E+02  0.85518E+00  0.18400E-14
 0.27000E+02  0.85435E+00  0.11203E-13
 0.27100E+02  0.85351E+00 -0.12964E-14
 0.27200E+02  0.85268E+00  0.37390E-14
 0.27300E+02  0.85185E+00  0.26095E-14
 0.27400E+02  0.85102E+00  0.10242E-13
 0.27500E+02  0.85019E+00 -0.29162E-13
 0.27600E+02  0.84935E+00  0.40851E-14
 0.27700E+02  0.84852E+00 -0.22465E-14
 0.27800E+02  0.84769E+00  0.27776E-13
 0.27900E+02  0.84686E+00 -0.18646E-13
 0.28000E+02  0.84602E+00  0.80544E-13
 0.28100E+02  0.84519E+00 -0.11473E-12
 0.28200E+02  0.84435E+00 -0.21568E-12
 0.28300E+02  0.84351E+00  0.11700E-12
 0.28400E+02  0.84267E+00 -0.19449E-12
 0.28500E+02  0.84183E+00 -0.83773E-14
 0.28600E+02  0.84099E+00 -0.39180E-12
 0.28700E+02  0.84015E+00  0.12543E-12
 0.28800E+02  0.83932E+00 -0.24475E-12
 0.28900E+02  0.83849E+00 -0.44509E-13
 0.29000E+02  0.83766E+00  0.26613E-12
 0.29100E+02  0.83685E+00 -0.58474E-13
 0.29200E+02  0.83605E+00  0.59038E-12
 0.29300E+02  0.83528E+00 -0.25910E-12
 0.29400E+02  0.83453E+00 -0.10793E-11
 0.29500E+02  0.83381E+00  0.11238E-11
 0.29600E+02  0.83314E+00  0.86693E-12
 0.29700E+02  0.83251E+00 -0.15960E-11
 0.29800E+02  0.83193E+00 -0.15297E-11
 0.29900E+02  0.83142E+00 -0.12102E-11
 0.30000E+02  0.83097E+00 -0.12558E-11
 0.30100E+02  0.83059E+00  0.31089E-11
 0.30200E+02  0.83027E+00 -0.43323E-11
 0.30300E+02  0.83000E+00  0.37975E-11
 0.30400E+02  0.82978E+00 -0.17773E-10
 0.30500E+02  0.82957E+00  0.68930E-12
 0.30600E+02  0.82935E+00  0.93663E-12
 0.30700E+02  0.82908E+00 -0.34680E-12
 0.30800E+02  0.82870E+00 -0.25423E-11
 0.30900E+02  0.82815E+00  0.15023E-11
 0.31000E+02  0.82735E+00 -0.94607E-11
 0.31100E+02  0.82621E+00  0.57366E-11
 0.31200E+02  0.82466E+00 -0.45566E-10
 0.31300E+02  0.82259E+00  0.49017E-10
 0.31400E+02  0.81993E+00  0.50863E-11
 0.31500E+02  0.81660E+00 -0.37426E-10
 0.31600E+02  0.81256E+00  0.24995E-10
 0.31700E+02  0.80781E+00  0.85634E-10
 0.31800E+02  0.80241E+00  0.63225E-10
 0.31900E+02  0.79650E+00  0.75099E-11
 0.32000E+02  0.79029E+00 -0.31874E-10
 0.32100E+02  0.78413E+00 -0.69194E-11
 0.32200E+02  0.77850E+00 -0.17677E-09
 0.32300E+02  0.77403E+00 -0.12529E-09
 0.32400E+02  0.77151E+00  0.34081E-09
 0.32500E+02  0.77189E+00 -0.17058E-09
 0.32600E+02  0.77631E+00  0.15956E-09
 0.32700E+02  0.78604E+00  0.16127E-09
 0.32800E+02  0.80246E+00 -0.23390E-09
 0.32900E+02  0.82706E+00 -0.95111E-10
 0.33000E+02  0.86136E+00  0.75420E-09
 0.33100E+02  0.90685E+00 -0.14896E-09
 0.33200E+02  0.96498E+00 -0.61519E-09
 0.33300E+02  0.10371E+01 -0.75158E-09
 0.33400E+02  0.11245E+01 -0.86199E-10
 0.33500E+02  0.12288E+01  0.29238E-08
 0.33600E+02  0.13516E+01  0.53471E-09
 0.33700E+02  0.14952E+01  0.31742E-09
 0.33800E+02  0.16621E+01 -0.32052E-08
 0.33900E+02  0.18544E+01  0.10727E-08
 0.34000E+02  0.20740E+01 -0.22420E-08
 0.34100E+02  0.23226E+01  0.44899E-08
 0.34200E+02  0.26016E+01  0.13905E-08
 0.34300E+02  0.29128E+01 -0.20413E-08
 0.34400E+02  0.32589E+01 -0.25099E-08
 0.34500E+02  0.36414E+01 -0.74227E-08
 0.34600E+02  0.40651E+01 -0.70174E-08
 0.34700E+02  0.45348E+01  0.39464E-08
 0.34800E+02  0.50588E+01 -0.16327E-07
 0.34900E+02  0.56492E+01 -0.33493E-08
 0.35000E+02  0.63234E+01 -0.13228E-07
 0.35100E+02  0.71046E+01  0.94937E-08
 0.35200E+02  0.80235E+01 -0.44800E-08
 0.35300E+02  0.91193E+01 -0.77110E-08
 0.35400E+02  0.10442E+02 -0.10160E-07
 0.35500E+02  0.12054E+02 -0.26701E-07
 0.35600E+02  0.14032E+02  0.27158E-08
 0.35700E+02  0.16473E+02  0.15293E-07
 0.35800E+02  0.19494E+02  0.16513E-07
 0.35900E+02  0.23240E+02 -0.14399E-07
 0.36000E+02  0.27895E+02 -0.35621E-07
 0.36100E+02  0.33676E+02  0.37863E-07
 0.36200E+02  0.40854E+02  0.19212E-08
 0.36300E+02  0.49760E+02  0.19665E-07
 0.36400E+02  0.60789E+02  0.40529E-07
 0.36500E+02  0.74422E+02 -0.13379E-07
 0.36600E+02  0.91234E+02  0.18183E-06
 0.36700E+02  0.11188E+03 -0.14043E-06
 0.36800E+02  0.13710E+03  0.22169E-07
 0.36900E+02  0.16771E+03  0.62879E-08
 0.37000E+02  0.20463E+03 -0.73645E-07
 0.37100E+02  0.24878E+03 -0.16828E-06
 0.37200E+02  0.30115E+03  0.10466E-06
 0.37300E+02  0.36271E+03 -0.33563E-07
 0.37400E+02  0.43458E+03  0.13131E-06
 0.37500E+02  0.51783E+03 -0.19326E-06
 0.37600E+02  0.61440E+03  0.58147E-06
 0.37700E+02  0.72663E+03  0.22727E-08
 0.37800E+02  0.85821E+03 -0.10083E-06
 0.37900E+02  0.10134E+04 -0.15456E-06
 0.38000E+02  0.11978E+04 -0.37406E-06
 0.38100E+02  0.14179E+04  0.69798E-06
