 0.4494292E+01 -0.2688138E+00 -0.9769888E+00
 0.4642135E+01 -0.4922370E+00  0.2728433E+00
 0.4876382E+01 -0.5287538E-01  0.5185798E+00
 0.5202924E+01  0.8065916E-02 -0.5728183E+00
 0.5627191E+01  0.1369235E+00  0.4700336E+00
 0.6153168E+01  0.2088759E+00 -0.2262441E+00
 0.6782763E+01  0.1019538E+00  0.1922693E-01
 0.7515637E+01 -0.1461881E+00 -0.1003627E-01
 0.8349411E+01  0.2999037E+00  0.5248902E+00
 0.9280107E+01  0.1115005E+00  0.1683791E+00
 0.1030265E+02  0.1270455E+00 -0.1485162E+00
 0.1141133E+02  0.4421715E+00  0.3472420E+00
 0.1260013E+02 -0.1175412E+01  0.6970183E+00
 0.1386300E+02 -0.7461807E-02 -0.2655132E+01
 0.1519405E+02 -0.2556541E+01  0.2211171E+02
 0.1658761E+02  0.3516731E+02  0.8191471E+02
 0.1803831E+02  0.5088821E+03 -0.9798396E+02
 0.1954115E+02  0.3254328E+04 -0.3984636E+04
 0.2109147E+02  0.4578373E+05  0.1610247E+06
 0.2268495E+02  0.9045513E+06 -0.2531893E+07
