 0.7307307E+00  0.1528653E-05
 0.7507508E+00  0.4784827E-05
 0.7707708E+00  0.1416066E-04
 0.7907908E+00  0.3961757E-04
 0.8108108E+00  0.1047713E-03
 0.8308308E+00  0.2619129E-03
 0.8508509E+00  0.6190160E-03
 0.8708709E+00  0.1383644E-02
 0.8908909E+00  0.2926634E-02
 0.9109109E+00  0.5862718E-02
 0.9309309E+00  0.1113600E-01
 0.9509510E+00  0.2008847E-01
 0.9709710E+00  0.3448584E-01
 0.9909910E+00  0.5648273E-01
 0.1011011E+01  0.8853055E-01
 0.1031031E+01  0.1332556E+00
 0.1051051E+01  0.1933459E+00
 0.1071071E+01  0.2714658E+00
 0.1091091E+01  0.3701670E+00
 0.1111111E+01  0.4917050E+00
 0.1131131E+01  0.6376382E+00
 0.1151151E+01  0.8081173E+00
 0.1171171E+01  0.1000899E+01
 0.1191191E+01  0.1210309E+01
 0.1211211E+01  0.1426593E+01
 0.1231231E+01  0.1636188E+01
 0.1251251E+01  0.1823274E+01
 0.1271271E+01  0.1972570E+01
 0.1291291E+01  0.2072699E+01
 0.1311311E+01  0.2119075E+01
 0.1331331E+01  0.2115213E+01
 0.1351351E+01  0.2071924E+01
 0.1371371E+01  0.2004634E+01
 0.1391391E+01  0.1929790E+01
 0.1411411E+01  0.1861516E+01
 0.1431431E+01  0.1809350E+01
 0.1451451E+01  0.1777213E+01
 0.1471471E+01  0.1763344E+01
 0.1491491E+01  0.1760889E+01
 0.1511512E+01  0.1759189E+01
 0.1531532E+01  0.1745897E+01
 0.1551552E+01  0.1709767E+01
 0.1571572E+01  0.1643392E+01
 0.1591592E+01  0.1544903E+01
 0.1611612E+01  0.1417988E+01
 0.1631632E+01  0.1270364E+01
 0.1651652E+01  0.1111481E+01
 0.1671672E+01  0.9503959E+00
 0.1691692E+01  0.7944432E+00
 0.1711712E+01  0.6488301E+00
 0.1731732E+01  0.5168926E+00
 0.1751752E+01  0.4006080E+00
 0.1771772E+01  0.3010270E+00
 0.1791792E+01  0.2184753E+00
 0.1811812E+01  0.1525619E+00
 0.1831832E+01  0.1021402E+00
 0.1851852E+01  0.6536173E-01
 0.1871872E+01  0.3987902E-01
 0.1891892E+01  0.2315416E-01
 0.1911912E+01  0.1277555E-01
 0.1931932E+01  0.6692689E-02
 0.1951952E+01  0.3327092E-02
 0.1971972E+01  0.1569206E-02
 0.1991992E+01  0.7021987E-03
 0.2012012E+01  0.2981942E-03
 0.2032032E+01  0.1202125E-03
 0.2052052E+01  0.4602565E-04
 0.2072072E+01  0.1674360E-04
 0.2092092E+01  0.5789719E-05
 0.2112112E+01  0.1902999E-05
 0.2332332E+01  0.9432221E-06
 0.2352352E+01  0.2169889E-05
 0.2372372E+01  0.4759186E-05
 0.2392392E+01  0.9949325E-05
 0.2412412E+01  0.1982367E-04
 0.2432432E+01  0.3764368E-04
 0.2452452E+01  0.6812616E-04
 0.2472472E+01  0.1175028E-03
 0.2492492E+01  0.1931501E-03
 0.2512513E+01  0.3025895E-03
 0.2532533E+01  0.4517777E-03
 0.2552553E+01  0.6428473E-03
 0.2572573E+01  0.8717722E-03
 0.2592593E+01  0.1126705E-02
 0.2612613E+01  0.1387809E-02
 0.2632633E+01  0.1629151E-02
 0.2652653E+01  0.1822657E-02
 0.2672673E+01  0.1943393E-02
 0.2692693E+01  0.1974824E-02
 0.2712713E+01  0.1912531E-02
 0.2732733E+01  0.1765227E-02
 0.2752753E+01  0.1552761E-02
 0.2772773E+01  0.1301730E-02
 0.2792793E+01  0.1040038E-02
 0.2812813E+01  0.7919355E-03
 0.2832833E+01  0.5747016E-03
 0.2852853E+01  0.3974726E-03
 0.2872873E+01  0.2619896E-03
 0.2892893E+01  0.1645785E-03
 0.2912913E+01  0.9853133E-04
 0.2932933E+01  0.5621967E-04
 0.2952953E+01  0.3057145E-04
 0.2972973E+01  0.1584386E-04
 0.2992993E+01  0.7825875E-05
 0.3013013E+01  0.3684347E-05
 0.3033033E+01  0.1653578E-05
 0.3053053E+01  0.7078620E-06
 0.3333333E+01  0.1246955E-05
 0.3353353E+01  0.2396591E-05
 0.3373373E+01  0.4389476E-05
 0.3393393E+01  0.7661780E-05
 0.3413413E+01  0.1274540E-04
 0.3433433E+01  0.2020634E-04
 0.3453453E+01  0.3053045E-04
 0.3473473E+01  0.4396334E-04
 0.3493493E+01  0.6033373E-04
 0.3513514E+01  0.7891176E-04
 0.3533534E+01  0.9836382E-04
 0.3553554E+01  0.1168533E-03
 0.3573574E+01  0.1322998E-03
 0.3593594E+01  0.1427542E-03
 0.3613614E+01  0.1468017E-03
 0.3633634E+01  0.1438750E-03
 0.3653654E+01  0.1343853E-03
 0.3673674E+01  0.1196272E-03
 0.3693694E+01  0.1014894E-03
 0.3713714E+01  0.8205845E-04
 0.3733734E+01  0.6323217E-04
 0.3753754E+01  0.4643708E-04
 0.3773774E+01  0.3250154E-04
 0.3793794E+01  0.2167979E-04
 0.3813814E+01  0.1378219E-04
 0.3833834E+01  0.8350135E-05
 0.3853854E+01  0.4821486E-05
 0.3873874E+01  0.2653264E-05
 0.3893894E+01  0.1391529E-05
 0.3913914E+01  0.6955300E-06
 0.4534535E+01  0.7392861E-06
 0.4554555E+01  0.1300278E-05
 0.4574575E+01  0.2179575E-05
 0.4594595E+01  0.3481926E-05
 0.4614615E+01  0.5301265E-05
 0.4634635E+01  0.7692217E-05
 0.4654655E+01  0.1063740E-04
 0.4674675E+01  0.1401948E-04
 0.4694695E+01  0.1760922E-04
 0.4714715E+01  0.2107952E-04
 0.4734735E+01  0.2404879E-04
 0.4754755E+01  0.2614797E-04
 0.4774775E+01  0.2709535E-04
 0.4794795E+01  0.2675861E-04
 0.4814815E+01  0.2518515E-04
 0.4834835E+01  0.2259112E-04
 0.4854855E+01  0.1931270E-04
 0.4874875E+01  0.1573477E-04
 0.4894895E+01  0.1221771E-04
 0.4914915E+01  0.9041308E-05
 0.4934935E+01  0.6376538E-05
 0.4954955E+01  0.4285986E-05
 0.4974975E+01  0.2745545E-05
 0.4994995E+01  0.1676172E-05
 0.5015015E+01  0.9752607E-06
