 0.2000000E+00  0.3489270E+00  0.3151005E+00  0.2608567E+00  0.2121570E+00  0.1684988E+00  0.1294242E+00  0.9451711E-01  0.6339915E-01  0.3572627E-01  0.1118567E-01 -0.1050704E-01 -0.2961045E-01 -0.4635966E-01 -0.6096842E-01 -0.7363108E-01 -0.8452435E-01 -0.9380888E-01 -0.1016308E+00 -0.1081220E+00 -0.8688962E-01
 0.4000000E+00  0.6977829E+00  0.6301432E+00  0.5216725E+00  0.4242829E+00  0.3369743E+00  0.2588316E+00  0.1890226E+00  0.1267910E+00  0.7144874E-01  0.2237048E-01 -0.2101249E-01 -0.5921720E-01 -0.9271379E-01 -0.1219297E+00 -0.1472536E+00 -0.1690388E+00 -0.1876066E+00 -0.2032491E+00 -0.2162257E+00 -0.1737688E+00
 0.6000000E+00  0.1046496E+01  0.9450705E+00  0.7824065E+00  0.6363465E+00  0.5054034E+00  0.3882053E+00  0.2835049E+00  0.1901682E+00  0.1071636E+00  0.3355354E-01 -0.3151474E-01 -0.8881656E-01 -0.1390569E+00 -0.1828767E+00 -0.2208588E+00 -0.2535333E+00 -0.2813818E+00 -0.3048426E+00 -0.3242927E+00 -0.2606269E+00
 0.8000000E+00  0.1394996E+01  0.1259825E+01  0.1043018E+01  0.8483167E+00  0.6737627E+00  0.5175286E+00  0.3779525E+00  0.2535234E+00  0.1428671E+00  0.4473400E-01 -0.4201221E-01 -0.1184048E+00 -0.1853834E+00 -0.2438023E+00 -0.2944383E+00 -0.3379979E+00 -0.3751234E+00 -0.4063988E+00 -0.4323049E+00 -0.3474535E+00
 0.1000000E+01  0.1743211E+01  0.1574348E+01  0.1303465E+01  0.1060162E+01  0.8420292E+00  0.6467846E+00  0.4723537E+00  0.3168494E+00  0.1785554E+00  0.5591099E-01 -0.5250330E-01 -0.1479783E+00 -0.2316878E+00 -0.3046992E+00 -0.3679834E+00 -0.4224228E+00 -0.4688201E+00 -0.5079052E+00 -0.5402439E+00 -0.4342380E+00
 0.1200000E+01  0.2091070E+01  0.1888583E+01  0.1563708E+01  0.1271852E+01  0.1010179E+01  0.7759565E+00  0.5666969E+00  0.3801387E+00  0.2142247E+00  0.6708363E-01 -0.6298641E-01 -0.1775332E+00 -0.2779645E+00 -0.3655605E+00 -0.4414853E+00 -0.5067978E+00 -0.5624607E+00 -0.6093495E+00 -0.6480913E+00 -0.5209698E+00
 0.1400000E+01  0.2438502E+01  0.2202472E+01  0.1823706E+01  0.1483356E+01  0.1178190E+01  0.9050277E+00  0.6609706E+00  0.4433842E+00  0.2498712E+00  0.7825106E-01 -0.7345993E-01 -0.2070660E+00 -0.3242081E+00 -0.4263788E+00 -0.5149356E+00 -0.5911131E+00 -0.6560339E+00 -0.7107191E+00 -0.7558289E+00 -0.6076384E+00
 0.1600000E+01  0.2785437E+01  0.2515957E+01  0.2083418E+01  0.1694641E+01  0.1346039E+01  0.1033981E+01  0.7551632E+00  0.5065785E+00  0.2854912E+00  0.8941242E-01 -0.8392226E-01 -0.2365728E+00 -0.3704129E+00 -0.4871470E+00 -0.5883256E+00 -0.6753585E+00 -0.7495284E+00 -0.8120013E+00 -0.8634384E+00 -0.6942328E+00
 0.1800000E+01  0.3131804E+01  0.2828981E+01  0.2342803E+01  0.1905678E+01  0.1513702E+01  0.1162800E+01  0.8492631E+00  0.5697142E+00  0.3210808E+00  0.1005668E+00 -0.9437180E-01 -0.2660499E+00 -0.4165734E+00 -0.5478580E+00 -0.6616465E+00 -0.7595241E+00 -0.8429329E+00 -0.9131838E+00 -0.9709013E+00 -0.7807425E+00
 0.2000000E+01  0.3477531E+01  0.3141487E+01  0.2601822E+01  0.2116435E+01  0.1681156E+01  0.1291468E+01  0.9432588E+00  0.6327841E+00  0.3566362E+00  0.1117135E+00 -0.1048069E+00 -0.2954937E+00 -0.4626840E+00 -0.6085044E+00 -0.7348897E+00 -0.8435998E+00 -0.9362360E+00 -0.1014254E+01 -0.1078199E+01 -0.8671565E+00
 0.2200000E+01  0.3822550E+01  0.3453416E+01  0.2860432E+01  0.2326882E+01  0.1848379E+01  0.1419968E+01  0.1037139E+01  0.6957809E+00  0.3921537E+00  0.1228514E+00 -0.1152261E+00 -0.3249003E+00 -0.5087391E+00 -0.6690791E+00 -0.8080464E+00 -0.9275755E+00 -0.1029426E+01 -0.1115199E+01 -0.1185314E+01 -0.9534639E+00
 0.2400000E+01  0.4166789E+01  0.3764713E+01  0.3118595E+01  0.2536988E+01  0.2015346E+01  0.1548284E+01  0.1130891E+01  0.7586972E+00  0.4276294E+00  0.1339799E+00 -0.1256275E+00 -0.3542661E+00 -0.5547331E+00 -0.7295748E+00 -0.8811079E+00 -0.1011441E+01 -0.1122492E+01 -0.1216006E+01 -0.1292227E+01 -0.1039654E+01
 0.2600000E+01  0.4510179E+01  0.4075320E+01  0.3376269E+01  0.2746722E+01  0.2182036E+01  0.1676398E+01  0.1224505E+01  0.8215258E+00  0.4630596E+00  0.1450979E+00 -0.1360097E+00 -0.3835872E+00 -0.6006605E+00 -0.7899842E+00 -0.9540655E+00 -0.1095186E+01 -0.1215423E+01 -0.1316662E+01 -0.1398921E+01 -0.1125714E+01
 0.2800000E+01  0.4852650E+01  0.4385179E+01  0.3633415E+01  0.2956053E+01  0.2348425E+01  0.1804294E+01  0.1317968E+01  0.8842593E+00  0.4984405E+00  0.1562048E+00 -0.1463710E+00 -0.4128599E+00 -0.6465155E+00 -0.8503001E+00 -0.1026910E+01 -0.1178801E+01 -0.1308206E+01 -0.1417155E+01 -0.1505375E+01 -0.1211635E+01
 0.3000000E+01  0.5194133E+01  0.4694235E+01  0.3889992E+01  0.3164951E+01  0.2514491E+01  0.1931956E+01  0.1411270E+01  0.9468905E+00  0.5337682E+00  0.1672995E+00 -0.1567098E+00 -0.4420805E+00 -0.6922926E+00 -0.9105151E+00 -0.1099633E+01 -0.1262275E+01 -0.1400830E+01 -0.1517471E+01 -0.1611573E+01 -0.1297404E+01
 0.3200000E+01  0.5534558E+01  0.5002430E+01  0.4145962E+01  0.3373385E+01  0.2680210E+01  0.2059367E+01  0.1504397E+01  0.1009412E+01  0.5690391E+00  0.1783813E+00 -0.1670244E+00 -0.4712451E+00 -0.7379860E+00 -0.9706218E+00 -0.1172226E+01 -0.1345598E+01 -0.1493284E+01 -0.1617598E+01 -0.1717496E+01 -0.1383010E+01
 0.3400000E+01  0.5873856E+01  0.5309707E+01  0.4401283E+01  0.3581326E+01  0.2845560E+01  0.2186509E+01  0.1597340E+01  0.1071817E+01  0.6042492E+00  0.1894493E+00 -0.1773132E+00 -0.5003500E+00 -0.7835900E+00 -0.1030613E+01 -0.1244679E+01 -0.1428759E+01 -0.1585556E+01 -0.1717522E+01 -0.1823124E+01 -0.1468442E+01
 0.3600000E+01  0.6211959E+01  0.5616009E+01  0.4655916E+01  0.3788742E+01  0.3010518E+01  0.2313368E+01  0.1690087E+01  0.1134097E+01  0.6393949E+00  0.2005027E+00 -0.1875745E+00 -0.5293912E+00 -0.8290990E+00 -0.1090481E+01 -0.1316984E+01 -0.1511748E+01 -0.1677633E+01 -0.1817230E+01 -0.1928440E+01 -0.1553686E+01
 0.3800000E+01  0.6548799E+01  0.5921282E+01  0.4909823E+01  0.3995604E+01  0.3175061E+01  0.2439925E+01  0.1782626E+01  0.1196246E+01  0.6744723E+00  0.2115407E+00 -0.1978066E+00 -0.5583651E+00 -0.8745072E+00 -0.1150219E+01 -0.1389132E+01 -0.1594556E+01 -0.1769505E+01 -0.1916709E+01 -0.2033425E+01 -0.1638732E+01
 0.4000000E+01  0.6884307E+01  0.6225468E+01  0.5162964E+01  0.4201882E+01  0.3339167E+01  0.2566165E+01  0.1874945E+01  0.1258257E+01  0.7094777E+00  0.2225623E+00 -0.2080079E+00 -0.5872676E+00 -0.9198087E+00 -0.1209818E+01 -0.1461113E+01 -0.1677170E+01 -0.1861160E+01 -0.2015946E+01 -0.2138061E+01 -0.1723567E+01
 0.4200000E+01  0.7218416E+01  0.6528510E+01  0.5415299E+01  0.4407546E+01  0.3502813E+01  0.2692072E+01  0.1967034E+01  0.1320121E+01  0.7444073E+00  0.2335668E+00 -0.2181767E+00 -0.6160950E+00 -0.9649979E+00 -0.1269272E+01 -0.1532918E+01 -0.1759581E+01 -0.1952584E+01 -0.2114926E+01 -0.2242328E+01 -0.1808179E+01
 0.4400000E+01  0.7551059E+01  0.6830354E+01  0.5666790E+01  0.4612566E+01  0.3665977E+01  0.2817628E+01  0.2058880E+01  0.1381832E+01  0.7792572E+00  0.2445533E+00 -0.2283113E+00 -0.6448434E+00 -0.1010069E+01 -0.1328573E+01 -0.1604538E+01 -0.1841778E+01 -0.2043766E+01 -0.2213637E+01 -0.2346208E+01 -0.1892554E+01
 0.4600000E+01  0.7882169E+01  0.7130944E+01  0.5917398E+01  0.4816912E+01  0.3828637E+01  0.2942818E+01  0.2150473E+01  0.1443382E+01  0.8140238E+00  0.2555210E+00 -0.2384100E+00 -0.6735089E+00 -0.1055016E+01 -0.1387713E+01 -0.1675965E+01 -0.1923749E+01 -0.2134695E+01 -0.2312064E+01 -0.2449683E+01 -0.1976681E+01
 0.4800000E+01  0.8211679E+01  0.7430223E+01  0.6167086E+01  0.5020555E+01  0.3990769E+01  0.3067624E+01  0.2241801E+01  0.1504765E+01  0.8487033E+00  0.2664691E+00 -0.2484711E+00 -0.7020874E+00 -0.1099833E+01 -0.1446685E+01 -0.1747188E+01 -0.2005485E+01 -0.2225357E+01 -0.2410194E+01 -0.2552733E+01 -0.2060546E+01
 0.5000000E+01  0.8539524E+01  0.7728137E+01  0.6415813E+01  0.5223465E+01  0.4152353E+01  0.3192032E+01  0.2332853E+01  0.1565973E+01  0.8832918E+00  0.2773967E+00 -0.2584928E+00 -0.7305752E+00 -0.1144514E+01 -0.1505481E+01 -0.1818199E+01 -0.2086975E+01 -0.2315740E+01 -0.2508013E+01 -0.2655340E+01 -0.2144135E+01
 0.5200000E+01  0.8865637E+01  0.8024629E+01  0.6663544E+01  0.5425615E+01  0.4313365E+01  0.3316024E+01  0.2423617E+01  0.1626998E+01  0.9177856E+00  0.2883031E+00 -0.2684734E+00 -0.7589682E+00 -0.1189053E+01 -0.1564093E+01 -0.1888987E+01 -0.2168207E+01 -0.2405833E+01 -0.2605505E+01 -0.2757484E+01 -0.2227436E+01
 0.5400000E+01  0.9189954E+01  0.8319646E+01  0.6910239E+01  0.5626973E+01  0.4473785E+01  0.3439584E+01  0.2514082E+01  0.1687834E+01  0.9521810E+00  0.2991875E+00 -0.2784112E+00 -0.7872624E+00 -0.1233445E+01 -0.1622513E+01 -0.1959544E+01 -0.2249170E+01 -0.2495621E+01 -0.2702658E+01 -0.2859147E+01 -0.2310434E+01
 0.5600000E+01  0.9512409E+01  0.8613131E+01  0.7155861E+01  0.5827512E+01  0.4633589E+01  0.3562697E+01  0.2604237E+01  0.1748474E+01  0.9864742E+00  0.3100489E+00 -0.2883044E+00 -0.8154538E+00 -0.1277682E+01 -0.1680734E+01 -0.2029859E+01 -0.2329853E+01 -0.2585093E+01 -0.2799456E+01 -0.2960310E+01 -0.2393116E+01
 0.5800000E+01  0.9832940E+01  0.8905031E+01  0.7400374E+01  0.6027204E+01  0.4792756E+01  0.3685346E+01  0.2694070E+01  0.1808909E+01  0.1020661E+01  0.3208867E+00 -0.2981513E+00 -0.8435383E+00 -0.1321760E+01 -0.1738747E+01 -0.2099924E+01 -0.2410245E+01 -0.2674235E+01 -0.2895885E+01 -0.3060953E+01 -0.2475466E+01
 0.6000000E+01  0.1015148E+02  0.9195290E+01  0.7643739E+01  0.6226018E+01  0.4951265E+01  0.3807514E+01  0.2783571E+01  0.1869133E+01  0.1054739E+01  0.3317001E+00 -0.3079499E+00 -0.8715119E+00 -0.1365671E+01 -0.1796545E+01 -0.2169728E+01 -0.2490334E+01 -0.2763035E+01 -0.2991930E+01 -0.3161057E+01 -0.2557471E+01
 0.6200000E+01  0.1046797E+02  0.9483855E+01  0.7885920E+01  0.6423928E+01  0.5109093E+01  0.3929187E+01  0.2872727E+01  0.1929139E+01  0.1088703E+01  0.3424882E+00 -0.3176986E+00 -0.8993704E+00 -0.1409410E+01 -0.1854119E+01 -0.2239262E+01 -0.2570110E+01 -0.2851479E+01 -0.3087576E+01 -0.3260604E+01 -0.2639116E+01
 0.6400000E+01  0.1078234E+02  0.9770670E+01  0.8126881E+01  0.6620905E+01  0.5266220E+01  0.4050349E+01  0.2961528E+01  0.1988920E+01  0.1122549E+01  0.3532503E+00 -0.3273955E+00 -0.9271098E+00 -0.1452971E+01 -0.1911461E+01 -0.2308515E+01 -0.2649559E+01 -0.2939555E+01 -0.3182807E+01 -0.3359573E+01 -0.2720384E+01
 0.6600000E+01  0.1109454E+02  0.1005568E+02  0.8366584E+01  0.6816921E+01  0.5422623E+01  0.4170982E+01  0.3049963E+01  0.2048467E+01  0.1156275E+01  0.3639855E+00 -0.3370387E+00 -0.9547259E+00 -0.1496347E+01 -0.1968564E+01 -0.2377478E+01 -0.2728671E+01 -0.3027248E+01 -0.3277609E+01 -0.3457944E+01 -0.2801261E+01
 0.6800000E+01  0.1140449E+02  0.1033884E+02  0.8604995E+01  0.7011948E+01  0.5578282E+01  0.4291072E+01  0.3138020E+01  0.2107775E+01  0.1189876E+01  0.3746932E+00 -0.3466265E+00 -0.9822144E+00 -0.1539532E+01 -0.2025418E+01 -0.2446140E+01 -0.2807434E+01 -0.3114545E+01 -0.3371965E+01 -0.3555700E+01 -0.2881731E+01
 0.7000000E+01  0.1171215E+02  0.1062008E+02  0.8842078E+01  0.7205960E+01  0.5733176E+01  0.4410603E+01  0.3225688E+01  0.2166836E+01  0.1223348E+01  0.3853726E+00 -0.3561569E+00 -0.1009571E+01 -0.1582519E+01 -0.2082016E+01 -0.2514492E+01 -0.2885835E+01 -0.3201433E+01 -0.3465860E+01 -0.3652819E+01 -0.2961778E+01
 0.7200000E+01  0.1201744E+02  0.1089936E+02  0.9077796E+01  0.7398928E+01  0.5887283E+01  0.4529558E+01  0.3312957E+01  0.2225642E+01  0.1256689E+01  0.3960229E+00 -0.3656280E+00 -0.1036792E+01 -0.1625302E+01 -0.2138349E+01 -0.2582523E+01 -0.2963863E+01 -0.3287898E+01 -0.3559278E+01 -0.3749281E+01 -0.3041384E+01
 0.7400000E+01  0.1232031E+02  0.1117662E+02  0.9312114E+01  0.7590826E+01  0.6040582E+01  0.4647924E+01  0.3399815E+01  0.2284187E+01  0.1289893E+01  0.4066433E+00 -0.3750380E+00 -0.1063872E+01 -0.1667875E+01 -0.2194408E+01 -0.2650222E+01 -0.3041505E+01 -0.3373925E+01 -0.3652202E+01 -0.3845067E+01 -0.3120533E+01
 0.7600000E+01  0.1262070E+02  0.1145181E+02  0.9544999E+01  0.7781627E+01  0.6193054E+01  0.4765683E+01  0.3486250E+01  0.2342464E+01  0.1322957E+01  0.4172332E+00 -0.3843848E+00 -0.1090808E+01 -0.1710232E+01 -0.2250185E+01 -0.2717579E+01 -0.3118749E+01 -0.3459500E+01 -0.3744616E+01 -0.3940157E+01 -0.3199207E+01
 0.7800000E+01  0.1291855E+02  0.1172488E+02  0.9776414E+01  0.7971304E+01  0.6344676E+01  0.4882820E+01  0.3572253E+01  0.2400465E+01  0.1355878E+01  0.4277918E+00 -0.3936666E+00 -0.1117595E+01 -0.1752364E+01 -0.2305671E+01 -0.2784583E+01 -0.3195583E+01 -0.3544609E+01 -0.3836503E+01 -0.4034530E+01 -0.3277390E+01
 0.8000000E+01  0.1321380E+02  0.1199577E+02  0.1000633E+02  0.8159830E+01  0.6495429E+01  0.4999321E+01  0.3657812E+01  0.2458183E+01  0.1388652E+01  0.4383183E+00 -0.4028814E+00 -0.1144228E+01 -0.1794266E+01 -0.2360858E+01 -0.2851224E+01 -0.3271992E+01 -0.3629238E+01 -0.3927846E+01 -0.4128166E+01 -0.3355061E+01
 0.8200000E+01  0.1350640E+02  0.1226443E+02  0.1023470E+02  0.8347181E+01  0.6645293E+01  0.5115169E+01  0.3742916E+01  0.2515611E+01  0.1421275E+01  0.4488121E+00 -0.4120272E+00 -0.1170703E+01 -0.1835932E+01 -0.2415736E+01 -0.2917490E+01 -0.3347966E+01 -0.3713370E+01 -0.4018628E+01 -0.4221044E+01 -0.3432204E+01
 0.8400000E+01  0.1379628E+02  0.1253081E+02  0.1046150E+02  0.8533330E+01  0.6794247E+01  0.5230350E+01  0.3827554E+01  0.2572743E+01  0.1453743E+01  0.4592724E+00 -0.4211020E+00 -0.1197016E+01 -0.1877353E+01 -0.2470297E+01 -0.2983371E+01 -0.3423490E+01 -0.3796992E+01 -0.4108831E+01 -0.4313144E+01 -0.3508799E+01
 0.8600000E+01  0.1408339E+02  0.1279485E+02  0.1068670E+02  0.8718250E+01  0.6942270E+01  0.5344848E+01  0.3911715E+01  0.2629570E+01  0.1486052E+01  0.4696986E+00 -0.4301037E+00 -0.1223162E+01 -0.1918524E+01 -0.2524531E+01 -0.3048855E+01 -0.3498551E+01 -0.3880089E+01 -0.4198437E+01 -0.4404444E+01 -0.3584826E+01
 0.8800000E+01  0.1436767E+02  0.1305650E+02  0.1091026E+02  0.8901918E+01  0.7089344E+01  0.5458648E+01  0.3995388E+01  0.2686086E+01  0.1518200E+01  0.4800899E+00 -0.4390302E+00 -0.1249136E+01 -0.1959438E+01 -0.2578429E+01 -0.3113931E+01 -0.3573136E+01 -0.3962643E+01 -0.4287428E+01 -0.4494922E+01 -0.3660266E+01
 0.9000000E+01  0.1464907E+02  0.1331571E+02  0.1113215E+02  0.9084308E+01  0.7235449E+01  0.5571735E+01  0.4078564E+01  0.2742284E+01  0.1550182E+01  0.4904457E+00 -0.4478796E+00 -0.1274934E+01 -0.2000086E+01 -0.2631983E+01 -0.3178588E+01 -0.3647232E+01 -0.4044641E+01 -0.4375786E+01 -0.4584559E+01 -0.3735097E+01
 0.9200000E+01  0.1492753E+02  0.1357244E+02  0.1135233E+02  0.9265395E+01  0.7380564E+01  0.5684094E+01  0.4161230E+01  0.2798156E+01  0.1581994E+01  0.5007653E+00 -0.4566496E+00 -0.1300551E+01 -0.2040463E+01 -0.2685181E+01 -0.3242813E+01 -0.3720824E+01 -0.4126065E+01 -0.4463491E+01 -0.4673331E+01 -0.3809300E+01
 0.9400000E+01  0.1520299E+02  0.1382661E+02  0.1157078E+02  0.9445155E+01  0.7524670E+01  0.5795711E+01  0.4243376E+01  0.2853696E+01  0.1613633E+01  0.5110480E+00 -0.4653381E+00 -0.1325982E+01 -0.2080561E+01 -0.2738016E+01 -0.3306595E+01 -0.3793898E+01 -0.4206900E+01 -0.4550525E+01 -0.4761218E+01 -0.3882853E+01
 0.9600000E+01  0.1547542E+02  0.1407819E+02  0.1178746E+02  0.9623563E+01  0.7667749E+01  0.5906570E+01  0.4324991E+01  0.2908896E+01  0.1645095E+01  0.5212932E+00 -0.4739429E+00 -0.1351223E+01 -0.2120372E+01 -0.2790477E+01 -0.3369923E+01 -0.3866441E+01 -0.4287130E+01 -0.4636868E+01 -0.4848196E+01 -0.3955734E+01
 0.9800000E+01  0.1574474E+02  0.1432713E+02  0.1200234E+02  0.9800595E+01  0.7809782E+01  0.6016657E+01  0.4406065E+01  0.2963750E+01  0.1676377E+01  0.5315003E+00 -0.4824619E+00 -0.1376268E+01 -0.2159890E+01 -0.2842554E+01 -0.3432783E+01 -0.3938437E+01 -0.4366736E+01 -0.4722501E+01 -0.4934245E+01 -0.4027920E+01
 0.1000000E+02  0.1601091E+02  0.1457336E+02  0.1221538E+02  0.9976228E+01  0.7950748E+01  0.6125958E+01  0.4486587E+01  0.3018251E+01  0.1707474E+01  0.5416686E+00 -0.4908928E+00 -0.1401113E+01 -0.2199107E+01 -0.2894238E+01 -0.3495164E+01 -0.4009873E+01 -0.4445704E+01 -0.4807402E+01 -0.5019340E+01 -0.4099388E+01
 0.1020000E+02  0.1627387E+02  0.1481684E+02  0.1242656E+02  0.1015044E+02  0.8090630E+01  0.6234457E+01  0.4566547E+01  0.3072391E+01  0.1738383E+01  0.5517976E+00 -0.4992334E+00 -0.1425753E+01 -0.2238014E+01 -0.2945518E+01 -0.3557053E+01 -0.4080732E+01 -0.4524014E+01 -0.4891552E+01 -0.5103459E+01 -0.4170115E+01
 0.1040000E+02  0.1653358E+02  0.1505752E+02  0.1263584E+02  0.1032320E+02  0.8229409E+01  0.6342140E+01  0.4645933E+01  0.3126164E+01  0.1769100E+01  0.5618865E+00 -0.5074813E+00 -0.1450183E+01 -0.2276606E+01 -0.2996385E+01 -0.3618437E+01 -0.4151001E+01 -0.4601650E+01 -0.4974930E+01 -0.5186578E+01 -0.4240077E+01
 0.1060000E+02  0.1678999E+02  0.1529534E+02  0.1284320E+02  0.1049450E+02  0.8367067E+01  0.6448994E+01  0.4724735E+01  0.3179562E+01  0.1799622E+01  0.5719348E+00 -0.5156342E+00 -0.1474397E+01 -0.2314873E+01 -0.3046828E+01 -0.3679304E+01 -0.4220664E+01 -0.4678593E+01 -0.5057515E+01 -0.5268675E+01 -0.4309248E+01
 0.1080000E+02  0.1704303E+02  0.1553025E+02  0.1304860E+02  0.1066431E+02  0.8503586E+01  0.6555004E+01  0.4802944E+01  0.3232578E+01  0.1829945E+01  0.5819420E+00 -0.5236898E+00 -0.1498390E+01 -0.2352809E+01 -0.3096836E+01 -0.3739640E+01 -0.4289704E+01 -0.4754825E+01 -0.5139283E+01 -0.5349724E+01 -0.4377604E+01
 0.1100000E+02  0.1729267E+02  0.1576220E+02  0.1325201E+02  0.1083260E+02  0.8638948E+01  0.6660155E+01  0.4880548E+01  0.3285206E+01  0.1860065E+01  0.5919075E+00 -0.5316457E+00 -0.1522158E+01 -0.2390404E+01 -0.3146398E+01 -0.3799432E+01 -0.4358107E+01 -0.4830329E+01 -0.5220215E+01 -0.5429703E+01 -0.4445118E+01
 0.1120000E+02  0.1753885E+02  0.1599115E+02  0.1345340E+02  0.1099936E+02  0.8773134E+01  0.6764434E+01  0.4957537E+01  0.3337439E+01  0.1889979E+01  0.6018306E+00 -0.5394994E+00 -0.1545695E+01 -0.2427651E+01 -0.3195505E+01 -0.3858667E+01 -0.4425856E+01 -0.4905084E+01 -0.5300286E+01 -0.5508585E+01 -0.4511764E+01
 0.1140000E+02  0.1778153E+02  0.1621703E+02  0.1365274E+02  0.1116457E+02  0.8906129E+01  0.6867828E+01  0.5033900E+01  0.3389270E+01  0.1919682E+01  0.6117110E+00 -0.5472484E+00 -0.1568995E+01 -0.2464542E+01 -0.3244144E+01 -0.3917331E+01 -0.4492934E+01 -0.4979071E+01 -0.5379473E+01 -0.5586347E+01 -0.4577514E+01
 0.1160000E+02  0.1802065E+02  0.1643979E+02  0.1385000E+02  0.1132819E+02  0.9037913E+01  0.6970321E+01  0.5109628E+01  0.3440691E+01  0.1949172E+01  0.6215480E+00 -0.5548904E+00 -0.1592053E+01 -0.2501068E+01 -0.3292306E+01 -0.3975409E+01 -0.4559325E+01 -0.5052271E+01 -0.5457754E+01 -0.5662962E+01 -0.4642340E+01
 0.1180000E+02  0.1825617E+02  0.1665939E+02  0.1404514E+02  0.1149022E+02  0.9168471E+01  0.7071901E+01  0.5184710E+01  0.3491696E+01  0.1978444E+01  0.6313411E+00 -0.5624226E+00 -0.1614864E+01 -0.2537221E+01 -0.3339977E+01 -0.4032888E+01 -0.4625011E+01 -0.5124665E+01 -0.5535104E+01 -0.5738404E+01 -0.4706214E+01
 0.1200000E+02  0.1848804E+02  0.1687577E+02  0.1423815E+02  0.1165064E+02  0.9297786E+01  0.7172554E+01  0.5259137E+01  0.3542278E+01  0.2007495E+01  0.6410899E+00 -0.5698426E+00 -0.1637421E+01 -0.2572992E+01 -0.3387148E+01 -0.4089754E+01 -0.4689975E+01 -0.5196230E+01 -0.5611499E+01 -0.5812648E+01 -0.4769105E+01
 0.1220000E+02  0.1871622E+02  0.1708888E+02  0.1442898E+02  0.1180941E+02  0.9425840E+01  0.7272267E+01  0.5332897E+01  0.3592431E+01  0.2036322E+01  0.6507939E+00 -0.5771477E+00 -0.1659720E+01 -0.2608373E+01 -0.3433805E+01 -0.4145990E+01 -0.4754200E+01 -0.5266947E+01 -0.5686914E+01 -0.5885667E+01 -0.4830983E+01
 0.1240000E+02  0.1894066E+02  0.1729867E+02  0.1461761E+02  0.1196653E+02  0.9552619E+01  0.7371027E+01  0.5405981E+01  0.3642146E+01  0.2064920E+01  0.6604526E+00 -0.5843351E+00 -0.1681754E+01 -0.2643354E+01 -0.3479938E+01 -0.4201584E+01 -0.4817668E+01 -0.5336795E+01 -0.5761323E+01 -0.5957432E+01 -0.4891818E+01
 0.1260000E+02  0.1916131E+02  0.1750508E+02  0.1480401E+02  0.1212197E+02  0.9678104E+01  0.7468820E+01  0.5478378E+01  0.3691418E+01  0.2093286E+01  0.6700656E+00 -0.5914023E+00 -0.1703518E+01 -0.2677928E+01 -0.3525534E+01 -0.4256518E+01 -0.4880359E+01 -0.5405751E+01 -0.5834700E+01 -0.6027917E+01 -0.4951576E+01
 0.1280000E+02  0.1937814E+02  0.1770807E+02  0.1498814E+02  0.1227572E+02  0.9802282E+01  0.7565633E+01  0.5550080E+01  0.3740240E+01  0.2121416E+01  0.6796324E+00 -0.5983464E+00 -0.1725006E+01 -0.2712084E+01 -0.3570581E+01 -0.4310778E+01 -0.4942256E+01 -0.5473793E+01 -0.5907018E+01 -0.6097093E+01 -0.5010226E+01
 0.1300000E+02  0.1959108E+02  0.1790758E+02  0.1516998E+02  0.1242775E+02  0.9925137E+01  0.7661454E+01  0.5621075E+01  0.3788604E+01  0.2149307E+01  0.6891526E+00 -0.6051646E+00 -0.1746211E+01 -0.2745813E+01 -0.3615066E+01 -0.4364349E+01 -0.5003338E+01 -0.5540899E+01 -0.5978250E+01 -0.6164931E+01 -0.5067734E+01
 0.1320000E+02  0.1980011E+02  0.1810355E+02  0.1534950E+02  0.1257805E+02  0.1004665E+02  0.7756269E+01  0.5691354E+01  0.3836505E+01  0.2176956E+01  0.6986259E+00 -0.6118540E+00 -0.1767127E+01 -0.2779106E+01 -0.3658977E+01 -0.4417213E+01 -0.5063587E+01 -0.5607046E+01 -0.6048369E+01 -0.6231402E+01 -0.5124065E+01
 0.1340000E+02  0.2000517E+02  0.1829595E+02  0.1552666E+02  0.1272660E+02  0.1016681E+02  0.7850068E+01  0.5760908E+01  0.3883935E+01  0.2204357E+01  0.7080518E+00 -0.6184118E+00 -0.1787749E+01 -0.2811954E+01 -0.3702300E+01 -0.4469354E+01 -0.5122983E+01 -0.5672210E+01 -0.6117346E+01 -0.6296475E+01 -0.5179184E+01
 0.1360000E+02  0.2020623E+02  0.1848470E+02  0.1570143E+02  0.1287339E+02  0.1028561E+02  0.7942836E+01  0.5829727E+01  0.3930887E+01  0.2231509E+01  0.7174301E+00 -0.6248349E+00 -0.1808069E+01 -0.2844346E+01 -0.3745023E+01 -0.4520756E+01 -0.5181506E+01 -0.5736367E+01 -0.6185151E+01 -0.6360120E+01 -0.5233054E+01
 0.1380000E+02  0.2040324E+02  0.1866977E+02  0.1587378E+02  0.1301839E+02  0.1040302E+02  0.8034561E+01  0.5897800E+01  0.3977355E+01  0.2258407E+01  0.7267603E+00 -0.6311204E+00 -0.1828082E+01 -0.2876272E+01 -0.3787131E+01 -0.4571401E+01 -0.5239133E+01 -0.5799493E+01 -0.6251756E+01 -0.6422305E+01 -0.5285638E+01
 0.1400000E+02  0.2059616E+02  0.1885110E+02  0.1604368E+02  0.1316160E+02  0.1051903E+02  0.8125233E+01  0.5965119E+01  0.4023332E+01  0.2285048E+01  0.7360422E+00 -0.6372651E+00 -0.1847781E+01 -0.2907723E+01 -0.3828612E+01 -0.4621273E+01 -0.5295845E+01 -0.5861562E+01 -0.6317129E+01 -0.6482999E+01 -0.5336896E+01
 0.1420000E+02  0.2078494E+02  0.1902863E+02  0.1621109E+02  0.1330299E+02  0.1063364E+02  0.8214839E+01  0.6031674E+01  0.4068812E+01  0.2311428E+01  0.7452755E+00 -0.6432660E+00 -0.1867159E+01 -0.2938689E+01 -0.3869450E+01 -0.4670353E+01 -0.5351620E+01 -0.5922548E+01 -0.6381240E+01 -0.6542168E+01 -0.5386791E+01
 0.1440000E+02  0.2096955E+02  0.1920231E+02  0.1637599E+02  0.1344254E+02  0.1074682E+02  0.8303367E+01  0.6097455E+01  0.4113788E+01  0.2337544E+01  0.7544599E+00 -0.6491198E+00 -0.1886210E+01 -0.2969158E+01 -0.3909633E+01 -0.4718623E+01 -0.5406436E+01 -0.5982426E+01 -0.6444057E+01 -0.6599780E+01 -0.5435281E+01
 0.1460000E+02  0.2114995E+02  0.1937210E+02  0.1653834E+02  0.1358026E+02  0.1085857E+02  0.8390806E+01  0.6162454E+01  0.4158252E+01  0.2363391E+01  0.7635952E+00 -0.6548233E+00 -0.1904926E+01 -0.2999120E+01 -0.3949145E+01 -0.4766065E+01 -0.5460269E+01 -0.6041167E+01 -0.6505547E+01 -0.6655799E+01 -0.5482324E+01
 0.1480000E+02  0.2132609E+02  0.1953793E+02  0.1669810E+02  0.1371611E+02  0.1096886E+02  0.8477144E+01  0.6226661E+01  0.4202200E+01  0.2388967E+01  0.7726812E+00 -0.6603732E+00 -0.1923300E+01 -0.3028564E+01 -0.3987971E+01 -0.4812660E+01 -0.5513098E+01 -0.6098746E+01 -0.6565677E+01 -0.6710190E+01 -0.5527877E+01
 0.1500000E+02  0.2149793E+02  0.1969975E+02  0.1685524E+02  0.1385009E+02  0.1107770E+02  0.8562372E+01  0.6290067E+01  0.4245624E+01  0.2414269E+01  0.7817176E+00 -0.6657661E+00 -0.1941326E+01 -0.3057480E+01 -0.4026097E+01 -0.4858388E+01 -0.5564897E+01 -0.6155132E+01 -0.6624412E+01 -0.6762919E+01 -0.5571897E+01
 0.1520000E+02  0.2166543E+02  0.1985752E+02  0.1700973E+02  0.1398218E+02  0.1118506E+02  0.8646477E+01  0.6352663E+01  0.4288517E+01  0.2439291E+01  0.7907043E+00 -0.6709985E+00 -0.1958996E+01 -0.3085856E+01 -0.4063507E+01 -0.4903230E+01 -0.5615644E+01 -0.6210299E+01 -0.6681719E+01 -0.6813947E+01 -0.5614338E+01
 0.1540000E+02  0.2182856E+02  0.2001117E+02  0.1716152E+02  0.1411236E+02  0.1129094E+02  0.8729450E+01  0.6414441E+01  0.4330873E+01  0.2464032E+01  0.7996411E+00 -0.6760670E+00 -0.1976303E+01 -0.3113680E+01 -0.4100185E+01 -0.4947166E+01 -0.5665314E+01 -0.6264215E+01 -0.6737560E+01 -0.6863238E+01 -0.5655153E+01
 0.1560000E+02  0.2198727E+02  0.2016066E+02  0.1731057E+02  0.1424064E+02  0.1139533E+02  0.8811279E+01  0.6475390E+01  0.4372687E+01  0.2488487E+01  0.8085280E+00 -0.6809680E+00 -0.1993239E+01 -0.3140941E+01 -0.4136116E+01 -0.4990175E+01 -0.5713881E+01 -0.6316851E+01 -0.6791900E+01 -0.6910752E+01 -0.5694295E+01
 0.1580000E+02  0.2214153E+02  0.2030592E+02  0.1745686E+02  0.1436698E+02  0.1149821E+02  0.8891956E+01  0.6535504E+01  0.4413950E+01  0.2512653E+01  0.8173648E+00 -0.6856977E+00 -0.2009797E+01 -0.3167626E+01 -0.4171282E+01 -0.5032236E+01 -0.5761319E+01 -0.6368175E+01 -0.6844701E+01 -0.6956450E+01 -0.5731714E+01
 0.1600000E+02  0.2229129E+02  0.2044692E+02  0.1760033E+02  0.1449139E+02  0.1159958E+02  0.8971471E+01  0.6594773E+01  0.4454658E+01  0.2536527E+01  0.8261515E+00 -0.6902526E+00 -0.2025968E+01 -0.3193725E+01 -0.4205668E+01 -0.5073328E+01 -0.5807603E+01 -0.6418157E+01 -0.6895924E+01 -0.7000291E+01 -0.5767360E+01
 0.1620000E+02  0.2243652E+02  0.2058359E+02  0.1774095E+02  0.1461385E+02  0.1169943E+02  0.9049813E+01  0.6653188E+01  0.4494803E+01  0.2560104E+01  0.8348881E+00 -0.6946288E+00 -0.2041745E+01 -0.3219224E+01 -0.4239256E+01 -0.5113429E+01 -0.5852704E+01 -0.6466762E+01 -0.6945531E+01 -0.7042234E+01 -0.5801180E+01
 0.1640000E+02  0.2257718E+02  0.2071589E+02  0.1787867E+02  0.1473435E+02  0.1179774E+02  0.9126975E+01  0.6710742E+01  0.4534380E+01  0.2583383E+01  0.8435745E+00 -0.6988224E+00 -0.2057119E+01 -0.3244110E+01 -0.4272028E+01 -0.5152516E+01 -0.5896596E+01 -0.6513959E+01 -0.6993480E+01 -0.7082236E+01 -0.5833120E+01
 0.1660000E+02  0.2271322E+02  0.2084375E+02  0.1801345E+02  0.1485287E+02  0.1189452E+02  0.9202947E+01  0.6767427E+01  0.4573382E+01  0.2606359E+01  0.8522107E+00 -0.7028294E+00 -0.2072084E+01 -0.3268372E+01 -0.4303967E+01 -0.5190567E+01 -0.5939249E+01 -0.6559712E+01 -0.7039731E+01 -0.7120252E+01 -0.5863127E+01
 0.1680000E+02  0.2284462E+02  0.2096714E+02  0.1814524E+02  0.1496941E+02  0.1198974E+02  0.9277720E+01  0.6823235E+01  0.4611803E+01  0.2629028E+01  0.8607970E+00 -0.7066459E+00 -0.2086629E+01 -0.3291994E+01 -0.4335056E+01 -0.5227557E+01 -0.5980636E+01 -0.6603987E+01 -0.7084240E+01 -0.7156238E+01 -0.5891142E+01
 0.1700000E+02  0.2297133E+02  0.2108599E+02  0.1827399E+02  0.1508396E+02  0.1208342E+02  0.9351288E+01  0.6878157E+01  0.4649637E+01  0.2651389E+01  0.8693332E+00 -0.7102677E+00 -0.2100746E+01 -0.3314966E+01 -0.4365274E+01 -0.5263463E+01 -0.6020725E+01 -0.6646748E+01 -0.7126965E+01 -0.7190147E+01 -0.5917107E+01
 0.1720000E+02  0.2309331E+02  0.2120026E+02  0.1839965E+02  0.1519650E+02  0.1217553E+02  0.9423642E+01  0.6932187E+01  0.4686879E+01  0.2673436E+01  0.8778197E+00 -0.7136906E+00 -0.2114427E+01 -0.3337271E+01 -0.4394603E+01 -0.5298261E+01 -0.6059488E+01 -0.6687957E+01 -0.7167860E+01 -0.7221932E+01 -0.5940962E+01
 0.1740000E+02  0.2321053E+02  0.2130989E+02  0.1852216E+02  0.1530703E+02  0.1226609E+02  0.9494775E+01  0.6985317E+01  0.4723522E+01  0.2695168E+01  0.8862565E+00 -0.7169104E+00 -0.2127663E+01 -0.3358897E+01 -0.4423025E+01 -0.5331924E+01 -0.6096892E+01 -0.6727577E+01 -0.7206881E+01 -0.7251544E+01 -0.5962646E+01
 0.1760000E+02  0.2332295E+02  0.2141484E+02  0.1864148E+02  0.1541554E+02  0.1235507E+02  0.9564680E+01  0.7037540E+01  0.4759560E+01  0.2716580E+01  0.8946439E+00 -0.7199226E+00 -0.2140444E+01 -0.3379830E+01 -0.4450518E+01 -0.5364428E+01 -0.6132905E+01 -0.6765570E+01 -0.7243980E+01 -0.7278932E+01 -0.5982093E+01
 0.1780000E+02  0.2343053E+02  0.2151506E+02  0.1875754E+02  0.1552202E+02  0.1244248E+02  0.9633352E+01  0.7088850E+01  0.4794989E+01  0.2737670E+01  0.9029820E+00 -0.7227228E+00 -0.2152762E+01 -0.3400054E+01 -0.4477062E+01 -0.5395746E+01 -0.6167496E+01 -0.6801894E+01 -0.7279109E+01 -0.7304044E+01 -0.5999240E+01
 0.1800000E+02  0.2353322E+02  0.2161049E+02  0.1887028E+02  0.1562645E+02  0.1252831E+02  0.9700785E+01  0.7139238E+01  0.4829801E+01  0.2758434E+01  0.9112713E+00 -0.7253063E+00 -0.2164606E+01 -0.3419555E+01 -0.4502638E+01 -0.5425851E+01 -0.6200629E+01 -0.6836510E+01 -0.7312219E+01 -0.7326828E+01 -0.6014017E+01
 0.1820000E+02  0.2363101E+02  0.2170109E+02  0.1897964E+02  0.1572884E+02  0.1261257E+02  0.9766973E+01  0.7188700E+01  0.4863992E+01  0.2778869E+01  0.9195121E+00 -0.7276687E+00 -0.2175968E+01 -0.3438317E+01 -0.4527223E+01 -0.5454716E+01 -0.6232271E+01 -0.6869375E+01 -0.7343258E+01 -0.7347229E+01 -0.6026356E+01
 0.1840000E+02  0.2372383E+02  0.2178682E+02  0.1908556E+02  0.1582916E+02  0.1269525E+02  0.9831912E+01  0.7237228E+01  0.4897556E+01  0.2798972E+01  0.9277046E+00 -0.7298050E+00 -0.2186837E+01 -0.3456326E+01 -0.4550797E+01 -0.5482311E+01 -0.6262387E+01 -0.6900447E+01 -0.7372176E+01 -0.7365190E+01 -0.6036184E+01
 0.1860000E+02  0.2381166E+02  0.2186762E+02  0.1918795E+02  0.1592741E+02  0.1277635E+02  0.9895599E+01  0.7284818E+01  0.4930488E+01  0.2818740E+01  0.9358494E+00 -0.7317105E+00 -0.2197204E+01 -0.3473565E+01 -0.4573336E+01 -0.5508609E+01 -0.6290939E+01 -0.6929681E+01 -0.7398918E+01 -0.7380654E+01 -0.6043428E+01
 0.1880000E+02  0.2389446E+02  0.2194345E+02  0.1928676E+02  0.1602358E+02  0.1285588E+02  0.9958029E+01  0.7331464E+01  0.4962783E+01  0.2838170E+01  0.9439468E+00 -0.7333801E+00 -0.2207057E+01 -0.3490018E+01 -0.4594818E+01 -0.5533579E+01 -0.6317892E+01 -0.6957031E+01 -0.7423430E+01 -0.7393560E+01 -0.6048011E+01
 0.1900000E+02  0.2397219E+02  0.2201427E+02  0.1938189E+02  0.1611766E+02  0.1293383E+02  0.1001920E+02  0.7377160E+01  0.4994435E+01  0.2857259E+01  0.9519975E+00 -0.7348089E+00 -0.2216387E+01 -0.3505668E+01 -0.4615220E+01 -0.5557191E+01 -0.6343206E+01 -0.6982451E+01 -0.7445656E+01 -0.7403848E+01 -0.6049854E+01
 0.1920000E+02  0.2404481E+02  0.2208004E+02  0.1947329E+02  0.1620963E+02  0.1301021E+02  0.1007911E+02  0.7421902E+01  0.5025441E+01  0.2876004E+01  0.9600020E+00 -0.7359915E+00 -0.2225183E+01 -0.3520499E+01 -0.4634518E+01 -0.5579414E+01 -0.6366843E+01 -0.7005894E+01 -0.7465537E+01 -0.7411454E+01 -0.6048878E+01
 0.1940000E+02  0.2411227E+02  0.2214071E+02  0.1956085E+02  0.1629949E+02  0.1308503E+02  0.1013777E+02  0.7465686E+01  0.5055794E+01  0.2894403E+01  0.9679609E+00 -0.7369229E+00 -0.2233434E+01 -0.3534493E+01 -0.4652688E+01 -0.5600215E+01 -0.6388763E+01 -0.7027309E+01 -0.7483015E+01 -0.7416313E+01 -0.6044998E+01
 0.1960000E+02  0.2417455E+02  0.2219625E+02  0.1964450E+02  0.1638722E+02  0.1315829E+02  0.1019516E+02  0.7508508E+01  0.5085492E+01  0.2912452E+01  0.9758748E+00 -0.7375974E+00 -0.2241129E+01 -0.3547632E+01 -0.4669704E+01 -0.5619563E+01 -0.6408924E+01 -0.7046647E+01 -0.7498029E+01 -0.7418357E+01 -0.6038129E+01
 0.1980000E+02  0.2423160E+02  0.2224662E+02  0.1972414E+02  0.1647280E+02  0.1323000E+02  0.1025129E+02  0.7550365E+01  0.5114528E+01  0.2930149E+01  0.9837446E+00 -0.7380097E+00 -0.2248256E+01 -0.3559899E+01 -0.4685542E+01 -0.5637424E+01 -0.6427284E+01 -0.7063855E+01 -0.7510515E+01 -0.7417519E+01 -0.6028182E+01
 0.2000000E+02  0.2428337E+02  0.2229178E+02  0.1979968E+02  0.1655621E+02  0.1330017E+02  0.1030617E+02  0.7591252E+01  0.5142900E+01  0.2947491E+01  0.9915710E+00 -0.7381541E+00 -0.2254805E+01 -0.3571276E+01 -0.4700176E+01 -0.5653762E+01 -0.6443801E+01 -0.7078880E+01 -0.7520411E+01 -0.7413726E+01 -0.6015066E+01
 0.2020000E+02  0.2432984E+02  0.2233170E+02  0.1987102E+02  0.1663745E+02  0.1336881E+02  0.1035979E+02  0.7631170E+01  0.5170604E+01  0.2964475E+01  0.9993548E+00 -0.7380249E+00 -0.2260762E+01 -0.3581742E+01 -0.4713577E+01 -0.5668544E+01 -0.6458428E+01 -0.7091668E+01 -0.7527649E+01 -0.7406905E+01 -0.5998686E+01
 0.2040000E+02  0.2437095E+02  0.2236636E+02  0.1993807E+02  0.1671648E+02  0.1343593E+02  0.1041216E+02  0.7670114E+01  0.5197635E+01  0.2981100E+01  0.1007097E+01 -0.7376162E+00 -0.2266117E+01 -0.3591280E+01 -0.4725720E+01 -0.5681732E+01 -0.6471122E+01 -0.7102162E+01 -0.7532162E+01 -0.7396981E+01 -0.5978946E+01
 0.2060000E+02  0.2440667E+02  0.2239571E+02  0.2000071E+02  0.1679328E+02  0.1350155E+02  0.1046329E+02  0.7708086E+01  0.5223991E+01  0.2997363E+01  0.1014799E+01 -0.7369219E+00 -0.2270856E+01 -0.3599868E+01 -0.4736577E+01 -0.5693290E+01 -0.6481834E+01 -0.7110304E+01 -0.7533881E+01 -0.7383876E+01 -0.5955745E+01
 0.2080000E+02  0.2443696E+02  0.2241973E+02  0.2005884E+02  0.1686783E+02  0.1356567E+02  0.1051318E+02  0.7745083E+01  0.5249669E+01  0.3013262E+01  0.1022461E+01 -0.7359361E+00 -0.2274968E+01 -0.3607488E+01 -0.4746118E+01 -0.5703179E+01 -0.6490517E+01 -0.7116036E+01 -0.7532733E+01 -0.7367509E+01 -0.5928981E+01
 0.2100000E+02  0.2446176E+02  0.2243840E+02  0.2011234E+02  0.1694009E+02  0.1362833E+02  0.1056185E+02  0.7781108E+01  0.5274665E+01  0.3028794E+01  0.1030084E+01 -0.7346524E+00 -0.2278438E+01 -0.3614118E+01 -0.4754314E+01 -0.5711362E+01 -0.6497121E+01 -0.7119294E+01 -0.7528646E+01 -0.7347797E+01 -0.5898546E+01
 0.2120000E+02  0.2448105E+02  0.2245169E+02  0.2016111E+02  0.1701002E+02  0.1368953E+02  0.1060930E+02  0.7816160E+01  0.5298978E+01  0.3043958E+01  0.1037671E+01 -0.7330645E+00 -0.2281256E+01 -0.3619738E+01 -0.4761135E+01 -0.5717797E+01 -0.6501596E+01 -0.7120018E+01 -0.7521543E+01 -0.7324657E+01 -0.5864331E+01
 0.2140000E+02  0.2449477E+02  0.2245959E+02  0.2020502E+02  0.1707759E+02  0.1374931E+02  0.1065555E+02  0.7850242E+01  0.5322605E+01  0.3058751E+01  0.1045221E+01 -0.7311658E+00 -0.2283406E+01 -0.3624326E+01 -0.4766551E+01 -0.5722444E+01 -0.6503890E+01 -0.7118143E+01 -0.7511348E+01 -0.7297999E+01 -0.5826224E+01
 0.2160000E+02  0.2450288E+02  0.2246207E+02  0.2024396E+02  0.1714274E+02  0.1380768E+02  0.1070061E+02  0.7883357E+01  0.5345545E+01  0.3073173E+01  0.1052737E+01 -0.7289498E+00 -0.2284875E+01 -0.3627860E+01 -0.4770530E+01 -0.5725261E+01 -0.6503948E+01 -0.7113602E+01 -0.7497980E+01 -0.7267732E+01 -0.5784106E+01
 0.2180000E+02  0.2450535E+02  0.2245912E+02  0.2027780E+02  0.1720543E+02  0.1386466E+02  0.1074449E+02  0.7915510E+01  0.5367796E+01  0.3087222E+01  0.1060219E+01 -0.7264096E+00 -0.2285650E+01 -0.3630318E+01 -0.4773040E+01 -0.5726205E+01 -0.6501717E+01 -0.7106326E+01 -0.7481357E+01 -0.7233764E+01 -0.5737858E+01
 0.2200000E+02  0.2450211E+02  0.2245073E+02  0.2030642E+02  0.1726559E+02  0.1392029E+02  0.1078723E+02  0.7946705E+01  0.5389359E+01  0.3100896E+01  0.1067671E+01 -0.7235384E+00 -0.2285717E+01 -0.3631676E+01 -0.4774048E+01 -0.5725232E+01 -0.6497140E+01 -0.7096247E+01 -0.7461395E+01 -0.7195998E+01 -0.5687356E+01
 0.2220000E+02  0.2449313E+02  0.2243688E+02  0.2032971E+02  0.1732316E+02  0.1397459E+02  0.1082883E+02  0.7976949E+01  0.5410232E+01  0.3114194E+01  0.1075092E+01 -0.7203290E+00 -0.2285060E+01 -0.3631912E+01 -0.4773520E+01 -0.5722297E+01 -0.6490159E+01 -0.7083293E+01 -0.7438008E+01 -0.7154335E+01 -0.5632471E+01
 0.2240000E+02  0.2447837E+02  0.2241756E+02  0.2034753E+02  0.1737805E+02  0.1402760E+02  0.1086932E+02  0.8006251E+01  0.5430417E+01  0.3127116E+01  0.1082485E+01 -0.7167744E+00 -0.2283665E+01 -0.3631001E+01 -0.4771422E+01 -0.5717352E+01 -0.6480715E+01 -0.7067388E+01 -0.7411107E+01 -0.7108672E+01 -0.5573073E+01
 0.2260000E+02  0.2445777E+02  0.2239278E+02  0.2035976E+02  0.1743018E+02  0.1407934E+02  0.1090873E+02  0.8034618E+01  0.5449914E+01  0.3139661E+01  0.1089851E+01 -0.7128672E+00 -0.2281517E+01 -0.3628919E+01 -0.4767717E+01 -0.5710352E+01 -0.6468747E+01 -0.7048458E+01 -0.7380599E+01 -0.7058904E+01 -0.5509023E+01
 0.2280000E+02  0.2443128E+02  0.2236251E+02  0.2036629E+02  0.1747945E+02  0.1412985E+02  0.1094709E+02  0.8062064E+01  0.5468726E+01  0.3151827E+01  0.1097194E+01 -0.7085998E+00 -0.2278601E+01 -0.3625641E+01 -0.4762371E+01 -0.5701246E+01 -0.6454192E+01 -0.7026424E+01 -0.7346391E+01 -0.7004922E+01 -0.5440182E+01
 0.2300000E+02  0.2439887E+02  0.2232677E+02  0.2036699E+02  0.1752576E+02  0.1417916E+02  0.1098443E+02  0.8088599E+01  0.5486854E+01  0.3163616E+01  0.1104514E+01 -0.7039648E+00 -0.2274902E+01 -0.3621141E+01 -0.4755346E+01 -0.5689985E+01 -0.6436986E+01 -0.7001207E+01 -0.7308387E+01 -0.6946614E+01 -0.5366406E+01
 0.2320000E+02  0.2436048E+02  0.2228555E+02  0.2036176E+02  0.1756897E+02  0.1422730E+02  0.1102079E+02  0.8114238E+01  0.5504301E+01  0.3175027E+01  0.1111814E+01 -0.6989543E+00 -0.2270403E+01 -0.3615393E+01 -0.4746604E+01 -0.5676518E+01 -0.6417063E+01 -0.6972723E+01 -0.7266488E+01 -0.6883864E+01 -0.5287544E+01
 0.2340000E+02  0.2431607E+02  0.2223885E+02  0.2035048E+02  0.1760895E+02  0.1427432E+02  0.1105622E+02  0.8139000E+01  0.5521073E+01  0.3186061E+01  0.1119096E+01 -0.6935605E+00 -0.2265088E+01 -0.3608372E+01 -0.4736106E+01 -0.5660793E+01 -0.6394356E+01 -0.6940889E+01 -0.7220590E+01 -0.6816553E+01 -0.5203443E+01
 0.2360000E+02  0.2426558E+02  0.2218667E+02  0.2033304E+02  0.1764556E+02  0.1432025E+02  0.1109075E+02  0.8162901E+01  0.5537174E+01  0.3196719E+01  0.1126363E+01 -0.6877752E+00 -0.2258940E+01 -0.3600049E+01 -0.4723814E+01 -0.5642755E+01 -0.6368796E+01 -0.6905617E+01 -0.7170590E+01 -0.6744558E+01 -0.5113944E+01
 0.2380000E+02  0.2420897E+02  0.2212901E+02  0.2030936E+02  0.1767862E+02  0.1436511E+02  0.1112443E+02  0.8185964E+01  0.5552609E+01  0.3207001E+01  0.1133618E+01 -0.6815903E+00 -0.2251944E+01 -0.3590397E+01 -0.4709685E+01 -0.5622350E+01 -0.6340311E+01 -0.6866818E+01 -0.7116380E+01 -0.6667752E+01 -0.5018883E+01
 0.2400000E+02  0.2414618E+02  0.2206589E+02  0.2027935E+02  0.1770794E+02  0.1440894E+02  0.1115733E+02  0.8208212E+01  0.5567387E+01  0.3216910E+01  0.1140862E+01 -0.6749975E+00 -0.2244081E+01 -0.3579388E+01 -0.4693680E+01 -0.5599522E+01 -0.6308828E+01 -0.6824401E+01 -0.7057849E+01 -0.6586006E+01 -0.4918091E+01
 0.2420000E+02  0.2407718E+02  0.2199730E+02  0.2024292E+02  0.1773334E+02  0.1445178E+02  0.1118950E+02  0.8229674E+01  0.5581515E+01  0.3226447E+01  0.1148100E+01 -0.6679883E+00 -0.2235335E+01 -0.3566993E+01 -0.4675754E+01 -0.5574212E+01 -0.6274272E+01 -0.6778271E+01 -0.6994884E+01 -0.6499184E+01 -0.4811394E+01
 0.2440000E+02  0.2400190E+02  0.2192325E+02  0.2020001E+02  0.1775459E+02  0.1449363E+02  0.1122100E+02  0.8250378E+01  0.5595004E+01  0.3235615E+01  0.1155334E+01 -0.6605541E+00 -0.2225688E+01 -0.3553182E+01 -0.4655867E+01 -0.5546361E+01 -0.6236567E+01 -0.6728332E+01 -0.6927368E+01 -0.6407149E+01 -0.4698614E+01
 0.2460000E+02  0.2392030E+02  0.2184374E+02  0.2015056E+02  0.1777146E+02  0.1453453E+02  0.1125192E+02  0.8270359E+01  0.5607863E+01  0.3244417E+01  0.1162567E+01 -0.6526860E+00 -0.2215122E+01 -0.3537926E+01 -0.4633972E+01 -0.5515909E+01 -0.6195634E+01 -0.6674485E+01 -0.6855181E+01 -0.6309757E+01 -0.4579564E+01
 0.2480000E+02  0.2383233E+02  0.2175879E+02  0.2009452E+02  0.1778370E+02  0.1457448E+02  0.1128232E+02  0.8289655E+01  0.5620107E+01  0.3252857E+01  0.1169803E+01 -0.6443753E+00 -0.2203619E+01 -0.3521195E+01 -0.4610025E+01 -0.5482795E+01 -0.6151392E+01 -0.6616628E+01 -0.6778200E+01 -0.6206862E+01 -0.4454055E+01
 0.2500000E+02  0.2373793E+02  0.2166839E+02  0.2003188E+02  0.1779104E+02  0.1461348E+02  0.1131230E+02  0.8308307E+01  0.5631750E+01  0.3260939E+01  0.1177046E+01 -0.6356128E+00 -0.2191160E+01 -0.3502957E+01 -0.4583980E+01 -0.5446954E+01 -0.6103759E+01 -0.6554657E+01 -0.6696299E+01 -0.6098313E+01 -0.4321890E+01
 0.2520000E+02  0.2363707E+02  0.2157256E+02  0.1996261E+02  0.1779320E+02  0.1465152E+02  0.1134195E+02  0.8326362E+01  0.5642807E+01  0.3268667E+01  0.1184300E+01 -0.6263894E+00 -0.2177726E+01 -0.3483180E+01 -0.4555790E+01 -0.5408322E+01 -0.6052649E+01 -0.6488464E+01 -0.6609348E+01 -0.5983953E+01 -0.4182868E+01
 0.2540000E+02  0.2352968E+02  0.2147129E+02  0.1988671E+02  0.1778988E+02  0.1468856E+02  0.1137137E+02  0.8343873E+01  0.5653298E+01  0.3276047E+01  0.1191568E+01 -0.6166957E+00 -0.2163299E+01 -0.3461833E+01 -0.4525406E+01 -0.5366833E+01 -0.5997977E+01 -0.6417940E+01 -0.6517214E+01 -0.5863623E+01 -0.4036779E+01
 0.2560000E+02  0.2341572E+02  0.2136459E+02  0.1980420E+02  0.1778076E+02  0.1472458E+02  0.1140066E+02  0.8360896E+01  0.5663242E+01  0.3283087E+01  0.1198855E+01 -0.6065223E+00 -0.2147860E+01 -0.3438883E+01 -0.4492780E+01 -0.5322418E+01 -0.5939652E+01 -0.6342973E+01 -0.6419760E+01 -0.5737157E+01 -0.3883409E+01
 0.2580000E+02  0.2329514E+02  0.2125246E+02  0.1971512E+02  0.1776554E+02  0.1475949E+02  0.1142994E+02  0.8377496E+01  0.5672663E+01  0.3289792E+01  0.1206165E+01 -0.5958598E+00 -0.2131387E+01 -0.3414296E+01 -0.4457862E+01 -0.5275009E+01 -0.5877585E+01 -0.6263446E+01 -0.6316846E+01 -0.5604386E+01 -0.3722537E+01
 0.2600000E+02  0.2316790E+02  0.2113490E+02  0.1961950E+02  0.1774389E+02  0.1479320E+02  0.1145935E+02  0.8393743E+01  0.5681587E+01  0.3296171E+01  0.1213504E+01 -0.5846982E+00 -0.2113863E+01 -0.3388039E+01 -0.4420600E+01 -0.5224535E+01 -0.5811682E+01 -0.6179242E+01 -0.6208329E+01 -0.5465134E+01 -0.3553937E+01
 0.2620000E+02  0.2303393E+02  0.2101191E+02  0.1951741E+02  0.1771548E+02  0.1482559E+02  0.1148900E+02  0.8409715E+01  0.5690043E+01  0.3302234E+01  0.1220877E+01 -0.5730279E+00 -0.2095267E+01 -0.3360077E+01 -0.4380944E+01 -0.5170924E+01 -0.5741848E+01 -0.6090240E+01 -0.6094060E+01 -0.5319224E+01 -0.3377373E+01
 0.2640000E+02  0.2289321E+02  0.2088349E+02  0.1940893E+02  0.1768000E+02  0.1485649E+02  0.1151905E+02  0.8425500E+01  0.5698062E+01  0.3307990E+01  0.1228289E+01 -0.5608390E+00 -0.2075578E+01 -0.3330376E+01 -0.4338839E+01 -0.5114101E+01 -0.5667985E+01 -0.5996316E+01 -0.5973890E+01 -0.5166469E+01 -0.3192606E+01
 0.2660000E+02  0.2274567E+02  0.2074963E+02  0.1929415E+02  0.1763712E+02  0.1488570E+02  0.1154965E+02  0.8441194E+01  0.5705680E+01  0.3313451E+01  0.1235746E+01 -0.5481213E+00 -0.2054776E+01 -0.3298901E+01 -0.4294233E+01 -0.5053991E+01 -0.5589993E+01 -0.5897342E+01 -0.5847662E+01 -0.5006680E+01 -0.2999387E+01
 0.2680000E+02  0.2259129E+02  0.2061032E+02  0.1917316E+02  0.1758656E+02  0.1491299E+02  0.1158094E+02  0.8456902E+01  0.5712937E+01  0.3318630E+01  0.1243254E+01 -0.5348649E+00 -0.2032841E+01 -0.3265615E+01 -0.4247071E+01 -0.4990519E+01 -0.5507771E+01 -0.5793188E+01 -0.5715218E+01 -0.4839663E+01 -0.2797462E+01
 0.2700000E+02  0.2243001E+02  0.2046556E+02  0.1904608E+02  0.1752803E+02  0.1493803E+02  0.1161308E+02  0.8472744E+01  0.5719877E+01  0.3323541E+01  0.1250819E+01 -0.5210594E+00 -0.2009752E+01 -0.3230481E+01 -0.4197296E+01 -0.4923605E+01 -0.5421215E+01 -0.5683723E+01 -0.5576395E+01 -0.4665216E+01 -0.2586569E+01
 0.2720000E+02  0.2226179E+02  0.2031535E+02  0.1891304E+02  0.1746129E+02  0.1496049E+02  0.1164625E+02  0.8488849E+01  0.5726549E+01  0.3328200E+01  0.1258450E+01 -0.5066945E+00 -0.1985487E+01 -0.3193465E+01 -0.4144853E+01 -0.4853169E+01 -0.5330217E+01 -0.5568809E+01 -0.5431027E+01 -0.4483134E+01 -0.2366438E+01
 0.2740000E+02  0.2208659E+02  0.2015965E+02  0.1877416E+02  0.1738613E+02  0.1497995E+02  0.1168061E+02  0.8505361E+01  0.5733006E+01  0.3332624E+01  0.1266152E+01 -0.4917600E+00 -0.1960026E+01 -0.3154527E+01 -0.4089683E+01 -0.4779130E+01 -0.5234671E+01 -0.5448307E+01 -0.5278943E+01 -0.4293205E+01 -0.2136794E+01
 0.2760000E+02  0.2190437E+02  0.1999847E+02  0.1862956E+02  0.1730237E+02  0.1499592E+02  0.1171632E+02  0.8522441E+01  0.5739310E+01  0.3336833E+01  0.1273934E+01 -0.4762453E+00 -0.1933348E+01 -0.3113632E+01 -0.4031729E+01 -0.4701405E+01 -0.5134464E+01 -0.5322077E+01 -0.5119969E+01 -0.4095214E+01 -0.1897351E+01
 0.2780000E+02  0.2171510E+02  0.1983179E+02  0.1847939E+02  0.1720991E+02  0.1500786E+02  0.1175353E+02  0.8540265E+01  0.5745527E+01  0.3340848E+01  0.1281805E+01 -0.4601399E+00 -0.1905431E+01 -0.3070739E+01 -0.3970931E+01 -0.4619911E+01 -0.5029484E+01 -0.5189971E+01 -0.4953926E+01 -0.3888938E+01 -0.1647818E+01
 0.2800000E+02  0.2151875E+02  0.1965959E+02  0.1832378E+02  0.1710867E+02  0.1501516E+02  0.1179239E+02  0.8559028E+01  0.5751732E+01  0.3344692E+01  0.1289772E+01 -0.4434334E+00 -0.1876253E+01 -0.3025813E+01 -0.3907229E+01 -0.4534560E+01 -0.4919615E+01 -0.5051842E+01 -0.4780630E+01 -0.3674148E+01 -0.1387896E+01
 0.2820000E+02  0.2131527E+02  0.1948185E+02  0.1816286E+02  0.1699865E+02  0.1501714E+02  0.1183302E+02  0.8578946E+01  0.5758007E+01  0.3348391E+01  0.1297846E+01 -0.4261150E+00 -0.1845794E+01 -0.2978813E+01 -0.3840563E+01 -0.4445267E+01 -0.4804741E+01 -0.4907540E+01 -0.4599896E+01 -0.3450610E+01 -0.1117276E+01
 0.2840000E+02  0.2110465E+02  0.1929857E+02  0.1799675E+02  0.1687991E+02  0.1501306E+02  0.1187551E+02  0.8600256E+01  0.5764445E+01  0.3351975E+01  0.1306037E+01 -0.4081743E+00 -0.1814033E+01 -0.2929700E+01 -0.3770870E+01 -0.4351942E+01 -0.4684740E+01 -0.4756908E+01 -0.4411532E+01 -0.3218086E+01 -0.8356436E+00
 0.2860000E+02  0.2088685E+02  0.1910971E+02  0.1782557E+02  0.1675258E+02  0.1500214E+02  0.1191991E+02  0.8623220E+01  0.5771147E+01  0.3355474E+01  0.1314355E+01 -0.3896007E+00 -0.1780947E+01 -0.2878436E+01 -0.3698089E+01 -0.4254495E+01 -0.4559492E+01 -0.4599790E+01 -0.4215344E+01 -0.2976329E+01 -0.5426747E+00
 0.2880000E+02  0.2066185E+02  0.1891526E+02  0.1764945E+02  0.1661685E+02  0.1498353E+02  0.1196621E+02  0.8648127E+01  0.5778227E+01  0.3358924E+01  0.1322811E+01 -0.3703835E+00 -0.1746515E+01 -0.2824982E+01 -0.3622156E+01 -0.4152834E+01 -0.4428873E+01 -0.4436026E+01 -0.4011131E+01 -0.2725089E+01 -0.2380378E+00
 0.2900000E+02  0.2042963E+02  0.1871521E+02  0.1746847E+02  0.1647298E+02  0.1495638E+02  0.1201434E+02  0.8675293E+01  0.5785814E+01  0.3362363E+01  0.1331419E+01 -0.3505121E+00 -0.1710716E+01 -0.2769297E+01 -0.3543008E+01 -0.4046868E+01 -0.4292756E+01 -0.4265451E+01 -0.3798690E+01 -0.2464107E+01  0.7860724E-01
 0.2920000E+02  0.2019018E+02  0.1850953E+02  0.1728274E+02  0.1632126E+02  0.1491984E+02  0.1206413E+02  0.8705062E+01  0.5794048E+01  0.3365834E+01  0.1340190E+01 -0.3299761E+00 -0.1673530E+01 -0.2711342E+01 -0.3460579E+01 -0.3936502E+01 -0.4151013E+01 -0.4087899E+01 -0.3577814E+01 -0.2193121E+01  0.4076088E+00
 0.2940000E+02  0.1994348E+02  0.1829821E+02  0.1709233E+02  0.1616206E+02  0.1487306E+02  0.1211531E+02  0.8737812E+01  0.5803090E+01  0.3369383E+01  0.1349139E+01 -0.3087650E+00 -0.1634935E+01 -0.2651077E+01 -0.3374806E+01 -0.3821641E+01 -0.4003513E+01 -0.3903200E+01 -0.3348291E+01 -0.1911860E+01  0.7493237E+00
 0.2960000E+02  0.1968951E+02  0.1808122E+02  0.1689732E+02  0.1599579E+02  0.1481526E+02  0.1216747E+02  0.8773949E+01  0.5813116E+01  0.3373062E+01  0.1358282E+01 -0.2868682E+00 -0.1594911E+01 -0.2588462E+01 -0.3285623E+01 -0.3702188E+01 -0.3850124E+01 -0.3711182E+01 -0.3109904E+01 -0.1620050E+01  0.1104117E+01
 0.2980000E+02  0.1942828E+02  0.1785857E+02  0.1669776E+02  0.1582287E+02  0.1474573E+02  0.1222005E+02  0.8813912E+01  0.5824327E+01  0.3376929E+01  0.1367632E+01 -0.2642757E+00 -0.1553436E+01 -0.2523457E+01 -0.3192963E+01 -0.3578046E+01 -0.3690712E+01 -0.3511669E+01 -0.2862433E+01 -0.1317409E+01  0.1472363E+01
 0.3000000E+02  0.1915977E+02  0.1763023E+02  0.1649370E+02  0.1564374E+02  0.1466387E+02  0.1227230E+02  0.8858165E+01  0.5836947E+01  0.3381047E+01  0.1377209E+01 -0.2409770E+00 -0.1510492E+01 -0.2456024E+01 -0.3096761E+01 -0.3449115E+01 -0.3525140E+01 -0.3304482E+01 -0.2605653E+01 -0.1003649E+01  0.1854444E+01
 0.3020000E+02  0.1888400E+02  0.1739618E+02  0.1628520E+02  0.1545886E+02  0.1456923E+02  0.1232328E+02  0.8907200E+01  0.5851229E+01  0.3385485E+01  0.1387030E+01 -0.2169622E+00 -0.1466058E+01 -0.2386121E+01 -0.2996949E+01 -0.3315296E+01 -0.3353270E+01 -0.3089440E+01 -0.2339336E+01 -0.6784756E+00  0.2250752E+01
 0.3040000E+02  0.1860096E+02  0.1715643E+02  0.1607227E+02  0.1526866E+02  0.1446156E+02  0.1237183E+02  0.8961523E+01  0.5867457E+01  0.3390323E+01  0.1397115E+01 -0.1922213E+00 -0.1420114E+01 -0.2313709E+01 -0.2893461E+01 -0.3176488E+01 -0.3174961E+01 -0.2866358E+01 -0.2063249E+01 -0.3415894E+00  0.2661687E+01
 0.3060000E+02  0.1831067E+02  0.1691097E+02  0.1585494E+02  0.1507356E+02  0.1434077E+02  0.1241655E+02  0.9021647E+01  0.5885953E+01  0.3395647E+01  0.1407485E+01 -0.1667446E+00 -0.1372643E+01 -0.2238750E+01 -0.2786228E+01 -0.3032588E+01 -0.2990071E+01 -0.2635048E+01 -0.1777154E+01  0.7316460E-02  0.3087657E+01
 0.3080000E+02  0.1801313E+02  0.1665978E+02  0.1563323E+02  0.1487396E+02  0.1420704E+02  0.1245584E+02  0.9088074E+01  0.5907079E+01  0.3401554E+01  0.1418164E+01 -0.1405225E+00 -0.1323625E+01 -0.2161204E+01 -0.2675184E+01 -0.2883495E+01 -0.2798456E+01 -0.2395321E+01 -0.1480809E+01  0.3685546E+00  0.3529081E+01
 0.3100000E+02  0.1770837E+02  0.1640286E+02  0.1540716E+02  0.1467018E+02  0.1406074E+02  0.1248785E+02  0.9161273E+01  0.5931245E+01  0.3408151E+01  0.1429175E+01 -0.1135457E+00 -0.1273043E+01 -0.2081032E+01 -0.2560259E+01 -0.2729103E+01 -0.2599970E+01 -0.2146983E+01 -0.1173968E+01  0.7424443E+00  0.3986385E+01
 0.3120000E+02  0.1739640E+02  0.1614022E+02  0.1517674E+02  0.1446253E+02  0.1390251E+02  0.1251059E+02  0.9241648E+01  0.5958918E+01  0.3415560E+01  0.1440546E+01 -0.8580510E-01 -0.1220879E+01 -0.1998196E+01 -0.2441388E+01 -0.2569309E+01 -0.2394465E+01 -0.1889838E+01 -0.8563818E+00  0.1129311E+01  0.4460007E+01
 0.3140000E+02  0.1707725E+02  0.1587186E+02  0.1494197E+02  0.1425126E+02  0.1373316E+02  0.1252189E+02  0.9329499E+01  0.5990622E+01  0.3423916E+01  0.1452306E+01 -0.5729179E-01 -0.1167117E+01 -0.1912659E+01 -0.2318500E+01 -0.2404007E+01 -0.2181792E+01 -0.1623687E+01 -0.5277951E+00  0.1529486E+01  0.4950391E+01
 0.3160000E+02  0.1675096E+02  0.1559778E+02  0.1470286E+02  0.1403656E+02  0.1355371E+02  0.1251954E+02  0.9424969E+01  0.6026954E+01  0.3433371E+01  0.1464487E+01 -0.2799724E-01 -0.1111741E+01 -0.1824383E+01 -0.2191528E+01 -0.2233089E+01 -0.1961799E+01 -0.1348329E+01 -0.1879492E+00  0.1943309E+01  0.5457993E+01
 0.3180000E+02  0.1641754E+02  0.1531800E+02  0.1445942E+02  0.1381857E+02  0.1336531E+02  0.1250137E+02  0.9527981E+01  0.6068585E+01  0.3444099E+01  0.1477122E+01  0.2086793E-02 -0.1054736E+01 -0.1733331E+01 -0.2060405E+01 -0.2056450E+01 -0.1734334E+01 -0.1063558E+01  0.1634193E+00  0.2371124E+01  0.5983276E+01
 0.3200000E+02  0.1607705E+02  0.1503252E+02  0.1421166E+02  0.1359739E+02  0.1316920E+02  0.1246533E+02  0.9638165E+01  0.6116277E+01  0.3456293E+01  0.1490249E+01  0.3296825E-01 -0.9960880E+00 -0.1639468E+01 -0.1925061E+01 -0.1873982E+01 -0.1499242E+01 -0.7691686E+00  0.5265781E+00  0.2813283E+01  0.6526716E+01
 0.3220000E+02  0.1572952E+02  0.1474136E+02  0.1395958E+02  0.1337308E+02  0.1296663E+02  0.1240964E+02  0.9754767E+01  0.6170881E+01  0.3470176E+01  0.1503909E+01  0.6465470E-01 -0.9357837E+00 -0.1542757E+01 -0.1785430E+01 -0.1685575E+01 -0.1256366E+01 -0.4649493E+00  0.9017993E+00  0.3270144E+01  0.7088794E+01
 0.3240000E+02  0.1537499E+02  0.1444453E+02  0.1370319E+02  0.1314566E+02  0.1275883E+02  0.1233293E+02  0.9876566E+01  0.6233352E+01  0.3486002E+01  0.1518148E+01  0.9715337E-01 -0.8738109E+00 -0.1443165E+01 -0.1641443E+01 -0.1491121E+01 -0.1005549E+01 -0.1506874E+00  0.1289359E+01  0.3742072E+01  0.7670005E+01
 0.3260000E+02  0.1501351E+02  0.1414206E+02  0.1344250E+02  0.1291513E+02  0.1254694E+02  0.1223431E+02  0.1000178E+02  0.6304748E+01  0.3504058E+01  0.1533015E+01  0.1304711E+00 -0.8101584E+00 -0.1340657E+01 -0.1493033E+01 -0.1290510E+01 -0.7466311E+00  0.1738330E+00  0.1689540E+01  0.4229439E+01  0.8270851E+01
 0.3280000E+02  0.1464513E+02  0.1383397E+02  0.1317752E+02  0.1268146E+02  0.1233197E+02  0.1211357E+02  0.1012799E+02  0.6386229E+01  0.3524679E+01  0.1548565E+01  0.1646143E+00 -0.7448165E+00 -0.1235201E+01 -0.1340133E+01 -0.1083632E+01 -0.4794512E+00  0.5088303E+00  0.2102626E+01  0.4732624E+01  0.8891846E+01
 0.3300000E+02  0.1426991E+02  0.1352028E+02  0.1290827E+02  0.1244464E+02  0.1211474E+02  0.1197117E+02  0.1025210E+02  0.6479053E+01  0.3548247E+01  0.1564859E+01  0.1995890E+00 -0.6777764E+00 -0.1126765E+01 -0.1182676E+01 -0.8703762E+00 -0.2038469E+00  0.8545259E+00  0.2528907E+01  0.5252012E+01  0.9533513E+01
 0.3320000E+02  0.1388789E+02  0.1320103E+02  0.1263474E+02  0.1220462E+02  0.1189589E+02  0.1180834E+02  0.1037031E+02  0.6584549E+01  0.3575208E+01  0.1581965E+01  0.2354008E+00 -0.6090308E+00 -0.1015319E+01 -0.1020597E+01 -0.6506317E+00  0.8034577E-01  0.1211144E+01  0.2968679E+01  0.5787994E+01  0.1019639E+02
 0.3340000E+02  0.1349913E+02  0.1287624E+02  0.1235696E+02  0.1196139E+02  0.1167585E+02  0.1162700E+02  0.1047819E+02  0.6704084E+01  0.3606077E+01  0.1599959E+01  0.2720549E+00 -0.5385740E+00 -0.9008331E+00 -0.8538298E+00 -0.4242875E+00  0.3732920E+00  0.1578910E+01  0.3422240E+01  0.6340971E+01  0.1088100E+02
 0.3360000E+02  0.1310369E+02  0.1254595E+02  0.1207492E+02  0.1171492E+02  0.1145484E+02  0.1142971E+02  0.1057079E+02  0.6839001E+01  0.3641456E+01  0.1618927E+01  0.3095561E+00 -0.4664016E+00 -0.7832794E+00 -0.6823097E+00 -0.1912324E+00  0.6751579E+00  0.1958053E+01  0.3889892E+01  0.6911347E+01  0.1158792E+02
 0.3380000E+02  0.1270162E+02  0.1221019E+02  0.1178864E+02  0.1146519E+02  0.1123292E+02  0.1121949E+02  0.1064284E+02  0.6990528E+01  0.3682048E+01  0.1638966E+01  0.3479089E+00 -0.3925111E+00 -0.6626317E+00 -0.5059732E+00  0.4864478E-01  0.9861108E+00  0.2348805E+01  0.4371942E+01  0.7499532E+01  0.1231770E+02
 0.3400000E+02  0.1229299E+02  0.1186900E+02  0.1149813E+02  0.1121222E+02  0.1101000E+02  0.1099965E+02  0.1068906E+02  0.7159648E+01  0.3728675E+01  0.1660186E+01  0.3871173E+00 -0.3169017E+00 -0.5388652E+00 -0.3247577E+00  0.2954548E+00  0.1306318E+01  0.2751398E+01  0.4868701E+01  0.8105946E+01  0.1307092E+02
