 0.1087735E+01  0.1590164E+01  0.2020970E+02
 0.1128184E+01  0.1327189E+03 -0.1572988E+03
 0.1153686E+01 -0.5754389E+03  0.1951519E+03
 0.1172817E+01  0.3172017E+03  0.1883424E+03
 0.1187955E+01  0.1767496E+03 -0.1346134E+03
 0.1221399E+01 -0.4080972E+02  0.1618410E+02
 0.1273080E+01  0.1118626E+02 -0.2023702E+02
 0.1338880E+01  0.1568643E+01  0.1037458E+02
 0.1415532E+01 -0.2576416E+01 -0.3166299E+01
 0.1511217E+01  0.2939550E+01 -0.3582883E+00
 0.1622744E+01  0.2506950E+00  0.4406237E-01
 0.1737408E+01  0.2494189E+00 -0.4724091E+00
 0.1925488E+01 -0.1676279E+01  0.5092278E+00
 0.2047712E+01  0.3279139E-01 -0.1130293E+00
 0.2435059E+01 -0.1347900E+00 -0.9579718E-01
 0.3075886E+01  0.4074718E-01 -0.7931932E-02
 0.3973295E+01 -0.7081703E-02  0.9549775E-02
 0.5236027E+01  0.8131594E-03  0.2317759E-02
 0.7098772E+01  0.4846919E-03 -0.1481348E-02
 0.1016704E+02  0.1773879E-02  0.2391483E-04
