 0.5134188E+00 -0.2201414E+01  0.3564748E+01  0.4146047E+00
 0.6316296E+00 -0.1781277E+01  0.2709820E+01  0.2903435E+00
 0.7498405E+00 -0.1408863E+01  0.2048430E+01  0.2456207E+00
 0.8680513E+00 -0.1078751E+01  0.1537931E+01  0.2008979E+00
 0.9862621E+00 -0.7861360E+00  0.1144950E+01  0.1561751E+00
 0.1104473E+01 -0.5267592E+00  0.8433808E+00  0.1114522E+00
 0.1222684E+01 -0.2968449E+00  0.6128185E+00  0.6672943E-01
 0.1340895E+01 -0.9304645E-01  0.4373222E+00  0.2200661E-01
 0.1459105E+01  0.8760266E-01  0.3044494E+00 -0.2271620E-01
 0.1577316E+01  0.2477319E+00  0.2044968E+00 -0.6743902E-01
 0.1695527E+01  0.3896722E+00  0.1299051E+00 -0.1121618E+00
 0.1813738E+01  0.5154896E+00  0.7479209E-01 -0.2364230E+00
