 0.5134308E+00  0.1001778E-03 -0.2508868E-05
 0.6746243E+00  0.1617462E-02 -0.1786272E-04
 0.8358183E+00  0.1532791E-01 -0.7529309E-04
 0.9970127E+00  0.8261669E-01 -0.1733568E-03
 0.1158207E+01  0.2544164E+00 -0.3357219E-03
 0.1319402E+01  0.4458097E+00 -0.5830109E-03
 0.1480598E+01  0.4458098E+00 -0.5568524E-03
 0.1641793E+01  0.2544168E+00 -0.1575363E-03
 0.1802989E+01  0.8261717E-01  0.7454871E-04
 0.1964184E+01  0.1532819E-01  0.5264915E-04
 0.2125380E+01  0.1617566E-02  0.1231202E-04
 0.2286576E+01  0.1002090E-03  0.1154795E-05
