-0.3199490E+01 -0.3199490E+01  0.1000000E+01  0.2537617E+01
-0.2941649E+01 -0.2941649E+01  0.1000000E+01  0.2279776E+01
-0.2683808E+01 -0.2683808E+01  0.1000000E+01  0.2021935E+01
-0.2425967E+01 -0.2425967E+01  0.1000000E+01  0.1764094E+01
-0.2168126E+01 -0.2168126E+01  0.1000000E+01  0.1506253E+01
-0.1910285E+01 -0.1910285E+01  0.1000000E+01  0.1248412E+01
-0.1652444E+01 -0.1652444E+01  0.1000000E+01  0.9905709E+00
-0.1394603E+01 -0.1394603E+01  0.1000000E+01  0.7327299E+00
-0.1136762E+01 -0.1136762E+01  0.1000000E+01  0.4748889E+00
-0.8789205E+00 -0.8789205E+00  0.1000000E+01  0.2170478E+00
-0.6210795E+00 -0.6210795E+00  0.1000000E+01 -0.4079319E-01
-0.3632385E+00 -0.3632385E+00  0.1000000E+01 -0.2986342E+00
-0.1053974E+00 -0.1053974E+00  0.1000000E+01 -0.5564752E+00
 0.1524436E+00  0.1524436E+00  0.1000000E+01 -0.8143163E+00
 0.4102846E+00  0.4102846E+00  0.1000000E+01 -0.1072157E+01
 0.6681256E+00  0.6681256E+00  0.1000000E+01 -0.1329998E+01
 0.9259667E+00  0.9259667E+00  0.1000000E+01 -0.1587839E+01
 0.1183808E+01  0.1183808E+01  0.1000000E+01 -0.1845680E+01
 0.1441649E+01  0.1441649E+01  0.1000000E+01 -0.2103521E+01
 0.1699490E+01  0.1699490E+01  0.1000000E+01 -0.2361362E+01
