 0.10000E-01  0.10000E+01  0.67188E-18
 0.20000E-01  0.10000E+01  0.63484E-17
 0.30000E-01  0.10000E+01 -0.14710E-17
 0.40000E-01  0.10000E+01 -0.70620E-17
 0.50000E-01  0.10000E+01  0.22090E-17
 0.60000E-01  0.10000E+01  0.22425E-17
 0.70000E-01  0.10000E+01 -0.67366E-19
 0.80000E-01  0.10000E+01 -0.61104E-17
 0.90000E-01  0.10000E+01  0.20831E-17
 0.10000E+00  0.10000E+01 -0.29263E-17
 0.11000E+00  0.10000E+01 -0.64643E-17
 0.12000E+00  0.10000E+01 -0.15167E-17
 0.13000E+00  0.10000E+01 -0.74169E-17
 0.14000E+00  0.10000E+01  0.42973E-17
 0.15000E+00  0.10000E+01 -0.22381E-17
 0.16000E+00  0.10000E+01  0.94649E-17
 0.17000E+00  0.10000E+01  0.12705E-17
 0.18000E+00  0.10000E+01  0.12176E-16
 0.19000E+00  0.10000E+01  0.10397E-16
 0.20000E+00  0.10000E+01  0.27452E-17
 0.21000E+00  0.10000E+01 -0.11127E-17
 0.22000E+00  0.10000E+01  0.36355E-17
 0.23000E+00  0.10000E+01  0.10504E-17
 0.24000E+00  0.10000E+01  0.19377E-16
 0.25000E+00  0.10000E+01  0.13855E-16
 0.26000E+00  0.10000E+01  0.87634E-17
 0.27000E+00  0.10000E+01  0.12179E-16
 0.28000E+00  0.10000E+01 -0.66361E-17
 0.29000E+00  0.10000E+01 -0.35296E-17
 0.30000E+00  0.10000E+01 -0.25620E-16
 0.31000E+00  0.10000E+01  0.12641E-16
 0.32000E+00  0.10000E+01 -0.13307E-16
 0.33000E+00  0.10000E+01 -0.11406E-16
 0.34000E+00  0.10000E+01 -0.54905E-17
 0.35000E+00  0.10000E+01  0.51737E-17
 0.36000E+00  0.10000E+01  0.83213E-17
 0.37000E+00  0.10000E+01 -0.76944E-17
 0.38000E+00  0.10000E+01  0.18414E-16
 0.39000E+00  0.10000E+01  0.78605E-18
 0.40000E+00  0.10000E+01  0.16107E-16
 0.41000E+00  0.10000E+01  0.29077E-16
 0.42000E+00  0.10000E+01 -0.42487E-17
 0.43000E+00  0.10000E+01 -0.23249E-16
 0.44000E+00  0.10000E+01  0.63832E-17
 0.45000E+00  0.10000E+01 -0.38625E-17
 0.46000E+00  0.10000E+01  0.28569E-16
 0.47000E+00  0.10000E+01 -0.42013E-18
 0.48000E+00  0.10000E+01  0.14962E-16
 0.49000E+00  0.10000E+01  0.28460E-17
 0.50000E+00  0.10000E+01  0.12658E-16
 0.51000E+00  0.10000E+01  0.11709E-16
 0.52000E+00  0.10000E+01 -0.78605E-18
 0.53000E+00  0.10000E+01 -0.22660E-16
 0.54000E+00  0.10000E+01  0.41200E-17
 0.55000E+00  0.10000E+01  0.15016E-16
 0.56000E+00  0.10000E+01  0.99747E-17
 0.57000E+00  0.10000E+01  0.60715E-17
 0.58000E+00  0.10000E+01 -0.30032E-16
 0.59000E+00  0.10000E+01  0.46621E-17
 0.60000E+00  0.10000E+01 -0.18974E-16
 0.61000E+00  0.10000E+01  0.86736E-18
 0.62000E+00  0.10000E+01 -0.15829E-16
 0.63000E+00  0.10000E+01 -0.18540E-16
 0.64000E+00  0.10000E+01 -0.19624E-16
 0.65000E+00  0.10000E+01 -0.93241E-17
 0.66000E+00  0.10000E+01 -0.11926E-17
 0.67000E+00  0.10000E+01  0.86736E-18
 0.68000E+00  0.10000E+01  0.26021E-17
 0.69000E+00  0.10000E+01 -0.99747E-17
 0.70000E+00  0.10000E+01  0.11709E-16
 0.71000E+00  0.10000E+01  0.36863E-17
 0.72000E+00  0.10000E+01  0.19082E-16
 0.73000E+00  0.10000E+01  0.14745E-16
 0.74000E+00  0.10000E+01  0.32309E-16
 0.75000E+00  0.10000E+01  0.46187E-16
 0.76000E+00  0.10000E+01 -0.45536E-17
 0.77000E+00  0.10000E+01  0.16480E-16
 0.78000E+00  0.10000E+01 -0.65052E-17
 0.79000E+00  0.10000E+01  0.10408E-16
 0.80000E+00  0.10000E+01  0.10408E-16
 0.81000E+00  0.10000E+01 -0.86736E-17
 0.82000E+00  0.10000E+01  0.26455E-16
 0.83000E+00  0.10000E+01 -0.60715E-17
 0.84000E+00  0.10000E+01 -0.13444E-16
 0.85000E+00  0.10000E+01  0.22985E-16
 0.86000E+00  0.10000E+01 -0.34694E-17
 0.87000E+00  0.10000E+01 -0.69389E-17
 0.88000E+00  0.10000E+01 -0.69389E-17
 0.89000E+00  0.10000E+01  0.69389E-17
 0.90000E+00  0.10000E+01  0.00000E+00
 0.91000E+00  0.10000E+01  0.22551E-16
 0.92000E+00  0.10000E+01  0.31225E-16
 0.93000E+00  0.10000E+01 -0.61583E-16
 0.94000E+00  0.10000E+01 -0.36429E-16
 0.95000E+00  0.10000E+01  0.95410E-17
 0.96000E+00  0.10000E+01 -0.51174E-16
 0.97000E+00  0.10000E+01  0.20817E-16
 0.98000E+00  0.10000E+01  0.47705E-17
 0.99000E+00  0.10000E+01  0.26021E-16
 0.10000E+01  0.10000E+01  0.47705E-16
 0.10100E+01  0.10000E+01  0.78930E-16
 0.10200E+01  0.10000E+01 -0.14745E-16
 0.10300E+01  0.10000E+01 -0.55511E-16
 0.10400E+01  0.10000E+01 -0.80665E-16
 0.10500E+01  0.10000E+01 -0.58113E-16
 0.10600E+01  0.10000E+01 -0.13878E-16
 0.10700E+01  0.10000E+01  0.81532E-16
 0.10800E+01  0.10000E+01  0.55511E-16
 0.10900E+01  0.10000E+01 -0.13010E-16
 0.11000E+01  0.10001E+01 -0.10495E-15
 0.11100E+01  0.10001E+01 -0.19082E-16
 0.11200E+01  0.10001E+01  0.63317E-16
 0.11300E+01  0.10001E+01 -0.19516E-16
 0.11400E+01  0.10001E+01 -0.85869E-16
 0.11500E+01  0.10001E+01 -0.33827E-16
 0.11600E+01  0.10001E+01 -0.72642E-16
 0.11700E+01  0.10001E+01 -0.60715E-17
 0.11800E+01  0.10001E+01 -0.60282E-16
 0.11900E+01  0.10001E+01 -0.26021E-17
 0.12000E+01  0.10001E+01  0.38164E-16
 0.12100E+01  0.10001E+01 -0.24720E-16
 0.12200E+01  0.10001E+01 -0.81966E-16
 0.12300E+01  0.10001E+01  0.37513E-16
 0.12400E+01  0.10001E+01  0.46404E-16
 0.12500E+01  0.10001E+01  0.30358E-17
 0.12600E+01  0.10001E+01 -0.20383E-16
 0.12700E+01  0.10001E+01 -0.12577E-16
 0.12800E+01  0.10001E+01  0.99747E-17
 0.12900E+01  0.10001E+01  0.47271E-16
 0.13000E+01  0.10001E+01 -0.28189E-16
 0.13100E+01  0.10001E+01 -0.25587E-16
 0.13200E+01  0.10001E+01 -0.25153E-16
 0.13300E+01  0.10001E+01  0.62884E-17
 0.13400E+01  0.10001E+01 -0.10213E-15
 0.13500E+01  0.10001E+01  0.14854E-16
 0.13600E+01  0.10001E+01  0.23419E-16
 0.13700E+01  0.10001E+01 -0.50415E-16
 0.13800E+01  0.10001E+01  0.30358E-16
 0.13900E+01  0.10001E+01  0.42175E-16
 0.14000E+01  0.10001E+01  0.12577E-16
 0.14100E+01  0.10001E+01  0.86736E-17
 0.14200E+01  0.10001E+01 -0.65919E-16
 0.14300E+01  0.10001E+01  0.38381E-16
 0.14400E+01  0.10001E+01 -0.35128E-16
 0.14500E+01  0.10001E+01 -0.10061E-15
 0.14600E+01  0.10001E+01 -0.59197E-16
 0.14700E+01  0.10001E+01 -0.13878E-16
 0.14800E+01  0.10001E+01 -0.17347E-17
 0.14900E+01  0.10001E+01 -0.26021E-17
 0.15000E+01  0.10001E+01  0.86736E-18
 0.15100E+01  0.10001E+01  0.19082E-16
 0.15200E+01  0.10001E+01  0.73292E-16
 0.15300E+01  0.10001E+01  0.31659E-16
 0.15400E+01  0.10001E+01 -0.29490E-16
 0.15500E+01  0.10001E+01  0.59414E-16
 0.15600E+01  0.10001E+01 -0.32960E-16
 0.15700E+01  0.10001E+01  0.32960E-16
 0.15800E+01  0.10001E+01 -0.17347E-17
 0.15900E+01  0.10001E+01 -0.24286E-16
 0.16000E+01  0.10001E+01 -0.60715E-17
 0.16100E+01  0.10001E+01 -0.58113E-16
 0.16200E+01  0.10001E+01  0.73726E-16
 0.16300E+01  0.10001E+01  0.19949E-16
 0.16400E+01  0.10001E+01 -0.57246E-16
 0.16500E+01  0.10001E+01  0.86736E-18
 0.16600E+01  0.10001E+01 -0.46838E-16
 0.16700E+01  0.10001E+01  0.29057E-16
 0.16800E+01  0.10001E+01  0.42501E-16
 0.16900E+01  0.10002E+01  0.22551E-16
 0.17000E+01  0.10002E+01  0.52042E-17
 0.17100E+01  0.10002E+01 -0.32960E-16
 0.17200E+01  0.10002E+01  0.28623E-16
 0.17300E+01  0.10002E+01  0.13010E-16
 0.17400E+01  0.10002E+01 -0.34694E-16
 0.17500E+01  0.10002E+01 -0.13878E-16
 0.17600E+01  0.10002E+01  0.21684E-17
 0.17700E+01  0.10002E+01  0.35128E-16
 0.17800E+01  0.10002E+01 -0.29057E-16
 0.17900E+01  0.10002E+01 -0.23852E-16
 0.18000E+01  0.10002E+01 -0.32526E-16
 0.18100E+01  0.10002E+01 -0.19949E-16
 0.18200E+01  0.10002E+01  0.25153E-16
 0.18300E+01  0.10002E+01 -0.34261E-16
 0.18400E+01  0.10002E+01  0.31659E-16
 0.18500E+01  0.10002E+01  0.49440E-16
 0.18600E+01  0.10002E+01 -0.45103E-16
 0.18700E+01  0.10002E+01  0.21684E-16
 0.18800E+01  0.10002E+01 -0.49873E-16
 0.18900E+01  0.10002E+01  0.59848E-16
 0.19000E+01  0.10002E+01  0.58981E-16
 0.19100E+01  0.10002E+01 -0.76762E-16
 0.19200E+01  0.10002E+01 -0.80665E-16
 0.19300E+01  0.10002E+01 -0.64185E-16
 0.19400E+01  0.10002E+01 -0.59848E-16
 0.19500E+01  0.10002E+01  0.15613E-16
 0.19600E+01  0.10002E+01  0.17347E-17
 0.19700E+01  0.10003E+01  0.40766E-16
 0.19800E+01  0.10003E+01  0.28189E-17
 0.19900E+01  0.10003E+01 -0.49006E-16
 0.20000E+01  0.10003E+01  0.20383E-16
 0.20100E+01  0.10003E+01  0.28189E-16
 0.20200E+01  0.10003E+01  0.34911E-16
 0.20300E+01  0.10003E+01  0.14311E-16
 0.20400E+01  0.10003E+01 -0.70907E-16
 0.20500E+01  0.10003E+01 -0.24503E-16
 0.20600E+01  0.10003E+01 -0.23202E-16
 0.20700E+01  0.10003E+01 -0.47705E-17
 0.20800E+01  0.10003E+01  0.58547E-17
 0.20900E+01  0.10003E+01 -0.22118E-16
 0.21000E+01  0.10003E+01 -0.24937E-16
 0.21100E+01  0.10003E+01 -0.17781E-16
 0.21200E+01  0.10003E+01  0.19949E-16
 0.21300E+01  0.10003E+01 -0.11167E-16
 0.21400E+01  0.10003E+01  0.12251E-16
 0.21500E+01  0.10003E+01  0.13010E-16
 0.21600E+01  0.10003E+01  0.33177E-16
 0.21700E+01  0.10003E+01  0.33719E-16
 0.21800E+01  0.10003E+01  0.21250E-16
 0.21900E+01  0.10003E+01 -0.22660E-16
 0.22000E+01  0.10003E+01  0.48789E-17
 0.22100E+01  0.10004E+01 -0.63968E-17
 0.22200E+01  0.10004E+01 -0.92157E-17
 0.22300E+01  0.10004E+01 -0.17672E-16
 0.22400E+01  0.10004E+01  0.31550E-16
 0.22500E+01  0.10004E+01 -0.54210E-18
 0.22600E+01  0.10004E+01  0.45970E-16
 0.22700E+01  0.10004E+01  0.23310E-16
 0.22800E+01  0.10004E+01  0.49873E-17
 0.22900E+01  0.10004E+01 -0.78605E-17
 0.23000E+01  0.10004E+01  0.22064E-16
 0.23100E+01  0.10004E+01  0.60715E-17
 0.23200E+01  0.10004E+01  0.26021E-16
 0.23300E+01  0.10004E+01 -0.12441E-16
 0.23400E+01  0.10004E+01  0.14095E-17
 0.23500E+01  0.10004E+01 -0.23310E-17
 0.23600E+01  0.10004E+01 -0.17808E-16
 0.23700E+01  0.10004E+01  0.17347E-16
 0.23800E+01  0.10004E+01  0.50009E-16
 0.23900E+01  0.10004E+01  0.60986E-17
 0.24000E+01  0.10004E+01  0.21738E-16
 0.24100E+01  0.10004E+01  0.33393E-16
 0.24200E+01  0.10004E+01 -0.60173E-17
 0.24300E+01  0.10004E+01 -0.26942E-16
 0.24400E+01  0.10004E+01  0.13173E-16
 0.24500E+01  0.10004E+01 -0.12197E-16
 0.24600E+01  0.10005E+01 -0.32255E-16
 0.24700E+01  0.10005E+01  0.16263E-17
 0.24800E+01  0.10005E+01 -0.13227E-16
 0.24900E+01  0.10005E+01  0.20546E-16
 0.25000E+01  0.10005E+01  0.21847E-16
 0.25100E+01  0.10005E+01 -0.54210E-17
 0.25200E+01  0.10005E+01  0.19299E-16
 0.25300E+01  0.10005E+01 -0.22551E-16
 0.25400E+01  0.10005E+01  0.10842E-16
 0.25500E+01  0.10005E+01  0.92157E-17
 0.25600E+01  0.10005E+01 -0.32472E-16
 0.25700E+01  0.10005E+01 -0.87820E-17
 0.25800E+01  0.10005E+01  0.23473E-16
 0.25900E+01  0.10005E+01 -0.65052E-17
 0.26000E+01  0.10005E+01  0.11926E-17
 0.26100E+01  0.10005E+01 -0.21684E-18
 0.26200E+01  0.10005E+01  0.23256E-16
 0.26300E+01  0.10005E+01 -0.30412E-16
 0.26400E+01  0.10005E+01  0.11601E-16
 0.26500E+01  0.10005E+01 -0.11493E-16
 0.26600E+01  0.10005E+01  0.66678E-17
 0.26700E+01  0.10005E+01 -0.10625E-16
 0.26800E+01  0.10005E+01 -0.28894E-16
 0.26900E+01  0.10005E+01 -0.78063E-17
 0.27000E+01  0.10005E+01 -0.10246E-16
 0.27100E+01  0.10005E+01  0.14149E-16
 0.27200E+01  0.10005E+01  0.16643E-16
 0.27300E+01  0.10005E+01  0.25668E-16
 0.27400E+01  0.10005E+01  0.33881E-17
 0.27500E+01  0.10005E+01 -0.69931E-17
 0.27600E+01  0.10005E+01  0.71693E-17
 0.27700E+01  0.10005E+01 -0.18675E-16
 0.27800E+01  0.10005E+01  0.19245E-17
 0.27900E+01  0.10005E+01 -0.10761E-16
 0.28000E+01  0.10005E+01 -0.13309E-16
 0.28100E+01  0.10005E+01  0.57734E-17
 0.28200E+01  0.10005E+01  0.22036E-16
 0.28300E+01  0.10006E+01 -0.13830E-16
 0.28400E+01  0.10006E+01 -0.32973E-16
 0.28500E+01  0.10006E+01  0.89989E-17
 0.28600E+01  0.10006E+01 -0.11615E-16
 0.28700E+01  0.10006E+01 -0.12685E-16
 0.28800E+01  0.10006E+01  0.33299E-16
 0.28900E+01  0.10006E+01 -0.13173E-16
 0.29000E+01  0.10006E+01 -0.25099E-16
 0.29100E+01  0.10006E+01  0.27213E-16
 0.29200E+01  0.10006E+01  0.25153E-16
 0.29300E+01  0.10006E+01  0.16534E-17
 0.29400E+01  0.10006E+01 -0.23581E-17
 0.29500E+01  0.10006E+01 -0.31252E-16
 0.29600E+01  0.10006E+01 -0.33881E-16
 0.29700E+01  0.10006E+01 -0.10517E-16
 0.29800E+01  0.10006E+01 -0.67763E-17
 0.29900E+01  0.10006E+01 -0.31984E-17
 0.30000E+01  0.10006E+01 -0.11547E-16
 0.30100E+01  0.10006E+01 -0.37947E-17
 0.30200E+01  0.10006E+01 -0.22768E-17
 0.30300E+01  0.10006E+01  0.95139E-17
 0.30400E+01  0.10006E+01 -0.87278E-17
 0.30500E+01  0.10006E+01  0.21250E-16
 0.30600E+01  0.10006E+01 -0.11357E-16
 0.30700E+01  0.10006E+01 -0.16263E-17
 0.30800E+01  0.10006E+01 -0.20600E-17
 0.30900E+01  0.10006E+01  0.19516E-17
 0.31000E+01  0.10006E+01  0.20058E-17
 0.31100E+01  0.10006E+01 -0.14474E-16
 0.31200E+01  0.10006E+01 -0.68305E-17
 0.31300E+01  0.10006E+01 -0.37405E-17
 0.31400E+01  0.10006E+01 -0.10192E-16
 0.31500E+01  0.10006E+01 -0.57463E-17
 0.31600E+01  0.10006E+01  0.21684E-17
 0.31700E+01  0.10006E+01 -0.14095E-17
 0.31800E+01  0.10006E+01 -0.87278E-17
 0.31900E+01  0.10006E+01 -0.19922E-16
 0.32000E+01  0.10006E+01  0.44317E-17
 0.32100E+01  0.10006E+01  0.30805E-16
 0.32200E+01  0.10006E+01 -0.35237E-17
 0.32300E+01  0.10006E+01 -0.21481E-16
 0.32400E+01  0.10006E+01 -0.39031E-17
 0.32500E+01  0.10006E+01 -0.74810E-17
 0.32600E+01  0.10006E+01 -0.13390E-16
 0.32700E+01  0.10006E+01 -0.24964E-16
 0.32800E+01  0.10006E+01  0.37242E-16
 0.32900E+01  0.10006E+01  0.22362E-16
 0.33000E+01  0.10006E+01  0.40115E-17
 0.33100E+01  0.10006E+01  0.14203E-16
 0.33200E+01  0.10006E+01  0.18730E-16
 0.33300E+01  0.10006E+01 -0.20004E-16
 0.33400E+01  0.10006E+01 -0.87820E-17
 0.33500E+01  0.10006E+01 -0.19082E-16
 0.33600E+01  0.10006E+01  0.22443E-16
 0.33700E+01  0.10006E+01 -0.27756E-16
 0.33800E+01  0.10006E+01 -0.52042E-17
 0.33900E+01  0.10006E+01 -0.26834E-16
 0.34000E+01  0.10006E+01 -0.20004E-16
 0.34100E+01  0.10006E+01 -0.19190E-16
 0.34200E+01  0.10006E+01  0.40902E-16
 0.34300E+01  0.10006E+01  0.12631E-16
 0.34400E+01  0.10006E+01 -0.51987E-16
 0.34500E+01  0.10006E+01  0.32743E-16
 0.34600E+01  0.10006E+01  0.57192E-16
 0.34700E+01  0.10006E+01 -0.95952E-17
 0.34800E+01  0.10006E+01  0.21196E-16
 0.34900E+01  0.10006E+01 -0.10950E-16
 0.35000E+01  0.10006E+01 -0.31984E-16
 0.35100E+01  0.10006E+01  0.59631E-17
 0.35200E+01  0.10006E+01 -0.14420E-16
 0.35300E+01  0.10006E+01 -0.58547E-17
 0.35400E+01  0.10006E+01 -0.53126E-16
 0.35500E+01  0.10006E+01 -0.36429E-16
 0.35600E+01  0.10006E+01  0.20383E-16
 0.35700E+01  0.10006E+01 -0.88905E-17
 0.35800E+01  0.10006E+01 -0.26021E-17
 0.35900E+01  0.10006E+01 -0.22226E-16
 0.36000E+01  0.10006E+01  0.14095E-16
 0.36100E+01  0.10006E+01  0.13878E-16
 0.36200E+01  0.10006E+01  0.32526E-17
 0.36300E+01  0.10006E+01  0.56379E-17
 0.36400E+01  0.10006E+01 -0.23636E-16
 0.36500E+01  0.10006E+01 -0.33177E-16
 0.36600E+01  0.10006E+01  0.25153E-16
 0.36700E+01  0.10006E+01 -0.34694E-17
 0.36800E+01  0.10006E+01  0.15070E-16
 0.36900E+01  0.10006E+01  0.17347E-17
 0.37000E+01  0.10006E+01  0.14095E-16
 0.37100E+01  0.10006E+01  0.22118E-16
 0.37200E+01  0.10006E+01  0.58330E-16
 0.37300E+01  0.10006E+01 -0.47922E-16
 0.37400E+01  0.10006E+01  0.24720E-16
 0.37500E+01  0.10006E+01 -0.63534E-16
 0.37600E+01  0.10006E+01 -0.41308E-16
 0.37700E+01  0.10006E+01  0.53343E-16
 0.37800E+01  0.10006E+01 -0.23961E-16
 0.37900E+01  0.10006E+01  0.13878E-16
 0.38000E+01  0.10006E+01  0.26238E-16
 0.38100E+01  0.10006E+01 -0.30358E-17
 0.38200E+01  0.10006E+01 -0.50524E-16
 0.38300E+01  0.10006E+01  0.16740E-15
 0.38400E+01  0.10006E+01  0.45536E-16
 0.38500E+01  0.10006E+01 -0.42501E-16
 0.38600E+01  0.10006E+01  0.12403E-15
 0.38700E+01  0.10006E+01 -0.45536E-16
 0.38800E+01  0.10006E+01 -0.98662E-16
 0.38900E+01  0.10006E+01  0.59848E-16
 0.39000E+01  0.10006E+01  0.18648E-16
 0.39100E+01  0.10006E+01  0.43368E-16
 0.39200E+01  0.10006E+01  0.16480E-16
 0.39300E+01  0.10006E+01  0.27539E-16
 0.39400E+01  0.10006E+01 -0.45103E-16
 0.39500E+01  0.10006E+01  0.86736E-18
 0.39600E+01  0.10006E+01 -0.59414E-16
 0.39700E+01  0.10006E+01  0.35562E-16
 0.39800E+01  0.10006E+01  0.45536E-16
 0.39900E+01  0.10006E+01 -0.12035E-15
 0.40000E+01  0.10006E+01  0.95410E-17
