 0.1000000E+00  0.1400000E+01
 0.2000000E+00  0.1400001E+01
 0.3000000E+00  0.1400002E+01
 0.4000000E+00  0.1400003E+01
 0.5000000E+00  0.1400005E+01
 0.6000000E+00  0.1400008E+01
 0.7000000E+00  0.1400010E+01
 0.8000000E+00  0.1400014E+01
 0.9000000E+00  0.1400017E+01
 0.1000000E+01  0.1400021E+01
 0.1100000E+01  0.1400026E+01
 0.1200000E+01  0.1400031E+01
 0.1300000E+01  0.1400036E+01
 0.1400000E+01  0.1400042E+01
 0.1500000E+01  0.1400048E+01
 0.1600000E+01  0.1400055E+01
 0.1700000E+01  0.1400062E+01
 0.1800000E+01  0.1400069E+01
 0.1900000E+01  0.1400077E+01
 0.2000000E+01  0.1400086E+01
 0.2100000E+01  0.1400094E+01
 0.2200000E+01  0.1400104E+01
 0.2300000E+01  0.1400113E+01
 0.2400000E+01  0.1400123E+01
 0.2500000E+01  0.1400134E+01
 0.2600000E+01  0.1400145E+01
 0.2700000E+01  0.1400156E+01
 0.2800000E+01  0.1400168E+01
 0.2900000E+01  0.1400180E+01
 0.3000000E+01  0.1400192E+01
 0.3100000E+01  0.1400205E+01
 0.3200000E+01  0.1400219E+01
 0.3300000E+01  0.1400233E+01
 0.3400000E+01  0.1400247E+01
 0.3500000E+01  0.1400262E+01
 0.3600000E+01  0.1400277E+01
 0.3700000E+01  0.1400293E+01
 0.3800000E+01  0.1400309E+01
 0.3900000E+01  0.1400325E+01
 0.4000000E+01  0.1400342E+01
 0.4100000E+01  0.1400359E+01
 0.4200000E+01  0.1400377E+01
 0.4300000E+01  0.1400395E+01
 0.4400000E+01  0.1400414E+01
 0.4500000E+01  0.1400433E+01
 0.4600000E+01  0.1400452E+01
 0.4700000E+01  0.1400472E+01
 0.4800000E+01  0.1400492E+01
 0.4900000E+01  0.1400513E+01
 0.5000000E+01  0.1400534E+01
 0.5100000E+01  0.1400556E+01
 0.5200000E+01  0.1400578E+01
 0.5300000E+01  0.1400600E+01
 0.5400000E+01  0.1400623E+01
 0.5500000E+01  0.1400646E+01
 0.5600000E+01  0.1400670E+01
 0.5700000E+01  0.1400694E+01
 0.5800000E+01  0.1400718E+01
 0.5900000E+01  0.1400743E+01
 0.6000000E+01  0.1400769E+01
 0.6100000E+01  0.1400795E+01
 0.6200000E+01  0.1400821E+01
 0.6300000E+01  0.1400847E+01
 0.6400000E+01  0.1400874E+01
 0.6500000E+01  0.1400902E+01
 0.6600000E+01  0.1400930E+01
 0.6700000E+01  0.1400958E+01
 0.6800000E+01  0.1400987E+01
 0.6900000E+01  0.1401016E+01
 0.7000000E+01  0.1401046E+01
 0.7100000E+01  0.1401076E+01
 0.7200000E+01  0.1401106E+01
 0.7300000E+01  0.1401137E+01
 0.7400000E+01  0.1401168E+01
 0.7500000E+01  0.1401200E+01
 0.7600000E+01  0.1401232E+01
 0.7700000E+01  0.1401265E+01
 0.7800000E+01  0.1401298E+01
 0.7900000E+01  0.1401331E+01
 0.8000000E+01  0.1401365E+01
 0.8100000E+01  0.1401399E+01
 0.8200000E+01  0.1401434E+01
 0.8300000E+01  0.1401469E+01
 0.8400000E+01  0.1401504E+01
 0.8500000E+01  0.1401540E+01
 0.8600000E+01  0.1401576E+01
 0.8700000E+01  0.1401613E+01
 0.8800000E+01  0.1401650E+01
 0.8900000E+01  0.1401688E+01
 0.9000000E+01  0.1401726E+01
 0.9100000E+01  0.1401764E+01
 0.9200000E+01  0.1401803E+01
 0.9300000E+01  0.1401842E+01
 0.9400000E+01  0.1401882E+01
 0.9500000E+01  0.1401922E+01
 0.9600000E+01  0.1401963E+01
 0.9700000E+01  0.1402003E+01
 0.9800000E+01  0.1402045E+01
 0.9900000E+01  0.1402087E+01
 0.1000000E+02  0.1402129E+01
 0.1010000E+02  0.1402171E+01
 0.1020000E+02  0.1402214E+01
 0.1030000E+02  0.1402258E+01
 0.1040000E+02  0.1402301E+01
 0.1050000E+02  0.1402346E+01
 0.1060000E+02  0.1402390E+01
 0.1070000E+02  0.1402435E+01
 0.1080000E+02  0.1402481E+01
 0.1090000E+02  0.1402527E+01
 0.1100000E+02  0.1402573E+01
 0.1110000E+02  0.1402620E+01
 0.1120000E+02  0.1402667E+01
 0.1130000E+02  0.1402714E+01
 0.1140000E+02  0.1402762E+01
 0.1150000E+02  0.1402811E+01
 0.1160000E+02  0.1402860E+01
 0.1170000E+02  0.1402909E+01
 0.1180000E+02  0.1402958E+01
 0.1190000E+02  0.1403008E+01
 0.1200000E+02  0.1403059E+01
 0.1210000E+02  0.1403110E+01
 0.1220000E+02  0.1403161E+01
 0.1230000E+02  0.1403213E+01
 0.1240000E+02  0.1403265E+01
 0.1250000E+02  0.1403317E+01
 0.1260000E+02  0.1403370E+01
 0.1270000E+02  0.1403423E+01
 0.1280000E+02  0.1403477E+01
 0.1290000E+02  0.1403531E+01
 0.1300000E+02  0.1403585E+01
 0.1310000E+02  0.1403640E+01
 0.1320000E+02  0.1403696E+01
 0.1330000E+02  0.1403751E+01
 0.1340000E+02  0.1403808E+01
 0.1350000E+02  0.1403864E+01
 0.1360000E+02  0.1403921E+01
 0.1370000E+02  0.1403978E+01
 0.1380000E+02  0.1404036E+01
 0.1390000E+02  0.1404094E+01
 0.1400000E+02  0.1404153E+01
 0.1410000E+02  0.1404212E+01
 0.1420000E+02  0.1404271E+01
 0.1430000E+02  0.1404331E+01
 0.1440000E+02  0.1404391E+01
 0.1450000E+02  0.1404452E+01
 0.1460000E+02  0.1404513E+01
 0.1470000E+02  0.1404574E+01
 0.1480000E+02  0.1404636E+01
 0.1490000E+02  0.1404698E+01
 0.1500000E+02  0.1404761E+01
 0.1510000E+02  0.1404824E+01
 0.1520000E+02  0.1404887E+01
 0.1530000E+02  0.1404951E+01
 0.1540000E+02  0.1405015E+01
 0.1550000E+02  0.1405080E+01
 0.1560000E+02  0.1405145E+01
 0.1570000E+02  0.1405210E+01
 0.1580000E+02  0.1405276E+01
 0.1590000E+02  0.1405342E+01
 0.1600000E+02  0.1405409E+01
 0.1610000E+02  0.1405476E+01
 0.1620000E+02  0.1405543E+01
 0.1630000E+02  0.1405611E+01
 0.1640000E+02  0.1405679E+01
 0.1650000E+02  0.1405747E+01
 0.1660000E+02  0.1405816E+01
 0.1670000E+02  0.1405886E+01
 0.1680000E+02  0.1405956E+01
 0.1690000E+02  0.1406026E+01
 0.1700000E+02  0.1406096E+01
 0.1710000E+02  0.1406167E+01
 0.1720000E+02  0.1406238E+01
 0.1730000E+02  0.1406310E+01
 0.1740000E+02  0.1406382E+01
 0.1750000E+02  0.1406455E+01
 0.1760000E+02  0.1406528E+01
 0.1770000E+02  0.1406601E+01
 0.1780000E+02  0.1406675E+01
 0.1790000E+02  0.1406749E+01
 0.1800000E+02  0.1406823E+01
 0.1810000E+02  0.1406898E+01
 0.1820000E+02  0.1406973E+01
 0.1830000E+02  0.1407049E+01
 0.1840000E+02  0.1407125E+01
 0.1850000E+02  0.1407201E+01
 0.1860000E+02  0.1407278E+01
 0.1870000E+02  0.1407355E+01
 0.1880000E+02  0.1407433E+01
 0.1890000E+02  0.1407511E+01
 0.1900000E+02  0.1407589E+01
 0.1910000E+02  0.1407668E+01
 0.1920000E+02  0.1407747E+01
 0.1930000E+02  0.1407826E+01
 0.1940000E+02  0.1407906E+01
 0.1950000E+02  0.1407986E+01
 0.1960000E+02  0.1408067E+01
 0.1970000E+02  0.1408148E+01
 0.1980000E+02  0.1408229E+01
 0.1990000E+02  0.1408311E+01
 0.2000000E+02  0.1408393E+01
 0.2010000E+02  0.1408476E+01
 0.2020000E+02  0.1408559E+01
 0.2030000E+02  0.1408642E+01
 0.2040000E+02  0.1408726E+01
 0.2050000E+02  0.1408810E+01
 0.2060000E+02  0.1408894E+01
 0.2070000E+02  0.1408979E+01
 0.2080000E+02  0.1409064E+01
 0.2090000E+02  0.1409150E+01
 0.2100000E+02  0.1409236E+01
 0.2110000E+02  0.1409322E+01
 0.2120000E+02  0.1409409E+01
 0.2130000E+02  0.1409496E+01
 0.2140000E+02  0.1409583E+01
 0.2150000E+02  0.1409671E+01
 0.2160000E+02  0.1409759E+01
 0.2170000E+02  0.1409848E+01
 0.2180000E+02  0.1409937E+01
 0.2190000E+02  0.1410026E+01
 0.2200000E+02  0.1410116E+01
 0.2210000E+02  0.1410206E+01
 0.2220000E+02  0.1410296E+01
 0.2230000E+02  0.1410387E+01
 0.2240000E+02  0.1410478E+01
 0.2250000E+02  0.1410570E+01
 0.2260000E+02  0.1410662E+01
 0.2270000E+02  0.1410754E+01
 0.2280000E+02  0.1410847E+01
 0.2290000E+02  0.1410940E+01
 0.2300000E+02  0.1411033E+01
 0.2310000E+02  0.1411127E+01
 0.2320000E+02  0.1411221E+01
 0.2330000E+02  0.1411316E+01
 0.2340000E+02  0.1411410E+01
 0.2350000E+02  0.1411506E+01
 0.2360000E+02  0.1411601E+01
 0.2370000E+02  0.1411697E+01
 0.2380000E+02  0.1411794E+01
 0.2390000E+02  0.1411890E+01
 0.2400000E+02  0.1411987E+01
 0.2410000E+02  0.1412085E+01
 0.2420000E+02  0.1412182E+01
 0.2430000E+02  0.1412281E+01
 0.2440000E+02  0.1412379E+01
 0.2450000E+02  0.1412478E+01
 0.2460000E+02  0.1412577E+01
 0.2470000E+02  0.1412677E+01
 0.2480000E+02  0.1412777E+01
 0.2490000E+02  0.1412877E+01
 0.2500000E+02  0.1412978E+01
 0.2510000E+02  0.1413079E+01
 0.2520000E+02  0.1413180E+01
 0.2530000E+02  0.1413282E+01
 0.2540000E+02  0.1413384E+01
 0.2550000E+02  0.1413486E+01
 0.2560000E+02  0.1413589E+01
 0.2570000E+02  0.1413692E+01
 0.2580000E+02  0.1413796E+01
 0.2590000E+02  0.1413899E+01
 0.2600000E+02  0.1414004E+01
 0.2610000E+02  0.1414108E+01
 0.2620000E+02  0.1414213E+01
 0.2630000E+02  0.1414318E+01
 0.2640000E+02  0.1414424E+01
 0.2650000E+02  0.1414530E+01
 0.2660000E+02  0.1414636E+01
 0.2670000E+02  0.1414743E+01
 0.2680000E+02  0.1414850E+01
 0.2690000E+02  0.1414957E+01
 0.2700000E+02  0.1415065E+01
 0.2710000E+02  0.1415173E+01
 0.2720000E+02  0.1415281E+01
 0.2730000E+02  0.1415390E+01
 0.2740000E+02  0.1415499E+01
 0.2750000E+02  0.1415609E+01
 0.2760000E+02  0.1415718E+01
 0.2770000E+02  0.1415829E+01
 0.2780000E+02  0.1415939E+01
 0.2790000E+02  0.1416050E+01
 0.2800000E+02  0.1416161E+01
 0.2810000E+02  0.1416273E+01
 0.2820000E+02  0.1416384E+01
 0.2830000E+02  0.1416497E+01
 0.2840000E+02  0.1416609E+01
 0.2850000E+02  0.1416722E+01
 0.2860000E+02  0.1416835E+01
 0.2870000E+02  0.1416949E+01
 0.2880000E+02  0.1417063E+01
 0.2890000E+02  0.1417177E+01
 0.2900000E+02  0.1417291E+01
 0.2910000E+02  0.1417406E+01
 0.2920000E+02  0.1417522E+01
 0.2930000E+02  0.1417637E+01
 0.2940000E+02  0.1417753E+01
 0.2950000E+02  0.1417869E+01
 0.2960000E+02  0.1417986E+01
 0.2970000E+02  0.1418103E+01
 0.2980000E+02  0.1418220E+01
 0.2990000E+02  0.1418338E+01
 0.3000000E+02  0.1418456E+01
 0.3010000E+02  0.1418574E+01
 0.3020000E+02  0.1418692E+01
 0.3030000E+02  0.1418811E+01
 0.3040000E+02  0.1418930E+01
 0.3050000E+02  0.1419050E+01
 0.3060000E+02  0.1419170E+01
 0.3070000E+02  0.1419290E+01
 0.3080000E+02  0.1419411E+01
 0.3090000E+02  0.1419532E+01
 0.3100000E+02  0.1419653E+01
 0.3110000E+02  0.1419774E+01
 0.3120000E+02  0.1419896E+01
 0.3130000E+02  0.1420018E+01
 0.3140000E+02  0.1420141E+01
 0.3150000E+02  0.1420264E+01
 0.3160000E+02  0.1420387E+01
 0.3170000E+02  0.1420510E+01
 0.3180000E+02  0.1420634E+01
 0.3190000E+02  0.1420758E+01
 0.3200000E+02  0.1420883E+01
 0.3210000E+02  0.1421008E+01
 0.3220000E+02  0.1421133E+01
 0.3230000E+02  0.1421258E+01
 0.3240000E+02  0.1421384E+01
 0.3250000E+02  0.1421510E+01
 0.3260000E+02  0.1421636E+01
 0.3270000E+02  0.1421763E+01
 0.3280000E+02  0.1421890E+01
 0.3290000E+02  0.1422017E+01
 0.3300000E+02  0.1422145E+01
 0.3310000E+02  0.1422273E+01
 0.3320000E+02  0.1422401E+01
 0.3330000E+02  0.1422530E+01
 0.3340000E+02  0.1422659E+01
 0.3350000E+02  0.1422788E+01
 0.3360000E+02  0.1422917E+01
 0.3370000E+02  0.1423047E+01
 0.3380000E+02  0.1423177E+01
 0.3390000E+02  0.1423308E+01
 0.3400000E+02  0.1423439E+01
 0.3410000E+02  0.1423570E+01
 0.3420000E+02  0.1423701E+01
 0.3430000E+02  0.1423833E+01
 0.3440000E+02  0.1423965E+01
 0.3450000E+02  0.1424097E+01
 0.3460000E+02  0.1424230E+01
 0.3470000E+02  0.1424363E+01
 0.3480000E+02  0.1424496E+01
 0.3490000E+02  0.1424629E+01
 0.3500000E+02  0.1424763E+01
 0.3510000E+02  0.1424897E+01
 0.3520000E+02  0.1425032E+01
 0.3530000E+02  0.1425167E+01
 0.3540000E+02  0.1425302E+01
 0.3550000E+02  0.1425437E+01
 0.3560000E+02  0.1425573E+01
 0.3570000E+02  0.1425709E+01
 0.3580000E+02  0.1425845E+01
 0.3590000E+02  0.1425982E+01
 0.3600000E+02  0.1426119E+01
 0.3610000E+02  0.1426256E+01
 0.3620000E+02  0.1426393E+01
 0.3630000E+02  0.1426531E+01
 0.3640000E+02  0.1426669E+01
 0.3650000E+02  0.1426807E+01
 0.3660000E+02  0.1426946E+01
 0.3670000E+02  0.1427085E+01
 0.3680000E+02  0.1427224E+01
 0.3690000E+02  0.1427364E+01
 0.3700000E+02  0.1427504E+01
 0.3710000E+02  0.1427644E+01
 0.3720000E+02  0.1427784E+01
 0.3730000E+02  0.1427925E+01
 0.3740000E+02  0.1428066E+01
 0.3750000E+02  0.1428207E+01
 0.3760000E+02  0.1428349E+01
 0.3770000E+02  0.1428491E+01
 0.3780000E+02  0.1428633E+01
 0.3790000E+02  0.1428776E+01
 0.3800000E+02  0.1428918E+01
 0.3810000E+02  0.1429061E+01
 0.3820000E+02  0.1429205E+01
 0.3830000E+02  0.1429348E+01
 0.3840000E+02  0.1429492E+01
 0.3850000E+02  0.1429636E+01
 0.3860000E+02  0.1429781E+01
 0.3870000E+02  0.1429926E+01
 0.3880000E+02  0.1430071E+01
 0.3890000E+02  0.1430216E+01
 0.3900000E+02  0.1430362E+01
 0.3910000E+02  0.1430508E+01
 0.3920000E+02  0.1430654E+01
 0.3930000E+02  0.1430800E+01
 0.3940000E+02  0.1430947E+01
 0.3950000E+02  0.1431094E+01
 0.3960000E+02  0.1431242E+01
 0.3970000E+02  0.1431389E+01
 0.3980000E+02  0.1431537E+01
 0.3990000E+02  0.1431685E+01
 0.4000000E+02  0.1431834E+01
 0.4010000E+02  0.1431982E+01
 0.4020000E+02  0.1432131E+01
 0.4030000E+02  0.1432281E+01
 0.4040000E+02  0.1432430E+01
 0.4050000E+02  0.1432580E+01
 0.4060000E+02  0.1432730E+01
 0.4070000E+02  0.1432880E+01
 0.4080000E+02  0.1433031E+01
 0.4090000E+02  0.1433182E+01
 0.4100000E+02  0.1433333E+01
 0.4110000E+02  0.1433485E+01
 0.4120000E+02  0.1433636E+01
 0.4130000E+02  0.1433788E+01
 0.4140000E+02  0.1433941E+01
 0.4150000E+02  0.1434093E+01
 0.4160000E+02  0.1434246E+01
 0.4170000E+02  0.1434399E+01
 0.4180000E+02  0.1434552E+01
 0.4190000E+02  0.1434706E+01
 0.4200000E+02  0.1434860E+01
 0.4210000E+02  0.1435014E+01
 0.4220000E+02  0.1435168E+01
 0.4230000E+02  0.1435323E+01
 0.4240000E+02  0.1435478E+01
 0.4250000E+02  0.1435633E+01
 0.4260000E+02  0.1435789E+01
 0.4270000E+02  0.1435945E+01
 0.4280000E+02  0.1436101E+01
 0.4290000E+02  0.1436257E+01
 0.4300000E+02  0.1436413E+01
 0.4310000E+02  0.1436570E+01
 0.4320000E+02  0.1436727E+01
 0.4330000E+02  0.1436885E+01
 0.4340000E+02  0.1437042E+01
 0.4350000E+02  0.1437200E+01
 0.4360000E+02  0.1437358E+01
 0.4370000E+02  0.1437516E+01
 0.4380000E+02  0.1437675E+01
 0.4390000E+02  0.1437834E+01
 0.4400000E+02  0.1437993E+01
 0.4410000E+02  0.1438152E+01
 0.4420000E+02  0.1438312E+01
 0.4430000E+02  0.1438472E+01
 0.4440000E+02  0.1438632E+01
 0.4450000E+02  0.1438792E+01
 0.4460000E+02  0.1438953E+01
 0.4470000E+02  0.1439114E+01
 0.4480000E+02  0.1439275E+01
 0.4490000E+02  0.1439436E+01
 0.4500000E+02  0.1439598E+01
 0.4510000E+02  0.1439760E+01
 0.4520000E+02  0.1439922E+01
 0.4530000E+02  0.1440085E+01
 0.4540000E+02  0.1440247E+01
 0.4550000E+02  0.1440410E+01
 0.4560000E+02  0.1440573E+01
 0.4570000E+02  0.1440737E+01
 0.4580000E+02  0.1440900E+01
 0.4590000E+02  0.1441064E+01
 0.4600000E+02  0.1441228E+01
 0.4610000E+02  0.1441393E+01
 0.4620000E+02  0.1441557E+01
 0.4630000E+02  0.1441722E+01
 0.4640000E+02  0.1441887E+01
 0.4650000E+02  0.1442053E+01
 0.4660000E+02  0.1442218E+01
 0.4670000E+02  0.1442384E+01
 0.4680000E+02  0.1442550E+01
 0.4690000E+02  0.1442716E+01
 0.4700000E+02  0.1442883E+01
 0.4710000E+02  0.1443050E+01
 0.4720000E+02  0.1443217E+01
 0.4730000E+02  0.1443384E+01
 0.4740000E+02  0.1443552E+01
 0.4750000E+02  0.1443719E+01
 0.4760000E+02  0.1443887E+01
 0.4770000E+02  0.1444056E+01
 0.4780000E+02  0.1444224E+01
 0.4790000E+02  0.1444393E+01
 0.4800000E+02  0.1444562E+01
 0.4810000E+02  0.1444731E+01
 0.4820000E+02  0.1444900E+01
 0.4830000E+02  0.1445070E+01
 0.4840000E+02  0.1445240E+01
 0.4850000E+02  0.1445410E+01
 0.4860000E+02  0.1445580E+01
 0.4870000E+02  0.1445751E+01
 0.4880000E+02  0.1445922E+01
 0.4890000E+02  0.1446093E+01
 0.4900000E+02  0.1446264E+01
 0.4910000E+02  0.1446435E+01
 0.4920000E+02  0.1446607E+01
 0.4930000E+02  0.1446779E+01
 0.4940000E+02  0.1446951E+01
 0.4950000E+02  0.1447124E+01
 0.4960000E+02  0.1447296E+01
 0.4970000E+02  0.1447469E+01
 0.4980000E+02  0.1447642E+01
 0.4990000E+02  0.1447815E+01
 0.5000000E+02  0.1447989E+01
 0.5010000E+02  0.1448163E+01
 0.5020000E+02  0.1448337E+01
 0.5030000E+02  0.1448511E+01
 0.5040000E+02  0.1448685E+01
 0.5050000E+02  0.1448860E+01
 0.5060000E+02  0.1449035E+01
 0.5070000E+02  0.1449210E+01
 0.5080000E+02  0.1449385E+01
 0.5090000E+02  0.1449561E+01
 0.5100000E+02  0.1449736E+01
 0.5110000E+02  0.1449912E+01
 0.5120000E+02  0.1450088E+01
 0.5130000E+02  0.1450265E+01
 0.5140000E+02  0.1450441E+01
 0.5150000E+02  0.1450618E+01
 0.5160000E+02  0.1450795E+01
 0.5170000E+02  0.1450973E+01
 0.5180000E+02  0.1451150E+01
 0.5190000E+02  0.1451328E+01
 0.5200000E+02  0.1451506E+01
 0.5210000E+02  0.1451684E+01
 0.5220000E+02  0.1451862E+01
 0.5230000E+02  0.1452041E+01
 0.5240000E+02  0.1452219E+01
 0.5250000E+02  0.1452398E+01
 0.5260000E+02  0.1452577E+01
 0.5270000E+02  0.1452757E+01
 0.5280000E+02  0.1452936E+01
 0.5290000E+02  0.1453116E+01
 0.5300000E+02  0.1453296E+01
 0.5310000E+02  0.1453476E+01
 0.5320000E+02  0.1453657E+01
 0.5330000E+02  0.1453837E+01
 0.5340000E+02  0.1454018E+01
 0.5350000E+02  0.1454199E+01
 0.5360000E+02  0.1454381E+01
 0.5370000E+02  0.1454562E+01
 0.5380000E+02  0.1454744E+01
 0.5390000E+02  0.1454926E+01
 0.5400000E+02  0.1455108E+01
 0.5410000E+02  0.1455290E+01
 0.5420000E+02  0.1455472E+01
 0.5430000E+02  0.1455655E+01
 0.5440000E+02  0.1455838E+01
 0.5450000E+02  0.1456021E+01
 0.5460000E+02  0.1456204E+01
 0.5470000E+02  0.1456388E+01
 0.5480000E+02  0.1456571E+01
 0.5490000E+02  0.1456755E+01
 0.5500000E+02  0.1456939E+01
 0.5510000E+02  0.1457124E+01
 0.5520000E+02  0.1457308E+01
 0.5530000E+02  0.1457493E+01
 0.5540000E+02  0.1457677E+01
 0.5550000E+02  0.1457863E+01
 0.5560000E+02  0.1458048E+01
 0.5570000E+02  0.1458233E+01
 0.5580000E+02  0.1458419E+01
 0.5590000E+02  0.1458605E+01
 0.5600000E+02  0.1458791E+01
 0.5610000E+02  0.1458977E+01
 0.5620000E+02  0.1459163E+01
 0.5630000E+02  0.1459350E+01
 0.5640000E+02  0.1459537E+01
 0.5650000E+02  0.1459724E+01
 0.5660000E+02  0.1459911E+01
 0.5670000E+02  0.1460098E+01
 0.5680000E+02  0.1460286E+01
 0.5690000E+02  0.1460473E+01
 0.5700000E+02  0.1460661E+01
 0.5710000E+02  0.1460849E+01
 0.5720000E+02  0.1461038E+01
 0.5730000E+02  0.1461226E+01
 0.5740000E+02  0.1461415E+01
 0.5750000E+02  0.1461604E+01
 0.5760000E+02  0.1461793E+01
 0.5770000E+02  0.1461982E+01
 0.5780000E+02  0.1462171E+01
 0.5790000E+02  0.1462361E+01
 0.5800000E+02  0.1462551E+01
 0.5810000E+02  0.1462741E+01
 0.5820000E+02  0.1462931E+01
 0.5830000E+02  0.1463121E+01
 0.5840000E+02  0.1463311E+01
 0.5850000E+02  0.1463502E+01
 0.5860000E+02  0.1463693E+01
 0.5870000E+02  0.1463884E+01
 0.5880000E+02  0.1464075E+01
 0.5890000E+02  0.1464267E+01
 0.5900000E+02  0.1464458E+01
 0.5910000E+02  0.1464650E+01
 0.5920000E+02  0.1464842E+01
 0.5930000E+02  0.1465034E+01
 0.5940000E+02  0.1465226E+01
 0.5950000E+02  0.1465419E+01
 0.5960000E+02  0.1465611E+01
 0.5970000E+02  0.1465804E+01
 0.5980000E+02  0.1465997E+01
 0.5990000E+02  0.1466190E+01
 0.6000000E+02  0.1466383E+01
 0.6010000E+02  0.1466577E+01
 0.6020000E+02  0.1466771E+01
 0.6030000E+02  0.1466964E+01
 0.6040000E+02  0.1467158E+01
 0.6050000E+02  0.1467352E+01
 0.6060000E+02  0.1467547E+01
 0.6070000E+02  0.1467741E+01
 0.6080000E+02  0.1467936E+01
 0.6090000E+02  0.1468131E+01
 0.6100000E+02  0.1468326E+01
 0.6110000E+02  0.1468521E+01
 0.6120000E+02  0.1468716E+01
 0.6130000E+02  0.1468912E+01
 0.6140000E+02  0.1469107E+01
 0.6150000E+02  0.1469303E+01
 0.6160000E+02  0.1469499E+01
 0.6170000E+02  0.1469695E+01
 0.6180000E+02  0.1469892E+01
 0.6190000E+02  0.1470088E+01
 0.6200000E+02  0.1470285E+01
 0.6210000E+02  0.1470482E+01
 0.6220000E+02  0.1470679E+01
 0.6230000E+02  0.1470876E+01
 0.6240000E+02  0.1471073E+01
 0.6250000E+02  0.1471270E+01
 0.6260000E+02  0.1471468E+01
 0.6270000E+02  0.1471666E+01
 0.6280000E+02  0.1471864E+01
 0.6290000E+02  0.1472062E+01
 0.6300000E+02  0.1472260E+01
 0.6310000E+02  0.1472458E+01
 0.6320000E+02  0.1472657E+01
 0.6330000E+02  0.1472856E+01
 0.6340000E+02  0.1473054E+01
 0.6350000E+02  0.1473253E+01
 0.6360000E+02  0.1473453E+01
 0.6370000E+02  0.1473652E+01
 0.6380000E+02  0.1473851E+01
 0.6390000E+02  0.1474051E+01
 0.6400000E+02  0.1474251E+01
 0.6410000E+02  0.1474451E+01
 0.6420000E+02  0.1474651E+01
 0.6430000E+02  0.1474851E+01
 0.6440000E+02  0.1475051E+01
 0.6450000E+02  0.1475252E+01
 0.6460000E+02  0.1475452E+01
 0.6470000E+02  0.1475653E+01
 0.6480000E+02  0.1475854E+01
 0.6490000E+02  0.1476055E+01
 0.6500000E+02  0.1476257E+01
 0.6510000E+02  0.1476458E+01
 0.6520000E+02  0.1476660E+01
 0.6530000E+02  0.1476861E+01
 0.6540000E+02  0.1477063E+01
 0.6550000E+02  0.1477265E+01
 0.6560000E+02  0.1477467E+01
 0.6570000E+02  0.1477669E+01
 0.6580000E+02  0.1477872E+01
 0.6590000E+02  0.1478074E+01
 0.6600000E+02  0.1478277E+01
 0.6610000E+02  0.1478480E+01
 0.6620000E+02  0.1478683E+01
 0.6630000E+02  0.1478886E+01
 0.6640000E+02  0.1479089E+01
 0.6650000E+02  0.1479293E+01
 0.6660000E+02  0.1479496E+01
 0.6670000E+02  0.1479700E+01
 0.6680000E+02  0.1479904E+01
 0.6690000E+02  0.1480108E+01
 0.6700000E+02  0.1480312E+01
 0.6710000E+02  0.1480516E+01
 0.6720000E+02  0.1480720E+01
 0.6730000E+02  0.1480925E+01
 0.6740000E+02  0.1481129E+01
 0.6750000E+02  0.1481334E+01
 0.6760000E+02  0.1481539E+01
 0.6770000E+02  0.1481744E+01
 0.6780000E+02  0.1481949E+01
 0.6790000E+02  0.1482154E+01
 0.6800000E+02  0.1482360E+01
 0.6810000E+02  0.1482565E+01
 0.6820000E+02  0.1482771E+01
 0.6830000E+02  0.1482977E+01
 0.6840000E+02  0.1483183E+01
 0.6850000E+02  0.1483389E+01
 0.6860000E+02  0.1483595E+01
 0.6870000E+02  0.1483801E+01
 0.6880000E+02  0.1484008E+01
 0.6890000E+02  0.1484214E+01
 0.6900000E+02  0.1484421E+01
 0.6910000E+02  0.1484628E+01
 0.6920000E+02  0.1484835E+01
 0.6930000E+02  0.1485042E+01
 0.6940000E+02  0.1485249E+01
 0.6950000E+02  0.1485456E+01
 0.6960000E+02  0.1485664E+01
 0.6970000E+02  0.1485871E+01
 0.6980000E+02  0.1486079E+01
 0.6990000E+02  0.1486287E+01
 0.7000000E+02  0.1486495E+01
 0.7010000E+02  0.1486703E+01
 0.7020000E+02  0.1486911E+01
 0.7030000E+02  0.1487119E+01
 0.7040000E+02  0.1487328E+01
 0.7050000E+02  0.1487536E+01
 0.7060000E+02  0.1487745E+01
 0.7070000E+02  0.1487953E+01
 0.7080000E+02  0.1488162E+01
 0.7090000E+02  0.1488371E+01
 0.7100000E+02  0.1488580E+01
 0.7110000E+02  0.1488790E+01
 0.7120000E+02  0.1488999E+01
 0.7130000E+02  0.1489208E+01
 0.7140000E+02  0.1489418E+01
 0.7150000E+02  0.1489628E+01
 0.7160000E+02  0.1489837E+01
 0.7170000E+02  0.1490047E+01
 0.7180000E+02  0.1490257E+01
 0.7190000E+02  0.1490467E+01
 0.7200000E+02  0.1490678E+01
 0.7210000E+02  0.1490888E+01
 0.7220000E+02  0.1491098E+01
 0.7230000E+02  0.1491309E+01
 0.7240000E+02  0.1491520E+01
 0.7250000E+02  0.1491730E+01
 0.7260000E+02  0.1491941E+01
 0.7270000E+02  0.1492152E+01
 0.7280000E+02  0.1492363E+01
 0.7290000E+02  0.1492575E+01
 0.7300000E+02  0.1492786E+01
 0.7310000E+02  0.1492997E+01
 0.7320000E+02  0.1493209E+01
 0.7330000E+02  0.1493420E+01
 0.7340000E+02  0.1493632E+01
 0.7350000E+02  0.1493844E+01
 0.7360000E+02  0.1494056E+01
 0.7370000E+02  0.1494268E+01
 0.7380000E+02  0.1494480E+01
 0.7390000E+02  0.1494692E+01
 0.7400000E+02  0.1494905E+01
 0.7410000E+02  0.1495117E+01
 0.7420000E+02  0.1495330E+01
 0.7430000E+02  0.1495542E+01
 0.7440000E+02  0.1495755E+01
 0.7450000E+02  0.1495968E+01
 0.7460000E+02  0.1496181E+01
 0.7470000E+02  0.1496394E+01
 0.7480000E+02  0.1496607E+01
 0.7490000E+02  0.1496820E+01
 0.7500000E+02  0.1497033E+01
 0.7510000E+02  0.1497247E+01
 0.7520000E+02  0.1497460E+01
 0.7530000E+02  0.1497674E+01
 0.7540000E+02  0.1497887E+01
 0.7550000E+02  0.1498101E+01
 0.7560000E+02  0.1498315E+01
 0.7570000E+02  0.1498529E+01
 0.7580000E+02  0.1498743E+01
 0.7590000E+02  0.1498957E+01
 0.7600000E+02  0.1499171E+01
 0.7610000E+02  0.1499386E+01
 0.7620000E+02  0.1499600E+01
 0.7630000E+02  0.1499815E+01
 0.7640000E+02  0.1500029E+01
 0.7650000E+02  0.1500244E+01
 0.7660000E+02  0.1500459E+01
 0.7670000E+02  0.1500673E+01
 0.7680000E+02  0.1500888E+01
 0.7690000E+02  0.1501103E+01
 0.7700000E+02  0.1501319E+01
 0.7710000E+02  0.1501534E+01
 0.7720000E+02  0.1501749E+01
 0.7730000E+02  0.1501964E+01
 0.7740000E+02  0.1502180E+01
 0.7750000E+02  0.1502395E+01
 0.7760000E+02  0.1502611E+01
 0.7770000E+02  0.1502827E+01
 0.7780000E+02  0.1503042E+01
 0.7790000E+02  0.1503258E+01
 0.7800000E+02  0.1503474E+01
 0.7810000E+02  0.1503690E+01
 0.7820000E+02  0.1503906E+01
 0.7830000E+02  0.1504122E+01
 0.7840000E+02  0.1504338E+01
 0.7850000E+02  0.1504555E+01
 0.7860000E+02  0.1504771E+01
 0.7870000E+02  0.1504988E+01
 0.7880000E+02  0.1505204E+01
 0.7890000E+02  0.1505421E+01
 0.7900000E+02  0.1505637E+01
 0.7910000E+02  0.1505854E+01
 0.7920000E+02  0.1506071E+01
 0.7930000E+02  0.1506288E+01
 0.7940000E+02  0.1506505E+01
 0.7950000E+02  0.1506722E+01
 0.7960000E+02  0.1506939E+01
 0.7970000E+02  0.1507156E+01
 0.7980000E+02  0.1507373E+01
 0.7990000E+02  0.1507591E+01
 0.8000000E+02  0.1507808E+01
 0.8010000E+02  0.1508026E+01
 0.8020000E+02  0.1508243E+01
 0.8030000E+02  0.1508461E+01
 0.8040000E+02  0.1508678E+01
 0.8050000E+02  0.1508896E+01
 0.8060000E+02  0.1509114E+01
 0.8070000E+02  0.1509332E+01
 0.8080000E+02  0.1509550E+01
 0.8090000E+02  0.1509768E+01
 0.8100000E+02  0.1509986E+01
 0.8110000E+02  0.1510204E+01
 0.8120000E+02  0.1510422E+01
 0.8130000E+02  0.1510640E+01
 0.8140000E+02  0.1510858E+01
 0.8150000E+02  0.1511077E+01
 0.8160000E+02  0.1511295E+01
 0.8170000E+02  0.1511514E+01
 0.8180000E+02  0.1511732E+01
 0.8190000E+02  0.1511951E+01
 0.8200000E+02  0.1512169E+01
 0.8210000E+02  0.1512388E+01
 0.8220000E+02  0.1512607E+01
 0.8230000E+02  0.1512826E+01
 0.8240000E+02  0.1513045E+01
 0.8250000E+02  0.1513264E+01
 0.8260000E+02  0.1513483E+01
 0.8270000E+02  0.1513702E+01
 0.8280000E+02  0.1513921E+01
 0.8290000E+02  0.1514140E+01
 0.8300000E+02  0.1514359E+01
 0.8310000E+02  0.1514578E+01
 0.8320000E+02  0.1514798E+01
 0.8330000E+02  0.1515017E+01
 0.8340000E+02  0.1515237E+01
 0.8350000E+02  0.1515456E+01
 0.8360000E+02  0.1515676E+01
 0.8370000E+02  0.1515895E+01
 0.8380000E+02  0.1516115E+01
 0.8390000E+02  0.1516334E+01
 0.8400000E+02  0.1516554E+01
 0.8410000E+02  0.1516774E+01
 0.8420000E+02  0.1516994E+01
 0.8430000E+02  0.1517213E+01
 0.8440000E+02  0.1517433E+01
 0.8450000E+02  0.1517653E+01
 0.8460000E+02  0.1517873E+01
 0.8470000E+02  0.1518093E+01
 0.8480000E+02  0.1518313E+01
 0.8490000E+02  0.1518534E+01
 0.8500000E+02  0.1518754E+01
 0.8510000E+02  0.1518974E+01
 0.8520000E+02  0.1519194E+01
 0.8530000E+02  0.1519414E+01
 0.8540000E+02  0.1519635E+01
 0.8550000E+02  0.1519855E+01
 0.8560000E+02  0.1520076E+01
 0.8570000E+02  0.1520296E+01
 0.8580000E+02  0.1520516E+01
 0.8590000E+02  0.1520737E+01
 0.8600000E+02  0.1520958E+01
 0.8610000E+02  0.1521178E+01
 0.8620000E+02  0.1521399E+01
 0.8630000E+02  0.1521619E+01
 0.8640000E+02  0.1521840E+01
 0.8650000E+02  0.1522061E+01
 0.8660000E+02  0.1522282E+01
 0.8670000E+02  0.1522502E+01
 0.8680000E+02  0.1522723E+01
 0.8690000E+02  0.1522944E+01
 0.8700000E+02  0.1523165E+01
 0.8710000E+02  0.1523386E+01
 0.8720000E+02  0.1523607E+01
 0.8730000E+02  0.1523828E+01
 0.8740000E+02  0.1524049E+01
 0.8750000E+02  0.1524270E+01
 0.8760000E+02  0.1524491E+01
 0.8770000E+02  0.1524712E+01
 0.8780000E+02  0.1524933E+01
 0.8790000E+02  0.1525155E+01
 0.8800000E+02  0.1525376E+01
 0.8810000E+02  0.1525597E+01
 0.8820000E+02  0.1525818E+01
 0.8830000E+02  0.1526039E+01
 0.8840000E+02  0.1526261E+01
 0.8850000E+02  0.1526482E+01
 0.8860000E+02  0.1526703E+01
 0.8870000E+02  0.1526925E+01
 0.8880000E+02  0.1527146E+01
 0.8890000E+02  0.1527368E+01
 0.8900000E+02  0.1527589E+01
 0.8910000E+02  0.1527810E+01
 0.8920000E+02  0.1528032E+01
 0.8930000E+02  0.1528253E+01
 0.8940000E+02  0.1528475E+01
 0.8950000E+02  0.1528696E+01
 0.8960000E+02  0.1528918E+01
 0.8970000E+02  0.1529139E+01
 0.8980000E+02  0.1529361E+01
 0.8990000E+02  0.1529583E+01
 0.9000000E+02  0.1529804E+01
 0.9010000E+02  0.1530026E+01
 0.9020000E+02  0.1530248E+01
 0.9030000E+02  0.1530469E+01
 0.9040000E+02  0.1530691E+01
 0.9050000E+02  0.1530913E+01
 0.9060000E+02  0.1531134E+01
 0.9070000E+02  0.1531356E+01
 0.9080000E+02  0.1531578E+01
 0.9090000E+02  0.1531799E+01
 0.9100000E+02  0.1532021E+01
 0.9110000E+02  0.1532243E+01
 0.9120000E+02  0.1532465E+01
 0.9130000E+02  0.1532686E+01
 0.9140000E+02  0.1532908E+01
 0.9150000E+02  0.1533130E+01
 0.9160000E+02  0.1533352E+01
 0.9170000E+02  0.1533574E+01
 0.9180000E+02  0.1533795E+01
 0.9190000E+02  0.1534017E+01
 0.9200000E+02  0.1534239E+01
 0.9210000E+02  0.1534461E+01
 0.9220000E+02  0.1534683E+01
 0.9230000E+02  0.1534904E+01
 0.9240000E+02  0.1535126E+01
 0.9250000E+02  0.1535348E+01
 0.9260000E+02  0.1535570E+01
 0.9270000E+02  0.1535792E+01
 0.9280000E+02  0.1536014E+01
 0.9290000E+02  0.1536235E+01
 0.9300000E+02  0.1536457E+01
 0.9310000E+02  0.1536679E+01
 0.9320000E+02  0.1536901E+01
 0.9330000E+02  0.1537123E+01
 0.9340000E+02  0.1537345E+01
 0.9350000E+02  0.1537566E+01
 0.9360000E+02  0.1537788E+01
 0.9370000E+02  0.1538010E+01
 0.9380000E+02  0.1538232E+01
 0.9390000E+02  0.1538454E+01
 0.9400000E+02  0.1538675E+01
 0.9410000E+02  0.1538897E+01
 0.9420000E+02  0.1539119E+01
 0.9430000E+02  0.1539341E+01
 0.9440000E+02  0.1539562E+01
 0.9450000E+02  0.1539784E+01
 0.9460000E+02  0.1540006E+01
 0.9470000E+02  0.1540228E+01
 0.9480000E+02  0.1540449E+01
 0.9490000E+02  0.1540671E+01
 0.9500000E+02  0.1540893E+01
 0.9510000E+02  0.1541115E+01
 0.9520000E+02  0.1541336E+01
 0.9530000E+02  0.1541558E+01
 0.9540000E+02  0.1541780E+01
 0.9550000E+02  0.1542001E+01
 0.9560000E+02  0.1542223E+01
 0.9570000E+02  0.1542445E+01
 0.9580000E+02  0.1542666E+01
 0.9590000E+02  0.1542888E+01
 0.9600000E+02  0.1543109E+01
 0.9610000E+02  0.1543331E+01
 0.9620000E+02  0.1543552E+01
 0.9630000E+02  0.1543774E+01
 0.9640000E+02  0.1543995E+01
 0.9650000E+02  0.1544217E+01
 0.9660000E+02  0.1544438E+01
 0.9670000E+02  0.1544660E+01
 0.9680000E+02  0.1544881E+01
 0.9690000E+02  0.1545102E+01
 0.9700000E+02  0.1545324E+01
 0.9710000E+02  0.1545545E+01
 0.9720000E+02  0.1545767E+01
 0.9730000E+02  0.1545988E+01
 0.9740000E+02  0.1546209E+01
 0.9750000E+02  0.1546430E+01
 0.9760000E+02  0.1546652E+01
 0.9770000E+02  0.1546873E+01
 0.9780000E+02  0.1547094E+01
 0.9790000E+02  0.1547315E+01
 0.9800000E+02  0.1547536E+01
 0.9810000E+02  0.1547757E+01
 0.9820000E+02  0.1547978E+01
 0.9830000E+02  0.1548199E+01
 0.9840000E+02  0.1548420E+01
 0.9850000E+02  0.1548641E+01
 0.9860000E+02  0.1548862E+01
 0.9870000E+02  0.1549083E+01
 0.9880000E+02  0.1549304E+01
 0.9890000E+02  0.1549525E+01
 0.9900000E+02  0.1549746E+01
 0.9910000E+02  0.1549967E+01
 0.9920000E+02  0.1550187E+01
 0.9930000E+02  0.1550408E+01
 0.9940000E+02  0.1550629E+01
 0.9950000E+02  0.1550849E+01
 0.9960000E+02  0.1551070E+01
 0.9970000E+02  0.1551290E+01
 0.9980000E+02  0.1551511E+01
 0.9990000E+02  0.1551731E+01
 0.1000000E+03  0.1551952E+01
 0.1001000E+03  0.1552172E+01
 0.1002000E+03  0.1552393E+01
 0.1003000E+03  0.1552613E+01
 0.1004000E+03  0.1552833E+01
 0.1005000E+03  0.1553054E+01
 0.1006000E+03  0.1553274E+01
 0.1007000E+03  0.1553494E+01
 0.1008000E+03  0.1553714E+01
 0.1009000E+03  0.1553934E+01
 0.1010000E+03  0.1554154E+01
 0.1011000E+03  0.1554374E+01
 0.1012000E+03  0.1554594E+01
 0.1013000E+03  0.1554814E+01
 0.1014000E+03  0.1555034E+01
 0.1015000E+03  0.1555254E+01
 0.1016000E+03  0.1555473E+01
 0.1017000E+03  0.1555693E+01
 0.1018000E+03  0.1555913E+01
 0.1019000E+03  0.1556132E+01
 0.1020000E+03  0.1556352E+01
 0.1021000E+03  0.1556571E+01
 0.1022000E+03  0.1556791E+01
 0.1023000E+03  0.1557010E+01
 0.1024000E+03  0.1557230E+01
 0.1025000E+03  0.1557449E+01
 0.1026000E+03  0.1557668E+01
 0.1027000E+03  0.1557887E+01
 0.1028000E+03  0.1558106E+01
 0.1029000E+03  0.1558326E+01
 0.1030000E+03  0.1558545E+01
 0.1031000E+03  0.1558764E+01
 0.1032000E+03  0.1558982E+01
 0.1033000E+03  0.1559201E+01
 0.1034000E+03  0.1559420E+01
 0.1035000E+03  0.1559639E+01
 0.1036000E+03  0.1559858E+01
 0.1037000E+03  0.1560076E+01
 0.1038000E+03  0.1560295E+01
 0.1039000E+03  0.1560513E+01
 0.1040000E+03  0.1560732E+01
 0.1041000E+03  0.1560950E+01
 0.1042000E+03  0.1561168E+01
 0.1043000E+03  0.1561387E+01
 0.1044000E+03  0.1561605E+01
 0.1045000E+03  0.1561823E+01
 0.1046000E+03  0.1562041E+01
 0.1047000E+03  0.1562259E+01
 0.1048000E+03  0.1562477E+01
 0.1049000E+03  0.1562695E+01
 0.1050000E+03  0.1562913E+01
 0.1051000E+03  0.1563130E+01
 0.1052000E+03  0.1563348E+01
 0.1053000E+03  0.1563566E+01
 0.1054000E+03  0.1563783E+01
 0.1055000E+03  0.1564001E+01
 0.1056000E+03  0.1564218E+01
 0.1057000E+03  0.1564435E+01
 0.1058000E+03  0.1564653E+01
 0.1059000E+03  0.1564870E+01
 0.1060000E+03  0.1565087E+01
 0.1061000E+03  0.1565304E+01
 0.1062000E+03  0.1565521E+01
 0.1063000E+03  0.1565738E+01
 0.1064000E+03  0.1565955E+01
 0.1065000E+03  0.1566171E+01
 0.1066000E+03  0.1566388E+01
 0.1067000E+03  0.1566605E+01
 0.1068000E+03  0.1566821E+01
 0.1069000E+03  0.1567038E+01
 0.1070000E+03  0.1567254E+01
 0.1071000E+03  0.1567470E+01
 0.1072000E+03  0.1567686E+01
 0.1073000E+03  0.1567903E+01
 0.1074000E+03  0.1568119E+01
 0.1075000E+03  0.1568335E+01
 0.1076000E+03  0.1568550E+01
 0.1077000E+03  0.1568766E+01
 0.1078000E+03  0.1568982E+01
 0.1079000E+03  0.1569198E+01
 0.1080000E+03  0.1569413E+01
 0.1081000E+03  0.1569629E+01
 0.1082000E+03  0.1569844E+01
 0.1083000E+03  0.1570059E+01
 0.1084000E+03  0.1570275E+01
 0.1085000E+03  0.1570490E+01
 0.1086000E+03  0.1570705E+01
 0.1087000E+03  0.1570920E+01
 0.1088000E+03  0.1571135E+01
 0.1089000E+03  0.1571349E+01
 0.1090000E+03  0.1571564E+01
 0.1091000E+03  0.1571779E+01
 0.1092000E+03  0.1571993E+01
 0.1093000E+03  0.1572208E+01
 0.1094000E+03  0.1572422E+01
 0.1095000E+03  0.1572636E+01
 0.1096000E+03  0.1572850E+01
 0.1097000E+03  0.1573064E+01
 0.1098000E+03  0.1573278E+01
 0.1099000E+03  0.1573492E+01
 0.1100000E+03  0.1573706E+01
 0.1101000E+03  0.1573920E+01
 0.1102000E+03  0.1574133E+01
 0.1103000E+03  0.1574347E+01
 0.1104000E+03  0.1574560E+01
 0.1105000E+03  0.1574773E+01
 0.1106000E+03  0.1574987E+01
 0.1107000E+03  0.1575200E+01
 0.1108000E+03  0.1575413E+01
 0.1109000E+03  0.1575626E+01
 0.1110000E+03  0.1575838E+01
 0.1111000E+03  0.1576051E+01
 0.1112000E+03  0.1576264E+01
 0.1113000E+03  0.1576476E+01
 0.1114000E+03  0.1576688E+01
 0.1115000E+03  0.1576901E+01
 0.1116000E+03  0.1577113E+01
 0.1117000E+03  0.1577325E+01
 0.1118000E+03  0.1577537E+01
 0.1119000E+03  0.1577749E+01
 0.1120000E+03  0.1577961E+01
 0.1121000E+03  0.1578172E+01
 0.1122000E+03  0.1578384E+01
 0.1123000E+03  0.1578595E+01
 0.1124000E+03  0.1578807E+01
 0.1125000E+03  0.1579018E+01
 0.1126000E+03  0.1579229E+01
 0.1127000E+03  0.1579440E+01
 0.1128000E+03  0.1579651E+01
 0.1129000E+03  0.1579862E+01
 0.1130000E+03  0.1580072E+01
 0.1131000E+03  0.1580283E+01
 0.1132000E+03  0.1580493E+01
 0.1133000E+03  0.1580704E+01
 0.1134000E+03  0.1580914E+01
 0.1135000E+03  0.1581124E+01
 0.1136000E+03  0.1581334E+01
 0.1137000E+03  0.1581544E+01
 0.1138000E+03  0.1581754E+01
 0.1139000E+03  0.1581963E+01
 0.1140000E+03  0.1582173E+01
 0.1141000E+03  0.1582382E+01
 0.1142000E+03  0.1582592E+01
 0.1143000E+03  0.1582801E+01
 0.1144000E+03  0.1583010E+01
 0.1145000E+03  0.1583219E+01
 0.1146000E+03  0.1583428E+01
 0.1147000E+03  0.1583636E+01
 0.1148000E+03  0.1583845E+01
 0.1149000E+03  0.1584053E+01
 0.1150000E+03  0.1584262E+01
 0.1151000E+03  0.1584470E+01
 0.1152000E+03  0.1584678E+01
 0.1153000E+03  0.1584886E+01
 0.1154000E+03  0.1585094E+01
 0.1155000E+03  0.1585302E+01
 0.1156000E+03  0.1585509E+01
 0.1157000E+03  0.1585717E+01
 0.1158000E+03  0.1585924E+01
 0.1159000E+03  0.1586131E+01
 0.1160000E+03  0.1586338E+01
 0.1161000E+03  0.1586545E+01
 0.1162000E+03  0.1586752E+01
 0.1163000E+03  0.1586959E+01
 0.1164000E+03  0.1587165E+01
 0.1165000E+03  0.1587372E+01
 0.1166000E+03  0.1587578E+01
 0.1167000E+03  0.1587784E+01
 0.1168000E+03  0.1587990E+01
 0.1169000E+03  0.1588196E+01
 0.1170000E+03  0.1588402E+01
 0.1171000E+03  0.1588607E+01
 0.1172000E+03  0.1588813E+01
 0.1173000E+03  0.1589018E+01
 0.1174000E+03  0.1589224E+01
 0.1175000E+03  0.1589429E+01
 0.1176000E+03  0.1589634E+01
 0.1177000E+03  0.1589838E+01
 0.1178000E+03  0.1590043E+01
 0.1179000E+03  0.1590248E+01
 0.1180000E+03  0.1590452E+01
 0.1181000E+03  0.1590656E+01
 0.1182000E+03  0.1590860E+01
 0.1183000E+03  0.1591064E+01
 0.1184000E+03  0.1591268E+01
 0.1185000E+03  0.1591472E+01
 0.1186000E+03  0.1591675E+01
 0.1187000E+03  0.1591879E+01
 0.1188000E+03  0.1592082E+01
 0.1189000E+03  0.1592285E+01
 0.1190000E+03  0.1592488E+01
 0.1191000E+03  0.1592691E+01
 0.1192000E+03  0.1592894E+01
 0.1193000E+03  0.1593096E+01
 0.1194000E+03  0.1593299E+01
 0.1195000E+03  0.1593501E+01
 0.1196000E+03  0.1593703E+01
 0.1197000E+03  0.1593905E+01
 0.1198000E+03  0.1594107E+01
 0.1199000E+03  0.1594308E+01
 0.1200000E+03  0.1594510E+01
 0.1201000E+03  0.1594711E+01
 0.1202000E+03  0.1594912E+01
 0.1203000E+03  0.1595113E+01
 0.1204000E+03  0.1595314E+01
 0.1205000E+03  0.1595515E+01
 0.1206000E+03  0.1595715E+01
 0.1207000E+03  0.1595916E+01
 0.1208000E+03  0.1596116E+01
 0.1209000E+03  0.1596316E+01
 0.1210000E+03  0.1596516E+01
 0.1211000E+03  0.1596716E+01
 0.1212000E+03  0.1596916E+01
 0.1213000E+03  0.1597115E+01
 0.1214000E+03  0.1597314E+01
 0.1215000E+03  0.1597514E+01
 0.1216000E+03  0.1597713E+01
 0.1217000E+03  0.1597911E+01
 0.1218000E+03  0.1598110E+01
 0.1219000E+03  0.1598309E+01
 0.1220000E+03  0.1598507E+01
 0.1221000E+03  0.1598705E+01
 0.1222000E+03  0.1598903E+01
 0.1223000E+03  0.1599101E+01
 0.1224000E+03  0.1599299E+01
 0.1225000E+03  0.1599496E+01
 0.1226000E+03  0.1599694E+01
 0.1227000E+03  0.1599891E+01
 0.1228000E+03  0.1600088E+01
 0.1229000E+03  0.1600285E+01
 0.1230000E+03  0.1600481E+01
 0.1231000E+03  0.1600678E+01
 0.1232000E+03  0.1600874E+01
 0.1233000E+03  0.1601070E+01
 0.1234000E+03  0.1601267E+01
 0.1235000E+03  0.1601462E+01
 0.1236000E+03  0.1601658E+01
 0.1237000E+03  0.1601854E+01
 0.1238000E+03  0.1602049E+01
 0.1239000E+03  0.1602244E+01
 0.1240000E+03  0.1602439E+01
 0.1241000E+03  0.1602634E+01
 0.1242000E+03  0.1602829E+01
 0.1243000E+03  0.1603023E+01
 0.1244000E+03  0.1603217E+01
 0.1245000E+03  0.1603411E+01
 0.1246000E+03  0.1603605E+01
 0.1247000E+03  0.1603799E+01
 0.1248000E+03  0.1603993E+01
 0.1249000E+03  0.1604186E+01
 0.1250000E+03  0.1604379E+01
 0.1251000E+03  0.1604572E+01
 0.1252000E+03  0.1604765E+01
 0.1253000E+03  0.1604958E+01
 0.1254000E+03  0.1605150E+01
 0.1255000E+03  0.1605343E+01
 0.1256000E+03  0.1605535E+01
 0.1257000E+03  0.1605727E+01
 0.1258000E+03  0.1605919E+01
 0.1259000E+03  0.1606110E+01
 0.1260000E+03  0.1606302E+01
 0.1261000E+03  0.1606493E+01
 0.1262000E+03  0.1606684E+01
 0.1263000E+03  0.1606875E+01
 0.1264000E+03  0.1607066E+01
 0.1265000E+03  0.1607256E+01
 0.1266000E+03  0.1607446E+01
 0.1267000E+03  0.1607636E+01
 0.1268000E+03  0.1607826E+01
 0.1269000E+03  0.1608016E+01
 0.1270000E+03  0.1608206E+01
 0.1271000E+03  0.1608395E+01
 0.1272000E+03  0.1608584E+01
 0.1273000E+03  0.1608773E+01
 0.1274000E+03  0.1608962E+01
 0.1275000E+03  0.1609150E+01
 0.1276000E+03  0.1609339E+01
 0.1277000E+03  0.1609527E+01
 0.1278000E+03  0.1609715E+01
 0.1279000E+03  0.1609903E+01
 0.1280000E+03  0.1610090E+01
 0.1281000E+03  0.1610278E+01
 0.1282000E+03  0.1610465E+01
 0.1283000E+03  0.1610652E+01
 0.1284000E+03  0.1610839E+01
 0.1285000E+03  0.1611025E+01
 0.1286000E+03  0.1611212E+01
 0.1287000E+03  0.1611398E+01
 0.1288000E+03  0.1611584E+01
 0.1289000E+03  0.1611770E+01
 0.1290000E+03  0.1611956E+01
 0.1291000E+03  0.1612141E+01
 0.1292000E+03  0.1612326E+01
 0.1293000E+03  0.1612511E+01
 0.1294000E+03  0.1612696E+01
 0.1295000E+03  0.1612881E+01
 0.1296000E+03  0.1613065E+01
 0.1297000E+03  0.1613249E+01
 0.1298000E+03  0.1613433E+01
 0.1299000E+03  0.1613617E+01
 0.1300000E+03  0.1613801E+01
 0.1301000E+03  0.1613984E+01
 0.1302000E+03  0.1614167E+01
 0.1303000E+03  0.1614350E+01
 0.1304000E+03  0.1614533E+01
 0.1305000E+03  0.1614715E+01
 0.1306000E+03  0.1614898E+01
 0.1307000E+03  0.1615080E+01
 0.1308000E+03  0.1615262E+01
 0.1309000E+03  0.1615443E+01
 0.1310000E+03  0.1615625E+01
 0.1311000E+03  0.1615806E+01
 0.1312000E+03  0.1615987E+01
 0.1313000E+03  0.1616168E+01
 0.1314000E+03  0.1616349E+01
 0.1315000E+03  0.1616529E+01
 0.1316000E+03  0.1616709E+01
 0.1317000E+03  0.1616889E+01
 0.1318000E+03  0.1617069E+01
 0.1319000E+03  0.1617249E+01
 0.1320000E+03  0.1617428E+01
 0.1321000E+03  0.1617607E+01
 0.1322000E+03  0.1617786E+01
 0.1323000E+03  0.1617965E+01
 0.1324000E+03  0.1618143E+01
 0.1325000E+03  0.1618321E+01
 0.1326000E+03  0.1618499E+01
 0.1327000E+03  0.1618677E+01
 0.1328000E+03  0.1618855E+01
 0.1329000E+03  0.1619032E+01
 0.1330000E+03  0.1619209E+01
 0.1331000E+03  0.1619386E+01
 0.1332000E+03  0.1619563E+01
 0.1333000E+03  0.1619739E+01
 0.1334000E+03  0.1619916E+01
 0.1335000E+03  0.1620092E+01
 0.1336000E+03  0.1620267E+01
 0.1337000E+03  0.1620443E+01
 0.1338000E+03  0.1620618E+01
 0.1339000E+03  0.1620793E+01
 0.1340000E+03  0.1620968E+01
 0.1341000E+03  0.1621143E+01
 0.1342000E+03  0.1621317E+01
 0.1343000E+03  0.1621492E+01
 0.1344000E+03  0.1621666E+01
 0.1345000E+03  0.1621839E+01
 0.1346000E+03  0.1622013E+01
 0.1347000E+03  0.1622186E+01
 0.1348000E+03  0.1622359E+01
 0.1349000E+03  0.1622532E+01
 0.1350000E+03  0.1622704E+01
 0.1351000E+03  0.1622877E+01
 0.1352000E+03  0.1623049E+01
 0.1353000E+03  0.1623221E+01
 0.1354000E+03  0.1623392E+01
 0.1355000E+03  0.1623564E+01
 0.1356000E+03  0.1623735E+01
 0.1357000E+03  0.1623906E+01
 0.1358000E+03  0.1624076E+01
 0.1359000E+03  0.1624247E+01
 0.1360000E+03  0.1624417E+01
 0.1361000E+03  0.1624587E+01
 0.1362000E+03  0.1624757E+01
 0.1363000E+03  0.1624926E+01
 0.1364000E+03  0.1625095E+01
 0.1365000E+03  0.1625264E+01
 0.1366000E+03  0.1625433E+01
 0.1367000E+03  0.1625602E+01
 0.1368000E+03  0.1625770E+01
 0.1369000E+03  0.1625938E+01
 0.1370000E+03  0.1626106E+01
 0.1371000E+03  0.1626273E+01
 0.1372000E+03  0.1626441E+01
 0.1373000E+03  0.1626608E+01
 0.1374000E+03  0.1626775E+01
 0.1375000E+03  0.1626941E+01
 0.1376000E+03  0.1627107E+01
 0.1377000E+03  0.1627273E+01
 0.1378000E+03  0.1627439E+01
 0.1379000E+03  0.1627605E+01
 0.1380000E+03  0.1627770E+01
 0.1381000E+03  0.1627935E+01
 0.1382000E+03  0.1628100E+01
 0.1383000E+03  0.1628265E+01
 0.1384000E+03  0.1628429E+01
 0.1385000E+03  0.1628593E+01
 0.1386000E+03  0.1628757E+01
 0.1387000E+03  0.1628920E+01
 0.1388000E+03  0.1629084E+01
 0.1389000E+03  0.1629247E+01
 0.1390000E+03  0.1629410E+01
 0.1391000E+03  0.1629572E+01
 0.1392000E+03  0.1629734E+01
 0.1393000E+03  0.1629896E+01
 0.1394000E+03  0.1630058E+01
 0.1395000E+03  0.1630220E+01
 0.1396000E+03  0.1630381E+01
 0.1397000E+03  0.1630542E+01
 0.1398000E+03  0.1630703E+01
 0.1399000E+03  0.1630863E+01
 0.1400000E+03  0.1631023E+01
 0.1401000E+03  0.1631183E+01
 0.1402000E+03  0.1631343E+01
 0.1403000E+03  0.1631503E+01
 0.1404000E+03  0.1631662E+01
 0.1405000E+03  0.1631821E+01
 0.1406000E+03  0.1631979E+01
 0.1407000E+03  0.1632138E+01
 0.1408000E+03  0.1632296E+01
 0.1409000E+03  0.1632454E+01
 0.1410000E+03  0.1632611E+01
 0.1411000E+03  0.1632769E+01
 0.1412000E+03  0.1632926E+01
 0.1413000E+03  0.1633083E+01
 0.1414000E+03  0.1633239E+01
 0.1415000E+03  0.1633395E+01
 0.1416000E+03  0.1633551E+01
 0.1417000E+03  0.1633707E+01
 0.1418000E+03  0.1633863E+01
 0.1419000E+03  0.1634018E+01
 0.1420000E+03  0.1634173E+01
 0.1421000E+03  0.1634328E+01
 0.1422000E+03  0.1634482E+01
 0.1423000E+03  0.1634636E+01
 0.1424000E+03  0.1634790E+01
 0.1425000E+03  0.1634943E+01
 0.1426000E+03  0.1635097E+01
 0.1427000E+03  0.1635250E+01
 0.1428000E+03  0.1635403E+01
 0.1429000E+03  0.1635555E+01
 0.1430000E+03  0.1635707E+01
 0.1431000E+03  0.1635859E+01
 0.1432000E+03  0.1636011E+01
 0.1433000E+03  0.1636162E+01
 0.1434000E+03  0.1636313E+01
 0.1435000E+03  0.1636464E+01
 0.1436000E+03  0.1636615E+01
 0.1437000E+03  0.1636765E+01
 0.1438000E+03  0.1636915E+01
 0.1439000E+03  0.1637065E+01
 0.1440000E+03  0.1637214E+01
 0.1441000E+03  0.1637364E+01
 0.1442000E+03  0.1637513E+01
 0.1443000E+03  0.1637661E+01
 0.1444000E+03  0.1637809E+01
 0.1445000E+03  0.1637958E+01
 0.1446000E+03  0.1638105E+01
 0.1447000E+03  0.1638253E+01
 0.1448000E+03  0.1638400E+01
 0.1449000E+03  0.1638547E+01
 0.1450000E+03  0.1638694E+01
 0.1451000E+03  0.1638840E+01
 0.1452000E+03  0.1638986E+01
 0.1453000E+03  0.1639132E+01
 0.1454000E+03  0.1639277E+01
 0.1455000E+03  0.1639423E+01
 0.1456000E+03  0.1639568E+01
 0.1457000E+03  0.1639712E+01
 0.1458000E+03  0.1639857E+01
 0.1459000E+03  0.1640001E+01
 0.1460000E+03  0.1640144E+01
 0.1461000E+03  0.1640288E+01
 0.1462000E+03  0.1640431E+01
 0.1463000E+03  0.1640574E+01
 0.1464000E+03  0.1640717E+01
 0.1465000E+03  0.1640859E+01
 0.1466000E+03  0.1641001E+01
 0.1467000E+03  0.1641143E+01
 0.1468000E+03  0.1641284E+01
 0.1469000E+03  0.1641425E+01
 0.1470000E+03  0.1641566E+01
 0.1471000E+03  0.1641707E+01
 0.1472000E+03  0.1641847E+01
 0.1473000E+03  0.1641987E+01
 0.1474000E+03  0.1642127E+01
 0.1475000E+03  0.1642266E+01
 0.1476000E+03  0.1642406E+01
 0.1477000E+03  0.1642544E+01
 0.1478000E+03  0.1642683E+01
 0.1479000E+03  0.1642821E+01
 0.1480000E+03  0.1642959E+01
 0.1481000E+03  0.1643097E+01
 0.1482000E+03  0.1643234E+01
 0.1483000E+03  0.1643371E+01
 0.1484000E+03  0.1643508E+01
 0.1485000E+03  0.1643644E+01
 0.1486000E+03  0.1643780E+01
 0.1487000E+03  0.1643916E+01
 0.1488000E+03  0.1644052E+01
 0.1489000E+03  0.1644187E+01
 0.1490000E+03  0.1644322E+01
 0.1491000E+03  0.1644457E+01
 0.1492000E+03  0.1644591E+01
 0.1493000E+03  0.1644725E+01
 0.1494000E+03  0.1644859E+01
 0.1495000E+03  0.1644992E+01
 0.1496000E+03  0.1645125E+01
 0.1497000E+03  0.1645258E+01
 0.1498000E+03  0.1645391E+01
 0.1499000E+03  0.1645523E+01
 0.1500000E+03  0.1645655E+01
 0.1501000E+03  0.1645787E+01
 0.1502000E+03  0.1645918E+01
 0.1503000E+03  0.1646049E+01
 0.1504000E+03  0.1646180E+01
 0.1505000E+03  0.1646310E+01
 0.1506000E+03  0.1646440E+01
 0.1507000E+03  0.1646570E+01
 0.1508000E+03  0.1646699E+01
 0.1509000E+03  0.1646828E+01
 0.1510000E+03  0.1646957E+01
 0.1511000E+03  0.1647086E+01
 0.1512000E+03  0.1647214E+01
 0.1513000E+03  0.1647342E+01
 0.1514000E+03  0.1647470E+01
 0.1515000E+03  0.1647597E+01
 0.1516000E+03  0.1647724E+01
 0.1517000E+03  0.1647851E+01
 0.1518000E+03  0.1647977E+01
 0.1519000E+03  0.1648103E+01
 0.1520000E+03  0.1648229E+01
 0.1521000E+03  0.1648354E+01
 0.1522000E+03  0.1648479E+01
 0.1523000E+03  0.1648604E+01
 0.1524000E+03  0.1648728E+01
 0.1525000E+03  0.1648853E+01
 0.1526000E+03  0.1648976E+01
 0.1527000E+03  0.1649100E+01
 0.1528000E+03  0.1649223E+01
 0.1529000E+03  0.1649346E+01
 0.1530000E+03  0.1649469E+01
 0.1531000E+03  0.1649591E+01
 0.1532000E+03  0.1649713E+01
 0.1533000E+03  0.1649835E+01
 0.1534000E+03  0.1649956E+01
 0.1535000E+03  0.1650077E+01
 0.1536000E+03  0.1650197E+01
 0.1537000E+03  0.1650318E+01
 0.1538000E+03  0.1650438E+01
 0.1539000E+03  0.1650558E+01
 0.1540000E+03  0.1650677E+01
 0.1541000E+03  0.1650796E+01
 0.1542000E+03  0.1650915E+01
 0.1543000E+03  0.1651033E+01
 0.1544000E+03  0.1651151E+01
 0.1545000E+03  0.1651269E+01
 0.1546000E+03  0.1651387E+01
 0.1547000E+03  0.1651504E+01
 0.1548000E+03  0.1651621E+01
 0.1549000E+03  0.1651737E+01
 0.1550000E+03  0.1651853E+01
 0.1551000E+03  0.1651969E+01
 0.1552000E+03  0.1652085E+01
 0.1553000E+03  0.1652200E+01
 0.1554000E+03  0.1652315E+01
 0.1555000E+03  0.1652429E+01
 0.1556000E+03  0.1652543E+01
 0.1557000E+03  0.1652657E+01
 0.1558000E+03  0.1652771E+01
 0.1559000E+03  0.1652884E+01
 0.1560000E+03  0.1652997E+01
 0.1561000E+03  0.1653109E+01
 0.1562000E+03  0.1653222E+01
 0.1563000E+03  0.1653334E+01
 0.1564000E+03  0.1653445E+01
 0.1565000E+03  0.1653556E+01
 0.1566000E+03  0.1653667E+01
 0.1567000E+03  0.1653778E+01
 0.1568000E+03  0.1653888E+01
 0.1569000E+03  0.1653998E+01
 0.1570000E+03  0.1654108E+01
 0.1571000E+03  0.1654217E+01
 0.1572000E+03  0.1654326E+01
 0.1573000E+03  0.1654435E+01
 0.1574000E+03  0.1654543E+01
 0.1575000E+03  0.1654651E+01
 0.1576000E+03  0.1654758E+01
 0.1577000E+03  0.1654866E+01
 0.1578000E+03  0.1654973E+01
 0.1579000E+03  0.1655079E+01
 0.1580000E+03  0.1655186E+01
 0.1581000E+03  0.1655292E+01
 0.1582000E+03  0.1655397E+01
 0.1583000E+03  0.1655502E+01
 0.1584000E+03  0.1655607E+01
 0.1585000E+03  0.1655712E+01
 0.1586000E+03  0.1655816E+01
 0.1587000E+03  0.1655920E+01
 0.1588000E+03  0.1656024E+01
 0.1589000E+03  0.1656127E+01
 0.1590000E+03  0.1656230E+01
 0.1591000E+03  0.1656333E+01
 0.1592000E+03  0.1656435E+01
 0.1593000E+03  0.1656537E+01
 0.1594000E+03  0.1656638E+01
 0.1595000E+03  0.1656739E+01
 0.1596000E+03  0.1656840E+01
 0.1597000E+03  0.1656941E+01
 0.1598000E+03  0.1657041E+01
 0.1599000E+03  0.1657141E+01
 0.1600000E+03  0.1657241E+01
 0.1601000E+03  0.1657340E+01
 0.1602000E+03  0.1657439E+01
 0.1603000E+03  0.1657537E+01
 0.1604000E+03  0.1657635E+01
 0.1605000E+03  0.1657733E+01
 0.1606000E+03  0.1657831E+01
 0.1607000E+03  0.1657928E+01
 0.1608000E+03  0.1658024E+01
 0.1609000E+03  0.1658121E+01
 0.1610000E+03  0.1658217E+01
 0.1611000E+03  0.1658313E+01
 0.1612000E+03  0.1658408E+01
 0.1613000E+03  0.1658503E+01
 0.1614000E+03  0.1658598E+01
 0.1615000E+03  0.1658692E+01
 0.1616000E+03  0.1658787E+01
 0.1617000E+03  0.1658880E+01
 0.1618000E+03  0.1658974E+01
 0.1619000E+03  0.1659067E+01
 0.1620000E+03  0.1659159E+01
 0.1621000E+03  0.1659252E+01
 0.1622000E+03  0.1659344E+01
 0.1623000E+03  0.1659435E+01
 0.1624000E+03  0.1659527E+01
 0.1625000E+03  0.1659617E+01
 0.1626000E+03  0.1659708E+01
 0.1627000E+03  0.1659798E+01
 0.1628000E+03  0.1659888E+01
 0.1629000E+03  0.1659978E+01
 0.1630000E+03  0.1660067E+01
 0.1631000E+03  0.1660156E+01
 0.1632000E+03  0.1660244E+01
 0.1633000E+03  0.1660332E+01
 0.1634000E+03  0.1660420E+01
 0.1635000E+03  0.1660508E+01
 0.1636000E+03  0.1660595E+01
 0.1637000E+03  0.1660682E+01
 0.1638000E+03  0.1660768E+01
 0.1639000E+03  0.1660854E+01
 0.1640000E+03  0.1660940E+01
 0.1641000E+03  0.1661025E+01
 0.1642000E+03  0.1661110E+01
 0.1643000E+03  0.1661195E+01
 0.1644000E+03  0.1661279E+01
 0.1645000E+03  0.1661363E+01
 0.1646000E+03  0.1661447E+01
 0.1647000E+03  0.1661530E+01
 0.1648000E+03  0.1661613E+01
 0.1649000E+03  0.1661695E+01
 0.1650000E+03  0.1661778E+01
 0.1651000E+03  0.1661859E+01
 0.1652000E+03  0.1661941E+01
 0.1653000E+03  0.1662022E+01
 0.1654000E+03  0.1662103E+01
 0.1655000E+03  0.1662183E+01
 0.1656000E+03  0.1662263E+01
 0.1657000E+03  0.1662343E+01
 0.1658000E+03  0.1662422E+01
 0.1659000E+03  0.1662501E+01
 0.1660000E+03  0.1662580E+01
 0.1661000E+03  0.1662658E+01
 0.1662000E+03  0.1662736E+01
 0.1663000E+03  0.1662814E+01
 0.1664000E+03  0.1662891E+01
 0.1665000E+03  0.1662968E+01
 0.1666000E+03  0.1663045E+01
 0.1667000E+03  0.1663121E+01
 0.1668000E+03  0.1663197E+01
 0.1669000E+03  0.1663272E+01
 0.1670000E+03  0.1663347E+01
 0.1671000E+03  0.1663422E+01
 0.1672000E+03  0.1663496E+01
 0.1673000E+03  0.1663570E+01
 0.1674000E+03  0.1663644E+01
 0.1675000E+03  0.1663717E+01
 0.1676000E+03  0.1663790E+01
 0.1677000E+03  0.1663863E+01
 0.1678000E+03  0.1663935E+01
 0.1679000E+03  0.1664007E+01
 0.1680000E+03  0.1664079E+01
 0.1681000E+03  0.1664150E+01
 0.1682000E+03  0.1664221E+01
 0.1683000E+03  0.1664291E+01
 0.1684000E+03  0.1664361E+01
 0.1685000E+03  0.1664431E+01
 0.1686000E+03  0.1664500E+01
 0.1687000E+03  0.1664569E+01
 0.1688000E+03  0.1664638E+01
 0.1689000E+03  0.1664706E+01
 0.1690000E+03  0.1664774E+01
 0.1691000E+03  0.1664842E+01
 0.1692000E+03  0.1664909E+01
 0.1693000E+03  0.1664976E+01
 0.1694000E+03  0.1665042E+01
 0.1695000E+03  0.1665108E+01
 0.1696000E+03  0.1665174E+01
 0.1697000E+03  0.1665240E+01
 0.1698000E+03  0.1665305E+01
 0.1699000E+03  0.1665369E+01
 0.1700000E+03  0.1665434E+01
 0.1701000E+03  0.1665498E+01
 0.1702000E+03  0.1665561E+01
 0.1703000E+03  0.1665625E+01
 0.1704000E+03  0.1665688E+01
 0.1705000E+03  0.1665750E+01
 0.1706000E+03  0.1665812E+01
 0.1707000E+03  0.1665874E+01
 0.1708000E+03  0.1665935E+01
 0.1709000E+03  0.1665997E+01
 0.1710000E+03  0.1666057E+01
 0.1711000E+03  0.1666118E+01
 0.1712000E+03  0.1666178E+01
 0.1713000E+03  0.1666237E+01
 0.1714000E+03  0.1666297E+01
 0.1715000E+03  0.1666355E+01
 0.1716000E+03  0.1666414E+01
 0.1717000E+03  0.1666472E+01
 0.1718000E+03  0.1666530E+01
 0.1719000E+03  0.1666587E+01
 0.1720000E+03  0.1666645E+01
 0.1721000E+03  0.1666701E+01
 0.1722000E+03  0.1666758E+01
 0.1723000E+03  0.1666814E+01
 0.1724000E+03  0.1666869E+01
 0.1725000E+03  0.1666925E+01
 0.1726000E+03  0.1666980E+01
 0.1727000E+03  0.1667034E+01
 0.1728000E+03  0.1667088E+01
 0.1729000E+03  0.1667142E+01
 0.1730000E+03  0.1667196E+01
 0.1731000E+03  0.1667249E+01
 0.1732000E+03  0.1667301E+01
 0.1733000E+03  0.1667354E+01
 0.1734000E+03  0.1667406E+01
 0.1735000E+03  0.1667457E+01
 0.1736000E+03  0.1667509E+01
 0.1737000E+03  0.1667560E+01
 0.1738000E+03  0.1667610E+01
 0.1739000E+03  0.1667660E+01
 0.1740000E+03  0.1667710E+01
 0.1741000E+03  0.1667760E+01
 0.1742000E+03  0.1667809E+01
 0.1743000E+03  0.1667857E+01
 0.1744000E+03  0.1667906E+01
 0.1745000E+03  0.1667954E+01
 0.1746000E+03  0.1668001E+01
 0.1747000E+03  0.1668049E+01
 0.1748000E+03  0.1668096E+01
 0.1749000E+03  0.1668142E+01
 0.1750000E+03  0.1668188E+01
 0.1751000E+03  0.1668234E+01
 0.1752000E+03  0.1668279E+01
 0.1753000E+03  0.1668325E+01
 0.1754000E+03  0.1668369E+01
 0.1755000E+03  0.1668414E+01
 0.1756000E+03  0.1668458E+01
 0.1757000E+03  0.1668501E+01
 0.1758000E+03  0.1668544E+01
 0.1759000E+03  0.1668587E+01
 0.1760000E+03  0.1668630E+01
 0.1761000E+03  0.1668672E+01
 0.1762000E+03  0.1668714E+01
 0.1763000E+03  0.1668755E+01
 0.1764000E+03  0.1668796E+01
 0.1765000E+03  0.1668837E+01
 0.1766000E+03  0.1668877E+01
 0.1767000E+03  0.1668917E+01
 0.1768000E+03  0.1668957E+01
 0.1769000E+03  0.1668996E+01
 0.1770000E+03  0.1669035E+01
 0.1771000E+03  0.1669073E+01
 0.1772000E+03  0.1669111E+01
 0.1773000E+03  0.1669149E+01
 0.1774000E+03  0.1669187E+01
 0.1775000E+03  0.1669224E+01
 0.1776000E+03  0.1669260E+01
 0.1777000E+03  0.1669297E+01
 0.1778000E+03  0.1669332E+01
 0.1779000E+03  0.1669368E+01
 0.1780000E+03  0.1669403E+01
 0.1781000E+03  0.1669438E+01
 0.1782000E+03  0.1669473E+01
 0.1783000E+03  0.1669507E+01
 0.1784000E+03  0.1669540E+01
 0.1785000E+03  0.1669574E+01
 0.1786000E+03  0.1669607E+01
 0.1787000E+03  0.1669639E+01
 0.1788000E+03  0.1669672E+01
 0.1789000E+03  0.1669704E+01
 0.1790000E+03  0.1669735E+01
 0.1791000E+03  0.1669766E+01
 0.1792000E+03  0.1669797E+01
 0.1793000E+03  0.1669827E+01
 0.1794000E+03  0.1669858E+01
 0.1795000E+03  0.1669887E+01
 0.1796000E+03  0.1669917E+01
 0.1797000E+03  0.1669946E+01
 0.1798000E+03  0.1669974E+01
 0.1799000E+03  0.1670002E+01
 0.1800000E+03  0.1670030E+01
 0.1801000E+03  0.1670058E+01
 0.1802000E+03  0.1670085E+01
 0.1803000E+03  0.1670112E+01
 0.1804000E+03  0.1670138E+01
 0.1805000E+03  0.1670164E+01
 0.1806000E+03  0.1670190E+01
 0.1807000E+03  0.1670215E+01
 0.1808000E+03  0.1670240E+01
 0.1809000E+03  0.1670265E+01
 0.1810000E+03  0.1670289E+01
 0.1811000E+03  0.1670313E+01
 0.1812000E+03  0.1670336E+01
 0.1813000E+03  0.1670360E+01
 0.1814000E+03  0.1670382E+01
 0.1815000E+03  0.1670405E+01
 0.1816000E+03  0.1670427E+01
 0.1817000E+03  0.1670448E+01
 0.1818000E+03  0.1670470E+01
 0.1819000E+03  0.1670491E+01
 0.1820000E+03  0.1670511E+01
 0.1821000E+03  0.1670532E+01
 0.1822000E+03  0.1670551E+01
 0.1823000E+03  0.1670571E+01
 0.1824000E+03  0.1670590E+01
 0.1825000E+03  0.1670609E+01
 0.1826000E+03  0.1670627E+01
 0.1827000E+03  0.1670645E+01
 0.1828000E+03  0.1670663E+01
 0.1829000E+03  0.1670680E+01
 0.1830000E+03  0.1670697E+01
 0.1831000E+03  0.1670714E+01
 0.1832000E+03  0.1670730E+01
 0.1833000E+03  0.1670746E+01
 0.1834000E+03  0.1670761E+01
 0.1835000E+03  0.1670776E+01
 0.1836000E+03  0.1670791E+01
 0.1837000E+03  0.1670806E+01
 0.1838000E+03  0.1670820E+01
 0.1839000E+03  0.1670833E+01
 0.1840000E+03  0.1670847E+01
 0.1841000E+03  0.1670860E+01
 0.1842000E+03  0.1670872E+01
 0.1843000E+03  0.1670884E+01
 0.1844000E+03  0.1670896E+01
 0.1845000E+03  0.1670908E+01
 0.1846000E+03  0.1670919E+01
 0.1847000E+03  0.1670930E+01
 0.1848000E+03  0.1670940E+01
 0.1849000E+03  0.1670950E+01
 0.1850000E+03  0.1670960E+01
 0.1851000E+03  0.1670969E+01
 0.1852000E+03  0.1670978E+01
 0.1853000E+03  0.1670987E+01
 0.1854000E+03  0.1670995E+01
 0.1855000E+03  0.1671003E+01
 0.1856000E+03  0.1671011E+01
 0.1857000E+03  0.1671018E+01
 0.1858000E+03  0.1671024E+01
 0.1859000E+03  0.1671031E+01
 0.1860000E+03  0.1671037E+01
 0.1861000E+03  0.1671043E+01
 0.1862000E+03  0.1671048E+01
 0.1863000E+03  0.1671053E+01
 0.1864000E+03  0.1671058E+01
 0.1865000E+03  0.1671062E+01
 0.1866000E+03  0.1671066E+01
 0.1867000E+03  0.1671070E+01
 0.1868000E+03  0.1671073E+01
 0.1869000E+03  0.1671076E+01
 0.1870000E+03  0.1671078E+01
 0.1871000E+03  0.1671080E+01
 0.1872000E+03  0.1671082E+01
 0.1873000E+03  0.1671084E+01
 0.1874000E+03  0.1671085E+01
 0.1875000E+03  0.1671085E+01
 0.1876000E+03  0.1671086E+01
 0.1877000E+03  0.1671086E+01
 0.1878000E+03  0.1671085E+01
 0.1879000E+03  0.1671085E+01
 0.1880000E+03  0.1671083E+01
 0.1881000E+03  0.1671082E+01
 0.1882000E+03  0.1671080E+01
 0.1883000E+03  0.1671078E+01
 0.1884000E+03  0.1671076E+01
 0.1885000E+03  0.1671073E+01
 0.1886000E+03  0.1671069E+01
 0.1887000E+03  0.1671066E+01
 0.1888000E+03  0.1671062E+01
 0.1889000E+03  0.1671058E+01
 0.1890000E+03  0.1671053E+01
 0.1891000E+03  0.1671048E+01
 0.1892000E+03  0.1671043E+01
 0.1893000E+03  0.1671037E+01
 0.1894000E+03  0.1671031E+01
 0.1895000E+03  0.1671024E+01
 0.1896000E+03  0.1671018E+01
 0.1897000E+03  0.1671011E+01
 0.1898000E+03  0.1671003E+01
 0.1899000E+03  0.1670995E+01
 0.1900000E+03  0.1670987E+01
 0.1901000E+03  0.1670979E+01
 0.1902000E+03  0.1670970E+01
 0.1903000E+03  0.1670960E+01
 0.1904000E+03  0.1670951E+01
 0.1905000E+03  0.1670941E+01
 0.1906000E+03  0.1670931E+01
 0.1907000E+03  0.1670920E+01
 0.1908000E+03  0.1670909E+01
 0.1909000E+03  0.1670897E+01
 0.1910000E+03  0.1670886E+01
 0.1911000E+03  0.1670874E+01
 0.1912000E+03  0.1670861E+01
 0.1913000E+03  0.1670849E+01
 0.1914000E+03  0.1670835E+01
 0.1915000E+03  0.1670822E+01
 0.1916000E+03  0.1670808E+01
 0.1917000E+03  0.1670794E+01
 0.1918000E+03  0.1670779E+01
 0.1919000E+03  0.1670765E+01
 0.1920000E+03  0.1670749E+01
 0.1921000E+03  0.1670734E+01
 0.1922000E+03  0.1670718E+01
 0.1923000E+03  0.1670702E+01
 0.1924000E+03  0.1670685E+01
 0.1925000E+03  0.1670668E+01
 0.1926000E+03  0.1670651E+01
 0.1927000E+03  0.1670633E+01
 0.1928000E+03  0.1670615E+01
 0.1929000E+03  0.1670597E+01
 0.1930000E+03  0.1670578E+01
 0.1931000E+03  0.1670559E+01
 0.1932000E+03  0.1670540E+01
 0.1933000E+03  0.1670520E+01
 0.1934000E+03  0.1670500E+01
 0.1935000E+03  0.1670479E+01
 0.1936000E+03  0.1670459E+01
 0.1937000E+03  0.1670437E+01
 0.1938000E+03  0.1670416E+01
 0.1939000E+03  0.1670394E+01
 0.1940000E+03  0.1670372E+01
 0.1941000E+03  0.1670349E+01
 0.1942000E+03  0.1670327E+01
 0.1943000E+03  0.1670303E+01
 0.1944000E+03  0.1670280E+01
 0.1945000E+03  0.1670256E+01
 0.1946000E+03  0.1670232E+01
 0.1947000E+03  0.1670207E+01
 0.1948000E+03  0.1670182E+01
 0.1949000E+03  0.1670157E+01
 0.1950000E+03  0.1670131E+01
 0.1951000E+03  0.1670106E+01
 0.1952000E+03  0.1670079E+01
 0.1953000E+03  0.1670053E+01
 0.1954000E+03  0.1670026E+01
 0.1955000E+03  0.1669998E+01
 0.1956000E+03  0.1669971E+01
 0.1957000E+03  0.1669943E+01
 0.1958000E+03  0.1669915E+01
 0.1959000E+03  0.1669886E+01
 0.1960000E+03  0.1669857E+01
 0.1961000E+03  0.1669828E+01
 0.1962000E+03  0.1669798E+01
 0.1963000E+03  0.1669768E+01
 0.1964000E+03  0.1669738E+01
 0.1965000E+03  0.1669707E+01
 0.1966000E+03  0.1669676E+01
 0.1967000E+03  0.1669644E+01
 0.1968000E+03  0.1669613E+01
 0.1969000E+03  0.1669581E+01
 0.1970000E+03  0.1669548E+01
 0.1971000E+03  0.1669516E+01
 0.1972000E+03  0.1669483E+01
 0.1973000E+03  0.1669449E+01
 0.1974000E+03  0.1669416E+01
 0.1975000E+03  0.1669381E+01
 0.1976000E+03  0.1669347E+01
 0.1977000E+03  0.1669312E+01
 0.1978000E+03  0.1669277E+01
 0.1979000E+03  0.1669242E+01
 0.1980000E+03  0.1669206E+01
 0.1981000E+03  0.1669170E+01
 0.1982000E+03  0.1669134E+01
 0.1983000E+03  0.1669097E+01
 0.1984000E+03  0.1669060E+01
 0.1985000E+03  0.1669023E+01
 0.1986000E+03  0.1668985E+01
 0.1987000E+03  0.1668947E+01
 0.1988000E+03  0.1668909E+01
 0.1989000E+03  0.1668870E+01
 0.1990000E+03  0.1668831E+01
 0.1991000E+03  0.1668792E+01
 0.1992000E+03  0.1668752E+01
 0.1993000E+03  0.1668712E+01
 0.1994000E+03  0.1668671E+01
 0.1995000E+03  0.1668631E+01
 0.1996000E+03  0.1668590E+01
 0.1997000E+03  0.1668548E+01
 0.1998000E+03  0.1668507E+01
 0.1999000E+03  0.1668465E+01
 0.2000000E+03  0.1668423E+01
 0.2001000E+03  0.1668380E+01
 0.2002000E+03  0.1668337E+01
 0.2003000E+03  0.1668294E+01
 0.2004000E+03  0.1668250E+01
 0.2005000E+03  0.1668206E+01
 0.2006000E+03  0.1668162E+01
 0.2007000E+03  0.1668117E+01
 0.2008000E+03  0.1668072E+01
 0.2009000E+03  0.1668027E+01
 0.2010000E+03  0.1667982E+01
 0.2011000E+03  0.1667936E+01
 0.2012000E+03  0.1667890E+01
 0.2013000E+03  0.1667843E+01
 0.2014000E+03  0.1667796E+01
 0.2015000E+03  0.1667749E+01
 0.2016000E+03  0.1667701E+01
 0.2017000E+03  0.1667654E+01
 0.2018000E+03  0.1667606E+01
 0.2019000E+03  0.1667557E+01
 0.2020000E+03  0.1667508E+01
 0.2021000E+03  0.1667459E+01
 0.2022000E+03  0.1667410E+01
 0.2023000E+03  0.1667360E+01
 0.2024000E+03  0.1667310E+01
 0.2025000E+03  0.1667260E+01
 0.2026000E+03  0.1667209E+01
 0.2027000E+03  0.1667158E+01
 0.2028000E+03  0.1667107E+01
 0.2029000E+03  0.1667055E+01
 0.2030000E+03  0.1667003E+01
 0.2031000E+03  0.1666951E+01
 0.2032000E+03  0.1666898E+01
 0.2033000E+03  0.1666846E+01
 0.2034000E+03  0.1666792E+01
 0.2035000E+03  0.1666739E+01
 0.2036000E+03  0.1666685E+01
 0.2037000E+03  0.1666631E+01
 0.2038000E+03  0.1666576E+01
 0.2039000E+03  0.1666522E+01
 0.2040000E+03  0.1666467E+01
 0.2041000E+03  0.1666411E+01
 0.2042000E+03  0.1666355E+01
 0.2043000E+03  0.1666299E+01
 0.2044000E+03  0.1666243E+01
 0.2045000E+03  0.1666187E+01
 0.2046000E+03  0.1666130E+01
 0.2047000E+03  0.1666072E+01
 0.2048000E+03  0.1666015E+01
 0.2049000E+03  0.1665957E+01
 0.2050000E+03  0.1665899E+01
 0.2051000E+03  0.1665840E+01
 0.2052000E+03  0.1665781E+01
 0.2053000E+03  0.1665722E+01
 0.2054000E+03  0.1665663E+01
 0.2055000E+03  0.1665603E+01
 0.2056000E+03  0.1665543E+01
 0.2057000E+03  0.1665483E+01
 0.2058000E+03  0.1665422E+01
 0.2059000E+03  0.1665361E+01
 0.2060000E+03  0.1665300E+01
 0.2061000E+03  0.1665239E+01
 0.2062000E+03  0.1665177E+01
 0.2063000E+03  0.1665115E+01
 0.2064000E+03  0.1665052E+01
 0.2065000E+03  0.1664989E+01
 0.2066000E+03  0.1664926E+01
 0.2067000E+03  0.1664863E+01
 0.2068000E+03  0.1664799E+01
 0.2069000E+03  0.1664736E+01
 0.2070000E+03  0.1664671E+01
 0.2071000E+03  0.1664607E+01
 0.2072000E+03  0.1664542E+01
 0.2073000E+03  0.1664477E+01
 0.2074000E+03  0.1664411E+01
 0.2075000E+03  0.1664346E+01
 0.2076000E+03  0.1664280E+01
 0.2077000E+03  0.1664213E+01
 0.2078000E+03  0.1664147E+01
 0.2079000E+03  0.1664080E+01
 0.2080000E+03  0.1664012E+01
 0.2081000E+03  0.1663945E+01
 0.2082000E+03  0.1663877E+01
 0.2083000E+03  0.1663809E+01
 0.2084000E+03  0.1663741E+01
 0.2085000E+03  0.1663672E+01
 0.2086000E+03  0.1663603E+01
 0.2087000E+03  0.1663534E+01
 0.2088000E+03  0.1663464E+01
 0.2089000E+03  0.1663394E+01
 0.2090000E+03  0.1663324E+01
 0.2091000E+03  0.1663254E+01
 0.2092000E+03  0.1663183E+01
 0.2093000E+03  0.1663112E+01
 0.2094000E+03  0.1663041E+01
 0.2095000E+03  0.1662969E+01
 0.2096000E+03  0.1662897E+01
 0.2097000E+03  0.1662825E+01
 0.2098000E+03  0.1662753E+01
 0.2099000E+03  0.1662680E+01
 0.2100000E+03  0.1662607E+01
 0.2101000E+03  0.1662534E+01
 0.2102000E+03  0.1662460E+01
 0.2103000E+03  0.1662386E+01
 0.2104000E+03  0.1662312E+01
 0.2105000E+03  0.1662237E+01
 0.2106000E+03  0.1662163E+01
 0.2107000E+03  0.1662088E+01
 0.2108000E+03  0.1662012E+01
 0.2109000E+03  0.1661937E+01
 0.2110000E+03  0.1661861E+01
 0.2111000E+03  0.1661785E+01
 0.2112000E+03  0.1661708E+01
 0.2113000E+03  0.1661632E+01
 0.2114000E+03  0.1661555E+01
 0.2115000E+03  0.1661477E+01
 0.2116000E+03  0.1661400E+01
 0.2117000E+03  0.1661322E+01
 0.2118000E+03  0.1661244E+01
 0.2119000E+03  0.1661166E+01
 0.2120000E+03  0.1661087E+01
 0.2121000E+03  0.1661008E+01
 0.2122000E+03  0.1660929E+01
 0.2123000E+03  0.1660849E+01
 0.2124000E+03  0.1660770E+01
 0.2125000E+03  0.1660690E+01
 0.2126000E+03  0.1660609E+01
 0.2127000E+03  0.1660529E+01
 0.2128000E+03  0.1660448E+01
 0.2129000E+03  0.1660367E+01
 0.2130000E+03  0.1660285E+01
 0.2131000E+03  0.1660204E+01
 0.2132000E+03  0.1660122E+01
 0.2133000E+03  0.1660040E+01
 0.2134000E+03  0.1659957E+01
 0.2135000E+03  0.1659874E+01
 0.2136000E+03  0.1659791E+01
 0.2137000E+03  0.1659708E+01
 0.2138000E+03  0.1659624E+01
 0.2139000E+03  0.1659541E+01
 0.2140000E+03  0.1659457E+01
 0.2141000E+03  0.1659372E+01
 0.2142000E+03  0.1659288E+01
 0.2143000E+03  0.1659203E+01
 0.2144000E+03  0.1659118E+01
 0.2145000E+03  0.1659032E+01
 0.2146000E+03  0.1658946E+01
 0.2147000E+03  0.1658861E+01
 0.2148000E+03  0.1658774E+01
 0.2149000E+03  0.1658688E+01
 0.2150000E+03  0.1658601E+01
 0.2151000E+03  0.1658514E+01
 0.2152000E+03  0.1658427E+01
 0.2153000E+03  0.1658339E+01
 0.2154000E+03  0.1658252E+01
 0.2155000E+03  0.1658164E+01
 0.2156000E+03  0.1658075E+01
 0.2157000E+03  0.1657987E+01
 0.2158000E+03  0.1657898E+01
 0.2159000E+03  0.1657809E+01
 0.2160000E+03  0.1657720E+01
 0.2161000E+03  0.1657630E+01
 0.2162000E+03  0.1657540E+01
 0.2163000E+03  0.1657450E+01
 0.2164000E+03  0.1657360E+01
 0.2165000E+03  0.1657269E+01
 0.2166000E+03  0.1657178E+01
 0.2167000E+03  0.1657087E+01
 0.2168000E+03  0.1656996E+01
 0.2169000E+03  0.1656904E+01
 0.2170000E+03  0.1656812E+01
 0.2171000E+03  0.1656720E+01
 0.2172000E+03  0.1656628E+01
 0.2173000E+03  0.1656535E+01
 0.2174000E+03  0.1656443E+01
 0.2175000E+03  0.1656349E+01
 0.2176000E+03  0.1656256E+01
 0.2177000E+03  0.1656163E+01
 0.2178000E+03  0.1656069E+01
 0.2179000E+03  0.1655975E+01
 0.2180000E+03  0.1655880E+01
 0.2181000E+03  0.1655786E+01
 0.2182000E+03  0.1655691E+01
 0.2183000E+03  0.1655596E+01
 0.2184000E+03  0.1655501E+01
 0.2185000E+03  0.1655405E+01
 0.2186000E+03  0.1655309E+01
 0.2187000E+03  0.1655213E+01
 0.2188000E+03  0.1655117E+01
 0.2189000E+03  0.1655020E+01
 0.2190000E+03  0.1654924E+01
 0.2191000E+03  0.1654827E+01
 0.2192000E+03  0.1654729E+01
 0.2193000E+03  0.1654632E+01
 0.2194000E+03  0.1654534E+01
 0.2195000E+03  0.1654436E+01
 0.2196000E+03  0.1654338E+01
 0.2197000E+03  0.1654240E+01
 0.2198000E+03  0.1654141E+01
 0.2199000E+03  0.1654042E+01
 0.2200000E+03  0.1653943E+01
 0.2201000E+03  0.1653844E+01
 0.2202000E+03  0.1653744E+01
 0.2203000E+03  0.1653644E+01
 0.2204000E+03  0.1653544E+01
 0.2205000E+03  0.1653444E+01
 0.2206000E+03  0.1653343E+01
 0.2207000E+03  0.1653243E+01
 0.2208000E+03  0.1653142E+01
 0.2209000E+03  0.1653040E+01
 0.2210000E+03  0.1652939E+01
 0.2211000E+03  0.1652837E+01
 0.2212000E+03  0.1652735E+01
 0.2213000E+03  0.1652633E+01
 0.2214000E+03  0.1652531E+01
 0.2215000E+03  0.1652428E+01
 0.2216000E+03  0.1652326E+01
 0.2217000E+03  0.1652222E+01
 0.2218000E+03  0.1652119E+01
 0.2219000E+03  0.1652016E+01
 0.2220000E+03  0.1651912E+01
 0.2221000E+03  0.1651808E+01
 0.2222000E+03  0.1651704E+01
 0.2223000E+03  0.1651600E+01
 0.2224000E+03  0.1651495E+01
 0.2225000E+03  0.1651390E+01
 0.2226000E+03  0.1651285E+01
 0.2227000E+03  0.1651180E+01
 0.2228000E+03  0.1651075E+01
 0.2229000E+03  0.1650969E+01
 0.2230000E+03  0.1650863E+01
 0.2231000E+03  0.1650757E+01
 0.2232000E+03  0.1650651E+01
 0.2233000E+03  0.1650544E+01
 0.2234000E+03  0.1650437E+01
 0.2235000E+03  0.1650330E+01
 0.2236000E+03  0.1650223E+01
 0.2237000E+03  0.1650116E+01
 0.2238000E+03  0.1650008E+01
 0.2239000E+03  0.1649900E+01
 0.2240000E+03  0.1649792E+01
 0.2241000E+03  0.1649684E+01
 0.2242000E+03  0.1649576E+01
 0.2243000E+03  0.1649467E+01
 0.2244000E+03  0.1649358E+01
 0.2245000E+03  0.1649249E+01
 0.2246000E+03  0.1649140E+01
 0.2247000E+03  0.1649030E+01
 0.2248000E+03  0.1648920E+01
 0.2249000E+03  0.1648811E+01
 0.2250000E+03  0.1648700E+01
 0.2251000E+03  0.1648590E+01
 0.2252000E+03  0.1648480E+01
 0.2253000E+03  0.1648369E+01
 0.2254000E+03  0.1648258E+01
 0.2255000E+03  0.1648147E+01
 0.2256000E+03  0.1648036E+01
 0.2257000E+03  0.1647924E+01
 0.2258000E+03  0.1647812E+01
 0.2259000E+03  0.1647700E+01
 0.2260000E+03  0.1647588E+01
 0.2261000E+03  0.1647476E+01
 0.2262000E+03  0.1647363E+01
 0.2263000E+03  0.1647251E+01
 0.2264000E+03  0.1647138E+01
 0.2265000E+03  0.1647025E+01
 0.2266000E+03  0.1646911E+01
 0.2267000E+03  0.1646798E+01
 0.2268000E+03  0.1646684E+01
 0.2269000E+03  0.1646570E+01
 0.2270000E+03  0.1646456E+01
 0.2271000E+03  0.1646342E+01
 0.2272000E+03  0.1646227E+01
 0.2273000E+03  0.1646113E+01
 0.2274000E+03  0.1645998E+01
 0.2275000E+03  0.1645883E+01
 0.2276000E+03  0.1645768E+01
 0.2277000E+03  0.1645652E+01
 0.2278000E+03  0.1645537E+01
 0.2279000E+03  0.1645421E+01
 0.2280000E+03  0.1645305E+01
 0.2281000E+03  0.1645189E+01
 0.2282000E+03  0.1645072E+01
 0.2283000E+03  0.1644956E+01
 0.2284000E+03  0.1644839E+01
 0.2285000E+03  0.1644722E+01
 0.2286000E+03  0.1644605E+01
 0.2287000E+03  0.1644488E+01
 0.2288000E+03  0.1644371E+01
 0.2289000E+03  0.1644253E+01
 0.2290000E+03  0.1644135E+01
 0.2291000E+03  0.1644017E+01
 0.2292000E+03  0.1643899E+01
 0.2293000E+03  0.1643781E+01
 0.2294000E+03  0.1643662E+01
 0.2295000E+03  0.1643543E+01
 0.2296000E+03  0.1643425E+01
 0.2297000E+03  0.1643305E+01
 0.2298000E+03  0.1643186E+01
 0.2299000E+03  0.1643067E+01
 0.2300000E+03  0.1642947E+01
 0.2301000E+03  0.1642828E+01
 0.2302000E+03  0.1642708E+01
 0.2303000E+03  0.1642588E+01
 0.2304000E+03  0.1642467E+01
 0.2305000E+03  0.1642347E+01
 0.2306000E+03  0.1642226E+01
 0.2307000E+03  0.1642106E+01
 0.2308000E+03  0.1641985E+01
 0.2309000E+03  0.1641863E+01
 0.2310000E+03  0.1641742E+01
 0.2311000E+03  0.1641621E+01
 0.2312000E+03  0.1641499E+01
 0.2313000E+03  0.1641377E+01
 0.2314000E+03  0.1641255E+01
 0.2315000E+03  0.1641133E+01
 0.2316000E+03  0.1641011E+01
 0.2317000E+03  0.1640889E+01
 0.2318000E+03  0.1640766E+01
 0.2319000E+03  0.1640643E+01
 0.2320000E+03  0.1640520E+01
 0.2321000E+03  0.1640397E+01
 0.2322000E+03  0.1640274E+01
 0.2323000E+03  0.1640151E+01
 0.2324000E+03  0.1640027E+01
 0.2325000E+03  0.1639904E+01
 0.2326000E+03  0.1639780E+01
 0.2327000E+03  0.1639656E+01
 0.2328000E+03  0.1639532E+01
 0.2329000E+03  0.1639407E+01
 0.2330000E+03  0.1639283E+01
 0.2331000E+03  0.1639158E+01
 0.2332000E+03  0.1639033E+01
 0.2333000E+03  0.1638908E+01
 0.2334000E+03  0.1638783E+01
 0.2335000E+03  0.1638658E+01
 0.2336000E+03  0.1638533E+01
 0.2337000E+03  0.1638407E+01
 0.2338000E+03  0.1638282E+01
 0.2339000E+03  0.1638156E+01
 0.2340000E+03  0.1638030E+01
 0.2341000E+03  0.1637904E+01
 0.2342000E+03  0.1637777E+01
 0.2343000E+03  0.1637651E+01
 0.2344000E+03  0.1637524E+01
 0.2345000E+03  0.1637398E+01
 0.2346000E+03  0.1637271E+01
 0.2347000E+03  0.1637144E+01
 0.2348000E+03  0.1637017E+01
 0.2349000E+03  0.1636889E+01
 0.2350000E+03  0.1636762E+01
 0.2351000E+03  0.1636634E+01
 0.2352000E+03  0.1636507E+01
 0.2353000E+03  0.1636379E+01
 0.2354000E+03  0.1636251E+01
 0.2355000E+03  0.1636123E+01
 0.2356000E+03  0.1635995E+01
 0.2357000E+03  0.1635866E+01
 0.2358000E+03  0.1635738E+01
 0.2359000E+03  0.1635609E+01
 0.2360000E+03  0.1635480E+01
 0.2361000E+03  0.1635351E+01
 0.2362000E+03  0.1635222E+01
 0.2363000E+03  0.1635093E+01
 0.2364000E+03  0.1634964E+01
 0.2365000E+03  0.1634835E+01
 0.2366000E+03  0.1634705E+01
 0.2367000E+03  0.1634575E+01
 0.2368000E+03  0.1634445E+01
 0.2369000E+03  0.1634315E+01
 0.2370000E+03  0.1634185E+01
 0.2371000E+03  0.1634055E+01
 0.2372000E+03  0.1633925E+01
 0.2373000E+03  0.1633794E+01
 0.2374000E+03  0.1633664E+01
 0.2375000E+03  0.1633533E+01
 0.2376000E+03  0.1633402E+01
 0.2377000E+03  0.1633271E+01
 0.2378000E+03  0.1633140E+01
 0.2379000E+03  0.1633009E+01
 0.2380000E+03  0.1632878E+01
 0.2381000E+03  0.1632746E+01
 0.2382000E+03  0.1632615E+01
 0.2383000E+03  0.1632483E+01
 0.2384000E+03  0.1632351E+01
 0.2385000E+03  0.1632220E+01
 0.2386000E+03  0.1632088E+01
 0.2387000E+03  0.1631955E+01
 0.2388000E+03  0.1631823E+01
 0.2389000E+03  0.1631691E+01
 0.2390000E+03  0.1631558E+01
 0.2391000E+03  0.1631426E+01
 0.2392000E+03  0.1631293E+01
 0.2393000E+03  0.1631160E+01
 0.2394000E+03  0.1631027E+01
 0.2395000E+03  0.1630894E+01
 0.2396000E+03  0.1630761E+01
 0.2397000E+03  0.1630628E+01
 0.2398000E+03  0.1630495E+01
 0.2399000E+03  0.1630361E+01
 0.2400000E+03  0.1630228E+01
 0.2401000E+03  0.1630094E+01
 0.2402000E+03  0.1629960E+01
 0.2403000E+03  0.1629826E+01
 0.2404000E+03  0.1629692E+01
 0.2405000E+03  0.1629558E+01
 0.2406000E+03  0.1629424E+01
 0.2407000E+03  0.1629290E+01
 0.2408000E+03  0.1629156E+01
 0.2409000E+03  0.1629021E+01
 0.2410000E+03  0.1628887E+01
 0.2411000E+03  0.1628752E+01
 0.2412000E+03  0.1628617E+01
 0.2413000E+03  0.1628482E+01
 0.2414000E+03  0.1628347E+01
 0.2415000E+03  0.1628212E+01
 0.2416000E+03  0.1628077E+01
 0.2417000E+03  0.1627942E+01
 0.2418000E+03  0.1627807E+01
 0.2419000E+03  0.1627671E+01
 0.2420000E+03  0.1627536E+01
 0.2421000E+03  0.1627400E+01
 0.2422000E+03  0.1627264E+01
 0.2423000E+03  0.1627128E+01
 0.2424000E+03  0.1626993E+01
 0.2425000E+03  0.1626857E+01
 0.2426000E+03  0.1626721E+01
 0.2427000E+03  0.1626584E+01
 0.2428000E+03  0.1626448E+01
 0.2429000E+03  0.1626312E+01
 0.2430000E+03  0.1626176E+01
 0.2431000E+03  0.1626039E+01
 0.2432000E+03  0.1625903E+01
 0.2433000E+03  0.1625766E+01
 0.2434000E+03  0.1625629E+01
 0.2435000E+03  0.1625492E+01
 0.2436000E+03  0.1625355E+01
 0.2437000E+03  0.1625219E+01
 0.2438000E+03  0.1625081E+01
 0.2439000E+03  0.1624944E+01
 0.2440000E+03  0.1624807E+01
 0.2441000E+03  0.1624670E+01
 0.2442000E+03  0.1624533E+01
 0.2443000E+03  0.1624395E+01
 0.2444000E+03  0.1624258E+01
 0.2445000E+03  0.1624120E+01
 0.2446000E+03  0.1623982E+01
 0.2447000E+03  0.1623845E+01
 0.2448000E+03  0.1623707E+01
 0.2449000E+03  0.1623569E+01
 0.2450000E+03  0.1623431E+01
 0.2451000E+03  0.1623293E+01
 0.2452000E+03  0.1623155E+01
 0.2453000E+03  0.1623017E+01
 0.2454000E+03  0.1622879E+01
 0.2455000E+03  0.1622740E+01
 0.2456000E+03  0.1622602E+01
 0.2457000E+03  0.1622464E+01
 0.2458000E+03  0.1622325E+01
 0.2459000E+03  0.1622187E+01
 0.2460000E+03  0.1622048E+01
 0.2461000E+03  0.1621910E+01
 0.2462000E+03  0.1621771E+01
 0.2463000E+03  0.1621632E+01
 0.2464000E+03  0.1621493E+01
 0.2465000E+03  0.1621354E+01
 0.2466000E+03  0.1621215E+01
 0.2467000E+03  0.1621076E+01
 0.2468000E+03  0.1620937E+01
 0.2469000E+03  0.1620798E+01
 0.2470000E+03  0.1620659E+01
 0.2471000E+03  0.1620520E+01
 0.2472000E+03  0.1620381E+01
 0.2473000E+03  0.1620241E+01
 0.2474000E+03  0.1620102E+01
 0.2475000E+03  0.1619962E+01
 0.2476000E+03  0.1619823E+01
 0.2477000E+03  0.1619683E+01
 0.2478000E+03  0.1619544E+01
 0.2479000E+03  0.1619404E+01
 0.2480000E+03  0.1619265E+01
 0.2481000E+03  0.1619125E+01
 0.2482000E+03  0.1618985E+01
 0.2483000E+03  0.1618845E+01
 0.2484000E+03  0.1618705E+01
 0.2485000E+03  0.1618565E+01
 0.2486000E+03  0.1618425E+01
 0.2487000E+03  0.1618285E+01
 0.2488000E+03  0.1618145E+01
 0.2489000E+03  0.1618005E+01
 0.2490000E+03  0.1617865E+01
 0.2491000E+03  0.1617725E+01
 0.2492000E+03  0.1617585E+01
 0.2493000E+03  0.1617445E+01
 0.2494000E+03  0.1617304E+01
 0.2495000E+03  0.1617164E+01
 0.2496000E+03  0.1617024E+01
 0.2497000E+03  0.1616883E+01
 0.2498000E+03  0.1616743E+01
 0.2499000E+03  0.1616603E+01
 0.2500000E+03  0.1616462E+01
 0.2501000E+03  0.1616322E+01
 0.2502000E+03  0.1616181E+01
 0.2503000E+03  0.1616040E+01
 0.2504000E+03  0.1615900E+01
 0.2505000E+03  0.1615759E+01
 0.2506000E+03  0.1615619E+01
 0.2507000E+03  0.1615478E+01
 0.2508000E+03  0.1615337E+01
 0.2509000E+03  0.1615196E+01
 0.2510000E+03  0.1615056E+01
 0.2511000E+03  0.1614915E+01
 0.2512000E+03  0.1614774E+01
 0.2513000E+03  0.1614633E+01
 0.2514000E+03  0.1614492E+01
 0.2515000E+03  0.1614351E+01
 0.2516000E+03  0.1614211E+01
 0.2517000E+03  0.1614070E+01
 0.2518000E+03  0.1613929E+01
 0.2519000E+03  0.1613788E+01
 0.2520000E+03  0.1613647E+01
 0.2521000E+03  0.1613506E+01
 0.2522000E+03  0.1613365E+01
 0.2523000E+03  0.1613224E+01
 0.2524000E+03  0.1613083E+01
 0.2525000E+03  0.1612942E+01
 0.2526000E+03  0.1612801E+01
 0.2527000E+03  0.1612659E+01
 0.2528000E+03  0.1612518E+01
 0.2529000E+03  0.1612377E+01
 0.2530000E+03  0.1612236E+01
 0.2531000E+03  0.1612095E+01
 0.2532000E+03  0.1611954E+01
 0.2533000E+03  0.1611813E+01
 0.2534000E+03  0.1611672E+01
 0.2535000E+03  0.1611530E+01
 0.2536000E+03  0.1611389E+01
 0.2537000E+03  0.1611248E+01
 0.2538000E+03  0.1611107E+01
 0.2539000E+03  0.1610966E+01
 0.2540000E+03  0.1610825E+01
 0.2541000E+03  0.1610683E+01
 0.2542000E+03  0.1610542E+01
 0.2543000E+03  0.1610401E+01
 0.2544000E+03  0.1610260E+01
 0.2545000E+03  0.1610119E+01
 0.2546000E+03  0.1609978E+01
 0.2547000E+03  0.1609836E+01
 0.2548000E+03  0.1609695E+01
 0.2549000E+03  0.1609554E+01
 0.2550000E+03  0.1609413E+01
 0.2551000E+03  0.1609272E+01
 0.2552000E+03  0.1609131E+01
 0.2553000E+03  0.1608989E+01
 0.2554000E+03  0.1608848E+01
 0.2555000E+03  0.1608707E+01
 0.2556000E+03  0.1608566E+01
 0.2557000E+03  0.1608425E+01
 0.2558000E+03  0.1608284E+01
 0.2559000E+03  0.1608143E+01
 0.2560000E+03  0.1608002E+01
 0.2561000E+03  0.1607861E+01
 0.2562000E+03  0.1607720E+01
 0.2563000E+03  0.1607579E+01
 0.2564000E+03  0.1607438E+01
 0.2565000E+03  0.1607297E+01
 0.2566000E+03  0.1607156E+01
 0.2567000E+03  0.1607015E+01
 0.2568000E+03  0.1606874E+01
 0.2569000E+03  0.1606733E+01
 0.2570000E+03  0.1606592E+01
 0.2571000E+03  0.1606451E+01
 0.2572000E+03  0.1606310E+01
 0.2573000E+03  0.1606169E+01
 0.2574000E+03  0.1606028E+01
 0.2575000E+03  0.1605888E+01
 0.2576000E+03  0.1605747E+01
 0.2577000E+03  0.1605606E+01
 0.2578000E+03  0.1605465E+01
 0.2579000E+03  0.1605325E+01
 0.2580000E+03  0.1605184E+01
 0.2581000E+03  0.1605043E+01
 0.2582000E+03  0.1604903E+01
 0.2583000E+03  0.1604762E+01
 0.2584000E+03  0.1604622E+01
 0.2585000E+03  0.1604481E+01
 0.2586000E+03  0.1604341E+01
 0.2587000E+03  0.1604200E+01
 0.2588000E+03  0.1604060E+01
 0.2589000E+03  0.1603919E+01
 0.2590000E+03  0.1603779E+01
 0.2591000E+03  0.1603639E+01
 0.2592000E+03  0.1603499E+01
 0.2593000E+03  0.1603358E+01
 0.2594000E+03  0.1603218E+01
 0.2595000E+03  0.1603078E+01
 0.2596000E+03  0.1602938E+01
 0.2597000E+03  0.1602798E+01
 0.2598000E+03  0.1602658E+01
 0.2599000E+03  0.1602518E+01
 0.2600000E+03  0.1602378E+01
 0.2601000E+03  0.1602238E+01
 0.2602000E+03  0.1602098E+01
 0.2603000E+03  0.1601958E+01
 0.2604000E+03  0.1601819E+01
 0.2605000E+03  0.1601679E+01
 0.2606000E+03  0.1601539E+01
 0.2607000E+03  0.1601400E+01
 0.2608000E+03  0.1601260E+01
 0.2609000E+03  0.1601120E+01
 0.2610000E+03  0.1600981E+01
 0.2611000E+03  0.1600842E+01
 0.2612000E+03  0.1600702E+01
 0.2613000E+03  0.1600563E+01
 0.2614000E+03  0.1600424E+01
 0.2615000E+03  0.1600284E+01
 0.2616000E+03  0.1600145E+01
 0.2617000E+03  0.1600006E+01
 0.2618000E+03  0.1599867E+01
 0.2619000E+03  0.1599728E+01
 0.2620000E+03  0.1599589E+01
 0.2621000E+03  0.1599450E+01
 0.2622000E+03  0.1599312E+01
 0.2623000E+03  0.1599173E+01
 0.2624000E+03  0.1599034E+01
 0.2625000E+03  0.1598896E+01
 0.2626000E+03  0.1598757E+01
 0.2627000E+03  0.1598619E+01
 0.2628000E+03  0.1598480E+01
 0.2629000E+03  0.1598342E+01
 0.2630000E+03  0.1598203E+01
 0.2631000E+03  0.1598065E+01
 0.2632000E+03  0.1597927E+01
 0.2633000E+03  0.1597789E+01
 0.2634000E+03  0.1597651E+01
 0.2635000E+03  0.1597513E+01
 0.2636000E+03  0.1597375E+01
 0.2637000E+03  0.1597237E+01
 0.2638000E+03  0.1597100E+01
 0.2639000E+03  0.1596962E+01
 0.2640000E+03  0.1596824E+01
 0.2641000E+03  0.1596687E+01
 0.2642000E+03  0.1596549E+01
 0.2643000E+03  0.1596412E+01
 0.2644000E+03  0.1596275E+01
 0.2645000E+03  0.1596138E+01
 0.2646000E+03  0.1596000E+01
 0.2647000E+03  0.1595863E+01
 0.2648000E+03  0.1595726E+01
 0.2649000E+03  0.1595590E+01
 0.2650000E+03  0.1595453E+01
 0.2651000E+03  0.1595316E+01
 0.2652000E+03  0.1595179E+01
 0.2653000E+03  0.1595043E+01
 0.2654000E+03  0.1594906E+01
 0.2655000E+03  0.1594770E+01
 0.2656000E+03  0.1594634E+01
 0.2657000E+03  0.1594498E+01
 0.2658000E+03  0.1594361E+01
 0.2659000E+03  0.1594225E+01
 0.2660000E+03  0.1594089E+01
 0.2661000E+03  0.1593954E+01
 0.2662000E+03  0.1593818E+01
 0.2663000E+03  0.1593682E+01
 0.2664000E+03  0.1593547E+01
 0.2665000E+03  0.1593411E+01
 0.2666000E+03  0.1593276E+01
 0.2667000E+03  0.1593140E+01
 0.2668000E+03  0.1593005E+01
 0.2669000E+03  0.1592870E+01
 0.2670000E+03  0.1592735E+01
 0.2671000E+03  0.1592600E+01
 0.2672000E+03  0.1592466E+01
 0.2673000E+03  0.1592331E+01
 0.2674000E+03  0.1592196E+01
 0.2675000E+03  0.1592062E+01
 0.2676000E+03  0.1591927E+01
 0.2677000E+03  0.1591793E+01
 0.2678000E+03  0.1591659E+01
 0.2679000E+03  0.1591525E+01
 0.2680000E+03  0.1591391E+01
 0.2681000E+03  0.1591257E+01
 0.2682000E+03  0.1591123E+01
 0.2683000E+03  0.1590989E+01
 0.2684000E+03  0.1590856E+01
 0.2685000E+03  0.1590722E+01
 0.2686000E+03  0.1590589E+01
 0.2687000E+03  0.1590456E+01
 0.2688000E+03  0.1590323E+01
 0.2689000E+03  0.1590190E+01
 0.2690000E+03  0.1590057E+01
 0.2691000E+03  0.1589924E+01
 0.2692000E+03  0.1589791E+01
 0.2693000E+03  0.1589659E+01
 0.2694000E+03  0.1589526E+01
 0.2695000E+03  0.1589394E+01
 0.2696000E+03  0.1589262E+01
 0.2697000E+03  0.1589130E+01
 0.2698000E+03  0.1588998E+01
 0.2699000E+03  0.1588866E+01
 0.2700000E+03  0.1588734E+01
 0.2701000E+03  0.1588603E+01
 0.2702000E+03  0.1588471E+01
 0.2703000E+03  0.1588340E+01
 0.2704000E+03  0.1588209E+01
 0.2705000E+03  0.1588078E+01
 0.2706000E+03  0.1587947E+01
 0.2707000E+03  0.1587816E+01
 0.2708000E+03  0.1587685E+01
 0.2709000E+03  0.1587554E+01
 0.2710000E+03  0.1587424E+01
 0.2711000E+03  0.1587294E+01
 0.2712000E+03  0.1587163E+01
 0.2713000E+03  0.1587033E+01
 0.2714000E+03  0.1586903E+01
 0.2715000E+03  0.1586774E+01
 0.2716000E+03  0.1586644E+01
 0.2717000E+03  0.1586514E+01
 0.2718000E+03  0.1586385E+01
 0.2719000E+03  0.1586256E+01
 0.2720000E+03  0.1586127E+01
 0.2721000E+03  0.1585997E+01
 0.2722000E+03  0.1585869E+01
 0.2723000E+03  0.1585740E+01
 0.2724000E+03  0.1585611E+01
 0.2725000E+03  0.1585483E+01
 0.2726000E+03  0.1585355E+01
 0.2727000E+03  0.1585226E+01
 0.2728000E+03  0.1585098E+01
 0.2729000E+03  0.1584970E+01
 0.2730000E+03  0.1584843E+01
 0.2731000E+03  0.1584715E+01
 0.2732000E+03  0.1584588E+01
 0.2733000E+03  0.1584460E+01
 0.2734000E+03  0.1584333E+01
 0.2735000E+03  0.1584206E+01
 0.2736000E+03  0.1584079E+01
 0.2737000E+03  0.1583953E+01
 0.2738000E+03  0.1583826E+01
 0.2739000E+03  0.1583700E+01
 0.2740000E+03  0.1583573E+01
 0.2741000E+03  0.1583447E+01
 0.2742000E+03  0.1583321E+01
 0.2743000E+03  0.1583195E+01
 0.2744000E+03  0.1583070E+01
 0.2745000E+03  0.1582944E+01
 0.2746000E+03  0.1582819E+01
 0.2747000E+03  0.1582694E+01
 0.2748000E+03  0.1582569E+01
 0.2749000E+03  0.1582444E+01
 0.2750000E+03  0.1582319E+01
 0.2751000E+03  0.1582195E+01
 0.2752000E+03  0.1582070E+01
 0.2753000E+03  0.1581946E+01
 0.2754000E+03  0.1581822E+01
 0.2755000E+03  0.1581698E+01
 0.2756000E+03  0.1581574E+01
 0.2757000E+03  0.1581451E+01
 0.2758000E+03  0.1581327E+01
 0.2759000E+03  0.1581204E+01
 0.2760000E+03  0.1581081E+01
 0.2761000E+03  0.1580958E+01
 0.2762000E+03  0.1580835E+01
 0.2763000E+03  0.1580713E+01
 0.2764000E+03  0.1580590E+01
 0.2765000E+03  0.1580468E+01
 0.2766000E+03  0.1580346E+01
 0.2767000E+03  0.1580224E+01
 0.2768000E+03  0.1580102E+01
 0.2769000E+03  0.1579981E+01
 0.2770000E+03  0.1579859E+01
 0.2771000E+03  0.1579738E+01
 0.2772000E+03  0.1579617E+01
 0.2773000E+03  0.1579496E+01
 0.2774000E+03  0.1579376E+01
 0.2775000E+03  0.1579255E+01
 0.2776000E+03  0.1579135E+01
 0.2777000E+03  0.1579015E+01
 0.2778000E+03  0.1578895E+01
 0.2779000E+03  0.1578775E+01
 0.2780000E+03  0.1578655E+01
 0.2781000E+03  0.1578536E+01
 0.2782000E+03  0.1578417E+01
 0.2783000E+03  0.1578298E+01
 0.2784000E+03  0.1578179E+01
 0.2785000E+03  0.1578060E+01
 0.2786000E+03  0.1577942E+01
 0.2787000E+03  0.1577823E+01
 0.2788000E+03  0.1577705E+01
 0.2789000E+03  0.1577587E+01
 0.2790000E+03  0.1577470E+01
 0.2791000E+03  0.1577352E+01
 0.2792000E+03  0.1577235E+01
 0.2793000E+03  0.1577117E+01
 0.2794000E+03  0.1577000E+01
 0.2795000E+03  0.1576884E+01
 0.2796000E+03  0.1576767E+01
 0.2797000E+03  0.1576651E+01
 0.2798000E+03  0.1576534E+01
 0.2799000E+03  0.1576418E+01
 0.2800000E+03  0.1576303E+01
 0.2801000E+03  0.1576187E+01
 0.2802000E+03  0.1576072E+01
 0.2803000E+03  0.1575956E+01
 0.2804000E+03  0.1575841E+01
 0.2805000E+03  0.1575727E+01
 0.2806000E+03  0.1575612E+01
 0.2807000E+03  0.1575498E+01
 0.2808000E+03  0.1575383E+01
 0.2809000E+03  0.1575269E+01
 0.2810000E+03  0.1575155E+01
 0.2811000E+03  0.1575042E+01
 0.2812000E+03  0.1574928E+01
 0.2813000E+03  0.1574815E+01
 0.2814000E+03  0.1574702E+01
 0.2815000E+03  0.1574589E+01
 0.2816000E+03  0.1574477E+01
 0.2817000E+03  0.1574365E+01
 0.2818000E+03  0.1574252E+01
 0.2819000E+03  0.1574140E+01
 0.2820000E+03  0.1574029E+01
 0.2821000E+03  0.1573917E+01
 0.2822000E+03  0.1573806E+01
 0.2823000E+03  0.1573695E+01
 0.2824000E+03  0.1573584E+01
 0.2825000E+03  0.1573473E+01
 0.2826000E+03  0.1573363E+01
 0.2827000E+03  0.1573253E+01
 0.2828000E+03  0.1573142E+01
 0.2829000E+03  0.1573033E+01
 0.2830000E+03  0.1572923E+01
 0.2831000E+03  0.1572814E+01
 0.2832000E+03  0.1572705E+01
 0.2833000E+03  0.1572596E+01
 0.2834000E+03  0.1572487E+01
 0.2835000E+03  0.1572378E+01
 0.2836000E+03  0.1572270E+01
 0.2837000E+03  0.1572162E+01
 0.2838000E+03  0.1572054E+01
 0.2839000E+03  0.1571947E+01
 0.2840000E+03  0.1571839E+01
 0.2841000E+03  0.1571732E+01
 0.2842000E+03  0.1571625E+01
 0.2843000E+03  0.1571519E+01
 0.2844000E+03  0.1571412E+01
 0.2845000E+03  0.1571306E+01
 0.2846000E+03  0.1571200E+01
 0.2847000E+03  0.1571094E+01
 0.2848000E+03  0.1570989E+01
 0.2849000E+03  0.1570883E+01
 0.2850000E+03  0.1570778E+01
 0.2851000E+03  0.1570673E+01
 0.2852000E+03  0.1570569E+01
 0.2853000E+03  0.1570464E+01
 0.2854000E+03  0.1570360E+01
 0.2855000E+03  0.1570256E+01
 0.2856000E+03  0.1570153E+01
 0.2857000E+03  0.1570049E+01
 0.2858000E+03  0.1569946E+01
 0.2859000E+03  0.1569843E+01
 0.2860000E+03  0.1569741E+01
 0.2861000E+03  0.1569638E+01
 0.2862000E+03  0.1569536E+01
 0.2863000E+03  0.1569434E+01
 0.2864000E+03  0.1569332E+01
 0.2865000E+03  0.1569231E+01
 0.2866000E+03  0.1569129E+01
 0.2867000E+03  0.1569028E+01
 0.2868000E+03  0.1568928E+01
 0.2869000E+03  0.1568827E+01
 0.2870000E+03  0.1568727E+01
 0.2871000E+03  0.1568627E+01
 0.2872000E+03  0.1568527E+01
 0.2873000E+03  0.1568427E+01
 0.2874000E+03  0.1568328E+01
 0.2875000E+03  0.1568229E+01
 0.2876000E+03  0.1568130E+01
 0.2877000E+03  0.1568032E+01
 0.2878000E+03  0.1567934E+01
 0.2879000E+03  0.1567836E+01
 0.2880000E+03  0.1567738E+01
 0.2881000E+03  0.1567640E+01
 0.2882000E+03  0.1567543E+01
 0.2883000E+03  0.1567446E+01
 0.2884000E+03  0.1567349E+01
 0.2885000E+03  0.1567253E+01
 0.2886000E+03  0.1567157E+01
 0.2887000E+03  0.1567061E+01
 0.2888000E+03  0.1566965E+01
 0.2889000E+03  0.1566870E+01
 0.2890000E+03  0.1566774E+01
 0.2891000E+03  0.1566679E+01
 0.2892000E+03  0.1566585E+01
 0.2893000E+03  0.1566490E+01
 0.2894000E+03  0.1566396E+01
 0.2895000E+03  0.1566302E+01
 0.2896000E+03  0.1566209E+01
 0.2897000E+03  0.1566115E+01
 0.2898000E+03  0.1566022E+01
 0.2899000E+03  0.1565930E+01
 0.2900000E+03  0.1565837E+01
 0.2901000E+03  0.1565745E+01
 0.2902000E+03  0.1565653E+01
 0.2903000E+03  0.1565561E+01
 0.2904000E+03  0.1565470E+01
 0.2905000E+03  0.1565378E+01
 0.2906000E+03  0.1565287E+01
 0.2907000E+03  0.1565197E+01
 0.2908000E+03  0.1565106E+01
 0.2909000E+03  0.1565016E+01
 0.2910000E+03  0.1564926E+01
 0.2911000E+03  0.1564837E+01
 0.2912000E+03  0.1564748E+01
 0.2913000E+03  0.1564659E+01
 0.2914000E+03  0.1564570E+01
 0.2915000E+03  0.1564482E+01
 0.2916000E+03  0.1564393E+01
 0.2917000E+03  0.1564305E+01
 0.2918000E+03  0.1564218E+01
 0.2919000E+03  0.1564131E+01
 0.2920000E+03  0.1564044E+01
 0.2921000E+03  0.1563957E+01
 0.2922000E+03  0.1563870E+01
 0.2923000E+03  0.1563784E+01
 0.2924000E+03  0.1563698E+01
 0.2925000E+03  0.1563613E+01
 0.2926000E+03  0.1563527E+01
 0.2927000E+03  0.1563442E+01
 0.2928000E+03  0.1563357E+01
 0.2929000E+03  0.1563273E+01
 0.2930000E+03  0.1563189E+01
 0.2931000E+03  0.1563105E+01
 0.2932000E+03  0.1563021E+01
 0.2933000E+03  0.1562938E+01
 0.2934000E+03  0.1562855E+01
 0.2935000E+03  0.1562772E+01
 0.2936000E+03  0.1562690E+01
 0.2937000E+03  0.1562608E+01
 0.2938000E+03  0.1562526E+01
 0.2939000E+03  0.1562444E+01
 0.2940000E+03  0.1562363E+01
 0.2941000E+03  0.1562282E+01
 0.2942000E+03  0.1562201E+01
 0.2943000E+03  0.1562121E+01
 0.2944000E+03  0.1562041E+01
 0.2945000E+03  0.1561961E+01
 0.2946000E+03  0.1561882E+01
 0.2947000E+03  0.1561802E+01
 0.2948000E+03  0.1561723E+01
 0.2949000E+03  0.1561645E+01
 0.2950000E+03  0.1561567E+01
 0.2951000E+03  0.1561489E+01
 0.2952000E+03  0.1561411E+01
 0.2953000E+03  0.1561334E+01
 0.2954000E+03  0.1561257E+01
 0.2955000E+03  0.1561180E+01
 0.2956000E+03  0.1561103E+01
 0.2957000E+03  0.1561027E+01
 0.2958000E+03  0.1560951E+01
 0.2959000E+03  0.1560876E+01
 0.2960000E+03  0.1560801E+01
 0.2961000E+03  0.1560726E+01
 0.2962000E+03  0.1560651E+01
 0.2963000E+03  0.1560577E+01
 0.2964000E+03  0.1560503E+01
 0.2965000E+03  0.1560429E+01
 0.2966000E+03  0.1560356E+01
 0.2967000E+03  0.1560283E+01
 0.2968000E+03  0.1560210E+01
 0.2969000E+03  0.1560137E+01
 0.2970000E+03  0.1560065E+01
 0.2971000E+03  0.1559993E+01
 0.2972000E+03  0.1559922E+01
 0.2973000E+03  0.1559851E+01
 0.2974000E+03  0.1559780E+01
 0.2975000E+03  0.1559709E+01
 0.2976000E+03  0.1559639E+01
 0.2977000E+03  0.1559569E+01
 0.2978000E+03  0.1559500E+01
 0.2979000E+03  0.1559430E+01
 0.2980000E+03  0.1559362E+01
 0.2981000E+03  0.1559293E+01
 0.2982000E+03  0.1559225E+01
 0.2983000E+03  0.1559157E+01
 0.2984000E+03  0.1559089E+01
 0.2985000E+03  0.1559022E+01
 0.2986000E+03  0.1558955E+01
 0.2987000E+03  0.1558888E+01
 0.2988000E+03  0.1558822E+01
 0.2989000E+03  0.1558756E+01
 0.2990000E+03  0.1558690E+01
 0.2991000E+03  0.1558625E+01
 0.2992000E+03  0.1558560E+01
 0.2993000E+03  0.1558495E+01
 0.2994000E+03  0.1558430E+01
 0.2995000E+03  0.1558366E+01
 0.2996000E+03  0.1558303E+01
 0.2997000E+03  0.1558239E+01
 0.2998000E+03  0.1558176E+01
 0.2999000E+03  0.1558114E+01
 0.3000000E+03  0.1558051E+01
