 0.1000000E+00  0.2000531E+00  0.2477591E+00  0.2374337E+00  0.1840633E+00  0.1092342E+00  0.3520548E-01 -0.3318287E-01 -0.9754701E-01 -0.1529269E+00 -0.1764996E+00 -0.1451500E+00 -0.4197156E-01
 0.2000000E+00  0.4002209E+00  0.4958897E+00  0.4756272E+00  0.3686598E+00  0.2187642E+00  0.7051114E-01 -0.6646309E-01 -0.1953911E+00 -0.3064022E+00 -0.3537935E+00 -0.2907006E+00 -0.8405403E-01
 0.3000000E+00  0.6011891E+00  0.7441510E+00  0.7142807E+00  0.5533292E+00  0.3282547E+00  0.1058051E+00 -0.9973405E-01 -0.2932050E+00 -0.4599832E+00 -0.5316107E+00 -0.4364272E+00 -0.1269150E+00
 0.4000000E+00  0.8034327E+00  0.9926009E+00  0.9536304E+00  0.7381076E+00  0.4376858E+00  0.1410813E+00 -0.1329911E+00 -0.3909738E+00 -0.6137225E+00 -0.7102195E+00 -0.5824117E+00 -0.1710149E+00
 0.5000000E+00  0.1007507E+01  0.1241289E+01  0.1193919E+01  0.9230306E+00  0.5470378E+00  0.1763340E+00 -0.1662295E+00 -0.4886822E+00 -0.7676720E+00 -0.8898952E+00 -0.7287283E+00 -0.2168911E+00
 0.6000000E+00  0.1214062E+01  0.1490253E+01  0.1435396E+01  0.1108133E+01  0.6562908E+00  0.2115571E+00 -0.1994445E+00 -0.5863151E+00 -0.9218829E+00 -0.1070922E+01 -0.8754424E+00 -0.2651729E+00
 0.7000000E+00  0.1423849E+01  0.1739520E+01  0.1678323E+01  0.1293449E+01  0.7654249E+00  0.2467445E+00 -0.2326312E+00 -0.6838575E+00 -0.1076405E+01 -0.1253596E+01 -0.1022609E+01 -0.3165860E+00
 0.8000000E+00  0.1637708E+01  0.1989103E+01  0.1922972E+01  0.1479012E+01  0.8744203E+00  0.2818902E+00 -0.2657849E+00 -0.7812941E+00 -0.1231287E+01 -0.1438226E+01 -0.1170272E+01 -0.3719441E+00
 0.9000000E+00  0.1856541E+01  0.2239000E+01  0.2169630E+01  0.1664853E+01  0.9832572E+00  0.3169878E+00 -0.2989005E+00 -0.8786099E+00 -0.1386577E+01 -0.1625138E+01 -0.1318467E+01 -0.4321244E+00
 0.1000000E+01  0.2081272E+01  0.2489199E+01  0.2418600E+01  0.1851003E+01  0.1091916E+01  0.3520312E+00 -0.3319730E+00 -0.9757895E+00 -0.1542320E+01 -0.1814674E+01 -0.1467219E+01 -0.4980255E+00
 0.1100000E+01  0.2312783E+01  0.2739675E+01  0.2670201E+01  0.2037489E+01  0.1200376E+01  0.3870139E+00 -0.3649973E+00 -0.1072818E+01 -0.1698559E+01 -0.2007197E+01 -0.1616550E+01 -0.5705096E+00
 0.1200000E+01  0.2551836E+01  0.2990400E+01  0.2924774E+01  0.2224340E+01  0.1308618E+01  0.4219293E+00 -0.3979680E+00 -0.1169680E+01 -0.1855337E+01 -0.2203092E+01 -0.1766480E+01 -0.6503305E+00
 0.1300000E+01  0.2799004E+01  0.3241342E+01  0.3182678E+01  0.2411581E+01  0.1416622E+01  0.4567708E+00 -0.4308797E+00 -0.1266360E+01 -0.2012693E+01 -0.2402767E+01 -0.1917040E+01 -0.7380582E+00
 0.1400000E+01  0.3054591E+01  0.3492478E+01  0.3444295E+01  0.2599234E+01  0.1524368E+01  0.4915317E+00 -0.4637269E+00 -0.1362843E+01 -0.2170665E+01 -0.2606655E+01 -0.2068276E+01 -0.8340105E+00
 0.1500000E+01  0.3318591E+01  0.3743800E+01  0.3710030E+01  0.2787320E+01  0.1631836E+01  0.5262049E+00 -0.4965040E+00 -0.1459114E+01 -0.2329286E+01 -0.2815213E+01 -0.2220268E+01 -0.9382089E+00
 0.1600000E+01  0.3590681E+01  0.3995336E+01  0.3980312E+01  0.2975859E+01  0.1739005E+01  0.5607834E+00 -0.5292050E+00 -0.1555157E+01 -0.2488588E+01 -0.3028928E+01 -0.2373150E+01 -0.1050375E+01
 0.1700000E+01  0.3870267E+01  0.4247166E+01  0.4255592E+01  0.3164865E+01  0.1845857E+01  0.5952598E+00 -0.5618239E+00 -0.1650957E+01 -0.2648601E+01 -0.3248309E+01 -0.2527137E+01 -0.1169979E+01
 0.1800000E+01  0.4156590E+01  0.4499454E+01  0.4536345E+01  0.3354354E+01  0.1952371E+01  0.6296268E+00 -0.5943545E+00 -0.1746498E+01 -0.2809350E+01 -0.3473896E+01 -0.2682568E+01 -0.1296352E+01
 0.1900000E+01  0.4448895E+01  0.4752485E+01  0.4823071E+01  0.3544335E+01  0.2058526E+01  0.6638765E+00 -0.6267905E+00 -0.1841765E+01 -0.2970857E+01 -0.3706249E+01 -0.2839963E+01 -0.1428855E+01
 0.2000000E+01  0.4746645E+01  0.5006727E+01  0.5116286E+01  0.3734818E+01  0.2164302E+01  0.6980012E+00 -0.6591252E+00 -0.1936742E+01 -0.3133142E+01 -0.3945953E+01 -0.3000105E+01 -0.1567097E+01
 0.2100000E+01  0.5049780E+01  0.5262909E+01  0.5416527E+01  0.3925808E+01  0.2269679E+01  0.7319927E+00 -0.6913517E+00 -0.2031414E+01 -0.3296221E+01 -0.4193610E+01 -0.3164165E+01 -0.1711187E+01
 0.2200000E+01  0.5359000E+01  0.5522142E+01  0.5724346E+01  0.4117308E+01  0.2374637E+01  0.7658427E+00 -0.7234630E+00 -0.2125764E+01 -0.3460107E+01 -0.4449838E+01 -0.3333878E+01 -0.1862009E+01
 0.2300000E+01  0.5676072E+01  0.5786090E+01  0.6040305E+01  0.4309317E+01  0.2479156E+01  0.7995427E+00 -0.7554519E+00 -0.2219778E+01 -0.3624806E+01 -0.4715261E+01 -0.3511814E+01 -0.2021485E+01
 0.2400000E+01  0.6004152E+01  0.6057235E+01  0.6364969E+01  0.4501833E+01  0.2583213E+01  0.8330838E+00 -0.7873106E+00 -0.2313437E+01 -0.3790326E+01 -0.4990504E+01 -0.3701780E+01 -0.2192822E+01
 0.2500000E+01  0.6348125E+01  0.6339256E+01  0.6698903E+01  0.4694850E+01  0.2686789E+01  0.8664569E+00 -0.8190315E+00 -0.2406728E+01 -0.3956667E+01 -0.5276182E+01 -0.3909434E+01 -0.2380683E+01
 0.2600000E+01  0.6714926E+01  0.6637613E+01  0.7042663E+01  0.4888358E+01  0.2789864E+01  0.8996526E+00 -0.8506063E+00 -0.2499633E+01 -0.4123827E+01 -0.5572890E+01 -0.4143204E+01 -0.2591186E+01
 0.2700000E+01  0.7113763E+01  0.6960411E+01  0.7396782E+01  0.5082346E+01  0.2892414E+01  0.9326613E+00 -0.8820267E+00 -0.2592136E+01 -0.4291800E+01 -0.5881190E+01 -0.4415643E+01 -0.2831454E+01
 0.2800000E+01  0.7555918E+01  0.7319668E+01  0.7761768E+01  0.5276800E+01  0.2994421E+01  0.9654730E+00 -0.9132840E+00 -0.2684220E+01 -0.4460576E+01 -0.6201595E+01 -0.4745337E+01 -0.3107985E+01
 0.2900000E+01  0.8053264E+01  0.7733079E+01  0.8138086E+01  0.5471702E+01  0.3095861E+01  0.9980775E+00 -0.9443691E+00 -0.2775868E+01 -0.4630141E+01 -0.6534552E+01 -0.5159337E+01 -0.3421904E+01
 0.3000000E+01  0.8612979E+01  0.8226271E+01  0.8526148E+01  0.5667032E+01  0.3196713E+01  0.1030464E+01 -0.9752728E+00 -0.2867065E+01 -0.4800479E+01 -0.6880427E+01 -0.5695574E+01 -0.3755024E+01
 0.3100000E+01  0.9220479E+01  0.8835078E+01  0.8926306E+01  0.5862768E+01  0.3296957E+01  0.1062622E+01 -0.1005985E+01 -0.2957792E+01 -0.4971566E+01 -0.7239488E+01 -0.6403485E+01 -0.4024876E+01
 0.3200000E+01  0.9781971E+01  0.9606385E+01  0.9338837E+01  0.6058883E+01  0.3396568E+01  0.1094540E+01 -0.1036497E+01 -0.3048032E+01 -0.5143379E+01 -0.7611898E+01 -0.7338851E+01 -0.3906209E+01
 0.3300000E+01  0.9903946E+01  0.1059398E+02  0.9763948E+01  0.6255351E+01  0.3495525E+01  0.1126207E+01 -0.1066797E+01 -0.3137767E+01 -0.5315890E+01 -0.7997726E+01 -0.8546244E+01 -0.1750545E+01
 0.3400000E+01  0.7818396E+01  0.1184240E+02  0.1020179E+02  0.6452140E+01  0.3593804E+01  0.1157610E+01 -0.1096874E+01 -0.3226979E+01 -0.5489070E+01 -0.8397033E+01 -0.1002912E+02  0.1047036E+01
 0.3500000E+01  0.7167066E+01  0.1335833E+02  0.1065253E+02  0.6649226E+01  0.3691382E+01  0.1188737E+01 -0.1126719E+01 -0.3315648E+01 -0.5662888E+01 -0.8809939E+01 -0.1178867E+02 -0.1430668E+02
