 0.0000000E+00  0.6624871E-04  0.4305438E-03  0.2885708E-02  0.1324433E-01  0.4536230E-01  0.1138918E+00  0.2105423E+00  0.2862066E+00  0.2862066E+00  0.2105423E+00  0.1138918E+00  0.4536230E-01  0.1324433E-01  0.2885708E-02  0.4305438E-03  0.6624871E-04
 0.1000000E+00  0.6625473E-04  0.4305908E-03  0.2885633E-02  0.1324435E-01  0.4536217E-01  0.1138922E+00  0.2105430E+00  0.2862073E+00  0.2862065E+00  0.2105419E+00  0.1138915E+00  0.4536228E-01  0.1324436E-01  0.2885746E-02  0.4305506E-03  0.6625183E-04
 0.2000000E+00  0.6626720E-04  0.4307272E-03  0.2885389E-02  0.1324441E-01  0.4536177E-01  0.1138936E+00  0.2105453E+00  0.2862096E+00  0.2862062E+00  0.2105407E+00  0.1138904E+00  0.4536221E-01  0.1324446E-01  0.2885862E-02  0.4305707E-03  0.6626110E-04
 0.3000000E+00  0.6628611E-04  0.4309527E-03  0.2884977E-02  0.1324451E-01  0.4536110E-01  0.1138959E+00  0.2105490E+00  0.2862134E+00  0.2862058E+00  0.2105387E+00  0.1138887E+00  0.4536209E-01  0.1324463E-01  0.2886056E-02  0.4306042E-03  0.6627650E-04
 0.4000000E+00  0.6631147E-04  0.4312671E-03  0.2884396E-02  0.1324464E-01  0.4536017E-01  0.1138992E+00  0.2105542E+00  0.2862187E+00  0.2862053E+00  0.2105358E+00  0.1138864E+00  0.4536192E-01  0.1324487E-01  0.2886327E-02  0.4306513E-03  0.6629800E-04
 0.5000000E+00  0.6634326E-04  0.4316700E-03  0.2883649E-02  0.1324480E-01  0.4535898E-01  0.1139034E+00  0.2105609E+00  0.2862256E+00  0.2862045E+00  0.2105321E+00  0.1138833E+00  0.4536170E-01  0.1324518E-01  0.2886675E-02  0.4307120E-03  0.6632556E-04
 0.6000000E+00  0.6638147E-04  0.4321608E-03  0.2882737E-02  0.1324499E-01  0.4535752E-01  0.1139084E+00  0.2105691E+00  0.2862340E+00  0.2862036E+00  0.2105276E+00  0.1138796E+00  0.4536144E-01  0.1324555E-01  0.2887100E-02  0.4307865E-03  0.6635915E-04
 0.7000000E+00  0.6642610E-04  0.4327389E-03  0.2881663E-02  0.1324520E-01  0.4535582E-01  0.1139145E+00  0.2105789E+00  0.2862439E+00  0.2862026E+00  0.2105222E+00  0.1138751E+00  0.4536112E-01  0.1324600E-01  0.2887601E-02  0.4308750E-03  0.6639870E-04
 0.8000000E+00  0.6647712E-04  0.4334036E-03  0.2880429E-02  0.1324542E-01  0.4535387E-01  0.1139214E+00  0.2105901E+00  0.2862554E+00  0.2862014E+00  0.2105160E+00  0.1138700E+00  0.4536075E-01  0.1324652E-01  0.2888178E-02  0.4309778E-03  0.6644416E-04
 0.9000000E+00  0.6653452E-04  0.4341541E-03  0.2879038E-02  0.1324566E-01  0.4535168E-01  0.1139292E+00  0.2106029E+00  0.2862683E+00  0.2862000E+00  0.2105090E+00  0.1138643E+00  0.4536033E-01  0.1324711E-01  0.2888831E-02  0.4310950E-03  0.6649543E-04
 0.1000000E+01  0.6659828E-04  0.4349892E-03  0.2877493E-02  0.1324591E-01  0.4534926E-01  0.1139379E+00  0.2106172E+00  0.2862828E+00  0.2861985E+00  0.2105011E+00  0.1138578E+00  0.4535985E-01  0.1324777E-01  0.2889557E-02  0.4312270E-03  0.6655245E-04
 0.1100000E+01  0.6666838E-04  0.4359081E-03  0.2875799E-02  0.1324615E-01  0.4534661E-01  0.1139475E+00  0.2106330E+00  0.2862987E+00  0.2861968E+00  0.2104924E+00  0.1138507E+00  0.4535931E-01  0.1324850E-01  0.2890358E-02  0.4313741E-03  0.6661512E-04
 0.1200000E+01  0.6674480E-04  0.4369094E-03  0.2873958E-02  0.1324638E-01  0.4534376E-01  0.1139580E+00  0.2106504E+00  0.2863162E+00  0.2861950E+00  0.2104828E+00  0.1138429E+00  0.4535872E-01  0.1324931E-01  0.2891232E-02  0.4315366E-03  0.6668334E-04
 0.1300000E+01  0.6682751E-04  0.4379920E-03  0.2871977E-02  0.1324659E-01  0.4534070E-01  0.1139693E+00  0.2106694E+00  0.2863351E+00  0.2861931E+00  0.2104724E+00  0.1138345E+00  0.4535806E-01  0.1325020E-01  0.2892177E-02  0.4317150E-03  0.6675701E-04
 0.1400000E+01  0.6691648E-04  0.4391544E-03  0.2869859E-02  0.1324677E-01  0.4533745E-01  0.1139815E+00  0.2106899E+00  0.2863555E+00  0.2861911E+00  0.2104611E+00  0.1138254E+00  0.4535734E-01  0.1325116E-01  0.2893194E-02  0.4319096E-03  0.6683600E-04
 0.1500000E+01  0.6701169E-04  0.4403953E-03  0.2867610E-02  0.1324691E-01  0.4533403E-01  0.1139946E+00  0.2107120E+00  0.2863773E+00  0.2861889E+00  0.2104490E+00  0.1138156E+00  0.4535655E-01  0.1325220E-01  0.2894281E-02  0.4321209E-03  0.6692021E-04
 0.1600000E+01  0.6711311E-04  0.4417131E-03  0.2865235E-02  0.1324700E-01  0.4533044E-01  0.1140085E+00  0.2107356E+00  0.2864006E+00  0.2861866E+00  0.2104360E+00  0.1138052E+00  0.4535570E-01  0.1325333E-01  0.2895438E-02  0.4323493E-03  0.6700951E-04
 0.1700000E+01  0.6722070E-04  0.4431062E-03  0.2862740E-02  0.1324703E-01  0.4532670E-01  0.1140232E+00  0.2107609E+00  0.2864253E+00  0.2861842E+00  0.2104221E+00  0.1137941E+00  0.4535477E-01  0.1325453E-01  0.2896662E-02  0.4325953E-03  0.6710376E-04
 0.1800000E+01  0.6733443E-04  0.4445729E-03  0.2860132E-02  0.1324699E-01  0.4532282E-01  0.1140387E+00  0.2107878E+00  0.2864515E+00  0.2861816E+00  0.2104074E+00  0.1137824E+00  0.4535377E-01  0.1325582E-01  0.2897953E-02  0.4328594E-03  0.6720284E-04
 0.1900000E+01  0.6745427E-04  0.4461114E-03  0.2857416E-02  0.1324686E-01  0.4531882E-01  0.1140550E+00  0.2108163E+00  0.2864791E+00  0.2861790E+00  0.2103918E+00  0.1137701E+00  0.4535269E-01  0.1325719E-01  0.2899310E-02  0.4331422E-03  0.6730661E-04
 0.2000000E+01  0.6758018E-04  0.4477201E-03  0.2854601E-02  0.1324664E-01  0.4531470E-01  0.1140721E+00  0.2108465E+00  0.2865081E+00  0.2861763E+00  0.2103753E+00  0.1137571E+00  0.4535152E-01  0.1325865E-01  0.2900732E-02  0.4334440E-03  0.6741493E-04
 0.2100000E+01  0.6771212E-04  0.4493969E-03  0.2851692E-02  0.1324631E-01  0.4531050E-01  0.1140899E+00  0.2108783E+00  0.2865385E+00  0.2861735E+00  0.2103579E+00  0.1137435E+00  0.4535028E-01  0.1326019E-01  0.2902216E-02  0.4337656E-03  0.6752766E-04
 0.2200000E+01  0.6785005E-04  0.4511400E-03  0.2848697E-02  0.1324585E-01  0.4530622E-01  0.1141085E+00  0.2109117E+00  0.2865703E+00  0.2861706E+00  0.2103396E+00  0.1137293E+00  0.4534895E-01  0.1326183E-01  0.2903763E-02  0.4341073E-03  0.6764466E-04
 0.2300000E+01  0.6799393E-04  0.4529474E-03  0.2845624E-02  0.1324526E-01  0.4530187E-01  0.1141279E+00  0.2109469E+00  0.2866034E+00  0.2861676E+00  0.2103204E+00  0.1137145E+00  0.4534752E-01  0.1326356E-01  0.2905370E-02  0.4344699E-03  0.6776578E-04
 0.2400000E+01  0.6814372E-04  0.4548171E-03  0.2842480E-02  0.1324451E-01  0.4529748E-01  0.1141479E+00  0.2109837E+00  0.2866379E+00  0.2861646E+00  0.2103003E+00  0.1136990E+00  0.4534601E-01  0.1326539E-01  0.2907036E-02  0.4348538E-03  0.6789089E-04
 0.2500000E+01  0.6829938E-04  0.4567471E-03  0.2839275E-02  0.1324360E-01  0.4529307E-01  0.1141687E+00  0.2110223E+00  0.2866738E+00  0.2861615E+00  0.2102793E+00  0.1136830E+00  0.4534439E-01  0.1326731E-01  0.2908761E-02  0.4352597E-03  0.6801985E-04
 0.2600000E+01  0.6846087E-04  0.4587352E-03  0.2836015E-02  0.1324252E-01  0.4528863E-01  0.1141902E+00  0.2110626E+00  0.2867109E+00  0.2861584E+00  0.2102573E+00  0.1136663E+00  0.4534268E-01  0.1326932E-01  0.2910542E-02  0.4356881E-03  0.6815252E-04
 0.2700000E+01  0.6862814E-04  0.4607794E-03  0.2832710E-02  0.1324123E-01  0.4528421E-01  0.1142123E+00  0.2111046E+00  0.2867494E+00  0.2861552E+00  0.2102345E+00  0.1136490E+00  0.4534086E-01  0.1327144E-01  0.2912378E-02  0.4361395E-03  0.6828876E-04
 0.2800000E+01  0.6880115E-04  0.4628776E-03  0.2829369E-02  0.1323974E-01  0.4527980E-01  0.1142351E+00  0.2111484E+00  0.2867892E+00  0.2861520E+00  0.2102107E+00  0.1136312E+00  0.4533893E-01  0.1327366E-01  0.2914267E-02  0.4366146E-03  0.6842845E-04
 0.2900000E+01  0.6897985E-04  0.4650276E-03  0.2826000E-02  0.1323803E-01  0.4527543E-01  0.1142586E+00  0.2111939E+00  0.2868303E+00  0.2861487E+00  0.2101859E+00  0.1136128E+00  0.4533688E-01  0.1327599E-01  0.2916209E-02  0.4371139E-03  0.6857146E-04
 0.3000000E+01  0.6916421E-04  0.4672272E-03  0.2822612E-02  0.1323608E-01  0.4527111E-01  0.1142826E+00  0.2112412E+00  0.2868726E+00  0.2861454E+00  0.2101602E+00  0.1135937E+00  0.4533473E-01  0.1327841E-01  0.2918202E-02  0.4376379E-03  0.6871766E-04
 0.3100000E+01  0.6935416E-04  0.4694742E-03  0.2819215E-02  0.1323388E-01  0.4526687E-01  0.1143073E+00  0.2112904E+00  0.2869163E+00  0.2861421E+00  0.2101336E+00  0.1135742E+00  0.4533245E-01  0.1328095E-01  0.2920245E-02  0.4381873E-03  0.6886695E-04
 0.3200000E+01  0.6954967E-04  0.4717666E-03  0.2815817E-02  0.1323141E-01  0.4526270E-01  0.1143327E+00  0.2113413E+00  0.2869611E+00  0.2861388E+00  0.2101060E+00  0.1135540E+00  0.4533005E-01  0.1328359E-01  0.2922336E-02  0.4387624E-03  0.6901922E-04
 0.3300000E+01  0.6975069E-04  0.4741020E-03  0.2812429E-02  0.1322867E-01  0.4525864E-01  0.1143586E+00  0.2113941E+00  0.2870072E+00  0.2861355E+00  0.2100774E+00  0.1135333E+00  0.4532752E-01  0.1328635E-01  0.2924474E-02  0.4393639E-03  0.6917437E-04
 0.3400000E+01  0.6995717E-04  0.4764784E-03  0.2809059E-02  0.1322563E-01  0.4525469E-01  0.1143851E+00  0.2114487E+00  0.2870545E+00  0.2861322E+00  0.2100478E+00  0.1135120E+00  0.4532487E-01  0.1328922E-01  0.2926657E-02  0.4399923E-03  0.6933231E-04
 0.3500000E+01  0.7016907E-04  0.4788936E-03  0.2805717E-02  0.1322228E-01  0.4525088E-01  0.1144121E+00  0.2115051E+00  0.2871031E+00  0.2861289E+00  0.2100173E+00  0.1134902E+00  0.4532208E-01  0.1329220E-01  0.2928885E-02  0.4406479E-03  0.6949295E-04
 0.3600000E+01  0.7038635E-04  0.4813454E-03  0.2802412E-02  0.1321861E-01  0.4524720E-01  0.1144397E+00  0.2115635E+00  0.2871528E+00  0.2861256E+00  0.2099858E+00  0.1134678E+00  0.4531915E-01  0.1329530E-01  0.2931157E-02  0.4413313E-03  0.6965622E-04
 0.3700000E+01  0.7060895E-04  0.4838316E-03  0.2799155E-02  0.1321461E-01  0.4524368E-01  0.1144679E+00  0.2116237E+00  0.2872037E+00  0.2861223E+00  0.2099533E+00  0.1134449E+00  0.4531608E-01  0.1329852E-01  0.2933470E-02  0.4420428E-03  0.6982207E-04
 0.3800000E+01  0.7083682E-04  0.4863501E-03  0.2795953E-02  0.1321027E-01  0.4524033E-01  0.1144966E+00  0.2116857E+00  0.2872558E+00  0.2861191E+00  0.2099198E+00  0.1134215E+00  0.4531287E-01  0.1330185E-01  0.2935824E-02  0.4427829E-03  0.6999043E-04
 0.3900000E+01  0.7106994E-04  0.4888988E-03  0.2792818E-02  0.1320556E-01  0.4523717E-01  0.1145258E+00  0.2117497E+00  0.2873090E+00  0.2861159E+00  0.2098853E+00  0.1133975E+00  0.4530952E-01  0.1330531E-01  0.2938218E-02  0.4435520E-03  0.7016127E-04
 0.4000000E+01  0.7130824E-04  0.4914756E-03  0.2789758E-02  0.1320049E-01  0.4523419E-01  0.1145555E+00  0.2118156E+00  0.2873634E+00  0.2861127E+00  0.2098498E+00  0.1133730E+00  0.4530601E-01  0.1330888E-01  0.2940650E-02  0.4443503E-03  0.7033456E-04
 0.4100000E+01  0.7155168E-04  0.4940785E-03  0.2786782E-02  0.1319504E-01  0.4523142E-01  0.1145858E+00  0.2118834E+00  0.2874189E+00  0.2861095E+00  0.2098133E+00  0.1133480E+00  0.4530235E-01  0.1331258E-01  0.2943120E-02  0.4451781E-03  0.7051028E-04
 0.4200000E+01  0.7180022E-04  0.4967053E-03  0.2783900E-02  0.1318919E-01  0.4522886E-01  0.1146166E+00  0.2119532E+00  0.2874755E+00  0.2861064E+00  0.2097758E+00  0.1133225E+00  0.4529854E-01  0.1331640E-01  0.2945628E-02  0.4460357E-03  0.7068843E-04
 0.4300000E+01  0.7205382E-04  0.4993541E-03  0.2781120E-02  0.1318294E-01  0.4522652E-01  0.1146478E+00  0.2120248E+00  0.2875333E+00  0.2861033E+00  0.2097373E+00  0.1132965E+00  0.4529457E-01  0.1332035E-01  0.2948171E-02  0.4469234E-03  0.7086902E-04
 0.4400000E+01  0.7231242E-04  0.5020228E-03  0.2778452E-02  0.1317629E-01  0.4522440E-01  0.1146796E+00  0.2120984E+00  0.2875922E+00  0.2861003E+00  0.2096977E+00  0.1132699E+00  0.4529043E-01  0.1332442E-01  0.2950749E-02  0.4478413E-03  0.7105207E-04
 0.4500000E+01  0.7257600E-04  0.5047095E-03  0.2775903E-02  0.1316921E-01  0.4522252E-01  0.1147118E+00  0.2121740E+00  0.2876522E+00  0.2860973E+00  0.2096572E+00  0.1132429E+00  0.4528614E-01  0.1332862E-01  0.2953362E-02  0.4487896E-03  0.7123762E-04
 0.4600000E+01  0.7284450E-04  0.5074123E-03  0.2773483E-02  0.1316170E-01  0.4522088E-01  0.1147446E+00  0.2122515E+00  0.2877132E+00  0.2860943E+00  0.2096156E+00  0.1132153E+00  0.4528168E-01  0.1333294E-01  0.2956009E-02  0.4497683E-03  0.7142572E-04
 0.4700000E+01  0.7311788E-04  0.5101292E-03  0.2771199E-02  0.1315377E-01  0.4521948E-01  0.1147778E+00  0.2123309E+00  0.2877754E+00  0.2860914E+00  0.2095730E+00  0.1131873E+00  0.4527706E-01  0.1333739E-01  0.2958689E-02  0.4507776E-03  0.7161643E-04
 0.4800000E+01  0.7339611E-04  0.5128584E-03  0.2769060E-02  0.1314539E-01  0.4521833E-01  0.1148116E+00  0.2124124E+00  0.2878386E+00  0.2860885E+00  0.2095293E+00  0.1131588E+00  0.4527227E-01  0.1334197E-01  0.2961403E-02  0.4518174E-03  0.7180984E-04
 0.4900000E+01  0.7367913E-04  0.5155981E-03  0.2767072E-02  0.1313656E-01  0.4521743E-01  0.1148458E+00  0.2124957E+00  0.2879029E+00  0.2860857E+00  0.2094846E+00  0.1131298E+00  0.4526730E-01  0.1334667E-01  0.2964148E-02  0.4528877E-03  0.7200603E-04
 0.5000000E+01  0.7396691E-04  0.5183464E-03  0.2765244E-02  0.1312729E-01  0.4521677E-01  0.1148805E+00  0.2125811E+00  0.2879683E+00  0.2860829E+00  0.2094389E+00  0.1131003E+00  0.4526217E-01  0.1335150E-01  0.2966926E-02  0.4539885E-03  0.7220512E-04
 0.5100000E+01  0.7425942E-04  0.5211016E-03  0.2763582E-02  0.1311756E-01  0.4521636E-01  0.1149157E+00  0.2126684E+00  0.2880348E+00  0.2860801E+00  0.2093922E+00  0.1130703E+00  0.4525687E-01  0.1335646E-01  0.2969737E-02  0.4551196E-03  0.7240723E-04
 0.5200000E+01  0.7455661E-04  0.5238620E-03  0.2762093E-02  0.1310737E-01  0.4521620E-01  0.1149514E+00  0.2127576E+00  0.2881023E+00  0.2860774E+00  0.2093444E+00  0.1130398E+00  0.4525139E-01  0.1336154E-01  0.2972579E-02  0.4562808E-03  0.7261250E-04
 0.5300000E+01  0.7485844E-04  0.5266260E-03  0.2760782E-02  0.1309672E-01  0.4521628E-01  0.1149877E+00  0.2128489E+00  0.2881708E+00  0.2860747E+00  0.2092956E+00  0.1130089E+00  0.4524574E-01  0.1336675E-01  0.2975453E-02  0.4574720E-03  0.7282107E-04
 0.5400000E+01  0.7516487E-04  0.5293917E-03  0.2759657E-02  0.1308561E-01  0.4521660E-01  0.1150244E+00  0.2129420E+00  0.2882405E+00  0.2860720E+00  0.2092458E+00  0.1129774E+00  0.4523992E-01  0.1337209E-01  0.2978359E-02  0.4586928E-03  0.7303313E-04
 0.5500000E+01  0.7547588E-04  0.5321578E-03  0.2758721E-02  0.1307404E-01  0.4521715E-01  0.1150617E+00  0.2130372E+00  0.2883111E+00  0.2860694E+00  0.2091950E+00  0.1129456E+00  0.4523392E-01  0.1337754E-01  0.2981297E-02  0.4599430E-03  0.7324883E-04
 0.5600000E+01  0.7579141E-04  0.5349226E-03  0.2757981E-02  0.1306201E-01  0.4521793E-01  0.1150996E+00  0.2131342E+00  0.2883829E+00  0.2860667E+00  0.2091431E+00  0.1129132E+00  0.4522776E-01  0.1338312E-01  0.2984268E-02  0.4612222E-03  0.7346839E-04
 0.5700000E+01  0.7611144E-04  0.5376845E-03  0.2757440E-02  0.1304953E-01  0.4521892E-01  0.1151380E+00  0.2132332E+00  0.2884557E+00  0.2860641E+00  0.2090902E+00  0.1128803E+00  0.4522141E-01  0.1338882E-01  0.2987272E-02  0.4625301E-03  0.7369200E-04
 0.5800000E+01  0.7643594E-04  0.5404422E-03  0.2757103E-02  0.1303658E-01  0.4522012E-01  0.1151769E+00  0.2133342E+00  0.2885295E+00  0.2860615E+00  0.2090363E+00  0.1128470E+00  0.4521490E-01  0.1339465E-01  0.2990309E-02  0.4638661E-03  0.7391989E-04
 0.5900000E+01  0.7676485E-04  0.5431942E-03  0.2756974E-02  0.1302319E-01  0.4522151E-01  0.1152165E+00  0.2134370E+00  0.2886045E+00  0.2860588E+00  0.2089813E+00  0.1128132E+00  0.4520821E-01  0.1340059E-01  0.2993380E-02  0.4652298E-03  0.7415230E-04
 0.6000000E+01  0.7709816E-04  0.5459390E-03  0.2757054E-02  0.1300935E-01  0.4522309E-01  0.1152566E+00  0.2135418E+00  0.2886804E+00  0.2860562E+00  0.2089254E+00  0.1127789E+00  0.4520136E-01  0.1340664E-01  0.2996486E-02  0.4666207E-03  0.7438946E-04
 0.6100000E+01  0.7743582E-04  0.5486753E-03  0.2757347E-02  0.1299507E-01  0.4522484E-01  0.1152974E+00  0.2136484E+00  0.2887575E+00  0.2860535E+00  0.2088685E+00  0.1127442E+00  0.4519433E-01  0.1341281E-01  0.2999627E-02  0.4680382E-03  0.7463163E-04
 0.6200000E+01  0.7777780E-04  0.5514019E-03  0.2757856E-02  0.1298036E-01  0.4522674E-01  0.1153388E+00  0.2137570E+00  0.2888356E+00  0.2860508E+00  0.2088105E+00  0.1127089E+00  0.4518714E-01  0.1341909E-01  0.3002804E-02  0.4694817E-03  0.7487909E-04
 0.6300000E+01  0.7812407E-04  0.5541174E-03  0.2758580E-02  0.1296522E-01  0.4522879E-01  0.1153808E+00  0.2138674E+00  0.2889148E+00  0.2860480E+00  0.2087516E+00  0.1126732E+00  0.4517979E-01  0.1342549E-01  0.3006018E-02  0.4709505E-03  0.7513211E-04
 0.6400000E+01  0.7847460E-04  0.5568206E-03  0.2759522E-02  0.1294966E-01  0.4523095E-01  0.1154236E+00  0.2139797E+00  0.2889951E+00  0.2860451E+00  0.2086916E+00  0.1126370E+00  0.4517227E-01  0.1343199E-01  0.3009270E-02  0.4724439E-03  0.7539098E-04
 0.6500000E+01  0.7882934E-04  0.5595103E-03  0.2760682E-02  0.1293370E-01  0.4523322E-01  0.1154670E+00  0.2140938E+00  0.2890765E+00  0.2860422E+00  0.2086307E+00  0.1126004E+00  0.4516459E-01  0.1343859E-01  0.3012562E-02  0.4739613E-03  0.7565600E-04
 0.6600000E+01  0.7918827E-04  0.5621854E-03  0.2762059E-02  0.1291735E-01  0.4523557E-01  0.1155111E+00  0.2142098E+00  0.2891589E+00  0.2860392E+00  0.2085688E+00  0.1125632E+00  0.4515675E-01  0.1344530E-01  0.3015894E-02  0.4755018E-03  0.7592746E-04
 0.6700000E+01  0.7955136E-04  0.5648447E-03  0.2763653E-02  0.1290061E-01  0.4523799E-01  0.1155560E+00  0.2143275E+00  0.2892425E+00  0.2860361E+00  0.2085059E+00  0.1125255E+00  0.4514876E-01  0.1345210E-01  0.3019268E-02  0.4770647E-03  0.7620569E-04
 0.6800000E+01  0.7991856E-04  0.5674871E-03  0.2765463E-02  0.1288350E-01  0.4524045E-01  0.1156017E+00  0.2144471E+00  0.2893272E+00  0.2860329E+00  0.2084421E+00  0.1124874E+00  0.4514061E-01  0.1345900E-01  0.3022685E-02  0.4786492E-03  0.7649100E-04
 0.6900000E+01  0.8028985E-04  0.5701118E-03  0.2767487E-02  0.1286603E-01  0.4524293E-01  0.1156482E+00  0.2145684E+00  0.2894130E+00  0.2860295E+00  0.2083774E+00  0.1124488E+00  0.4513232E-01  0.1346599E-01  0.3026147E-02  0.4802543E-03  0.7678372E-04
 0.7000000E+01  0.8066519E-04  0.5727175E-03  0.2769723E-02  0.1284823E-01  0.4524540E-01  0.1156955E+00  0.2146915E+00  0.2895000E+00  0.2860260E+00  0.2083117E+00  0.1124096E+00  0.4512388E-01  0.1347307E-01  0.3029655E-02  0.4818793E-03  0.7708416E-04
 0.7100000E+01  0.8104454E-04  0.5753035E-03  0.2772168E-02  0.1283009E-01  0.4524785E-01  0.1157436E+00  0.2148164E+00  0.2895881E+00  0.2860223E+00  0.2082450E+00  0.1123700E+00  0.4511530E-01  0.1348024E-01  0.3033211E-02  0.4835233E-03  0.7739267E-04
 0.7200000E+01  0.8142788E-04  0.5778687E-03  0.2774818E-02  0.1281165E-01  0.4525024E-01  0.1157927E+00  0.2149429E+00  0.2896774E+00  0.2860185E+00  0.2081775E+00  0.1123298E+00  0.4510659E-01  0.1348749E-01  0.3036816E-02  0.4851852E-03  0.7770958E-04
 0.7300000E+01  0.8181517E-04  0.5804123E-03  0.2777671E-02  0.1279292E-01  0.4525256E-01  0.1158426E+00  0.2150712E+00  0.2897678E+00  0.2860144E+00  0.2081090E+00  0.1122891E+00  0.4509774E-01  0.1349481E-01  0.3040472E-02  0.4868642E-03  0.7803522E-04
 0.7400000E+01  0.8220637E-04  0.5829334E-03  0.2780720E-02  0.1277392E-01  0.4525477E-01  0.1158935E+00  0.2152011E+00  0.2898594E+00  0.2860101E+00  0.2080396E+00  0.1122479E+00  0.4508877E-01  0.1350221E-01  0.3044181E-02  0.4885593E-03  0.7836992E-04
 0.7500000E+01  0.8260144E-04  0.5854313E-03  0.2783962E-02  0.1275467E-01  0.4525685E-01  0.1159454E+00  0.2153327E+00  0.2899522E+00  0.2860056E+00  0.2079694E+00  0.1122062E+00  0.4507967E-01  0.1350968E-01  0.3047945E-02  0.4902696E-03  0.7871401E-04
 0.7600000E+01  0.8300035E-04  0.5879051E-03  0.2787391E-02  0.1273518E-01  0.4525877E-01  0.1159982E+00  0.2154659E+00  0.2900462E+00  0.2860009E+00  0.2078982E+00  0.1121640E+00  0.4507045E-01  0.1351721E-01  0.3051765E-02  0.4919941E-03  0.7906783E-04
 0.7700000E+01  0.8340305E-04  0.5903542E-03  0.2791001E-02  0.1271548E-01  0.4526051E-01  0.1160521E+00  0.2156007E+00  0.2901414E+00  0.2859958E+00  0.2078262E+00  0.1121212E+00  0.4506112E-01  0.1352480E-01  0.3055644E-02  0.4937317E-03  0.7943170E-04
 0.7800000E+01  0.8380952E-04  0.5927777E-03  0.2794786E-02  0.1269559E-01  0.4526203E-01  0.1161071E+00  0.2157371E+00  0.2902379E+00  0.2859905E+00  0.2077534E+00  0.1120779E+00  0.4505168E-01  0.1353244E-01  0.3059583E-02  0.4954815E-03  0.7980594E-04
 0.7900000E+01  0.8421971E-04  0.5951751E-03  0.2798740E-02  0.1267554E-01  0.4526330E-01  0.1161631E+00  0.2158751E+00  0.2903356E+00  0.2859848E+00  0.2076797E+00  0.1120340E+00  0.4504214E-01  0.1354014E-01  0.3063585E-02  0.4972426E-03  0.8019087E-04
 0.8000000E+01  0.8463358E-04  0.5975457E-03  0.2802854E-02  0.1265534E-01  0.4526431E-01  0.1162203E+00  0.2160146E+00  0.2904345E+00  0.2859789E+00  0.2076052E+00  0.1119896E+00  0.4503250E-01  0.1354789E-01  0.3067652E-02  0.4990138E-03  0.8058679E-04
 0.8100000E+01  0.8505108E-04  0.5998890E-03  0.2807121E-02  0.1263501E-01  0.4526501E-01  0.1162787E+00  0.2161556E+00  0.2905348E+00  0.2859725E+00  0.2075299E+00  0.1119446E+00  0.4502277E-01  0.1355567E-01  0.3071785E-02  0.5007942E-03  0.8099401E-04
 0.8200000E+01  0.8547218E-04  0.6022042E-03  0.2811534E-02  0.1261459E-01  0.4526539E-01  0.1163382E+00  0.2162981E+00  0.2906363E+00  0.2859658E+00  0.2074538E+00  0.1118990E+00  0.4501295E-01  0.1356350E-01  0.3075986E-02  0.5025828E-03  0.8141280E-04
 0.8300000E+01  0.8589683E-04  0.6044909E-03  0.2816084E-02  0.1259410E-01  0.4526540E-01  0.1163990E+00  0.2164421E+00  0.2907391E+00  0.2859587E+00  0.2073769E+00  0.1118529E+00  0.4500305E-01  0.1357135E-01  0.3080258E-02  0.5043787E-03  0.8184346E-04
 0.8400000E+01  0.8632497E-04  0.6067486E-03  0.2820762E-02  0.1257356E-01  0.4526503E-01  0.1164610E+00  0.2165875E+00  0.2908432E+00  0.2859512E+00  0.2072992E+00  0.1118062E+00  0.4499308E-01  0.1357923E-01  0.3084603E-02  0.5061808E-03  0.8228624E-04
 0.8500000E+01  0.8675657E-04  0.6089768E-03  0.2825560E-02  0.1255300E-01  0.4526425E-01  0.1165243E+00  0.2167344E+00  0.2909486E+00  0.2859432E+00  0.2072207E+00  0.1117589E+00  0.4498304E-01  0.1358714E-01  0.3089023E-02  0.5079882E-03  0.8274140E-04
 0.8600000E+01  0.8719157E-04  0.6111751E-03  0.2830467E-02  0.1253244E-01  0.4526302E-01  0.1165890E+00  0.2168826E+00  0.2910554E+00  0.2859348E+00  0.2071416E+00  0.1117109E+00  0.4497294E-01  0.1359506E-01  0.3093519E-02  0.5098000E-03  0.8320918E-04
 0.8700000E+01  0.8762993E-04  0.6133430E-03  0.2835474E-02  0.1251191E-01  0.4526133E-01  0.1166549E+00  0.2170323E+00  0.2911636E+00  0.2859259E+00  0.2070616E+00  0.1116624E+00  0.4496278E-01  0.1360299E-01  0.3098094E-02  0.5116152E-03  0.8368981E-04
 0.8800000E+01  0.8807159E-04  0.6154801E-03  0.2840572E-02  0.1249143E-01  0.4525914E-01  0.1167223E+00  0.2171833E+00  0.2912730E+00  0.2859165E+00  0.2069810E+00  0.1116133E+00  0.4495257E-01  0.1361093E-01  0.3102750E-02  0.5134329E-03  0.8418348E-04
 0.8900000E+01  0.8851648E-04  0.6175860E-03  0.2845749E-02  0.1247103E-01  0.4525642E-01  0.1167910E+00  0.2173356E+00  0.2913839E+00  0.2859066E+00  0.2068997E+00  0.1115636E+00  0.4494231E-01  0.1361888E-01  0.3107489E-02  0.5152523E-03  0.8469041E-04
 0.9000000E+01  0.8896457E-04  0.6196605E-03  0.2850997E-02  0.1245074E-01  0.4525316E-01  0.1168612E+00  0.2174893E+00  0.2914961E+00  0.2858961E+00  0.2068176E+00  0.1115132E+00  0.4493202E-01  0.1362682E-01  0.3112312E-02  0.5170725E-03  0.8521075E-04
 0.9100000E+01  0.8941579E-04  0.6217031E-03  0.2856303E-02  0.1243058E-01  0.4524932E-01  0.1169329E+00  0.2176442E+00  0.2916098E+00  0.2858851E+00  0.2067349E+00  0.1114622E+00  0.4492170E-01  0.1363475E-01  0.3117222E-02  0.5188927E-03  0.8574466E-04
 0.9200000E+01  0.8987007E-04  0.6237137E-03  0.2861658E-02  0.1241057E-01  0.4524489E-01  0.1170060E+00  0.2178005E+00  0.2917248E+00  0.2858735E+00  0.2066516E+00  0.1114106E+00  0.4491135E-01  0.1364267E-01  0.3122220E-02  0.5207120E-03  0.8629229E-04
 0.9300000E+01  0.9032735E-04  0.6256919E-03  0.2867050E-02  0.1239075E-01  0.4523984E-01  0.1170806E+00  0.2179580E+00  0.2918412E+00  0.2858612E+00  0.2065676E+00  0.1113583E+00  0.4490097E-01  0.1365058E-01  0.3127308E-02  0.5225298E-03  0.8685374E-04
 0.9400000E+01  0.9078758E-04  0.6276375E-03  0.2872468E-02  0.1237114E-01  0.4523415E-01  0.1171568E+00  0.2181167E+00  0.2919591E+00  0.2858484E+00  0.2064829E+00  0.1113054E+00  0.4489059E-01  0.1365846E-01  0.3132488E-02  0.5243453E-03  0.8742913E-04
 0.9500000E+01  0.9125067E-04  0.6295503E-03  0.2877902E-02  0.1235175E-01  0.4522779E-01  0.1172345E+00  0.2182767E+00  0.2920784E+00  0.2858349E+00  0.2063977E+00  0.1112518E+00  0.4488020E-01  0.1366631E-01  0.3137761E-02  0.5261579E-03  0.8801852E-04
 0.9600000E+01  0.9171657E-04  0.6314301E-03  0.2883340E-02  0.1233263E-01  0.4522076E-01  0.1173138E+00  0.2184380E+00  0.2921991E+00  0.2858208E+00  0.2063118E+00  0.1111975E+00  0.4486980E-01  0.1367414E-01  0.3143129E-02  0.5279668E-03  0.8862197E-04
 0.9700000E+01  0.9218520E-04  0.6332766E-03  0.2888770E-02  0.1231378E-01  0.4521303E-01  0.1173947E+00  0.2186004E+00  0.2923213E+00  0.2858060E+00  0.2062253E+00  0.1111426E+00  0.4485941E-01  0.1368192E-01  0.3148593E-02  0.5297715E-03  0.8923951E-04
 0.9800000E+01  0.9265648E-04  0.6350898E-03  0.2894181E-02  0.1229524E-01  0.4520459E-01  0.1174772E+00  0.2187640E+00  0.2924449E+00  0.2857905E+00  0.2061383E+00  0.1110870E+00  0.4484902E-01  0.1368967E-01  0.3154155E-02  0.5315714E-03  0.8987117E-04
 0.9900000E+01  0.9313034E-04  0.6368694E-03  0.2899563E-02  0.1227702E-01  0.4519541E-01  0.1175613E+00  0.2189288E+00  0.2925700E+00  0.2857743E+00  0.2060506E+00  0.1110307E+00  0.4483865E-01  0.1369737E-01  0.3159815E-02  0.5333661E-03  0.9051693E-04
 0.1000000E+02  0.9360669E-04  0.6386155E-03  0.2904903E-02  0.1225916E-01  0.4518550E-01  0.1176471E+00  0.2190948E+00  0.2926965E+00  0.2857573E+00  0.2059625E+00  0.1109737E+00  0.4482829E-01  0.1370503E-01  0.3165576E-02  0.5351550E-03  0.9117676E-04
 0.1010000E+02  0.9408546E-04  0.6403278E-03  0.2910190E-02  0.1224166E-01  0.4517483E-01  0.1177345E+00  0.2192620E+00  0.2928244E+00  0.2857396E+00  0.2058737E+00  0.1109160E+00  0.4481796E-01  0.1371263E-01  0.3171437E-02  0.5369378E-03  0.9185062E-04
 0.1020000E+02  0.9456656E-04  0.6420063E-03  0.2915412E-02  0.1222454E-01  0.4516340E-01  0.1178235E+00  0.2194303E+00  0.2929538E+00  0.2857212E+00  0.2057844E+00  0.1108577E+00  0.4480766E-01  0.1372018E-01  0.3177400E-02  0.5387141E-03  0.9253843E-04
 0.1030000E+02  0.9504991E-04  0.6436509E-03  0.2920559E-02  0.1220784E-01  0.4515119E-01  0.1179143E+00  0.2195998E+00  0.2930847E+00  0.2857020E+00  0.2056946E+00  0.1107986E+00  0.4479739E-01  0.1372766E-01  0.3183466E-02  0.5404836E-03  0.9324011E-04
 0.1040000E+02  0.9553540E-04  0.6452616E-03  0.2925620E-02  0.1219156E-01  0.4513821E-01  0.1180067E+00  0.2197704E+00  0.2932170E+00  0.2856820E+00  0.2056043E+00  0.1107388E+00  0.4478715E-01  0.1373509E-01  0.3189635E-02  0.5422461E-03  0.9395553E-04
 0.1050000E+02  0.9602296E-04  0.6468383E-03  0.2930582E-02  0.1217572E-01  0.4512445E-01  0.1181008E+00  0.2199422E+00  0.2933507E+00  0.2856612E+00  0.2055135E+00  0.1106783E+00  0.4477696E-01  0.1374244E-01  0.3195907E-02  0.5440014E-03  0.9468457E-04
 0.1060000E+02  0.9651248E-04  0.6483810E-03  0.2935436E-02  0.1216034E-01  0.4510990E-01  0.1181966E+00  0.2201152E+00  0.2934859E+00  0.2856396E+00  0.2054221E+00  0.1106171E+00  0.4476680E-01  0.1374973E-01  0.3202284E-02  0.5457494E-03  0.9542707E-04
 0.1070000E+02  0.9700387E-04  0.6498898E-03  0.2940169E-02  0.1214543E-01  0.4509457E-01  0.1182940E+00  0.2202893E+00  0.2936226E+00  0.2856171E+00  0.2053303E+00  0.1105551E+00  0.4475670E-01  0.1375694E-01  0.3208765E-02  0.5474899E-03  0.9618286E-04
 0.1080000E+02  0.9749703E-04  0.6513645E-03  0.2944773E-02  0.1213100E-01  0.4507846E-01  0.1183932E+00  0.2204646E+00  0.2937606E+00  0.2855939E+00  0.2052380E+00  0.1104925E+00  0.4474664E-01  0.1376408E-01  0.3215350E-02  0.5492231E-03  0.9695176E-04
 0.1090000E+02  0.9799185E-04  0.6528052E-03  0.2949235E-02  0.1211707E-01  0.4506157E-01  0.1184940E+00  0.2206410E+00  0.2939001E+00  0.2855698E+00  0.2051452E+00  0.1104291E+00  0.4473664E-01  0.1377114E-01  0.3222040E-02  0.5509489E-03  0.9773354E-04
 0.1100000E+02  0.9848822E-04  0.6542120E-03  0.2953545E-02  0.1210364E-01  0.4504390E-01  0.1185965E+00  0.2208187E+00  0.2940409E+00  0.2855449E+00  0.2050519E+00  0.1103650E+00  0.4472669E-01  0.1377812E-01  0.3228834E-02  0.5526675E-03  0.9852798E-04
 0.1110000E+02  0.9898605E-04  0.6555849E-03  0.2957694E-02  0.1209073E-01  0.4502548E-01  0.1187007E+00  0.2209975E+00  0.2941832E+00  0.2855191E+00  0.2049582E+00  0.1103001E+00  0.4471680E-01  0.1378501E-01  0.3235731E-02  0.5543790E-03  0.9933485E-04
 0.1120000E+02  0.9948521E-04  0.6569239E-03  0.2961671E-02  0.1207833E-01  0.4500630E-01  0.1188065E+00  0.2211775E+00  0.2943268E+00  0.2854924E+00  0.2048639E+00  0.1102346E+00  0.4470697E-01  0.1379183E-01  0.3242731E-02  0.5560838E-03  0.1001539E-03
 0.1130000E+02  0.9998560E-04  0.6582291E-03  0.2965466E-02  0.1206646E-01  0.4498639E-01  0.1189139E+00  0.2213587E+00  0.2944718E+00  0.2854649E+00  0.2047693E+00  0.1101683E+00  0.4469720E-01  0.1379855E-01  0.3249833E-02  0.5577821E-03  0.1009848E-03
 0.1140000E+02  0.1004871E-03  0.6595005E-03  0.2969070E-02  0.1205513E-01  0.4496575E-01  0.1190230E+00  0.2215412E+00  0.2946181E+00  0.2854365E+00  0.2046741E+00  0.1101013E+00  0.4468748E-01  0.1380519E-01  0.3257037E-02  0.5594744E-03  0.1018273E-03
 0.1150000E+02  0.1009896E-03  0.6607383E-03  0.2972473E-02  0.1204432E-01  0.4494440E-01  0.1191337E+00  0.2217249E+00  0.2947658E+00  0.2854073E+00  0.2045785E+00  0.1100335E+00  0.4467783E-01  0.1381174E-01  0.3264342E-02  0.5611610E-03  0.1026811E-03
 0.1160000E+02  0.1014929E-03  0.6619425E-03  0.2975666E-02  0.1203404E-01  0.4492238E-01  0.1192460E+00  0.2219099E+00  0.2949147E+00  0.2853772E+00  0.2044825E+00  0.1099651E+00  0.4466824E-01  0.1381821E-01  0.3271745E-02  0.5628426E-03  0.1035458E-03
 0.1170000E+02  0.1019970E-03  0.6631132E-03  0.2978641E-02  0.1202429E-01  0.4489969E-01  0.1193599E+00  0.2220961E+00  0.2950650E+00  0.2853462E+00  0.2043860E+00  0.1098959E+00  0.4465871E-01  0.1382458E-01  0.3279246E-02  0.5645196E-03  0.1044212E-03
 0.1180000E+02  0.1025017E-03  0.6642505E-03  0.2981388E-02  0.1201506E-01  0.4487636E-01  0.1194753E+00  0.2222837E+00  0.2952165E+00  0.2853144E+00  0.2042890E+00  0.1098260E+00  0.4464924E-01  0.1383086E-01  0.3286844E-02  0.5661928E-03  0.1053069E-03
 0.1190000E+02  0.1030069E-03  0.6653545E-03  0.2983900E-02  0.1200635E-01  0.4485242E-01  0.1195922E+00  0.2224726E+00  0.2953692E+00  0.2852817E+00  0.2041916E+00  0.1097554E+00  0.4463983E-01  0.1383706E-01  0.3294536E-02  0.5678628E-03  0.1062026E-03
 0.1200000E+02  0.1035125E-03  0.6664253E-03  0.2986167E-02  0.1199816E-01  0.4482790E-01  0.1197107E+00  0.2226628E+00  0.2955232E+00  0.2852482E+00  0.2040937E+00  0.1096841E+00  0.4463047E-01  0.1384316E-01  0.3302320E-02  0.5695306E-03  0.1071078E-03
 0.1210000E+02  0.1040182E-03  0.6674631E-03  0.2988183E-02  0.1199046E-01  0.4480284E-01  0.1198305E+00  0.2228544E+00  0.2956783E+00  0.2852138E+00  0.2039954E+00  0.1096120E+00  0.4462117E-01  0.1384918E-01  0.3310195E-02  0.5711968E-03  0.1080223E-03
 0.1220000E+02  0.1045241E-03  0.6684678E-03  0.2989940E-02  0.1198326E-01  0.4477726E-01  0.1199519E+00  0.2230475E+00  0.2958345E+00  0.2851785E+00  0.2038966E+00  0.1095393E+00  0.4461192E-01  0.1385511E-01  0.3318159E-02  0.5728625E-03  0.1089456E-03
 0.1230000E+02  0.1050299E-03  0.6694397E-03  0.2991431E-02  0.1197653E-01  0.4475120E-01  0.1200746E+00  0.2232420E+00  0.2959919E+00  0.2851424E+00  0.2037973E+00  0.1094659E+00  0.4460272E-01  0.1386095E-01  0.3326208E-02  0.5745286E-03  0.1098774E-03
 0.1240000E+02  0.1055355E-03  0.6703789E-03  0.2992649E-02  0.1197027E-01  0.4472470E-01  0.1201987E+00  0.2234379E+00  0.2961504E+00  0.2851055E+00  0.2036975E+00  0.1093918E+00  0.4459357E-01  0.1386671E-01  0.3334341E-02  0.5761961E-03  0.1108173E-03
 0.1250000E+02  0.1060407E-03  0.6712854E-03  0.2993587E-02  0.1196445E-01  0.4469781E-01  0.1203241E+00  0.2236354E+00  0.2963099E+00  0.2850678E+00  0.2035973E+00  0.1093170E+00  0.4458446E-01  0.1387238E-01  0.3342555E-02  0.5778663E-03  0.1117649E-03
 0.1260000E+02  0.1065455E-03  0.6721594E-03  0.2994239E-02  0.1195906E-01  0.4467057E-01  0.1204509E+00  0.2238345E+00  0.2964704E+00  0.2850292E+00  0.2034965E+00  0.1092415E+00  0.4457538E-01  0.1387797E-01  0.3350846E-02  0.5795402E-03  0.1127197E-03
 0.1270000E+02  0.1070497E-03  0.6730011E-03  0.2994600E-02  0.1195408E-01  0.4464301E-01  0.1205788E+00  0.2240351E+00  0.2966319E+00  0.2849898E+00  0.2033953E+00  0.1091654E+00  0.4456634E-01  0.1388349E-01  0.3359212E-02  0.5812191E-03  0.1136815E-03
 0.1280000E+02  0.1075530E-03  0.6738105E-03  0.2994663E-02  0.1194948E-01  0.4461520E-01  0.1207080E+00  0.2242373E+00  0.2967943E+00  0.2849497E+00  0.2032936E+00  0.1090886E+00  0.4455732E-01  0.1388892E-01  0.3367650E-02  0.5829043E-03  0.1146498E-03
 0.1290000E+02  0.1080555E-03  0.6745878E-03  0.2994423E-02  0.1194524E-01  0.4458717E-01  0.1208384E+00  0.2244412E+00  0.2969577E+00  0.2849088E+00  0.2031913E+00  0.1090112E+00  0.4454833E-01  0.1389429E-01  0.3376157E-02  0.5845971E-03  0.1156242E-03
 0.1300000E+02  0.1085568E-03  0.6753331E-03  0.2993876E-02  0.1194134E-01  0.4455899E-01  0.1209699E+00  0.2246468E+00  0.2971218E+00  0.2848671E+00  0.2030885E+00  0.1089332E+00  0.4453935E-01  0.1389958E-01  0.3384728E-02  0.5862989E-03  0.1166043E-03
 0.1310000E+02  0.1090570E-03  0.6760466E-03  0.2993017E-02  0.1193774E-01  0.4453069E-01  0.1211024E+00  0.2248542E+00  0.2972868E+00  0.2848248E+00  0.2029851E+00  0.1088545E+00  0.4453038E-01  0.1390481E-01  0.3393361E-02  0.5880112E-03  0.1175897E-03
 0.1320000E+02  0.1095557E-03  0.6767282E-03  0.2991841E-02  0.1193442E-01  0.4450235E-01  0.1212360E+00  0.2250633E+00  0.2974526E+00  0.2847816E+00  0.2028812E+00  0.1087752E+00  0.4452141E-01  0.1390998E-01  0.3402051E-02  0.5897355E-03  0.1185800E-03
 0.1330000E+02  0.1100529E-03  0.6773782E-03  0.2990345E-02  0.1193134E-01  0.4447401E-01  0.1213706E+00  0.2252743E+00  0.2976191E+00  0.2847378E+00  0.2027768E+00  0.1086954E+00  0.4451243E-01  0.1391508E-01  0.3410795E-02  0.5914734E-03  0.1195749E-03
 0.1340000E+02  0.1105484E-03  0.6779967E-03  0.2988525E-02  0.1192848E-01  0.4444574E-01  0.1215061E+00  0.2254871E+00  0.2977862E+00  0.2846933E+00  0.2026717E+00  0.1086149E+00  0.4450344E-01  0.1392014E-01  0.3419590E-02  0.5932263E-03  0.1205739E-03
 0.1350000E+02  0.1110420E-03  0.6785837E-03  0.2986379E-02  0.1192580E-01  0.4441758E-01  0.1216426E+00  0.2257019E+00  0.2979540E+00  0.2846482E+00  0.2025660E+00  0.1085339E+00  0.4449443E-01  0.1392514E-01  0.3428430E-02  0.5949960E-03  0.1215767E-03
 0.1360000E+02  0.1115336E-03  0.6791395E-03  0.2983903E-02  0.1192326E-01  0.4438962E-01  0.1217798E+00  0.2259187E+00  0.2981224E+00  0.2846024E+00  0.2024598E+00  0.1084523E+00  0.4448538E-01  0.1393010E-01  0.3437312E-02  0.5967842E-03  0.1225829E-03
 0.1370000E+02  0.1120230E-03  0.6796641E-03  0.2981094E-02  0.1192082E-01  0.4436190E-01  0.1219178E+00  0.2261375E+00  0.2982913E+00  0.2845559E+00  0.2023528E+00  0.1083702E+00  0.4447630E-01  0.1393502E-01  0.3446232E-02  0.5985925E-03  0.1235921E-03
 0.1380000E+02  0.1125100E-03  0.6801575E-03  0.2977951E-02  0.1191846E-01  0.4433449E-01  0.1220566E+00  0.2263583E+00  0.2984606E+00  0.2845089E+00  0.2022453E+00  0.1082876E+00  0.4446716E-01  0.1393990E-01  0.3455184E-02  0.6004227E-03  0.1246040E-03
 0.1390000E+02  0.1129945E-03  0.6806200E-03  0.2974472E-02  0.1191612E-01  0.4430745E-01  0.1221961E+00  0.2265812E+00  0.2986305E+00  0.2844613E+00  0.2021371E+00  0.1082045E+00  0.4445797E-01  0.1394475E-01  0.3464166E-02  0.6022765E-03  0.1256182E-03
 0.1400000E+02  0.1134763E-03  0.6810515E-03  0.2970655E-02  0.1191377E-01  0.4428085E-01  0.1223362E+00  0.2268064E+00  0.2988007E+00  0.2844132E+00  0.2020281E+00  0.1081209E+00  0.4444870E-01  0.1394959E-01  0.3473171E-02  0.6041557E-03  0.1266344E-03
 0.1410000E+02  0.1139553E-03  0.6814522E-03  0.2966500E-02  0.1191137E-01  0.4425476E-01  0.1224769E+00  0.2270337E+00  0.2989712E+00  0.2843646E+00  0.2019185E+00  0.1080368E+00  0.4443935E-01  0.1395440E-01  0.3482196E-02  0.6060622E-03  0.1276522E-03
 0.1420000E+02  0.1144313E-03  0.6818222E-03  0.2962005E-02  0.1190887E-01  0.4422925E-01  0.1226182E+00  0.2272633E+00  0.2991420E+00  0.2843154E+00  0.2018082E+00  0.1079522E+00  0.4442991E-01  0.1395920E-01  0.3491237E-02  0.6079978E-03  0.1286714E-03
 0.1430000E+02  0.1149041E-03  0.6821615E-03  0.2957170E-02  0.1190623E-01  0.4420437E-01  0.1227599E+00  0.2274952E+00  0.2993130E+00  0.2842658E+00  0.2016971E+00  0.1078672E+00  0.4442037E-01  0.1396400E-01  0.3500287E-02  0.6099642E-03  0.1296915E-03
 0.1440000E+02  0.1153735E-03  0.6824703E-03  0.2951996E-02  0.1190341E-01  0.4418019E-01  0.1229021E+00  0.2277294E+00  0.2994842E+00  0.2842158E+00  0.2015852E+00  0.1077818E+00  0.4441071E-01  0.1396880E-01  0.3509343E-02  0.6119634E-03  0.1307125E-03
 0.1450000E+02  0.1158394E-03  0.6827485E-03  0.2946482E-02  0.1190035E-01  0.4415680E-01  0.1230446E+00  0.2279661E+00  0.2996556E+00  0.2841653E+00  0.2014726E+00  0.1076960E+00  0.4440092E-01  0.1397361E-01  0.3518400E-02  0.6139972E-03  0.1317339E-03
 0.1460000E+02  0.1163016E-03  0.6829963E-03  0.2940629E-02  0.1189701E-01  0.4413424E-01  0.1231875E+00  0.2282052E+00  0.2998269E+00  0.2841145E+00  0.2013591E+00  0.1076099E+00  0.4439100E-01  0.1397844E-01  0.3527453E-02  0.6160675E-03  0.1327554E-03
 0.1470000E+02  0.1167599E-03  0.6832137E-03  0.2934438E-02  0.1189335E-01  0.4411259E-01  0.1233307E+00  0.2284467E+00  0.2999984E+00  0.2840633E+00  0.2012448E+00  0.1075233E+00  0.4438092E-01  0.1398329E-01  0.3536497E-02  0.6181760E-03  0.1337769E-03
 0.1480000E+02  0.1172143E-03  0.6834007E-03  0.2927910E-02  0.1188932E-01  0.4409191E-01  0.1234742E+00  0.2286909E+00  0.3001697E+00  0.2840118E+00  0.2011297E+00  0.1074365E+00  0.4437068E-01  0.1398817E-01  0.3545527E-02  0.6203246E-03  0.1347981E-03
 0.1490000E+02  0.1176644E-03  0.6835574E-03  0.2921048E-02  0.1188486E-01  0.4407228E-01  0.1236179E+00  0.2289376E+00  0.3003410E+00  0.2839600E+00  0.2010136E+00  0.1073493E+00  0.4436026E-01  0.1399309E-01  0.3554539E-02  0.6225151E-03  0.1358188E-03
 0.1500000E+02  0.1181101E-03  0.6836839E-03  0.2913853E-02  0.1187993E-01  0.4405375E-01  0.1237617E+00  0.2291869E+00  0.3005121E+00  0.2839079E+00  0.2008967E+00  0.1072618E+00  0.4434965E-01  0.1399805E-01  0.3563527E-02  0.6247494E-03  0.1368388E-03
 0.1510000E+02  0.1185513E-03  0.6837801E-03  0.2906327E-02  0.1187449E-01  0.4403639E-01  0.1239056E+00  0.2294389E+00  0.3006831E+00  0.2838555E+00  0.2007788E+00  0.1071741E+00  0.4433884E-01  0.1400306E-01  0.3572488E-02  0.6270291E-03  0.1378580E-03
 0.1520000E+02  0.1189879E-03  0.6838462E-03  0.2898473E-02  0.1186848E-01  0.4402026E-01  0.1240496E+00  0.2296937E+00  0.3008538E+00  0.2838030E+00  0.2006600E+00  0.1070861E+00  0.4432781E-01  0.1400813E-01  0.3581414E-02  0.6293560E-03  0.1388760E-03
 0.1530000E+02  0.1194195E-03  0.6838820E-03  0.2890294E-02  0.1186184E-01  0.4400543E-01  0.1241937E+00  0.2299512E+00  0.3010242E+00  0.2837503E+00  0.2005403E+00  0.1069979E+00  0.4431655E-01  0.1401327E-01  0.3590304E-02  0.6317318E-03  0.1398929E-03
 0.1540000E+02  0.1198461E-03  0.6838877E-03  0.2881794E-02  0.1185454E-01  0.4399195E-01  0.1243378E+00  0.2302114E+00  0.3011942E+00  0.2836974E+00  0.2004195E+00  0.1069094E+00  0.4430504E-01  0.1401849E-01  0.3599150E-02  0.6341581E-03  0.1409084E-03
 0.1550000E+02  0.1202675E-03  0.6838632E-03  0.2872975E-02  0.1184653E-01  0.4397989E-01  0.1244818E+00  0.2304745E+00  0.3013639E+00  0.2836444E+00  0.2002977E+00  0.1068208E+00  0.4429328E-01  0.1402379E-01  0.3607949E-02  0.6366367E-03  0.1419225E-03
 0.1560000E+02  0.1206835E-03  0.6838085E-03  0.2863842E-02  0.1183774E-01  0.4396930E-01  0.1246258E+00  0.2307405E+00  0.3015331E+00  0.2835913E+00  0.2001749E+00  0.1067320E+00  0.4428125E-01  0.1402917E-01  0.3616696E-02  0.6391689E-03  0.1429351E-03
 0.1570000E+02  0.1210940E-03  0.6837237E-03  0.2854398E-02  0.1182814E-01  0.4396023E-01  0.1247697E+00  0.2310093E+00  0.3017019E+00  0.2835381E+00  0.2000510E+00  0.1066431E+00  0.4426893E-01  0.1403466E-01  0.3625387E-02  0.6417564E-03  0.1439462E-03
 0.1580000E+02  0.1214989E-03  0.6836087E-03  0.2844649E-02  0.1181767E-01  0.4395275E-01  0.1249135E+00  0.2312811E+00  0.3018701E+00  0.2834848E+00  0.1999260E+00  0.1065540E+00  0.4425632E-01  0.1404025E-01  0.3634016E-02  0.6444006E-03  0.1449557E-03
 0.1590000E+02  0.1218978E-03  0.6834634E-03  0.2834599E-02  0.1180629E-01  0.4394689E-01  0.1250571E+00  0.2315558E+00  0.3020377E+00  0.2834316E+00  0.1997999E+00  0.1064649E+00  0.4424339E-01  0.1404596E-01  0.3642580E-02  0.6471029E-03  0.1459635E-03
