 0.5906663E+00  0.9003545E-02
 0.6985775E+00  0.9003545E-02
 0.8064887E+00  0.9003545E-02
 0.9144000E+00  0.9003545E-02
 0.1022311E+01  0.9003545E-02
 0.1130222E+01  0.9003545E-02
 0.1238134E+01  0.9003545E-02
 0.1346045E+01  0.9003545E-02
 0.1453956E+01  0.9003545E-02
 0.1561867E+01  0.9003545E-02
 0.1669779E+01  0.9003545E-02
 0.1777690E+01  0.9003545E-02
 0.1885601E+01  0.9003545E-02
 0.1993512E+01  0.9003545E-02
 0.2101423E+01  0.9003545E-02
 0.2209335E+01  0.9003545E-02
 0.5906678E+00  0.1800704E-01
 0.6985790E+00  0.1800704E-01
 0.8064902E+00  0.1800704E-01
 0.9144014E+00  0.1800704E-01
 0.1022313E+01  0.1800704E-01
 0.1130224E+01  0.1800704E-01
 0.1238135E+01  0.1800704E-01
 0.1346046E+01  0.1800704E-01
 0.1453958E+01  0.1800704E-01
 0.1561869E+01  0.1800704E-01
 0.1669780E+01  0.1800704E-01
 0.1777691E+01  0.1800704E-01
 0.1885602E+01  0.1800704E-01
 0.1993514E+01  0.1800704E-01
 0.2101425E+01  0.1800704E-01
 0.2209336E+01  0.1800704E-01
 0.5906702E+00  0.2701044E-01
 0.6985814E+00  0.2701044E-01
 0.8064927E+00  0.2701044E-01
 0.9144039E+00  0.2701044E-01
 0.1022315E+01  0.2701044E-01
 0.1130226E+01  0.2701044E-01
 0.1238138E+01  0.2701044E-01
 0.1346049E+01  0.2701044E-01
 0.1453960E+01  0.2701044E-01
 0.1561871E+01  0.2701044E-01
 0.1669782E+01  0.2701044E-01
 0.1777694E+01  0.2701044E-01
 0.1885605E+01  0.2701044E-01
 0.1993516E+01  0.2701044E-01
 0.2101427E+01  0.2701044E-01
 0.2209339E+01  0.2701044E-01
 0.5906737E+00  0.3601370E-01
 0.6985849E+00  0.3601370E-01
 0.8064961E+00  0.3601370E-01
 0.9144073E+00  0.3601370E-01
 0.1022319E+01  0.3601370E-01
 0.1130230E+01  0.3601370E-01
 0.1238141E+01  0.3601370E-01
 0.1346052E+01  0.3601370E-01
 0.1453963E+01  0.3601370E-01
 0.1561875E+01  0.3601370E-01
 0.1669786E+01  0.3601370E-01
 0.1777697E+01  0.3601370E-01
 0.1885608E+01  0.3601370E-01
 0.1993520E+01  0.3601370E-01
 0.2101431E+01  0.3601370E-01
 0.2209342E+01  0.3601370E-01
 0.5906781E+00  0.4501677E-01
 0.6985893E+00  0.4501677E-01
 0.8065005E+00  0.4501677E-01
 0.9144117E+00  0.4501677E-01
 0.1022323E+01  0.4501677E-01
 0.1130234E+01  0.4501677E-01
 0.1238145E+01  0.4501677E-01
 0.1346057E+01  0.4501677E-01
 0.1453968E+01  0.4501677E-01
 0.1561879E+01  0.4501677E-01
 0.1669790E+01  0.4501677E-01
 0.1777702E+01  0.4501677E-01
 0.1885613E+01  0.4501677E-01
 0.1993524E+01  0.4501677E-01
 0.2101435E+01  0.4501677E-01
 0.2209346E+01  0.4501677E-01
 0.5906835E+00  0.5401961E-01
 0.6985947E+00  0.5401961E-01
 0.8065059E+00  0.5401961E-01
 0.9144171E+00  0.5401961E-01
 0.1022328E+01  0.5401961E-01
 0.1130240E+01  0.5401961E-01
 0.1238151E+01  0.5401961E-01
 0.1346062E+01  0.5401961E-01
 0.1453973E+01  0.5401961E-01
 0.1561884E+01  0.5401961E-01
 0.1669796E+01  0.5401961E-01
 0.1777707E+01  0.5401961E-01
 0.1885618E+01  0.5401961E-01
 0.1993529E+01  0.5401961E-01
 0.2101441E+01  0.5401961E-01
 0.2209352E+01  0.5401961E-01
 0.5906898E+00  0.6302216E-01
 0.6986011E+00  0.6302216E-01
 0.8065123E+00  0.6302216E-01
 0.9144235E+00  0.6302216E-01
 0.1022335E+01  0.6302216E-01
 0.1130246E+01  0.6302216E-01
 0.1238157E+01  0.6302216E-01
 0.1346068E+01  0.6302216E-01
 0.1453980E+01  0.6302216E-01
 0.1561891E+01  0.6302216E-01
 0.1669802E+01  0.6302216E-01
 0.1777713E+01  0.6302216E-01
 0.1885625E+01  0.6302216E-01
 0.1993536E+01  0.6302216E-01
 0.2101447E+01  0.6302216E-01
 0.2209358E+01  0.6302216E-01
 0.5906972E+00  0.7202439E-01
 0.6986084E+00  0.7202439E-01
 0.8065196E+00  0.7202439E-01
 0.9144309E+00  0.7202439E-01
 0.1022342E+01  0.7202439E-01
 0.1130253E+01  0.7202439E-01
 0.1238165E+01  0.7202439E-01
 0.1346076E+01  0.7202439E-01
 0.1453987E+01  0.7202439E-01
 0.1561898E+01  0.7202439E-01
 0.1669809E+01  0.7202439E-01
 0.1777721E+01  0.7202439E-01
 0.1885632E+01  0.7202439E-01
 0.1993543E+01  0.7202439E-01
 0.2101454E+01  0.7202439E-01
 0.2209366E+01  0.7202439E-01
 0.5907055E+00  0.8102624E-01
 0.6986168E+00  0.8102624E-01
 0.8065280E+00  0.8102624E-01
 0.9144392E+00  0.8102624E-01
 0.1022350E+01  0.8102624E-01
 0.1130262E+01  0.8102624E-01
 0.1238173E+01  0.8102624E-01
 0.1346084E+01  0.8102624E-01
 0.1453995E+01  0.8102624E-01
 0.1561907E+01  0.8102624E-01
 0.1669818E+01  0.8102624E-01
 0.1777729E+01  0.8102624E-01
 0.1885640E+01  0.8102624E-01
 0.1993551E+01  0.8102624E-01
 0.2101463E+01  0.8102624E-01
 0.2209374E+01  0.8102624E-01
 0.5907148E+00  0.9002767E-01
 0.6986261E+00  0.9002767E-01
 0.8065373E+00  0.9002767E-01
 0.9144485E+00  0.9002767E-01
 0.1022360E+01  0.9002767E-01
 0.1130271E+01  0.9002767E-01
 0.1238182E+01  0.9002767E-01
 0.1346093E+01  0.9002767E-01
 0.1454005E+01  0.9002767E-01
 0.1561916E+01  0.9002767E-01
 0.1669827E+01  0.9002767E-01
 0.1777738E+01  0.9002767E-01
 0.1885650E+01  0.9002767E-01
 0.1993561E+01  0.9002767E-01
 0.2101472E+01  0.9002767E-01
 0.2209383E+01  0.9002767E-01
 0.5907251E+00  0.9902863E-01
 0.6986364E+00  0.9902863E-01
 0.8065476E+00  0.9902863E-01
 0.9144588E+00  0.9902863E-01
 0.1022370E+01  0.9902863E-01
 0.1130281E+01  0.9902863E-01
 0.1238192E+01  0.9902863E-01
 0.1346104E+01  0.9902863E-01
 0.1454015E+01  0.9902863E-01
 0.1561926E+01  0.9902863E-01
 0.1669837E+01  0.9902863E-01
 0.1777749E+01  0.9902863E-01
 0.1885660E+01  0.9902863E-01
 0.1993571E+01  0.9902863E-01
 0.2101482E+01  0.9902863E-01
 0.2209394E+01  0.9902863E-01
 0.5907364E+00  0.1080291E+00
 0.6986476E+00  0.1080291E+00
 0.8065589E+00  0.1080291E+00
 0.9144701E+00  0.1080291E+00
 0.1022381E+01  0.1080291E+00
 0.1130293E+01  0.1080291E+00
 0.1238204E+01  0.1080291E+00
 0.1346115E+01  0.1080291E+00
 0.1454026E+01  0.1080291E+00
 0.1561937E+01  0.1080291E+00
 0.1669849E+01  0.1080291E+00
 0.1777760E+01  0.1080291E+00
 0.1885671E+01  0.1080291E+00
 0.1993582E+01  0.1080291E+00
 0.2101494E+01  0.1080291E+00
 0.2209405E+01  0.1080291E+00
 0.5907487E+00  0.1170290E+00
 0.6986599E+00  0.1170290E+00
 0.8065711E+00  0.1170290E+00
 0.9144824E+00  0.1170290E+00
 0.1022394E+01  0.1170290E+00
 0.1130305E+01  0.1170290E+00
 0.1238216E+01  0.1170290E+00
 0.1346127E+01  0.1170290E+00
 0.1454038E+01  0.1170290E+00
 0.1561950E+01  0.1170290E+00
 0.1669861E+01  0.1170290E+00
 0.1777772E+01  0.1170290E+00
 0.1885683E+01  0.1170290E+00
 0.1993595E+01  0.1170290E+00
 0.2101506E+01  0.1170290E+00
 0.2209417E+01  0.1170290E+00
 0.5907619E+00  0.1260282E+00
 0.6986731E+00  0.1260282E+00
 0.8065844E+00  0.1260282E+00
 0.9144956E+00  0.1260282E+00
 0.1022407E+01  0.1260282E+00
 0.1130318E+01  0.1260282E+00
 0.1238229E+01  0.1260282E+00
 0.1346140E+01  0.1260282E+00
 0.1454052E+01  0.1260282E+00
 0.1561963E+01  0.1260282E+00
 0.1669874E+01  0.1260282E+00
 0.1777785E+01  0.1260282E+00
 0.1885697E+01  0.1260282E+00
 0.1993608E+01  0.1260282E+00
 0.2101519E+01  0.1260282E+00
 0.2209430E+01  0.1260282E+00
 0.5907761E+00  0.1350269E+00
 0.6986874E+00  0.1350269E+00
 0.8065986E+00  0.1350269E+00
 0.9145098E+00  0.1350269E+00
 0.1022421E+01  0.1350269E+00
 0.1130332E+01  0.1350269E+00
 0.1238243E+01  0.1350269E+00
 0.1346155E+01  0.1350269E+00
 0.1454066E+01  0.1350269E+00
 0.1561977E+01  0.1350269E+00
 0.1669888E+01  0.1350269E+00
 0.1777800E+01  0.1350269E+00
 0.1885711E+01  0.1350269E+00
 0.1993622E+01  0.1350269E+00
 0.2101533E+01  0.1350269E+00
 0.2209445E+01  0.1350269E+00
 0.5907913E+00  0.1440248E+00
 0.6987026E+00  0.1440248E+00
 0.8066138E+00  0.1440248E+00
 0.9145250E+00  0.1440248E+00
 0.1022436E+01  0.1440248E+00
 0.1130347E+01  0.1440248E+00
 0.1238259E+01  0.1440248E+00
 0.1346170E+01  0.1440248E+00
 0.1454081E+01  0.1440248E+00
 0.1561992E+01  0.1440248E+00
 0.1669904E+01  0.1440248E+00
 0.1777815E+01  0.1440248E+00
 0.1885726E+01  0.1440248E+00
 0.1993637E+01  0.1440248E+00
 0.2101548E+01  0.1440248E+00
 0.2209460E+01  0.1440248E+00
 0.5908075E+00  0.1530220E+00
 0.6987187E+00  0.1530220E+00
 0.8066300E+00  0.1530220E+00
 0.9145412E+00  0.1530220E+00
 0.1022452E+01  0.1530220E+00
 0.1130364E+01  0.1530220E+00
 0.1238275E+01  0.1530220E+00
 0.1346186E+01  0.1530220E+00
 0.1454097E+01  0.1530220E+00
 0.1562009E+01  0.1530220E+00
 0.1669920E+01  0.1530220E+00
 0.1777831E+01  0.1530220E+00
 0.1885742E+01  0.1530220E+00
 0.1993653E+01  0.1530220E+00
 0.2101565E+01  0.1530220E+00
 0.2209476E+01  0.1530220E+00
 0.5908247E+00  0.1620184E+00
 0.6987359E+00  0.1620184E+00
 0.8066471E+00  0.1620184E+00
 0.9145583E+00  0.1620184E+00
 0.1022470E+01  0.1620184E+00
 0.1130381E+01  0.1620184E+00
 0.1238292E+01  0.1620184E+00
 0.1346203E+01  0.1620184E+00
 0.1454114E+01  0.1620184E+00
 0.1562026E+01  0.1620184E+00
 0.1669937E+01  0.1620184E+00
 0.1777848E+01  0.1620184E+00
 0.1885759E+01  0.1620184E+00
 0.1993671E+01  0.1620184E+00
 0.2101582E+01  0.1620184E+00
 0.2209493E+01  0.1620184E+00
 0.5908428E+00  0.1710139E+00
 0.6987540E+00  0.1710139E+00
 0.8066653E+00  0.1710139E+00
 0.9145765E+00  0.1710139E+00
 0.1022488E+01  0.1710139E+00
 0.1130399E+01  0.1710139E+00
 0.1238310E+01  0.1710139E+00
 0.1346221E+01  0.1710139E+00
 0.1454133E+01  0.1710139E+00
 0.1562044E+01  0.1710139E+00
 0.1669955E+01  0.1710139E+00
 0.1777866E+01  0.1710139E+00
 0.1885778E+01  0.1710139E+00
 0.1993689E+01  0.1710139E+00
 0.2101600E+01  0.1710139E+00
 0.2209511E+01  0.1710139E+00
 0.5908619E+00  0.1800086E+00
 0.6987732E+00  0.1800086E+00
 0.8066844E+00  0.1800086E+00
 0.9145956E+00  0.1800086E+00
 0.1022507E+01  0.1800086E+00
 0.1130418E+01  0.1800086E+00
 0.1238329E+01  0.1800086E+00
 0.1346241E+01  0.1800086E+00
 0.1454152E+01  0.1800086E+00
 0.1562063E+01  0.1800086E+00
 0.1669974E+01  0.1800086E+00
 0.1777885E+01  0.1800086E+00
 0.1885797E+01  0.1800086E+00
 0.1993708E+01  0.1800086E+00
 0.2101619E+01  0.1800086E+00
 0.2209530E+01  0.1800086E+00
 0.5908820E+00  0.1890023E+00
 0.6987933E+00  0.1890023E+00
 0.8067045E+00  0.1890023E+00
 0.9146157E+00  0.1890023E+00
 0.1022527E+01  0.1890023E+00
 0.1130438E+01  0.1890023E+00
 0.1238349E+01  0.1890023E+00
 0.1346261E+01  0.1890023E+00
 0.1454172E+01  0.1890023E+00
 0.1562083E+01  0.1890023E+00
 0.1669994E+01  0.1890023E+00
 0.1777906E+01  0.1890023E+00
 0.1885817E+01  0.1890023E+00
 0.1993728E+01  0.1890023E+00
 0.2101639E+01  0.1890023E+00
 0.2209550E+01  0.1890023E+00
 0.5909031E+00  0.1979951E+00
 0.6988143E+00  0.1979951E+00
 0.8067256E+00  0.1979951E+00
 0.9146368E+00  0.1979951E+00
 0.1022548E+01  0.1979951E+00
 0.1130459E+01  0.1979951E+00
 0.1238370E+01  0.1979951E+00
 0.1346282E+01  0.1979951E+00
 0.1454193E+01  0.1979951E+00
 0.1562104E+01  0.1979951E+00
 0.1670015E+01  0.1979951E+00
 0.1777927E+01  0.1979951E+00
 0.1885838E+01  0.1979951E+00
 0.1993749E+01  0.1979951E+00
 0.2101660E+01  0.1979951E+00
 0.2209571E+01  0.1979951E+00
 0.5909252E+00  0.2069868E+00
 0.6988364E+00  0.2069868E+00
 0.8067476E+00  0.2069868E+00
 0.9146588E+00  0.2069868E+00
 0.1022570E+01  0.2069868E+00
 0.1130481E+01  0.2069868E+00
 0.1238393E+01  0.2069868E+00
 0.1346304E+01  0.2069868E+00
 0.1454215E+01  0.2069868E+00
 0.1562126E+01  0.2069868E+00
 0.1670037E+01  0.2069868E+00
 0.1777949E+01  0.2069868E+00
 0.1885860E+01  0.2069868E+00
 0.1993771E+01  0.2069868E+00
 0.2101682E+01  0.2069868E+00
 0.2209594E+01  0.2069868E+00
 0.5909482E+00  0.2159774E+00
 0.6988594E+00  0.2159774E+00
 0.8067707E+00  0.2159774E+00
 0.9146819E+00  0.2159774E+00
 0.1022593E+01  0.2159774E+00
 0.1130504E+01  0.2159774E+00
 0.1238416E+01  0.2159774E+00
 0.1346327E+01  0.2159774E+00
 0.1454238E+01  0.2159774E+00
 0.1562149E+01  0.2159774E+00
 0.1670060E+01  0.2159774E+00
 0.1777972E+01  0.2159774E+00
 0.1885883E+01  0.2159774E+00
 0.1993794E+01  0.2159774E+00
 0.2101705E+01  0.2159774E+00
 0.2209617E+01  0.2159774E+00
 0.5909722E+00  0.2249670E+00
 0.6988834E+00  0.2249670E+00
 0.8067947E+00  0.2249670E+00
 0.9147059E+00  0.2249670E+00
 0.1022617E+01  0.2249670E+00
 0.1130528E+01  0.2249670E+00
 0.1238440E+01  0.2249670E+00
 0.1346351E+01  0.2249670E+00
 0.1454262E+01  0.2249670E+00
 0.1562173E+01  0.2249670E+00
 0.1670084E+01  0.2249670E+00
 0.1777996E+01  0.2249670E+00
 0.1885907E+01  0.2249670E+00
 0.1993818E+01  0.2249670E+00
 0.2101729E+01  0.2249670E+00
 0.2209641E+01  0.2249670E+00
 0.5909972E+00  0.2339554E+00
 0.6989084E+00  0.2339554E+00
 0.8068197E+00  0.2339554E+00
 0.9147309E+00  0.2339554E+00
 0.1022642E+01  0.2339554E+00
 0.1130553E+01  0.2339554E+00
 0.1238465E+01  0.2339554E+00
 0.1346376E+01  0.2339554E+00
 0.1454287E+01  0.2339554E+00
 0.1562198E+01  0.2339554E+00
 0.1670109E+01  0.2339554E+00
 0.1778021E+01  0.2339554E+00
 0.1885932E+01  0.2339554E+00
 0.1993843E+01  0.2339554E+00
 0.2101754E+01  0.2339554E+00
 0.2209666E+01  0.2339554E+00
 0.5910232E+00  0.2429425E+00
 0.6989344E+00  0.2429425E+00
 0.8068456E+00  0.2429425E+00
 0.9147569E+00  0.2429425E+00
 0.1022668E+01  0.2429425E+00
 0.1130579E+01  0.2429425E+00
 0.1238491E+01  0.2429425E+00
 0.1346402E+01  0.2429425E+00
 0.1454313E+01  0.2429425E+00
 0.1562224E+01  0.2429425E+00
 0.1670135E+01  0.2429425E+00
 0.1778047E+01  0.2429425E+00
 0.1885958E+01  0.2429425E+00
 0.1993869E+01  0.2429425E+00
 0.2101780E+01  0.2429425E+00
 0.2209692E+01  0.2429425E+00
 0.5910501E+00  0.2519284E+00
 0.6989614E+00  0.2519284E+00
 0.8068726E+00  0.2519284E+00
 0.9147838E+00  0.2519284E+00
 0.1022695E+01  0.2519284E+00
 0.1130606E+01  0.2519284E+00
 0.1238517E+01  0.2519284E+00
 0.1346429E+01  0.2519284E+00
 0.1454340E+01  0.2519284E+00
 0.1562251E+01  0.2519284E+00
 0.1670162E+01  0.2519284E+00
 0.1778074E+01  0.2519284E+00
 0.1885985E+01  0.2519284E+00
 0.1993896E+01  0.2519284E+00
 0.2101807E+01  0.2519284E+00
 0.2209719E+01  0.2519284E+00
 0.5910781E+00  0.2609130E+00
 0.6989893E+00  0.2609130E+00
 0.8069005E+00  0.2609130E+00
 0.9148118E+00  0.2609130E+00
 0.1022723E+01  0.2609130E+00
 0.1130634E+01  0.2609130E+00
 0.1238545E+01  0.2609130E+00
 0.1346457E+01  0.2609130E+00
 0.1454368E+01  0.2609130E+00
 0.1562279E+01  0.2609130E+00
 0.1670190E+01  0.2609130E+00
 0.1778102E+01  0.2609130E+00
 0.1886013E+01  0.2609130E+00
 0.1993924E+01  0.2609130E+00
 0.2101835E+01  0.2609130E+00
 0.2209746E+01  0.2609130E+00
 0.5911070E+00  0.2698963E+00
 0.6990182E+00  0.2698963E+00
 0.8069294E+00  0.2698963E+00
 0.9148407E+00  0.2698963E+00
 0.1022752E+01  0.2698963E+00
 0.1130663E+01  0.2698963E+00
 0.1238574E+01  0.2698963E+00
 0.1346486E+01  0.2698963E+00
 0.1454397E+01  0.2698963E+00
 0.1562308E+01  0.2698963E+00
 0.1670219E+01  0.2698963E+00
 0.1778130E+01  0.2698963E+00
 0.1886042E+01  0.2698963E+00
 0.1993953E+01  0.2698963E+00
 0.2101864E+01  0.2698963E+00
 0.2209775E+01  0.2698963E+00
 0.5911369E+00  0.2788782E+00
 0.6990481E+00  0.2788782E+00
 0.8069593E+00  0.2788782E+00
 0.9148706E+00  0.2788782E+00
 0.1022782E+01  0.2788782E+00
 0.1130693E+01  0.2788782E+00
 0.1238604E+01  0.2788782E+00
 0.1346515E+01  0.2788782E+00
 0.1454427E+01  0.2788782E+00
 0.1562338E+01  0.2788782E+00
 0.1670249E+01  0.2788782E+00
 0.1778160E+01  0.2788782E+00
 0.1886072E+01  0.2788782E+00
 0.1993983E+01  0.2788782E+00
 0.2101894E+01  0.2788782E+00
 0.2209805E+01  0.2788782E+00
 0.5911677E+00  0.2878586E+00
 0.6990790E+00  0.2878586E+00
 0.8069902E+00  0.2878586E+00
 0.9149014E+00  0.2878586E+00
 0.1022813E+01  0.2878586E+00
 0.1130724E+01  0.2878586E+00
 0.1238635E+01  0.2878586E+00
 0.1346546E+01  0.2878586E+00
 0.1454458E+01  0.2878586E+00
 0.1562369E+01  0.2878586E+00
 0.1670280E+01  0.2878586E+00
 0.1778191E+01  0.2878586E+00
 0.1886102E+01  0.2878586E+00
 0.1994014E+01  0.2878586E+00
 0.2101925E+01  0.2878586E+00
 0.2209836E+01  0.2878586E+00
 0.5911996E+00  0.2968375E+00
 0.6991108E+00  0.2968375E+00
 0.8070220E+00  0.2968375E+00
 0.9149333E+00  0.2968375E+00
 0.1022844E+01  0.2968375E+00
 0.1130756E+01  0.2968375E+00
 0.1238667E+01  0.2968375E+00
 0.1346578E+01  0.2968375E+00
 0.1454489E+01  0.2968375E+00
 0.1562401E+01  0.2968375E+00
 0.1670312E+01  0.2968375E+00
 0.1778223E+01  0.2968375E+00
 0.1886134E+01  0.2968375E+00
 0.1994046E+01  0.2968375E+00
 0.2101957E+01  0.2968375E+00
 0.2209868E+01  0.2968375E+00
 0.5912324E+00  0.3058150E+00
 0.6991436E+00  0.3058150E+00
 0.8070549E+00  0.3058150E+00
 0.9149661E+00  0.3058150E+00
 0.1022877E+01  0.3058150E+00
 0.1130789E+01  0.3058150E+00
 0.1238700E+01  0.3058150E+00
 0.1346611E+01  0.3058150E+00
 0.1454522E+01  0.3058150E+00
 0.1562433E+01  0.3058150E+00
 0.1670345E+01  0.3058150E+00
 0.1778256E+01  0.3058150E+00
 0.1886167E+01  0.3058150E+00
 0.1994078E+01  0.3058150E+00
 0.2101990E+01  0.3058150E+00
 0.2209901E+01  0.3058150E+00
 0.5912662E+00  0.3147908E+00
 0.6991774E+00  0.3147908E+00
 0.8070887E+00  0.3147908E+00
 0.9149999E+00  0.3147908E+00
 0.1022911E+01  0.3147908E+00
 0.1130822E+01  0.3147908E+00
 0.1238734E+01  0.3147908E+00
 0.1346645E+01  0.3147908E+00
 0.1454556E+01  0.3147908E+00
 0.1562467E+01  0.3147908E+00
 0.1670378E+01  0.3147908E+00
 0.1778290E+01  0.3147908E+00
 0.1886201E+01  0.3147908E+00
 0.1994112E+01  0.3147908E+00
 0.2102023E+01  0.3147908E+00
 0.2209935E+01  0.3147908E+00
 0.5913010E+00  0.3237650E+00
 0.6992122E+00  0.3237650E+00
 0.8071234E+00  0.3237650E+00
 0.9150347E+00  0.3237650E+00
 0.1022946E+01  0.3237650E+00
 0.1130857E+01  0.3237650E+00
 0.1238768E+01  0.3237650E+00
 0.1346680E+01  0.3237650E+00
 0.1454591E+01  0.3237650E+00
 0.1562502E+01  0.3237650E+00
 0.1670413E+01  0.3237650E+00
 0.1778324E+01  0.3237650E+00
 0.1886236E+01  0.3237650E+00
 0.1994147E+01  0.3237650E+00
 0.2102058E+01  0.3237650E+00
 0.2209969E+01  0.3237650E+00
 0.5913368E+00  0.3327375E+00
 0.6992480E+00  0.3327375E+00
 0.8071592E+00  0.3327375E+00
 0.9150704E+00  0.3327375E+00
 0.1022982E+01  0.3327375E+00
 0.1130893E+01  0.3327375E+00
 0.1238804E+01  0.3327375E+00
 0.1346715E+01  0.3327375E+00
 0.1454627E+01  0.3327375E+00
 0.1562538E+01  0.3327375E+00
 0.1670449E+01  0.3327375E+00
 0.1778360E+01  0.3327375E+00
 0.1886271E+01  0.3327375E+00
 0.1994183E+01  0.3327375E+00
 0.2102094E+01  0.3327375E+00
 0.2210005E+01  0.3327375E+00
 0.5913735E+00  0.3417084E+00
 0.6992847E+00  0.3417084E+00
 0.8071959E+00  0.3417084E+00
 0.9151072E+00  0.3417084E+00
 0.1023018E+01  0.3417084E+00
 0.1130930E+01  0.3417084E+00
 0.1238841E+01  0.3417084E+00
 0.1346752E+01  0.3417084E+00
 0.1454663E+01  0.3417084E+00
 0.1562575E+01  0.3417084E+00
 0.1670486E+01  0.3417084E+00
 0.1778397E+01  0.3417084E+00
 0.1886308E+01  0.3417084E+00
 0.1994219E+01  0.3417084E+00
 0.2102131E+01  0.3417084E+00
 0.2210042E+01  0.3417084E+00
 0.5914112E+00  0.3506774E+00
 0.6993224E+00  0.3506774E+00
 0.8072337E+00  0.3506774E+00
 0.9151449E+00  0.3506774E+00
 0.1023056E+01  0.3506774E+00
 0.1130967E+01  0.3506774E+00
 0.1238879E+01  0.3506774E+00
 0.1346790E+01  0.3506774E+00
 0.1454701E+01  0.3506774E+00
 0.1562612E+01  0.3506774E+00
 0.1670523E+01  0.3506774E+00
 0.1778435E+01  0.3506774E+00
 0.1886346E+01  0.3506774E+00
 0.1994257E+01  0.3506774E+00
 0.2102168E+01  0.3506774E+00
 0.2210080E+01  0.3506774E+00
 0.5914499E+00  0.3596447E+00
 0.6993611E+00  0.3596447E+00
 0.8072723E+00  0.3596447E+00
 0.9151836E+00  0.3596447E+00
 0.1023095E+01  0.3596447E+00
 0.1131006E+01  0.3596447E+00
 0.1238917E+01  0.3596447E+00
 0.1346828E+01  0.3596447E+00
 0.1454740E+01  0.3596447E+00
 0.1562651E+01  0.3596447E+00
 0.1670562E+01  0.3596447E+00
 0.1778473E+01  0.3596447E+00
 0.1886385E+01  0.3596447E+00
 0.1994296E+01  0.3596447E+00
 0.2102207E+01  0.3596447E+00
 0.2210118E+01  0.3596447E+00
 0.5914896E+00  0.3686101E+00
 0.6994008E+00  0.3686101E+00
 0.8073120E+00  0.3686101E+00
 0.9152232E+00  0.3686101E+00
 0.1023134E+01  0.3686101E+00
 0.1131046E+01  0.3686101E+00
 0.1238957E+01  0.3686101E+00
 0.1346868E+01  0.3686101E+00
 0.1454779E+01  0.3686101E+00
 0.1562691E+01  0.3686101E+00
 0.1670602E+01  0.3686101E+00
 0.1778513E+01  0.3686101E+00
 0.1886424E+01  0.3686101E+00
 0.1994335E+01  0.3686101E+00
 0.2102247E+01  0.3686101E+00
 0.2210158E+01  0.3686101E+00
 0.5915302E+00  0.3775736E+00
 0.6994414E+00  0.3775736E+00
 0.8073526E+00  0.3775736E+00
 0.9152639E+00  0.3775736E+00
 0.1023175E+01  0.3775736E+00
 0.1131086E+01  0.3775736E+00
 0.1238998E+01  0.3775736E+00
 0.1346909E+01  0.3775736E+00
 0.1454820E+01  0.3775736E+00
 0.1562731E+01  0.3775736E+00
 0.1670642E+01  0.3775736E+00
 0.1778554E+01  0.3775736E+00
 0.1886465E+01  0.3775736E+00
 0.1994376E+01  0.3775736E+00
 0.2102287E+01  0.3775736E+00
 0.2210199E+01  0.3775736E+00
 0.5915718E+00  0.3865352E+00
 0.6994830E+00  0.3865352E+00
 0.8073943E+00  0.3865352E+00
 0.9153055E+00  0.3865352E+00
 0.1023217E+01  0.3865352E+00
 0.1131128E+01  0.3865352E+00
 0.1239039E+01  0.3865352E+00
 0.1346950E+01  0.3865352E+00
 0.1454862E+01  0.3865352E+00
 0.1562773E+01  0.3865352E+00
 0.1670684E+01  0.3865352E+00
 0.1778595E+01  0.3865352E+00
 0.1886507E+01  0.3865352E+00
 0.1994418E+01  0.3865352E+00
 0.2102329E+01  0.3865352E+00
 0.2210240E+01  0.3865352E+00
 0.5916144E+00  0.3954948E+00
 0.6995256E+00  0.3954948E+00
 0.8074369E+00  0.3954948E+00
 0.9153481E+00  0.3954948E+00
 0.1023259E+01  0.3954948E+00
 0.1131171E+01  0.3954948E+00
 0.1239082E+01  0.3954948E+00
 0.1346993E+01  0.3954948E+00
 0.1454904E+01  0.3954948E+00
 0.1562815E+01  0.3954948E+00
 0.1670727E+01  0.3954948E+00
 0.1778638E+01  0.3954948E+00
 0.1886549E+01  0.3954948E+00
 0.1994460E+01  0.3954948E+00
 0.2102372E+01  0.3954948E+00
 0.2210283E+01  0.3954948E+00
 0.5916580E+00  0.4044523E+00
 0.6995692E+00  0.4044523E+00
 0.8074804E+00  0.4044523E+00
 0.9153917E+00  0.4044523E+00
 0.1023303E+01  0.4044523E+00
 0.1131214E+01  0.4044523E+00
 0.1239125E+01  0.4044523E+00
 0.1347037E+01  0.4044523E+00
 0.1454948E+01  0.4044523E+00
 0.1562859E+01  0.4044523E+00
 0.1670770E+01  0.4044523E+00
 0.1778681E+01  0.4044523E+00
 0.1886593E+01  0.4044523E+00
 0.1994504E+01  0.4044523E+00
 0.2102415E+01  0.4044523E+00
 0.2210326E+01  0.4044523E+00
 0.5917025E+00  0.4134078E+00
 0.6996137E+00  0.4134078E+00
 0.8075250E+00  0.4134078E+00
 0.9154362E+00  0.4134078E+00
 0.1023347E+01  0.4134078E+00
 0.1131259E+01  0.4134078E+00
 0.1239170E+01  0.4134078E+00
 0.1347081E+01  0.4134078E+00
 0.1454992E+01  0.4134078E+00
 0.1562904E+01  0.4134078E+00
 0.1670815E+01  0.4134078E+00
 0.1778726E+01  0.4134078E+00
 0.1886637E+01  0.4134078E+00
 0.1994548E+01  0.4134078E+00
 0.2102460E+01  0.4134078E+00
 0.2210371E+01  0.4134078E+00
 0.5917480E+00  0.4223611E+00
 0.6996593E+00  0.4223611E+00
 0.8075705E+00  0.4223611E+00
 0.9154817E+00  0.4223611E+00
 0.1023393E+01  0.4223611E+00
 0.1131304E+01  0.4223611E+00
 0.1239215E+01  0.4223611E+00
 0.1347127E+01  0.4223611E+00
 0.1455038E+01  0.4223611E+00
 0.1562949E+01  0.4223611E+00
 0.1670860E+01  0.4223611E+00
 0.1778772E+01  0.4223611E+00
 0.1886683E+01  0.4223611E+00
 0.1994594E+01  0.4223611E+00
 0.2102505E+01  0.4223611E+00
 0.2210416E+01  0.4223611E+00
 0.5917945E+00  0.4313123E+00
 0.6997058E+00  0.4313123E+00
 0.8076170E+00  0.4313123E+00
 0.9155282E+00  0.4313123E+00
 0.1023439E+01  0.4313123E+00
 0.1131351E+01  0.4313123E+00
 0.1239262E+01  0.4313123E+00
 0.1347173E+01  0.4313123E+00
 0.1455084E+01  0.4313123E+00
 0.1562996E+01  0.4313123E+00
 0.1670907E+01  0.4313123E+00
 0.1778818E+01  0.4313123E+00
 0.1886729E+01  0.4313123E+00
 0.1994640E+01  0.4313123E+00
 0.2102552E+01  0.4313123E+00
 0.2210463E+01  0.4313123E+00
 0.5918420E+00  0.4402613E+00
 0.6997532E+00  0.4402613E+00
 0.8076645E+00  0.4402613E+00
 0.9155757E+00  0.4402613E+00
 0.1023487E+01  0.4402613E+00
 0.1131398E+01  0.4402613E+00
 0.1239309E+01  0.4402613E+00
 0.1347221E+01  0.4402613E+00
 0.1455132E+01  0.4402613E+00
 0.1563043E+01  0.4402613E+00
 0.1670954E+01  0.4402613E+00
 0.1778865E+01  0.4402613E+00
 0.1886777E+01  0.4402613E+00
 0.1994688E+01  0.4402613E+00
 0.2102599E+01  0.4402613E+00
 0.2210510E+01  0.4402613E+00
 0.5918905E+00  0.4492080E+00
 0.6998017E+00  0.4492080E+00
 0.8077129E+00  0.4492080E+00
 0.9156241E+00  0.4492080E+00
 0.1023535E+01  0.4492080E+00
 0.1131447E+01  0.4492080E+00
 0.1239358E+01  0.4492080E+00
 0.1347269E+01  0.4492080E+00
 0.1455180E+01  0.4492080E+00
 0.1563091E+01  0.4492080E+00
 0.1671003E+01  0.4492080E+00
 0.1778914E+01  0.4492080E+00
 0.1886825E+01  0.4492080E+00
 0.1994736E+01  0.4492080E+00
 0.2102648E+01  0.4492080E+00
 0.2210559E+01  0.4492080E+00
 0.5919399E+00  0.4581524E+00
 0.6998511E+00  0.4581524E+00
 0.8077623E+00  0.4581524E+00
 0.9156736E+00  0.4581524E+00
 0.1023585E+01  0.4581524E+00
 0.1131496E+01  0.4581524E+00
 0.1239407E+01  0.4581524E+00
 0.1347318E+01  0.4581524E+00
 0.1455230E+01  0.4581524E+00
 0.1563141E+01  0.4581524E+00
 0.1671052E+01  0.4581524E+00
 0.1778963E+01  0.4581524E+00
 0.1886875E+01  0.4581524E+00
 0.1994786E+01  0.4581524E+00
 0.2102697E+01  0.4581524E+00
 0.2210608E+01  0.4581524E+00
 0.5919903E+00  0.4670944E+00
 0.6999015E+00  0.4670944E+00
 0.8078127E+00  0.4670944E+00
 0.9157240E+00  0.4670944E+00
 0.1023635E+01  0.4670944E+00
 0.1131546E+01  0.4670944E+00
 0.1239458E+01  0.4670944E+00
 0.1347369E+01  0.4670944E+00
 0.1455280E+01  0.4670944E+00
 0.1563191E+01  0.4670944E+00
 0.1671103E+01  0.4670944E+00
 0.1779014E+01  0.4670944E+00
 0.1886925E+01  0.4670944E+00
 0.1994836E+01  0.4670944E+00
 0.2102747E+01  0.4670944E+00
 0.2210659E+01  0.4670944E+00
 0.5920416E+00  0.4760341E+00
 0.6999529E+00  0.4760341E+00
 0.8078641E+00  0.4760341E+00
 0.9157753E+00  0.4760341E+00
 0.1023687E+01  0.4760341E+00
 0.1131598E+01  0.4760341E+00
 0.1239509E+01  0.4760341E+00
 0.1347420E+01  0.4760341E+00
 0.1455331E+01  0.4760341E+00
 0.1563243E+01  0.4760341E+00
 0.1671154E+01  0.4760341E+00
 0.1779065E+01  0.4760341E+00
 0.1886976E+01  0.4760341E+00
 0.1994888E+01  0.4760341E+00
 0.2102799E+01  0.4760341E+00
 0.2210710E+01  0.4760341E+00
 0.5920940E+00  0.4849713E+00
 0.7000052E+00  0.4849713E+00
 0.8079164E+00  0.4849713E+00
 0.9158277E+00  0.4849713E+00
 0.1023739E+01  0.4849713E+00
 0.1131650E+01  0.4849713E+00
 0.1239561E+01  0.4849713E+00
 0.1347473E+01  0.4849713E+00
 0.1455384E+01  0.4849713E+00
 0.1563295E+01  0.4849713E+00
 0.1671206E+01  0.4849713E+00
 0.1779117E+01  0.4849713E+00
 0.1887029E+01  0.4849713E+00
 0.1994940E+01  0.4849713E+00
 0.2102851E+01  0.4849713E+00
 0.2210762E+01  0.4849713E+00
 0.5921473E+00  0.4939061E+00
 0.7000585E+00  0.4939061E+00
 0.8079698E+00  0.4939061E+00
 0.9158810E+00  0.4939061E+00
 0.1023792E+01  0.4939061E+00
 0.1131703E+01  0.4939061E+00
 0.1239615E+01  0.4939061E+00
 0.1347526E+01  0.4939061E+00
 0.1455437E+01  0.4939061E+00
 0.1563348E+01  0.4939061E+00
 0.1671260E+01  0.4939061E+00
 0.1779171E+01  0.4939061E+00
 0.1887082E+01  0.4939061E+00
 0.1994993E+01  0.4939061E+00
 0.2102904E+01  0.4939061E+00
 0.2210816E+01  0.4939061E+00
 0.5922016E+00  0.5028383E+00
 0.7001128E+00  0.5028383E+00
 0.8080240E+00  0.5028383E+00
 0.9159353E+00  0.5028383E+00
 0.1023846E+01  0.5028383E+00
 0.1131758E+01  0.5028383E+00
 0.1239669E+01  0.5028383E+00
 0.1347580E+01  0.5028383E+00
 0.1455491E+01  0.5028383E+00
 0.1563403E+01  0.5028383E+00
 0.1671314E+01  0.5028383E+00
 0.1779225E+01  0.5028383E+00
 0.1887136E+01  0.5028383E+00
 0.1995048E+01  0.5028383E+00
 0.2102959E+01  0.5028383E+00
 0.2210870E+01  0.5028383E+00
 0.5922569E+00  0.5117679E+00
 0.7001681E+00  0.5117679E+00
 0.8080793E+00  0.5117679E+00
 0.9159905E+00  0.5117679E+00
 0.1023902E+01  0.5117679E+00
 0.1131813E+01  0.5117679E+00
 0.1239724E+01  0.5117679E+00
 0.1347635E+01  0.5117679E+00
 0.1455547E+01  0.5117679E+00
 0.1563458E+01  0.5117679E+00
 0.1671369E+01  0.5117679E+00
 0.1779280E+01  0.5117679E+00
 0.1887192E+01  0.5117679E+00
 0.1995103E+01  0.5117679E+00
 0.2103014E+01  0.5117679E+00
 0.2210925E+01  0.5117679E+00
 0.5923131E+00  0.5206949E+00
 0.7002243E+00  0.5206949E+00
 0.8081355E+00  0.5206949E+00
 0.9160468E+00  0.5206949E+00
 0.1023958E+01  0.5206949E+00
 0.1131869E+01  0.5206949E+00
 0.1239780E+01  0.5206949E+00
 0.1347692E+01  0.5206949E+00
 0.1455603E+01  0.5206949E+00
 0.1563514E+01  0.5206949E+00
 0.1671425E+01  0.5206949E+00
 0.1779337E+01  0.5206949E+00
 0.1887248E+01  0.5206949E+00
 0.1995159E+01  0.5206949E+00
 0.2103070E+01  0.5206949E+00
 0.2210981E+01  0.5206949E+00
 0.5923703E+00  0.5296193E+00
 0.7002815E+00  0.5296193E+00
 0.8081927E+00  0.5296193E+00
 0.9161040E+00  0.5296193E+00
 0.1024015E+01  0.5296193E+00
 0.1131926E+01  0.5296193E+00
 0.1239838E+01  0.5296193E+00
 0.1347749E+01  0.5296193E+00
 0.1455660E+01  0.5296193E+00
 0.1563571E+01  0.5296193E+00
 0.1671483E+01  0.5296193E+00
 0.1779394E+01  0.5296193E+00
 0.1887305E+01  0.5296193E+00
 0.1995216E+01  0.5296193E+00
 0.2103127E+01  0.5296193E+00
 0.2211039E+01  0.5296193E+00
 0.5924285E+00  0.5385409E+00
 0.7003397E+00  0.5385409E+00
 0.8082509E+00  0.5385409E+00
 0.9161621E+00  0.5385409E+00
 0.1024073E+01  0.5385409E+00
 0.1131985E+01  0.5385409E+00
 0.1239896E+01  0.5385409E+00
 0.1347807E+01  0.5385409E+00
 0.1455718E+01  0.5385409E+00
 0.1563630E+01  0.5385409E+00
 0.1671541E+01  0.5385409E+00
 0.1779452E+01  0.5385409E+00
 0.1887363E+01  0.5385409E+00
 0.1995274E+01  0.5385409E+00
 0.2103186E+01  0.5385409E+00
 0.2211097E+01  0.5385409E+00
 0.5924876E+00  0.5474598E+00
 0.7003988E+00  0.5474598E+00
 0.8083101E+00  0.5474598E+00
 0.9162213E+00  0.5474598E+00
 0.1024133E+01  0.5474598E+00
 0.1132044E+01  0.5474598E+00
 0.1239955E+01  0.5474598E+00
 0.1347866E+01  0.5474598E+00
 0.1455777E+01  0.5474598E+00
 0.1563689E+01  0.5474598E+00
 0.1671600E+01  0.5474598E+00
 0.1779511E+01  0.5474598E+00
 0.1887422E+01  0.5474598E+00
 0.1995334E+01  0.5474598E+00
 0.2103245E+01  0.5474598E+00
 0.2211156E+01  0.5474598E+00
 0.5925477E+00  0.5563759E+00
 0.7004590E+00  0.5563759E+00
 0.8083702E+00  0.5563759E+00
 0.9162814E+00  0.5563759E+00
 0.1024193E+01  0.5563759E+00
 0.1132104E+01  0.5563759E+00
 0.1240015E+01  0.5563759E+00
 0.1347926E+01  0.5563759E+00
 0.1455838E+01  0.5563759E+00
 0.1563749E+01  0.5563759E+00
 0.1671660E+01  0.5563759E+00
 0.1779571E+01  0.5563759E+00
 0.1887482E+01  0.5563759E+00
 0.1995394E+01  0.5563759E+00
 0.2103305E+01  0.5563759E+00
 0.2211216E+01  0.5563759E+00
 0.5926088E+00  0.5652892E+00
 0.7005201E+00  0.5652892E+00
 0.8084313E+00  0.5652892E+00
 0.9163425E+00  0.5652892E+00
 0.1024254E+01  0.5652892E+00
 0.1132165E+01  0.5652892E+00
 0.1240076E+01  0.5652892E+00
 0.1347987E+01  0.5652892E+00
 0.1455899E+01  0.5652892E+00
 0.1563810E+01  0.5652892E+00
 0.1671721E+01  0.5652892E+00
 0.1779632E+01  0.5652892E+00
 0.1887544E+01  0.5652892E+00
 0.1995455E+01  0.5652892E+00
 0.2103366E+01  0.5652892E+00
 0.2211277E+01  0.5652892E+00
 0.5926709E+00  0.5741996E+00
 0.7005821E+00  0.5741996E+00
 0.8084934E+00  0.5741996E+00
 0.9164046E+00  0.5741996E+00
 0.1024316E+01  0.5741996E+00
 0.1132227E+01  0.5741996E+00
 0.1240138E+01  0.5741996E+00
 0.1348049E+01  0.5741996E+00
 0.1455961E+01  0.5741996E+00
 0.1563872E+01  0.5741996E+00
 0.1671783E+01  0.5741996E+00
 0.1779694E+01  0.5741996E+00
 0.1887606E+01  0.5741996E+00
 0.1995517E+01  0.5741996E+00
 0.2103428E+01  0.5741996E+00
 0.2211339E+01  0.5741996E+00
 0.5927339E+00  0.5831071E+00
 0.7006452E+00  0.5831071E+00
 0.8085564E+00  0.5831071E+00
 0.9164676E+00  0.5831071E+00
 0.1024379E+01  0.5831071E+00
 0.1132290E+01  0.5831071E+00
 0.1240201E+01  0.5831071E+00
 0.1348113E+01  0.5831071E+00
 0.1456024E+01  0.5831071E+00
 0.1563935E+01  0.5831071E+00
 0.1671846E+01  0.5831071E+00
 0.1779757E+01  0.5831071E+00
 0.1887669E+01  0.5831071E+00
 0.1995580E+01  0.5831071E+00
 0.2103491E+01  0.5831071E+00
 0.2211402E+01  0.5831071E+00
 0.5927979E+00  0.5920116E+00
 0.7007092E+00  0.5920116E+00
 0.8086204E+00  0.5920116E+00
 0.9165316E+00  0.5920116E+00
 0.1024443E+01  0.5920116E+00
 0.1132354E+01  0.5920116E+00
 0.1240265E+01  0.5920116E+00
 0.1348177E+01  0.5920116E+00
 0.1456088E+01  0.5920116E+00
 0.1563999E+01  0.5920116E+00
 0.1671910E+01  0.5920116E+00
 0.1779821E+01  0.5920116E+00
 0.1887733E+01  0.5920116E+00
 0.1995644E+01  0.5920116E+00
 0.2103555E+01  0.5920116E+00
 0.2211466E+01  0.5920116E+00
 0.5928629E+00  0.6009130E+00
 0.7007741E+00  0.6009130E+00
 0.8086854E+00  0.6009130E+00
 0.9165966E+00  0.6009130E+00
 0.1024508E+01  0.6009130E+00
 0.1132419E+01  0.6009130E+00
 0.1240330E+01  0.6009130E+00
 0.1348241E+01  0.6009130E+00
 0.1456153E+01  0.6009130E+00
 0.1564064E+01  0.6009130E+00
 0.1671975E+01  0.6009130E+00
 0.1779886E+01  0.6009130E+00
 0.1887798E+01  0.6009130E+00
 0.1995709E+01  0.6009130E+00
 0.2103620E+01  0.6009130E+00
 0.2211531E+01  0.6009130E+00
 0.5929289E+00  0.6098115E+00
 0.7008401E+00  0.6098115E+00
 0.8087513E+00  0.6098115E+00
 0.9166625E+00  0.6098115E+00
 0.1024574E+01  0.6098115E+00
 0.1132485E+01  0.6098115E+00
 0.1240396E+01  0.6098115E+00
 0.1348307E+01  0.6098115E+00
 0.1456219E+01  0.6098115E+00
 0.1564130E+01  0.6098115E+00
 0.1672041E+01  0.6098115E+00
 0.1779952E+01  0.6098115E+00
 0.1887864E+01  0.6098115E+00
 0.1995775E+01  0.6098115E+00
 0.2103686E+01  0.6098115E+00
 0.2211597E+01  0.6098115E+00
 0.5929958E+00  0.6187068E+00
 0.7009070E+00  0.6187068E+00
 0.8088182E+00  0.6187068E+00
 0.9167294E+00  0.6187068E+00
 0.1024641E+01  0.6187068E+00
 0.1132552E+01  0.6187068E+00
 0.1240463E+01  0.6187068E+00
 0.1348374E+01  0.6187068E+00
 0.1456286E+01  0.6187068E+00
 0.1564197E+01  0.6187068E+00
 0.1672108E+01  0.6187068E+00
 0.1780019E+01  0.6187068E+00
 0.1887930E+01  0.6187068E+00
 0.1995842E+01  0.6187068E+00
 0.2103753E+01  0.6187068E+00
 0.2211664E+01  0.6187068E+00
 0.5930637E+00  0.6275989E+00
 0.7009749E+00  0.6275989E+00
 0.8088861E+00  0.6275989E+00
 0.9167973E+00  0.6275989E+00
 0.1024709E+01  0.6275989E+00
 0.1132620E+01  0.6275989E+00
 0.1240531E+01  0.6275989E+00
 0.1348442E+01  0.6275989E+00
 0.1456353E+01  0.6275989E+00
 0.1564265E+01  0.6275989E+00
 0.1672176E+01  0.6275989E+00
 0.1780087E+01  0.6275989E+00
 0.1887998E+01  0.6275989E+00
 0.1995910E+01  0.6275989E+00
 0.2103821E+01  0.6275989E+00
 0.2211732E+01  0.6275989E+00
 0.5931325E+00  0.6364879E+00
 0.7010437E+00  0.6364879E+00
 0.8089550E+00  0.6364879E+00
 0.9168662E+00  0.6364879E+00
 0.1024777E+01  0.6364879E+00
 0.1132689E+01  0.6364879E+00
 0.1240600E+01  0.6364879E+00
 0.1348511E+01  0.6364879E+00
 0.1456422E+01  0.6364879E+00
 0.1564334E+01  0.6364879E+00
 0.1672245E+01  0.6364879E+00
 0.1780156E+01  0.6364879E+00
 0.1888067E+01  0.6364879E+00
 0.1995978E+01  0.6364879E+00
 0.2103890E+01  0.6364879E+00
 0.2211801E+01  0.6364879E+00
 0.5932023E+00  0.6453737E+00
 0.7011135E+00  0.6453737E+00
 0.8090248E+00  0.6453737E+00
 0.9169360E+00  0.6453737E+00
 0.1024847E+01  0.6453737E+00
 0.1132758E+01  0.6453737E+00
 0.1240670E+01  0.6453737E+00
 0.1348581E+01  0.6453737E+00
 0.1456492E+01  0.6453737E+00
 0.1564403E+01  0.6453737E+00
 0.1672315E+01  0.6453737E+00
 0.1780226E+01  0.6453737E+00
 0.1888137E+01  0.6453737E+00
 0.1996048E+01  0.6453737E+00
 0.2103959E+01  0.6453737E+00
 0.2211871E+01  0.6453737E+00
 0.5932731E+00  0.6542562E+00
 0.7011843E+00  0.6542562E+00
 0.8090956E+00  0.6542562E+00
 0.9170068E+00  0.6542562E+00
 0.1024918E+01  0.6542562E+00
 0.1132829E+01  0.6542562E+00
 0.1240740E+01  0.6542562E+00
 0.1348652E+01  0.6542562E+00
 0.1456563E+01  0.6542562E+00
 0.1564474E+01  0.6542562E+00
 0.1672385E+01  0.6542562E+00
 0.1780297E+01  0.6542562E+00
 0.1888208E+01  0.6542562E+00
 0.1996119E+01  0.6542562E+00
 0.2104030E+01  0.6542562E+00
 0.2211941E+01  0.6542562E+00
 0.5933449E+00  0.6631353E+00
 0.7012561E+00  0.6631353E+00
 0.8091673E+00  0.6631353E+00
 0.9170785E+00  0.6631353E+00
 0.1024990E+01  0.6631353E+00
 0.1132901E+01  0.6631353E+00
 0.1240812E+01  0.6631353E+00
 0.1348723E+01  0.6631353E+00
 0.1456635E+01  0.6631353E+00
 0.1564546E+01  0.6631353E+00
 0.1672457E+01  0.6631353E+00
 0.1780368E+01  0.6631353E+00
 0.1888280E+01  0.6631353E+00
 0.1996191E+01  0.6631353E+00
 0.2104102E+01  0.6631353E+00
 0.2212013E+01  0.6631353E+00
 0.5934176E+00  0.6720111E+00
 0.7013288E+00  0.6720111E+00
 0.8092400E+00  0.6720111E+00
 0.9171513E+00  0.6720111E+00
 0.1025062E+01  0.6720111E+00
 0.1132974E+01  0.6720111E+00
 0.1240885E+01  0.6720111E+00
 0.1348796E+01  0.6720111E+00
 0.1456707E+01  0.6720111E+00
 0.1564619E+01  0.6720111E+00
 0.1672530E+01  0.6720111E+00
 0.1780441E+01  0.6720111E+00
 0.1888352E+01  0.6720111E+00
 0.1996264E+01  0.6720111E+00
 0.2104175E+01  0.6720111E+00
 0.2212086E+01  0.6720111E+00
 0.5934913E+00  0.6808835E+00
 0.7014025E+00  0.6808835E+00
 0.8093137E+00  0.6808835E+00
 0.9172249E+00  0.6808835E+00
 0.1025136E+01  0.6808835E+00
 0.1133047E+01  0.6808835E+00
 0.1240959E+01  0.6808835E+00
 0.1348870E+01  0.6808835E+00
 0.1456781E+01  0.6808835E+00
 0.1564692E+01  0.6808835E+00
 0.1672604E+01  0.6808835E+00
 0.1780515E+01  0.6808835E+00
 0.1888426E+01  0.6808835E+00
 0.1996337E+01  0.6808835E+00
 0.2104248E+01  0.6808835E+00
 0.2212160E+01  0.6808835E+00
 0.5935659E+00  0.6897524E+00
 0.7014771E+00  0.6897524E+00
 0.8093884E+00  0.6897524E+00
 0.9172996E+00  0.6897524E+00
 0.1025211E+01  0.6897524E+00
 0.1133122E+01  0.6897524E+00
 0.1241033E+01  0.6897524E+00
 0.1348944E+01  0.6897524E+00
 0.1456856E+01  0.6897524E+00
 0.1564767E+01  0.6897524E+00
 0.1672678E+01  0.6897524E+00
 0.1780589E+01  0.6897524E+00
 0.1888501E+01  0.6897524E+00
 0.1996412E+01  0.6897524E+00
 0.2104323E+01  0.6897524E+00
 0.2212234E+01  0.6897524E+00
 0.5936415E+00  0.6986179E+00
 0.7015528E+00  0.6986179E+00
 0.8094640E+00  0.6986179E+00
 0.9173752E+00  0.6986179E+00
 0.1025286E+01  0.6986179E+00
 0.1133198E+01  0.6986179E+00
 0.1241109E+01  0.6986179E+00
 0.1349020E+01  0.6986179E+00
 0.1456931E+01  0.6986179E+00
 0.1564843E+01  0.6986179E+00
 0.1672754E+01  0.6986179E+00
 0.1780665E+01  0.6986179E+00
 0.1888576E+01  0.6986179E+00
 0.1996487E+01  0.6986179E+00
 0.2104399E+01  0.6986179E+00
 0.2212310E+01  0.6986179E+00
 0.5937181E+00  0.7074798E+00
 0.7016293E+00  0.7074798E+00
 0.8095406E+00  0.7074798E+00
 0.9174518E+00  0.7074798E+00
 0.1025363E+01  0.7074798E+00
 0.1133274E+01  0.7074798E+00
 0.1241185E+01  0.7074798E+00
 0.1349097E+01  0.7074798E+00
 0.1457008E+01  0.7074798E+00
 0.1564919E+01  0.7074798E+00
 0.1672830E+01  0.7074798E+00
 0.1780742E+01  0.7074798E+00
 0.1888653E+01  0.7074798E+00
 0.1996564E+01  0.7074798E+00
 0.2104475E+01  0.7074798E+00
 0.2212387E+01  0.7074798E+00
 0.5937957E+00  0.7163382E+00
 0.7017069E+00  0.7163382E+00
 0.8096181E+00  0.7163382E+00
 0.9175294E+00  0.7163382E+00
 0.1025441E+01  0.7163382E+00
 0.1133352E+01  0.7163382E+00
 0.1241263E+01  0.7163382E+00
 0.1349174E+01  0.7163382E+00
 0.1457085E+01  0.7163382E+00
 0.1564997E+01  0.7163382E+00
 0.1672908E+01  0.7163382E+00
 0.1780819E+01  0.7163382E+00
 0.1888730E+01  0.7163382E+00
 0.1996642E+01  0.7163382E+00
 0.2104553E+01  0.7163382E+00
 0.2212464E+01  0.7163382E+00
 0.5938742E+00  0.7251929E+00
 0.7017854E+00  0.7251929E+00
 0.8096966E+00  0.7251929E+00
 0.9176079E+00  0.7251929E+00
 0.1025519E+01  0.7251929E+00
 0.1133430E+01  0.7251929E+00
 0.1241342E+01  0.7251929E+00
 0.1349253E+01  0.7251929E+00
 0.1457164E+01  0.7251929E+00
 0.1565075E+01  0.7251929E+00
 0.1672986E+01  0.7251929E+00
 0.1780898E+01  0.7251929E+00
 0.1888809E+01  0.7251929E+00
 0.1996720E+01  0.7251929E+00
 0.2104631E+01  0.7251929E+00
 0.2212543E+01  0.7251929E+00
 0.5939537E+00  0.7340439E+00
 0.7018649E+00  0.7340439E+00
 0.8097761E+00  0.7340439E+00
 0.9176873E+00  0.7340439E+00
 0.1025599E+01  0.7340439E+00
 0.1133510E+01  0.7340439E+00
 0.1241421E+01  0.7340439E+00
 0.1349332E+01  0.7340439E+00
 0.1457243E+01  0.7340439E+00
 0.1565155E+01  0.7340439E+00
 0.1673066E+01  0.7340439E+00
 0.1780977E+01  0.7340439E+00
 0.1888888E+01  0.7340439E+00
 0.1996800E+01  0.7340439E+00
 0.2104711E+01  0.7340439E+00
 0.2212622E+01  0.7340439E+00
 0.5940341E+00  0.7428913E+00
 0.7019453E+00  0.7428913E+00
 0.8098566E+00  0.7428913E+00
 0.9177678E+00  0.7428913E+00
 0.1025679E+01  0.7428913E+00
 0.1133590E+01  0.7428913E+00
 0.1241501E+01  0.7428913E+00
 0.1349413E+01  0.7428913E+00
 0.1457324E+01  0.7428913E+00
 0.1565235E+01  0.7428913E+00
 0.1673146E+01  0.7428913E+00
 0.1781058E+01  0.7428913E+00
 0.1888969E+01  0.7428913E+00
 0.1996880E+01  0.7428913E+00
 0.2104791E+01  0.7428913E+00
 0.2212702E+01  0.7428913E+00
 0.5941155E+00  0.7517349E+00
 0.7020267E+00  0.7517349E+00
 0.8099380E+00  0.7517349E+00
 0.9178492E+00  0.7517349E+00
 0.1025760E+01  0.7517349E+00
 0.1133672E+01  0.7517349E+00
 0.1241583E+01  0.7517349E+00
 0.1349494E+01  0.7517349E+00
 0.1457405E+01  0.7517349E+00
 0.1565317E+01  0.7517349E+00
 0.1673228E+01  0.7517349E+00
 0.1781139E+01  0.7517349E+00
 0.1889050E+01  0.7517349E+00
 0.1996961E+01  0.7517349E+00
 0.2104873E+01  0.7517349E+00
 0.2212784E+01  0.7517349E+00
 0.5941979E+00  0.7605747E+00
 0.7021091E+00  0.7605747E+00
 0.8100203E+00  0.7605747E+00
 0.9179316E+00  0.7605747E+00
 0.1025843E+01  0.7605747E+00
 0.1133754E+01  0.7605747E+00
 0.1241665E+01  0.7605747E+00
 0.1349576E+01  0.7605747E+00
 0.1457488E+01  0.7605747E+00
 0.1565399E+01  0.7605747E+00
 0.1673310E+01  0.7605747E+00
 0.1781221E+01  0.7605747E+00
 0.1889133E+01  0.7605747E+00
 0.1997044E+01  0.7605747E+00
 0.2104955E+01  0.7605747E+00
 0.2212866E+01  0.7605747E+00
 0.5942812E+00  0.7694107E+00
 0.7021924E+00  0.7694107E+00
 0.8101037E+00  0.7694107E+00
 0.9180149E+00  0.7694107E+00
 0.1025926E+01  0.7694107E+00
 0.1133837E+01  0.7694107E+00
 0.1241749E+01  0.7694107E+00
 0.1349660E+01  0.7694107E+00
 0.1457571E+01  0.7694107E+00
 0.1565482E+01  0.7694107E+00
 0.1673393E+01  0.7694107E+00
 0.1781305E+01  0.7694107E+00
 0.1889216E+01  0.7694107E+00
 0.1997127E+01  0.7694107E+00
 0.2105038E+01  0.7694107E+00
 0.2212950E+01  0.7694107E+00
 0.5943655E+00  0.7782429E+00
 0.7022767E+00  0.7782429E+00
 0.8101880E+00  0.7782429E+00
 0.9180992E+00  0.7782429E+00
 0.1026010E+01  0.7782429E+00
 0.1133922E+01  0.7782429E+00
 0.1241833E+01  0.7782429E+00
 0.1349744E+01  0.7782429E+00
 0.1457655E+01  0.7782429E+00
 0.1565567E+01  0.7782429E+00
 0.1673478E+01  0.7782429E+00
 0.1781389E+01  0.7782429E+00
 0.1889300E+01  0.7782429E+00
 0.1997211E+01  0.7782429E+00
 0.2105123E+01  0.7782429E+00
 0.2213034E+01  0.7782429E+00
 0.5944508E+00  0.7870711E+00
 0.7023620E+00  0.7870711E+00
 0.8102732E+00  0.7870711E+00
 0.9181844E+00  0.7870711E+00
 0.1026096E+01  0.7870711E+00
 0.1134007E+01  0.7870711E+00
 0.1241918E+01  0.7870711E+00
 0.1349829E+01  0.7870711E+00
 0.1457741E+01  0.7870711E+00
 0.1565652E+01  0.7870711E+00
 0.1673563E+01  0.7870711E+00
 0.1781474E+01  0.7870711E+00
 0.1889385E+01  0.7870711E+00
 0.1997297E+01  0.7870711E+00
 0.2105208E+01  0.7870711E+00
 0.2213119E+01  0.7870711E+00
 0.5945370E+00  0.7958953E+00
 0.7024482E+00  0.7958953E+00
 0.8103594E+00  0.7958953E+00
 0.9182707E+00  0.7958953E+00
 0.1026182E+01  0.7958953E+00
 0.1134093E+01  0.7958953E+00
 0.1242004E+01  0.7958953E+00
 0.1349916E+01  0.7958953E+00
 0.1457827E+01  0.7958953E+00
 0.1565738E+01  0.7958953E+00
 0.1673649E+01  0.7958953E+00
 0.1781560E+01  0.7958953E+00
 0.1889472E+01  0.7958953E+00
 0.1997383E+01  0.7958953E+00
 0.2105294E+01  0.7958953E+00
 0.2213205E+01  0.7958953E+00
 0.5946242E+00  0.8047156E+00
 0.7025354E+00  0.8047156E+00
 0.8104466E+00  0.8047156E+00
 0.9183578E+00  0.8047156E+00
 0.1026269E+01  0.8047156E+00
 0.1134180E+01  0.8047156E+00
 0.1242092E+01  0.8047156E+00
 0.1350003E+01  0.8047156E+00
 0.1457914E+01  0.8047156E+00
 0.1565825E+01  0.8047156E+00
 0.1673736E+01  0.8047156E+00
 0.1781648E+01  0.8047156E+00
 0.1889559E+01  0.8047156E+00
 0.1997470E+01  0.8047156E+00
 0.2105381E+01  0.8047156E+00
 0.2213293E+01  0.8047156E+00
 0.5947123E+00  0.8135318E+00
 0.7026235E+00  0.8135318E+00
 0.8105348E+00  0.8135318E+00
 0.9184460E+00  0.8135318E+00
 0.1026357E+01  0.8135318E+00
 0.1134268E+01  0.8135318E+00
 0.1242180E+01  0.8135318E+00
 0.1350091E+01  0.8135318E+00
 0.1458002E+01  0.8135318E+00
 0.1565913E+01  0.8135318E+00
 0.1673825E+01  0.8135318E+00
 0.1781736E+01  0.8135318E+00
 0.1889647E+01  0.8135318E+00
 0.1997558E+01  0.8135318E+00
 0.2105469E+01  0.8135318E+00
 0.2213381E+01  0.8135318E+00
 0.5948014E+00  0.8223439E+00
 0.7027126E+00  0.8223439E+00
 0.8106239E+00  0.8223439E+00
 0.9185351E+00  0.8223439E+00
 0.1026446E+01  0.8223439E+00
 0.1134358E+01  0.8223439E+00
 0.1242269E+01  0.8223439E+00
 0.1350180E+01  0.8223439E+00
 0.1458091E+01  0.8223439E+00
 0.1566002E+01  0.8223439E+00
 0.1673914E+01  0.8223439E+00
 0.1781825E+01  0.8223439E+00
 0.1889736E+01  0.8223439E+00
 0.1997647E+01  0.8223439E+00
 0.2105559E+01  0.8223439E+00
 0.2213470E+01  0.8223439E+00
 0.5948915E+00  0.8311520E+00
 0.7028027E+00  0.8311520E+00
 0.8107139E+00  0.8311520E+00
 0.9186251E+00  0.8311520E+00
 0.1026536E+01  0.8311520E+00
 0.1134448E+01  0.8311520E+00
 0.1242359E+01  0.8311520E+00
 0.1350270E+01  0.8311520E+00
 0.1458181E+01  0.8311520E+00
 0.1566092E+01  0.8311520E+00
 0.1674004E+01  0.8311520E+00
 0.1781915E+01  0.8311520E+00
 0.1889826E+01  0.8311520E+00
 0.1997737E+01  0.8311520E+00
 0.2105649E+01  0.8311520E+00
 0.2213560E+01  0.8311520E+00
 0.5949825E+00  0.8399558E+00
 0.7028937E+00  0.8399558E+00
 0.8108049E+00  0.8399558E+00
 0.9187162E+00  0.8399558E+00
 0.1026627E+01  0.8399558E+00
 0.1134539E+01  0.8399558E+00
 0.1242450E+01  0.8399558E+00
 0.1350361E+01  0.8399558E+00
 0.1458272E+01  0.8399558E+00
 0.1566184E+01  0.8399558E+00
 0.1674095E+01  0.8399558E+00
 0.1782006E+01  0.8399558E+00
 0.1889917E+01  0.8399558E+00
 0.1997828E+01  0.8399558E+00
 0.2105740E+01  0.8399558E+00
 0.2213651E+01  0.8399558E+00
 0.5950745E+00  0.8487555E+00
 0.7029857E+00  0.8487555E+00
 0.8108969E+00  0.8487555E+00
 0.9188081E+00  0.8487555E+00
 0.1026719E+01  0.8487555E+00
 0.1134631E+01  0.8487555E+00
 0.1242542E+01  0.8487555E+00
 0.1350453E+01  0.8487555E+00
 0.1458364E+01  0.8487555E+00
 0.1566275E+01  0.8487555E+00
 0.1674187E+01  0.8487555E+00
 0.1782098E+01  0.8487555E+00
 0.1890009E+01  0.8487555E+00
 0.1997920E+01  0.8487555E+00
 0.2105832E+01  0.8487555E+00
 0.2213743E+01  0.8487555E+00
 0.5951674E+00  0.8575509E+00
 0.7030786E+00  0.8575509E+00
 0.8109899E+00  0.8575509E+00
 0.9189011E+00  0.8575509E+00
 0.1026812E+01  0.8575509E+00
 0.1134724E+01  0.8575509E+00
 0.1242635E+01  0.8575509E+00
 0.1350546E+01  0.8575509E+00
 0.1458457E+01  0.8575509E+00
 0.1566368E+01  0.8575509E+00
 0.1674280E+01  0.8575509E+00
 0.1782191E+01  0.8575509E+00
 0.1890102E+01  0.8575509E+00
 0.1998013E+01  0.8575509E+00
 0.2105925E+01  0.8575509E+00
 0.2213836E+01  0.8575509E+00
 0.5952613E+00  0.8663420E+00
 0.7031725E+00  0.8663420E+00
 0.8110837E+00  0.8663420E+00
 0.9189950E+00  0.8663420E+00
 0.1026906E+01  0.8663420E+00
 0.1134817E+01  0.8663420E+00
 0.1242729E+01  0.8663420E+00
 0.1350640E+01  0.8663420E+00
 0.1458551E+01  0.8663420E+00
 0.1566462E+01  0.8663420E+00
 0.1674374E+01  0.8663420E+00
 0.1782285E+01  0.8663420E+00
 0.1890196E+01  0.8663420E+00
 0.1998107E+01  0.8663420E+00
 0.2106018E+01  0.8663420E+00
 0.2213930E+01  0.8663420E+00
 0.5953561E+00  0.8751288E+00
 0.7032674E+00  0.8751288E+00
 0.8111786E+00  0.8751288E+00
 0.9190898E+00  0.8751288E+00
 0.1027001E+01  0.8751288E+00
 0.1134912E+01  0.8751288E+00
 0.1242824E+01  0.8751288E+00
 0.1350735E+01  0.8751288E+00
 0.1458646E+01  0.8751288E+00
 0.1566557E+01  0.8751288E+00
 0.1674468E+01  0.8751288E+00
 0.1782380E+01  0.8751288E+00
 0.1890291E+01  0.8751288E+00
 0.1998202E+01  0.8751288E+00
 0.2106113E+01  0.8751288E+00
 0.2214025E+01  0.8751288E+00
 0.5954520E+00  0.8839112E+00
 0.7033632E+00  0.8839112E+00
 0.8112744E+00  0.8839112E+00
 0.9191856E+00  0.8839112E+00
 0.1027097E+01  0.8839112E+00
 0.1135008E+01  0.8839112E+00
 0.1242919E+01  0.8839112E+00
 0.1350831E+01  0.8839112E+00
 0.1458742E+01  0.8839112E+00
 0.1566653E+01  0.8839112E+00
 0.1674564E+01  0.8839112E+00
 0.1782475E+01  0.8839112E+00
 0.1890387E+01  0.8839112E+00
 0.1998298E+01  0.8839112E+00
 0.2106209E+01  0.8839112E+00
 0.2214120E+01  0.8839112E+00
 0.5955487E+00  0.8926892E+00
 0.7034599E+00  0.8926892E+00
 0.8113712E+00  0.8926892E+00
 0.9192824E+00  0.8926892E+00
 0.1027194E+01  0.8926892E+00
 0.1135105E+01  0.8926892E+00
 0.1243016E+01  0.8926892E+00
 0.1350927E+01  0.8926892E+00
 0.1458839E+01  0.8926892E+00
 0.1566750E+01  0.8926892E+00
 0.1674661E+01  0.8926892E+00
 0.1782572E+01  0.8926892E+00
 0.1890483E+01  0.8926892E+00
 0.1998395E+01  0.8926892E+00
 0.2106306E+01  0.8926892E+00
 0.2214217E+01  0.8926892E+00
 0.5956464E+00  0.9014628E+00
 0.7035577E+00  0.9014628E+00
 0.8114689E+00  0.9014628E+00
 0.9193801E+00  0.9014628E+00
 0.1027291E+01  0.9014628E+00
 0.1135203E+01  0.9014628E+00
 0.1243114E+01  0.9014628E+00
 0.1351025E+01  0.9014628E+00
 0.1458936E+01  0.9014628E+00
 0.1566847E+01  0.9014628E+00
 0.1674759E+01  0.9014628E+00
 0.1782670E+01  0.9014628E+00
 0.1890581E+01  0.9014628E+00
 0.1998492E+01  0.9014628E+00
 0.2106404E+01  0.9014628E+00
 0.2214315E+01  0.9014628E+00
 0.5957451E+00  0.9102319E+00
 0.7036563E+00  0.9102319E+00
 0.8115676E+00  0.9102319E+00
 0.9194788E+00  0.9102319E+00
 0.1027390E+01  0.9102319E+00
 0.1135301E+01  0.9102319E+00
 0.1243212E+01  0.9102319E+00
 0.1351124E+01  0.9102319E+00
 0.1459035E+01  0.9102319E+00
 0.1566946E+01  0.9102319E+00
 0.1674857E+01  0.9102319E+00
 0.1782769E+01  0.9102319E+00
 0.1890680E+01  0.9102319E+00
 0.1998591E+01  0.9102319E+00
 0.2106502E+01  0.9102319E+00
 0.2214414E+01  0.9102319E+00
 0.5958447E+00  0.9189964E+00
 0.7037560E+00  0.9189964E+00
 0.8116672E+00  0.9189964E+00
 0.9195784E+00  0.9189964E+00
 0.1027490E+01  0.9189964E+00
 0.1135401E+01  0.9189964E+00
 0.1243312E+01  0.9189964E+00
 0.1351223E+01  0.9189964E+00
 0.1459135E+01  0.9189964E+00
 0.1567046E+01  0.9189964E+00
 0.1674957E+01  0.9189964E+00
 0.1782868E+01  0.9189964E+00
 0.1890779E+01  0.9189964E+00
 0.1998691E+01  0.9189964E+00
 0.2106602E+01  0.9189964E+00
 0.2214513E+01  0.9189964E+00
 0.5959453E+00  0.9277564E+00
 0.7038566E+00  0.9277564E+00
 0.8117678E+00  0.9277564E+00
 0.9196790E+00  0.9277564E+00
 0.1027590E+01  0.9277564E+00
 0.1135501E+01  0.9277564E+00
 0.1243413E+01  0.9277564E+00
 0.1351324E+01  0.9277564E+00
 0.1459235E+01  0.9277564E+00
 0.1567146E+01  0.9277564E+00
 0.1675058E+01  0.9277564E+00
 0.1782969E+01  0.9277564E+00
 0.1890880E+01  0.9277564E+00
 0.1998791E+01  0.9277564E+00
 0.2106702E+01  0.9277564E+00
 0.2214614E+01  0.9277564E+00
 0.5960469E+00  0.9365117E+00
 0.7039581E+00  0.9365117E+00
 0.8118693E+00  0.9365117E+00
 0.9197806E+00  0.9365117E+00
 0.1027692E+01  0.9365117E+00
 0.1135603E+01  0.9365117E+00
 0.1243514E+01  0.9365117E+00
 0.1351425E+01  0.9365117E+00
 0.1459337E+01  0.9365117E+00
 0.1567248E+01  0.9365117E+00
 0.1675159E+01  0.9365117E+00
 0.1783070E+01  0.9365117E+00
 0.1890982E+01  0.9365117E+00
 0.1998893E+01  0.9365117E+00
 0.2106804E+01  0.9365117E+00
 0.2214715E+01  0.9365117E+00
 0.5961494E+00  0.9452625E+00
 0.7040606E+00  0.9452625E+00
 0.8119718E+00  0.9452625E+00
 0.9198830E+00  0.9452625E+00
 0.1027794E+01  0.9452625E+00
 0.1135705E+01  0.9452625E+00
 0.1243617E+01  0.9452625E+00
 0.1351528E+01  0.9452625E+00
 0.1459439E+01  0.9452625E+00
 0.1567350E+01  0.9452625E+00
 0.1675262E+01  0.9452625E+00
 0.1783173E+01  0.9452625E+00
 0.1891084E+01  0.9452625E+00
 0.1998995E+01  0.9452625E+00
 0.2106907E+01  0.9452625E+00
 0.2214818E+01  0.9452625E+00
 0.5962528E+00  0.9540085E+00
 0.7041640E+00  0.9540085E+00
 0.8120753E+00  0.9540085E+00
 0.9199865E+00  0.9540085E+00
 0.1027898E+01  0.9540085E+00
 0.1135809E+01  0.9540085E+00
 0.1243720E+01  0.9540085E+00
 0.1351631E+01  0.9540085E+00
 0.1459543E+01  0.9540085E+00
 0.1567454E+01  0.9540085E+00
 0.1675365E+01  0.9540085E+00
 0.1783276E+01  0.9540085E+00
 0.1891188E+01  0.9540085E+00
 0.1999099E+01  0.9540085E+00
 0.2107010E+01  0.9540085E+00
 0.2214921E+01  0.9540085E+00
 0.5963572E+00  0.9627498E+00
 0.7042684E+00  0.9627498E+00
 0.8121797E+00  0.9627498E+00
 0.9200909E+00  0.9627498E+00
 0.1028002E+01  0.9627498E+00
 0.1135913E+01  0.9627498E+00
 0.1243825E+01  0.9627498E+00
 0.1351736E+01  0.9627498E+00
 0.1459647E+01  0.9627498E+00
 0.1567558E+01  0.9627498E+00
 0.1675469E+01  0.9627498E+00
 0.1783381E+01  0.9627498E+00
 0.1891292E+01  0.9627498E+00
 0.1999203E+01  0.9627498E+00
 0.2107114E+01  0.9627498E+00
 0.2215026E+01  0.9627498E+00
 0.5964626E+00  0.9714863E+00
 0.7043738E+00  0.9714863E+00
 0.8122850E+00  0.9714863E+00
 0.9201962E+00  0.9714863E+00
 0.1028107E+01  0.9714863E+00
 0.1136019E+01  0.9714863E+00
 0.1243930E+01  0.9714863E+00
 0.1351841E+01  0.9714863E+00
 0.1459752E+01  0.9714863E+00
 0.1567664E+01  0.9714863E+00
 0.1675575E+01  0.9714863E+00
 0.1783486E+01  0.9714863E+00
 0.1891397E+01  0.9714863E+00
 0.1999308E+01  0.9714863E+00
 0.2107220E+01  0.9714863E+00
 0.2215131E+01  0.9714863E+00
 0.5965689E+00  0.9802180E+00
 0.7044801E+00  0.9802180E+00
 0.8123913E+00  0.9802180E+00
 0.9203025E+00  0.9802180E+00
 0.1028214E+01  0.9802180E+00
 0.1136125E+01  0.9802180E+00
 0.1244036E+01  0.9802180E+00
 0.1351947E+01  0.9802180E+00
 0.1459859E+01  0.9802180E+00
 0.1567770E+01  0.9802180E+00
 0.1675681E+01  0.9802180E+00
 0.1783592E+01  0.9802180E+00
 0.1891504E+01  0.9802180E+00
 0.1999415E+01  0.9802180E+00
 0.2107326E+01  0.9802180E+00
 0.2215237E+01  0.9802180E+00
 0.5966761E+00  0.9889449E+00
 0.7045873E+00  0.9889449E+00
 0.8124986E+00  0.9889449E+00
 0.9204098E+00  0.9889449E+00
 0.1028321E+01  0.9889449E+00
 0.1136232E+01  0.9889449E+00
 0.1244143E+01  0.9889449E+00
 0.1352055E+01  0.9889449E+00
 0.1459966E+01  0.9889449E+00
 0.1567877E+01  0.9889449E+00
 0.1675788E+01  0.9889449E+00
 0.1783700E+01  0.9889449E+00
 0.1891611E+01  0.9889449E+00
 0.1999522E+01  0.9889449E+00
 0.2107433E+01  0.9889449E+00
 0.2215345E+01  0.9889449E+00
 0.5967843E+00  0.9976669E+00
 0.7046955E+00  0.9976669E+00
 0.8126068E+00  0.9976669E+00
 0.9205180E+00  0.9976669E+00
 0.1028429E+01  0.9976669E+00
 0.1136340E+01  0.9976669E+00
 0.1244252E+01  0.9976669E+00
 0.1352163E+01  0.9976669E+00
 0.1460074E+01  0.9976669E+00
 0.1567985E+01  0.9976669E+00
 0.1675897E+01  0.9976669E+00
 0.1783808E+01  0.9976669E+00
 0.1891719E+01  0.9976669E+00
 0.1999630E+01  0.9976669E+00
 0.2107541E+01  0.9976669E+00
 0.2215453E+01  0.9976669E+00
 0.5968935E+00  0.1006384E+01
 0.7048047E+00  0.1006384E+01
 0.8127159E+00  0.1006384E+01
 0.9206272E+00  0.1006384E+01
 0.1028538E+01  0.1006384E+01
 0.1136450E+01  0.1006384E+01
 0.1244361E+01  0.1006384E+01
 0.1352272E+01  0.1006384E+01
 0.1460183E+01  0.1006384E+01
 0.1568095E+01  0.1006384E+01
 0.1676006E+01  0.1006384E+01
 0.1783917E+01  0.1006384E+01
 0.1891828E+01  0.1006384E+01
 0.1999739E+01  0.1006384E+01
 0.2107651E+01  0.1006384E+01
 0.2215562E+01  0.1006384E+01
 0.5970036E+00  0.1015096E+01
 0.7049148E+00  0.1015096E+01
 0.8128260E+00  0.1015096E+01
 0.9207373E+00  0.1015096E+01
 0.1028648E+01  0.1015096E+01
 0.1136560E+01  0.1015096E+01
 0.1244471E+01  0.1015096E+01
 0.1352382E+01  0.1015096E+01
 0.1460293E+01  0.1015096E+01
 0.1568205E+01  0.1015096E+01
 0.1676116E+01  0.1015096E+01
 0.1784027E+01  0.1015096E+01
 0.1891938E+01  0.1015096E+01
 0.1999850E+01  0.1015096E+01
 0.2107761E+01  0.1015096E+01
 0.2215672E+01  0.1015096E+01
 0.5971146E+00  0.1023803E+01
 0.7050259E+00  0.1023803E+01
 0.8129371E+00  0.1023803E+01
 0.9208483E+00  0.1023803E+01
 0.1028760E+01  0.1023803E+01
 0.1136671E+01  0.1023803E+01
 0.1244582E+01  0.1023803E+01
 0.1352493E+01  0.1023803E+01
 0.1460404E+01  0.1023803E+01
 0.1568316E+01  0.1023803E+01
 0.1676227E+01  0.1023803E+01
 0.1784138E+01  0.1023803E+01
 0.1892049E+01  0.1023803E+01
 0.1999961E+01  0.1023803E+01
 0.2107872E+01  0.1023803E+01
 0.2215783E+01  0.1023803E+01
 0.5972266E+00  0.1032505E+01
 0.7051379E+00  0.1032505E+01
 0.8130491E+00  0.1032505E+01
 0.9209603E+00  0.1032505E+01
 0.1028872E+01  0.1032505E+01
 0.1136783E+01  0.1032505E+01
 0.1244694E+01  0.1032505E+01
 0.1352605E+01  0.1032505E+01
 0.1460516E+01  0.1032505E+01
 0.1568428E+01  0.1032505E+01
 0.1676339E+01  0.1032505E+01
 0.1784250E+01  0.1032505E+01
 0.1892161E+01  0.1032505E+01
 0.2000073E+01  0.1032505E+01
 0.2107984E+01  0.1032505E+01
 0.2215895E+01  0.1032505E+01
 0.5973396E+00  0.1041202E+01
 0.7052508E+00  0.1041202E+01
 0.8131620E+00  0.1041202E+01
 0.9210733E+00  0.1041202E+01
 0.1028984E+01  0.1041202E+01
 0.1136896E+01  0.1041202E+01
 0.1244807E+01  0.1041202E+01
 0.1352718E+01  0.1041202E+01
 0.1460629E+01  0.1041202E+01
 0.1568541E+01  0.1041202E+01
 0.1676452E+01  0.1041202E+01
 0.1784363E+01  0.1041202E+01
 0.1892274E+01  0.1041202E+01
 0.2000186E+01  0.1041202E+01
 0.2108097E+01  0.1041202E+01
 0.2216008E+01  0.1041202E+01
 0.5974535E+00  0.1049894E+01
 0.7053647E+00  0.1049894E+01
 0.8132759E+00  0.1049894E+01
 0.9211871E+00  0.1049894E+01
 0.1029098E+01  0.1049894E+01
 0.1137010E+01  0.1049894E+01
 0.1244921E+01  0.1049894E+01
 0.1352832E+01  0.1049894E+01
 0.1460743E+01  0.1049894E+01
 0.1568654E+01  0.1049894E+01
 0.1676566E+01  0.1049894E+01
 0.1784477E+01  0.1049894E+01
 0.1892388E+01  0.1049894E+01
 0.2000299E+01  0.1049894E+01
 0.2108211E+01  0.1049894E+01
 0.2216122E+01  0.1049894E+01
 0.5975683E+00  0.1058581E+01
 0.7054795E+00  0.1058581E+01
 0.8133908E+00  0.1058581E+01
 0.9213020E+00  0.1058581E+01
 0.1029213E+01  0.1058581E+01
 0.1137124E+01  0.1058581E+01
 0.1245036E+01  0.1058581E+01
 0.1352947E+01  0.1058581E+01
 0.1460858E+01  0.1058581E+01
 0.1568769E+01  0.1058581E+01
 0.1676681E+01  0.1058581E+01
 0.1784592E+01  0.1058581E+01
 0.1892503E+01  0.1058581E+01
 0.2000414E+01  0.1058581E+01
 0.2108325E+01  0.1058581E+01
 0.2216237E+01  0.1058581E+01
 0.5976841E+00  0.1067262E+01
 0.7055953E+00  0.1067262E+01
 0.8135065E+00  0.1067262E+01
 0.9214178E+00  0.1067262E+01
 0.1029329E+01  0.1067262E+01
 0.1137240E+01  0.1067262E+01
 0.1245151E+01  0.1067262E+01
 0.1353063E+01  0.1067262E+01
 0.1460974E+01  0.1067262E+01
 0.1568885E+01  0.1067262E+01
 0.1676796E+01  0.1067262E+01
 0.1784708E+01  0.1067262E+01
 0.1892619E+01  0.1067262E+01
 0.2000530E+01  0.1067262E+01
 0.2108441E+01  0.1067262E+01
 0.2216352E+01  0.1067262E+01
 0.5978008E+00  0.1075938E+01
 0.7057121E+00  0.1075938E+01
 0.8136233E+00  0.1075938E+01
 0.9215345E+00  0.1075938E+01
 0.1029446E+01  0.1075938E+01
 0.1137357E+01  0.1075938E+01
 0.1245268E+01  0.1075938E+01
 0.1353179E+01  0.1075938E+01
 0.1461091E+01  0.1075938E+01
 0.1569002E+01  0.1075938E+01
 0.1676913E+01  0.1075938E+01
 0.1784824E+01  0.1075938E+01
 0.1892736E+01  0.1075938E+01
 0.2000647E+01  0.1075938E+01
 0.2108558E+01  0.1075938E+01
 0.2216469E+01  0.1075938E+01
 0.5979185E+00  0.1084609E+01
 0.7058297E+00  0.1084609E+01
 0.8137410E+00  0.1084609E+01
 0.9216522E+00  0.1084609E+01
 0.1029563E+01  0.1084609E+01
 0.1137475E+01  0.1084609E+01
 0.1245386E+01  0.1084609E+01
 0.1353297E+01  0.1084609E+01
 0.1461208E+01  0.1084609E+01
 0.1569120E+01  0.1084609E+01
 0.1677031E+01  0.1084609E+01
 0.1784942E+01  0.1084609E+01
 0.1892853E+01  0.1084609E+01
 0.2000764E+01  0.1084609E+01
 0.2108676E+01  0.1084609E+01
 0.2216587E+01  0.1084609E+01
 0.5980371E+00  0.1093275E+01
 0.7059484E+00  0.1093275E+01
 0.8138596E+00  0.1093275E+01
 0.9217708E+00  0.1093275E+01
 0.1029682E+01  0.1093275E+01
 0.1137593E+01  0.1093275E+01
 0.1245504E+01  0.1093275E+01
 0.1353416E+01  0.1093275E+01
 0.1461327E+01  0.1093275E+01
 0.1569238E+01  0.1093275E+01
 0.1677149E+01  0.1093275E+01
 0.1785061E+01  0.1093275E+01
 0.1892972E+01  0.1093275E+01
 0.2000883E+01  0.1093275E+01
 0.2108794E+01  0.1093275E+01
 0.2216706E+01  0.1093275E+01
 0.5981567E+00  0.1101936E+01
 0.7060679E+00  0.1101936E+01
 0.8139791E+00  0.1101936E+01
 0.9218904E+00  0.1101936E+01
 0.1029802E+01  0.1101936E+01
 0.1137713E+01  0.1101936E+01
 0.1245624E+01  0.1101936E+01
 0.1353535E+01  0.1101936E+01
 0.1461446E+01  0.1101936E+01
 0.1569358E+01  0.1101936E+01
 0.1677269E+01  0.1101936E+01
 0.1785180E+01  0.1101936E+01
 0.1893091E+01  0.1101936E+01
 0.2001003E+01  0.1101936E+01
 0.2108914E+01  0.1101936E+01
 0.2216825E+01  0.1101936E+01
 0.5982772E+00  0.1110590E+01
 0.7061884E+00  0.1110590E+01
 0.8140996E+00  0.1110590E+01
 0.9220109E+00  0.1110590E+01
 0.1029922E+01  0.1110590E+01
 0.1137833E+01  0.1110590E+01
 0.1245745E+01  0.1110590E+01
 0.1353656E+01  0.1110590E+01
 0.1461567E+01  0.1110590E+01
 0.1569478E+01  0.1110590E+01
 0.1677389E+01  0.1110590E+01
 0.1785301E+01  0.1110590E+01
 0.1893212E+01  0.1110590E+01
 0.2001123E+01  0.1110590E+01
 0.2109034E+01  0.1110590E+01
 0.2216946E+01  0.1110590E+01
 0.5983986E+00  0.1119240E+01
 0.7063099E+00  0.1119240E+01
 0.8142211E+00  0.1119240E+01
 0.9221323E+00  0.1119240E+01
 0.1030044E+01  0.1119240E+01
 0.1137955E+01  0.1119240E+01
 0.1245866E+01  0.1119240E+01
 0.1353777E+01  0.1119240E+01
 0.1461688E+01  0.1119240E+01
 0.1569600E+01  0.1119240E+01
 0.1677511E+01  0.1119240E+01
 0.1785422E+01  0.1119240E+01
 0.1893333E+01  0.1119240E+01
 0.2001245E+01  0.1119240E+01
 0.2109156E+01  0.1119240E+01
 0.2217067E+01  0.1119240E+01
 0.5985210E+00  0.1127884E+01
 0.7064323E+00  0.1127884E+01
 0.8143435E+00  0.1127884E+01
 0.9222547E+00  0.1127884E+01
 0.1030166E+01  0.1127884E+01
 0.1138077E+01  0.1127884E+01
 0.1245988E+01  0.1127884E+01
 0.1353900E+01  0.1127884E+01
 0.1461811E+01  0.1127884E+01
 0.1569722E+01  0.1127884E+01
 0.1677633E+01  0.1127884E+01
 0.1785545E+01  0.1127884E+01
 0.1893456E+01  0.1127884E+01
 0.2001367E+01  0.1127884E+01
 0.2109278E+01  0.1127884E+01
 0.2217189E+01  0.1127884E+01
 0.5986444E+00  0.1136523E+01
 0.7065556E+00  0.1136523E+01
 0.8144668E+00  0.1136523E+01
 0.9223781E+00  0.1136523E+01
 0.1030289E+01  0.1136523E+01
 0.1138201E+01  0.1136523E+01
 0.1246112E+01  0.1136523E+01
 0.1354023E+01  0.1136523E+01
 0.1461934E+01  0.1136523E+01
 0.1569845E+01  0.1136523E+01
 0.1677757E+01  0.1136523E+01
 0.1785668E+01  0.1136523E+01
 0.1893579E+01  0.1136523E+01
 0.2001490E+01  0.1136523E+01
 0.2109402E+01  0.1136523E+01
 0.2217313E+01  0.1136523E+01
 0.5987686E+00  0.1145156E+01
 0.7066799E+00  0.1145156E+01
 0.8145911E+00  0.1145156E+01
 0.9225023E+00  0.1145156E+01
 0.1030414E+01  0.1145156E+01
 0.1138325E+01  0.1145156E+01
 0.1246236E+01  0.1145156E+01
 0.1354147E+01  0.1145156E+01
 0.1462058E+01  0.1145156E+01
 0.1569970E+01  0.1145156E+01
 0.1677881E+01  0.1145156E+01
 0.1785792E+01  0.1145156E+01
 0.1893703E+01  0.1145156E+01
 0.2001615E+01  0.1145156E+01
 0.2109526E+01  0.1145156E+01
 0.2217437E+01  0.1145156E+01
 0.5988939E+00  0.1153783E+01
 0.7068051E+00  0.1153783E+01
 0.8147163E+00  0.1153783E+01
 0.9226275E+00  0.1153783E+01
 0.1030539E+01  0.1153783E+01
 0.1138450E+01  0.1153783E+01
 0.1246361E+01  0.1153783E+01
 0.1354272E+01  0.1153783E+01
 0.1462184E+01  0.1153783E+01
 0.1570095E+01  0.1153783E+01
 0.1678006E+01  0.1153783E+01
 0.1785917E+01  0.1153783E+01
 0.1893829E+01  0.1153783E+01
 0.2001740E+01  0.1153783E+01
 0.2109651E+01  0.1153783E+01
 0.2217562E+01  0.1153783E+01
 0.5990200E+00  0.1162405E+01
 0.7069312E+00  0.1162405E+01
 0.8148425E+00  0.1162405E+01
 0.9227537E+00  0.1162405E+01
 0.1030665E+01  0.1162405E+01
 0.1138576E+01  0.1162405E+01
 0.1246487E+01  0.1162405E+01
 0.1354399E+01  0.1162405E+01
 0.1462310E+01  0.1162405E+01
 0.1570221E+01  0.1162405E+01
 0.1678132E+01  0.1162405E+01
 0.1786043E+01  0.1162405E+01
 0.1893955E+01  0.1162405E+01
 0.2001866E+01  0.1162405E+01
 0.2109777E+01  0.1162405E+01
 0.2217688E+01  0.1162405E+01
 0.5991471E+00  0.1171021E+01
 0.7070583E+00  0.1171021E+01
 0.8149696E+00  0.1171021E+01
 0.9228808E+00  0.1171021E+01
 0.1030792E+01  0.1171021E+01
 0.1138703E+01  0.1171021E+01
 0.1246614E+01  0.1171021E+01
 0.1354526E+01  0.1171021E+01
 0.1462437E+01  0.1171021E+01
 0.1570348E+01  0.1171021E+01
 0.1678259E+01  0.1171021E+01
 0.1786171E+01  0.1171021E+01
 0.1894082E+01  0.1171021E+01
 0.2001993E+01  0.1171021E+01
 0.2109904E+01  0.1171021E+01
 0.2217815E+01  0.1171021E+01
 0.5992751E+00  0.1179632E+01
 0.7071864E+00  0.1179632E+01
 0.8150976E+00  0.1179632E+01
 0.9230088E+00  0.1179632E+01
 0.1030920E+01  0.1179632E+01
 0.1138831E+01  0.1179632E+01
 0.1246742E+01  0.1179632E+01
 0.1354654E+01  0.1179632E+01
 0.1462565E+01  0.1179632E+01
 0.1570476E+01  0.1179632E+01
 0.1678387E+01  0.1179632E+01
 0.1786299E+01  0.1179632E+01
 0.1894210E+01  0.1179632E+01
 0.2002121E+01  0.1179632E+01
 0.2110032E+01  0.1179632E+01
 0.2217944E+01  0.1179632E+01
 0.5994041E+00  0.1188237E+01
 0.7073153E+00  0.1188237E+01
 0.8152266E+00  0.1188237E+01
 0.9231378E+00  0.1188237E+01
 0.1031049E+01  0.1188237E+01
 0.1138960E+01  0.1188237E+01
 0.1246871E+01  0.1188237E+01
 0.1354783E+01  0.1188237E+01
 0.1462694E+01  0.1188237E+01
 0.1570605E+01  0.1188237E+01
 0.1678516E+01  0.1188237E+01
 0.1786428E+01  0.1188237E+01
 0.1894339E+01  0.1188237E+01
 0.2002250E+01  0.1188237E+01
 0.2110161E+01  0.1188237E+01
 0.2218072E+01  0.1188237E+01
 0.5995340E+00  0.1196836E+01
 0.7074452E+00  0.1196836E+01
 0.8153565E+00  0.1196836E+01
 0.9232677E+00  0.1196836E+01
 0.1031179E+01  0.1196836E+01
 0.1139090E+01  0.1196836E+01
 0.1247001E+01  0.1196836E+01
 0.1354913E+01  0.1196836E+01
 0.1462824E+01  0.1196836E+01
 0.1570735E+01  0.1196836E+01
 0.1678646E+01  0.1196836E+01
 0.1786557E+01  0.1196836E+01
 0.1894469E+01  0.1196836E+01
 0.2002380E+01  0.1196836E+01
 0.2110291E+01  0.1196836E+01
 0.2218202E+01  0.1196836E+01
 0.5996649E+00  0.1205429E+01
 0.7075761E+00  0.1205429E+01
 0.8154873E+00  0.1205429E+01
 0.9233985E+00  0.1205429E+01
 0.1031310E+01  0.1205429E+01
 0.1139221E+01  0.1205429E+01
 0.1247132E+01  0.1205429E+01
 0.1355043E+01  0.1205429E+01
 0.1462955E+01  0.1205429E+01
 0.1570866E+01  0.1205429E+01
 0.1678777E+01  0.1205429E+01
 0.1786688E+01  0.1205429E+01
 0.1894600E+01  0.1205429E+01
 0.2002511E+01  0.1205429E+01
 0.2110422E+01  0.1205429E+01
 0.2218333E+01  0.1205429E+01
 0.5997966E+00  0.1214016E+01
 0.7077079E+00  0.1214016E+01
 0.8156191E+00  0.1214016E+01
 0.9235303E+00  0.1214016E+01
 0.1031442E+01  0.1214016E+01
 0.1139353E+01  0.1214016E+01
 0.1247264E+01  0.1214016E+01
 0.1355175E+01  0.1214016E+01
 0.1463086E+01  0.1214016E+01
 0.1570998E+01  0.1214016E+01
 0.1678909E+01  0.1214016E+01
 0.1786820E+01  0.1214016E+01
 0.1894731E+01  0.1214016E+01
 0.2002643E+01  0.1214016E+01
 0.2110554E+01  0.1214016E+01
 0.2218465E+01  0.1214016E+01
 0.5999294E+00  0.1222598E+01
 0.7078406E+00  0.1222598E+01
 0.8157518E+00  0.1222598E+01
 0.9236630E+00  0.1222598E+01
 0.1031574E+01  0.1222598E+01
 0.1139485E+01  0.1222598E+01
 0.1247397E+01  0.1222598E+01
 0.1355308E+01  0.1222598E+01
 0.1463219E+01  0.1222598E+01
 0.1571130E+01  0.1222598E+01
 0.1679042E+01  0.1222598E+01
 0.1786953E+01  0.1222598E+01
 0.1894864E+01  0.1222598E+01
 0.2002775E+01  0.1222598E+01
 0.2110687E+01  0.1222598E+01
 0.2218598E+01  0.1222598E+01
 0.6000630E+00  0.1231174E+01
 0.7079742E+00  0.1231174E+01
 0.8158855E+00  0.1231174E+01
 0.9237967E+00  0.1231174E+01
 0.1031708E+01  0.1231174E+01
 0.1139619E+01  0.1231174E+01
 0.1247530E+01  0.1231174E+01
 0.1355442E+01  0.1231174E+01
 0.1463353E+01  0.1231174E+01
 0.1571264E+01  0.1231174E+01
 0.1679175E+01  0.1231174E+01
 0.1787086E+01  0.1231174E+01
 0.1894998E+01  0.1231174E+01
 0.2002909E+01  0.1231174E+01
 0.2110820E+01  0.1231174E+01
 0.2218731E+01  0.1231174E+01
 0.6001976E+00  0.1239743E+01
 0.7081088E+00  0.1239743E+01
 0.8160200E+00  0.1239743E+01
 0.9239313E+00  0.1239743E+01
 0.1031842E+01  0.1239743E+01
 0.1139754E+01  0.1239743E+01
 0.1247665E+01  0.1239743E+01
 0.1355576E+01  0.1239743E+01
 0.1463487E+01  0.1239743E+01
 0.1571399E+01  0.1239743E+01
 0.1679310E+01  0.1239743E+01
 0.1787221E+01  0.1239743E+01
 0.1895132E+01  0.1239743E+01
 0.2003044E+01  0.1239743E+01
 0.2110955E+01  0.1239743E+01
 0.2218866E+01  0.1239743E+01
 0.6003331E+00  0.1248307E+01
 0.7082443E+00  0.1248307E+01
 0.8161555E+00  0.1248307E+01
 0.9240668E+00  0.1248307E+01
 0.1031978E+01  0.1248307E+01
 0.1139889E+01  0.1248307E+01
 0.1247800E+01  0.1248307E+01
 0.1355712E+01  0.1248307E+01
 0.1463623E+01  0.1248307E+01
 0.1571534E+01  0.1248307E+01
 0.1679445E+01  0.1248307E+01
 0.1787357E+01  0.1248307E+01
 0.1895268E+01  0.1248307E+01
 0.2003179E+01  0.1248307E+01
 0.2111090E+01  0.1248307E+01
 0.2219001E+01  0.1248307E+01
 0.6004695E+00  0.1256865E+01
 0.7083808E+00  0.1256865E+01
 0.8162920E+00  0.1256865E+01
 0.9242032E+00  0.1256865E+01
 0.1032114E+01  0.1256865E+01
 0.1140026E+01  0.1256865E+01
 0.1247937E+01  0.1256865E+01
 0.1355848E+01  0.1256865E+01
 0.1463759E+01  0.1256865E+01
 0.1571671E+01  0.1256865E+01
 0.1679582E+01  0.1256865E+01
 0.1787493E+01  0.1256865E+01
 0.1895404E+01  0.1256865E+01
 0.2003315E+01  0.1256865E+01
 0.2111227E+01  0.1256865E+01
 0.2219138E+01  0.1256865E+01
 0.6006069E+00  0.1265417E+01
 0.7085181E+00  0.1265417E+01
 0.8164294E+00  0.1265417E+01
 0.9243406E+00  0.1265417E+01
 0.1032252E+01  0.1265417E+01
 0.1140163E+01  0.1265417E+01
 0.1248074E+01  0.1265417E+01
 0.1355986E+01  0.1265417E+01
 0.1463897E+01  0.1265417E+01
 0.1571808E+01  0.1265417E+01
 0.1679719E+01  0.1265417E+01
 0.1787630E+01  0.1265417E+01
 0.1895542E+01  0.1265417E+01
 0.2003453E+01  0.1265417E+01
 0.2111364E+01  0.1265417E+01
 0.2219275E+01  0.1265417E+01
 0.6007452E+00  0.1273962E+01
 0.7086565E+00  0.1273962E+01
 0.8165677E+00  0.1273962E+01
 0.9244789E+00  0.1273962E+01
 0.1032390E+01  0.1273962E+01
 0.1140301E+01  0.1273962E+01
 0.1248213E+01  0.1273962E+01
 0.1356124E+01  0.1273962E+01
 0.1464035E+01  0.1273962E+01
 0.1571946E+01  0.1273962E+01
 0.1679857E+01  0.1273962E+01
 0.1787769E+01  0.1273962E+01
 0.1895680E+01  0.1273962E+01
 0.2003591E+01  0.1273962E+01
 0.2111502E+01  0.1273962E+01
 0.2219414E+01  0.1273962E+01
 0.6008845E+00  0.1282502E+01
 0.7087957E+00  0.1282502E+01
 0.8167069E+00  0.1282502E+01
 0.9246182E+00  0.1282502E+01
 0.1032529E+01  0.1282502E+01
 0.1140441E+01  0.1282502E+01
 0.1248352E+01  0.1282502E+01
 0.1356263E+01  0.1282502E+01
 0.1464174E+01  0.1282502E+01
 0.1572086E+01  0.1282502E+01
 0.1679997E+01  0.1282502E+01
 0.1787908E+01  0.1282502E+01
 0.1895819E+01  0.1282502E+01
 0.2003730E+01  0.1282502E+01
 0.2111642E+01  0.1282502E+01
 0.2219553E+01  0.1282502E+01
 0.6010246E+00  0.1291035E+01
 0.7089359E+00  0.1291035E+01
 0.8168471E+00  0.1291035E+01
 0.9247583E+00  0.1291035E+01
 0.1032670E+01  0.1291035E+01
 0.1140581E+01  0.1291035E+01
 0.1248492E+01  0.1291035E+01
 0.1356403E+01  0.1291035E+01
 0.1464314E+01  0.1291035E+01
 0.1572226E+01  0.1291035E+01
 0.1680137E+01  0.1291035E+01
 0.1788048E+01  0.1291035E+01
 0.1895959E+01  0.1291035E+01
 0.2003871E+01  0.1291035E+01
 0.2111782E+01  0.1291035E+01
 0.2219693E+01  0.1291035E+01
 0.6011657E+00  0.1299563E+01
 0.7090770E+00  0.1299563E+01
 0.8169882E+00  0.1299563E+01
 0.9248994E+00  0.1299563E+01
 0.1032811E+01  0.1299563E+01
 0.1140722E+01  0.1299563E+01
 0.1248633E+01  0.1299563E+01
 0.1356544E+01  0.1299563E+01
 0.1464456E+01  0.1299563E+01
 0.1572367E+01  0.1299563E+01
 0.1680278E+01  0.1299563E+01
 0.1788189E+01  0.1299563E+01
 0.1896100E+01  0.1299563E+01
 0.2004012E+01  0.1299563E+01
 0.2111923E+01  0.1299563E+01
 0.2219834E+01  0.1299563E+01
 0.6013078E+00  0.1308084E+01
 0.7092190E+00  0.1308084E+01
 0.8171302E+00  0.1308084E+01
 0.9250415E+00  0.1308084E+01
 0.1032953E+01  0.1308084E+01
 0.1140864E+01  0.1308084E+01
 0.1248775E+01  0.1308084E+01
 0.1356686E+01  0.1308084E+01
 0.1464598E+01  0.1308084E+01
 0.1572509E+01  0.1308084E+01
 0.1680420E+01  0.1308084E+01
 0.1788331E+01  0.1308084E+01
 0.1896242E+01  0.1308084E+01
 0.2004154E+01  0.1308084E+01
 0.2112065E+01  0.1308084E+01
 0.2219976E+01  0.1308084E+01
 0.6014507E+00  0.1316598E+01
 0.7093620E+00  0.1316598E+01
 0.8172732E+00  0.1316598E+01
 0.9251844E+00  0.1316598E+01
 0.1033096E+01  0.1316598E+01
 0.1141007E+01  0.1316598E+01
 0.1248918E+01  0.1316598E+01
 0.1356829E+01  0.1316598E+01
 0.1464741E+01  0.1316598E+01
 0.1572652E+01  0.1316598E+01
 0.1680563E+01  0.1316598E+01
 0.1788474E+01  0.1316598E+01
 0.1896385E+01  0.1316598E+01
 0.2004297E+01  0.1316598E+01
 0.2112208E+01  0.1316598E+01
 0.2220119E+01  0.1316598E+01
 0.6015946E+00  0.1325107E+01
 0.7095058E+00  0.1325107E+01
 0.8174171E+00  0.1325107E+01
 0.9253283E+00  0.1325107E+01
 0.1033240E+01  0.1325107E+01
 0.1141151E+01  0.1325107E+01
 0.1249062E+01  0.1325107E+01
 0.1356973E+01  0.1325107E+01
 0.1464884E+01  0.1325107E+01
 0.1572796E+01  0.1325107E+01
 0.1680707E+01  0.1325107E+01
 0.1788618E+01  0.1325107E+01
 0.1896529E+01  0.1325107E+01
 0.2004441E+01  0.1325107E+01
 0.2112352E+01  0.1325107E+01
 0.2220263E+01  0.1325107E+01
 0.6017394E+00  0.1333609E+01
 0.7096506E+00  0.1333609E+01
 0.8175619E+00  0.1333609E+01
 0.9254731E+00  0.1333609E+01
 0.1033384E+01  0.1333609E+01
 0.1141296E+01  0.1333609E+01
 0.1249207E+01  0.1333609E+01
 0.1357118E+01  0.1333609E+01
 0.1465029E+01  0.1333609E+01
 0.1572940E+01  0.1333609E+01
 0.1680852E+01  0.1333609E+01
 0.1788763E+01  0.1333609E+01
 0.1896674E+01  0.1333609E+01
 0.2004585E+01  0.1333609E+01
 0.2112497E+01  0.1333609E+01
 0.2220408E+01  0.1333609E+01
 0.6018852E+00  0.1342105E+01
 0.7097964E+00  0.1342105E+01
 0.8177076E+00  0.1342105E+01
 0.9256188E+00  0.1342105E+01
 0.1033530E+01  0.1342105E+01
 0.1141441E+01  0.1342105E+01
 0.1249353E+01  0.1342105E+01
 0.1357264E+01  0.1342105E+01
 0.1465175E+01  0.1342105E+01
 0.1573086E+01  0.1342105E+01
 0.1680997E+01  0.1342105E+01
 0.1788909E+01  0.1342105E+01
 0.1896820E+01  0.1342105E+01
 0.2004731E+01  0.1342105E+01
 0.2112642E+01  0.1342105E+01
 0.2220554E+01  0.1342105E+01
 0.6020318E+00  0.1350595E+01
 0.7099430E+00  0.1350595E+01
 0.8178543E+00  0.1350595E+01
 0.9257655E+00  0.1350595E+01
 0.1033677E+01  0.1350595E+01
 0.1141588E+01  0.1350595E+01
 0.1249499E+01  0.1350595E+01
 0.1357410E+01  0.1350595E+01
 0.1465322E+01  0.1350595E+01
 0.1573233E+01  0.1350595E+01
 0.1681144E+01  0.1350595E+01
 0.1789055E+01  0.1350595E+01
 0.1896967E+01  0.1350595E+01
 0.2004878E+01  0.1350595E+01
 0.2112789E+01  0.1350595E+01
 0.2220700E+01  0.1350595E+01
 0.6021794E+00  0.1359078E+01
 0.7100906E+00  0.1359078E+01
 0.8180019E+00  0.1359078E+01
 0.9259131E+00  0.1359078E+01
 0.1033824E+01  0.1359078E+01
 0.1141736E+01  0.1359078E+01
 0.1249647E+01  0.1359078E+01
 0.1357558E+01  0.1359078E+01
 0.1465469E+01  0.1359078E+01
 0.1573380E+01  0.1359078E+01
 0.1681292E+01  0.1359078E+01
 0.1789203E+01  0.1359078E+01
 0.1897114E+01  0.1359078E+01
 0.2005025E+01  0.1359078E+01
 0.2112937E+01  0.1359078E+01
 0.2220848E+01  0.1359078E+01
 0.6023279E+00  0.1367554E+01
 0.7102391E+00  0.1367554E+01
 0.8181504E+00  0.1367554E+01
 0.9260616E+00  0.1367554E+01
 0.1033973E+01  0.1367554E+01
 0.1141884E+01  0.1367554E+01
 0.1249795E+01  0.1367554E+01
 0.1357706E+01  0.1367554E+01
 0.1465618E+01  0.1367554E+01
 0.1573529E+01  0.1367554E+01
 0.1681440E+01  0.1367554E+01
 0.1789351E+01  0.1367554E+01
 0.1897263E+01  0.1367554E+01
 0.2005174E+01  0.1367554E+01
 0.2113085E+01  0.1367554E+01
 0.2220996E+01  0.1367554E+01
 0.6024773E+00  0.1376024E+01
 0.7103886E+00  0.1376024E+01
 0.8182998E+00  0.1376024E+01
 0.9262110E+00  0.1376024E+01
 0.1034122E+01  0.1376024E+01
 0.1142033E+01  0.1376024E+01
 0.1249945E+01  0.1376024E+01
 0.1357856E+01  0.1376024E+01
 0.1465767E+01  0.1376024E+01
 0.1573678E+01  0.1376024E+01
 0.1681590E+01  0.1376024E+01
 0.1789501E+01  0.1376024E+01
 0.1897412E+01  0.1376024E+01
 0.2005323E+01  0.1376024E+01
 0.2113235E+01  0.1376024E+01
 0.2221146E+01  0.1376024E+01
 0.6026277E+00  0.1384488E+01
 0.7105389E+00  0.1384488E+01
 0.8184502E+00  0.1384488E+01
 0.9263614E+00  0.1384488E+01
 0.1034273E+01  0.1384488E+01
 0.1142184E+01  0.1384488E+01
 0.1250095E+01  0.1384488E+01
 0.1358006E+01  0.1384488E+01
 0.1465918E+01  0.1384488E+01
 0.1573829E+01  0.1384488E+01
 0.1681740E+01  0.1384488E+01
 0.1789651E+01  0.1384488E+01
 0.1897562E+01  0.1384488E+01
 0.2005474E+01  0.1384488E+01
 0.2113385E+01  0.1384488E+01
 0.2221296E+01  0.1384488E+01
 0.6027790E+00  0.1392945E+01
 0.7106902E+00  0.1392945E+01
 0.8186014E+00  0.1392945E+01
 0.9265127E+00  0.1392945E+01
 0.1034424E+01  0.1392945E+01
 0.1142335E+01  0.1392945E+01
 0.1250246E+01  0.1392945E+01
 0.1358158E+01  0.1392945E+01
 0.1466069E+01  0.1392945E+01
 0.1573980E+01  0.1392945E+01
 0.1681891E+01  0.1392945E+01
 0.1789802E+01  0.1392945E+01
 0.1897714E+01  0.1392945E+01
 0.2005625E+01  0.1392945E+01
 0.2113536E+01  0.1392945E+01
 0.2221447E+01  0.1392945E+01
 0.6029312E+00  0.1401395E+01
 0.7108424E+00  0.1401395E+01
 0.8187536E+00  0.1401395E+01
 0.9266649E+00  0.1401395E+01
 0.1034576E+01  0.1401395E+01
 0.1142487E+01  0.1401395E+01
 0.1250399E+01  0.1401395E+01
 0.1358310E+01  0.1401395E+01
 0.1466221E+01  0.1401395E+01
 0.1574132E+01  0.1401395E+01
 0.1682043E+01  0.1401395E+01
 0.1789955E+01  0.1401395E+01
 0.1897866E+01  0.1401395E+01
 0.2005777E+01  0.1401395E+01
 0.2113688E+01  0.1401395E+01
 0.2221600E+01  0.1401395E+01
 0.6030843E+00  0.1409839E+01
 0.7109955E+00  0.1409839E+01
 0.8189067E+00  0.1409839E+01
 0.9268180E+00  0.1409839E+01
 0.1034729E+01  0.1409839E+01
 0.1142640E+01  0.1409839E+01
 0.1250552E+01  0.1409839E+01
 0.1358463E+01  0.1409839E+01
 0.1466374E+01  0.1409839E+01
 0.1574285E+01  0.1409839E+01
 0.1682197E+01  0.1409839E+01
 0.1790108E+01  0.1409839E+01
 0.1898019E+01  0.1409839E+01
 0.2005930E+01  0.1409839E+01
 0.2113841E+01  0.1409839E+01
 0.2221753E+01  0.1409839E+01
 0.6032383E+00  0.1418276E+01
 0.7111496E+00  0.1418276E+01
 0.8190608E+00  0.1418276E+01
 0.9269720E+00  0.1418276E+01
 0.1034883E+01  0.1418276E+01
 0.1142794E+01  0.1418276E+01
 0.1250706E+01  0.1418276E+01
 0.1358617E+01  0.1418276E+01
 0.1466528E+01  0.1418276E+01
 0.1574439E+01  0.1418276E+01
 0.1682351E+01  0.1418276E+01
 0.1790262E+01  0.1418276E+01
 0.1898173E+01  0.1418276E+01
 0.2006084E+01  0.1418276E+01
 0.2113995E+01  0.1418276E+01
 0.2221907E+01  0.1418276E+01
 0.6033933E+00  0.1426707E+01
 0.7113045E+00  0.1426707E+01
 0.8192157E+00  0.1426707E+01
 0.9271270E+00  0.1426707E+01
 0.1035038E+01  0.1426707E+01
 0.1142949E+01  0.1426707E+01
 0.1250861E+01  0.1426707E+01
 0.1358772E+01  0.1426707E+01
 0.1466683E+01  0.1426707E+01
 0.1574594E+01  0.1426707E+01
 0.1682506E+01  0.1426707E+01
 0.1790417E+01  0.1426707E+01
 0.1898328E+01  0.1426707E+01
 0.2006239E+01  0.1426707E+01
 0.2114150E+01  0.1426707E+01
 0.2222062E+01  0.1426707E+01
 0.6035492E+00  0.1435131E+01
 0.7114604E+00  0.1435131E+01
 0.8193716E+00  0.1435131E+01
 0.9272828E+00  0.1435131E+01
 0.1035194E+01  0.1435131E+01
 0.1143105E+01  0.1435131E+01
 0.1251017E+01  0.1435131E+01
 0.1358928E+01  0.1435131E+01
 0.1466839E+01  0.1435131E+01
 0.1574750E+01  0.1435131E+01
 0.1682661E+01  0.1435131E+01
 0.1790573E+01  0.1435131E+01
 0.1898484E+01  0.1435131E+01
 0.2006395E+01  0.1435131E+01
 0.2114306E+01  0.1435131E+01
 0.2222218E+01  0.1435131E+01
 0.6037060E+00  0.1443548E+01
 0.7116172E+00  0.1443548E+01
 0.8195284E+00  0.1443548E+01
 0.9274396E+00  0.1443548E+01
 0.1035351E+01  0.1443548E+01
 0.1143262E+01  0.1443548E+01
 0.1251173E+01  0.1443548E+01
 0.1359085E+01  0.1443548E+01
 0.1466996E+01  0.1443548E+01
 0.1574907E+01  0.1443548E+01
 0.1682818E+01  0.1443548E+01
 0.1790729E+01  0.1443548E+01
 0.1898641E+01  0.1443548E+01
 0.2006552E+01  0.1443548E+01
 0.2114463E+01  0.1443548E+01
 0.2222374E+01  0.1443548E+01
 0.6038637E+00  0.1451958E+01
 0.7117749E+00  0.1451958E+01
 0.8196861E+00  0.1451958E+01
 0.9275973E+00  0.1451958E+01
 0.1035509E+01  0.1451958E+01
 0.1143420E+01  0.1451958E+01
 0.1251331E+01  0.1451958E+01
 0.1359242E+01  0.1451958E+01
 0.1467153E+01  0.1451958E+01
 0.1575065E+01  0.1451958E+01
 0.1682976E+01  0.1451958E+01
 0.1790887E+01  0.1451958E+01
 0.1898798E+01  0.1451958E+01
 0.2006710E+01  0.1451958E+01
 0.2114621E+01  0.1451958E+01
 0.2222532E+01  0.1451958E+01
 0.6040223E+00  0.1460362E+01
 0.7119335E+00  0.1460362E+01
 0.8198447E+00  0.1460362E+01
 0.9277560E+00  0.1460362E+01
 0.1035667E+01  0.1460362E+01
 0.1143578E+01  0.1460362E+01
 0.1251490E+01  0.1460362E+01
 0.1359401E+01  0.1460362E+01
 0.1467312E+01  0.1460362E+01
 0.1575223E+01  0.1460362E+01
 0.1683135E+01  0.1460362E+01
 0.1791046E+01  0.1460362E+01
 0.1898957E+01  0.1460362E+01
 0.2006868E+01  0.1460362E+01
 0.2114779E+01  0.1460362E+01
 0.2222691E+01  0.1460362E+01
 0.6041818E+00  0.1468758E+01
 0.7120930E+00  0.1468758E+01
 0.8200043E+00  0.1468758E+01
 0.9279155E+00  0.1468758E+01
 0.1035827E+01  0.1468758E+01
 0.1143738E+01  0.1468758E+01
 0.1251649E+01  0.1468758E+01
 0.1359560E+01  0.1468758E+01
 0.1467472E+01  0.1468758E+01
 0.1575383E+01  0.1468758E+01
 0.1683294E+01  0.1468758E+01
 0.1791205E+01  0.1468758E+01
 0.1899117E+01  0.1468758E+01
 0.2007028E+01  0.1468758E+01
 0.2114939E+01  0.1468758E+01
 0.2222850E+01  0.1468758E+01
 0.6043423E+00  0.1477148E+01
 0.7122535E+00  0.1477148E+01
 0.8201647E+00  0.1477148E+01
 0.9280759E+00  0.1477148E+01
 0.1035987E+01  0.1477148E+01
 0.1143898E+01  0.1477148E+01
 0.1251810E+01  0.1477148E+01
 0.1359721E+01  0.1477148E+01
 0.1467632E+01  0.1477148E+01
 0.1575543E+01  0.1477148E+01
 0.1683455E+01  0.1477148E+01
 0.1791366E+01  0.1477148E+01
 0.1899277E+01  0.1477148E+01
 0.2007188E+01  0.1477148E+01
 0.2115099E+01  0.1477148E+01
 0.2223011E+01  0.1477148E+01
 0.6045036E+00  0.1485531E+01
 0.7124149E+00  0.1485531E+01
 0.8203261E+00  0.1485531E+01
 0.9282373E+00  0.1485531E+01
 0.1036149E+01  0.1485531E+01
 0.1144060E+01  0.1485531E+01
 0.1251971E+01  0.1485531E+01
 0.1359882E+01  0.1485531E+01
 0.1467793E+01  0.1485531E+01
 0.1575705E+01  0.1485531E+01
 0.1683616E+01  0.1485531E+01
 0.1791527E+01  0.1485531E+01
 0.1899438E+01  0.1485531E+01
 0.2007350E+01  0.1485531E+01
 0.2115261E+01  0.1485531E+01
 0.2223172E+01  0.1485531E+01
 0.6046659E+00  0.1493907E+01
 0.7125771E+00  0.1493907E+01
 0.8204884E+00  0.1493907E+01
 0.9283996E+00  0.1493907E+01
 0.1036311E+01  0.1493907E+01
 0.1144222E+01  0.1493907E+01
 0.1252133E+01  0.1493907E+01
 0.1360044E+01  0.1493907E+01
 0.1467956E+01  0.1493907E+01
 0.1575867E+01  0.1493907E+01
 0.1683778E+01  0.1493907E+01
 0.1791689E+01  0.1493907E+01
 0.1899601E+01  0.1493907E+01
 0.2007512E+01  0.1493907E+01
 0.2115423E+01  0.1493907E+01
 0.2223334E+01  0.1493907E+01
 0.6048291E+00  0.1502276E+01
 0.7127403E+00  0.1502276E+01
 0.8206516E+00  0.1502276E+01
 0.9285628E+00  0.1502276E+01
 0.1036474E+01  0.1502276E+01
 0.1144385E+01  0.1502276E+01
 0.1252296E+01  0.1502276E+01
 0.1360208E+01  0.1502276E+01
 0.1468119E+01  0.1502276E+01
 0.1576030E+01  0.1502276E+01
