 0.2000000E+00  0.1400000E+01
 0.4000000E+00  0.1400002E+01
 0.6000000E+00  0.1400004E+01
 0.8000000E+00  0.1400008E+01
 0.1000000E+01  0.1400012E+01
 0.1200000E+01  0.1400018E+01
 0.1400000E+01  0.1400024E+01
 0.1600000E+01  0.1400031E+01
 0.1800000E+01  0.1400040E+01
 0.2000000E+01  0.1400049E+01
 0.2200000E+01  0.1400059E+01
 0.2400000E+01  0.1400070E+01
 0.2600000E+01  0.1400082E+01
 0.2800000E+01  0.1400095E+01
 0.3000000E+01  0.1400109E+01
 0.3200000E+01  0.1400124E+01
 0.3400000E+01  0.1400140E+01
 0.3600000E+01  0.1400157E+01
 0.3800000E+01  0.1400175E+01
 0.4000000E+01  0.1400193E+01
 0.4200000E+01  0.1400213E+01
 0.4400000E+01  0.1400233E+01
 0.4600000E+01  0.1400255E+01
 0.4800000E+01  0.1400277E+01
 0.5000000E+01  0.1400300E+01
 0.5200000E+01  0.1400324E+01
 0.5400000E+01  0.1400349E+01
 0.5600000E+01  0.1400374E+01
 0.5800000E+01  0.1400401E+01
 0.6000000E+01  0.1400428E+01
 0.6200000E+01  0.1400456E+01
 0.6400000E+01  0.1400485E+01
 0.6600000E+01  0.1400515E+01
 0.6800000E+01  0.1400545E+01
 0.7000000E+01  0.1400576E+01
 0.7200000E+01  0.1400608E+01
 0.7400000E+01  0.1400641E+01
 0.7600000E+01  0.1400674E+01
 0.7800000E+01  0.1400708E+01
 0.8000000E+01  0.1400743E+01
 0.8200000E+01  0.1400779E+01
 0.8400000E+01  0.1400815E+01
 0.8600000E+01  0.1400852E+01
 0.8800000E+01  0.1400889E+01
 0.9000000E+01  0.1400927E+01
 0.9200000E+01  0.1400966E+01
 0.9400000E+01  0.1401005E+01
 0.9600000E+01  0.1401045E+01
 0.9800000E+01  0.1401086E+01
 0.1000000E+02  0.1401127E+01
 0.1020000E+02  0.1401168E+01
 0.1040000E+02  0.1401210E+01
 0.1060000E+02  0.1401253E+01
 0.1080000E+02  0.1401296E+01
 0.1100000E+02  0.1401340E+01
 0.1120000E+02  0.1401384E+01
 0.1140000E+02  0.1401428E+01
 0.1160000E+02  0.1401473E+01
 0.1180000E+02  0.1401519E+01
 0.1200000E+02  0.1401564E+01
 0.1220000E+02  0.1401611E+01
 0.1240000E+02  0.1401657E+01
 0.1260000E+02  0.1401704E+01
 0.1280000E+02  0.1401751E+01
 0.1300000E+02  0.1401799E+01
 0.1320000E+02  0.1401847E+01
 0.1340000E+02  0.1401895E+01
 0.1360000E+02  0.1401943E+01
 0.1380000E+02  0.1401992E+01
 0.1400000E+02  0.1402041E+01
 0.1420000E+02  0.1402090E+01
 0.1440000E+02  0.1402139E+01
 0.1460000E+02  0.1402189E+01
 0.1480000E+02  0.1402239E+01
 0.1500000E+02  0.1402289E+01
 0.1520000E+02  0.1402339E+01
 0.1540000E+02  0.1402389E+01
 0.1560000E+02  0.1402439E+01
 0.1580000E+02  0.1402490E+01
 0.1600000E+02  0.1402541E+01
 0.1620000E+02  0.1402591E+01
 0.1640000E+02  0.1402642E+01
 0.1660000E+02  0.1402693E+01
 0.1680000E+02  0.1402744E+01
 0.1700000E+02  0.1402795E+01
 0.1720000E+02  0.1402846E+01
 0.1740000E+02  0.1402897E+01
 0.1760000E+02  0.1402948E+01
 0.1780000E+02  0.1402998E+01
 0.1800000E+02  0.1403049E+01
 0.1820000E+02  0.1403100E+01
 0.1840000E+02  0.1403151E+01
 0.1860000E+02  0.1403202E+01
 0.1880000E+02  0.1403252E+01
 0.1900000E+02  0.1403303E+01
 0.1920000E+02  0.1403353E+01
 0.1940000E+02  0.1403404E+01
 0.1960000E+02  0.1403454E+01
 0.1980000E+02  0.1403504E+01
 0.2000000E+02  0.1403554E+01
 0.2020000E+02  0.1403604E+01
 0.2040000E+02  0.1403653E+01
 0.2060000E+02  0.1403703E+01
 0.2080000E+02  0.1403752E+01
 0.2100000E+02  0.1403801E+01
 0.2120000E+02  0.1403849E+01
 0.2140000E+02  0.1403898E+01
 0.2160000E+02  0.1403946E+01
 0.2180000E+02  0.1403994E+01
 0.2200000E+02  0.1404042E+01
 0.2220000E+02  0.1404089E+01
 0.2240000E+02  0.1404136E+01
 0.2260000E+02  0.1404183E+01
 0.2280000E+02  0.1404229E+01
 0.2300000E+02  0.1404275E+01
 0.2320000E+02  0.1404321E+01
 0.2340000E+02  0.1404366E+01
 0.2360000E+02  0.1404411E+01
 0.2380000E+02  0.1404456E+01
 0.2400000E+02  0.1404500E+01
 0.2420000E+02  0.1404543E+01
 0.2440000E+02  0.1404586E+01
 0.2460000E+02  0.1404629E+01
 0.2480000E+02  0.1404671E+01
 0.2500000E+02  0.1404712E+01
 0.2520000E+02  0.1404753E+01
 0.2540000E+02  0.1404793E+01
 0.2560000E+02  0.1404833E+01
 0.2580000E+02  0.1404871E+01
 0.2600000E+02  0.1404910E+01
 0.2620000E+02  0.1404947E+01
 0.2640000E+02  0.1404984E+01
 0.2660000E+02  0.1405020E+01
 0.2680000E+02  0.1405055E+01
 0.2700000E+02  0.1405089E+01
 0.2720000E+02  0.1405123E+01
 0.2740000E+02  0.1405155E+01
 0.2760000E+02  0.1405187E+01
 0.2780000E+02  0.1405218E+01
 0.2800000E+02  0.1405247E+01
 0.2820000E+02  0.1405275E+01
 0.2840000E+02  0.1405303E+01
 0.2860000E+02  0.1405329E+01
 0.2880000E+02  0.1405354E+01
 0.2900000E+02  0.1405377E+01
 0.2920000E+02  0.1405400E+01
 0.2940000E+02  0.1405421E+01
 0.2960000E+02  0.1405440E+01
 0.2980000E+02  0.1405458E+01
 0.3000000E+02  0.1405474E+01
 0.3020000E+02  0.1405489E+01
 0.3040000E+02  0.1405502E+01
 0.3060000E+02  0.1405513E+01
 0.3080000E+02  0.1405523E+01
 0.3100000E+02  0.1405530E+01
 0.3120000E+02  0.1405536E+01
 0.3140000E+02  0.1405539E+01
 0.3160000E+02  0.1405540E+01
 0.3180000E+02  0.1405538E+01
 0.3200000E+02  0.1405535E+01
 0.3220000E+02  0.1405529E+01
 0.3240000E+02  0.1405520E+01
 0.3260000E+02  0.1405509E+01
 0.3280000E+02  0.1405495E+01
 0.3300000E+02  0.1405478E+01
 0.3320000E+02  0.1405458E+01
 0.3340000E+02  0.1405436E+01
 0.3360000E+02  0.1405410E+01
 0.3380000E+02  0.1405382E+01
 0.3400000E+02  0.1405351E+01
 0.3420000E+02  0.1405317E+01
 0.3440000E+02  0.1405280E+01
 0.3460000E+02  0.1405241E+01
 0.3480000E+02  0.1405200E+01
 0.3500000E+02  0.1405157E+01
 0.3520000E+02  0.1405113E+01
 0.3540000E+02  0.1405068E+01
 0.3560000E+02  0.1405023E+01
 0.3580000E+02  0.1404978E+01
 0.3600000E+02  0.1404934E+01
 0.3620000E+02  0.1404892E+01
 0.3640000E+02  0.1404851E+01
 0.3660000E+02  0.1404811E+01
