 0.5281952E+00 -0.2146085E+01  0.3445566E+01  0.3533836E+00
 0.6867051E+00 -0.1602173E+01  0.2380429E+01  0.2752431E+00
 0.8452151E+00 -0.1139459E+01  0.1626470E+01  0.2055810E+00
 0.1003725E+01 -0.7458226E+00  0.1095194E+01  0.1423500E+00
 0.1162235E+01 -0.4109507E+00  0.7229288E+00  0.8362519E-01
 0.1320745E+01 -0.1260708E+00  0.4639179E+00  0.2756911E-01
 0.1479255E+01  0.1162803E+00  0.2853172E+00 -0.2760338E-01
 0.1637765E+01  0.3224516E+00  0.1635896E+00 -0.8365988E-01
 0.1796275E+01  0.4978443E+00  0.8189786E-01 -0.1423855E+00
 0.1954785E+01  0.6470531E+00  0.2822456E-01 -0.2056178E+00
 0.2113295E+01  0.7739871E+00 -0.5984748E-02 -0.2752817E+00
 0.2271805E+01  0.8819715E+00 -0.2679962E-01 -0.3534244E+00
