 0.2000000E+00  0.3585257E+00  0.2653770E+00  0.1867706E+00  0.1206920E+00  0.6546409E-01  0.1970015E-01 -0.1773520E-01 -0.4775802E-01 -0.7109134E-01 -0.8828646E-01 -0.9973999E-01 -0.1057074E+00
 0.4000000E+00  0.7169622E+00  0.5306998E+00  0.3735106E+00  0.2413687E+00  0.1309221E+00  0.3939918E-01 -0.3546928E-01 -0.9551415E-01 -0.1421803E+00 -0.1765693E+00 -0.1994733E+00 -0.2114019E+00
 0.6000000E+00  0.1075219E+01  0.7959136E+00  0.5601892E+00  0.3620147E+00  0.1963680E+00  0.5909602E-01 -0.5320112E-01 -0.1432665E+00 -0.2132646E+00 -0.2648450E+00 -0.2991931E+00 -0.3170706E+00
 0.8000000E+00  0.1433207E+01  0.1060964E+01  0.7467758E+00  0.4826148E+00  0.2617956E+00  0.7878959E-01 -0.7092960E-01 -0.1910133E+00 -0.2843420E+00 -0.3531099E+00 -0.3988926E+00 -0.4227003E+00
 0.1000000E+01  0.1790835E+01  0.1325796E+01  0.9332394E+00  0.6031537E+00  0.3271991E+00  0.9847882E-01 -0.8865360E-01 -0.2387526E+00 -0.3554101E+00 -0.4413605E+00 -0.4985650E+00 -0.5282777E+00
 0.1200000E+01  0.2148014E+01  0.1590354E+01  0.1119549E+01  0.7236160E+00  0.3925723E+00  0.1181627E+00 -0.1063720E+00 -0.2864826E+00 -0.4264666E+00 -0.5295932E+00 -0.5982035E+00 -0.6337894E+00
 0.1400000E+01  0.2504652E+01  0.1854585E+01  0.1305675E+01  0.8439864E+00  0.4579093E+00  0.1378401E+00 -0.1240836E+00 -0.3342015E+00 -0.4975094E+00 -0.6178044E+00 -0.6978010E+00 -0.7392221E+00
 0.1600000E+01  0.2860659E+01  0.2118432E+01  0.1491585E+01  0.9642497E+00  0.5232042E+00  0.1575100E+00 -0.1417875E+00 -0.3819074E+00 -0.5685360E+00 -0.7059905E+00 -0.7973507E+00 -0.8445620E+00
 0.1800000E+01  0.3215944E+01  0.2381842E+01  0.1677249E+01  0.1084391E+01  0.5884508E+00  0.1771715E+00 -0.1594823E+00 -0.4295987E+00 -0.6395445E+00 -0.7941481E+00 -0.8968457E+00 -0.9497954E+00
 0.2000000E+01  0.3570418E+01  0.2644759E+01  0.1862637E+01  0.1204394E+01  0.6536434E+00  0.1968236E+00 -0.1771669E+00 -0.4772733E+00 -0.7105324E+00 -0.8822736E+00 -0.9962788E+00 -0.1054908E+01
 0.2200000E+01  0.3923989E+01  0.2907128E+01  0.2047716E+01  0.1324245E+01  0.7187760E+00  0.2164652E+00 -0.1948404E+00 -0.5249297E+00 -0.7814977E+00 -0.9703634E+00 -0.1095643E+01 -0.1159887E+01
 0.2400000E+01  0.4276566E+01  0.3168895E+01  0.2232457E+01  0.1443927E+01  0.7838427E+00  0.2360955E+00 -0.2125013E+00 -0.5725660E+00 -0.8524382E+00 -0.1058414E+01 -0.1194932E+01 -0.1264718E+01
 0.2600000E+01  0.4628059E+01  0.3430003E+01  0.2416829E+01  0.1563426E+01  0.8488378E+00  0.2557134E+00 -0.2301487E+00 -0.6201803E+00 -0.9233518E+00 -0.1146422E+01 -0.1294138E+01 -0.1369386E+01
 0.2800000E+01  0.4978378E+01  0.3690399E+01  0.2600801E+01  0.1682727E+01  0.9137552E+00  0.2753182E+00 -0.2477813E+00 -0.6677710E+00 -0.9942363E+00 -0.1234385E+01 -0.1393255E+01 -0.1473879E+01
 0.3000000E+01  0.5327433E+01  0.3950028E+01  0.2784342E+01  0.1801814E+01  0.9785891E+00  0.2949088E+00 -0.2653979E+00 -0.7153362E+00 -0.1065090E+01 -0.1322298E+01 -0.1492275E+01 -0.1578183E+01
 0.3200000E+01  0.5675134E+01  0.4208835E+01  0.2967422E+01  0.1920673E+01  0.1043334E+01  0.3144844E+00 -0.2829973E+00 -0.7628741E+00 -0.1135910E+01 -0.1410158E+01 -0.1591194E+01 -0.1682284E+01
 0.3400000E+01  0.6021392E+01  0.4466767E+01  0.3150010E+01  0.2039287E+01  0.1107983E+01  0.3340441E+00 -0.3005782E+00 -0.8103827E+00 -0.1206694E+01 -0.1497963E+01 -0.1690003E+01 -0.1786170E+01
 0.3600000E+01  0.6366120E+01  0.4723768E+01  0.3332076E+01  0.2157643E+01  0.1172532E+01  0.3535870E+00 -0.3181394E+00 -0.8578603E+00 -0.1277441E+01 -0.1585710E+01 -0.1788699E+01 -0.1889829E+01
 0.3800000E+01  0.6709230E+01  0.4979787E+01  0.3513590E+01  0.2275725E+01  0.1236974E+01  0.3731123E+00 -0.3356794E+00 -0.9053049E+00 -0.1348149E+01 -0.1673395E+01 -0.1887274E+01 -0.1993249E+01
 0.4000000E+01  0.7050638E+01  0.5234770E+01  0.3694520E+01  0.2393517E+01  0.1301302E+01  0.3926190E+00 -0.3531969E+00 -0.9527143E+00 -0.1418815E+01 -0.1761016E+01 -0.1985724E+01 -0.2096421E+01
 0.4200000E+01  0.7390257E+01  0.5488664E+01  0.3874839E+01  0.2511005E+01  0.1365512E+01  0.4121063E+00 -0.3706905E+00 -0.1000087E+01 -0.1489437E+01 -0.1848570E+01 -0.2084045E+01 -0.2199335E+01
 0.4400000E+01  0.7728006E+01  0.5741419E+01  0.4054515E+01  0.2628173E+01  0.1429597E+01  0.4315732E+00 -0.3881587E+00 -0.1047419E+01 -0.1560012E+01 -0.1936055E+01 -0.2182233E+01 -0.2301984E+01
 0.4600000E+01  0.8063804E+01  0.5992983E+01  0.4233519E+01  0.2745007E+01  0.1493551E+01  0.4510188E+00 -0.4056000E+00 -0.1094711E+01 -0.1630540E+01 -0.2023469E+01 -0.2280284E+01 -0.2404360E+01
 0.4800000E+01  0.8397572E+01  0.6243308E+01  0.4411823E+01  0.2861491E+01  0.1557368E+01  0.4704421E+00 -0.4230127E+00 -0.1141958E+01 -0.1701017E+01 -0.2110809E+01 -0.2378195E+01 -0.2506459E+01
 0.5000000E+01  0.8729233E+01  0.6492343E+01  0.4589397E+01  0.2977609E+01  0.1621042E+01  0.4898422E+00 -0.4403952E+00 -0.1189158E+01 -0.1771441E+01 -0.2198074E+01 -0.2475967E+01 -0.2608278E+01
 0.5200000E+01  0.9058713E+01  0.6740042E+01  0.4766213E+01  0.3093348E+01  0.1684565E+01  0.5092180E+00 -0.4577458E+00 -0.1236310E+01 -0.1841810E+01 -0.2285262E+01 -0.2573596E+01 -0.2709815E+01
 0.5400000E+01  0.9385942E+01  0.6986359E+01  0.4942242E+01  0.3208691E+01  0.1747932E+01  0.5285683E+00 -0.4750627E+00 -0.1283409E+01 -0.1912121E+01 -0.2372373E+01 -0.2671084E+01 -0.2811073E+01
 0.5600000E+01  0.9710851E+01  0.7231247E+01  0.5117458E+01  0.3323623E+01  0.1811136E+01  0.5478921E+00 -0.4923439E+00 -0.1330453E+01 -0.1982372E+01 -0.2459404E+01 -0.2768432E+01 -0.2912053E+01
 0.5800000E+01  0.1003337E+02  0.7474664E+01  0.5291832E+01  0.3438130E+01  0.1874171E+01  0.5671882E+00 -0.5095875E+00 -0.1377439E+01 -0.2052560E+01 -0.2546355E+01 -0.2865641E+01 -0.3012762E+01
 0.6000000E+01  0.1035345E+02  0.7716566E+01  0.5465338E+01  0.3552195E+01  0.1937028E+01  0.5864551E+00 -0.5267915E+00 -0.1424363E+01 -0.2122682E+01 -0.2633226E+01 -0.2962715E+01 -0.3113207E+01
 0.6200000E+01  0.1067102E+02  0.7956914E+01  0.5637949E+01  0.3665804E+01  0.1999702E+01  0.6056917E+00 -0.5439537E+00 -0.1471222E+01 -0.2192735E+01 -0.2720015E+01 -0.3059657E+01 -0.3213399E+01
 0.6400000E+01  0.1098603E+02  0.8195668E+01  0.5809639E+01  0.3778941E+01  0.2062185E+01  0.6248965E+00 -0.5610720E+00 -0.1518012E+01 -0.2262716E+01 -0.2806724E+01 -0.3156473E+01 -0.3313350E+01
 0.6600000E+01  0.1129843E+02  0.8432791E+01  0.5980383E+01  0.3891590E+01  0.2124469E+01  0.6440680E+00 -0.5781441E+00 -0.1564730E+01 -0.2332622E+01 -0.2893352E+01 -0.3253169E+01 -0.3413075E+01
 0.6800000E+01  0.1160817E+02  0.8668246E+01  0.6150157E+01  0.4003737E+01  0.2186548E+01  0.6632046E+00 -0.5951677E+00 -0.1611371E+01 -0.2402450E+01 -0.2979898E+01 -0.3349752E+01 -0.3512593E+01
 0.7000000E+01  0.1191520E+02  0.8901999E+01  0.6318935E+01  0.4115367E+01  0.2248413E+01  0.6823048E+00 -0.6121403E+00 -0.1657931E+01 -0.2472197E+01 -0.3066365E+01 -0.3446230E+01 -0.3611922E+01
 0.7200000E+01  0.1221948E+02  0.9134017E+01  0.6486693E+01  0.4226463E+01  0.2310057E+01  0.7013668E+00 -0.6290595E+00 -0.1704406E+01 -0.2541858E+01 -0.3152751E+01 -0.3542612E+01 -0.3711086E+01
 0.7400000E+01  0.1252098E+02  0.9364269E+01  0.6653409E+01  0.4337011E+01  0.2371472E+01  0.7203888E+00 -0.6459228E+00 -0.1750792E+01 -0.2611431E+01 -0.3239059E+01 -0.3638906E+01 -0.3810107E+01
 0.7600000E+01  0.1281967E+02  0.9592724E+01  0.6819060E+01  0.4446995E+01  0.2432650E+01  0.7393690E+00 -0.6627276E+00 -0.1797082E+01 -0.2680910E+01 -0.3325288E+01 -0.3735125E+01 -0.3909012E+01
 0.7800000E+01  0.1311550E+02  0.9819355E+01  0.6983622E+01  0.4556401E+01  0.2493583E+01  0.7583056E+00 -0.6794713E+00 -0.1843274E+01 -0.2750293E+01 -0.3411440E+01 -0.3831277E+01 -0.4007827E+01
 0.8000000E+01  0.1340845E+02  0.1004413E+02  0.7147074E+01  0.4665213E+01  0.2554262E+01  0.7771965E+00 -0.6961512E+00 -0.1889361E+01 -0.2819576E+01 -0.3497516E+01 -0.3927375E+01 -0.4106582E+01
 0.8200000E+01  0.1369849E+02  0.1026703E+02  0.7309395E+01  0.4773415E+01  0.2614681E+01  0.7960399E+00 -0.7127647E+00 -0.1935340E+01 -0.2888753E+01 -0.3583516E+01 -0.4023431E+01 -0.4205305E+01
 0.8400000E+01  0.1398560E+02  0.1048803E+02  0.7470562E+01  0.4880994E+01  0.2674830E+01  0.8148337E+00 -0.7293091E+00 -0.1981204E+01 -0.2957822E+01 -0.3669442E+01 -0.4119455E+01 -0.4304027E+01
 0.8600000E+01  0.1426975E+02  0.1070710E+02  0.7630557E+01  0.4987934E+01  0.2734701E+01  0.8335758E+00 -0.7457818E+00 -0.2026949E+01 -0.3026777E+01 -0.3755294E+01 -0.4215459E+01 -0.4402777E+01
 0.8800000E+01  0.1455092E+02  0.1092421E+02  0.7789357E+01  0.5094221E+01  0.2794286E+01  0.8522643E+00 -0.7621799E+00 -0.2072569E+01 -0.3095615E+01 -0.3841073E+01 -0.4311456E+01 -0.4501585E+01
 0.9000000E+01  0.1482910E+02  0.1113935E+02  0.7946942E+01  0.5199840E+01  0.2853578E+01  0.8708971E+00 -0.7785010E+00 -0.2118060E+01 -0.3164330E+01 -0.3926780E+01 -0.4407455E+01 -0.4600480E+01
 0.9200000E+01  0.1510425E+02  0.1135249E+02  0.8103294E+01  0.5304776E+01  0.2912568E+01  0.8894723E+00 -0.7947423E+00 -0.2163417E+01 -0.3232919E+01 -0.4012415E+01 -0.4503468E+01 -0.4699491E+01
 0.9400000E+01  0.1537636E+02  0.1156361E+02  0.8258392E+01  0.5409016E+01  0.2971247E+01  0.9079878E+00 -0.8109012E+00 -0.2208633E+01 -0.3301378E+01 -0.4097977E+01 -0.4599504E+01 -0.4798643E+01
 0.9600000E+01  0.1564540E+02  0.1177269E+02  0.8412216E+01  0.5512545E+01  0.3029610E+01  0.9264418E+00 -0.8269753E+00 -0.2253706E+01 -0.3369700E+01 -0.4183467E+01 -0.4695572E+01 -0.4897961E+01
 0.9800000E+01  0.1591136E+02  0.1197970E+02  0.8564747E+01  0.5615350E+01  0.3087647E+01  0.9448324E+00 -0.8429620E+00 -0.2298629E+01 -0.3437883E+01 -0.4268884E+01 -0.4791680E+01 -0.4997467E+01
 0.1000000E+02  0.1617420E+02  0.1218461E+02  0.8715966E+01  0.5717417E+01  0.3145352E+01  0.9631578E+00 -0.8588589E+00 -0.2343399E+01 -0.3505923E+01 -0.4354228E+01 -0.4887835E+01 -0.5097181E+01
 0.1020000E+02  0.1643391E+02  0.1238742E+02  0.8865852E+01  0.5818733E+01  0.3202717E+01  0.9814165E+00 -0.8746637E+00 -0.2388010E+01 -0.3573813E+01 -0.4439496E+01 -0.4984042E+01 -0.5197118E+01
 0.1040000E+02  0.1669045E+02  0.1258808E+02  0.9014388E+01  0.5919285E+01  0.3259737E+01  0.9996068E+00 -0.8903741E+00 -0.2432458E+01 -0.3641552E+01 -0.4524688E+01 -0.5080304E+01 -0.5297292E+01
 0.1060000E+02  0.1694380E+02  0.1278658E+02  0.9161553E+01  0.6019060E+01  0.3316404E+01  0.1017727E+01 -0.9059881E+00 -0.2476741E+01 -0.3709133E+01 -0.4609801E+01 -0.5176624E+01 -0.5397711E+01
 0.1080000E+02  0.1719392E+02  0.1298288E+02  0.9307327E+01  0.6118045E+01  0.3372712E+01  0.1035777E+01 -0.9215036E+00 -0.2520852E+01 -0.3776555E+01 -0.4694833E+01 -0.5273002E+01 -0.5498380E+01
 0.1100000E+02  0.1744078E+02  0.1317696E+02  0.9451692E+01  0.6216230E+01  0.3428656E+01  0.1053755E+01 -0.9369187E+00 -0.2564791E+01 -0.3843812E+01 -0.4779781E+01 -0.5369436E+01 -0.5599300E+01
 0.1120000E+02  0.1768433E+02  0.1336880E+02  0.9594628E+01  0.6313603E+01  0.3484230E+01  0.1071659E+01 -0.9522315E+00 -0.2608552E+01 -0.3910901E+01 -0.4864640E+01 -0.5465923E+01 -0.5700465E+01
 0.1140000E+02  0.1792454E+02  0.1355835E+02  0.9736114E+01  0.6410151E+01  0.3539429E+01  0.1089490E+01 -0.9674405E+00 -0.2652134E+01 -0.3977820E+01 -0.4949408E+01 -0.5562457E+01 -0.5801868E+01
 0.1160000E+02  0.1816136E+02  0.1374559E+02  0.9876131E+01  0.6505864E+01  0.3594249E+01  0.1107246E+01 -0.9825440E+00 -0.2695533E+01 -0.4044564E+01 -0.5034079E+01 -0.5659031E+01 -0.5903493E+01
 0.1180000E+02  0.1839474E+02  0.1393049E+02  0.1001466E+02  0.6600733E+01  0.3648686E+01  0.1124928E+01 -0.9975408E+00 -0.2738749E+01 -0.4111131E+01 -0.5118649E+01 -0.5755634E+01 -0.6005321E+01
 0.1200000E+02  0.1862463E+02  0.1411301E+02  0.1015168E+02  0.6694746E+01  0.3702736E+01  0.1142535E+01 -0.1012429E+01 -0.2781778E+01 -0.4177517E+01 -0.5203111E+01 -0.5852254E+01 -0.6107330E+01
 0.1220000E+02  0.1885097E+02  0.1429312E+02  0.1028717E+02  0.6787894E+01  0.3756395E+01  0.1160066E+01 -0.1027209E+01 -0.2824619E+01 -0.4243722E+01 -0.5287461E+01 -0.5948879E+01 -0.6209488E+01
 0.1240000E+02  0.1907371E+02  0.1447078E+02  0.1042111E+02  0.6880169E+01  0.3809662E+01  0.1177524E+01 -0.1041878E+01 -0.2867271E+01 -0.4309741E+01 -0.5371691E+01 -0.6045491E+01 -0.6311763E+01
 0.1260000E+02  0.1929279E+02  0.1464595E+02  0.1055348E+02  0.6971561E+01  0.3862535E+01  0.1194907E+01 -0.1056436E+01 -0.2909735E+01 -0.4375574E+01 -0.5455794E+01 -0.6142072E+01 -0.6414114E+01
 0.1280000E+02  0.1950814E+02  0.1481860E+02  0.1068426E+02  0.7062063E+01  0.3915010E+01  0.1212217E+01 -0.1070882E+01 -0.2952008E+01 -0.4441217E+01 -0.5539764E+01 -0.6238602E+01 -0.6516498E+01
 0.1300000E+02  0.1971970E+02  0.1498868E+02  0.1081344E+02  0.7151666E+01  0.3967088E+01  0.1229454E+01 -0.1085216E+01 -0.2994091E+01 -0.4506671E+01 -0.5623592E+01 -0.6335060E+01 -0.6618864E+01
 0.1320000E+02  0.1992740E+02  0.1515615E+02  0.1094098E+02  0.7240364E+01  0.4018767E+01  0.1246619E+01 -0.1099437E+01 -0.3035985E+01 -0.4571933E+01 -0.5707271E+01 -0.6431420E+01 -0.6721160E+01
 0.1340000E+02  0.2013117E+02  0.1532099E+02  0.1106688E+02  0.7328150E+01  0.4070047E+01  0.1263715E+01 -0.1113545E+01 -0.3077689E+01 -0.4637003E+01 -0.5790791E+01 -0.6527658E+01 -0.6823328E+01
 0.1360000E+02  0.2033095E+02  0.1548314E+02  0.1119111E+02  0.7415018E+01  0.4120929E+01  0.1280741E+01 -0.1127540E+01 -0.3119206E+01 -0.4701879E+01 -0.5874143E+01 -0.6623745E+01 -0.6925303E+01
 0.1380000E+02  0.2052666E+02  0.1564256E+02  0.1131365E+02  0.7500963E+01  0.4171412E+01  0.1297700E+01 -0.1141420E+01 -0.3160536E+01 -0.4766561E+01 -0.5957320E+01 -0.6719654E+01 -0.7027020E+01
 0.1400000E+02  0.2071823E+02  0.1579923E+02  0.1143449E+02  0.7585979E+01  0.4221497E+01  0.1314594E+01 -0.1155188E+01 -0.3201680E+01 -0.4831049E+01 -0.6040310E+01 -0.6815352E+01 -0.7128408E+01
 0.1420000E+02  0.2090560E+02  0.1595309E+02  0.1155361E+02  0.7670063E+01  0.4271187E+01  0.1331424E+01 -0.1168842E+01 -0.3242640E+01 -0.4895342E+01 -0.6123105E+01 -0.6910808E+01 -0.7229392E+01
 0.1440000E+02  0.2108869E+02  0.1610411E+02  0.1167099E+02  0.7753210E+01  0.4320482E+01  0.1348192E+01 -0.1182382E+01 -0.3283419E+01 -0.4959441E+01 -0.6205695E+01 -0.7005990E+01 -0.7329894E+01
 0.1460000E+02  0.2126745E+02  0.1625225E+02  0.1178662E+02  0.7835417E+01  0.4369385E+01  0.1364900E+01 -0.1195810E+01 -0.3324019E+01 -0.5023345E+01 -0.6288069E+01 -0.7100862E+01 -0.7429832E+01
 0.1480000E+02  0.2144180E+02  0.1639748E+02  0.1190047E+02  0.7916681E+01  0.4417897E+01  0.1381552E+01 -0.1209125E+01 -0.3364442E+01 -0.5087055E+01 -0.6370218E+01 -0.7195390E+01 -0.7529122E+01
 0.1500000E+02  0.2161169E+02  0.1653977E+02  0.1201255E+02  0.7997001E+01  0.4466023E+01  0.1398148E+01 -0.1222329E+01 -0.3404690E+01 -0.5150571E+01 -0.6452131E+01 -0.7289537E+01 -0.7627677E+01
 0.1520000E+02  0.2177706E+02  0.1667907E+02  0.1212283E+02  0.8076376E+01  0.4513764E+01  0.1414691E+01 -0.1235421E+01 -0.3444766E+01 -0.5213894E+01 -0.6533798E+01 -0.7383267E+01 -0.7725405E+01
 0.1540000E+02  0.2193785E+02  0.1681537E+02  0.1223131E+02  0.8154804E+01  0.4561123E+01  0.1431183E+01 -0.1248403E+01 -0.3484673E+01 -0.5277025E+01 -0.6615207E+01 -0.7476541E+01 -0.7822216E+01
 0.1560000E+02  0.2209402E+02  0.1694864E+02  0.1233797E+02  0.8232285E+01  0.4608105E+01  0.1447627E+01 -0.1261274E+01 -0.3524415E+01 -0.5339964E+01 -0.6696350E+01 -0.7569322E+01 -0.7918013E+01
 0.1580000E+02  0.2224551E+02  0.1707885E+02  0.1244281E+02  0.8308820E+01  0.4654712E+01  0.1464026E+01 -0.1274037E+01 -0.3563993E+01 -0.5402712E+01 -0.6777216E+01 -0.7661571E+01 -0.8012699E+01
 0.1600000E+02  0.2239231E+02  0.1720598E+02  0.1254581E+02  0.8384411E+01  0.4700948E+01  0.1480380E+01 -0.1286691E+01 -0.3603412E+01 -0.5465270E+01 -0.6857793E+01 -0.7753250E+01 -0.8106176E+01
 0.1620000E+02  0.2253436E+02  0.1733001E+02  0.1264698E+02  0.8459058E+01  0.4746818E+01  0.1496693E+01 -0.1299238E+01 -0.3642673E+01 -0.5527639E+01 -0.6938072E+01 -0.7844319E+01 -0.8198343E+01
 0.1640000E+02  0.2267165E+02  0.1745094E+02  0.1274631E+02  0.8532765E+01  0.4792325E+01  0.1512967E+01 -0.1311678E+01 -0.3681781E+01 -0.5589820E+01 -0.7018043E+01 -0.7934738E+01 -0.8289096E+01
 0.1660000E+02  0.2280415E+02  0.1756874E+02  0.1284380E+02  0.8605535E+01  0.4837473E+01  0.1529203E+01 -0.1324014E+01 -0.3720738E+01 -0.5651814E+01 -0.7097695E+01 -0.8024470E+01 -0.8378333E+01
 0.1680000E+02  0.2293185E+02  0.1768343E+02  0.1293944E+02  0.8677371E+01  0.4882267E+01  0.1545404E+01 -0.1336245E+01 -0.3759547E+01 -0.5713622E+01 -0.7177019E+01 -0.8113474E+01 -0.8465948E+01
 0.1700000E+02  0.2305476E+02  0.1779498E+02  0.1303325E+02  0.8748278E+01  0.4926710E+01  0.1561572E+01 -0.1348373E+01 -0.3798211E+01 -0.5775245E+01 -0.7256005E+01 -0.8201711E+01 -0.8551834E+01
 0.1720000E+02  0.2317286E+02  0.1790341E+02  0.1312522E+02  0.8818261E+01  0.4970807E+01  0.1577709E+01 -0.1360399E+01 -0.3836734E+01 -0.5836684E+01 -0.7334643E+01 -0.8289143E+01 -0.8635883E+01
 0.1740000E+02  0.2328617E+02  0.1800871E+02  0.1321536E+02  0.8887326E+01  0.5014563E+01  0.1593816E+01 -0.1372325E+01 -0.3875119E+01 -0.5897940E+01 -0.7412924E+01 -0.8375732E+01 -0.8717987E+01
 0.1760000E+02  0.2339471E+02  0.1811091E+02  0.1330368E+02  0.8955479E+01  0.5057982E+01  0.1609895E+01 -0.1384151E+01 -0.3913367E+01 -0.5959014E+01 -0.7490839E+01 -0.8461438E+01 -0.8798035E+01
 0.1780000E+02  0.2349850E+02  0.1821001E+02  0.1339019E+02  0.9022727E+01  0.5101067E+01  0.1625947E+01 -0.1395879E+01 -0.3951482E+01 -0.6019907E+01 -0.7568380E+01 -0.8546224E+01 -0.8875916E+01
 0.1800000E+02  0.2359757E+02  0.1830602E+02  0.1347489E+02  0.9089078E+01  0.5143825E+01  0.1641975E+01 -0.1407509E+01 -0.3989466E+01 -0.6080621E+01 -0.7645538E+01 -0.8630054E+01 -0.8951518E+01
 0.1820000E+02  0.2369196E+02  0.1839898E+02  0.1355780E+02  0.9154539E+01  0.5186259E+01  0.1657979E+01 -0.1419044E+01 -0.4027323E+01 -0.6141156E+01 -0.7722304E+01 -0.8712888E+01 -0.9024729E+01
 0.1840000E+02  0.2378172E+02  0.1848891E+02  0.1363894E+02  0.9219119E+01  0.5228375E+01  0.1673962E+01 -0.1430484E+01 -0.4065055E+01 -0.6201513E+01 -0.7798672E+01 -0.8794693E+01 -0.9095432E+01
 0.1860000E+02  0.2386688E+02  0.1857583E+02  0.1371832E+02  0.9282827E+01  0.5270176E+01  0.1689924E+01 -0.1441829E+01 -0.4102663E+01 -0.6261695E+01 -0.7874634E+01 -0.8875431E+01 -0.9163515E+01
 0.1880000E+02  0.2394752E+02  0.1865977E+02  0.1379596E+02  0.9345673E+01  0.5311667E+01  0.1705866E+01 -0.1453083E+01 -0.4140151E+01 -0.6321702E+01 -0.7950184E+01 -0.8955067E+01 -0.9228859E+01
 0.1900000E+02  0.2402369E+02  0.1874078E+02  0.1387188E+02  0.9407666E+01  0.5352854E+01  0.1721791E+01 -0.1464244E+01 -0.4177521E+01 -0.6381535E+01 -0.8025315E+01 -0.9033568E+01 -0.9291347E+01
 0.1920000E+02  0.2409546E+02  0.1881888E+02  0.1394609E+02  0.9468818E+01  0.5393740E+01  0.1737700E+01 -0.1475314E+01 -0.4214775E+01 -0.6441197E+01 -0.8100021E+01 -0.9110899E+01 -0.9350860E+01
 0.1940000E+02  0.2416291E+02  0.1889412E+02  0.1401862E+02  0.9529139E+01  0.5434332E+01  0.1753593E+01 -0.1486294E+01 -0.4251915E+01 -0.6500688E+01 -0.8174297E+01 -0.9187027E+01 -0.9407277E+01
 0.1960000E+02  0.2422610E+02  0.1896654E+02  0.1408949E+02  0.9588641E+01  0.5474633E+01  0.1769473E+01 -0.1497185E+01 -0.4288943E+01 -0.6560011E+01 -0.8248139E+01 -0.9261919E+01 -0.9460477E+01
 0.1980000E+02  0.2428511E+02  0.1903618E+02  0.1415873E+02  0.9647334E+01  0.5514650E+01  0.1785341E+01 -0.1507987E+01 -0.4325860E+01 -0.6619167E+01 -0.8321542E+01 -0.9335544E+01 -0.9510336E+01
 0.2000000E+02  0.2434004E+02  0.1910309E+02  0.1422636E+02  0.9705231E+01  0.5554386E+01  0.1801198E+01 -0.1518700E+01 -0.4362670E+01 -0.6678159E+01 -0.8394503E+01 -0.9407871E+01 -0.9556727E+01
 0.2020000E+02  0.2439095E+02  0.1916732E+02  0.1429240E+02  0.9762344E+01  0.5593849E+01  0.1817047E+01 -0.1529325E+01 -0.4399373E+01 -0.6736988E+01 -0.8467020E+01 -0.9478870E+01 -0.9599524E+01
 0.2040000E+02  0.2443795E+02  0.1922891E+02  0.1435687E+02  0.9818685E+01  0.5633043E+01  0.1832888E+01 -0.1539863E+01 -0.4435971E+01 -0.6795658E+01 -0.8539090E+01 -0.9548511E+01 -0.9638596E+01
 0.2060000E+02  0.2448112E+02  0.1928791E+02  0.1441982E+02  0.9874268E+01  0.5671973E+01  0.1848725E+01 -0.1550312E+01 -0.4472466E+01 -0.6854171E+01 -0.8610712E+01 -0.9616766E+01 -0.9673811E+01
 0.2080000E+02  0.2452054E+02  0.1934438E+02  0.1448125E+02  0.9929104E+01  0.5710646E+01  0.1864560E+01 -0.1560673E+01 -0.4508859E+01 -0.6912530E+01 -0.8681885E+01 -0.9683606E+01 -0.9705034E+01
 0.2100000E+02  0.2455632E+02  0.1939836E+02  0.1454120E+02  0.9983208E+01  0.5749067E+01  0.1880394E+01 -0.1570945E+01 -0.4545152E+01 -0.6970737E+01 -0.8752610E+01 -0.9749006E+01 -0.9732126E+01
 0.2120000E+02  0.2458853E+02  0.1944992E+02  0.1459970E+02  0.1003659E+02  0.5787242E+01  0.1896230E+01 -0.1581128E+01 -0.4581345E+01 -0.7028797E+01 -0.8822886E+01 -0.9812937E+01 -0.9754947E+01
 0.2140000E+02  0.2461728E+02  0.1949909E+02  0.1465677E+02  0.1008927E+02  0.5825179E+01  0.1912071E+01 -0.1591221E+01 -0.4617441E+01 -0.7086712E+01 -0.8892717E+01 -0.9875376E+01 -0.9773352E+01
 0.2160000E+02  0.2464266E+02  0.1954593E+02  0.1471244E+02  0.1014125E+02  0.5862882E+01  0.1927920E+01 -0.1601224E+01 -0.4653440E+01 -0.7144487E+01 -0.8962104E+01 -0.9936298E+01 -0.9787193E+01
 0.2180000E+02  0.2466475E+02  0.1959050E+02  0.1476673E+02  0.1019256E+02  0.5900359E+01  0.1943780E+01 -0.1611134E+01 -0.4689343E+01 -0.7202126E+01 -0.9031051E+01 -0.9995679E+01 -0.9796318E+01
 0.2200000E+02  0.2468366E+02  0.1963285E+02  0.1481969E+02  0.1024320E+02  0.5937616E+01  0.1959655E+01 -0.1620950E+01 -0.4725151E+01 -0.7259632E+01 -0.9099562E+01 -0.1005350E+02 -0.9800570E+01
 0.2220000E+02  0.2469946E+02  0.1967302E+02  0.1487132E+02  0.1029319E+02  0.5974661E+01  0.1975548E+01 -0.1630671E+01 -0.4760865E+01 -0.7317010E+01 -0.9167641E+01 -0.1010973E+02 -0.9799787E+01
 0.2240000E+02  0.2471226E+02  0.1971107E+02  0.1492167E+02  0.1034255E+02  0.6011500E+01  0.1991462E+01 -0.1640295E+01 -0.4796485E+01 -0.7374265E+01 -0.9235294E+01 -0.1016435E+02 -0.9793804E+01
 0.2260000E+02  0.2472214E+02  0.1974705E+02  0.1497076E+02  0.1039128E+02  0.6048142E+01  0.2007403E+01 -0.1649820E+01 -0.4832012E+01 -0.7431402E+01 -0.9302529E+01 -0.1021735E+02 -0.9782449E+01
 0.2280000E+02  0.2472918E+02  0.1978102E+02  0.1501861E+02  0.1043940E+02  0.6084592E+01  0.2023374E+01 -0.1659242E+01 -0.4867447E+01 -0.7488426E+01 -0.9369353E+01 -0.1026871E+02 -0.9765546E+01
 0.2300000E+02  0.2473349E+02  0.1981302E+02  0.1506526E+02  0.1048693E+02  0.6120860E+01  0.2039381E+01 -0.1668561E+01 -0.4902789E+01 -0.7545342E+01 -0.9435775E+01 -0.1031840E+02 -0.9742911E+01
 0.2320000E+02  0.2473514E+02  0.1984311E+02  0.1511073E+02  0.1053388E+02  0.6156953E+01  0.2055427E+01 -0.1677772E+01 -0.4938038E+01 -0.7602155E+01 -0.9501803E+01 -0.1036641E+02 -0.9714356E+01
 0.2340000E+02  0.2473422E+02  0.1987133E+02  0.1515505E+02  0.1058026E+02  0.6192880E+01  0.2071519E+01 -0.1686872E+01 -0.4973195E+01 -0.7658872E+01 -0.9567448E+01 -0.1041273E+02 -0.9679684E+01
 0.2360000E+02  0.2473082E+02  0.1989774E+02  0.1519824E+02  0.1062610E+02  0.6228648E+01  0.2087661E+01 -0.1695858E+01 -0.5008259E+01 -0.7715498E+01 -0.9632722E+01 -0.1045734E+02 -0.9638693E+01
 0.2380000E+02  0.2472502E+02  0.1992238E+02  0.1524035E+02  0.1067140E+02  0.6264267E+01  0.2103860E+01 -0.1704726E+01 -0.5043229E+01 -0.7772040E+01 -0.9697638E+01 -0.1050022E+02 -0.9591173E+01
 0.2400000E+02  0.2471691E+02  0.1994531E+02  0.1528138E+02  0.1071618E+02  0.6299745E+01  0.2120121E+01 -0.1713471E+01 -0.5078105E+01 -0.7828502E+01 -0.9762208E+01 -0.1054138E+02 -0.9536908E+01
 0.2420000E+02  0.2470657E+02  0.1996657E+02  0.1532138E+02  0.1076046E+02  0.6335091E+01  0.2136451E+01 -0.1722090E+01 -0.5112885E+01 -0.7884892E+01 -0.9826447E+01 -0.1058080E+02 -0.9475672E+01
 0.2440000E+02  0.2469407E+02  0.1998622E+02  0.1536036E+02  0.1080425E+02  0.6370315E+01  0.2152856E+01 -0.1730578E+01 -0.5147569E+01 -0.7941215E+01 -0.9890371E+01 -0.1061846E+02 -0.9407234E+01
 0.2460000E+02  0.2467951E+02  0.2000430E+02  0.1539836E+02  0.1084756E+02  0.6405425E+01  0.2169344E+01 -0.1738929E+01 -0.5182154E+01 -0.7997478E+01 -0.9953996E+01 -0.1065438E+02 -0.9331354E+01
 0.2480000E+02  0.2466296E+02  0.2002085E+02  0.1543540E+02  0.1089041E+02  0.6440432E+01  0.2185921E+01 -0.1747137E+01 -0.5216638E+01 -0.8053687E+01 -0.1001734E+02 -0.1068854E+02 -0.9247786E+01
 0.2500000E+02  0.2464451E+02  0.2003594E+02  0.1547151E+02  0.1093282E+02  0.6475345E+01  0.2202594E+01 -0.1755198E+01 -0.5251019E+01 -0.8109847E+01 -0.1008042E+02 -0.1072096E+02 -0.9156277E+01
 0.2520000E+02  0.2462424E+02  0.2004960E+02  0.1550672E+02  0.1097481E+02  0.6510174E+01  0.2219373E+01 -0.1763104E+01 -0.5285295E+01 -0.8165966E+01 -0.1014326E+02 -0.1075162E+02 -0.9056567E+01
 0.2540000E+02  0.2460222E+02  0.2006189E+02  0.1554105E+02  0.1101638E+02  0.6544928E+01  0.2236263E+01 -0.1770850E+01 -0.5319460E+01 -0.8222049E+01 -0.1020589E+02 -0.1078054E+02 -0.8948394E+01
 0.2560000E+02  0.2457854E+02  0.2007286E+02  0.1557453E+02  0.1105755E+02  0.6579617E+01  0.2253274E+01 -0.1778426E+01 -0.5353513E+01 -0.8278100E+01 -0.1026831E+02 -0.1080774E+02 -0.8831489E+01
 0.2580000E+02  0.2455329E+02  0.2008255E+02  0.1560720E+02  0.1109834E+02  0.6614252E+01  0.2270414E+01 -0.1785827E+01 -0.5387447E+01 -0.8334126E+01 -0.1033056E+02 -0.1083322E+02 -0.8705586E+01
 0.2600000E+02  0.2452654E+02  0.2009102E+02  0.1563907E+02  0.1113876E+02  0.6648842E+01  0.2287692E+01 -0.1793044E+01 -0.5421257E+01 -0.8390130E+01 -0.1039266E+02 -0.1085703E+02 -0.8570418E+01
 0.2620000E+02  0.2449839E+02  0.2009832E+02  0.1567018E+02  0.1117883E+02  0.6683396E+01  0.2305115E+01 -0.1800068E+01 -0.5454938E+01 -0.8446115E+01 -0.1045463E+02 -0.1087918E+02 -0.8425724E+01
 0.2640000E+02  0.2446892E+02  0.2010450E+02  0.1570055E+02  0.1121856E+02  0.6717923E+01  0.2322692E+01 -0.1806890E+01 -0.5488481E+01 -0.8502086E+01 -0.1051651E+02 -0.1089972E+02 -0.8271256E+01
 0.2660000E+02  0.2443823E+02  0.2010961E+02  0.1573022E+02  0.1125797E+02  0.6752432E+01  0.2340433E+01 -0.1813500E+01 -0.5521879E+01 -0.8558042E+01 -0.1057833E+02 -0.1091869E+02 -0.8106778E+01
 0.2680000E+02  0.2440641E+02  0.2011371E+02  0.1575920E+02  0.1129706E+02  0.6786930E+01  0.2358346E+01 -0.1819888E+01 -0.5555122E+01 -0.8613985E+01 -0.1064010E+02 -0.1093616E+02 -0.7932084E+01
 0.2700000E+02  0.2437356E+02  0.2011686E+02  0.1578753E+02  0.1133585E+02  0.6821425E+01  0.2376437E+01 -0.1826043E+01 -0.5588198E+01 -0.8669913E+01 -0.1070186E+02 -0.1095220E+02 -0.7747000E+01
 0.2720000E+02  0.2433979E+02  0.2011911E+02  0.1581524E+02  0.1137436E+02  0.6855922E+01  0.2394717E+01 -0.1831953E+01 -0.5621096E+01 -0.8725823E+01 -0.1076365E+02 -0.1096689E+02 -0.7551401E+01
 0.2740000E+02  0.2430520E+02  0.2012054E+02  0.1584235E+02  0.1141258E+02  0.6890424E+01  0.2413191E+01 -0.1837605E+01 -0.5653800E+01 -0.8781707E+01 -0.1082549E+02 -0.1098035E+02 -0.7345229E+01
 0.2760000E+02  0.2426993E+02  0.2012120E+02  0.1586889E+02  0.1145053E+02  0.6924934E+01  0.2431865E+01 -0.1842987E+01 -0.5686293E+01 -0.8837558E+01 -0.1088742E+02 -0.1099270E+02 -0.7128510E+01
 0.2780000E+02  0.2423409E+02  0.2012117E+02  0.1589488E+02  0.1148821E+02  0.6959450E+01  0.2450746E+01 -0.1848084E+01 -0.5718557E+01 -0.8893363E+01 -0.1094946E+02 -0.1100409E+02 -0.6901384E+01
 0.2800000E+02  0.2419782E+02  0.2012051E+02  0.1592036E+02  0.1152562E+02  0.6993970E+01  0.2469836E+01 -0.1852881E+01 -0.5750568E+01 -0.8949104E+01 -0.1101165E+02 -0.1101471E+02 -0.6664137E+01
 0.2820000E+02  0.2416129E+02  0.2011931E+02  0.1594535E+02  0.1156276E+02  0.7028484E+01  0.2489136E+01 -0.1857364E+01 -0.5782300E+01 -0.9004760E+01 -0.1107401E+02 -0.1102477E+02 -0.6417242E+01
 0.2840000E+02  0.2412464E+02  0.2011766E+02  0.1596987E+02  0.1159962E+02  0.7062978E+01  0.2508647E+01 -0.1861515E+01 -0.5813724E+01 -0.9060301E+01 -0.1113658E+02 -0.1103452E+02 -0.6161412E+01
 0.2860000E+02  0.2408808E+02  0.2011564E+02  0.1599395E+02  0.1163618E+02  0.7097433E+01  0.2528362E+01 -0.1865316E+01 -0.5844803E+01 -0.9115693E+01 -0.1119938E+02 -0.1104426E+02 -0.5897665E+01
 0.2880000E+02  0.2405179E+02  0.2011335E+02  0.1601760E+02  0.1167242E+02  0.7131820E+01  0.2548272E+01 -0.1868750E+01 -0.5875496E+01 -0.9170889E+01 -0.1126243E+02 -0.1105436E+02 -0.5627399E+01
 0.2900000E+02  0.2401601E+02  0.2011090E+02  0.1604083E+02  0.1170831E+02  0.7166100E+01  0.2568362E+01 -0.1871797E+01 -0.5905755E+01 -0.9225832E+01 -0.1132575E+02 -0.1106523E+02 -0.5352488E+01
 0.2920000E+02  0.2398099E+02  0.2010842E+02  0.1606367E+02  0.1174381E+02  0.7200222E+01  0.2588610E+01 -0.1874437E+01 -0.5935522E+01 -0.9280453E+01 -0.1138934E+02 -0.1107737E+02 -0.5075395E+01
 0.2940000E+02  0.2394702E+02  0.2010602E+02  0.1608612E+02  0.1177885E+02  0.7234117E+01  0.2608982E+01 -0.1876650E+01 -0.5964731E+01 -0.9334664E+01 -0.1145320E+02 -0.1109136E+02 -0.4799293E+01
 0.2960000E+02  0.2391442E+02  0.2010387E+02  0.1610817E+02  0.1181335E+02  0.7267697E+01  0.2629434E+01 -0.1878416E+01 -0.5993301E+01 -0.9388358E+01 -0.1151733E+02 -0.1110788E+02 -0.4528201E+01
 0.2980000E+02  0.2388355E+02  0.2010211E+02  0.1612982E+02  0.1184722E+02  0.7300849E+01  0.2649904E+01 -0.1879713E+01 -0.6021136E+01 -0.9441403E+01 -0.1158170E+02 -0.1112770E+02 -0.4267110E+01
 0.3000000E+02  0.2385482E+02  0.2010092E+02  0.1615105E+02  0.1188032E+02  0.7333432E+01  0.2670313E+01 -0.1880524E+01 -0.6048125E+01 -0.9493640E+01 -0.1164626E+02 -0.1115171E+02 -0.4022079E+01
 0.3020000E+02  0.2382866E+02  0.2010049E+02  0.1617184E+02  0.1191249E+02  0.7365268E+01  0.2690554E+01 -0.1880833E+01 -0.6074132E+01 -0.9544872E+01 -0.1171094E+02 -0.1118091E+02 -0.3800235E+01
 0.3040000E+02  0.2380557E+02  0.2010104E+02  0.1619213E+02  0.1194355E+02  0.7396139E+01  0.2710493E+01 -0.1880628E+01 -0.6099001E+01 -0.9594867E+01 -0.1177567E+02 -0.1121636E+02 -0.3609625E+01
 0.3060000E+02  0.2378604E+02  0.2010277E+02  0.1621187E+02  0.1197327E+02  0.7425784E+01  0.2729961E+01 -0.1879906E+01 -0.6122548E+01 -0.9643347E+01 -0.1184032E+02 -0.1125916E+02 -0.3458778E+01
 0.3080000E+02  0.2377058E+02  0.2010590E+02  0.1623099E+02  0.1200139E+02  0.7453900E+01  0.2748751E+01 -0.1878673E+01 -0.6144564E+01 -0.9689994E+01 -0.1190477E+02 -0.1131038E+02 -0.3355878E+01
 0.3100000E+02  0.2375963E+02  0.2011062E+02  0.1624941E+02  0.1202763E+02  0.7480152E+01  0.2766624E+01 -0.1876953E+01 -0.6164824E+01 -0.9734450E+01 -0.1196884E+02 -0.1137090E+02 -0.3307457E+01
 0.3120000E+02  0.2375351E+02  0.2011707E+02  0.1626703E+02  0.1205172E+02  0.7504189E+01  0.2783311E+01 -0.1874787E+01 -0.6183093E+01 -0.9776341E+01 -0.1203238E+02 -0.1144130E+02 -0.3316663E+01
 0.3140000E+02  0.2375237E+02  0.2012531E+02  0.1628376E+02  0.1207340E+02  0.7525685E+01  0.2798540E+01 -0.1872241E+01 -0.6199157E+01 -0.9815298E+01 -0.1209520E+02 -0.1152168E+02 -0.3381484E+01
 0.3160000E+02  0.2375609E+02  0.2013531E+02  0.1629951E+02  0.1209250E+02  0.7544375E+01  0.2812064E+01 -0.1869401E+01 -0.6212849E+01 -0.9851009E+01 -0.1215717E+02 -0.1161157E+02 -0.3493627E+01
 0.3180000E+02  0.2376429E+02  0.2014688E+02  0.1631423E+02  0.1210893E+02  0.7560111E+01  0.2823699E+01 -0.1866371E+01 -0.6224086E+01 -0.9883264E+01 -0.1221814E+02 -0.1170992E+02 -0.3638867E+01
 0.3200000E+02  0.2377630E+02  0.2015975E+02  0.1632786E+02  0.1212273E+02  0.7572889E+01  0.2833358E+01 -0.1863259E+01 -0.6232896E+01 -0.9911994E+01 -0.1227802E+02 -0.1181522E+02 -0.3799272E+01
 0.3220000E+02  0.2379128E+02  0.2017355E+02  0.1634039E+02  0.1213407E+02  0.7582858E+01  0.2841071E+01 -0.1860165E+01 -0.6239420E+01 -0.9937293E+01 -0.1233673E+02 -0.1192582E+02 -0.3956676E+01
 0.3240000E+02  0.2380833E+02  0.2018785E+02  0.1635184E+02  0.1214318E+02  0.7590293E+01  0.2846975E+01 -0.1857164E+01 -0.6243899E+01 -0.9959401E+01 -0.1239424E+02 -0.1204009E+02 -0.4096077E+01
 0.3260000E+02  0.2382658E+02  0.2020228E+02  0.1636222E+02  0.1215037E+02  0.7595553E+01  0.2851290E+01 -0.1854304E+01 -0.6246629E+01 -0.9978661E+01 -0.1245052E+02 -0.1215667E+02 -0.4207659E+01
 0.3280000E+02  0.2384528E+02  0.2021647E+02  0.1637158E+02  0.1215593E+02  0.7599026E+01  0.2854279E+01 -0.1851602E+01 -0.6247929E+01 -0.9995470E+01 -0.1250556E+02 -0.1227450E+02 -0.4287084E+01
 0.3300000E+02  0.2386380E+02  0.2023014E+02  0.1637996E+02  0.1216018E+02  0.7601094E+01  0.2856220E+01 -0.1849048E+01 -0.6248098E+01 -0.1001023E+02 -0.1255936E+02 -0.1239283E+02 -0.4334499E+01
 0.3320000E+02  0.2388169E+02  0.2024308E+02  0.1638744E+02  0.1216336E+02  0.7602102E+01  0.2857380E+01 -0.1846612E+01 -0.6247398E+01 -0.1002332E+02 -0.1261195E+02 -0.1251114E+02 -0.4353053E+01
 0.3340000E+02  0.2389860E+02  0.2025513E+02  0.1639407E+02  0.1216571E+02  0.7602353E+01  0.2857997E+01 -0.1844254E+01 -0.6246047E+01 -0.1003507E+02 -0.1266335E+02 -0.1262911E+02 -0.4347494E+01
 0.3360000E+02  0.2391429E+02  0.2026621E+02  0.1639991E+02  0.1216743E+02  0.7602097E+01  0.2858280E+01 -0.1841924E+01 -0.6244215E+01 -0.1004576E+02 -0.1271360E+02 -0.1274649E+02 -0.4323116E+01
 0.3380000E+02  0.2392864E+02  0.2027626E+02  0.1640503E+02  0.1216867E+02  0.7601543E+01  0.2858402E+01 -0.1839571E+01 -0.6242028E+01 -0.1005561E+02 -0.1276274E+02 -0.1286316E+02 -0.4285094E+01
 0.3400000E+02  0.2394157E+02  0.2028529E+02  0.1640950E+02  0.1216957E+02  0.7600859E+01  0.2858508E+01 -0.1837147E+01 -0.6239580E+01 -0.1006480E+02 -0.1281081E+02 -0.1297899E+02 -0.4238117E+01
 0.3420000E+02  0.2395309E+02  0.2029330E+02  0.1641338E+02  0.1217024E+02  0.7600177E+01  0.2858710E+01 -0.1834608E+01 -0.6236934E+01 -0.1007348E+02 -0.1285784E+02 -0.1309391E+02 -0.4186222E+01
 0.3440000E+02  0.2396323E+02  0.2030036E+02  0.1641677E+02  0.1217079E+02  0.7599602E+01  0.2859099E+01 -0.1831917E+01 -0.6234137E+01 -0.1008175E+02 -0.1290387E+02 -0.1320786E+02 -0.4132758E+01
 0.3460000E+02  0.2397207E+02  0.2030654E+02  0.1641972E+02  0.1217128E+02  0.7599214E+01  0.2859738E+01 -0.1829045E+01 -0.6231216E+01 -0.1008968E+02 -0.1294892E+02 -0.1332078E+02 -0.4080415E+01
 0.3480000E+02  0.2397972E+02  0.2031193E+02  0.1642232E+02  0.1217180E+02  0.7599072E+01  0.2860672E+01 -0.1825976E+01 -0.6228193E+01 -0.1009732E+02 -0.1299301E+02 -0.1343263E+02 -0.4031285E+01
 0.3500000E+02  0.2398632E+02  0.2031664E+02  0.1642466E+02  0.1217239E+02  0.7599216E+01  0.2861923E+01 -0.1822703E+01 -0.6225084E+01 -0.1010470E+02 -0.1303614E+02 -0.1354335E+02 -0.3986938E+01
 0.3520000E+02  0.2399203E+02  0.2032078E+02  0.1642681E+02  0.1217312E+02  0.7599668E+01  0.2863497E+01 -0.1819233E+01 -0.6221906E+01 -0.1011186E+02 -0.1307832E+02 -0.1365290E+02 -0.3948492E+01
 0.3540000E+02  0.2399701E+02  0.2032448E+02  0.1642886E+02  0.1217401E+02  0.7600436E+01  0.2865381E+01 -0.1815587E+01 -0.6218678E+01 -0.1011879E+02 -0.1311952E+02 -0.1376124E+02 -0.3916692E+01
 0.3560000E+02  0.2400142E+02  0.2032787E+02  0.1643087E+02  0.1217510E+02  0.7601515E+01  0.2867548E+01 -0.1811798E+01 -0.6215421E+01 -0.1012549E+02 -0.1315972E+02 -0.1386829E+02 -0.3891968E+01
 0.3580000E+02  0.2400543E+02  0.2033105E+02  0.1643292E+02  0.1217640E+02  0.7602884E+01  0.2869956E+01 -0.1807909E+01 -0.6212164E+01 -0.1013197E+02 -0.1319890E+02 -0.1397402E+02 -0.3874497E+01
 0.3600000E+02  0.2400918E+02  0.2033413E+02  0.1643505E+02  0.1217792E+02  0.7604510E+01  0.2872550E+01 -0.1803978E+01 -0.6208941E+01 -0.1013823E+02 -0.1323699E+02 -0.1407834E+02 -0.3864257E+01
 0.3620000E+02  0.2401278E+02  0.2033720E+02  0.1643731E+02  0.1217966E+02  0.7606351E+01  0.2875268E+01 -0.1800065E+01 -0.6205789E+01 -0.1014424E+02 -0.1327396E+02 -0.1418120E+02 -0.3861070E+01
 0.3640000E+02  0.2401633E+02  0.2034031E+02  0.1643971E+02  0.1218158E+02  0.7608356E+01  0.2878041E+01 -0.1796236E+01 -0.6202744E+01 -0.1015002E+02 -0.1330975E+02 -0.1428253E+02 -0.3864645E+01
 0.3660000E+02  0.2401987E+02  0.2034349E+02  0.1644225E+02  0.1218367E+02  0.7610466E+01  0.2880801E+01 -0.1792553E+01 -0.6199845E+01 -0.1015553E+02 -0.1334431E+02 -0.1438224E+02 -0.3874619E+01
