 0.1000000E+00  0.1399998E+01
 0.2000000E+00  0.1399980E+01
 0.3000000E+00  0.1399948E+01
 0.4000000E+00  0.1399900E+01
 0.5000000E+00  0.1399836E+01
 0.6000000E+00  0.1399758E+01
 0.7000000E+00  0.1399664E+01
 0.8000000E+00  0.1399555E+01
 0.9000000E+00  0.1399431E+01
 0.1000000E+01  0.1399292E+01
 0.1100000E+01  0.1399137E+01
 0.1200000E+01  0.1398967E+01
 0.1300000E+01  0.1398782E+01
 0.1400000E+01  0.1398581E+01
 0.1500000E+01  0.1398366E+01
 0.1600000E+01  0.1398135E+01
 0.1700000E+01  0.1397889E+01
 0.1800000E+01  0.1397627E+01
 0.1900000E+01  0.1397351E+01
 0.2000000E+01  0.1397059E+01
 0.2100000E+01  0.1396752E+01
 0.2200000E+01  0.1396429E+01
 0.2300000E+01  0.1396092E+01
 0.2400000E+01  0.1395739E+01
 0.2500000E+01  0.1395371E+01
 0.2600000E+01  0.1394988E+01
 0.2700000E+01  0.1394589E+01
 0.2800000E+01  0.1394176E+01
 0.2900000E+01  0.1393747E+01
 0.3000000E+01  0.1393303E+01
 0.3100000E+01  0.1392844E+01
 0.3200000E+01  0.1392369E+01
 0.3300000E+01  0.1391880E+01
 0.3400000E+01  0.1391375E+01
 0.3500000E+01  0.1390855E+01
 0.3600000E+01  0.1390320E+01
 0.3700000E+01  0.1389770E+01
 0.3800000E+01  0.1389204E+01
 0.3900000E+01  0.1388624E+01
 0.4000000E+01  0.1388028E+01
 0.4100000E+01  0.1387417E+01
 0.4200000E+01  0.1386791E+01
 0.4300000E+01  0.1386150E+01
 0.4400000E+01  0.1385494E+01
 0.4500000E+01  0.1384823E+01
 0.4600000E+01  0.1384136E+01
 0.4700000E+01  0.1383435E+01
 0.4800000E+01  0.1382718E+01
 0.4900000E+01  0.1381986E+01
 0.5000000E+01  0.1381240E+01
 0.5100000E+01  0.1380478E+01
 0.5200000E+01  0.1379701E+01
 0.5300000E+01  0.1378909E+01
 0.5400000E+01  0.1378102E+01
 0.5500000E+01  0.1377280E+01
 0.5600000E+01  0.1376443E+01
 0.5700000E+01  0.1375591E+01
 0.5800000E+01  0.1374723E+01
 0.5900000E+01  0.1373841E+01
 0.6000000E+01  0.1372944E+01
 0.6100000E+01  0.1372032E+01
 0.6200000E+01  0.1371105E+01
 0.6300000E+01  0.1370163E+01
 0.6400000E+01  0.1369206E+01
 0.6500000E+01  0.1368234E+01
 0.6600000E+01  0.1367247E+01
 0.6700000E+01  0.1366245E+01
 0.6800000E+01  0.1365229E+01
 0.6900000E+01  0.1364197E+01
 0.7000000E+01  0.1363151E+01
 0.7100000E+01  0.1362089E+01
 0.7200000E+01  0.1361013E+01
 0.7300000E+01  0.1359922E+01
 0.7400000E+01  0.1358816E+01
 0.7500000E+01  0.1357695E+01
 0.7600000E+01  0.1356560E+01
 0.7700000E+01  0.1355409E+01
 0.7800000E+01  0.1354244E+01
 0.7900000E+01  0.1353064E+01
 0.8000000E+01  0.1351869E+01
 0.8100000E+01  0.1350660E+01
 0.8200000E+01  0.1349435E+01
 0.8300000E+01  0.1348196E+01
 0.8400000E+01  0.1346943E+01
 0.8500000E+01  0.1345674E+01
 0.8600000E+01  0.1344391E+01
 0.8700000E+01  0.1343093E+01
 0.8800000E+01  0.1341781E+01
 0.8900000E+01  0.1340454E+01
 0.9000000E+01  0.1339112E+01
 0.9100000E+01  0.1337756E+01
 0.9200000E+01  0.1336385E+01
 0.9300000E+01  0.1334999E+01
 0.9400000E+01  0.1333599E+01
 0.9500000E+01  0.1332184E+01
 0.9600000E+01  0.1330755E+01
 0.9700000E+01  0.1329311E+01
 0.9800000E+01  0.1327853E+01
 0.9900000E+01  0.1326380E+01
 0.1000000E+02  0.1324893E+01
 0.1010000E+02  0.1323391E+01
 0.1020000E+02  0.1321875E+01
 0.1030000E+02  0.1320344E+01
 0.1040000E+02  0.1318799E+01
 0.1050000E+02  0.1317240E+01
 0.1060000E+02  0.1315666E+01
 0.1070000E+02  0.1314078E+01
 0.1080000E+02  0.1312475E+01
 0.1090000E+02  0.1310858E+01
 0.1100000E+02  0.1309227E+01
 0.1110000E+02  0.1307581E+01
 0.1120000E+02  0.1305921E+01
 0.1130000E+02  0.1304247E+01
 0.1140000E+02  0.1302559E+01
 0.1150000E+02  0.1300857E+01
 0.1160000E+02  0.1299140E+01
 0.1170000E+02  0.1297409E+01
 0.1180000E+02  0.1295664E+01
 0.1190000E+02  0.1293905E+01
 0.1200000E+02  0.1292131E+01
 0.1210000E+02  0.1290344E+01
 0.1220000E+02  0.1288542E+01
 0.1230000E+02  0.1286726E+01
 0.1240000E+02  0.1284897E+01
 0.1250000E+02  0.1283053E+01
 0.1260000E+02  0.1281195E+01
 0.1270000E+02  0.1279323E+01
 0.1280000E+02  0.1277438E+01
 0.1290000E+02  0.1275538E+01
 0.1300000E+02  0.1273624E+01
 0.1310000E+02  0.1271697E+01
 0.1320000E+02  0.1269755E+01
 0.1330000E+02  0.1267800E+01
 0.1340000E+02  0.1265831E+01
 0.1350000E+02  0.1263848E+01
 0.1360000E+02  0.1261851E+01
 0.1370000E+02  0.1259841E+01
 0.1380000E+02  0.1257816E+01
 0.1390000E+02  0.1255778E+01
 0.1400000E+02  0.1253727E+01
 0.1410000E+02  0.1251661E+01
 0.1420000E+02  0.1249582E+01
 0.1430000E+02  0.1247489E+01
 0.1440000E+02  0.1245383E+01
 0.1450000E+02  0.1243263E+01
 0.1460000E+02  0.1241129E+01
 0.1470000E+02  0.1238982E+01
 0.1480000E+02  0.1236822E+01
 0.1490000E+02  0.1234648E+01
 0.1500000E+02  0.1232460E+01
 0.1510000E+02  0.1230259E+01
 0.1520000E+02  0.1228044E+01
 0.1530000E+02  0.1225816E+01
 0.1540000E+02  0.1223575E+01
 0.1550000E+02  0.1221320E+01
 0.1560000E+02  0.1219052E+01
 0.1570000E+02  0.1216771E+01
 0.1580000E+02  0.1214476E+01
 0.1590000E+02  0.1212169E+01
 0.1600000E+02  0.1209847E+01
 0.1610000E+02  0.1207513E+01
 0.1620000E+02  0.1205166E+01
 0.1630000E+02  0.1202805E+01
 0.1640000E+02  0.1200431E+01
 0.1650000E+02  0.1198044E+01
 0.1660000E+02  0.1195644E+01
 0.1670000E+02  0.1193231E+01
 0.1680000E+02  0.1190805E+01
 0.1690000E+02  0.1188366E+01
 0.1700000E+02  0.1185914E+01
 0.1710000E+02  0.1183449E+01
 0.1720000E+02  0.1180971E+01
 0.1730000E+02  0.1178480E+01
 0.1740000E+02  0.1175977E+01
 0.1750000E+02  0.1173460E+01
 0.1760000E+02  0.1170931E+01
 0.1770000E+02  0.1168389E+01
 0.1780000E+02  0.1165834E+01
 0.1790000E+02  0.1163266E+01
 0.1800000E+02  0.1160686E+01
 0.1810000E+02  0.1158093E+01
 0.1820000E+02  0.1155487E+01
 0.1830000E+02  0.1152869E+01
 0.1840000E+02  0.1150238E+01
 0.1850000E+02  0.1147595E+01
 0.1860000E+02  0.1144939E+01
 0.1870000E+02  0.1142271E+01
 0.1880000E+02  0.1139590E+01
 0.1890000E+02  0.1136897E+01
 0.1900000E+02  0.1134191E+01
 0.1910000E+02  0.1131473E+01
 0.1920000E+02  0.1128743E+01
 0.1930000E+02  0.1126000E+01
 0.1940000E+02  0.1123245E+01
 0.1950000E+02  0.1120478E+01
 0.1960000E+02  0.1117698E+01
 0.1970000E+02  0.1114906E+01
 0.1980000E+02  0.1112103E+01
 0.1990000E+02  0.1109287E+01
 0.2000000E+02  0.1106459E+01
 0.2010000E+02  0.1103618E+01
 0.2020000E+02  0.1100766E+01
 0.2030000E+02  0.1097902E+01
 0.2040000E+02  0.1095026E+01
 0.2050000E+02  0.1092138E+01
 0.2060000E+02  0.1089238E+01
 0.2070000E+02  0.1086326E+01
 0.2080000E+02  0.1083402E+01
 0.2090000E+02  0.1080466E+01
 0.2100000E+02  0.1077519E+01
 0.2110000E+02  0.1074560E+01
 0.2120000E+02  0.1071589E+01
 0.2130000E+02  0.1068606E+01
 0.2140000E+02  0.1065612E+01
 0.2150000E+02  0.1062606E+01
 0.2160000E+02  0.1059589E+01
 0.2170000E+02  0.1056560E+01
 0.2180000E+02  0.1053519E+01
 0.2190000E+02  0.1050467E+01
 0.2200000E+02  0.1047404E+01
 0.2210000E+02  0.1044329E+01
 0.2220000E+02  0.1041243E+01
 0.2230000E+02  0.1038145E+01
 0.2240000E+02  0.1035036E+01
 0.2250000E+02  0.1031916E+01
 0.2260000E+02  0.1028784E+01
 0.2270000E+02  0.1025642E+01
 0.2280000E+02  0.1022488E+01
 0.2290000E+02  0.1019323E+01
 0.2300000E+02  0.1016146E+01
 0.2310000E+02  0.1012959E+01
 0.2320000E+02  0.1009761E+01
 0.2330000E+02  0.1006552E+01
 0.2340000E+02  0.1003331E+01
 0.2350000E+02  0.1000100E+01
 0.2360000E+02  0.9968581E+00
 0.2370000E+02  0.9936051E+00
 0.2380000E+02  0.9903413E+00
 0.2390000E+02  0.9870667E+00
 0.2400000E+02  0.9837814E+00
 0.2410000E+02  0.9804853E+00
 0.2420000E+02  0.9771785E+00
 0.2430000E+02  0.9738611E+00
 0.2440000E+02  0.9705330E+00
 0.2450000E+02  0.9671944E+00
 0.2460000E+02  0.9638452E+00
 0.2470000E+02  0.9604856E+00
 0.2480000E+02  0.9571154E+00
 0.2490000E+02  0.9537349E+00
 0.2500000E+02  0.9503439E+00
 0.2510000E+02  0.9469426E+00
 0.2520000E+02  0.9435309E+00
 0.2530000E+02  0.9401090E+00
 0.2540000E+02  0.9366768E+00
 0.2550000E+02  0.9332344E+00
 0.2560000E+02  0.9297819E+00
 0.2570000E+02  0.9263192E+00
 0.2580000E+02  0.9228464E+00
 0.2590000E+02  0.9193636E+00
 0.2600000E+02  0.9158708E+00
 0.2610000E+02  0.9123679E+00
 0.2620000E+02  0.9088552E+00
 0.2630000E+02  0.9053325E+00
 0.2640000E+02  0.9018000E+00
 0.2650000E+02  0.8982576E+00
 0.2660000E+02  0.8947054E+00
 0.2670000E+02  0.8911435E+00
 0.2680000E+02  0.8875719E+00
 0.2690000E+02  0.8839907E+00
 0.2700000E+02  0.8803997E+00
 0.2710000E+02  0.8767992E+00
 0.2720000E+02  0.8731892E+00
 0.2730000E+02  0.8695696E+00
 0.2740000E+02  0.8659406E+00
 0.2750000E+02  0.8623021E+00
 0.2760000E+02  0.8586543E+00
 0.2770000E+02  0.8549970E+00
 0.2780000E+02  0.8513305E+00
 0.2790000E+02  0.8476547E+00
 0.2800000E+02  0.8439697E+00
 0.2810000E+02  0.8402754E+00
 0.2820000E+02  0.8365721E+00
 0.2830000E+02  0.8328596E+00
 0.2840000E+02  0.8291380E+00
 0.2850000E+02  0.8254074E+00
 0.2860000E+02  0.8216678E+00
 0.2870000E+02  0.8179193E+00
 0.2880000E+02  0.8141618E+00
 0.2890000E+02  0.8103955E+00
 0.2900000E+02  0.8066204E+00
 0.2910000E+02  0.8028364E+00
 0.2920000E+02  0.7990438E+00
 0.2930000E+02  0.7952424E+00
 0.2940000E+02  0.7914324E+00
 0.2950000E+02  0.7876137E+00
 0.2960000E+02  0.7837865E+00
 0.2970000E+02  0.7799507E+00
 0.2980000E+02  0.7761064E+00
 0.2990000E+02  0.7722537E+00
 0.3000000E+02  0.7683926E+00
 0.3010000E+02  0.7645231E+00
 0.3020000E+02  0.7606453E+00
 0.3030000E+02  0.7567592E+00
 0.3040000E+02  0.7528649E+00
 0.3050000E+02  0.7489623E+00
 0.3060000E+02  0.7450516E+00
 0.3070000E+02  0.7411328E+00
 0.3080000E+02  0.7372060E+00
 0.3090000E+02  0.7332710E+00
 0.3100000E+02  0.7293282E+00
 0.3110000E+02  0.7253773E+00
 0.3120000E+02  0.7214186E+00
 0.3130000E+02  0.7174520E+00
 0.3140000E+02  0.7134776E+00
 0.3150000E+02  0.7094954E+00
 0.3160000E+02  0.7055055E+00
 0.3170000E+02  0.7015080E+00
 0.3180000E+02  0.6975027E+00
 0.3190000E+02  0.6934899E+00
 0.3200000E+02  0.6894696E+00
 0.3210000E+02  0.6854417E+00
 0.3220000E+02  0.6814064E+00
 0.3230000E+02  0.6773636E+00
 0.3240000E+02  0.6733135E+00
 0.3250000E+02  0.6692560E+00
 0.3260000E+02  0.6651913E+00
 0.3270000E+02  0.6611193E+00
 0.3280000E+02  0.6570401E+00
 0.3290000E+02  0.6529538E+00
 0.3300000E+02  0.6488603E+00
 0.3310000E+02  0.6447598E+00
 0.3320000E+02  0.6406523E+00
 0.3330000E+02  0.6365377E+00
 0.3340000E+02  0.6324163E+00
 0.3350000E+02  0.6282880E+00
 0.3360000E+02  0.6241528E+00
 0.3370000E+02  0.6200108E+00
 0.3380000E+02  0.6158621E+00
 0.3390000E+02  0.6117067E+00
 0.3400000E+02  0.6075446E+00
 0.3410000E+02  0.6033759E+00
 0.3420000E+02  0.5992006E+00
 0.3430000E+02  0.5950188E+00
 0.3440000E+02  0.5908305E+00
 0.3450000E+02  0.5866358E+00
 0.3460000E+02  0.5824347E+00
 0.3470000E+02  0.5782273E+00
 0.3480000E+02  0.5740135E+00
 0.3490000E+02  0.5697935E+00
 0.3500000E+02  0.5655673E+00
 0.3510000E+02  0.5613350E+00
 0.3520000E+02  0.5570965E+00
 0.3530000E+02  0.5528520E+00
 0.3540000E+02  0.5486014E+00
 0.3550000E+02  0.5443449E+00
 0.3560000E+02  0.5400825E+00
 0.3570000E+02  0.5358141E+00
 0.3580000E+02  0.5315399E+00
 0.3590000E+02  0.5272600E+00
 0.3600000E+02  0.5229743E+00
 0.3610000E+02  0.5186829E+00
 0.3620000E+02  0.5143858E+00
 0.3630000E+02  0.5100832E+00
 0.3640000E+02  0.5057750E+00
 0.3650000E+02  0.5014613E+00
 0.3660000E+02  0.4971421E+00
 0.3670000E+02  0.4928175E+00
 0.3680000E+02  0.4884876E+00
 0.3690000E+02  0.4841523E+00
 0.3700000E+02  0.4798117E+00
 0.3710000E+02  0.4754660E+00
 0.3720000E+02  0.4711150E+00
 0.3730000E+02  0.4667589E+00
 0.3740000E+02  0.4623978E+00
 0.3750000E+02  0.4580316E+00
 0.3760000E+02  0.4536604E+00
 0.3770000E+02  0.4492842E+00
 0.3780000E+02  0.4449032E+00
 0.3790000E+02  0.4405173E+00
 0.3800000E+02  0.4361266E+00
 0.3810000E+02  0.4317312E+00
 0.3820000E+02  0.4273311E+00
 0.3830000E+02  0.4229263E+00
 0.3840000E+02  0.4185169E+00
 0.3850000E+02  0.4141030E+00
 0.3860000E+02  0.4096845E+00
 0.3870000E+02  0.4052616E+00
 0.3880000E+02  0.4008343E+00
 0.3890000E+02  0.3964026E+00
 0.3900000E+02  0.3919665E+00
 0.3910000E+02  0.3875263E+00
 0.3920000E+02  0.3830817E+00
 0.3930000E+02  0.3786331E+00
 0.3940000E+02  0.3741803E+00
 0.3950000E+02  0.3697234E+00
 0.3960000E+02  0.3652625E+00
 0.3970000E+02  0.3607976E+00
 0.3980000E+02  0.3563287E+00
 0.3990000E+02  0.3518560E+00
 0.4000000E+02  0.3473795E+00
