 0.5050033E+00  0.1023078E-05
 0.5090060E+00  0.1166186E-05
 0.5130087E+00  0.1328534E-05
 0.5170113E+00  0.1512598E-05
 0.5210140E+00  0.1721158E-05
 0.5250167E+00  0.1957331E-05
 0.5290193E+00  0.2224610E-05
 0.5330220E+00  0.2526908E-05
 0.5370247E+00  0.2868609E-05
 0.5410274E+00  0.3254613E-05
 0.5450300E+00  0.3690400E-05
 0.5490327E+00  0.4182091E-05
 0.5530354E+00  0.4736522E-05
 0.5570380E+00  0.5361319E-05
 0.5610407E+00  0.6064983E-05
 0.5650434E+00  0.6856987E-05
 0.5690460E+00  0.7747881E-05
 0.5730487E+00  0.8749399E-05
 0.5770514E+00  0.9874593E-05
 0.5810540E+00  0.1113796E-04
 0.5850567E+00  0.1255562E-04
 0.5890594E+00  0.1414542E-04
 0.5930620E+00  0.1592718E-04
 0.5970647E+00  0.1792287E-04
 0.6010674E+00  0.2015680E-04
 0.6050700E+00  0.2265587E-04
 0.6090727E+00  0.2544986E-04
 0.6130754E+00  0.2857165E-04
 0.6170781E+00  0.3205756E-04
 0.6210807E+00  0.3594767E-04
 0.6250834E+00  0.4028619E-04
 0.6290861E+00  0.4512184E-04
 0.6330887E+00  0.5050827E-04
 0.6370914E+00  0.5650453E-04
 0.6410941E+00  0.6317556E-04
 0.6450967E+00  0.7059273E-04
 0.6490994E+00  0.7883442E-04
 0.6531021E+00  0.8798665E-04
 0.6571047E+00  0.9814376E-04
 0.6611074E+00  0.1094091E-03
 0.6651101E+00  0.1218960E-03
 0.6691127E+00  0.1357283E-03
 0.6731154E+00  0.1510415E-03
 0.6771181E+00  0.1679837E-03
 0.6811207E+00  0.1867166E-03
 0.6851234E+00  0.2074167E-03
 0.6891261E+00  0.2302764E-03
 0.6931288E+00  0.2555055E-03
 0.6971314E+00  0.2833322E-03
 0.7011341E+00  0.3140050E-03
 0.7051368E+00  0.3477942E-03
 0.7091394E+00  0.3849931E-03
 0.7131421E+00  0.4259205E-03
 0.7171448E+00  0.4709222E-03
 0.7211474E+00  0.5203731E-03
 0.7251501E+00  0.5746791E-03
 0.7291528E+00  0.6342801E-03
 0.7331554E+00  0.6996514E-03
 0.7371581E+00  0.7713071E-03
 0.7411608E+00  0.8498025E-03
 0.7451634E+00  0.9357368E-03
 0.7491661E+00  0.1029756E-02
 0.7531688E+00  0.1132557E-02
 0.7571714E+00  0.1244890E-02
 0.7611741E+00  0.1367561E-02
 0.7651768E+00  0.1501439E-02
 0.7691795E+00  0.1647455E-02
 0.7731821E+00  0.1806611E-02
 0.7771848E+00  0.1979979E-02
 0.7811875E+00  0.2168711E-02
 0.7851901E+00  0.2374039E-02
 0.7891928E+00  0.2597282E-02
 0.7931955E+00  0.2839850E-02
 0.7971981E+00  0.3103250E-02
 0.8012008E+00  0.3389090E-02
 0.8052035E+00  0.3699087E-02
 0.8092061E+00  0.4035070E-02
 0.8132088E+00  0.4398987E-02
 0.8172115E+00  0.4792911E-02
 0.8212141E+00  0.5219045E-02
 0.8252168E+00  0.5679732E-02
 0.8292195E+00  0.6177457E-02
 0.8332221E+00  0.6714855E-02
 0.8372248E+00  0.7294720E-02
 0.8412275E+00  0.7920010E-02
 0.8452302E+00  0.8593852E-02
 0.8492328E+00  0.9319553E-02
 0.8532355E+00  0.1010061E-01
 0.8572382E+00  0.1094069E-01
 0.8612408E+00  0.1184369E-01
 0.8652435E+00  0.1281370E-01
 0.8692462E+00  0.1385502E-01
 0.8732488E+00  0.1497218E-01
 0.8772515E+00  0.1616991E-01
 0.8812542E+00  0.1745321E-01
 0.8852568E+00  0.1882731E-01
 0.8892595E+00  0.2029767E-01
 0.8932622E+00  0.2187002E-01
 0.8972648E+00  0.2355034E-01
 0.9012675E+00  0.2534488E-01
 0.9052702E+00  0.2726017E-01
 0.9092728E+00  0.2930298E-01
 0.9132755E+00  0.3148039E-01
 0.9172782E+00  0.3379974E-01
 0.9212809E+00  0.3626869E-01
 0.9252835E+00  0.3889514E-01
 0.9292862E+00  0.4168731E-01
 0.9332889E+00  0.4465370E-01
 0.9372915E+00  0.4780311E-01
 0.9412942E+00  0.5114461E-01
 0.9452969E+00  0.5468757E-01
 0.9492995E+00  0.5844165E-01
 0.9533022E+00  0.6241678E-01
 0.9573049E+00  0.6662317E-01
 0.9613075E+00  0.7107131E-01
 0.9653102E+00  0.7577193E-01
 0.9693129E+00  0.8073605E-01
 0.9733155E+00  0.8597489E-01
 0.9773182E+00  0.9149995E-01
 0.9813209E+00  0.9732292E-01
 0.9853235E+00  0.1034557E+00
 0.9893262E+00  0.1099104E+00
 0.9933289E+00  0.1166993E+00
 0.9973316E+00  0.1238348E+00
 0.1001334E+01  0.1313295E+00
 0.1005337E+01  0.1391960E+00
 0.1009340E+01  0.1474472E+00
 0.1013342E+01  0.1560958E+00
 0.1017345E+01  0.1651547E+00
 0.1021348E+01  0.1746368E+00
 0.1025350E+01  0.1845549E+00
 0.1029353E+01  0.1949219E+00
 0.1033356E+01  0.2057504E+00
 0.1037358E+01  0.2170530E+00
 0.1041361E+01  0.2288420E+00
 0.1045364E+01  0.2411299E+00
 0.1049366E+01  0.2539284E+00
 0.1053369E+01  0.2672493E+00
 0.1057372E+01  0.2811039E+00
 0.1061374E+01  0.2955033E+00
 0.1065377E+01  0.3104580E+00
 0.1069380E+01  0.3259781E+00
 0.1073382E+01  0.3420732E+00
 0.1077385E+01  0.3587523E+00
 0.1081388E+01  0.3760239E+00
 0.1085390E+01  0.3938957E+00
 0.1089393E+01  0.4123748E+00
 0.1093396E+01  0.4314675E+00
 0.1097398E+01  0.4511792E+00
 0.1101401E+01  0.4715146E+00
 0.1105404E+01  0.4924773E+00
 0.1109406E+01  0.5140702E+00
 0.1113409E+01  0.5362949E+00
 0.1117412E+01  0.5591520E+00
 0.1121414E+01  0.5826413E+00
 0.1125417E+01  0.6067610E+00
 0.1129420E+01  0.6315084E+00
 0.1133422E+01  0.6568794E+00
 0.1137425E+01  0.6828688E+00
 0.1141428E+01  0.7094698E+00
 0.1145430E+01  0.7366744E+00
 0.1149433E+01  0.7644733E+00
 0.1153436E+01  0.7928557E+00
 0.1157438E+01  0.8218092E+00
 0.1161441E+01  0.8513202E+00
 0.1165444E+01  0.8813734E+00
 0.1169446E+01  0.9119520E+00
 0.1173449E+01  0.9430377E+00
 0.1177452E+01  0.9746108E+00
 0.1181454E+01  0.1006650E+01
 0.1185457E+01  0.1039132E+01
 0.1189460E+01  0.1072033E+01
 0.1193462E+01  0.1105326E+01
 0.1197465E+01  0.1138985E+01
 0.1201468E+01  0.1172979E+01
 0.1205470E+01  0.1207280E+01
 0.1209473E+01  0.1241854E+01
 0.1213476E+01  0.1276669E+01
 0.1217478E+01  0.1311689E+01
 0.1221481E+01  0.1346880E+01
 0.1225484E+01  0.1382203E+01
 0.1229486E+01  0.1417619E+01
 0.1233489E+01  0.1453091E+01
 0.1237492E+01  0.1488575E+01
 0.1241494E+01  0.1524031E+01
 0.1245497E+01  0.1559416E+01
 0.1249500E+01  0.1594686E+01
 0.1253502E+01  0.1629797E+01
 0.1257505E+01  0.1664704E+01
 0.1261508E+01  0.1699360E+01
 0.1265510E+01  0.1733720E+01
 0.1269513E+01  0.1767736E+01
 0.1273516E+01  0.1801362E+01
 0.1277518E+01  0.1834551E+01
 0.1281521E+01  0.1867254E+01
 0.1285524E+01  0.1899426E+01
 0.1289526E+01  0.1931017E+01
 0.1293529E+01  0.1961982E+01
 0.1297532E+01  0.1992274E+01
 0.1301534E+01  0.2021846E+01
 0.1305537E+01  0.2050653E+01
 0.1309540E+01  0.2078649E+01
 0.1313542E+01  0.2105792E+01
 0.1317545E+01  0.2132037E+01
 0.1321548E+01  0.2157342E+01
 0.1325550E+01  0.2181666E+01
 0.1329553E+01  0.2204970E+01
 0.1333556E+01  0.2227215E+01
 0.1337558E+01  0.2248364E+01
 0.1341561E+01  0.2268383E+01
 0.1345564E+01  0.2287236E+01
 0.1349566E+01  0.2304892E+01
 0.1353569E+01  0.2321322E+01
 0.1357572E+01  0.2336497E+01
 0.1361574E+01  0.2350391E+01
 0.1365577E+01  0.2362980E+01
 0.1369580E+01  0.2374242E+01
 0.1373582E+01  0.2384158E+01
 0.1377585E+01  0.2392711E+01
 0.1381588E+01  0.2399885E+01
 0.1385590E+01  0.2405668E+01
 0.1389593E+01  0.2410049E+01
 0.1393596E+01  0.2413022E+01
 0.1397598E+01  0.2414581E+01
 0.1401601E+01  0.2414722E+01
 0.1405604E+01  0.2413447E+01
 0.1409606E+01  0.2410757E+01
 0.1413609E+01  0.2406656E+01
 0.1417612E+01  0.2401153E+01
 0.1421614E+01  0.2394256E+01
 0.1425617E+01  0.2385978E+01
 0.1429620E+01  0.2376334E+01
 0.1433622E+01  0.2365339E+01
 0.1437625E+01  0.2353014E+01
 0.1441628E+01  0.2339379E+01
 0.1445630E+01  0.2324458E+01
 0.1449633E+01  0.2308277E+01
 0.1453636E+01  0.2290864E+01
 0.1457638E+01  0.2272247E+01
 0.1461641E+01  0.2252460E+01
 0.1465644E+01  0.2231534E+01
 0.1469646E+01  0.2209505E+01
 0.1473649E+01  0.2186410E+01
 0.1477652E+01  0.2162286E+01
 0.1481654E+01  0.2137174E+01
 0.1485657E+01  0.2111114E+01
 0.1489660E+01  0.2084147E+01
 0.1493662E+01  0.2056318E+01
 0.1497665E+01  0.2027670E+01
 0.1501668E+01  0.1998247E+01
 0.1505670E+01  0.1968096E+01
 0.1509673E+01  0.1937262E+01
 0.1513676E+01  0.1905792E+01
 0.1517678E+01  0.1873733E+01
 0.1521681E+01  0.1841132E+01
 0.1525684E+01  0.1808037E+01
 0.1529686E+01  0.1774494E+01
 0.1533689E+01  0.1740552E+01
 0.1537692E+01  0.1706257E+01
 0.1541694E+01  0.1671657E+01
 0.1545697E+01  0.1636797E+01
 0.1549700E+01  0.1601723E+01
 0.1553702E+01  0.1566481E+01
 0.1557705E+01  0.1531115E+01
 0.1561708E+01  0.1495670E+01
 0.1565710E+01  0.1460188E+01
 0.1569713E+01  0.1424711E+01
 0.1573716E+01  0.1389280E+01
 0.1577718E+01  0.1353935E+01
 0.1581721E+01  0.1318715E+01
 0.1585724E+01  0.1283658E+01
 0.1589726E+01  0.1248799E+01
 0.1593729E+01  0.1214174E+01
 0.1597732E+01  0.1179816E+01
 0.1601734E+01  0.1145758E+01
 0.1605737E+01  0.1112029E+01
 0.1609740E+01  0.1078661E+01
 0.1613742E+01  0.1045679E+01
 0.1617745E+01  0.1013112E+01
 0.1621748E+01  0.9809820E+00
 0.1625751E+01  0.9493140E+00
 0.1629753E+01  0.9181291E+00
 0.1633756E+01  0.8874476E+00
 0.1637759E+01  0.8572880E+00
 0.1641761E+01  0.8276673E+00
 0.1645764E+01  0.7986011E+00
 0.1649767E+01  0.7701035E+00
 0.1653769E+01  0.7421870E+00
 0.1657772E+01  0.7148627E+00
 0.1661775E+01  0.6881403E+00
 0.1665777E+01  0.6620280E+00
 0.1669780E+01  0.6365329E+00
 0.1673783E+01  0.6116604E+00
 0.1677785E+01  0.5874149E+00
 0.1681788E+01  0.5637994E+00
 0.1685791E+01  0.5408157E+00
 0.1689793E+01  0.5184645E+00
 0.1693796E+01  0.4967454E+00
 0.1697799E+01  0.4756568E+00
 0.1701801E+01  0.4551962E+00
 0.1705804E+01  0.4353601E+00
 0.1709807E+01  0.4161441E+00
 0.1713809E+01  0.3975427E+00
 0.1717812E+01  0.3795500E+00
 0.1721815E+01  0.3621590E+00
 0.1725817E+01  0.3453620E+00
 0.1729820E+01  0.3291508E+00
 0.1733823E+01  0.3135165E+00
 0.1737825E+01  0.2984495E+00
 0.1741828E+01  0.2839399E+00
 0.1745831E+01  0.2699772E+00
 0.1749833E+01  0.2565504E+00
 0.1753836E+01  0.2436483E+00
 0.1757839E+01  0.2312593E+00
 0.1761841E+01  0.2193715E+00
 0.1765844E+01  0.2079726E+00
 0.1769847E+01  0.1970503E+00
 0.1773849E+01  0.1865920E+00
 0.1777852E+01  0.1765852E+00
 0.1781855E+01  0.1670169E+00
 0.1785857E+01  0.1578743E+00
 0.1789860E+01  0.1491447E+00
 0.1793863E+01  0.1408151E+00
 0.1797865E+01  0.1328726E+00
 0.1801868E+01  0.1253046E+00
 0.1805871E+01  0.1180983E+00
 0.1809873E+01  0.1112411E+00
 0.1813876E+01  0.1047205E+00
 0.1817879E+01  0.9852430E-01
 0.1821881E+01  0.9264033E-01
 0.1825884E+01  0.8705663E-01
 0.1829887E+01  0.8176147E-01
 0.1833889E+01  0.7674332E-01
 0.1837892E+01  0.7199089E-01
 0.1841895E+01  0.6749312E-01
 0.1845897E+01  0.6323923E-01
 0.1849900E+01  0.5921867E-01
 0.1853903E+01  0.5542119E-01
 0.1857905E+01  0.5183678E-01
 0.1861908E+01  0.4845575E-01
 0.1865911E+01  0.4526866E-01
 0.1869913E+01  0.4226637E-01
 0.1873916E+01  0.3944005E-01
 0.1877919E+01  0.3678112E-01
 0.1881921E+01  0.3428132E-01
 0.1885924E+01  0.3193266E-01
 0.1889927E+01  0.2972746E-01
 0.1893929E+01  0.2765830E-01
 0.1897932E+01  0.2571807E-01
 0.1901935E+01  0.2389991E-01
 0.1905937E+01  0.2219725E-01
 0.1909940E+01  0.2060379E-01
 0.1913943E+01  0.1911350E-01
 0.1917945E+01  0.1772060E-01
 0.1921948E+01  0.1641956E-01
 0.1925951E+01  0.1520512E-01
 0.1929953E+01  0.1407224E-01
 0.1933956E+01  0.1301612E-01
 0.1937959E+01  0.1203220E-01
 0.1941961E+01  0.1111613E-01
 0.1945964E+01  0.1026378E-01
 0.1949967E+01  0.9471221E-02
 0.1953969E+01  0.8734735E-02
 0.1957972E+01  0.8050791E-02
 0.1961975E+01  0.7416047E-02
 0.1965977E+01  0.6827339E-02
 0.1969980E+01  0.6281675E-02
 0.1973983E+01  0.5776232E-02
 0.1977985E+01  0.5308341E-02
 0.1981988E+01  0.4875488E-02
 0.1985991E+01  0.4475302E-02
 0.1989993E+01  0.4105554E-02
 0.1993996E+01  0.3764144E-02
 0.1997999E+01  0.3449100E-02
 0.2002001E+01  0.3158569E-02
 0.2006004E+01  0.2890813E-02
 0.2010007E+01  0.2644203E-02
 0.2014009E+01  0.2417211E-02
 0.2018012E+01  0.2208408E-02
 0.2022015E+01  0.2016459E-02
 0.2026017E+01  0.1840112E-02
 0.2030020E+01  0.1678202E-02
 0.2034023E+01  0.1529640E-02
 0.2038025E+01  0.1393412E-02
 0.2042028E+01  0.1268570E-02
 0.2046031E+01  0.1154236E-02
 0.2050033E+01  0.1049591E-02
 0.2054036E+01  0.9538724E-03
 0.2058039E+01  0.8663743E-03
 0.2062041E+01  0.7864405E-03
 0.2066044E+01  0.7134626E-03
 0.2070047E+01  0.6468768E-03
 0.2074049E+01  0.5861610E-03
 0.2078052E+01  0.5308323E-03
 0.2082055E+01  0.4804439E-03
 0.2086057E+01  0.4345833E-03
 0.2090060E+01  0.3928696E-03
 0.2094063E+01  0.3549513E-03
 0.2098065E+01  0.3205045E-03
 0.2102068E+01  0.2892308E-03
 0.2106071E+01  0.2608554E-03
 0.2110073E+01  0.2351257E-03
 0.2114076E+01  0.2118094E-03
 0.2118079E+01  0.1906933E-03
 0.2122081E+01  0.1715816E-03
 0.2126084E+01  0.1542947E-03
 0.2130087E+01  0.1386679E-03
 0.2134089E+01  0.1245507E-03
 0.2138092E+01  0.1118050E-03
 0.2142095E+01  0.1003047E-03
 0.2146097E+01  0.8993451E-04
 0.2150100E+01  0.8058913E-04
 0.2154103E+01  0.7217246E-04
 0.2158105E+01  0.6459689E-04
 0.2162108E+01  0.5778256E-04
 0.2166111E+01  0.5165674E-04
 0.2170113E+01  0.4615325E-04
 0.2174116E+01  0.4121191E-04
 0.2178119E+01  0.3677801E-04
 0.2182121E+01  0.3280189E-04
 0.2186124E+01  0.2923848E-04
 0.2190127E+01  0.2604689E-04
 0.2194129E+01  0.2319007E-04
 0.2198132E+01  0.2063449E-04
 0.2202135E+01  0.1834977E-04
 0.2206137E+01  0.1630846E-04
 0.2210140E+01  0.1448574E-04
 0.2214143E+01  0.1285920E-04
 0.2218145E+01  0.1140861E-04
 0.2222148E+01  0.1011572E-04
 0.2226151E+01  0.8964102E-05
 0.2230153E+01  0.7938936E-05
 0.2234156E+01  0.7026897E-05
 0.2238159E+01  0.6215995E-05
 0.2242161E+01  0.5495454E-05
 0.2246164E+01  0.4855594E-05
 0.2250167E+01  0.4287726E-05
 0.2254169E+01  0.3784058E-05
 0.2258172E+01  0.3337601E-05
 0.2262175E+01  0.2942099E-05
 0.2266177E+01  0.2591947E-05
 0.2270180E+01  0.2282135E-05
 0.2274183E+01  0.2008179E-05
 0.2278185E+01  0.1766078E-05
 0.2282188E+01  0.1552256E-05
 0.2286191E+01  0.1363525E-05
 0.2290193E+01  0.1197041E-05
 0.2294196E+01  0.1050270E-05
