-0.2165673E+00 -0.7009783E-06  0.3057181E-06
-0.1414225E+00 -0.4968127E-05  0.5246986E-06
-0.6627768E-01 -0.2109731E-04 -0.1302223E-05
 0.8867130E-02 -0.8424722E-04  0.1779554E-03
 0.8401194E-01  0.3503706E-02  0.1920738E-02
 0.1591568E+00  0.1224035E-01 -0.3634024E-01
 0.2343016E+00 -0.1635020E+00  0.5031264E-01
 0.3094464E+00  0.3551869E+00  0.7230797E-01
 0.3845912E+00 -0.3524204E+00 -0.9169361E-01
 0.4597360E+00  0.1717424E+00 -0.2390220E-01
 0.5348808E+00 -0.2177238E-01  0.3258336E-01
 0.6100256E+00 -0.2668350E-02 -0.3126690E-02
 0.6851704E+00  0.1582405E-03 -0.1250658E-03
 0.7603153E+00  0.1773382E-04  0.1342062E-04
 0.8354601E+00  0.4475369E-05  0.2930683E-05
 0.9106049E+00  0.7650997E-06  0.2929127E-06
