 0.2000000E+00  0.1400000E+01
 0.4000000E+00  0.1400000E+01
 0.6000000E+00  0.1400000E+01
 0.8000000E+00  0.1400000E+01
 0.1000000E+01  0.1399999E+01
 0.1200000E+01  0.1399999E+01
 0.1400000E+01  0.1399999E+01
 0.1600000E+01  0.1399998E+01
 0.1800000E+01  0.1399998E+01
 0.2000000E+01  0.1399997E+01
 0.2200000E+01  0.1399997E+01
 0.2400000E+01  0.1399996E+01
 0.2600000E+01  0.1399995E+01
 0.2800000E+01  0.1399994E+01
 0.3000000E+01  0.1399993E+01
 0.3200000E+01  0.1399992E+01
 0.3400000E+01  0.1399991E+01
 0.3600000E+01  0.1399990E+01
 0.3800000E+01  0.1399989E+01
 0.4000000E+01  0.1399987E+01
 0.4200000E+01  0.1399986E+01
 0.4400000E+01  0.1399984E+01
 0.4600000E+01  0.1399982E+01
 0.4800000E+01  0.1399980E+01
 0.5000000E+01  0.1399978E+01
 0.5200000E+01  0.1399975E+01
 0.5400000E+01  0.1399973E+01
 0.5600000E+01  0.1399970E+01
 0.5800000E+01  0.1399967E+01
 0.6000000E+01  0.1399964E+01
 0.6200000E+01  0.1399961E+01
 0.6400000E+01  0.1399958E+01
 0.6600000E+01  0.1399954E+01
 0.6800000E+01  0.1399950E+01
 0.7000000E+01  0.1399946E+01
 0.7200000E+01  0.1399942E+01
 0.7400000E+01  0.1399937E+01
 0.7600000E+01  0.1399932E+01
 0.7800000E+01  0.1399927E+01
 0.8000000E+01  0.1399922E+01
 0.8200000E+01  0.1399916E+01
 0.8400000E+01  0.1399910E+01
 0.8600000E+01  0.1399904E+01
 0.8800000E+01  0.1399898E+01
 0.9000000E+01  0.1399891E+01
 0.9200000E+01  0.1399884E+01
 0.9400000E+01  0.1399877E+01
 0.9600000E+01  0.1399870E+01
 0.9800000E+01  0.1399862E+01
 0.1000000E+02  0.1399854E+01
 0.1020000E+02  0.1399846E+01
 0.1040000E+02  0.1399837E+01
 0.1060000E+02  0.1399828E+01
 0.1080000E+02  0.1399819E+01
 0.1100000E+02  0.1399810E+01
 0.1120000E+02  0.1399800E+01
 0.1140000E+02  0.1399790E+01
 0.1160000E+02  0.1399780E+01
 0.1180000E+02  0.1399769E+01
 0.1200000E+02  0.1399758E+01
 0.1220000E+02  0.1399747E+01
 0.1240000E+02  0.1399736E+01
 0.1260000E+02  0.1399725E+01
 0.1280000E+02  0.1399713E+01
 0.1300000E+02  0.1399701E+01
 0.1320000E+02  0.1399689E+01
 0.1340000E+02  0.1399677E+01
 0.1360000E+02  0.1399664E+01
 0.1380000E+02  0.1399652E+01
 0.1400000E+02  0.1399639E+01
 0.1420000E+02  0.1399626E+01
 0.1440000E+02  0.1399613E+01
 0.1460000E+02  0.1399599E+01
 0.1480000E+02  0.1399586E+01
 0.1500000E+02  0.1399572E+01
 0.1520000E+02  0.1399559E+01
 0.1540000E+02  0.1399545E+01
 0.1560000E+02  0.1399532E+01
 0.1580000E+02  0.1399518E+01
 0.1600000E+02  0.1399504E+01
 0.1620000E+02  0.1399490E+01
 0.1640000E+02  0.1399477E+01
 0.1660000E+02  0.1399463E+01
 0.1680000E+02  0.1399450E+01
 0.1700000E+02  0.1399436E+01
 0.1720000E+02  0.1399423E+01
 0.1740000E+02  0.1399410E+01
 0.1760000E+02  0.1399397E+01
 0.1780000E+02  0.1399384E+01
 0.1800000E+02  0.1399371E+01
 0.1820000E+02  0.1399359E+01
 0.1840000E+02  0.1399347E+01
 0.1860000E+02  0.1399335E+01
 0.1880000E+02  0.1399324E+01
 0.1900000E+02  0.1399313E+01
 0.1920000E+02  0.1399302E+01
 0.1940000E+02  0.1399292E+01
 0.1960000E+02  0.1399282E+01
 0.1980000E+02  0.1399272E+01
 0.2000000E+02  0.1399263E+01
 0.2020000E+02  0.1399255E+01
 0.2040000E+02  0.1399247E+01
 0.2060000E+02  0.1399240E+01
 0.2080000E+02  0.1399234E+01
 0.2100000E+02  0.1399228E+01
 0.2120000E+02  0.1399223E+01
 0.2140000E+02  0.1399218E+01
 0.2160000E+02  0.1399214E+01
 0.2180000E+02  0.1399212E+01
 0.2200000E+02  0.1399210E+01
 0.2220000E+02  0.1399208E+01
 0.2240000E+02  0.1399208E+01
 0.2260000E+02  0.1399209E+01
 0.2280000E+02  0.1399211E+01
 0.2300000E+02  0.1399213E+01
 0.2320000E+02  0.1399217E+01
 0.2340000E+02  0.1399222E+01
 0.2360000E+02  0.1399228E+01
 0.2380000E+02  0.1399235E+01
 0.2400000E+02  0.1399243E+01
 0.2420000E+02  0.1399253E+01
 0.2440000E+02  0.1399264E+01
 0.2460000E+02  0.1399276E+01
 0.2480000E+02  0.1399289E+01
 0.2500000E+02  0.1399304E+01
 0.2520000E+02  0.1399320E+01
 0.2540000E+02  0.1399338E+01
 0.2560000E+02  0.1399357E+01
 0.2580000E+02  0.1399377E+01
 0.2600000E+02  0.1399399E+01
 0.2620000E+02  0.1399423E+01
 0.2640000E+02  0.1399448E+01
 0.2660000E+02  0.1399475E+01
 0.2680000E+02  0.1399503E+01
 0.2700000E+02  0.1399532E+01
 0.2720000E+02  0.1399564E+01
 0.2740000E+02  0.1399597E+01
 0.2760000E+02  0.1399631E+01
 0.2780000E+02  0.1399668E+01
 0.2800000E+02  0.1399706E+01
 0.2820000E+02  0.1399745E+01
 0.2840000E+02  0.1399786E+01
 0.2860000E+02  0.1399829E+01
 0.2880000E+02  0.1399874E+01
 0.2900000E+02  0.1399920E+01
 0.2920000E+02  0.1399968E+01
 0.2940000E+02  0.1400017E+01
 0.2960000E+02  0.1400068E+01
 0.2980000E+02  0.1400120E+01
 0.3000000E+02  0.1400174E+01
 0.3020000E+02  0.1400229E+01
 0.3040000E+02  0.1400286E+01
 0.3060000E+02  0.1400344E+01
 0.3080000E+02  0.1400404E+01
 0.3100000E+02  0.1400465E+01
 0.3120000E+02  0.1400527E+01
 0.3140000E+02  0.1400590E+01
 0.3160000E+02  0.1400654E+01
 0.3180000E+02  0.1400719E+01
 0.3200000E+02  0.1400785E+01
 0.3220000E+02  0.1400852E+01
 0.3240000E+02  0.1400920E+01
 0.3260000E+02  0.1400989E+01
 0.3280000E+02  0.1401058E+01
 0.3300000E+02  0.1401127E+01
 0.3320000E+02  0.1401197E+01
 0.3340000E+02  0.1401267E+01
 0.3360000E+02  0.1401338E+01
 0.3380000E+02  0.1401408E+01
 0.3400000E+02  0.1401478E+01
 0.3420000E+02  0.1401548E+01
 0.3440000E+02  0.1401618E+01
 0.3460000E+02  0.1401687E+01
 0.3480000E+02  0.1401756E+01
 0.3500000E+02  0.1401824E+01
 0.3520000E+02  0.1401891E+01
 0.3540000E+02  0.1401958E+01
 0.3560000E+02  0.1402023E+01
 0.3580000E+02  0.1402087E+01
 0.3600000E+02  0.1402149E+01
 0.3620000E+02  0.1402211E+01
 0.3640000E+02  0.1402271E+01
 0.3660000E+02  0.1402329E+01
 0.3680000E+02  0.1402385E+01
 0.3700000E+02  0.1402440E+01
 0.3720000E+02  0.1402492E+01
 0.3740000E+02  0.1402543E+01
 0.3760000E+02  0.1402591E+01
 0.3780000E+02  0.1402637E+01
 0.3800000E+02  0.1402681E+01
 0.3820000E+02  0.1402723E+01
 0.3840000E+02  0.1402762E+01
 0.3860000E+02  0.1402799E+01
 0.3880000E+02  0.1402834E+01
 0.3900000E+02  0.1402866E+01
 0.3920000E+02  0.1402895E+01
 0.3940000E+02  0.1402922E+01
 0.3960000E+02  0.1402946E+01
 0.3980000E+02  0.1402968E+01
 0.4000000E+02  0.1402988E+01
 0.4020000E+02  0.1403005E+01
 0.4040000E+02  0.1403019E+01
 0.4060000E+02  0.1403031E+01
 0.4080000E+02  0.1403041E+01
 0.4100000E+02  0.1403048E+01
 0.4120000E+02  0.1403054E+01
 0.4140000E+02  0.1403057E+01
 0.4160000E+02  0.1403058E+01
 0.4180000E+02  0.1403057E+01
 0.4200000E+02  0.1403054E+01
 0.4220000E+02  0.1403050E+01
 0.4240000E+02  0.1403043E+01
 0.4260000E+02  0.1403035E+01
 0.4280000E+02  0.1403026E+01
 0.4300000E+02  0.1403016E+01
 0.4320000E+02  0.1403004E+01
 0.4340000E+02  0.1402991E+01
 0.4360000E+02  0.1402977E+01
 0.4380000E+02  0.1402962E+01
 0.4400000E+02  0.1402947E+01
 0.4420000E+02  0.1402931E+01
 0.4440000E+02  0.1402915E+01
 0.4460000E+02  0.1402898E+01
 0.4480000E+02  0.1402881E+01
 0.4500000E+02  0.1402864E+01
 0.4520000E+02  0.1402847E+01
 0.4540000E+02  0.1402830E+01
 0.4560000E+02  0.1402813E+01
 0.4580000E+02  0.1402797E+01
 0.4600000E+02  0.1402781E+01
 0.4620000E+02  0.1402766E+01
 0.4640000E+02  0.1402751E+01
 0.4660000E+02  0.1402737E+01
 0.4680000E+02  0.1402724E+01
 0.4700000E+02  0.1402712E+01
 0.4720000E+02  0.1402700E+01
 0.4740000E+02  0.1402690E+01
 0.4760000E+02  0.1402681E+01
 0.4780000E+02  0.1402673E+01
 0.4800000E+02  0.1402666E+01
 0.4820000E+02  0.1402660E+01
 0.4840000E+02  0.1402656E+01
 0.4860000E+02  0.1402653E+01
 0.4880000E+02  0.1402651E+01
 0.4900000E+02  0.1402650E+01
 0.4920000E+02  0.1402651E+01
 0.4940000E+02  0.1402654E+01
 0.4960000E+02  0.1402657E+01
 0.4980000E+02  0.1402662E+01
 0.5000000E+02  0.1402668E+01
 0.5020000E+02  0.1402676E+01
 0.5040000E+02  0.1402685E+01
 0.5060000E+02  0.1402695E+01
 0.5080000E+02  0.1402707E+01
 0.5100000E+02  0.1402720E+01
 0.5120000E+02  0.1402734E+01
 0.5140000E+02  0.1402749E+01
 0.5160000E+02  0.1402765E+01
 0.5180000E+02  0.1402783E+01
 0.5200000E+02  0.1402802E+01
 0.5220000E+02  0.1402821E+01
 0.5240000E+02  0.1402842E+01
 0.5260000E+02  0.1402864E+01
 0.5280000E+02  0.1402887E+01
 0.5300000E+02  0.1402910E+01
 0.5320000E+02  0.1402935E+01
 0.5340000E+02  0.1402960E+01
 0.5360000E+02  0.1402987E+01
 0.5380000E+02  0.1403014E+01
 0.5400000E+02  0.1403041E+01
 0.5420000E+02  0.1403069E+01
 0.5440000E+02  0.1403098E+01
 0.5460000E+02  0.1403128E+01
 0.5480000E+02  0.1403158E+01
 0.5500000E+02  0.1403188E+01
 0.5520000E+02  0.1403219E+01
 0.5540000E+02  0.1403251E+01
 0.5560000E+02  0.1403282E+01
 0.5580000E+02  0.1403315E+01
 0.5600000E+02  0.1403347E+01
 0.5620000E+02  0.1403380E+01
 0.5640000E+02  0.1403412E+01
 0.5660000E+02  0.1403445E+01
 0.5680000E+02  0.1403479E+01
 0.5700000E+02  0.1403512E+01
 0.5720000E+02  0.1403545E+01
 0.5740000E+02  0.1403579E+01
 0.5760000E+02  0.1403612E+01
 0.5780000E+02  0.1403645E+01
 0.5800000E+02  0.1403679E+01
 0.5820000E+02  0.1403712E+01
 0.5840000E+02  0.1403745E+01
 0.5860000E+02  0.1403778E+01
 0.5880000E+02  0.1403811E+01
 0.5900000E+02  0.1403844E+01
 0.5920000E+02  0.1403877E+01
 0.5940000E+02  0.1403909E+01
 0.5960000E+02  0.1403941E+01
 0.5980000E+02  0.1403973E+01
 0.6000000E+02  0.1404004E+01
 0.6020000E+02  0.1404035E+01
 0.6040000E+02  0.1404066E+01
 0.6060000E+02  0.1404097E+01
 0.6080000E+02  0.1404127E+01
 0.6100000E+02  0.1404157E+01
 0.6120000E+02  0.1404186E+01
 0.6140000E+02  0.1404215E+01
 0.6160000E+02  0.1404243E+01
 0.6180000E+02  0.1404272E+01
 0.6200000E+02  0.1404299E+01
 0.6220000E+02  0.1404326E+01
 0.6240000E+02  0.1404353E+01
 0.6260000E+02  0.1404379E+01
 0.6280000E+02  0.1404405E+01
 0.6300000E+02  0.1404430E+01
 0.6320000E+02  0.1404455E+01
 0.6340000E+02  0.1404479E+01
 0.6360000E+02  0.1404503E+01
 0.6380000E+02  0.1404526E+01
 0.6400000E+02  0.1404549E+01
 0.6420000E+02  0.1404571E+01
 0.6440000E+02  0.1404592E+01
 0.6460000E+02  0.1404613E+01
 0.6480000E+02  0.1404634E+01
 0.6500000E+02  0.1404654E+01
 0.6520000E+02  0.1404673E+01
 0.6540000E+02  0.1404692E+01
 0.6560000E+02  0.1404710E+01
 0.6580000E+02  0.1404728E+01
 0.6600000E+02  0.1404745E+01
 0.6620000E+02  0.1404762E+01
 0.6640000E+02  0.1404778E+01
 0.6660000E+02  0.1404793E+01
 0.6680000E+02  0.1404808E+01
 0.6700000E+02  0.1404823E+01
 0.6720000E+02  0.1404837E+01
 0.6740000E+02  0.1404850E+01
 0.6760000E+02  0.1404863E+01
 0.6780000E+02  0.1404875E+01
 0.6800000E+02  0.1404887E+01
 0.6820000E+02  0.1404899E+01
 0.6840000E+02  0.1404910E+01
 0.6860000E+02  0.1404920E+01
 0.6880000E+02  0.1404930E+01
 0.6900000E+02  0.1404939E+01
 0.6920000E+02  0.1404948E+01
 0.6940000E+02  0.1404957E+01
 0.6960000E+02  0.1404965E+01
 0.6980000E+02  0.1404973E+01
 0.7000000E+02  0.1404980E+01
 0.7020000E+02  0.1404987E+01
 0.7040000E+02  0.1404993E+01
 0.7060000E+02  0.1404999E+01
 0.7080000E+02  0.1405005E+01
 0.7100000E+02  0.1405011E+01
 0.7120000E+02  0.1405016E+01
 0.7140000E+02  0.1405020E+01
 0.7160000E+02  0.1405025E+01
 0.7180000E+02  0.1405029E+01
 0.7200000E+02  0.1405033E+01
 0.7220000E+02  0.1405036E+01
 0.7240000E+02  0.1405039E+01
 0.7260000E+02  0.1405042E+01
 0.7280000E+02  0.1405045E+01
 0.7300000E+02  0.1405048E+01
 0.7320000E+02  0.1405050E+01
 0.7340000E+02  0.1405053E+01
 0.7360000E+02  0.1405055E+01
 0.7380000E+02  0.1405057E+01
 0.7400000E+02  0.1405059E+01
 0.7420000E+02  0.1405061E+01
 0.7440000E+02  0.1405062E+01
 0.7460000E+02  0.1405064E+01
 0.7480000E+02  0.1405066E+01
 0.7500000E+02  0.1405068E+01
 0.7520000E+02  0.1405069E+01
 0.7540000E+02  0.1405071E+01
 0.7560000E+02  0.1405073E+01
 0.7580000E+02  0.1405075E+01
 0.7600000E+02  0.1405077E+01
 0.7620000E+02  0.1405079E+01
 0.7640000E+02  0.1405081E+01
 0.7660000E+02  0.1405084E+01
 0.7680000E+02  0.1405087E+01
 0.7700000E+02  0.1405089E+01
 0.7720000E+02  0.1405093E+01
 0.7740000E+02  0.1405096E+01
 0.7760000E+02  0.1405100E+01
 0.7780000E+02  0.1405104E+01
 0.7800000E+02  0.1405108E+01
 0.7820000E+02  0.1405112E+01
 0.7840000E+02  0.1405117E+01
 0.7860000E+02  0.1405123E+01
 0.7880000E+02  0.1405129E+01
 0.7900000E+02  0.1405135E+01
 0.7920000E+02  0.1405141E+01
 0.7940000E+02  0.1405148E+01
 0.7960000E+02  0.1405156E+01
 0.7980000E+02  0.1405164E+01
 0.8000000E+02  0.1405172E+01
 0.8020000E+02  0.1405181E+01
 0.8040000E+02  0.1405191E+01
 0.8060000E+02  0.1405201E+01
 0.8080000E+02  0.1405211E+01
 0.8100000E+02  0.1405222E+01
 0.8120000E+02  0.1405234E+01
 0.8140000E+02  0.1405246E+01
 0.8160000E+02  0.1405259E+01
 0.8180000E+02  0.1405273E+01
 0.8200000E+02  0.1405287E+01
 0.8220000E+02  0.1405301E+01
 0.8240000E+02  0.1405317E+01
 0.8260000E+02  0.1405332E+01
 0.8280000E+02  0.1405349E+01
 0.8300000E+02  0.1405366E+01
 0.8320000E+02  0.1405384E+01
 0.8340000E+02  0.1405402E+01
 0.8360000E+02  0.1405421E+01
 0.8380000E+02  0.1405441E+01
 0.8400000E+02  0.1405461E+01
 0.8420000E+02  0.1405481E+01
 0.8440000E+02  0.1405503E+01
 0.8460000E+02  0.1405525E+01
 0.8480000E+02  0.1405547E+01
 0.8500000E+02  0.1405570E+01
 0.8520000E+02  0.1405594E+01
 0.8540000E+02  0.1405618E+01
 0.8560000E+02  0.1405643E+01
 0.8580000E+02  0.1405669E+01
 0.8600000E+02  0.1405695E+01
 0.8620000E+02  0.1405721E+01
 0.8640000E+02  0.1405748E+01
 0.8660000E+02  0.1405776E+01
 0.8680000E+02  0.1405804E+01
 0.8700000E+02  0.1405832E+01
 0.8720000E+02  0.1405861E+01
 0.8740000E+02  0.1405891E+01
 0.8760000E+02  0.1405921E+01
 0.8780000E+02  0.1405951E+01
 0.8800000E+02  0.1405982E+01
 0.8820000E+02  0.1406013E+01
 0.8840000E+02  0.1406045E+01
 0.8860000E+02  0.1406077E+01
 0.8880000E+02  0.1406109E+01
 0.8900000E+02  0.1406142E+01
 0.8920000E+02  0.1406175E+01
 0.8940000E+02  0.1406208E+01
 0.8960000E+02  0.1406242E+01
 0.8980000E+02  0.1406276E+01
 0.9000000E+02  0.1406311E+01
 0.9020000E+02  0.1406345E+01
 0.9040000E+02  0.1406380E+01
 0.9060000E+02  0.1406416E+01
 0.9080000E+02  0.1406451E+01
 0.9100000E+02  0.1406487E+01
 0.9120000E+02  0.1406523E+01
 0.9140000E+02  0.1406560E+01
 0.9160000E+02  0.1406596E+01
 0.9180000E+02  0.1406633E+01
 0.9200000E+02  0.1406670E+01
 0.9220000E+02  0.1406707E+01
 0.9240000E+02  0.1406744E+01
 0.9260000E+02  0.1406782E+01
 0.9280000E+02  0.1406820E+01
 0.9300000E+02  0.1406858E+01
 0.9320000E+02  0.1406896E+01
 0.9340000E+02  0.1406935E+01
 0.9360000E+02  0.1406973E+01
 0.9380000E+02  0.1407012E+01
 0.9400000E+02  0.1407051E+01
 0.9420000E+02  0.1407090E+01
 0.9440000E+02  0.1407129E+01
 0.9460000E+02  0.1407169E+01
 0.9480000E+02  0.1407209E+01
 0.9500000E+02  0.1407248E+01
 0.9520000E+02  0.1407289E+01
 0.9540000E+02  0.1407329E+01
 0.9560000E+02  0.1407370E+01
 0.9580000E+02  0.1407410E+01
 0.9600000E+02  0.1407452E+01
 0.9620000E+02  0.1407493E+01
 0.9640000E+02  0.1407535E+01
 0.9660000E+02  0.1407576E+01
 0.9680000E+02  0.1407619E+01
 0.9700000E+02  0.1407661E+01
 0.9720000E+02  0.1407704E+01
 0.9740000E+02  0.1407747E+01
 0.9760000E+02  0.1407791E+01
 0.9780000E+02  0.1407835E+01
 0.9800000E+02  0.1407880E+01
 0.9820000E+02  0.1407925E+01
 0.9840000E+02  0.1407970E+01
 0.9860000E+02  0.1408016E+01
 0.9880000E+02  0.1408063E+01
 0.9900000E+02  0.1408110E+01
 0.9920000E+02  0.1408158E+01
 0.9940000E+02  0.1408206E+01
 0.9960000E+02  0.1408255E+01
 0.9980000E+02  0.1408305E+01
 0.1000000E+03  0.1408356E+01
 0.1002000E+03  0.1408407E+01
 0.1004000E+03  0.1408460E+01
 0.1006000E+03  0.1408513E+01
 0.1008000E+03  0.1408567E+01
 0.1010000E+03  0.1408623E+01
 0.1012000E+03  0.1408679E+01
 0.1014000E+03  0.1408736E+01
 0.1016000E+03  0.1408795E+01
 0.1018000E+03  0.1408855E+01
 0.1020000E+03  0.1408916E+01
 0.1022000E+03  0.1408978E+01
 0.1024000E+03  0.1409042E+01
 0.1026000E+03  0.1409107E+01
 0.1028000E+03  0.1409174E+01
 0.1030000E+03  0.1409242E+01
 0.1032000E+03  0.1409312E+01
 0.1034000E+03  0.1409384E+01
 0.1036000E+03  0.1409457E+01
 0.1038000E+03  0.1409532E+01
 0.1040000E+03  0.1409608E+01
 0.1042000E+03  0.1409687E+01
 0.1044000E+03  0.1409767E+01
 0.1046000E+03  0.1409850E+01
 0.1048000E+03  0.1409934E+01
 0.1050000E+03  0.1410020E+01
 0.1052000E+03  0.1410109E+01
 0.1054000E+03  0.1410199E+01
 0.1056000E+03  0.1410291E+01
 0.1058000E+03  0.1410386E+01
 0.1060000E+03  0.1410482E+01
 0.1062000E+03  0.1410581E+01
 0.1064000E+03  0.1410682E+01
 0.1066000E+03  0.1410785E+01
 0.1068000E+03  0.1410890E+01
 0.1070000E+03  0.1410997E+01
 0.1072000E+03  0.1411106E+01
 0.1074000E+03  0.1411217E+01
 0.1076000E+03  0.1411330E+01
 0.1078000E+03  0.1411445E+01
 0.1080000E+03  0.1411562E+01
 0.1082000E+03  0.1411681E+01
 0.1084000E+03  0.1411801E+01
 0.1086000E+03  0.1411923E+01
 0.1088000E+03  0.1412047E+01
 0.1090000E+03  0.1412172E+01
 0.1092000E+03  0.1412298E+01
 0.1094000E+03  0.1412426E+01
 0.1096000E+03  0.1412555E+01
 0.1098000E+03  0.1412685E+01
 0.1100000E+03  0.1412816E+01
 0.1102000E+03  0.1412948E+01
 0.1104000E+03  0.1413080E+01
 0.1106000E+03  0.1413213E+01
 0.1108000E+03  0.1413347E+01
 0.1110000E+03  0.1413480E+01
 0.1112000E+03  0.1413614E+01
 0.1114000E+03  0.1413747E+01
 0.1116000E+03  0.1413881E+01
 0.1118000E+03  0.1414014E+01
 0.1120000E+03  0.1414147E+01
 0.1122000E+03  0.1414278E+01
 0.1124000E+03  0.1414409E+01
 0.1126000E+03  0.1414540E+01
 0.1128000E+03  0.1414668E+01
 0.1130000E+03  0.1414796E+01
 0.1132000E+03  0.1414922E+01
 0.1134000E+03  0.1415047E+01
 0.1136000E+03  0.1415170E+01
 0.1138000E+03  0.1415291E+01
 0.1140000E+03  0.1415410E+01
 0.1142000E+03  0.1415527E+01
 0.1144000E+03  0.1415642E+01
 0.1146000E+03  0.1415754E+01
 0.1148000E+03  0.1415864E+01
 0.1150000E+03  0.1415972E+01
 0.1152000E+03  0.1416077E+01
 0.1154000E+03  0.1416179E+01
 0.1156000E+03  0.1416279E+01
 0.1158000E+03  0.1416376E+01
 0.1160000E+03  0.1416470E+01
 0.1162000E+03  0.1416561E+01
 0.1164000E+03  0.1416649E+01
 0.1166000E+03  0.1416735E+01
 0.1168000E+03  0.1416818E+01
 0.1170000E+03  0.1416897E+01
 0.1172000E+03  0.1416974E+01
 0.1174000E+03  0.1417048E+01
 0.1176000E+03  0.1417120E+01
 0.1178000E+03  0.1417189E+01
 0.1180000E+03  0.1417255E+01
 0.1182000E+03  0.1417318E+01
 0.1184000E+03  0.1417379E+01
 0.1186000E+03  0.1417437E+01
 0.1188000E+03  0.1417494E+01
 0.1190000E+03  0.1417547E+01
 0.1192000E+03  0.1417599E+01
 0.1194000E+03  0.1417649E+01
 0.1196000E+03  0.1417697E+01
 0.1198000E+03  0.1417743E+01
 0.1200000E+03  0.1417788E+01
 0.1202000E+03  0.1417831E+01
 0.1204000E+03  0.1417872E+01
 0.1206000E+03  0.1417913E+01
 0.1208000E+03  0.1417952E+01
 0.1210000E+03  0.1417991E+01
 0.1212000E+03  0.1418028E+01
 0.1214000E+03  0.1418066E+01
 0.1216000E+03  0.1418102E+01
 0.1218000E+03  0.1418138E+01
 0.1220000E+03  0.1418175E+01
 0.1222000E+03  0.1418211E+01
 0.1224000E+03  0.1418247E+01
 0.1226000E+03  0.1418284E+01
 0.1228000E+03  0.1418321E+01
 0.1230000E+03  0.1418358E+01
 0.1232000E+03  0.1418396E+01
 0.1234000E+03  0.1418436E+01
 0.1236000E+03  0.1418476E+01
 0.1238000E+03  0.1418517E+01
 0.1240000E+03  0.1418559E+01
 0.1242000E+03  0.1418603E+01
 0.1244000E+03  0.1418648E+01
 0.1246000E+03  0.1418695E+01
 0.1248000E+03  0.1418744E+01
 0.1250000E+03  0.1418794E+01
 0.1252000E+03  0.1418846E+01
 0.1254000E+03  0.1418900E+01
 0.1256000E+03  0.1418957E+01
 0.1258000E+03  0.1419015E+01
 0.1260000E+03  0.1419076E+01
 0.1262000E+03  0.1419139E+01
 0.1264000E+03  0.1419204E+01
 0.1266000E+03  0.1419272E+01
 0.1268000E+03  0.1419342E+01
 0.1270000E+03  0.1419415E+01
 0.1272000E+03  0.1419490E+01
 0.1274000E+03  0.1419569E+01
 0.1276000E+03  0.1419650E+01
 0.1278000E+03  0.1419733E+01
 0.1280000E+03  0.1419820E+01
 0.1282000E+03  0.1419910E+01
 0.1284000E+03  0.1420002E+01
 0.1286000E+03  0.1420098E+01
 0.1288000E+03  0.1420196E+01
 0.1290000E+03  0.1420298E+01
 0.1292000E+03  0.1420403E+01
 0.1294000E+03  0.1420511E+01
 0.1296000E+03  0.1420622E+01
 0.1298000E+03  0.1420736E+01
 0.1300000E+03  0.1420854E+01
 0.1302000E+03  0.1420974E+01
 0.1304000E+03  0.1421099E+01
 0.1306000E+03  0.1421226E+01
 0.1308000E+03  0.1421357E+01
 0.1310000E+03  0.1421491E+01
 0.1312000E+03  0.1421629E+01
 0.1314000E+03  0.1421771E+01
 0.1316000E+03  0.1421916E+01
 0.1318000E+03  0.1422064E+01
 0.1320000E+03  0.1422216E+01
 0.1322000E+03  0.1422372E+01
 0.1324000E+03  0.1422531E+01
 0.1326000E+03  0.1422694E+01
 0.1328000E+03  0.1422861E+01
 0.1330000E+03  0.1423031E+01
 0.1332000E+03  0.1423205E+01
 0.1334000E+03  0.1423384E+01
 0.1336000E+03  0.1423565E+01
 0.1338000E+03  0.1423751E+01
 0.1340000E+03  0.1423941E+01
 0.1342000E+03  0.1424134E+01
 0.1344000E+03  0.1424332E+01
 0.1346000E+03  0.1424533E+01
 0.1348000E+03  0.1424739E+01
 0.1350000E+03  0.1424948E+01
 0.1352000E+03  0.1425162E+01
 0.1354000E+03  0.1425379E+01
 0.1356000E+03  0.1425600E+01
 0.1358000E+03  0.1425826E+01
 0.1360000E+03  0.1426055E+01
 0.1362000E+03  0.1426289E+01
 0.1364000E+03  0.1426526E+01
 0.1366000E+03  0.1426767E+01
 0.1368000E+03  0.1427013E+01
 0.1370000E+03  0.1427262E+01
 0.1372000E+03  0.1427516E+01
 0.1374000E+03  0.1427773E+01
 0.1376000E+03  0.1428034E+01
 0.1378000E+03  0.1428299E+01
 0.1380000E+03  0.1428568E+01
 0.1382000E+03  0.1428841E+01
 0.1384000E+03  0.1429117E+01
 0.1386000E+03  0.1429397E+01
 0.1388000E+03  0.1429681E+01
 0.1390000E+03  0.1429969E+01
 0.1392000E+03  0.1430260E+01
 0.1394000E+03  0.1430554E+01
 0.1396000E+03  0.1430852E+01
 0.1398000E+03  0.1431153E+01
 0.1400000E+03  0.1431457E+01
 0.1402000E+03  0.1431765E+01
 0.1404000E+03  0.1432075E+01
 0.1406000E+03  0.1432389E+01
 0.1408000E+03  0.1432705E+01
 0.1410000E+03  0.1433025E+01
 0.1412000E+03  0.1433347E+01
 0.1414000E+03  0.1433671E+01
 0.1416000E+03  0.1433998E+01
 0.1418000E+03  0.1434327E+01
 0.1420000E+03  0.1434659E+01
 0.1422000E+03  0.1434992E+01
 0.1424000E+03  0.1435328E+01
 0.1426000E+03  0.1435665E+01
 0.1428000E+03  0.1436004E+01
 0.1430000E+03  0.1436345E+01
 0.1432000E+03  0.1436687E+01
 0.1434000E+03  0.1437030E+01
 0.1436000E+03  0.1437375E+01
 0.1438000E+03  0.1437721E+01
 0.1440000E+03  0.1438067E+01
 0.1442000E+03  0.1438414E+01
 0.1444000E+03  0.1438762E+01
 0.1446000E+03  0.1439110E+01
 0.1448000E+03  0.1439458E+01
 0.1450000E+03  0.1439807E+01
 0.1452000E+03  0.1440155E+01
 0.1454000E+03  0.1440503E+01
 0.1456000E+03  0.1440851E+01
 0.1458000E+03  0.1441198E+01
 0.1460000E+03  0.1441544E+01
 0.1462000E+03  0.1441890E+01
 0.1464000E+03  0.1442234E+01
 0.1466000E+03  0.1442577E+01
 0.1468000E+03  0.1442919E+01
 0.1470000E+03  0.1443259E+01
 0.1472000E+03  0.1443598E+01
 0.1474000E+03  0.1443934E+01
 0.1476000E+03  0.1444268E+01
 0.1478000E+03  0.1444600E+01
 0.1480000E+03  0.1444930E+01
 0.1482000E+03  0.1445257E+01
 0.1484000E+03  0.1445580E+01
 0.1486000E+03  0.1445901E+01
 0.1488000E+03  0.1446219E+01
 0.1490000E+03  0.1446533E+01
 0.1492000E+03  0.1446844E+01
 0.1494000E+03  0.1447150E+01
 0.1496000E+03  0.1447453E+01
 0.1498000E+03  0.1447751E+01
 0.1500000E+03  0.1448046E+01
 0.1502000E+03  0.1448335E+01
 0.1504000E+03  0.1448620E+01
 0.1506000E+03  0.1448900E+01
 0.1508000E+03  0.1449174E+01
 0.1510000E+03  0.1449444E+01
 0.1512000E+03  0.1449707E+01
 0.1514000E+03  0.1449965E+01
 0.1516000E+03  0.1450217E+01
 0.1518000E+03  0.1450463E+01
 0.1520000E+03  0.1450703E+01
 0.1522000E+03  0.1450936E+01
 0.1524000E+03  0.1451162E+01
 0.1526000E+03  0.1451382E+01
 0.1528000E+03  0.1451595E+01
 0.1530000E+03  0.1451800E+01
 0.1532000E+03  0.1451998E+01
 0.1534000E+03  0.1452188E+01
 0.1536000E+03  0.1452371E+01
 0.1538000E+03  0.1452546E+01
 0.1540000E+03  0.1452713E+01
 0.1542000E+03  0.1452871E+01
 0.1544000E+03  0.1453022E+01
 0.1546000E+03  0.1453163E+01
 0.1548000E+03  0.1453297E+01
 0.1550000E+03  0.1453421E+01
 0.1552000E+03  0.1453536E+01
 0.1554000E+03  0.1453643E+01
 0.1556000E+03  0.1453740E+01
 0.1558000E+03  0.1453828E+01
 0.1560000E+03  0.1453907E+01
 0.1562000E+03  0.1453976E+01
 0.1564000E+03  0.1454036E+01
 0.1566000E+03  0.1454086E+01
 0.1568000E+03  0.1454126E+01
 0.1570000E+03  0.1454156E+01
 0.1572000E+03  0.1454177E+01
 0.1574000E+03  0.1454187E+01
 0.1576000E+03  0.1454187E+01
 0.1578000E+03  0.1454177E+01
 0.1580000E+03  0.1454157E+01
 0.1582000E+03  0.1454127E+01
 0.1584000E+03  0.1454086E+01
 0.1586000E+03  0.1454036E+01
 0.1588000E+03  0.1453974E+01
 0.1590000E+03  0.1453903E+01
 0.1592000E+03  0.1453820E+01
 0.1594000E+03  0.1453728E+01
 0.1596000E+03  0.1453625E+01
 0.1598000E+03  0.1453512E+01
 0.1600000E+03  0.1453388E+01
 0.1602000E+03  0.1453254E+01
 0.1604000E+03  0.1453109E+01
 0.1606000E+03  0.1452955E+01
 0.1608000E+03  0.1452789E+01
 0.1610000E+03  0.1452614E+01
 0.1612000E+03  0.1452429E+01
 0.1614000E+03  0.1452233E+01
 0.1616000E+03  0.1452027E+01
 0.1618000E+03  0.1451812E+01
 0.1620000E+03  0.1451586E+01
 0.1622000E+03  0.1451351E+01
 0.1624000E+03  0.1451106E+01
 0.1626000E+03  0.1450851E+01
 0.1628000E+03  0.1450587E+01
 0.1630000E+03  0.1450314E+01
 0.1632000E+03  0.1450032E+01
 0.1634000E+03  0.1449740E+01
 0.1636000E+03  0.1449440E+01
 0.1638000E+03  0.1449131E+01
 0.1640000E+03  0.1448813E+01
 0.1642000E+03  0.1448487E+01
 0.1644000E+03  0.1448152E+01
 0.1646000E+03  0.1447810E+01
 0.1648000E+03  0.1447460E+01
 0.1650000E+03  0.1447102E+01
 0.1652000E+03  0.1446737E+01
 0.1654000E+03  0.1446365E+01
 0.1656000E+03  0.1445985E+01
 0.1658000E+03  0.1445599E+01
 0.1660000E+03  0.1445207E+01
 0.1662000E+03  0.1444808E+01
 0.1664000E+03  0.1444403E+01
 0.1666000E+03  0.1443993E+01
 0.1668000E+03  0.1443577E+01
 0.1670000E+03  0.1443156E+01
 0.1672000E+03  0.1442729E+01
 0.1674000E+03  0.1442299E+01
 0.1676000E+03  0.1441863E+01
 0.1678000E+03  0.1441424E+01
 0.1680000E+03  0.1440981E+01
 0.1682000E+03  0.1440534E+01
 0.1684000E+03  0.1440084E+01
 0.1686000E+03  0.1439630E+01
 0.1688000E+03  0.1439175E+01
 0.1690000E+03  0.1438716E+01
 0.1692000E+03  0.1438256E+01
 0.1694000E+03  0.1437794E+01
 0.1696000E+03  0.1437330E+01
 0.1698000E+03  0.1436866E+01
 0.1700000E+03  0.1436400E+01
 0.1702000E+03  0.1435934E+01
 0.1704000E+03  0.1435467E+01
 0.1706000E+03  0.1435000E+01
 0.1708000E+03  0.1434534E+01
 0.1710000E+03  0.1434068E+01
 0.1712000E+03  0.1433603E+01
 0.1714000E+03  0.1433139E+01
 0.1716000E+03  0.1432676E+01
 0.1718000E+03  0.1432216E+01
 0.1720000E+03  0.1431757E+01
 0.1722000E+03  0.1431300E+01
 0.1724000E+03  0.1430846E+01
 0.1726000E+03  0.1430395E+01
 0.1728000E+03  0.1429947E+01
 0.1730000E+03  0.1429502E+01
 0.1732000E+03  0.1429060E+01
 0.1734000E+03  0.1428623E+01
 0.1736000E+03  0.1428189E+01
 0.1738000E+03  0.1427760E+01
 0.1740000E+03  0.1427335E+01
 0.1742000E+03  0.1426915E+01
 0.1744000E+03  0.1426499E+01
 0.1746000E+03  0.1426089E+01
 0.1748000E+03  0.1425684E+01
 0.1750000E+03  0.1425285E+01
 0.1752000E+03  0.1424891E+01
 0.1754000E+03  0.1424504E+01
 0.1756000E+03  0.1424122E+01
 0.1758000E+03  0.1423747E+01
 0.1760000E+03  0.1423377E+01
 0.1762000E+03  0.1423015E+01
 0.1764000E+03  0.1422659E+01
 0.1766000E+03  0.1422310E+01
 0.1768000E+03  0.1421968E+01
 0.1770000E+03  0.1421633E+01
 0.1772000E+03  0.1421306E+01
 0.1774000E+03  0.1420986E+01
 0.1776000E+03  0.1420673E+01
 0.1778000E+03  0.1420367E+01
 0.1780000E+03  0.1420070E+01
 0.1782000E+03  0.1419780E+01
 0.1784000E+03  0.1419498E+01
 0.1786000E+03  0.1419224E+01
 0.1788000E+03  0.1418958E+01
 0.1790000E+03  0.1418700E+01
 0.1792000E+03  0.1418451E+01
 0.1794000E+03  0.1418209E+01
 0.1796000E+03  0.1417976E+01
 0.1798000E+03  0.1417751E+01
 0.1800000E+03  0.1417535E+01
 0.1802000E+03  0.1417327E+01
 0.1804000E+03  0.1417127E+01
 0.1806000E+03  0.1416936E+01
 0.1808000E+03  0.1416754E+01
 0.1810000E+03  0.1416580E+01
 0.1812000E+03  0.1416415E+01
 0.1814000E+03  0.1416258E+01
 0.1816000E+03  0.1416111E+01
 0.1818000E+03  0.1415972E+01
 0.1820000E+03  0.1415841E+01
 0.1822000E+03  0.1415719E+01
 0.1824000E+03  0.1415606E+01
 0.1826000E+03  0.1415502E+01
 0.1828000E+03  0.1415406E+01
 0.1830000E+03  0.1415319E+01
 0.1832000E+03  0.1415241E+01
 0.1834000E+03  0.1415171E+01
 0.1836000E+03  0.1415110E+01
 0.1838000E+03  0.1415058E+01
 0.1840000E+03  0.1415014E+01
 0.1842000E+03  0.1414978E+01
 0.1844000E+03  0.1414951E+01
 0.1846000E+03  0.1414932E+01
 0.1848000E+03  0.1414921E+01
 0.1850000E+03  0.1414918E+01
 0.1852000E+03  0.1414923E+01
 0.1854000E+03  0.1414936E+01
 0.1856000E+03  0.1414957E+01
 0.1858000E+03  0.1414985E+01
 0.1860000E+03  0.1415021E+01
 0.1862000E+03  0.1415064E+01
 0.1864000E+03  0.1415114E+01
 0.1866000E+03  0.1415171E+01
 0.1868000E+03  0.1415235E+01
 0.1870000E+03  0.1415305E+01
 0.1872000E+03  0.1415382E+01
 0.1874000E+03  0.1415464E+01
 0.1876000E+03  0.1415552E+01
 0.1878000E+03  0.1415646E+01
 0.1880000E+03  0.1415745E+01
 0.1882000E+03  0.1415849E+01
 0.1884000E+03  0.1415957E+01
 0.1886000E+03  0.1416070E+01
 0.1888000E+03  0.1416187E+01
 0.1890000E+03  0.1416308E+01
 0.1892000E+03  0.1416432E+01
 0.1894000E+03  0.1416559E+01
 0.1896000E+03  0.1416689E+01
 0.1898000E+03  0.1416822E+01
 0.1900000E+03  0.1416957E+01
 0.1902000E+03  0.1417094E+01
 0.1904000E+03  0.1417232E+01
 0.1906000E+03  0.1417371E+01
 0.1908000E+03  0.1417512E+01
 0.1910000E+03  0.1417653E+01
 0.1912000E+03  0.1417794E+01
 0.1914000E+03  0.1417936E+01
 0.1916000E+03  0.1418077E+01
 0.1918000E+03  0.1418218E+01
 0.1920000E+03  0.1418358E+01
 0.1922000E+03  0.1418498E+01
 0.1924000E+03  0.1418636E+01
 0.1926000E+03  0.1418773E+01
 0.1928000E+03  0.1418909E+01
 0.1930000E+03  0.1419043E+01
 0.1932000E+03  0.1419176E+01
 0.1934000E+03  0.1419307E+01
 0.1936000E+03  0.1419436E+01
 0.1938000E+03  0.1419563E+01
 0.1940000E+03  0.1419688E+01
 0.1942000E+03  0.1419811E+01
 0.1944000E+03  0.1419932E+01
 0.1946000E+03  0.1420052E+01
 0.1948000E+03  0.1420169E+01
 0.1950000E+03  0.1420284E+01
 0.1952000E+03  0.1420398E+01
 0.1954000E+03  0.1420509E+01
 0.1956000E+03  0.1420619E+01
 0.1958000E+03  0.1420728E+01
 0.1960000E+03  0.1420835E+01
 0.1962000E+03  0.1420940E+01
 0.1964000E+03  0.1421045E+01
 0.1966000E+03  0.1421148E+01
 0.1968000E+03  0.1421251E+01
 0.1970000E+03  0.1421352E+01
 0.1972000E+03  0.1421453E+01
 0.1974000E+03  0.1421554E+01
 0.1976000E+03  0.1421654E+01
 0.1978000E+03  0.1421755E+01
 0.1980000E+03  0.1421855E+01
 0.1982000E+03  0.1421955E+01
 0.1984000E+03  0.1422056E+01
 0.1986000E+03  0.1422158E+01
 0.1988000E+03  0.1422260E+01
 0.1990000E+03  0.1422362E+01
 0.1992000E+03  0.1422466E+01
 0.1994000E+03  0.1422571E+01
 0.1996000E+03  0.1422677E+01
 0.1998000E+03  0.1422784E+01
 0.2000000E+03  0.1422893E+01
 0.2002000E+03  0.1423003E+01
 0.2004000E+03  0.1423115E+01
 0.2006000E+03  0.1423228E+01
 0.2008000E+03  0.1423343E+01
 0.2010000E+03  0.1423460E+01
 0.2012000E+03  0.1423579E+01
 0.2014000E+03  0.1423700E+01
 0.2016000E+03  0.1423823E+01
 0.2018000E+03  0.1423948E+01
 0.2020000E+03  0.1424076E+01
 0.2022000E+03  0.1424205E+01
 0.2024000E+03  0.1424337E+01
 0.2026000E+03  0.1424471E+01
 0.2028000E+03  0.1424607E+01
 0.2030000E+03  0.1424746E+01
 0.2032000E+03  0.1424886E+01
 0.2034000E+03  0.1425030E+01
 0.2036000E+03  0.1425176E+01
 0.2038000E+03  0.1425324E+01
 0.2040000E+03  0.1425475E+01
 0.2042000E+03  0.1425628E+01
 0.2044000E+03  0.1425785E+01
 0.2046000E+03  0.1425943E+01
 0.2048000E+03  0.1426105E+01
 0.2050000E+03  0.1426269E+01
 0.2052000E+03  0.1426436E+01
 0.2054000E+03  0.1426606E+01
 0.2056000E+03  0.1426778E+01
 0.2058000E+03  0.1426954E+01
 0.2060000E+03  0.1427132E+01
 0.2062000E+03  0.1427314E+01
 0.2064000E+03  0.1427498E+01
 0.2066000E+03  0.1427686E+01
 0.2068000E+03  0.1427877E+01
 0.2070000E+03  0.1428071E+01
 0.2072000E+03  0.1428269E+01
 0.2074000E+03  0.1428469E+01
 0.2076000E+03  0.1428674E+01
 0.2078000E+03  0.1428881E+01
 0.2080000E+03  0.1429092E+01
 0.2082000E+03  0.1429307E+01
 0.2084000E+03  0.1429525E+01
 0.2086000E+03  0.1429747E+01
 0.2088000E+03  0.1429972E+01
 0.2090000E+03  0.1430201E+01
 0.2092000E+03  0.1430434E+01
 0.2094000E+03  0.1430670E+01
 0.2096000E+03  0.1430910E+01
 0.2098000E+03  0.1431154E+01
 0.2100000E+03  0.1431402E+01
 0.2102000E+03  0.1431653E+01
 0.2104000E+03  0.1431908E+01
 0.2106000E+03  0.1432167E+01
 0.2108000E+03  0.1432430E+01
 0.2110000E+03  0.1432696E+01
 0.2112000E+03  0.1432966E+01
 0.2114000E+03  0.1433239E+01
 0.2116000E+03  0.1433517E+01
 0.2118000E+03  0.1433797E+01
 0.2120000E+03  0.1434082E+01
 0.2122000E+03  0.1434369E+01
 0.2124000E+03  0.1434660E+01
 0.2126000E+03  0.1434955E+01
 0.2128000E+03  0.1435252E+01
 0.2130000E+03  0.1435553E+01
 0.2132000E+03  0.1435857E+01
 0.2134000E+03  0.1436163E+01
 0.2136000E+03  0.1436473E+01
 0.2138000E+03  0.1436785E+01
 0.2140000E+03  0.1437099E+01
 0.2142000E+03  0.1437416E+01
 0.2144000E+03  0.1437736E+01
 0.2146000E+03  0.1438057E+01
 0.2148000E+03  0.1438381E+01
 0.2150000E+03  0.1438706E+01
 0.2152000E+03  0.1439033E+01
 0.2154000E+03  0.1439362E+01
 0.2156000E+03  0.1439691E+01
 0.2158000E+03  0.1440022E+01
 0.2160000E+03  0.1440354E+01
 0.2162000E+03  0.1440687E+01
 0.2164000E+03  0.1441020E+01
 0.2166000E+03  0.1441354E+01
 0.2168000E+03  0.1441688E+01
 0.2170000E+03  0.1442022E+01
 0.2172000E+03  0.1442355E+01
 0.2174000E+03  0.1442688E+01
 0.2176000E+03  0.1443021E+01
 0.2178000E+03  0.1443352E+01
 0.2180000E+03  0.1443682E+01
 0.2182000E+03  0.1444011E+01
 0.2184000E+03  0.1444339E+01
 0.2186000E+03  0.1444664E+01
 0.2188000E+03  0.1444988E+01
 0.2190000E+03  0.1445309E+01
 0.2192000E+03  0.1445628E+01
 0.2194000E+03  0.1445944E+01
 0.2196000E+03  0.1446257E+01
 0.2198000E+03  0.1446566E+01
 0.2200000E+03  0.1446873E+01
 0.2202000E+03  0.1447175E+01
 0.2204000E+03  0.1447474E+01
 0.2206000E+03  0.1447768E+01
 0.2208000E+03  0.1448058E+01
 0.2210000E+03  0.1448343E+01
 0.2212000E+03  0.1448624E+01
 0.2214000E+03  0.1448899E+01
 0.2216000E+03  0.1449169E+01
 0.2218000E+03  0.1449433E+01
 0.2220000E+03  0.1449691E+01
 0.2222000E+03  0.1449944E+01
 0.2224000E+03  0.1450190E+01
 0.2226000E+03  0.1450430E+01
 0.2228000E+03  0.1450663E+01
 0.2230000E+03  0.1450889E+01
 0.2232000E+03  0.1451108E+01
 0.2234000E+03  0.1451320E+01
 0.2236000E+03  0.1451524E+01
 0.2238000E+03  0.1451721E+01
 0.2240000E+03  0.1451910E+01
 0.2242000E+03  0.1452091E+01
 0.2244000E+03  0.1452264E+01
 0.2246000E+03  0.1452428E+01
 0.2248000E+03  0.1452584E+01
 0.2250000E+03  0.1452731E+01
 0.2252000E+03  0.1452870E+01
 0.2254000E+03  0.1452999E+01
 0.2256000E+03  0.1453120E+01
 0.2258000E+03  0.1453231E+01
 0.2260000E+03  0.1453333E+01
 0.2262000E+03  0.1453426E+01
 0.2264000E+03  0.1453510E+01
 0.2266000E+03  0.1453583E+01
 0.2268000E+03  0.1453648E+01
 0.2270000E+03  0.1453702E+01
 0.2272000E+03  0.1453747E+01
 0.2274000E+03  0.1453782E+01
 0.2276000E+03  0.1453808E+01
 0.2278000E+03  0.1453823E+01
 0.2280000E+03  0.1453829E+01
 0.2282000E+03  0.1453825E+01
 0.2284000E+03  0.1453812E+01
 0.2286000E+03  0.1453789E+01
 0.2288000E+03  0.1453756E+01
 0.2290000E+03  0.1453713E+01
 0.2292000E+03  0.1453661E+01
 0.2294000E+03  0.1453600E+01
 0.2296000E+03  0.1453529E+01
 0.2298000E+03  0.1453449E+01
 0.2300000E+03  0.1453360E+01
 0.2302000E+03  0.1453261E+01
 0.2304000E+03  0.1453154E+01
 0.2306000E+03  0.1453039E+01
 0.2308000E+03  0.1452914E+01
 0.2310000E+03  0.1452781E+01
 0.2312000E+03  0.1452640E+01
 0.2314000E+03  0.1452491E+01
 0.2316000E+03  0.1452334E+01
 0.2318000E+03  0.1452170E+01
 0.2320000E+03  0.1451998E+01
 0.2322000E+03  0.1451818E+01
 0.2324000E+03  0.1451632E+01
 0.2326000E+03  0.1451439E+01
 0.2328000E+03  0.1451240E+01
 0.2330000E+03  0.1451034E+01
 0.2332000E+03  0.1450822E+01
 0.2334000E+03  0.1450605E+01
 0.2336000E+03  0.1450382E+01
 0.2338000E+03  0.1450153E+01
 0.2340000E+03  0.1449920E+01
 0.2342000E+03  0.1449683E+01
 0.2344000E+03  0.1449441E+01
 0.2346000E+03  0.1449195E+01
 0.2348000E+03  0.1448945E+01
 0.2350000E+03  0.1448692E+01
 0.2352000E+03  0.1448436E+01
 0.2354000E+03  0.1448177E+01
 0.2356000E+03  0.1447916E+01
 0.2358000E+03  0.1447652E+01
 0.2360000E+03  0.1447387E+01
 0.2362000E+03  0.1447120E+01
 0.2364000E+03  0.1446853E+01
 0.2366000E+03  0.1446584E+01
 0.2368000E+03  0.1446315E+01
 0.2370000E+03  0.1446047E+01
 0.2372000E+03  0.1445778E+01
 0.2374000E+03  0.1445510E+01
 0.2376000E+03  0.1445243E+01
 0.2378000E+03  0.1444977E+01
 0.2380000E+03  0.1444713E+01
 0.2382000E+03  0.1444451E+01
 0.2384000E+03  0.1444191E+01
 0.2386000E+03  0.1443934E+01
 0.2388000E+03  0.1443680E+01
 0.2390000E+03  0.1443429E+01
 0.2392000E+03  0.1443182E+01
 0.2394000E+03  0.1442938E+01
 0.2396000E+03  0.1442699E+01
 0.2398000E+03  0.1442464E+01
 0.2400000E+03  0.1442234E+01
 0.2402000E+03  0.1442010E+01
 0.2404000E+03  0.1441790E+01
 0.2406000E+03  0.1441576E+01
 0.2408000E+03  0.1441368E+01
 0.2410000E+03  0.1441165E+01
 0.2412000E+03  0.1440969E+01
 0.2414000E+03  0.1440780E+01
 0.2416000E+03  0.1440597E+01
 0.2418000E+03  0.1440421E+01
 0.2420000E+03  0.1440251E+01
 0.2422000E+03  0.1440089E+01
 0.2424000E+03  0.1439934E+01
 0.2426000E+03  0.1439787E+01
 0.2428000E+03  0.1439647E+01
 0.2430000E+03  0.1439515E+01
 0.2432000E+03  0.1439390E+01
 0.2434000E+03  0.1439273E+01
 0.2436000E+03  0.1439163E+01
 0.2438000E+03  0.1439062E+01
 0.2440000E+03  0.1438968E+01
 0.2442000E+03  0.1438883E+01
 0.2444000E+03  0.1438805E+01
 0.2446000E+03  0.1438735E+01
 0.2448000E+03  0.1438672E+01
 0.2450000E+03  0.1438618E+01
 0.2452000E+03  0.1438571E+01
 0.2454000E+03  0.1438532E+01
 0.2456000E+03  0.1438500E+01
 0.2458000E+03  0.1438476E+01
 0.2460000E+03  0.1438459E+01
 0.2462000E+03  0.1438449E+01
 0.2464000E+03  0.1438447E+01
 0.2466000E+03  0.1438452E+01
 0.2468000E+03  0.1438463E+01
 0.2470000E+03  0.1438481E+01
 0.2472000E+03  0.1438506E+01
 0.2474000E+03  0.1438538E+01
 0.2476000E+03  0.1438575E+01
 0.2478000E+03  0.1438619E+01
 0.2480000E+03  0.1438669E+01
 0.2482000E+03  0.1438725E+01
 0.2484000E+03  0.1438786E+01
 0.2486000E+03  0.1438853E+01
 0.2488000E+03  0.1438924E+01
 0.2490000E+03  0.1439001E+01
 0.2492000E+03  0.1439083E+01
 0.2494000E+03  0.1439170E+01
 0.2496000E+03  0.1439261E+01
 0.2498000E+03  0.1439357E+01
 0.2500000E+03  0.1439456E+01
 0.2502000E+03  0.1439560E+01
 0.2504000E+03  0.1439667E+01
 0.2506000E+03  0.1439778E+01
 0.2508000E+03  0.1439892E+01
 0.2510000E+03  0.1440010E+01
 0.2512000E+03  0.1440131E+01
 0.2514000E+03  0.1440255E+01
 0.2516000E+03  0.1440381E+01
 0.2518000E+03  0.1440510E+01
 0.2520000E+03  0.1440642E+01
 0.2522000E+03  0.1440776E+01
 0.2524000E+03  0.1440912E+01
 0.2526000E+03  0.1441050E+01
 0.2528000E+03  0.1441190E+01
 0.2530000E+03  0.1441332E+01
 0.2532000E+03  0.1441475E+01
 0.2534000E+03  0.1441620E+01
 0.2536000E+03  0.1441767E+01
 0.2538000E+03  0.1441915E+01
 0.2540000E+03  0.1442065E+01
 0.2542000E+03  0.1442215E+01
 0.2544000E+03  0.1442367E+01
 0.2546000E+03  0.1442520E+01
 0.2548000E+03  0.1442674E+01
 0.2550000E+03  0.1442830E+01
 0.2552000E+03  0.1442986E+01
 0.2554000E+03  0.1443143E+01
 0.2556000E+03  0.1443301E+01
 0.2558000E+03  0.1443461E+01
 0.2560000E+03  0.1443621E+01
 0.2562000E+03  0.1443782E+01
 0.2564000E+03  0.1443944E+01
 0.2566000E+03  0.1444107E+01
 0.2568000E+03  0.1444272E+01
 0.2570000E+03  0.1444437E+01
 0.2572000E+03  0.1444603E+01
 0.2574000E+03  0.1444771E+01
 0.2576000E+03  0.1444940E+01
 0.2578000E+03  0.1445110E+01
 0.2580000E+03  0.1445282E+01
 0.2582000E+03  0.1445454E+01
 0.2584000E+03  0.1445629E+01
 0.2586000E+03  0.1445804E+01
 0.2588000E+03  0.1445982E+01
 0.2590000E+03  0.1446161E+01
 0.2592000E+03  0.1446341E+01
 0.2594000E+03  0.1446524E+01
 0.2596000E+03  0.1446708E+01
 0.2598000E+03  0.1446894E+01
 0.2600000E+03  0.1447083E+01
 0.2602000E+03  0.1447273E+01
 0.2604000E+03  0.1447465E+01
 0.2606000E+03  0.1447659E+01
 0.2608000E+03  0.1447856E+01
 0.2610000E+03  0.1448054E+01
 0.2612000E+03  0.1448255E+01
 0.2614000E+03  0.1448458E+01
 0.2616000E+03  0.1448663E+01
 0.2618000E+03  0.1448870E+01
 0.2620000E+03  0.1449079E+01
 0.2622000E+03  0.1449291E+01
 0.2624000E+03  0.1449504E+01
 0.2626000E+03  0.1449719E+01
 0.2628000E+03  0.1449936E+01
 0.2630000E+03  0.1450155E+01
 0.2632000E+03  0.1450375E+01
 0.2634000E+03  0.1450597E+01
 0.2636000E+03  0.1450820E+01
 0.2638000E+03  0.1451044E+01
 0.2640000E+03  0.1451269E+01
 0.2642000E+03  0.1451495E+01
 0.2644000E+03  0.1451721E+01
 0.2646000E+03  0.1451947E+01
 0.2648000E+03  0.1452174E+01
 0.2650000E+03  0.1452399E+01
 0.2652000E+03  0.1452625E+01
 0.2654000E+03  0.1452849E+01
 0.2656000E+03  0.1453071E+01
 0.2658000E+03  0.1453292E+01
 0.2660000E+03  0.1453511E+01
 0.2662000E+03  0.1453727E+01
 0.2664000E+03  0.1453940E+01
 0.2666000E+03  0.1454150E+01
 0.2668000E+03  0.1454356E+01
 0.2670000E+03  0.1454558E+01
 0.2672000E+03  0.1454755E+01
 0.2674000E+03  0.1454947E+01
 0.2676000E+03  0.1455133E+01
 0.2678000E+03  0.1455313E+01
 0.2680000E+03  0.1455487E+01
 0.2682000E+03  0.1455654E+01
 0.2684000E+03  0.1455813E+01
 0.2686000E+03  0.1455964E+01
 0.2688000E+03  0.1456108E+01
 0.2690000E+03  0.1456242E+01
 0.2692000E+03  0.1456368E+01
 0.2694000E+03  0.1456484E+01
 0.2696000E+03  0.1456590E+01
 0.2698000E+03  0.1456686E+01
 0.2700000E+03  0.1456771E+01
 0.2702000E+03  0.1456846E+01
 0.2704000E+03  0.1456909E+01
 0.2706000E+03  0.1456961E+01
 0.2708000E+03  0.1457002E+01
 0.2710000E+03  0.1457031E+01
 0.2712000E+03  0.1457049E+01
 0.2714000E+03  0.1457054E+01
 0.2716000E+03  0.1457047E+01
 0.2718000E+03  0.1457029E+01
 0.2720000E+03  0.1456998E+01
 0.2722000E+03  0.1456956E+01
 0.2724000E+03  0.1456901E+01
 0.2726000E+03  0.1456836E+01
 0.2728000E+03  0.1456758E+01
 0.2730000E+03  0.1456670E+01
 0.2732000E+03  0.1456570E+01
 0.2734000E+03  0.1456460E+01
 0.2736000E+03  0.1456340E+01
 0.2738000E+03  0.1456209E+01
 0.2740000E+03  0.1456070E+01
 0.2742000E+03  0.1455921E+01
 0.2744000E+03  0.1455764E+01
 0.2746000E+03  0.1455599E+01
 0.2748000E+03  0.1455427E+01
 0.2750000E+03  0.1455248E+01
 0.2752000E+03  0.1455064E+01
 0.2754000E+03  0.1454873E+01
 0.2756000E+03  0.1454678E+01
 0.2758000E+03  0.1454479E+01
 0.2760000E+03  0.1454277E+01
 0.2762000E+03  0.1454072E+01
 0.2764000E+03  0.1453865E+01
 0.2766000E+03  0.1453657E+01
 0.2768000E+03  0.1453448E+01
 0.2770000E+03  0.1453240E+01
 0.2772000E+03  0.1453033E+01
 0.2774000E+03  0.1452827E+01
 0.2776000E+03  0.1452624E+01
 0.2778000E+03  0.1452424E+01
 0.2780000E+03  0.1452227E+01
 0.2782000E+03  0.1452035E+01
 0.2784000E+03  0.1451848E+01
 0.2786000E+03  0.1451666E+01
 0.2788000E+03  0.1451491E+01
 0.2790000E+03  0.1451321E+01
 0.2792000E+03  0.1451159E+01
 0.2794000E+03  0.1451005E+01
 0.2796000E+03  0.1450858E+01
 0.2798000E+03  0.1450720E+01
 0.2800000E+03  0.1450591E+01
 0.2802000E+03  0.1450471E+01
 0.2804000E+03  0.1450360E+01
 0.2806000E+03  0.1450259E+01
 0.2808000E+03  0.1450167E+01
 0.2810000E+03  0.1450086E+01
 0.2812000E+03  0.1450016E+01
 0.2814000E+03  0.1449956E+01
 0.2816000E+03  0.1449907E+01
 0.2818000E+03  0.1449869E+01
 0.2820000E+03  0.1449841E+01
 0.2822000E+03  0.1449825E+01
 0.2824000E+03  0.1449821E+01
 0.2826000E+03  0.1449827E+01
 0.2828000E+03  0.1449846E+01
 0.2830000E+03  0.1449875E+01
 0.2832000E+03  0.1449917E+01
 0.2834000E+03  0.1449970E+01
 0.2836000E+03  0.1450035E+01
 0.2838000E+03  0.1450111E+01
 0.2840000E+03  0.1450200E+01
 0.2842000E+03  0.1450301E+01
 0.2844000E+03  0.1450413E+01
 0.2846000E+03  0.1450538E+01
 0.2848000E+03  0.1450675E+01
 0.2850000E+03  0.1450825E+01
 0.2852000E+03  0.1450987E+01
 0.2854000E+03  0.1451162E+01
 0.2856000E+03  0.1451349E+01
 0.2858000E+03  0.1451549E+01
 0.2860000E+03  0.1451762E+01
 0.2862000E+03  0.1451989E+01
 0.2864000E+03  0.1452228E+01
 0.2866000E+03  0.1452482E+01
 0.2868000E+03  0.1452748E+01
 0.2870000E+03  0.1453029E+01
 0.2872000E+03  0.1453324E+01
 0.2874000E+03  0.1453633E+01
 0.2876000E+03  0.1453956E+01
 0.2878000E+03  0.1454294E+01
 0.2880000E+03  0.1454647E+01
 0.2882000E+03  0.1455016E+01
 0.2884000E+03  0.1455399E+01
 0.2886000E+03  0.1455799E+01
 0.2888000E+03  0.1456214E+01
 0.2890000E+03  0.1456645E+01
 0.2892000E+03  0.1457093E+01
 0.2894000E+03  0.1457557E+01
 0.2896000E+03  0.1458039E+01
 0.2898000E+03  0.1458537E+01
 0.2900000E+03  0.1459053E+01
 0.2902000E+03  0.1459587E+01
 0.2904000E+03  0.1460138E+01
 0.2906000E+03  0.1460708E+01
 0.2908000E+03  0.1461296E+01
 0.2910000E+03  0.1461903E+01
 0.2912000E+03  0.1462529E+01
 0.2914000E+03  0.1463174E+01
 0.2916000E+03  0.1463838E+01
 0.2918000E+03  0.1464522E+01
 0.2920000E+03  0.1465226E+01
 0.2922000E+03  0.1465949E+01
 0.2924000E+03  0.1466693E+01
 0.2926000E+03  0.1467457E+01
 0.2928000E+03  0.1468242E+01
 0.2930000E+03  0.1469047E+01
 0.2932000E+03  0.1469873E+01
 0.2934000E+03  0.1470720E+01
 0.2936000E+03  0.1471587E+01
 0.2938000E+03  0.1472476E+01
 0.2940000E+03  0.1473385E+01
 0.2942000E+03  0.1474316E+01
 0.2944000E+03  0.1475268E+01
 0.2946000E+03  0.1476240E+01
 0.2948000E+03  0.1477234E+01
 0.2950000E+03  0.1478249E+01
 0.2952000E+03  0.1479284E+01
 0.2954000E+03  0.1480341E+01
 0.2956000E+03  0.1481417E+01
 0.2958000E+03  0.1482515E+01
 0.2960000E+03  0.1483632E+01
 0.2962000E+03  0.1484769E+01
 0.2964000E+03  0.1485927E+01
 0.2966000E+03  0.1487103E+01
 0.2968000E+03  0.1488299E+01
 0.2970000E+03  0.1489514E+01
 0.2972000E+03  0.1490747E+01
 0.2974000E+03  0.1491998E+01
 0.2976000E+03  0.1493266E+01
 0.2978000E+03  0.1494552E+01
 0.2980000E+03  0.1495855E+01
 0.2982000E+03  0.1497174E+01
 0.2984000E+03  0.1498508E+01
 0.2986000E+03  0.1499858E+01
 0.2988000E+03  0.1501223E+01
 0.2990000E+03  0.1502601E+01
 0.2992000E+03  0.1503993E+01
 0.2994000E+03  0.1505397E+01
 0.2996000E+03  0.1506814E+01
 0.2998000E+03  0.1508242E+01
 0.3000000E+03  0.1509681E+01
