 0.20000E+00  0.99998E+00 -0.18458E-18
 0.40000E+00  0.99990E+00 -0.12536E-17
 0.60000E+00  0.99978E+00 -0.13876E-17
 0.80000E+00  0.99961E+00  0.15334E-18
 0.10000E+01  0.99939E+00  0.28562E-17
 0.12000E+01  0.99912E+00  0.10609E-17
 0.14000E+01  0.99880E+00 -0.10037E-17
 0.16000E+01  0.99843E+00  0.35102E-17
 0.18000E+01  0.99802E+00  0.13585E-17
 0.20000E+01  0.99755E+00 -0.18066E-17
 0.22000E+01  0.99704E+00  0.30445E-17
 0.24000E+01  0.99649E+00  0.35556E-17
 0.26000E+01  0.99588E+00 -0.38668E-19
 0.28000E+01  0.99523E+00 -0.48635E-17
 0.30000E+01  0.99454E+00 -0.63007E-17
 0.32000E+01  0.99380E+00  0.97864E-18
 0.34000E+01  0.99301E+00  0.24331E-17
 0.36000E+01  0.99218E+00 -0.22206E-17
 0.38000E+01  0.99131E+00 -0.39585E-17
 0.40000E+01  0.99039E+00  0.62784E-17
 0.42000E+01  0.98943E+00 -0.35681E-17
 0.44000E+01  0.98843E+00 -0.10223E-16
 0.46000E+01  0.98739E+00 -0.40003E-17
 0.48000E+01  0.98631E+00  0.32123E-17
 0.50000E+01  0.98519E+00  0.15817E-16
 0.52000E+01  0.98403E+00 -0.93072E-17
 0.54000E+01  0.98283E+00 -0.68347E-17
 0.56000E+01  0.98159E+00 -0.13412E-17
 0.58000E+01  0.98032E+00 -0.47814E-17
 0.60000E+01  0.97902E+00  0.44999E-17
 0.62000E+01  0.97767E+00  0.16410E-16
 0.64000E+01  0.97630E+00 -0.93563E-17
 0.66000E+01  0.97489E+00  0.74208E-17
 0.68000E+01  0.97345E+00  0.15227E-16
 0.70000E+01  0.97198E+00 -0.86412E-17
 0.72000E+01  0.97048E+00  0.58311E-17
 0.74000E+01  0.96895E+00 -0.45118E-17
 0.76000E+01  0.96739E+00 -0.17163E-17
 0.78000E+01  0.96581E+00 -0.67112E-17
 0.80000E+01  0.96419E+00 -0.20141E-16
 0.82000E+01  0.96256E+00  0.12498E-16
 0.84000E+01  0.96090E+00 -0.51657E-17
 0.86000E+01  0.95922E+00  0.89403E-17
 0.88000E+01  0.95751E+00  0.17293E-16
 0.90000E+01  0.95578E+00  0.76086E-18
 0.92000E+01  0.95404E+00 -0.10211E-16
 0.94000E+01  0.95227E+00 -0.19346E-16
 0.96000E+01  0.95049E+00 -0.10364E-16
 0.98000E+01  0.94869E+00 -0.26784E-17
 0.10000E+02  0.94688E+00 -0.23160E-16
 0.10200E+02  0.94505E+00 -0.21840E-16
 0.10400E+02  0.94321E+00 -0.11576E-16
 0.10600E+02  0.94135E+00 -0.78746E-17
 0.10800E+02  0.93949E+00  0.22076E-16
 0.11000E+02  0.93761E+00 -0.13476E-16
 0.11200E+02  0.93572E+00  0.18677E-18
 0.11400E+02  0.93383E+00  0.71624E-17
 0.11600E+02  0.93193E+00  0.64003E-17
 0.11800E+02  0.93002E+00 -0.97835E-17
 0.12000E+02  0.92811E+00 -0.20636E-16
 0.12200E+02  0.92619E+00  0.58093E-17
 0.12400E+02  0.92427E+00 -0.80389E-17
 0.12600E+02  0.92235E+00 -0.17773E-17
 0.12800E+02  0.92043E+00  0.57307E-17
 0.13000E+02  0.91851E+00  0.24188E-16
 0.13200E+02  0.91659E+00  0.34467E-17
 0.13400E+02  0.91467E+00 -0.20697E-16
 0.13600E+02  0.91275E+00 -0.45252E-17
 0.13800E+02  0.91084E+00 -0.15718E-16
 0.14000E+02  0.90893E+00  0.29201E-17
 0.14200E+02  0.90703E+00 -0.51156E-16
 0.14400E+02  0.90514E+00 -0.15382E-17
 0.14600E+02  0.90325E+00 -0.41039E-18
 0.14800E+02  0.90138E+00  0.22035E-16
 0.15000E+02  0.89951E+00 -0.31567E-16
 0.15200E+02  0.89765E+00 -0.94883E-17
 0.15400E+02  0.89581E+00 -0.49543E-16
 0.15600E+02  0.89398E+00  0.16350E-16
 0.15800E+02  0.89216E+00 -0.19183E-16
 0.16000E+02  0.89035E+00 -0.51520E-16
 0.16200E+02  0.88856E+00  0.29661E-16
 0.16400E+02  0.88679E+00 -0.14635E-16
 0.16600E+02  0.88503E+00 -0.24301E-16
 0.16800E+02  0.88329E+00 -0.22852E-16
 0.17000E+02  0.88157E+00  0.10045E-16
 0.17200E+02  0.87986E+00  0.12484E-16
 0.17400E+02  0.87818E+00  0.82162E-19
 0.17600E+02  0.87652E+00  0.75547E-17
 0.17800E+02  0.87487E+00  0.83780E-17
 0.18000E+02  0.87325E+00  0.13383E-17
 0.18200E+02  0.87166E+00 -0.60427E-17
 0.18400E+02  0.87008E+00  0.28699E-16
 0.18600E+02  0.86853E+00  0.57226E-17
 0.18800E+02  0.86700E+00 -0.17044E-16
 0.19000E+02  0.86550E+00 -0.15963E-16
 0.19200E+02  0.86402E+00 -0.86037E-16
 0.19400E+02  0.86257E+00  0.51273E-16
 0.19600E+02  0.86115E+00 -0.70676E-16
 0.19800E+02  0.85976E+00 -0.91341E-16
 0.20000E+02  0.85839E+00 -0.93885E-17
 0.20200E+02  0.85705E+00 -0.53295E-16
 0.20400E+02  0.85574E+00  0.43243E-16
 0.20600E+02  0.85446E+00  0.46722E-17
 0.20800E+02  0.85320E+00 -0.44385E-17
 0.21000E+02  0.85198E+00 -0.45333E-16
 0.21200E+02  0.85079E+00  0.56243E-17
 0.21400E+02  0.84963E+00  0.71401E-16
 0.21600E+02  0.84850E+00  0.45021E-16
 0.21800E+02  0.84740E+00 -0.61664E-18
 0.22000E+02  0.84634E+00  0.12180E-15
 0.22200E+02  0.84531E+00  0.20803E-16
 0.22400E+02  0.84431E+00 -0.78469E-17
 0.22600E+02  0.84334E+00  0.26007E-16
 0.22800E+02  0.84240E+00  0.38869E-16
 0.23000E+02  0.84150E+00  0.48247E-17
 0.23200E+02  0.84064E+00  0.22253E-16
 0.23400E+02  0.83980E+00  0.77629E-16
 0.23600E+02  0.83900E+00 -0.32391E-16
 0.23800E+02  0.83824E+00  0.12257E-15
 0.24000E+02  0.83750E+00 -0.63561E-16
 0.24200E+02  0.83680E+00  0.21305E-16
 0.24400E+02  0.83614E+00  0.70148E-16
 0.24600E+02  0.83551E+00 -0.37405E-17
 0.24800E+02  0.83491E+00  0.12279E-15
 0.25000E+02  0.83435E+00 -0.64131E-16
 0.25200E+02  0.83382E+00 -0.14442E-15
 0.25400E+02  0.83333E+00 -0.21652E-15
 0.25600E+02  0.83287E+00  0.18648E-16
 0.25800E+02  0.83244E+00  0.39790E-16
 0.26000E+02  0.83205E+00  0.13737E-15
 0.26200E+02  0.83169E+00 -0.54535E-16
 0.26400E+02  0.83136E+00  0.86953E-16
 0.26600E+02  0.83107E+00  0.26888E-15
 0.26800E+02  0.83080E+00 -0.57896E-16
 0.27000E+02  0.83057E+00 -0.24503E-16
 0.27200E+02  0.83037E+00 -0.22053E-15
 0.27400E+02  0.83021E+00 -0.34261E-16
 0.27600E+02  0.83007E+00  0.64185E-16
 0.27800E+02  0.82996E+00 -0.80881E-16
 0.28000E+02  0.82989E+00 -0.19342E-15
 0.28200E+02  0.82984E+00  0.17304E-15
 0.28400E+02  0.82982E+00 -0.16914E-16
 0.28600E+02  0.82983E+00 -0.37687E-15
 0.28800E+02  0.82987E+00  0.74593E-16
 0.29000E+02  0.82993E+00  0.21597E-15
 0.29200E+02  0.83002E+00 -0.17347E-15
 0.29400E+02  0.83014E+00  0.16567E-15
 0.29600E+02  0.83028E+00 -0.13314E-15
 0.29800E+02  0.83044E+00  0.57463E-16
 0.30000E+02  0.83063E+00 -0.44235E-16
 0.30200E+02  0.83084E+00  0.52042E-16
 0.30400E+02  0.83107E+00  0.25804E-16
 0.30600E+02  0.83132E+00 -0.14051E-15
 0.30800E+02  0.83158E+00 -0.77195E-16
 0.31000E+02  0.83187E+00 -0.19689E-15
 0.31200E+02  0.83217E+00  0.75460E-16
 0.31400E+02  0.83249E+00  0.45753E-15
 0.31600E+02  0.83283E+00 -0.15526E-15
 0.31800E+02  0.83317E+00  0.26021E-16
 0.32000E+02  0.83353E+00  0.37036E-15
 0.32200E+02  0.83390E+00  0.38164E-16
 0.32400E+02  0.83428E+00 -0.42414E-15
 0.32600E+02  0.83467E+00  0.44235E-16
 0.32800E+02  0.83506E+00  0.12230E-15
 0.33000E+02  0.83547E+00  0.20990E-15
 0.33200E+02  0.83587E+00  0.36950E-15
 0.33400E+02  0.83628E+00  0.59501E-15
 0.33600E+02  0.83669E+00  0.20123E-15
 0.33800E+02  0.83710E+00  0.57940E-15
 0.34000E+02  0.83751E+00 -0.46751E-15
 0.34200E+02  0.83792E+00 -0.11033E-14
 0.34400E+02  0.83832E+00 -0.20097E-14
 0.34600E+02  0.83872E+00 -0.26021E-17
 0.34800E+02  0.83912E+00  0.11935E-14
 0.35000E+02  0.83950E+00 -0.37817E-15
 0.35200E+02  0.83988E+00 -0.12941E-14
 0.35400E+02  0.84024E+00 -0.41894E-15
 0.35600E+02  0.84060E+00 -0.17521E-15
 0.35800E+02  0.84094E+00 -0.21684E-15
 0.36000E+02  0.84127E+00  0.34694E-15
 0.36200E+02  0.84158E+00 -0.94716E-15
 0.36400E+02  0.84188E+00  0.32613E-15
 0.36600E+02  0.84216E+00  0.13184E-14
 0.36800E+02  0.84242E+00 -0.75460E-15
 0.37000E+02  0.84266E+00  0.86736E-16
 0.37200E+02  0.84289E+00  0.12993E-14
 0.37400E+02  0.84309E+00 -0.15266E-15
 0.37600E+02  0.84327E+00  0.18249E-14
 0.37800E+02  0.84343E+00 -0.51001E-15
 0.38000E+02  0.84356E+00 -0.32439E-15
 0.38200E+02  0.84368E+00 -0.47358E-15
 0.38400E+02  0.84377E+00  0.97665E-15
 0.38600E+02  0.84383E+00  0.12178E-14
 0.38800E+02  0.84388E+00  0.11206E-14
 0.39000E+02  0.84389E+00  0.56552E-15
 0.39200E+02  0.84389E+00 -0.38164E-15
 0.39400E+02  0.84386E+00  0.13878E-16
 0.39600E+02  0.84380E+00 -0.11276E-15
 0.39800E+02  0.84372E+00 -0.55685E-15
 0.40000E+02  0.84362E+00  0.74593E-16
 0.40200E+02  0.84350E+00 -0.72685E-15
 0.40400E+02  0.84335E+00  0.55511E-16
 0.40600E+02  0.84318E+00  0.13756E-14
 0.40800E+02  0.84299E+00 -0.10495E-14
 0.41000E+02  0.84278E+00  0.19082E-16
 0.41200E+02  0.84255E+00 -0.90206E-16
 0.41400E+02  0.84230E+00 -0.19741E-14
 0.41600E+02  0.84203E+00  0.37470E-15
 0.41800E+02  0.84174E+00  0.22725E-15
 0.42000E+02  0.84144E+00  0.39031E-15
 0.42200E+02  0.84113E+00  0.13184E-14
 0.42400E+02  0.84080E+00 -0.24286E-16
 0.42600E+02  0.84045E+00  0.70950E-15
 0.42800E+02  0.84010E+00  0.43195E-15
 0.43000E+02  0.83974E+00 -0.73726E-15
 0.43200E+02  0.83936E+00  0.51348E-15
 0.43400E+02  0.83898E+00  0.19776E-15
 0.43600E+02  0.83860E+00 -0.60715E-15
 0.43800E+02  0.83821E+00 -0.22204E-15
 0.44000E+02  0.83781E+00 -0.51174E-15
 0.44200E+02  0.83741E+00  0.31398E-15
 0.44400E+02  0.83702E+00 -0.10582E-15
 0.44600E+02  0.83662E+00  0.62103E-15
 0.44800E+02  0.83623E+00  0.35215E-15
 0.45000E+02  0.83584E+00 -0.26368E-15
 0.45200E+02  0.83545E+00 -0.46144E-15
 0.45400E+02  0.83507E+00  0.98879E-16
 0.45600E+02  0.83470E+00 -0.45970E-16
 0.45800E+02  0.83434E+00  0.15613E-16
 0.46000E+02  0.83398E+00  0.38164E-16
 0.46200E+02  0.83364E+00  0.77629E-15
 0.46400E+02  0.83331E+00 -0.39205E-15
 0.46600E+02  0.83300E+00  0.80665E-16
 0.46800E+02  0.83270E+00  0.00000E+00
 0.47000E+02  0.83241E+00 -0.13010E-15
 0.47200E+02  0.83215E+00 -0.52042E-16
 0.47400E+02  0.83190E+00 -0.23506E-15
 0.47600E+02  0.83167E+00 -0.33393E-15
 0.47800E+02  0.83145E+00  0.95410E-17
 0.48000E+02  0.83126E+00 -0.98879E-16
 0.48200E+02  0.83110E+00 -0.73726E-16
 0.48400E+02  0.83095E+00 -0.30358E-16
 0.48600E+02  0.83083E+00 -0.15005E-15
 0.48800E+02  0.83073E+00 -0.83700E-16
 0.49000E+02  0.83065E+00  0.29924E-15
 0.49200E+02  0.83060E+00 -0.36017E-15
 0.49400E+02  0.83057E+00 -0.86736E-16
 0.49600E+02  0.83058E+00 -0.21662E-15
 0.49800E+02  0.83060E+00 -0.31030E-15
 0.50000E+02  0.83066E+00  0.18453E-15
 0.50200E+02  0.83074E+00 -0.27322E-16
 0.50400E+02  0.83085E+00  0.11568E-15
 0.50600E+02  0.83099E+00 -0.40658E-16
 0.50800E+02  0.83116E+00 -0.35020E-16
 0.51000E+02  0.83135E+00 -0.37947E-17
 0.51200E+02  0.83158E+00  0.25896E-15
 0.51400E+02  0.83183E+00  0.17412E-15
 0.51600E+02  0.83211E+00  0.73400E-16
 0.51800E+02  0.83242E+00  0.20025E-15
 0.52000E+02  0.83277E+00  0.27756E-16
 0.52200E+02  0.83314E+00  0.12707E-15
 0.52400E+02  0.83354E+00  0.88471E-16
 0.52600E+02  0.83397E+00 -0.21034E-16
 0.52800E+02  0.83443E+00 -0.16480E-16
 0.53000E+02  0.83492E+00  0.97145E-16
 0.53200E+02  0.83544E+00  0.14181E-15
 0.53400E+02  0.83599E+00  0.14030E-15
 0.53600E+02  0.83657E+00  0.65269E-16
 0.53800E+02  0.83718E+00 -0.60715E-17
 0.54000E+02  0.83781E+00 -0.35779E-16
 0.54200E+02  0.83848E+00 -0.81532E-16
 0.54400E+02  0.83917E+00  0.12100E-15
 0.54600E+02  0.83989E+00 -0.45970E-16
 0.54800E+02  0.84064E+00  0.34911E-16
 0.55000E+02  0.84142E+00 -0.26021E-16
 0.55200E+02  0.84223E+00  0.47705E-16
 0.55400E+02  0.84306E+00 -0.13683E-15
 0.55600E+02  0.84392E+00 -0.71557E-17
 0.55800E+02  0.84481E+00  0.58330E-16
 0.56000E+02  0.84572E+00 -0.26021E-16
 0.56200E+02  0.84666E+00 -0.70473E-16
 0.56400E+02  0.84762E+00 -0.52259E-16
 0.56600E+02  0.84861E+00 -0.20817E-16
 0.56800E+02  0.84962E+00 -0.27756E-16
 0.57000E+02  0.85066E+00 -0.10842E-17
 0.57200E+02  0.85172E+00 -0.14745E-16
 0.57400E+02  0.85280E+00  0.47271E-16
 0.57600E+02  0.85391E+00  0.16914E-16
 0.57800E+02  0.85504E+00 -0.18648E-16
 0.58000E+02  0.85618E+00  0.36863E-16
 0.58200E+02  0.85735E+00 -0.45103E-16
 0.58400E+02  0.85854E+00 -0.25370E-16
 0.58600E+02  0.85975E+00 -0.36212E-16
 0.58800E+02  0.86098E+00  0.14528E-16
 0.59000E+02  0.86222E+00  0.47271E-16
 0.59200E+02  0.86349E+00 -0.19516E-16
 0.59400E+02  0.86477E+00 -0.88905E-17
 0.59600E+02  0.86606E+00 -0.14095E-16
 0.59800E+02  0.86737E+00 -0.91073E-17
 0.60000E+02  0.86870E+00 -0.27756E-16
 0.60200E+02  0.87004E+00  0.18215E-16
 0.60400E+02  0.87139E+00  0.29273E-17
 0.60600E+02  0.87276E+00  0.37622E-16
 0.60800E+02  0.87414E+00  0.37080E-16
 0.61000E+02  0.87553E+00 -0.26346E-16
 0.61200E+02  0.87693E+00 -0.27918E-16
 0.61400E+02  0.87833E+00 -0.19841E-16
 0.61600E+02  0.87975E+00 -0.19245E-16
 0.61800E+02  0.88118E+00  0.20844E-16
 0.62000E+02  0.88261E+00  0.39750E-16
 0.62200E+02  0.88404E+00 -0.21237E-16
 0.62400E+02  0.88549E+00 -0.64239E-17
 0.62600E+02  0.88693E+00 -0.48220E-16
 0.62800E+02  0.88838E+00 -0.18323E-16
 0.63000E+02  0.88984E+00  0.43802E-16
 0.63200E+02  0.89129E+00 -0.12523E-16
 0.63400E+02  0.89275E+00  0.16534E-16
 0.63600E+02  0.89420E+00  0.30195E-16
 0.63800E+02  0.89566E+00  0.45536E-17
 0.64000E+02  0.89711E+00  0.22768E-16
 0.64200E+02  0.89856E+00  0.24720E-16
 0.64400E+02  0.90000E+00 -0.20925E-16
 0.64600E+02  0.90144E+00  0.19624E-16
 0.64800E+02  0.90288E+00 -0.95410E-17
 0.65000E+02  0.90431E+00  0.71557E-17
 0.65200E+02  0.90573E+00  0.39031E-17
 0.65400E+02  0.90714E+00  0.10517E-16
 0.65600E+02  0.90854E+00  0.39140E-16
 0.65800E+02  0.90993E+00 -0.30141E-16
 0.66000E+02  0.91131E+00  0.30358E-17
 0.66200E+02  0.91268E+00  0.57246E-16
 0.66400E+02  0.91404E+00 -0.23852E-17
 0.66600E+02  0.91538E+00  0.11384E-16
 0.66800E+02  0.91670E+00 -0.20708E-16
 0.67000E+02  0.91801E+00 -0.47380E-16
 0.67200E+02  0.91931E+00  0.24937E-17
 0.67400E+02  0.92058E+00  0.11493E-16
 0.67600E+02  0.92184E+00  0.76978E-17
 0.67800E+02  0.92307E+00 -0.32634E-16
 0.68000E+02  0.92429E+00 -0.16263E-17
 0.68200E+02  0.92548E+00  0.35237E-16
 0.68400E+02  0.92665E+00  0.32418E-16
 0.68600E+02  0.92780E+00  0.98662E-17
 0.68800E+02  0.92892E+00 -0.12523E-16
 0.69000E+02  0.93002E+00 -0.23852E-17
 0.69200E+02  0.93109E+00 -0.16914E-16
 0.69400E+02  0.93214E+00  0.84568E-17
 0.69600E+02  0.93316E+00  0.25370E-16
 0.69800E+02  0.93415E+00 -0.49873E-17
 0.70000E+02  0.93511E+00 -0.91073E-17
 0.70200E+02  0.93604E+00  0.13010E-16
 0.70400E+02  0.93694E+00 -0.36863E-17
 0.70600E+02  0.93780E+00  0.99747E-17
 0.70800E+02  0.93864E+00 -0.49873E-17
 0.71000E+02  0.93944E+00  0.71557E-17
 0.71200E+02  0.94021E+00 -0.45536E-17
 0.71400E+02  0.94094E+00 -0.11818E-16
 0.71600E+02  0.94164E+00  0.40115E-17
 0.71800E+02  0.94230E+00  0.93241E-17
 0.72000E+02  0.94293E+00  0.59631E-17
 0.72200E+02  0.94352E+00 -0.75894E-18
 0.72400E+02  0.94407E+00  0.22768E-16
 0.72600E+02  0.94458E+00 -0.22877E-16
 0.72800E+02  0.94505E+00  0.87820E-17
 0.73000E+02  0.94549E+00 -0.21250E-16
 0.73200E+02  0.94588E+00 -0.65052E-18
 0.73400E+02  0.94624E+00  0.20925E-16
 0.73600E+02  0.94655E+00  0.15721E-16
 0.73800E+02  0.94682E+00  0.15179E-17
 0.74000E+02  0.94706E+00 -0.93241E-17
 0.74200E+02  0.94725E+00  0.11818E-16
 0.74400E+02  0.94739E+00 -0.12251E-16
 0.74600E+02  0.94750E+00 -0.99747E-17
 0.74800E+02  0.94756E+00 -0.68305E-17
 0.75000E+02  0.94758E+00 -0.83484E-17
 0.75200E+02  0.94755E+00 -0.25262E-16
 0.75400E+02  0.94749E+00  0.14420E-16
 0.75600E+02  0.94737E+00 -0.60715E-17
 0.75800E+02  0.94722E+00  0.94326E-17
 0.76000E+02  0.94702E+00  0.18323E-16
 0.76200E+02  0.94678E+00 -0.14854E-16
 0.76400E+02  0.94649E+00 -0.91073E-17
 0.76600E+02  0.94616E+00  0.36863E-17
 0.76800E+02  0.94578E+00  0.11276E-16
 0.77000E+02  0.94536E+00  0.40115E-17
 0.77200E+02  0.94490E+00  0.43368E-17
 0.77400E+02  0.94439E+00 -0.44452E-17
 0.77600E+02  0.94384E+00  0.56379E-17
 0.77800E+02  0.94325E+00 -0.78063E-17
 0.78000E+02  0.94261E+00 -0.49873E-17
 0.78200E+02  0.94193E+00 -0.65052E-17
 0.78400E+02  0.94121E+00  0.14745E-16
 0.78600E+02  0.94044E+00  0.11167E-16
 0.78800E+02  0.93964E+00  0.88905E-17
 0.79000E+02  0.93879E+00  0.10083E-16
 0.79200E+02  0.93790E+00 -0.36863E-17
 0.79400E+02  0.93697E+00 -0.10192E-16
 0.79600E+02  0.93600E+00 -0.15938E-16
 0.79800E+02  0.93499E+00  0.19624E-16
 0.80000E+02  0.93393E+00 -0.31876E-16
 0.80200E+02  0.93285E+00  0.18648E-16
 0.80400E+02  0.93172E+00 -0.52042E-17
 0.80600E+02  0.93055E+00  0.30358E-17
 0.80800E+02  0.92935E+00 -0.11493E-16
 0.81000E+02  0.92811E+00  0.12794E-16
 0.81200E+02  0.92684E+00 -0.12251E-16
 0.81400E+02  0.92553E+00 -0.83484E-17
 0.81600E+02  0.92419E+00 -0.74810E-17
 0.81800E+02  0.92281E+00  0.25804E-16
 0.82000E+02  0.92140E+00 -0.22226E-16
 0.82200E+02  0.91996E+00  0.18431E-17
 0.82400E+02  0.91849E+00  0.44452E-17
 0.82600E+02  0.91699E+00  0.27105E-17
 0.82800E+02  0.91546E+00 -0.10300E-16
 0.83000E+02  0.91390E+00 -0.19516E-16
 0.83200E+02  0.91231E+00  0.93241E-17
 0.83400E+02  0.91070E+00 -0.59631E-17
 0.83600E+02  0.90906E+00 -0.23744E-16
 0.83800E+02  0.90740E+00  0.82399E-17
 0.84000E+02  0.90571E+00 -0.95410E-17
 0.84200E+02  0.90400E+00 -0.29273E-17
 0.84400E+02  0.90227E+00 -0.16263E-17
 0.84600E+02  0.90052E+00 -0.57463E-17
 0.84800E+02  0.89875E+00  0.14311E-16
 0.85000E+02  0.89696E+00 -0.33502E-16
 0.85200E+02  0.89516E+00  0.37622E-16
 0.85400E+02  0.89333E+00 -0.10029E-16
 0.85600E+02  0.89150E+00 -0.14420E-16
 0.85800E+02  0.88965E+00  0.22714E-16
 0.86000E+02  0.88778E+00  0.15179E-17
 0.86200E+02  0.88591E+00 -0.65052E-17
 0.86400E+02  0.88402E+00  0.20058E-16
 0.86600E+02  0.88212E+00  0.16480E-16
 0.86800E+02  0.88022E+00  0.15341E-16
 0.87000E+02  0.87830E+00  0.42555E-16
 0.87200E+02  0.87638E+00 -0.24611E-16
 0.87400E+02  0.87446E+00 -0.92157E-18
 0.87600E+02  0.87253E+00 -0.73184E-17
 0.87800E+02  0.87060E+00 -0.27159E-16
 0.88000E+02  0.86866E+00 -0.21196E-16
 0.88200E+02  0.86673E+00  0.26942E-16
 0.88400E+02  0.86479E+00  0.37839E-16
 0.88600E+02  0.86286E+00 -0.42284E-17
 0.88800E+02  0.86093E+00 -0.40278E-16
 0.89000E+02  0.85900E+00 -0.10029E-16
 0.89200E+02  0.85707E+00 -0.16805E-17
 0.89400E+02  0.85516E+00  0.13065E-16
 0.89600E+02  0.85324E+00  0.11438E-16
 0.89800E+02  0.85134E+00  0.19190E-16
 0.90000E+02  0.84944E+00  0.26183E-16
 0.90200E+02  0.84755E+00  0.58005E-17
 0.90400E+02  0.84567E+00 -0.22714E-16
 0.90600E+02  0.84381E+00 -0.10463E-16
 0.90800E+02  0.84195E+00  0.68305E-17
 0.91000E+02  0.84011E+00  0.49006E-16
 0.91200E+02  0.83828E+00 -0.33664E-16
 0.91400E+02  0.83647E+00 -0.20464E-16
 0.91600E+02  0.83467E+00  0.82670E-17
 0.91800E+02  0.83289E+00  0.18215E-16
 0.92000E+02  0.83113E+00 -0.29002E-16
 0.92200E+02  0.82938E+00  0.13932E-16
 0.92400E+02  0.82766E+00  0.33502E-16
 0.92600E+02  0.82595E+00  0.12983E-16
 0.92800E+02  0.82427E+00  0.55267E-16
 0.93000E+02  0.82260E+00  0.50578E-16
 0.93200E+02  0.82096E+00  0.15206E-16
 0.93400E+02  0.81934E+00 -0.62884E-17
 0.93600E+02  0.81775E+00 -0.63643E-16
 0.93800E+02  0.81618E+00 -0.34559E-16
 0.94000E+02  0.81463E+00 -0.79011E-16
 0.94200E+02  0.81311E+00  0.58330E-16
 0.94400E+02  0.81161E+00 -0.82074E-16
 0.94600E+02  0.81015E+00  0.43639E-16
 0.94800E+02  0.80870E+00 -0.50415E-17
 0.95000E+02  0.80729E+00 -0.43422E-16
 0.95200E+02  0.80591E+00 -0.31279E-16
 0.95400E+02  0.80455E+00 -0.21711E-16
 0.95600E+02  0.80323E+00 -0.18160E-16
 0.95800E+02  0.80193E+00 -0.32743E-16
 0.96000E+02  0.80066E+00 -0.40387E-17
 0.96200E+02  0.79943E+00  0.44967E-16
 0.96400E+02  0.79822E+00 -0.14555E-16
 0.96600E+02  0.79705E+00 -0.46770E-16
 0.96800E+02  0.79591E+00 -0.10471E-15
 0.97000E+02  0.79480E+00 -0.23480E-16
 0.97200E+02  0.79372E+00  0.15606E-15
 0.97400E+02  0.79268E+00 -0.19705E-16
 0.97600E+02  0.79167E+00  0.58818E-16
 0.97800E+02  0.79069E+00 -0.47434E-16
 0.98000E+02  0.78975E+00  0.25560E-16
 0.98200E+02  0.78883E+00 -0.56107E-16
 0.98400E+02  0.78796E+00  0.26563E-17
 0.98600E+02  0.78711E+00 -0.10078E-15
 0.98800E+02  0.78631E+00  0.10842E-15
 0.99000E+02  0.78553E+00  0.56379E-17
 0.99200E+02  0.78479E+00 -0.91724E-16
 0.99400E+02  0.78408E+00 -0.77737E-16
 0.99600E+02  0.78341E+00  0.15884E-16
 0.99800E+02  0.78277E+00 -0.43856E-16
 0.10000E+03  0.78217E+00  0.13661E-16
 0.10020E+03  0.78160E+00 -0.14854E-16
 0.10040E+03  0.78106E+00 -0.81640E-16
 0.10060E+03  0.78056E+00  0.14794E-15
 0.10080E+03  0.78009E+00  0.64402E-16
 0.10100E+03  0.77966E+00 -0.62016E-16
 0.10120E+03  0.77926E+00  0.81315E-16
 0.10140E+03  0.77889E+00 -0.42728E-15
 0.10160E+03  0.77856E+00  0.93241E-16
 0.10180E+03  0.77826E+00  0.21608E-15
 0.10200E+03  0.77799E+00 -0.25641E-15
 0.10220E+03  0.77776E+00  0.53787E-15
 0.10240E+03  0.77755E+00 -0.59089E-16
 0.10260E+03  0.77738E+00 -0.21792E-15
 0.10280E+03  0.77724E+00 -0.21380E-15
 0.10300E+03  0.77714E+00  0.48355E-15
 0.10320E+03  0.77706E+00  0.38467E-15
 0.10340E+03  0.77701E+00 -0.82529E-15
 0.10360E+03  0.77700E+00 -0.10408E-15
 0.10380E+03  0.77701E+00 -0.18908E-15
 0.10400E+03  0.77705E+00 -0.27495E-15
 0.10420E+03  0.77713E+00 -0.36863E-15
 0.10440E+03  0.77722E+00  0.41633E-16
 0.10460E+03  0.77735E+00  0.21337E-15
 0.10480E+03  0.77751E+00 -0.19689E-15
 0.10500E+03  0.77769E+00  0.15526E-15
 0.10520E+03  0.77789E+00  0.36429E-15
 0.10540E+03  0.77812E+00 -0.55077E-15
 0.10560E+03  0.77838E+00  0.31659E-15
 0.10580E+03  0.77866E+00  0.49440E-16
 0.10600E+03  0.77896E+00 -0.53993E-15
 0.10620E+03  0.77929E+00 -0.95843E-16
 0.10640E+03  0.77963E+00  0.48225E-15
 0.10660E+03  0.78000E+00 -0.10885E-15
 0.10680E+03  0.78039E+00 -0.14658E-15
 0.10700E+03  0.78079E+00  0.94022E-15
 0.10720E+03  0.78121E+00  0.15959E-15
 0.10740E+03  0.78165E+00 -0.34694E-15
 0.10760E+03  0.78211E+00  0.87604E-15
 0.10780E+03  0.78257E+00 -0.48399E-15
 0.10800E+03  0.78306E+00 -0.18388E-15
 0.10820E+03  0.78355E+00 -0.28796E-15
 0.10840E+03  0.78406E+00 -0.85695E-15
 0.10860E+03  0.78457E+00 -0.32960E-15
 0.10880E+03  0.78510E+00 -0.14606E-14
 0.10900E+03  0.78563E+00 -0.85348E-15
 0.10920E+03  0.78617E+00 -0.10582E-14
 0.10940E+03  0.78671E+00 -0.10651E-14
 0.10960E+03  0.78725E+00 -0.16549E-14
 0.10980E+03  0.78780E+00 -0.27062E-15
 0.11000E+03  0.78835E+00  0.25084E-14
 0.11020E+03  0.78889E+00  0.13947E-14
 0.11040E+03  0.78944E+00 -0.18041E-15
 0.11060E+03  0.78998E+00 -0.21372E-14
 0.11080E+03  0.79052E+00 -0.25847E-14
 0.11100E+03  0.79104E+00 -0.24147E-14
 0.11120E+03  0.79156E+00  0.16931E-14
 0.11140E+03  0.79207E+00 -0.21719E-14
 0.11160E+03  0.79257E+00  0.11102E-14
 0.11180E+03  0.79306E+00  0.11588E-14
 0.11200E+03  0.79353E+00 -0.83961E-15
 0.11220E+03  0.79399E+00 -0.22898E-14
 0.11240E+03  0.79443E+00  0.95063E-15
 0.11260E+03  0.79485E+00  0.12629E-14
 0.11280E+03  0.79526E+00  0.23592E-15
 0.11300E+03  0.79564E+00  0.70777E-15
 0.11320E+03  0.79600E+00 -0.99920E-15
 0.11340E+03  0.79634E+00  0.12351E-14
 0.11360E+03  0.79665E+00 -0.22204E-15
 0.11380E+03  0.79694E+00 -0.41633E-15
 0.11400E+03  0.79720E+00 -0.88124E-15
 0.11420E+03  0.79744E+00 -0.51348E-15
 0.11440E+03  0.79765E+00 -0.95757E-15
 0.11460E+03  0.79783E+00 -0.13878E-15
 0.11480E+03  0.79798E+00  0.31364E-14
 0.11500E+03  0.79810E+00  0.91593E-15
 0.11520E+03  0.79819E+00 -0.43021E-15
 0.11540E+03  0.79825E+00 -0.26368E-14
 0.11560E+03  0.79829E+00 -0.20817E-15
 0.11580E+03  0.79829E+00 -0.58287E-15
 0.11600E+03  0.79826E+00  0.36082E-15
 0.11620E+03  0.79820E+00 -0.10686E-14
 0.11640E+03  0.79811E+00  0.38303E-14
 0.11660E+03  0.79799E+00  0.24286E-14
 0.11680E+03  0.79784E+00 -0.10270E-14
 0.11700E+03  0.79766E+00 -0.16653E-14
 0.11720E+03  0.79746E+00 -0.17764E-14
 0.11740E+03  0.79722E+00  0.40246E-15
 0.11760E+03  0.79696E+00  0.73552E-15
 0.11780E+03  0.79667E+00 -0.69389E-15
 0.11800E+03  0.79636E+00  0.62450E-15
 0.11820E+03  0.79602E+00  0.19013E-14
 0.11840E+03  0.79566E+00  0.17625E-14
 0.11860E+03  0.79528E+00  0.13739E-14
 0.11880E+03  0.79488E+00  0.15959E-14
 0.11900E+03  0.79445E+00  0.44409E-15
 0.11920E+03  0.79401E+00  0.21372E-14
 0.11940E+03  0.79356E+00 -0.80491E-15
 0.11960E+03  0.79308E+00  0.12768E-14
 0.11980E+03  0.79260E+00 -0.18457E-14
 0.12000E+03  0.79210E+00 -0.63838E-15
 0.12020E+03  0.79159E+00  0.66613E-15
 0.12040E+03  0.79107E+00 -0.55511E-15
 0.12060E+03  0.79054E+00 -0.44409E-15
 0.12080E+03  0.79001E+00 -0.29976E-14
 0.12100E+03  0.78947E+00 -0.49960E-15
 0.12120E+03  0.78893E+00  0.20539E-14
 0.12140E+03  0.78839E+00  0.31919E-15
 0.12160E+03  0.78785E+00  0.44409E-15
 0.12180E+03  0.78731E+00  0.17347E-14
 0.12200E+03  0.78678E+00 -0.65226E-15
 0.12220E+03  0.78625E+00  0.32752E-14
 0.12240E+03  0.78572E+00 -0.26368E-14
 0.12260E+03  0.78521E+00  0.29143E-15
 0.12280E+03  0.78470E+00 -0.41633E-15
 0.12300E+03  0.78421E+00  0.84655E-15
 0.12320E+03  0.78373E+00 -0.87430E-15
 0.12340E+03  0.78326E+00  0.20400E-14
 0.12360E+03  0.78281E+00  0.61062E-15
 0.12380E+03  0.78237E+00  0.83267E-16
 0.12400E+03  0.78196E+00  0.24980E-15
 0.12420E+03  0.78156E+00  0.73552E-15
 0.12440E+03  0.78118E+00 -0.13878E-16
 0.12460E+03  0.78083E+00 -0.69389E-15
 0.12480E+03  0.78049E+00  0.38858E-15
 0.12500E+03  0.78018E+00 -0.25258E-14
 0.12520E+03  0.77990E+00 -0.20262E-14
 0.12540E+03  0.77964E+00  0.94369E-15
 0.12560E+03  0.77941E+00  0.55511E-16
 0.12580E+03  0.77921E+00  0.28449E-14
 0.12600E+03  0.77903E+00  0.97145E-16
 0.12620E+03  0.77889E+00  0.98532E-15
 0.12640E+03  0.77877E+00 -0.36082E-15
 0.12660E+03  0.77869E+00 -0.61062E-15
 0.12680E+03  0.77863E+00 -0.52736E-15
 0.12700E+03  0.77861E+00 -0.54123E-15
 0.12720E+03  0.77862E+00  0.68001E-15
 0.12740E+03  0.77867E+00  0.51348E-15
 0.12760E+03  0.77875E+00  0.36082E-15
 0.12780E+03  0.77886E+00 -0.13878E-16
 0.12800E+03  0.77901E+00 -0.41633E-15
 0.12820E+03  0.77919E+00  0.58287E-15
 0.12840E+03  0.77941E+00  0.13878E-16
 0.12860E+03  0.77967E+00  0.83267E-16
 0.12880E+03  0.77996E+00  0.15266E-15
 0.12900E+03  0.78029E+00 -0.48572E-15
 0.12920E+03  0.78066E+00  0.97145E-16
 0.12940E+03  0.78107E+00 -0.48572E-15
 0.12960E+03  0.78151E+00  0.00000E+00
 0.12980E+03  0.78199E+00  0.18041E-15
 0.13000E+03  0.78251E+00 -0.26368E-15
 0.13020E+03  0.78307E+00  0.18041E-15
 0.13040E+03  0.78366E+00  0.47184E-15
 0.13060E+03  0.78430E+00  0.69389E-15
 0.13080E+03  0.78497E+00 -0.41633E-15
 0.13100E+03  0.78569E+00  0.58287E-15
 0.13120E+03  0.78644E+00  0.88818E-15
 0.13140E+03  0.78723E+00  0.18041E-15
 0.13160E+03  0.78806E+00  0.55511E-16
 0.13180E+03  0.78893E+00 -0.72164E-15
 0.13200E+03  0.78984E+00  0.20817E-15
 0.13220E+03  0.79078E+00  0.69389E-16
 0.13240E+03  0.79177E+00 -0.37470E-15
 0.13260E+03  0.79280E+00  0.27756E-16
 0.13280E+03  0.79386E+00  0.36082E-15
 0.13300E+03  0.79496E+00  0.27756E-15
 0.13320E+03  0.79610E+00 -0.97145E-16
 0.13340E+03  0.79728E+00  0.69389E-16
 0.13360E+03  0.79850E+00  0.27756E-16
 0.13380E+03  0.79976E+00  0.55511E-16
 0.13400E+03  0.80105E+00  0.11102E-15
 0.13420E+03  0.80238E+00  0.34001E-15
 0.13440E+03  0.80375E+00  0.90206E-16
 0.13460E+03  0.80515E+00 -0.34694E-16
 0.13480E+03  0.80659E+00  0.55511E-16
 0.13500E+03  0.80807E+00 -0.83267E-16
 0.13520E+03  0.80958E+00 -0.11102E-15
 0.13540E+03  0.81112E+00  0.20817E-16
 0.13560E+03  0.81270E+00  0.15266E-15
 0.13580E+03  0.81432E+00 -0.20817E-16
 0.13600E+03  0.81597E+00 -0.11796E-15
 0.13620E+03  0.81765E+00  0.55511E-16
 0.13640E+03  0.81936E+00 -0.69389E-16
 0.13660E+03  0.82111E+00  0.90206E-16
 0.13680E+03  0.82288E+00 -0.76328E-16
 0.13700E+03  0.82469E+00  0.48572E-16
 0.13720E+03  0.82653E+00  0.69389E-17
 0.13740E+03  0.82839E+00  0.20817E-16
 0.13760E+03  0.83029E+00  0.11102E-15
 0.13780E+03  0.83221E+00 -0.27756E-16
 0.13800E+03  0.83416E+00 -0.55511E-16
 0.13820E+03  0.83614E+00  0.27756E-16
 0.13840E+03  0.83814E+00  0.55511E-16
 0.13860E+03  0.84017E+00 -0.20817E-16
 0.13880E+03  0.84222E+00  0.90206E-16
 0.13900E+03  0.84429E+00  0.97145E-16
 0.13920E+03  0.84639E+00 -0.20817E-16
 0.13940E+03  0.84851E+00 -0.41633E-16
 0.13960E+03  0.85064E+00 -0.34694E-16
 0.13980E+03  0.85280E+00 -0.13878E-16
 0.14000E+03  0.85498E+00 -0.62450E-16
 0.14020E+03  0.85717E+00 -0.13878E-16
 0.14040E+03  0.85938E+00 -0.13878E-16
 0.14060E+03  0.86160E+00 -0.20817E-16
 0.14080E+03  0.86384E+00  0.48572E-16
 0.14100E+03  0.86609E+00  0.27756E-16
 0.14120E+03  0.86835E+00  0.00000E+00
 0.14140E+03  0.87063E+00  0.69389E-17
 0.14160E+03  0.87291E+00  0.00000E+00
 0.14180E+03  0.87520E+00  0.41633E-16
 0.14200E+03  0.87750E+00 -0.27756E-16
 0.14220E+03  0.87981E+00 -0.27756E-16
 0.14240E+03  0.88212E+00  0.41633E-16
 0.14260E+03  0.88443E+00 -0.69389E-17
 0.14280E+03  0.88674E+00  0.20817E-16
 0.14300E+03  0.88906E+00 -0.20817E-16
 0.14320E+03  0.89138E+00  0.69389E-17
 0.14340E+03  0.89369E+00  0.48572E-16
 0.14360E+03  0.89600E+00 -0.13878E-16
 0.14380E+03  0.89831E+00 -0.69389E-17
 0.14400E+03  0.90061E+00  0.10408E-16
 0.14420E+03  0.90290E+00  0.13878E-16
 0.14440E+03  0.90518E+00  0.20817E-16
 0.14460E+03  0.90745E+00 -0.27756E-16
 0.14480E+03  0.90971E+00 -0.69389E-17
 0.14500E+03  0.91196E+00  0.69389E-17
 0.14520E+03  0.91419E+00  0.34694E-16
 0.14540E+03  0.91640E+00 -0.34694E-17
 0.14560E+03  0.91859E+00 -0.34694E-17
 0.14580E+03  0.92077E+00  0.27756E-16
 0.14600E+03  0.92292E+00  0.20817E-16
 0.14620E+03  0.92504E+00  0.10408E-16
 0.14640E+03  0.92715E+00 -0.10408E-16
 0.14660E+03  0.92922E+00  0.20817E-16
 0.14680E+03  0.93127E+00 -0.58981E-16
 0.14700E+03  0.93328E+00 -0.17347E-16
 0.14720E+03  0.93526E+00  0.20817E-16
 0.14740E+03  0.93721E+00 -0.34694E-17
 0.14760E+03  0.93912E+00  0.69389E-17
 0.14780E+03  0.94100E+00  0.13878E-16
 0.14800E+03  0.94283E+00 -0.34694E-16
 0.14820E+03  0.94462E+00 -0.10408E-16
 0.14840E+03  0.94637E+00  0.48572E-16
 0.14860E+03  0.94808E+00  0.45103E-16
 0.14880E+03  0.94974E+00 -0.34694E-16
 0.14900E+03  0.95135E+00  0.55511E-16
 0.14920E+03  0.95291E+00 -0.13878E-16
 0.14940E+03  0.95442E+00  0.48572E-16
 0.14960E+03  0.95588E+00  0.22551E-16
 0.14980E+03  0.95728E+00 -0.52042E-17
 0.15000E+03  0.95862E+00 -0.52042E-17
 0.15020E+03  0.95991E+00  0.60715E-16
 0.15040E+03  0.96113E+00  0.46838E-16
 0.15060E+03  0.96230E+00  0.17347E-17
 0.15080E+03  0.96340E+00 -0.69389E-17
 0.15100E+03  0.96444E+00  0.36429E-16
 0.15120E+03  0.96541E+00 -0.10408E-16
 0.15140E+03  0.96632E+00  0.15613E-16
 0.15160E+03  0.96716E+00 -0.10408E-16
 0.15180E+03  0.96793E+00  0.00000E+00
 0.15200E+03  0.96863E+00 -0.52042E-17
 0.15220E+03  0.96926E+00  0.39899E-16
 0.15240E+03  0.96981E+00  0.17347E-17
 0.15260E+03  0.97029E+00  0.17347E-16
 0.15280E+03  0.97070E+00  0.15613E-16
 0.15300E+03  0.97103E+00  0.17347E-17
 0.15320E+03  0.97129E+00 -0.52042E-17
 0.15340E+03  0.97146E+00 -0.69389E-17
 0.15360E+03  0.97156E+00 -0.31225E-16
 0.15380E+03  0.97158E+00 -0.78063E-17
 0.15400E+03  0.97153E+00 -0.95410E-17
 0.15420E+03  0.97139E+00  0.19082E-16
 0.15440E+03  0.97117E+00 -0.86736E-18
 0.15460E+03  0.97088E+00  0.86736E-18
 0.15480E+03  0.97050E+00  0.11709E-16
 0.15500E+03  0.97004E+00 -0.56379E-17
 0.15520E+03  0.96950E+00  0.95410E-17
 0.15540E+03  0.96888E+00 -0.22118E-16
 0.15560E+03  0.96818E+00  0.78063E-17
 0.15580E+03  0.96739E+00  0.10408E-16
 0.15600E+03  0.96653E+00  0.17781E-16
 0.15620E+03  0.96559E+00 -0.75894E-18
 0.15640E+03  0.96456E+00 -0.51012E-16
 0.15660E+03  0.96346E+00 -0.57463E-17
 0.15680E+03  0.96228E+00 -0.15396E-16
 0.15700E+03  0.96102E+00  0.84568E-17
 0.15720E+03  0.95968E+00  0.69389E-17
 0.15740E+03  0.95826E+00  0.56812E-16
 0.15760E+03  0.95677E+00 -0.51174E-16
 0.15780E+03  0.95520E+00  0.26021E-17
 0.15800E+03  0.95355E+00  0.16046E-16
 0.15820E+03  0.95184E+00 -0.22551E-16
 0.15840E+03  0.95005E+00 -0.54644E-16
 0.15860E+03  0.94819E+00 -0.43368E-16
 0.15880E+03  0.94625E+00 -0.42501E-16
 0.15900E+03  0.94425E+00 -0.34694E-17
 0.15920E+03  0.94218E+00 -0.26021E-16
 0.15940E+03  0.94005E+00  0.26021E-16
 0.15960E+03  0.93785E+00 -0.32960E-16
 0.15980E+03  0.93559E+00 -0.20817E-16
 0.16000E+03  0.93326E+00  0.11449E-15
 0.16020E+03  0.93088E+00 -0.34694E-17
 0.16040E+03  0.92844E+00  0.31225E-16
 0.16060E+03  0.92594E+00 -0.27756E-16
 0.16080E+03  0.92339E+00 -0.38164E-16
 0.16100E+03  0.92078E+00 -0.43368E-16
 0.16120E+03  0.91813E+00 -0.17347E-16
 0.16140E+03  0.91542E+00  0.00000E+00
 0.16160E+03  0.91267E+00  0.48572E-16
 0.16180E+03  0.90987E+00 -0.52042E-17
 0.16200E+03  0.90704E+00  0.26021E-16
 0.16220E+03  0.90416E+00 -0.22551E-16
 0.16240E+03  0.90124E+00 -0.31225E-16
 0.16260E+03  0.89828E+00  0.00000E+00
 0.16280E+03  0.89530E+00 -0.17347E-17
 0.16300E+03  0.89228E+00 -0.29490E-16
 0.16320E+03  0.88923E+00  0.20817E-16
 0.16340E+03  0.88615E+00  0.38164E-16
 0.16360E+03  0.88305E+00 -0.13878E-16
 0.16380E+03  0.87992E+00  0.69389E-17
 0.16400E+03  0.87677E+00  0.20817E-16
 0.16420E+03  0.87361E+00  0.69389E-17
 0.16440E+03  0.87043E+00  0.41633E-16
 0.16460E+03  0.86723E+00  0.00000E+00
 0.16480E+03  0.86403E+00  0.69389E-17
 0.16500E+03  0.86081E+00 -0.20817E-16
 0.16520E+03  0.85758E+00 -0.31225E-16
 0.16540E+03  0.85435E+00 -0.20817E-16
 0.16560E+03  0.85112E+00  0.69389E-16
 0.16580E+03  0.84789E+00  0.00000E+00
 0.16600E+03  0.84466E+00 -0.83267E-16
 0.16620E+03  0.84143E+00  0.10408E-16
 0.16640E+03  0.83820E+00 -0.13878E-16
 0.16660E+03  0.83498E+00 -0.38164E-16
 0.16680E+03  0.83178E+00  0.34694E-17
 0.16700E+03  0.82858E+00  0.24286E-16
 0.16720E+03  0.82540E+00  0.90206E-16
 0.16740E+03  0.82223E+00 -0.34694E-16
 0.16760E+03  0.81908E+00  0.34694E-17
 0.16780E+03  0.81595E+00  0.00000E+00
 0.16800E+03  0.81284E+00  0.34694E-16
 0.16820E+03  0.80975E+00  0.34694E-16
 0.16840E+03  0.80668E+00 -0.52042E-16
 0.16860E+03  0.80364E+00  0.34694E-16
 0.16880E+03  0.80063E+00 -0.86736E-16
 0.16900E+03  0.79765E+00 -0.24286E-16
 0.16920E+03  0.79469E+00 -0.38164E-16
 0.16940E+03  0.79177E+00 -0.24286E-16
 0.16960E+03  0.78888E+00  0.00000E+00
 0.16980E+03  0.78603E+00 -0.10408E-15
 0.17000E+03  0.78321E+00 -0.41633E-16
 0.17020E+03  0.78043E+00  0.13878E-16
 0.17040E+03  0.77769E+00  0.69389E-17
 0.17060E+03  0.77499E+00 -0.62450E-16
 0.17080E+03  0.77232E+00  0.11796E-15
 0.17100E+03  0.76970E+00 -0.69389E-16
 0.17120E+03  0.76713E+00 -0.13878E-16
 0.17140E+03  0.76459E+00 -0.34694E-16
 0.17160E+03  0.76210E+00  0.13878E-16
 0.17180E+03  0.75966E+00 -0.55511E-16
 0.17200E+03  0.75726E+00 -0.13878E-16
 0.17220E+03  0.75491E+00 -0.27756E-16
 0.17240E+03  0.75260E+00  0.10408E-15
 0.17260E+03  0.75035E+00  0.55511E-16
 0.17280E+03  0.74814E+00 -0.13184E-15
 0.17300E+03  0.74599E+00 -0.11102E-15
 0.17320E+03  0.74388E+00 -0.34694E-16
 0.17340E+03  0.74183E+00  0.14572E-15
 0.17360E+03  0.73982E+00 -0.24286E-15
 0.17380E+03  0.73787E+00  0.69389E-17
 0.17400E+03  0.73597E+00  0.55511E-16
 0.17420E+03  0.73412E+00 -0.69389E-16
 0.17440E+03  0.73232E+00 -0.48572E-16
 0.17460E+03  0.73058E+00  0.26368E-15
 0.17480E+03  0.72889E+00  0.48572E-16
 0.17500E+03  0.72725E+00  0.10408E-15
 0.17520E+03  0.72567E+00  0.11796E-15
 0.17540E+03  0.72414E+00  0.17347E-15
 0.17560E+03  0.72266E+00 -0.21511E-15
 0.17580E+03  0.72124E+00  0.20817E-16
 0.17600E+03  0.71987E+00 -0.22204E-15
 0.17620E+03  0.71855E+00  0.20817E-16
 0.17640E+03  0.71729E+00 -0.41633E-16
 0.17660E+03  0.71608E+00 -0.13878E-15
 0.17680E+03  0.71492E+00  0.27756E-16
 0.17700E+03  0.71382E+00  0.24286E-15
 0.17720E+03  0.71276E+00 -0.83267E-16
 0.17740E+03  0.71177E+00 -0.64532E-15
 0.17760E+03  0.71082E+00  0.20817E-15
 0.17780E+03  0.70993E+00 -0.20817E-16
 0.17800E+03  0.70908E+00  0.90206E-16
 0.17820E+03  0.70829E+00 -0.26368E-15
 0.17840E+03  0.70755E+00  0.19429E-15
 0.17860E+03  0.70686E+00 -0.83267E-16
 0.17880E+03  0.70622E+00  0.24286E-15
 0.17900E+03  0.70564E+00 -0.12490E-15
 0.17920E+03  0.70510E+00  0.83267E-16
 0.17940E+03  0.70461E+00  0.20123E-15
 0.17960E+03  0.70416E+00  0.97145E-16
 0.17980E+03  0.70377E+00 -0.12490E-15
 0.18000E+03  0.70342E+00  0.69389E-16
 0.18020E+03  0.70312E+00 -0.31919E-15
 0.18040E+03  0.70287E+00 -0.20123E-15
 0.18060E+03  0.70266E+00 -0.26368E-15
 0.18080E+03  0.70249E+00  0.76328E-16
 0.18100E+03  0.70238E+00 -0.24980E-15
 0.18120E+03  0.70230E+00 -0.62450E-16
 0.18140E+03  0.70227E+00 -0.55511E-16
 0.18160E+03  0.70228E+00  0.17347E-15
 0.18180E+03  0.70233E+00  0.90206E-16
 0.18200E+03  0.70242E+00  0.27756E-16
 0.18220E+03  0.70255E+00 -0.33307E-15
 0.18240E+03  0.70272E+00  0.22898E-15
 0.18260E+03  0.70293E+00  0.68001E-15
 0.18280E+03  0.70317E+00 -0.35388E-15
 0.18300E+03  0.70345E+00 -0.63144E-15
 0.18320E+03  0.70377E+00 -0.39552E-15
 0.18340E+03  0.70412E+00  0.34001E-15
 0.18360E+03  0.70451E+00  0.47184E-15
 0.18380E+03  0.70492E+00 -0.38858E-15
 0.18400E+03  0.70537E+00  0.11102E-15
 0.18420E+03  0.70585E+00  0.53429E-15
 0.18440E+03  0.70636E+00 -0.10200E-14
 0.18460E+03  0.70689E+00 -0.53429E-15
 0.18480E+03  0.70745E+00 -0.48572E-15
 0.18500E+03  0.70804E+00 -0.20817E-15
 0.18520E+03  0.70865E+00  0.36082E-15
 0.18540E+03  0.70929E+00  0.11102E-14
 0.18560E+03  0.70994E+00 -0.83267E-16
 0.18580E+03  0.71062E+00  0.40939E-15
 0.18600E+03  0.71131E+00 -0.79103E-15
 0.18620E+03  0.71202E+00 -0.78410E-15
 0.18640E+03  0.71274E+00 -0.48572E-15
 0.18660E+03  0.71348E+00 -0.77716E-15
 0.18680E+03  0.71424E+00 -0.45103E-15
 0.18700E+03  0.71500E+00  0.61756E-15
 0.18720E+03  0.71577E+00  0.15335E-14
 0.18740E+03  0.71655E+00  0.34694E-15
 0.18760E+03  0.71733E+00 -0.35388E-15
 0.18780E+03  0.71811E+00  0.12906E-14
 0.18800E+03  0.71890E+00  0.82573E-15
 0.18820E+03  0.71969E+00 -0.50654E-15
 0.18840E+03  0.72047E+00 -0.13670E-14
 0.18860E+03  0.72125E+00  0.25535E-14
 0.18880E+03  0.72202E+00 -0.34001E-15
 0.18900E+03  0.72279E+00 -0.17902E-14
 0.18920E+03  0.72354E+00  0.68695E-15
 0.18940E+03  0.72429E+00 -0.19429E-15
 0.18960E+03  0.72501E+00 -0.14710E-14
 0.18980E+03  0.72573E+00  0.96451E-15
 0.19000E+03  0.72642E+00 -0.29837E-14
 0.19020E+03  0.72709E+00  0.40246E-15
 0.19040E+03  0.72774E+00  0.19568E-14
 0.19060E+03  0.72837E+00  0.72164E-15
 0.19080E+03  0.72897E+00 -0.94369E-15
 0.19100E+03  0.72955E+00  0.18596E-14
 0.19120E+03  0.73010E+00  0.91593E-15
 0.19140E+03  0.73061E+00  0.17902E-14
 0.19160E+03  0.73110E+00  0.70777E-15
 0.19180E+03  0.73155E+00  0.17070E-14
 0.19200E+03  0.73196E+00 -0.16376E-14
 0.19220E+03  0.73235E+00  0.19429E-15
 0.19240E+03  0.73269E+00  0.26368E-15
 0.19260E+03  0.73300E+00 -0.69389E-15
 0.19280E+03  0.73327E+00  0.80491E-15
 0.19300E+03  0.73350E+00  0.55511E-15
 0.19320E+03  0.73369E+00 -0.94369E-15
 0.19340E+03  0.73384E+00  0.47184E-15
 0.19360E+03  0.73394E+00 -0.77716E-15
 0.19380E+03  0.73401E+00 -0.22204E-15
 0.19400E+03  0.73404E+00 -0.22204E-15
 0.19420E+03  0.73403E+00  0.18041E-14
 0.19440E+03  0.73398E+00 -0.18319E-14
 0.19460E+03  0.73388E+00 -0.25951E-14
 0.19480E+03  0.73375E+00 -0.33307E-15
 0.19500E+03  0.73358E+00  0.00000E+00
 0.19520E+03  0.73337E+00  0.12074E-14
 0.19540E+03  0.73312E+00  0.69389E-16
 0.19560E+03  0.73284E+00  0.83267E-15
 0.19580E+03  0.73252E+00 -0.59674E-15
 0.19600E+03  0.73217E+00 -0.30531E-15
 0.19620E+03  0.73178E+00  0.43021E-15
 0.19640E+03  0.73136E+00 -0.92981E-15
 0.19660E+03  0.73092E+00 -0.33168E-14
 0.19680E+03  0.73044E+00 -0.59674E-15
 0.19700E+03  0.72993E+00 -0.54123E-15
 0.19720E+03  0.72940E+00 -0.14988E-14
 0.19740E+03  0.72884E+00 -0.15543E-14
 0.19760E+03  0.72826E+00 -0.61062E-15
 0.19780E+03  0.72766E+00 -0.76328E-15
 0.19800E+03  0.72704E+00 -0.15543E-14
 0.19820E+03  0.72640E+00 -0.94369E-15
 0.19840E+03  0.72574E+00 -0.18874E-14
 0.19860E+03  0.72507E+00 -0.30531E-15
 0.19880E+03  0.72438E+00 -0.23315E-14
 0.19900E+03  0.72369E+00  0.92981E-15
 0.19920E+03  0.72298E+00 -0.69389E-17
 0.19940E+03  0.72226E+00  0.13947E-14
 0.19960E+03  0.72154E+00 -0.30531E-15
 0.19980E+03  0.72081E+00 -0.40939E-15
 0.20000E+03  0.72008E+00  0.24980E-15
 0.20020E+03  0.71934E+00 -0.27062E-15
 0.20040E+03  0.71860E+00 -0.34694E-15
 0.20060E+03  0.71786E+00 -0.50654E-15
 0.20080E+03  0.71713E+00  0.39552E-15
 0.20100E+03  0.71640E+00  0.31225E-15
 0.20120E+03  0.71567E+00 -0.20123E-15
 0.20140E+03  0.71494E+00  0.35041E-15
 0.20160E+03  0.71423E+00 -0.17347E-15
 0.20180E+03  0.71352E+00  0.52042E-16
 0.20200E+03  0.71282E+00 -0.62450E-16
 0.20220E+03  0.71213E+00  0.45103E-16
 0.20240E+03  0.71145E+00  0.23245E-15
 0.20260E+03  0.71078E+00  0.24633E-15
 0.20280E+03  0.71013E+00  0.15266E-15
 0.20300E+03  0.70949E+00 -0.19082E-16
 0.20320E+03  0.70887E+00  0.15092E-15
 0.20340E+03  0.70826E+00  0.46838E-15
 0.20360E+03  0.70768E+00 -0.26021E-15
 0.20380E+03  0.70711E+00  0.21337E-15
 0.20400E+03  0.70656E+00  0.13618E-15
 0.20420E+03  0.70603E+00 -0.23939E-15
 0.20440E+03  0.70552E+00  0.23506E-15
 0.20460E+03  0.70503E+00  0.62450E-16
 0.20480E+03  0.70457E+00 -0.24416E-15
 0.20500E+03  0.70413E+00  0.15916E-15
 0.20520E+03  0.70371E+00 -0.65052E-17
 0.20540E+03  0.70332E+00  0.13965E-15
 0.20560E+03  0.70296E+00 -0.12663E-15
 0.20580E+03  0.70263E+00  0.13704E-15
 0.20600E+03  0.70232E+00  0.75460E-16
 0.20620E+03  0.70204E+00 -0.19429E-15
 0.20640E+03  0.70179E+00 -0.32960E-16
 0.20660E+03  0.70157E+00 -0.27756E-16
 0.20680E+03  0.70138E+00  0.67654E-16
 0.20700E+03  0.70122E+00 -0.15439E-15
 0.20720E+03  0.70110E+00 -0.86736E-17
 0.20740E+03  0.70101E+00 -0.11449E-15
 0.20760E+03  0.70095E+00 -0.13878E-16
 0.20780E+03  0.70092E+00  0.13878E-16
 0.20800E+03  0.70093E+00  0.57246E-16
 0.20820E+03  0.70098E+00 -0.72858E-16
 0.20840E+03  0.70106E+00  0.78063E-16
 0.20860E+03  0.70117E+00 -0.74593E-16
 0.20880E+03  0.70132E+00 -0.19082E-16
 0.20900E+03  0.70151E+00 -0.58981E-16
 0.20920E+03  0.70173E+00  0.10408E-16
 0.20940E+03  0.70199E+00 -0.34694E-17
 0.20960E+03  0.70229E+00  0.50307E-16
 0.20980E+03  0.70263E+00  0.12143E-16
 0.21000E+03  0.70300E+00  0.32092E-16
 0.21020E+03  0.70341E+00 -0.24286E-16
 0.21040E+03  0.70386E+00  0.11796E-15
 0.21060E+03  0.70434E+00 -0.50307E-16
 0.21080E+03  0.70487E+00  0.10061E-15
 0.21100E+03  0.70543E+00 -0.58113E-16
 0.21120E+03  0.70602E+00  0.86736E-18
 0.21140E+03  0.70666E+00 -0.37297E-16
 0.21160E+03  0.70733E+00  0.49440E-16
 0.21180E+03  0.70803E+00 -0.86736E-17
 0.21200E+03  0.70878E+00 -0.64185E-16
 0.21220E+03  0.70956E+00  0.38164E-16
 0.21240E+03  0.71037E+00  0.45103E-16
 0.21260E+03  0.71122E+00  0.86736E-17
 0.21280E+03  0.71210E+00 -0.15613E-16
 0.21300E+03  0.71302E+00  0.32960E-16
 0.21320E+03  0.71397E+00 -0.17347E-16
 0.21340E+03  0.71496E+00 -0.15613E-16
 0.21360E+03  0.71597E+00 -0.69389E-17
 0.21380E+03  0.71702E+00  0.15613E-16
 0.21400E+03  0.71810E+00 -0.19082E-16
 0.21420E+03  0.71921E+00  0.64185E-16
 0.21440E+03  0.72035E+00  0.15613E-16
 0.21460E+03  0.72151E+00 -0.34694E-17
 0.21480E+03  0.72271E+00  0.13878E-16
 0.21500E+03  0.72393E+00 -0.32960E-16
 0.21520E+03  0.72517E+00 -0.13878E-16
 0.21540E+03  0.72645E+00  0.78063E-16
 0.21560E+03  0.72774E+00  0.46838E-16
 0.21580E+03  0.72906E+00 -0.45103E-16
 0.21600E+03  0.73040E+00  0.10235E-15
 0.21620E+03  0.73176E+00 -0.10061E-15
 0.21640E+03  0.73315E+00 -0.36429E-16
 0.21660E+03  0.73455E+00 -0.26021E-16
 0.21680E+03  0.73596E+00  0.97145E-16
 0.21700E+03  0.73740E+00  0.86736E-17
 0.21720E+03  0.73885E+00 -0.52042E-17
 0.21740E+03  0.74031E+00 -0.45103E-16
 0.21760E+03  0.74179E+00  0.32960E-16
 0.21780E+03  0.74328E+00  0.20817E-16
 0.21800E+03  0.74477E+00  0.10408E-16
 0.21820E+03  0.74628E+00  0.16480E-16
 0.21840E+03  0.74780E+00 -0.27756E-16
 0.21860E+03  0.74932E+00 -0.19082E-16
 0.21880E+03  0.75084E+00 -0.32960E-16
 0.21900E+03  0.75237E+00  0.24286E-16
 0.21920E+03  0.75390E+00 -0.13010E-16
 0.21940E+03  0.75543E+00 -0.29490E-16
 0.21960E+03  0.75696E+00 -0.20817E-16
 0.21980E+03  0.75849E+00 -0.52042E-16
 0.22000E+03  0.76001E+00  0.00000E+00
 0.22020E+03  0.76153E+00 -0.19082E-16
 0.22040E+03  0.76304E+00 -0.69389E-16
 0.22060E+03  0.76454E+00  0.20817E-16
 0.22080E+03  0.76603E+00 -0.53776E-16
 0.22100E+03  0.76751E+00 -0.10408E-16
 0.22120E+03  0.76897E+00  0.39899E-16
 0.22140E+03  0.77042E+00  0.14745E-16
 0.22160E+03  0.77185E+00 -0.18215E-16
 0.22180E+03  0.77326E+00 -0.61583E-16
 0.22200E+03  0.77465E+00 -0.73726E-16
 0.22220E+03  0.77602E+00 -0.14745E-16
 0.22240E+03  0.77736E+00 -0.10842E-15
 0.22260E+03  0.77868E+00 -0.32092E-16
 0.22280E+03  0.77997E+00  0.71991E-16
 0.22300E+03  0.78123E+00  0.42501E-16
 0.22320E+03  0.78246E+00  0.13010E-16
 0.22340E+03  0.78366E+00 -0.34694E-16
 0.22360E+03  0.78482E+00 -0.39899E-16
 0.22380E+03  0.78595E+00  0.69389E-17
 0.22400E+03  0.78704E+00  0.23419E-16
 0.22420E+03  0.78810E+00 -0.32960E-16
 0.22440E+03  0.78911E+00 -0.85001E-16
 0.22460E+03  0.79008E+00 -0.65052E-16
 0.22480E+03  0.79101E+00 -0.40766E-16
 0.22500E+03  0.79189E+00  0.52909E-16
 0.22520E+03  0.79273E+00 -0.23419E-16
 0.22540E+03  0.79352E+00 -0.39031E-16
 0.22560E+03  0.79426E+00  0.00000E+00
 0.22580E+03  0.79495E+00 -0.16480E-16
 0.22600E+03  0.79559E+00  0.51174E-16
 0.22620E+03  0.79618E+00 -0.95410E-17
 0.22640E+03  0.79672E+00 -0.95410E-17
 0.22660E+03  0.79720E+00  0.19949E-16
 0.22680E+03  0.79763E+00  0.25153E-16
 0.22700E+03  0.79800E+00  0.24286E-16
 0.22720E+03  0.79832E+00  0.26888E-16
 0.22740E+03  0.79857E+00 -0.19082E-16
 0.22760E+03  0.79877E+00 -0.19082E-16
 0.22780E+03  0.79892E+00 -0.24286E-16
 0.22800E+03  0.79900E+00  0.78063E-17
 0.22820E+03  0.79902E+00  0.39899E-16
 0.22840E+03  0.79898E+00 -0.34694E-17
 0.22860E+03  0.79889E+00  0.14745E-16
 0.22880E+03  0.79873E+00 -0.27756E-16
 0.22900E+03  0.79851E+00 -0.86736E-18
 0.22920E+03  0.79823E+00  0.69389E-17
 0.22940E+03  0.79789E+00  0.22551E-16
 0.22960E+03  0.79749E+00 -0.13010E-16
 0.22980E+03  0.79703E+00  0.60715E-17
 0.23000E+03  0.79651E+00  0.13010E-16
 0.23020E+03  0.79593E+00 -0.27756E-16
 0.23040E+03  0.79529E+00 -0.34261E-16
 0.23060E+03  0.79459E+00 -0.14745E-16
 0.23080E+03  0.79383E+00  0.16480E-16
 0.23100E+03  0.79301E+00 -0.99747E-17
 0.23120E+03  0.79214E+00 -0.73726E-17
 0.23140E+03  0.79121E+00 -0.18215E-16
 0.23160E+03  0.79022E+00  0.52042E-17
 0.23180E+03  0.78918E+00 -0.38598E-16
 0.23200E+03  0.78809E+00  0.13010E-17
 0.23220E+03  0.78694E+00 -0.19082E-16
 0.23240E+03  0.78574E+00  0.14528E-16
 0.23260E+03  0.78449E+00  0.54210E-17
 0.23280E+03  0.78319E+00  0.21250E-16
 0.23300E+03  0.78184E+00  0.26021E-17
 0.23320E+03  0.78045E+00  0.16046E-16
 0.23340E+03  0.77901E+00 -0.10842E-17
 0.23360E+03  0.77753E+00  0.47705E-17
 0.23380E+03  0.77600E+00  0.20383E-16
 0.23400E+03  0.77444E+00 -0.56379E-17
 0.23420E+03  0.77283E+00 -0.24720E-16
 0.23440E+03  0.77119E+00  0.60715E-17
 0.23460E+03  0.76951E+00  0.11276E-16
 0.23480E+03  0.76780E+00  0.25587E-16
 0.23500E+03  0.76605E+00  0.26021E-17
 0.23520E+03  0.76427E+00  0.86736E-17
 0.23540E+03  0.76247E+00 -0.12143E-16
 0.23560E+03  0.76064E+00 -0.78063E-17
 0.23580E+03  0.75878E+00 -0.13878E-16
 0.23600E+03  0.75689E+00 -0.27756E-16
 0.23620E+03  0.75499E+00  0.28623E-16
 0.23640E+03  0.75306E+00 -0.34694E-17
 0.23660E+03  0.75112E+00  0.26021E-16
 0.23680E+03  0.74916E+00  0.11276E-16
 0.23700E+03  0.74718E+00 -0.15613E-16
 0.23720E+03  0.74519E+00 -0.35562E-16
 0.23740E+03  0.74319E+00 -0.86736E-18
 0.23760E+03  0.74118E+00 -0.69389E-17
 0.23780E+03  0.73916E+00  0.31225E-16
 0.23800E+03  0.73713E+00  0.00000E+00
 0.23820E+03  0.73510E+00  0.17347E-16
 0.23840E+03  0.73306E+00  0.20817E-16
 0.23860E+03  0.73102E+00 -0.17347E-16
 0.23880E+03  0.72898E+00  0.34694E-16
 0.23900E+03  0.72694E+00 -0.55511E-16
 0.23920E+03  0.72490E+00 -0.86736E-17
 0.23940E+03  0.72287E+00  0.69389E-17
 0.23960E+03  0.72084E+00  0.69389E-17
 0.23980E+03  0.71882E+00  0.17347E-16
 0.24000E+03  0.71680E+00 -0.15613E-16
 0.24020E+03  0.71480E+00 -0.69389E-17
 0.24040E+03  0.71280E+00  0.13878E-16
 0.24060E+03  0.71082E+00  0.17347E-17
 0.24080E+03  0.70885E+00  0.17347E-17
 0.24100E+03  0.70689E+00  0.86736E-17
 0.24120E+03  0.70494E+00  0.15613E-16
 0.24140E+03  0.70302E+00 -0.69389E-17
 0.24160E+03  0.70110E+00  0.12143E-16
 0.24180E+03  0.69921E+00 -0.39899E-16
 0.24200E+03  0.69734E+00  0.17347E-16
 0.24220E+03  0.69548E+00 -0.55511E-16
 0.24240E+03  0.69365E+00  0.17347E-16
 0.24260E+03  0.69183E+00  0.63317E-16
 0.24280E+03  0.69004E+00  0.39899E-16
 0.24300E+03  0.68828E+00 -0.56379E-16
 0.24320E+03  0.68654E+00 -0.69389E-16
 0.24340E+03  0.68482E+00  0.42501E-16
 0.24360E+03  0.68313E+00 -0.38164E-16
 0.24380E+03  0.68146E+00  0.71124E-16
 0.24400E+03  0.67982E+00 -0.48572E-16
 0.24420E+03  0.67821E+00  0.39899E-16
 0.24440E+03  0.67663E+00 -0.56379E-17
 0.24460E+03  0.67508E+00  0.38164E-16
 0.24480E+03  0.67356E+00  0.11232E-15
 0.24500E+03  0.67207E+00 -0.29057E-16
 0.24520E+03  0.67061E+00 -0.31659E-16
 0.24540E+03  0.66918E+00  0.15179E-16
 0.24560E+03  0.66778E+00 -0.84134E-16
 0.24580E+03  0.66642E+00 -0.43585E-16
 0.24600E+03  0.66509E+00  0.45970E-16
 0.24620E+03  0.66379E+00 -0.16523E-15
 0.24640E+03  0.66253E+00  0.13444E-16
 0.24660E+03  0.66130E+00 -0.91507E-16
 0.24680E+03  0.66011E+00 -0.49873E-16
 0.24700E+03  0.65896E+00  0.97145E-16
 0.24720E+03  0.65784E+00 -0.32526E-16
 0.24740E+03  0.65676E+00 -0.62450E-16
 0.24760E+03  0.65571E+00 -0.52042E-17
 0.24780E+03  0.65470E+00 -0.20817E-16
 0.24800E+03  0.65373E+00  0.14051E-15
 0.24820E+03  0.65280E+00 -0.21684E-16
 0.24840E+03  0.65191E+00  0.32960E-16
 0.24860E+03  0.65106E+00 -0.73726E-16
 0.24880E+03  0.65024E+00  0.14225E-15
 0.24900E+03  0.64946E+00  0.58981E-16
 0.24920E+03  0.64873E+00  0.13184E-15
 0.24940E+03  0.64803E+00 -0.69389E-16
 0.24960E+03  0.64738E+00 -0.14225E-15
 0.24980E+03  0.64676E+00  0.19255E-15
 0.25000E+03  0.64619E+00 -0.71124E-16
 0.25020E+03  0.64565E+00  0.18735E-15
 0.25040E+03  0.64516E+00  0.18215E-15
 0.25060E+03  0.64471E+00 -0.41633E-16
 0.25080E+03  0.64430E+00 -0.72858E-16
 0.25100E+03  0.64393E+00 -0.91940E-16
 0.25120E+03  0.64360E+00 -0.14398E-15
 0.25140E+03  0.64331E+00  0.17347E-17
 0.25160E+03  0.64306E+00 -0.27062E-15
 0.25180E+03  0.64286E+00  0.12663E-15
 0.25200E+03  0.64269E+00 -0.12490E-15
 0.25220E+03  0.64257E+00  0.64185E-16
 0.25240E+03  0.64248E+00  0.22898E-15
 0.25260E+03  0.64244E+00 -0.31225E-16
 0.25280E+03  0.64244E+00 -0.72858E-16
 0.25300E+03  0.64247E+00  0.23592E-15
 0.25320E+03  0.64255E+00  0.29837E-15
 0.25340E+03  0.64267E+00 -0.22378E-15
 0.25360E+03  0.64283E+00 -0.67654E-16
 0.25380E+03  0.64302E+00 -0.86736E-16
 0.25400E+03  0.64326E+00  0.22204E-15
 0.25420E+03  0.64353E+00  0.24286E-16
 0.25440E+03  0.64384E+00 -0.45797E-15
 0.25460E+03  0.64419E+00  0.26715E-15
 0.25480E+03  0.64458E+00  0.34694E-16
 0.25500E+03  0.64500E+00 -0.45103E-16
 0.25520E+03  0.64546E+00 -0.22551E-15
 0.25540E+03  0.64596E+00 -0.13878E-16
 0.25560E+03  0.64649E+00  0.20123E-15
 0.25580E+03  0.64706E+00  0.86736E-16
 0.25600E+03  0.64766E+00 -0.90206E-16
 0.25620E+03  0.64829E+00 -0.28449E-15
 0.25640E+03  0.64896E+00 -0.24633E-15
 0.25660E+03  0.64966E+00  0.41633E-16
 0.25680E+03  0.65039E+00 -0.12490E-15
 0.25700E+03  0.65116E+00  0.19082E-15
 0.25720E+03  0.65195E+00  0.69389E-17
 0.25740E+03  0.65278E+00 -0.79797E-15
 0.25760E+03  0.65363E+00 -0.33307E-15
 0.25780E+03  0.65452E+00 -0.21164E-15
 0.25800E+03  0.65543E+00  0.88124E-15
 0.25820E+03  0.65637E+00 -0.90900E-15
 0.25840E+03  0.65733E+00  0.37470E-15
 0.25860E+03  0.65832E+00 -0.93675E-16
 0.25880E+03  0.65934E+00 -0.24980E-15
 0.25900E+03  0.66038E+00 -0.77716E-15
 0.25920E+03  0.66144E+00 -0.19776E-15
 0.25940E+03  0.66253E+00  0.72164E-15
 0.25960E+03  0.66364E+00  0.24286E-15
 0.25980E+03  0.66477E+00  0.47878E-15
 0.26000E+03  0.66592E+00  0.15474E-14
 0.26020E+03  0.66709E+00 -0.68695E-15
 0.26040E+03  0.66828E+00 -0.15890E-14
 0.26060E+03  0.66948E+00  0.10408E-15
 0.26080E+03  0.67070E+00 -0.10755E-14
 0.26100E+03  0.67194E+00  0.19221E-14
 0.26120E+03  0.67319E+00 -0.17347E-15
 0.26140E+03  0.67445E+00 -0.14710E-14
 0.26160E+03  0.67572E+00 -0.61756E-15
 0.26180E+03  0.67701E+00  0.23245E-14
 0.26200E+03  0.67830E+00  0.19360E-14
 0.26220E+03  0.67960E+00 -0.97145E-15
 0.26240E+03  0.68091E+00 -0.35666E-14
 0.26260E+03  0.68222E+00  0.16376E-14
 0.26280E+03  0.68354E+00 -0.10686E-14
 0.26300E+03  0.68485E+00  0.27062E-14
 0.26320E+03  0.68617E+00  0.13045E-14
 0.26340E+03  0.68749E+00 -0.15404E-14
 0.26360E+03  0.68880E+00  0.30531E-15
 0.26380E+03  0.69011E+00 -0.19429E-15
 0.26400E+03  0.69140E+00  0.00000E+00
 0.26420E+03  0.69269E+00  0.46074E-14
 0.26440E+03  0.69397E+00 -0.27756E-15
 0.26460E+03  0.69524E+00 -0.26645E-14
 0.26480E+03  0.69648E+00  0.21233E-14
 0.26500E+03  0.69771E+00  0.87846E-14
 0.26520E+03  0.69892E+00 -0.10408E-14
 0.26540E+03  0.70011E+00  0.12698E-14
 0.26560E+03  0.70127E+00 -0.28103E-15
 0.26580E+03  0.70240E+00  0.21615E-14
 0.26600E+03  0.70350E+00  0.11241E-14
 0.26620E+03  0.70457E+00 -0.56344E-14
 0.26640E+03  0.70561E+00  0.27478E-14
 0.26660E+03  0.70660E+00  0.13045E-14
 0.26680E+03  0.70756E+00 -0.19984E-14
 0.26700E+03  0.70847E+00 -0.38303E-14
 0.26720E+03  0.70934E+00  0.61062E-15
 0.26740E+03  0.71015E+00 -0.49960E-15
 0.26760E+03  0.71092E+00 -0.52180E-14
 0.26780E+03  0.71164E+00 -0.55511E-15
 0.26800E+03  0.71230E+00 -0.26645E-14
 0.26820E+03  0.71290E+00  0.84932E-14
 0.26840E+03  0.71344E+00  0.56621E-14
 0.26860E+03  0.71392E+00 -0.96034E-14
 0.26880E+03  0.71434E+00 -0.39413E-14
 0.26900E+03  0.71470E+00  0.91038E-14
 0.26920E+03  0.71499E+00  0.38858E-15
 0.26940E+03  0.71521E+00  0.27756E-14
 0.26960E+03  0.71537E+00  0.77993E-14
 0.26980E+03  0.71545E+00  0.33307E-14
 0.27000E+03  0.71547E+00  0.24702E-14
 0.27020E+03  0.71542E+00  0.10214E-13
 0.27040E+03  0.71529E+00 -0.43299E-14
 0.27060E+03  0.71510E+00  0.24258E-13
 0.27080E+03  0.71484E+00 -0.55511E-14
 0.27100E+03  0.71451E+00 -0.87153E-14
 0.27120E+03  0.71411E+00  0.11269E-13
 0.27140E+03  0.71365E+00 -0.23315E-14
 0.27160E+03  0.71312E+00  0.32196E-14
 0.27180E+03  0.71252E+00  0.44409E-15
 0.27200E+03  0.71187E+00  0.10880E-13
 0.27220E+03  0.71115E+00 -0.62172E-14
 0.27240E+03  0.71038E+00 -0.36637E-14
 0.27260E+03  0.70956E+00 -0.16653E-14
 0.27280E+03  0.70868E+00  0.15543E-14
 0.27300E+03  0.70775E+00 -0.11102E-14
 0.27320E+03  0.70678E+00 -0.77716E-14
 0.27340E+03  0.70577E+00  0.57732E-14
 0.27360E+03  0.70471E+00 -0.55511E-15
 0.27380E+03  0.70363E+00 -0.17764E-14
 0.27400E+03  0.70251E+00  0.77716E-15
 0.27420E+03  0.70137E+00  0.15543E-14
 0.27440E+03  0.70020E+00  0.11102E-14
 0.27460E+03  0.69902E+00 -0.25535E-14
 0.27480E+03  0.69782E+00 -0.64393E-14
 0.27500E+03  0.69661E+00  0.43299E-14
 0.27520E+03  0.69540E+00  0.23315E-14
 0.27540E+03  0.69418E+00 -0.26645E-14
 0.27560E+03  0.69297E+00 -0.11102E-14
 0.27580E+03  0.69176E+00  0.83267E-14
 0.27600E+03  0.69057E+00 -0.84377E-14
 0.27620E+03  0.68939E+00 -0.11102E-13
 0.27640E+03  0.68823E+00  0.99920E-15
 0.27660E+03  0.68709E+00  0.15543E-14
 0.27680E+03  0.68598E+00 -0.77716E-14
 0.27700E+03  0.68490E+00  0.77716E-15
 0.27720E+03  0.68385E+00 -0.42188E-14
 0.27740E+03  0.68283E+00 -0.22204E-15
 0.27760E+03  0.68186E+00 -0.57732E-14
 0.27780E+03  0.68093E+00 -0.13656E-13
 0.27800E+03  0.68004E+00  0.33307E-14
 0.27820E+03  0.67920E+00 -0.55511E-14
 0.27840E+03  0.67841E+00 -0.83267E-14
 0.27860E+03  0.67767E+00 -0.94369E-14
 0.27880E+03  0.67698E+00 -0.55511E-14
 0.27900E+03  0.67635E+00 -0.71054E-14
 0.27920E+03  0.67577E+00  0.44409E-15
 0.27940E+03  0.67525E+00  0.36637E-14
 0.27960E+03  0.67478E+00  0.71054E-14
 0.27980E+03  0.67438E+00  0.88818E-15
 0.28000E+03  0.67403E+00 -0.48850E-14
 0.28020E+03  0.67374E+00  0.66613E-14
 0.28040E+03  0.67351E+00 -0.55511E-14
 0.28060E+03  0.67334E+00 -0.46629E-14
 0.28080E+03  0.67323E+00  0.77716E-15
 0.28100E+03  0.67318E+00  0.74385E-14
 0.28120E+03  0.67319E+00 -0.45519E-14
 0.28140E+03  0.67326E+00 -0.21094E-14
 0.28160E+03  0.67338E+00 -0.55511E-15
 0.28180E+03  0.67356E+00 -0.52180E-14
 0.28200E+03  0.67380E+00 -0.17764E-14
 0.28220E+03  0.67409E+00 -0.56621E-14
 0.28240E+03  0.67444E+00  0.24425E-14
 0.28260E+03  0.67484E+00 -0.53291E-14
 0.28280E+03  0.67529E+00  0.27756E-14
 0.28300E+03  0.67580E+00  0.39968E-14
 0.28320E+03  0.67635E+00 -0.27756E-14
 0.28340E+03  0.67696E+00  0.14433E-14
 0.28360E+03  0.67761E+00  0.73275E-14
 0.28380E+03  0.67831E+00  0.64393E-14
 0.28400E+03  0.67906E+00  0.23315E-14
 0.28420E+03  0.67986E+00 -0.22204E-14
 0.28440E+03  0.68070E+00  0.33307E-15
 0.28460E+03  0.68159E+00  0.16653E-14
 0.28480E+03  0.68252E+00 -0.22204E-15
 0.28500E+03  0.68349E+00  0.00000E+00
 0.28520E+03  0.68451E+00 -0.14433E-14
 0.28540E+03  0.68557E+00 -0.29976E-14
 0.28560E+03  0.68667E+00  0.27756E-14
 0.28580E+03  0.68781E+00 -0.61062E-14
 0.28600E+03  0.68900E+00 -0.22204E-15
 0.28620E+03  0.69023E+00 -0.12212E-14
 0.28640E+03  0.69150E+00  0.77716E-15
 0.28660E+03  0.69281E+00 -0.66613E-15
 0.28680E+03  0.69416E+00  0.13323E-14
 0.28700E+03  0.69555E+00  0.39968E-14
 0.28720E+03  0.69699E+00 -0.35527E-14
 0.28740E+03  0.69847E+00 -0.22204E-15
 0.28760E+03  0.69999E+00 -0.44409E-15
 0.28780E+03  0.70155E+00  0.26645E-14
 0.28800E+03  0.70316E+00  0.77716E-15
 0.28820E+03  0.70482E+00 -0.33307E-15
 0.28840E+03  0.70651E+00 -0.14433E-14
 0.28860E+03  0.70826E+00  0.22204E-15
 0.28880E+03  0.71005E+00 -0.17764E-14
 0.28900E+03  0.71189E+00 -0.34417E-14
 0.28920E+03  0.71377E+00  0.14433E-14
 0.28940E+03  0.71571E+00  0.11102E-15
 0.28960E+03  0.71769E+00 -0.23315E-14
 0.28980E+03  0.71973E+00 -0.77716E-15
 0.29000E+03  0.72182E+00  0.24425E-14
 0.29020E+03  0.72396E+00  0.00000E+00
 0.29040E+03  0.72615E+00  0.00000E+00
 0.29060E+03  0.72840E+00 -0.66613E-15
 0.29080E+03  0.73070E+00  0.33307E-15
 0.29100E+03  0.73306E+00 -0.44409E-15
 0.29120E+03  0.73548E+00 -0.15543E-14
 0.29140E+03  0.73796E+00  0.16653E-14
 0.29160E+03  0.74049E+00  0.88818E-15
 0.29180E+03  0.74309E+00  0.17764E-14
 0.29200E+03  0.74575E+00  0.44409E-15
 0.29220E+03  0.74847E+00  0.22204E-15
 0.29240E+03  0.75125E+00  0.33307E-15
 0.29260E+03  0.75410E+00  0.44409E-15
 0.29280E+03  0.75701E+00 -0.38858E-15
 0.29300E+03  0.75999E+00 -0.49960E-15
 0.29320E+03  0.76303E+00  0.11102E-15
 0.29340E+03  0.76614E+00 -0.55511E-15
 0.29360E+03  0.76933E+00 -0.77716E-15
 0.29380E+03  0.77258E+00 -0.83267E-15
 0.29400E+03  0.77590E+00  0.55511E-15
 0.29420E+03  0.77929E+00 -0.72164E-15
 0.29440E+03  0.78275E+00  0.55511E-16
 0.29460E+03  0.78629E+00 -0.16098E-14
 0.29480E+03  0.78989E+00  0.61062E-15
 0.29500E+03  0.79358E+00 -0.66613E-15
 0.29520E+03  0.79733E+00 -0.55511E-16
 0.29540E+03  0.80116E+00  0.72164E-15
 0.29560E+03  0.80507E+00 -0.83267E-15
 0.29580E+03  0.80905E+00 -0.33307E-15
 0.29600E+03  0.81311E+00 -0.22204E-15
 0.29620E+03  0.81725E+00 -0.22204E-15
 0.29640E+03  0.82147E+00 -0.55511E-16
 0.29660E+03  0.82576E+00  0.11102E-15
 0.29680E+03  0.83013E+00 -0.49960E-15
 0.29700E+03  0.83459E+00  0.33307E-15
 0.29720E+03  0.83912E+00 -0.66613E-15
 0.29740E+03  0.84374E+00  0.00000E+00
 0.29760E+03  0.84843E+00 -0.22204E-15
 0.29780E+03  0.85321E+00 -0.27756E-15
 0.29800E+03  0.85807E+00 -0.55511E-16
 0.29820E+03  0.86301E+00 -0.11102E-15
 0.29840E+03  0.86803E+00  0.66613E-15
 0.29860E+03  0.87314E+00  0.00000E+00
 0.29880E+03  0.87833E+00 -0.55511E-16
 0.29900E+03  0.88360E+00 -0.27756E-15
 0.29920E+03  0.88895E+00  0.55511E-16
 0.29940E+03  0.89439E+00  0.00000E+00
 0.29960E+03  0.89991E+00 -0.49960E-15
 0.29980E+03  0.90551E+00  0.16653E-15
 0.30000E+03  0.91120E+00  0.22204E-15
