 0.9186028E+00 -0.4907661E-01  0.7341419E-01
 0.9608757E+00  0.9796542E-01 -0.5715833E+00
 0.1036641E+01  0.3683157E+00  0.7204146E+00
 0.1131126E+01 -0.5990594E+00 -0.5856444E+00
 0.1235479E+01  0.5330204E+00  0.6312926E+00
 0.1344614E+01 -0.8633978E+00 -0.7524127E+00
 0.1455575E+01 -0.3521523E-01  0.9737252E+00
 0.1566491E+01 -0.1876138E+00 -0.1028145E+01
 0.1675972E+01 -0.2912700E+00  0.1181019E+01
 0.1782785E+01  0.5744001E+00 -0.9193929E+00
 0.1885720E+01 -0.1112134E+01  0.3570860E+00
 0.1983537E+01  0.3045229E+00  0.5212658E+00
