 0.5282342E+00  0.3585423E+00
 0.6867340E+00  0.2653926E+00
 0.8452355E+00  0.1867853E+00
 0.1003738E+01  0.1207062E+00
 0.1162242E+01  0.6547793E-01
 0.1320747E+01  0.1971384E-01
 0.1479253E+01 -0.1772148E-01
 0.1637760E+01 -0.4774412E-01
 0.1796267E+01 -0.7107711E-01
 0.1954775E+01 -0.8827175E-01
 0.2113284E+01 -0.9972469E-01
 0.2271793E+01 -0.1056914E+00
 0.5283514E+00  0.7169954E+00
 0.6868208E+00  0.5307309E+00
 0.8452965E+00  0.3735401E+00
 0.1003778E+01  0.2413971E+00
 0.1162264E+01  0.1309498E+00
 0.1320754E+01  0.3942657E-01
 0.1479247E+01 -0.3544185E-01
 0.1637744E+01 -0.9548635E-01
 0.1796244E+01 -0.1421519E+00
 0.1954746E+01 -0.1765399E+00
 0.2113251E+01 -0.1994427E+00
 0.2271759E+01 -0.2113699E+00
 0.5285466E+00  0.1075269E+01
 0.6869653E+00  0.7959603E+00
 0.8453982E+00  0.5602336E+00
 0.1003843E+01  0.3620574E+00
 0.1162299E+01  0.1964095E+00
 0.1320764E+01  0.5913711E-01
 0.1479238E+01 -0.5315998E-01
 0.1637718E+01 -0.1432248E+00
 0.1796205E+01 -0.2132219E+00
 0.1954698E+01 -0.2648009E+00
 0.2113197E+01 -0.2991471E+00
 0.2271701E+01 -0.3170225E+00
 0.5288199E+00  0.1433274E+01
 0.6871676E+00  0.1061026E+01
 0.8455406E+00  0.7468350E+00
 0.1003935E+01  0.4826717E+00
 0.1162349E+01  0.2618511E+00
 0.1320779E+01  0.7884438E-01
 0.1479224E+01 -0.7087476E-01
 0.1637682E+01 -0.1909577E+00
 0.1796151E+01 -0.2842851E+00
 0.1954631E+01 -0.3530511E+00
 0.2113121E+01 -0.3988313E+00
 0.2271621E+01 -0.4226360E+00
 0.5291711E+00  0.1790919E+01
 0.6874276E+00  0.1325874E+01
 0.8457236E+00  0.9333135E+00
 0.1004054E+01  0.6032249E+00
 0.1162413E+01  0.3272684E+00
 0.1320799E+01  0.9854731E-01
 0.1479207E+01 -0.8858507E-01
 0.1637635E+01 -0.2386832E+00
 0.1796081E+01 -0.3553390E+00
 0.1954545E+01 -0.4412870E+00
 0.2113023E+01 -0.4984883E+00
 0.2271517E+01 -0.5281972E+00
 0.5296002E+00  0.2148114E+01
 0.6877453E+00  0.1590448E+01
 0.8459473E+00  0.1119638E+01
 0.1004198E+01  0.7237015E+00
 0.1162492E+01  0.3926556E+00
 0.1320822E+01  0.1182449E+00
 0.1479186E+01 -0.1062898E+00
 0.1637578E+01 -0.2863993E+00
 0.1795996E+01 -0.4263813E+00
 0.1954439E+01 -0.5295049E+00
 0.2112904E+01 -0.5981113E+00
 0.2271391E+01 -0.6336926E+00
 0.5301071E+00  0.2504769E+01
 0.6881206E+00  0.1854695E+01
 0.8462115E+00  0.1305779E+01
 0.1004369E+01  0.8440864E+00
 0.1162584E+01  0.4580066E+00
 0.1320850E+01  0.1379360E+00
 0.1479160E+01 -0.1239878E+00
 0.1637510E+01 -0.3341044E+00
 0.1795896E+01 -0.4974099E+00
 0.1954314E+01 -0.6177014E+00
 0.2112763E+01 -0.6976934E+00
 0.2271241E+01 -0.7391088E+00
 0.5306916E+00  0.2860793E+01
 0.6885534E+00  0.2118559E+01
 0.8465162E+00  0.1491704E+01
 0.1004566E+01  0.9643642E+00
 0.1162691E+01  0.5233154E+00
 0.1320882E+01  0.1576197E+00
 0.1479131E+01 -0.1416779E+00
 0.1637432E+01 -0.3817966E+00
 0.1795779E+01 -0.5684224E+00
 0.1954170E+01 -0.7058728E+00
 0.2112600E+01 -0.7972276E+00
 0.2271068E+01 -0.8444321E+00
 0.5313536E+00  0.3216097E+01
 0.6890437E+00  0.2381985E+01
 0.8468614E+00  0.1677384E+01
 0.1004789E+01  0.1084520E+01
 0.1162812E+01  0.5885761E+00
 0.1320919E+01  0.1772949E+00
 0.1479099E+01 -0.1593591E+00
 0.1637344E+01 -0.4294741E+00
 0.1795648E+01 -0.6394168E+00
 0.1954006E+01 -0.7940157E+00
 0.2112415E+01 -0.8967069E+00
 0.2270873E+01 -0.9496487E+00
 0.5320929E+00  0.3570588E+01
 0.6895913E+00  0.2644918E+01
 0.8472471E+00  0.1862787E+01
 0.1005039E+01  0.1204538E+01
 0.1162948E+01  0.6537827E+00
 0.1320960E+01  0.1969606E+00
 0.1479062E+01 -0.1770302E+00
 0.1637245E+01 -0.4771350E+00
 0.1795501E+01 -0.7103906E+00
 0.1953824E+01 -0.8821264E+00
 0.2112209E+01 -0.9961243E+00
 0.2270655E+01 -0.1054745E+01
 0.5329093E+00  0.3924176E+01
 0.6901961E+00  0.2907304E+01
 0.8476731E+00  0.2047882E+01
 0.1005314E+01  0.1324403E+01
 0.1163097E+01  0.7189295E+00
 0.1321005E+01  0.2166160E+00
 0.1479022E+01 -0.1946901E+00
 0.1637136E+01 -0.5247777E+00
 0.1795338E+01 -0.7813419E+00
 0.1953622E+01 -0.9702014E+00
 0.2111981E+01 -0.1095473E+01
 0.2270413E+01 -0.1159706E+01
 0.5338027E+00  0.4276772E+01
 0.6908580E+00  0.3169087E+01
 0.8481394E+00  0.2232639E+01
 0.1005616E+01  0.1444100E+01
 0.1163261E+01  0.7840104E+00
 0.1321054E+01  0.2362600E+00
 0.1478977E+01 -0.2123375E+00
 0.1637016E+01 -0.5724004E+00
 0.1795160E+01 -0.8522684E+00
 0.1953401E+01 -0.1058237E+01
 0.2111732E+01 -0.1194746E+01
 0.2270149E+01 -0.1264520E+01
 0.5347727E+00  0.4628283E+01
 0.6915769E+00  0.3430213E+01
 0.8486459E+00  0.2417027E+01
 0.1005943E+01  0.1563614E+01
 0.1163439E+01  0.8490196E+00
 0.1321108E+01  0.2558917E+00
 0.1478929E+01 -0.2299714E+00
 0.1636886E+01 -0.6200012E+00
 0.1794967E+01 -0.9231680E+00
 0.1953161E+01 -0.1146231E+01
 0.2111461E+01 -0.1293936E+01
 0.2269862E+01 -0.1369170E+01
 0.5358193E+00  0.4978621E+01
 0.6923526E+00  0.3690626E+01
 0.8491925E+00  0.2601015E+01
 0.1006297E+01  0.1682930E+01
 0.1163631E+01  0.9139513E+00
 0.1321166E+01  0.2755101E+00
 0.1478877E+01 -0.2475906E+00
 0.1636746E+01 -0.6675783E+00
 0.1794758E+01 -0.9940385E+00
 0.1952901E+01 -0.1234178E+01
 0.2111168E+01 -0.1393037E+01
 0.2269553E+01 -0.1473645E+01
 0.5369420E+00  0.5327695E+01
 0.6931850E+00  0.3950273E+01
 0.8497792E+00  0.2784572E+01
 0.1006677E+01  0.1802033E+01
 0.1163837E+01  0.9787997E+00
 0.1321228E+01  0.2951145E+00
 0.1478821E+01 -0.2651938E+00
 0.1636596E+01 -0.7151301E+00
 0.1794534E+01 -0.1064878E+01
 0.1952623E+01 -0.1322077E+01
 0.2110854E+01 -0.1492041E+01
 0.2269220E+01 -0.1577931E+01
 0.5381406E+00  0.5675415E+01
 0.6940738E+00  0.4209098E+01
 0.8504058E+00  0.2967669E+01
 0.1007082E+01  0.1920907E+01
 0.1164057E+01  0.1043559E+01
 0.1321294E+01  0.3147039E+00
 0.1478761E+01 -0.2827798E+00
 0.1636435E+01 -0.7626546E+00
 0.1794294E+01 -0.1135684E+01
 0.1952325E+01 -0.1409923E+01
 0.2110518E+01 -0.1590943E+01
 0.2268865E+01 -0.1682013E+01
 0.5394148E+00  0.6021693E+01
 0.6950189E+00  0.4467047E+01
 0.8510723E+00  0.3150274E+01
 0.1007514E+01  0.2039537E+01
 0.1164292E+01  0.1108223E+01
 0.1321365E+01  0.3342773E+00
 0.1478698E+01 -0.3003473E+00
 0.1636263E+01 -0.8101499E+00
 0.1794039E+01 -0.1206455E+01
 0.1952009E+01 -0.1497713E+01
 0.2110161E+01 -0.1689736E+01
 0.2268487E+01 -0.1785880E+01
 0.5407643E+00  0.6366442E+01
 0.6960202E+00  0.4724068E+01
 0.8517784E+00  0.3332357E+01
 0.1007971E+01  0.2157908E+01
 0.1164540E+01  0.1172786E+01
 0.1321440E+01  0.3538340E+00
 0.1478631E+01 -0.3178951E+00
 0.1636082E+01 -0.8576143E+00
 0.1793768E+01 -0.1277188E+01
 0.1951673E+01 -0.1585445E+01
 0.2109782E+01 -0.1788415E+01
 0.2268087E+01 -0.1889520E+01
 0.5421888E+00  0.6709573E+01
 0.6970773E+00  0.4980105E+01
 0.8525242E+00  0.3513887E+01
 0.1008454E+01  0.2276006E+01
 0.1164803E+01  0.1237242E+01
 0.1321519E+01  0.3733730E+00
 0.1478559E+01 -0.3354219E+00
 0.1635890E+01 -0.9050456E+00
 0.1793483E+01 -0.1347882E+01
 0.1951318E+01 -0.1673115E+01
 0.2109381E+01 -0.1886974E+01
 0.2267664E+01 -0.1992921E+01
 0.5436878E+00  0.7051001E+01
 0.6981901E+00  0.5235107E+01
 0.8533095E+00  0.3694836E+01
 0.1008963E+01  0.2393814E+01
 0.1165079E+01  0.1301586E+01
 0.1321602E+01  0.3928936E+00
 0.1478484E+01 -0.3529262E+00
 0.1635687E+01 -0.9524420E+00
 0.1793181E+01 -0.1418535E+01
 0.1950944E+01 -0.1760721E+01
 0.2108959E+01 -0.1985407E+01
 0.2267219E+01 -0.2096074E+01
 0.5452610E+00  0.7390642E+01
 0.6993583E+00  0.5489021E+01
 0.8541341E+00  0.3875172E+01
 0.1009497E+01  0.2511318E+01
 0.1165370E+01  0.1365811E+01
 0.1321690E+01  0.4123946E+00
 0.1478406E+01 -0.3704067E+00
 0.1635475E+01 -0.9998012E+00
 0.1792864E+01 -0.1489143E+01
 0.1950551E+01 -0.1848261E+01
 0.2108516E+01 -0.2083711E+01
 0.2266751E+01 -0.2198968E+01
 0.5469080E+00  0.7728413E+01
 0.7005817E+00  0.5741796E+01
 0.8549980E+00  0.4054867E+01
 0.1010057E+01  0.2628503E+01
 0.1165675E+01  0.1429911E+01
 0.1321782E+01  0.4318754E+00
 0.1478323E+01 -0.3878618E+00
 0.1635252E+01 -0.1047121E+01
 0.1792532E+01 -0.1559705E+01
 0.1950138E+01 -0.1935731E+01
 0.2108052E+01 -0.2181882E+01
 0.2266261E+01 -0.2301596E+01
 0.5486283E+00  0.8064234E+01
 0.7018601E+00  0.5993381E+01
 0.8559009E+00  0.4233890E+01
 0.1010642E+01  0.2745354E+01
 0.1165993E+01  0.1493880E+01
 0.1321878E+01  0.4513348E+00
 0.1478237E+01 -0.4052900E+00
 0.1635018E+01 -0.1094400E+01
 0.1792185E+01 -0.1630220E+01
 0.1949707E+01 -0.2023130E+01
 0.2107565E+01 -0.2279916E+01
 0.2265748E+01 -0.2403952E+01
 0.5504216E+00  0.8398025E+01
 0.7031931E+00  0.6243727E+01
 0.8568428E+00  0.4412212E+01
 0.1011253E+01  0.2861854E+01
 0.1166325E+01  0.1557712E+01
 0.1321979E+01  0.4707720E+00
 0.1478146E+01 -0.4226897E+00
 0.1634775E+01 -0.1141634E+01
 0.1791822E+01 -0.1700684E+01
 0.1949257E+01 -0.2110456E+01
 0.2107058E+01 -0.2377811E+01
 0.2265213E+01 -0.2506030E+01
 0.5522874E+00  0.8729710E+01
 0.7045806E+00  0.6492784E+01
 0.8578234E+00  0.4589805E+01
 0.1011889E+01  0.2977990E+01
 0.1166672E+01  0.1621401E+01
 0.1322084E+01  0.4901860E+00
 0.1478052E+01 -0.4400592E+00
 0.1634521E+01 -0.1188822E+01
 0.1791444E+01 -0.1771095E+01
 0.1948788E+01 -0.2197706E+01
 0.2106529E+01 -0.2475565E+01
 0.2264656E+01 -0.2607828E+01
 0.5542253E+00  0.9059215E+01
 0.7060221E+00  0.6740505E+01
 0.8588426E+00  0.4766641E+01
 0.1012551E+01  0.3093746E+01
 0.1167032E+01  0.1684940E+01
 0.1322192E+01  0.5095757E+00
 0.1477955E+01 -0.4573969E+00
 0.1634257E+01 -0.1235961E+01
 0.1791050E+01 -0.1841451E+01
 0.1948299E+01 -0.2284880E+01
 0.2105979E+01 -0.2573178E+01
 0.2264077E+01 -0.2709344E+01
 0.5562346E+00  0.9386469E+01
 0.7075175E+00  0.6986844E+01
 0.8599003E+00  0.4942690E+01
 0.1013237E+01  0.3209107E+01
 0.1167406E+01  0.1748322E+01
 0.1322306E+01  0.5289400E+00
 0.1477853E+01 -0.4747009E+00
 0.1633982E+01 -0.1283047E+01
 0.1790641E+01 -0.1911749E+01
 0.1947792E+01 -0.2371976E+01
 0.2105408E+01 -0.2670649E+01
 0.2263476E+01 -0.2810580E+01
 0.5583151E+00  0.9711403E+01
 0.7090664E+00  0.7231755E+01
 0.8609962E+00  0.5117926E+01
 0.1013949E+01  0.3324057E+01
 0.1167794E+01  0.1811542E+01
 0.1322423E+01  0.5482777E+00
 0.1477748E+01 -0.4919692E+00
 0.1633698E+01 -0.1330079E+01
 0.1790217E+01 -0.1981987E+01
 0.1947266E+01 -0.2458993E+01
 0.2104816E+01 -0.2767979E+01
 0.2262852E+01 -0.2911539E+01
 0.5604660E+00  0.1003395E+02
 0.7106685E+00  0.7475195E+01
 0.8621303E+00  0.5292320E+01
 0.1014685E+01  0.3438581E+01
 0.1168195E+01  0.1874592E+01
 0.1322544E+01  0.5675877E+00
 0.1477639E+01 -0.5092001E+00
 0.1633403E+01 -0.1377052E+01
 0.1789778E+01 -0.2052162E+01
 0.1946721E+01 -0.2545930E+01
 0.2104202E+01 -0.2865171E+01
 0.2262207E+01 -0.3012227E+01
 0.5626870E+00  0.1035406E+02
 0.7123235E+00  0.7717121E+01
 0.8633022E+00  0.5465847E+01
 0.1015447E+01  0.3552665E+01
 0.1168611E+01  0.1937465E+01
 0.1322670E+01  0.5868687E+00
 0.1477526E+01 -0.5263913E+00
 0.1633098E+01 -0.1423964E+01
 0.1789323E+01 -0.2122271E+01
 0.1946156E+01 -0.2632787E+01
 0.2103567E+01 -0.2962228E+01
 0.2261540E+01 -0.3112650E+01
 0.5649774E+00  0.1067165E+02
 0.7140310E+00  0.7957494E+01
 0.8645118E+00  0.5638479E+01
 0.1016233E+01  0.3666292E+01
 0.1169039E+01  0.2000155E+01
 0.1322800E+01  0.6061194E+00
 0.1477409E+01 -0.5435408E+00
 0.1632782E+01 -0.1470811E+01
 0.1788853E+01 -0.2192312E+01
 0.1945573E+01 -0.2719563E+01
 0.2102911E+01 -0.3059154E+01
 0.2260851E+01 -0.3212821E+01
 0.5673368E+00  0.1098669E+02
 0.7157907E+00  0.8196273E+01
 0.8657590E+00  0.5810191E+01
 0.1017045E+01  0.3779447E+01
 0.1169482E+01  0.2062654E+01
 0.1322934E+01  0.6253383E+00
 0.1477289E+01 -0.5606464E+00
 0.1632457E+01 -0.1517590E+01
 0.1788368E+01 -0.2262281E+01
 0.1944971E+01 -0.2806257E+01
 0.2102234E+01 -0.3155954E+01
 0.2260140E+01 -0.3312751E+01
 0.5697644E+00  0.1129912E+02
 0.7176022E+00  0.8433420E+01
 0.8670434E+00  0.5980958E+01
 0.1017880E+01  0.3892116E+01
 0.1169938E+01  0.2124955E+01
 0.1323073E+01  0.6445240E+00
 0.1477165E+01 -0.5777058E+00
 0.1632121E+01 -0.1564295E+01
 0.1787867E+01 -0.2332175E+01
 0.1944351E+01 -0.2892871E+01
 0.2101536E+01 -0.3252633E+01
 0.2259407E+01 -0.3412455E+01
 0.5722599E+00  0.1160888E+02
 0.7194652E+00  0.8668901E+01
 0.8683650E+00  0.6150753E+01
 0.1018740E+01  0.4004282E+01
 0.1170408E+01  0.2187050E+01
 0.1323215E+01  0.6636749E+00
 0.1477037E+01 -0.5947168E+00
 0.1631775E+01 -0.1610925E+01
 0.1787352E+01 -0.2401991E+01
 0.1943711E+01 -0.2979405E+01
 0.2100817E+01 -0.3349200E+01
 0.2258653E+01 -0.3511952E+01
 0.5748226E+00  0.1191595E+02
 0.7213794E+00  0.8902680E+01
 0.8697234E+00  0.6319554E+01
 0.1019625E+01  0.4115931E+01
 0.1170891E+01  0.2248932E+01
 0.1323362E+01  0.6827893E+00
 0.1476906E+01 -0.6116768E+00
 0.1631419E+01 -0.1657473E+01
 0.1786821E+01 -0.2471726E+01
 0.1943052E+01 -0.3065858E+01
 0.2100077E+01 -0.3445662E+01
 0.2257877E+01 -0.3611261E+01
 0.5774519E+00  0.1222026E+02
 0.7233443E+00  0.9134725E+01
 0.8711185E+00  0.6487336E+01
 0.1020534E+01  0.4227047E+01
 0.1171388E+01  0.2310593E+01
 0.1323513E+01  0.7018657E+00
 0.1476771E+01 -0.6285833E+00
 0.1631053E+01 -0.1703936E+01
 0.1786275E+01 -0.2541375E+01
 0.1942375E+01 -0.3152232E+01
 0.2099316E+01 -0.3542029E+01
 0.2257079E+01 -0.3710405E+01
 0.5801471E+00  0.1252179E+02
 0.7253595E+00  0.9365003E+01
 0.8725501E+00  0.6654075E+01
 0.1021467E+01  0.4337615E+01
 0.1171898E+01  0.2372024E+01
 0.1323668E+01  0.7209022E+00
 0.1476632E+01 -0.6454340E+00
 0.1630677E+01 -0.1750310E+01
 0.1785713E+01 -0.2610936E+01
 0.1941679E+01 -0.3238527E+01
 0.2098534E+01 -0.3638308E+01
 0.2256260E+01 -0.3809407E+01
 0.5829078E+00  0.1282050E+02
 0.7274248E+00  0.9593486E+01
 0.8740178E+00  0.6819749E+01
 0.1022424E+01  0.4447620E+01
 0.1172421E+01  0.2433220E+01
 0.1323827E+01  0.7398970E+00
 0.1476490E+01 -0.6622262E+00
 0.1630290E+01 -0.1796590E+01
 0.1785137E+01 -0.2680405E+01
 0.1940964E+01 -0.3324745E+01
 0.2097730E+01 -0.3734512E+01
 0.2255420E+01 -0.3908293E+01
 0.5857332E+00  0.1311637E+02
 0.7295396E+00  0.9820143E+01
 0.8755216E+00  0.6984335E+01
 0.1023405E+01  0.4557046E+01
 0.1172958E+01  0.2494170E+01
 0.1323990E+01  0.7588482E+00
 0.1476344E+01 -0.6789573E+00
 0.1629894E+01 -0.1842770E+01
 0.1784545E+01 -0.2749777E+01
 0.1940230E+01 -0.3410885E+01
 0.2096906E+01 -0.3830651E+01
 0.2254557E+01 -0.4007091E+01
 0.5886228E+00  0.1340935E+02
 0.7317035E+00  0.1004495E+02
 0.8770610E+00  0.7147811E+01
 0.1024409E+01  0.4665878E+01
 0.1173508E+01  0.2554867E+01
 0.1324157E+01  0.7777539E+00
 0.1476194E+01 -0.6956246E+00
 0.1629487E+01 -0.1888846E+01
 0.1783939E+01 -0.2819048E+01
 0.1939478E+01 -0.3496949E+01
 0.2096061E+01 -0.3926736E+01
 0.2253674E+01 -0.4105828E+01
 0.5915758E+00  0.1369942E+02
 0.7339163E+00  0.1026788E+02
 0.8786360E+00  0.7310156E+01
 0.1025438E+01  0.4774102E+01
 0.1174071E+01  0.2615303E+01
 0.1324329E+01  0.7966121E+00
 0.1476040E+01 -0.7122254E+00
 0.1629071E+01 -0.1934813E+01
 0.1783317E+01 -0.2888216E+01
 0.1938707E+01 -0.3582939E+01
 0.2095195E+01 -0.4022778E+01
 0.2252768E+01 -0.4204535E+01
 0.5945918E+00  0.1398656E+02
 0.7361774E+00  0.1048890E+02
 0.8802462E+00  0.7471348E+01
 0.1026490E+01  0.4881702E+01
 0.1174648E+01  0.2675470E+01
 0.1324505E+01  0.8154209E+00
 0.1475884E+01 -0.7287572E+00
 0.1628644E+01 -0.1980666E+01
 0.1782680E+01 -0.2957274E+01
 0.1937917E+01 -0.3668854E+01
 0.2094308E+01 -0.4118790E+01
 0.2251842E+01 -0.4303242E+01
 0.5976700E+00  0.1427074E+02
 0.7384865E+00  0.1070800E+02
 0.8818914E+00  0.7631367E+01
 0.1027565E+01  0.4988663E+01
 0.1175237E+01  0.2735359E+01
 0.1324684E+01  0.8341782E+00
 0.1475723E+01 -0.7452171E+00
 0.1628208E+01 -0.2026400E+01
 0.1782029E+01 -0.3026219E+01
 0.1937108E+01 -0.3754696E+01
 0.2093401E+01 -0.4214784E+01
 0.2250893E+01 -0.4401978E+01
 0.6008098E+00  0.1455195E+02
 0.7408431E+00  0.1092514E+02
 0.8835713E+00  0.7790192E+01
 0.1028663E+01  0.5094971E+01
 0.1175840E+01  0.2794963E+01
 0.1324868E+01  0.8528819E+00
 0.1475559E+01 -0.7616025E+00
 0.1627761E+01 -0.2072010E+01
 0.1781362E+01 -0.3095047E+01
 0.1936281E+01 -0.3840466E+01
 0.2092472E+01 -0.4310770E+01
 0.2249923E+01 -0.4500773E+01
 0.6040105E+00  0.1483015E+02
 0.7432468E+00  0.1114031E+02
 0.8852857E+00  0.7947803E+01
 0.1029785E+01  0.5200612E+01
 0.1176455E+01  0.2854273E+01
 0.1325056E+01  0.8715301E+00
 0.1475391E+01 -0.7779107E+00
 0.1627305E+01 -0.2117490E+01
 0.1780680E+01 -0.3163753E+01
 0.1935434E+01 -0.3926164E+01
 0.2091522E+01 -0.4406759E+01
 0.2248932E+01 -0.4599657E+01
 0.6072715E+00  0.1510534E+02
 0.7456971E+00  0.1135348E+02
 0.8870343E+00  0.8104180E+01
 0.1030929E+01  0.5305570E+01
 0.1177083E+01  0.2913281E+01
 0.1325248E+01  0.8901208E+00
 0.1475220E+01 -0.7941391E+00
 0.1626839E+01 -0.2162836E+01
 0.1779983E+01 -0.3232333E+01
 0.1934570E+01 -0.4011790E+01
 0.2090552E+01 -0.4502763E+01
 0.2247919E+01 -0.4698657E+01
 0.6105921E+00  0.1537748E+02
 0.7481937E+00  0.1156463E+02
 0.8888169E+00  0.8259304E+01
 0.1032097E+01  0.5409832E+01
 0.1177724E+01  0.2971979E+01
 0.1325444E+01  0.9086521E+00
 0.1475045E+01 -0.8102851E+00
 0.1626363E+01 -0.2208042E+01
 0.1779272E+01 -0.3300782E+01
 0.1933686E+01 -0.4097344E+01
 0.2089560E+01 -0.4598792E+01
 0.2246885E+01 -0.4797800E+01
 0.6139717E+00  0.1564655E+02
 0.7507360E+00  0.1177373E+02
 0.8906331E+00  0.8413153E+01
 0.1033286E+01  0.5513383E+01
 0.1178378E+01  0.3030361E+01
 0.1325644E+01  0.9271219E+00
 0.1474867E+01 -0.8263462E+00
 0.1625877E+01 -0.2253104E+01
 0.1778545E+01 -0.3369097E+01
 0.1932784E+01 -0.4182827E+01
 0.2088548E+01 -0.4694853E+01
 0.2245829E+01 -0.4897111E+01
 0.6174096E+00  0.1591254E+02
 0.7533237E+00  0.1198077E+02
 0.8924827E+00  0.8565710E+01
 0.1034499E+01  0.5616211E+01
 0.1179045E+01  0.3088417E+01
 0.1325848E+01  0.9455286E+00
 0.1474685E+01 -0.8423198E+00
 0.1625381E+01 -0.2298017E+01
 0.1777804E+01 -0.3437272E+01
 0.1931864E+01 -0.4268238E+01
 0.2087515E+01 -0.4790956E+01
 0.2244751E+01 -0.4996611E+01
 0.6209050E+00  0.1617542E+02
 0.7559562E+00  0.1218572E+02
 0.8943653E+00  0.8716955E+01
 0.1035734E+01  0.5718300E+01
 0.1179724E+01  0.3146142E+01
 0.1326056E+01  0.9638703E+00
 0.1474500E+01 -0.8582035E+00
 0.1624875E+01 -0.2342776E+01
 0.1777047E+01 -0.3505303E+01
 0.1930925E+01 -0.4353575E+01
 0.2086460E+01 -0.4887106E+01
 0.2243651E+01 -0.5096320E+01
 0.6244574E+00  0.1643516E+02
 0.7586332E+00  0.1238855E+02
 0.8962808E+00  0.8866867E+01
 0.1036990E+01  0.5819639E+01
 0.1180416E+01  0.3203527E+01
 0.1326268E+01  0.9821454E+00
 0.1474311E+01 -0.8739951E+00
 0.1624360E+01 -0.2387377E+01
 0.1776276E+01 -0.3573186E+01
 0.1929967E+01 -0.4438838E+01
 0.2085385E+01 -0.4983309E+01
 0.2242530E+01 -0.5196255E+01
 0.6280661E+00  0.1669173E+02
 0.7613541E+00  0.1258924E+02
 0.8982288E+00  0.9015429E+01
 0.1038269E+01  0.5920214E+01
 0.1181120E+01  0.3260566E+01
 0.1326484E+01  0.1000352E+01
 0.1474119E+01 -0.8896922E+00
 0.1623835E+01 -0.2431815E+01
 0.1775490E+01 -0.3640917E+01
 0.1928991E+01 -0.4524026E+01
 0.2084289E+01 -0.5079569E+01
 0.2241387E+01 -0.5296428E+01
 0.6317303E+00  0.1694511E+02
 0.7641186E+00  0.1278776E+02
 0.9002090E+00  0.9162620E+01
 0.1039570E+01  0.6020013E+01
 0.1181836E+01  0.3317254E+01
 0.1326704E+01  0.1018490E+01
 0.1473923E+01 -0.9052927E+00
 0.1623300E+01 -0.2476087E+01
 0.1774690E+01 -0.3708492E+01
 0.1927996E+01 -0.4609135E+01
 0.2083172E+01 -0.5175888E+01
 0.2240222E+01 -0.5396848E+01
 0.6354493E+00  0.1719526E+02
 0.7669260E+00  0.1298409E+02
 0.9022211E+00  0.9308421E+01
 0.1040892E+01  0.6119022E+01
 0.1182565E+01  0.3373582E+01
 0.1326927E+01  0.1036557E+01
 0.1473724E+01 -0.9207947E+00
 0.1622756E+01 -0.2520189E+01
 0.1773874E+01 -0.3775907E+01
 0.1926982E+01 -0.4694163E+01
 0.2082034E+01 -0.5272265E+01
 0.2239036E+01 -0.5497519E+01
 0.6392225E+00  0.1744214E+02
 0.7697760E+00  0.1317821E+02
 0.9042648E+00  0.9452812E+01
 0.1042236E+01  0.6217231E+01
 0.1183306E+01  0.3429547E+01
 0.1327155E+01  0.1054551E+01
 0.1473522E+01 -0.9361961E+00
 0.1622202E+01 -0.2564117E+01
 0.1773044E+01 -0.3843157E+01
 0.1925950E+01 -0.4779108E+01
 0.2080875E+01 -0.5368700E+01
 0.2237827E+01 -0.5598442E+01
 0.6430492E+00  0.1768572E+02
 0.7726680E+00  0.1337007E+02
 0.9063399E+00  0.9595774E+01
 0.1043601E+01  0.6314627E+01
 0.1184059E+01  0.3485142E+01
 0.1327387E+01  0.1072473E+01
 0.1473317E+01 -0.9514953E+00
 0.1621639E+01 -0.2607869E+01
 0.1772200E+01 -0.3910241E+01
 0.1924900E+01 -0.4863966E+01
 0.2079694E+01 -0.5465189E+01
 0.2236596E+01 -0.5699613E+01
 0.6469285E+00  0.1792596E+02
 0.7756015E+00  0.1355965E+02
 0.9084459E+00  0.9737287E+01
 0.1044988E+01  0.6411200E+01
 0.1184825E+01  0.3540362E+01
 0.1327622E+01  0.1090322E+01
 0.1473108E+01 -0.9666905E+00
 0.1621066E+01 -0.2651441E+01
 0.1771341E+01 -0.3977154E+01
 0.1923831E+01 -0.4948732E+01
 0.2078493E+01 -0.5561725E+01
 0.2235343E+01 -0.5801022E+01
 0.6508598E+00  0.1816281E+02
 0.7785761E+00  0.1374692E+02
 0.9105826E+00  0.9877332E+01
 0.1046395E+01  0.6506938E+01
 0.1185602E+01  0.3595204E+01
 0.1327862E+01  0.1108096E+01
 0.1472895E+01 -0.9817801E+00
 0.1620484E+01 -0.2694831E+01
 0.1770467E+01 -0.4043893E+01
 0.1922743E+01 -0.5033402E+01
 0.2077271E+01 -0.5658303E+01
 0.2234069E+01 -0.5902655E+01
 0.6548423E+00  0.1839621E+02
 0.7815913E+00  0.1393185E+02
 0.9127496E+00  0.1001589E+02
 0.1047823E+01  0.6601831E+01
 0.1186391E+01  0.3649663E+01
 0.1328105E+01  0.1125796E+01
 0.1472680E+01 -0.9967629E+00
 0.1619892E+01 -0.2738037E+01
 0.1769579E+01 -0.4110455E+01
 0.1921638E+01 -0.5117972E+01
 0.2076028E+01 -0.5754910E+01
 0.2232772E+01 -0.6004494E+01
 0.6588753E+00  0.1862613E+02
 0.7846465E+00  0.1411440E+02
 0.9149467E+00  0.1015293E+02
 0.1049271E+01  0.6695870E+01
 0.1187192E+01  0.3703735E+01
 0.1328352E+01  0.1143421E+01
 0.1472461E+01 -0.1011637E+01
 0.1619291E+01 -0.2781056E+01
 0.1768676E+01 -0.4176837E+01
 0.1920513E+01 -0.5202435E+01
 0.2074763E+01 -0.5851537E+01
 0.2231452E+01 -0.6106513E+01
 0.6629580E+00  0.1885250E+02
 0.7877412E+00  0.1429453E+02
 0.9171735E+00  0.1028845E+02
 0.1050740E+01  0.6789044E+01
 0.1188005E+01  0.3757417E+01
 0.1328604E+01  0.1160971E+01
 0.1472239E+01 -0.1026403E+01
 0.1618680E+01 -0.2823888E+01
 0.1767759E+01 -0.4243037E+01
 0.1919371E+01 -0.5286786E+01
 0.2073478E+01 -0.5948168E+01
 0.2230111E+01 -0.6208684E+01
 0.6670897E+00  0.1907526E+02
 0.7908749E+00  0.1447222E+02
 0.9194296E+00  0.1042242E+02
 0.1052229E+01  0.6881344E+01
 0.1188829E+01  0.3810707E+01
 0.1328858E+01  0.1178448E+01
 0.1472014E+01 -0.1041058E+01
 0.1618060E+01 -0.2866532E+01
 0.1766827E+01 -0.4309053E+01
 0.1918210E+01 -0.5371018E+01
 0.2072172E+01 -0.6044787E+01
 0.2228747E+01 -0.6310972E+01
 0.6712694E+00  0.1929437E+02
 0.7940470E+00  0.1464742E+02
 0.9217147E+00  0.1055482E+02
 0.1053739E+01  0.6972763E+01
 0.1189665E+01  0.3863602E+01
 0.1329117E+01  0.1195850E+01
 0.1471785E+01 -0.1055602E+01
 0.1617431E+01 -0.2908986E+01
 0.1765881E+01 -0.4374882E+01
 0.1917031E+01 -0.5455124E+01
 0.2070844E+01 -0.6141377E+01
 0.2227361E+01 -0.6413338E+01
 0.6754965E+00  0.1950974E+02
 0.7972570E+00  0.1482009E+02
 0.9240285E+00  0.1068563E+02
 0.1055268E+01  0.7063291E+01
 0.1190513E+01  0.3916101E+01
 0.1329379E+01  0.1213179E+01
 0.1471554E+01 -0.1070034E+01
 0.1616793E+01 -0.2951250E+01
 0.1764921E+01 -0.4440523E+01
 0.1915833E+01 -0.5539096E+01
 0.2069496E+01 -0.6237917E+01
 0.2225952E+01 -0.6515737E+01
 0.6797701E+00  0.1972133E+02
 0.8005044E+00  0.1499020E+02
 0.9263706E+00  0.1081483E+02
 0.1056816E+01  0.7152921E+01
 0.1191372E+01  0.3968203E+01
 0.1329646E+01  0.1230435E+01
 0.1471319E+01 -0.1084353E+01
 0.1616145E+01 -0.2993325E+01
 0.1763946E+01 -0.4505974E+01
 0.1914617E+01 -0.5622928E+01
 0.2068126E+01 -0.6334384E+01
 0.2224522E+01 -0.6618120E+01
 0.6840894E+00  0.1992905E+02
 0.8037885E+00  0.1515771E+02
 0.9287407E+00  0.1094241E+02
 0.1058384E+01  0.7241647E+01
 0.1192242E+01  0.4019906E+01
 0.1329916E+01  0.1247621E+01
 0.1471081E+01 -0.1098560E+01
 0.1615488E+01 -0.3035210E+01
 0.1762957E+01 -0.4571233E+01
 0.1913383E+01 -0.5706610E+01
 0.2066736E+01 -0.6430755E+01
 0.2223069E+01 -0.6720433E+01
 0.6884535E+00  0.2013285E+02
 0.8071088E+00  0.1532257E+02
 0.9311385E+00  0.1106833E+02
 0.1059972E+01  0.7329460E+01
 0.1193123E+01  0.4071211E+01
 0.1330189E+01  0.1264736E+01
 0.1470841E+01 -0.1112653E+01
 0.1614823E+01 -0.3076906E+01
 0.1761954E+01 -0.4636301E+01
 0.1912130E+01 -0.5790134E+01
 0.2065324E+01 -0.6527004E+01
 0.2221593E+01 -0.6822618E+01
 0.6928616E+00  0.2033266E+02
 0.8104648E+00  0.1548475E+02
 0.9335634E+00  0.1119259E+02
 0.1061578E+01  0.7416357E+01
 0.1194016E+01  0.4122117E+01
 0.1330467E+01  0.1281782E+01
 0.1470597E+01 -0.1126633E+01
 0.1614148E+01 -0.3118414E+01
 0.1760937E+01 -0.4701175E+01
 0.1910860E+01 -0.5873492E+01
 0.2063892E+01 -0.6623103E+01
 0.2220096E+01 -0.6924612E+01
 0.6973128E+00  0.2052839E+02
 0.8138558E+00  0.1564420E+02
 0.9360153E+00  0.1131516E+02
 0.1063203E+01  0.7502330E+01
 0.1194919E+01  0.4172625E+01
 0.1330748E+01  0.1298762E+01
 0.1470350E+01 -0.1140499E+01
 0.1613464E+01 -0.3159736E+01
 0.1759906E+01 -0.4765856E+01
 0.1909571E+01 -0.5956674E+01
 0.2062438E+01 -0.6719023E+01
 0.2218576E+01 -0.7026348E+01
 0.7018061E+00  0.2071999E+02
 0.8172812E+00  0.1580090E+02
 0.9384937E+00  0.1143603E+02
 0.1064847E+01  0.7587376E+01
 0.1195834E+01  0.4222736E+01
 0.1331033E+01  0.1315676E+01
 0.1470100E+01 -0.1154252E+01
 0.1612771E+01 -0.3200872E+01
 0.1758861E+01 -0.4830342E+01
 0.1908264E+01 -0.6039670E+01
 0.2060964E+01 -0.6814734E+01
 0.2217034E+01 -0.7127755E+01
 0.7063408E+00  0.2090739E+02
 0.8207405E+00  0.1595479E+02
 0.9409982E+00  0.1155519E+02
 0.1066509E+01  0.7671489E+01
 0.1196759E+01  0.4272451E+01
 0.1331321E+01  0.1332526E+01
 0.1469847E+01 -0.1167892E+01
 0.1612069E+01 -0.3241825E+01
 0.1757801E+01 -0.4894635E+01
 0.1906940E+01 -0.6122471E+01
 0.2059469E+01 -0.6910203E+01
 0.2215470E+01 -0.7228758E+01
 0.7109158E+00  0.2109052E+02
 0.8242330E+00  0.1610584E+02
 0.9435285E+00  0.1167260E+02
 0.1068189E+01  0.7754666E+01
 0.1197696E+01  0.4321773E+01
 0.1331613E+01  0.1349315E+01
 0.1469591E+01 -0.1181418E+01
 0.1611358E+01 -0.3282596E+01
 0.1756728E+01 -0.4958733E+01
 0.1905597E+01 -0.6205067E+01
 0.2057953E+01 -0.7005397E+01
 0.2213885E+01 -0.7329278E+01
 0.7155302E+00  0.2126930E+02
 0.8277581E+00  0.1625402E+02
 0.9460841E+00  0.1178826E+02
 0.1069888E+01  0.7836904E+01
 0.1198643E+01  0.4370702E+01
 0.1331909E+01  0.1366044E+01
 0.1469332E+01 -0.1194831E+01
 0.1610639E+01 -0.3323188E+01
 0.1755641E+01 -0.5022636E+01
 0.1904236E+01 -0.6287448E+01
 0.2056416E+01 -0.7100283E+01
 0.2212277E+01 -0.7429236E+01
 0.7201831E+00  0.2144369E+02
 0.8313152E+00  0.1639929E+02
 0.9486648E+00  0.1190215E+02
 0.1071604E+01  0.7918201E+01
 0.1199600E+01  0.4419242E+01
 0.1332208E+01  0.1382717E+01
 0.1469070E+01 -0.1208133E+01
 0.1609910E+01 -0.3363604E+01
 0.1754539E+01 -0.5086346E+01
 0.1902857E+01 -0.6369604E+01
 0.2054859E+01 -0.7194824E+01
 0.2210648E+01 -0.7528545E+01
 0.7248736E+00  0.2161361E+02
 0.8349035E+00  0.1654161E+02
 0.9512701E+00  0.1201426E+02
 0.1073338E+01  0.7998553E+01
 0.1200568E+01  0.4467395E+01
 0.1332511E+01  0.1399334E+01
 0.1468806E+01 -0.1221322E+01
 0.1609173E+01 -0.3403845E+01
 0.1753424E+01 -0.5149863E+01
 0.1901460E+01 -0.6451523E+01
 0.2053281E+01 -0.7288984E+01
 0.2208997E+01 -0.7627117E+01
 0.7296005E+00  0.2177901E+02
 0.8385226E+00  0.1668095E+02
 0.9538997E+00  0.1212458E+02
 0.1075089E+01  0.8077961E+01
 0.1201547E+01  0.4515163E+01
 0.1332818E+01  0.1415898E+01
 0.1468538E+01 -0.1234400E+01
 0.1608427E+01 -0.3443914E+01
 0.1752296E+01 -0.5213186E+01
 0.1900046E+01 -0.6533197E+01
 0.2051683E+01 -0.7382727E+01
 0.2207324E+01 -0.7724864E+01
 0.7343630E+00  0.2193984E+02
 0.8421717E+00  0.1681729E+02
 0.9565531E+00  0.1223310E+02
 0.1076858E+01  0.8156423E+01
 0.1202535E+01  0.4562551E+01
 0.1333128E+01  0.1432412E+01
 0.1468268E+01 -0.1247367E+01
 0.1607673E+01 -0.3483815E+01
 0.1751153E+01 -0.5276318E+01
 0.1898614E+01 -0.6614615E+01
 0.2050065E+01 -0.7476015E+01
 0.2205631E+01 -0.7821691E+01
 0.7391600E+00  0.2209604E+02
 0.8458502E+00  0.1695059E+02
 0.9592299E+00  0.1233979E+02
 0.1078643E+01  0.8233939E+01
 0.1203535E+01  0.4609562E+01
 0.1333442E+01  0.1448878E+01
 0.1467994E+01 -0.1260225E+01
 0.1606909E+01 -0.3523550E+01
 0.1749997E+01 -0.5339258E+01
 0.1897164E+01 -0.6695765E+01
 0.2048426E+01 -0.7568808E+01
 0.2203916E+01 -0.7917505E+01
 0.7439906E+00  0.2224758E+02
 0.8495574E+00  0.1708084E+02
 0.9619297E+00  0.1244467E+02
 0.1080445E+01  0.8310509E+01
 0.1204544E+01  0.4656198E+01
 0.1333760E+01  0.1465298E+01
 0.1467719E+01 -0.1272973E+01
 0.1606137E+01 -0.3563123E+01
 0.1748826E+01 -0.5402007E+01
 0.1895696E+01 -0.6776638E+01
 0.2046767E+01 -0.7661070E+01
 0.2202181E+01 -0.8012206E+01
 0.7488536E+00  0.2239441E+02
 0.8532926E+00  0.1720802E+02
 0.9646523E+00  0.1254772E+02
 0.1082264E+01  0.8386136E+01
 0.1205563E+01  0.4702464E+01
 0.1334081E+01  0.1481674E+01
 0.1467440E+01 -0.1285614E+01
 0.1605357E+01 -0.3602536E+01
 0.1747643E+01 -0.5464567E+01
 0.1894211E+01 -0.6857223E+01
 0.2045088E+01 -0.7752761E+01
 0.2200425E+01 -0.8105697E+01
 0.7537481E+00  0.2253651E+02
 0.8570552E+00  0.1733210E+02
 0.9673970E+00  0.1264893E+02
 0.1084099E+01  0.8460821E+01
 0.1206593E+01  0.4748364E+01
 0.1334405E+01  0.1498009E+01
 0.1467158E+01 -0.1298147E+01
 0.1604568E+01 -0.3641792E+01
 0.1746445E+01 -0.5526938E+01
 0.1892708E+01 -0.6937510E+01
 0.2043389E+01 -0.7843842E+01
 0.2198649E+01 -0.8197877E+01
 0.7586731E+00  0.2267384E+02
 0.8608445E+00  0.1745307E+02
 0.9701636E+00  0.1274830E+02
 0.1085951E+01  0.8534566E+01
 0.1207632E+01  0.4793901E+01
 0.1334733E+01  0.1514305E+01
 0.1466874E+01 -0.1310575E+01
 0.1603770E+01 -0.3680894E+01
 0.1745234E+01 -0.5589121E+01
 0.1891188E+01 -0.7017489E+01
 0.2041670E+01 -0.7934273E+01
 0.2196853E+01 -0.8288642E+01
 0.7636275E+00  0.2280639E+02
 0.8646598E+00  0.1757092E+02
 0.9729517E+00  0.1284583E+02
 0.1087818E+01  0.8607375E+01
 0.1208682E+01  0.4839080E+01
 0.1335065E+01  0.1530563E+01
 0.1466587E+01 -0.1322897E+01
 0.1602964E+01 -0.3719846E+01
 0.1744010E+01 -0.5651117E+01
 0.1889651E+01 -0.7097149E+01
 0.2039931E+01 -0.8024015E+01
 0.2195038E+01 -0.8377888E+01
 0.7686102E+00  0.2293415E+02
 0.8685004E+00  0.1768566E+02
 0.9757608E+00  0.1294153E+02
 0.1089701E+01  0.8679251E+01
 0.1209741E+01  0.4883906E+01
 0.1335400E+01  0.1546787E+01
 0.1466298E+01 -0.1335115E+01
 0.1602149E+01 -0.3758651E+01
 0.1742772E+01 -0.5712928E+01
 0.1888096E+01 -0.7176481E+01
 0.2038174E+01 -0.8113029E+01
 0.2193203E+01 -0.8465511E+01
 0.7736202E+00  0.2305710E+02
 0.8723657E+00  0.1779726E+02
 0.9785906E+00  0.1303538E+02
 0.1091600E+01  0.8750199E+01
 0.1210810E+01  0.4928381E+01
 0.1335739E+01  0.1562977E+01
 0.1466006E+01 -0.1347231E+01
 0.1601326E+01 -0.3797311E+01
 0.1741521E+01 -0.5774553E+01
 0.1886524E+01 -0.7255474E+01
 0.2036396E+01 -0.8201276E+01
 0.2191349E+01 -0.8551402E+01
 0.7786565E+00  0.2317526E+02
 0.8762550E+00  0.1790574E+02
 0.9814406E+00  0.1312740E+02
 0.1093514E+01  0.8820225E+01
 0.1211888E+01  0.4972511E+01
 0.1336081E+01  0.1579136E+01
 0.1465711E+01 -0.1359244E+01
 0.1600494E+01 -0.3835830E+01
 0.1740256E+01 -0.5835995E+01
 0.1884934E+01 -0.7334120E+01
 0.2034600E+01 -0.8288717E+01
 0.2189477E+01 -0.8635455E+01
 0.7837180E+00  0.2328864E+02
 0.8801676E+00  0.1801111E+02
 0.9843104E+00  0.1321760E+02
 0.1095443E+01  0.8889333E+01
 0.1212976E+01  0.5016299E+01
 0.1336427E+01  0.1595265E+01
 0.1465413E+01 -0.1371158E+01
 0.1599655E+01 -0.3874211E+01
 0.1738978E+01 -0.5897255E+01
 0.1883328E+01 -0.7412409E+01
 0.2032785E+01 -0.8375313E+01
 0.2187586E+01 -0.8717559E+01
 0.7888037E+00  0.2339724E+02
 0.8841028E+00  0.1811336E+02
 0.9871998E+00  0.1330597E+02
 0.1097387E+01  0.8957530E+01
 0.1214074E+01  0.5059752E+01
 0.1336776E+01  0.1611367E+01
 0.1465113E+01 -0.1382972E+01
 0.1598806E+01 -0.3912456E+01
 0.1737686E+01 -0.5958333E+01
 0.1881705E+01 -0.7490332E+01
 0.2030951E+01 -0.8461027E+01
 0.2185678E+01 -0.8797606E+01
 0.7939125E+00  0.2350109E+02
 0.8880599E+00  0.1821252E+02
 0.9901081E+00  0.1339253E+02
 0.1099346E+01  0.9024823E+01
 0.1215181E+01  0.5102872E+01
 0.1337129E+01  0.1627442E+01
 0.1464811E+01 -0.1394687E+01
 0.1597950E+01 -0.3950569E+01
 0.1736382E+01 -0.6019230E+01
 0.1880064E+01 -0.7567881E+01
 0.2029098E+01 -0.8545819E+01
 0.2183753E+01 -0.8875482E+01
 0.7990435E+00  0.2360023E+02
 0.8920383E+00  0.1830860E+02
 0.9930351E+00  0.1347729E+02
 0.1101320E+01  0.9091220E+01
 0.1216297E+01  0.5145664E+01
 0.1337486E+01  0.1643493E+01
 0.1464506E+01 -0.1406306E+01
 0.1597085E+01 -0.3988551E+01
 0.1735064E+01 -0.6079948E+01
 0.1878407E+01 -0.7645046E+01
 0.2027227E+01 -0.8629653E+01
 0.2181811E+01 -0.8951076E+01
 0.8041955E+00  0.2369469E+02
 0.8960373E+00  0.1840163E+02
 0.9959804E+00  0.1356026E+02
 0.1103307E+01  0.9156729E+01
 0.1217423E+01  0.5188133E+01
 0.1337845E+01  0.1659520E+01
 0.1464198E+01 -0.1417830E+01
 0.1596212E+01 -0.4026406E+01
 0.1733732E+01 -0.6140488E+01
 0.1876733E+01 -0.7721820E+01
 0.2025338E+01 -0.8712491E+01
 0.2179853E+01 -0.9024275E+01
 0.8093676E+00  0.2378451E+02
 0.9000562E+00  0.1849162E+02
 0.9989436E+00  0.1364146E+02
 0.1105309E+01  0.9221357E+01
 0.1218558E+01  0.5230285E+01
 0.1338209E+01  0.1675525E+01
 0.1463888E+01 -0.1429258E+01
 0.1595331E+01 -0.4064136E+01
 0.1732388E+01 -0.6200851E+01
 0.1875042E+01 -0.7798195E+01
 0.2023431E+01 -0.8794298E+01
 0.2177879E+01 -0.9094964E+01
 0.8145588E+00  0.2386975E+02
 0.9040944E+00  0.1857861E+02
 0.1001924E+01  0.1372090E+02
 0.1107325E+01  0.9285115E+01
 0.1219702E+01  0.5272122E+01
 0.1338575E+01  0.1691510E+01
 0.1463575E+01 -0.1440593E+01
 0.1594441E+01 -0.4101743E+01
 0.1731031E+01 -0.6261038E+01
 0.1873335E+01 -0.7874164E+01
 0.2021506E+01 -0.8875037E+01
 0.2175890E+01 -0.9163027E+01
 0.8197681E+00  0.2395047E+02
 0.9081512E+00  0.1866263E+02
 0.1004922E+01  0.1379861E+02
 0.1109355E+01  0.9348012E+01
 0.1220855E+01  0.5313650E+01
 0.1338946E+01  0.1707476E+01
 0.1463260E+01 -0.1451836E+01
 0.1593543E+01 -0.4139231E+01
 0.1729660E+01 -0.6321050E+01
 0.1871611E+01 -0.7949721E+01
 0.2019564E+01 -0.8954674E+01
 0.2173887E+01 -0.9228347E+01
 0.8249944E+00  0.2402672E+02
 0.9122261E+00  0.1874371E+02
 0.1007937E+01  0.1387459E+02
 0.1111398E+01  0.9410059E+01
 0.1222017E+01  0.5354874E+01
 0.1339319E+01  0.1723424E+01
 0.1462943E+01 -0.1462986E+01
 0.1592637E+01 -0.4176601E+01
 0.1728276E+01 -0.6380890E+01
 0.1869871E+01 -0.8024859E+01
 0.2017604E+01 -0.9033172E+01
 0.2171870E+01 -0.9290807E+01
 0.8302369E+00  0.2409857E+02
 0.9163182E+00  0.1882189E+02
 0.1010968E+01  0.1394887E+02
 0.1113455E+01  0.9471264E+01
 0.1223189E+01  0.5395799E+01
 0.1339697E+01  0.1739355E+01
 0.1462623E+01 -0.1474047E+01
 0.1591723E+01 -0.4213855E+01
 0.1726880E+01 -0.6440558E+01
 0.1868115E+01 -0.8099571E+01
 0.2015628E+01 -0.9110500E+01
 0.2169839E+01 -0.9350286E+01
 0.8354946E+00  0.2416610E+02
 0.9204271E+00  0.1889721E+02
 0.1014014E+01  0.1402147E+02
 0.1115525E+01  0.9531640E+01
 0.1224369E+01  0.5436430E+01
 0.1340077E+01  0.1755272E+01
 0.1462300E+01 -0.1485017E+01
 0.1590801E+01 -0.4250995E+01
 0.1725470E+01 -0.6500057E+01
 0.1866342E+01 -0.8173854E+01
 0.2013635E+01 -0.9186623E+01
 0.2167796E+01 -0.9406665E+01
 0.8407665E+00  0.2422937E+02
 0.9245521E+00  0.1896971E+02
 0.1017077E+01  0.1409241E+02
 0.1117608E+01  0.9591197E+01
 0.1225557E+01  0.5476771E+01
 0.1340462E+01  0.1771175E+01
 0.1461976E+01 -0.1495898E+01
 0.1589871E+01 -0.4288024E+01
 0.1724047E+01 -0.6559387E+01
 0.1864553E+01 -0.8247703E+01
 0.2011625E+01 -0.9261509E+01
 0.2165740E+01 -0.9459820E+01
 0.8460517E+00  0.2428848E+02
 0.9286926E+00  0.1903943E+02
 0.1020155E+01  0.1416172E+02
 0.1119704E+01  0.9649948E+01
 0.1226755E+01  0.5516828E+01
 0.1340849E+01  0.1787067E+01
 0.1461649E+01 -0.1506691E+01
 0.1588933E+01 -0.4324944E+01
 0.1722612E+01 -0.6618551E+01
 0.1862748E+01 -0.8321113E+01
 0.2009599E+01 -0.9335125E+01
 0.2163674E+01 -0.9509628E+01
 0.8513494E+00  0.2434349E+02
 0.9328479E+00  0.1910643E+02
 0.1023248E+01  0.1422942E+02
 0.1121813E+01  0.9707904E+01
 0.1227961E+01  0.5556605E+01
 0.1341240E+01  0.1802948E+01
 0.1461319E+01 -0.1517396E+01
 0.1587987E+01 -0.4361756E+01
 0.1721163E+01 -0.6677552E+01
 0.1860928E+01 -0.8394081E+01
 0.2007558E+01 -0.9407442E+01
 0.2161597E+01 -0.9555962E+01
 0.8566586E+00  0.2439450E+02
 0.9370176E+00  0.1917074E+02
 0.1026355E+01  0.1429554E+02
 0.1123934E+01  0.9765076E+01
 0.1229176E+01  0.5596110E+01
 0.1341635E+01  0.1818821E+01
 0.1460987E+01 -0.1528012E+01
 0.1587032E+01 -0.4398462E+01
 0.1719702E+01 -0.6736390E+01
 0.1859091E+01 -0.8466604E+01
 0.2005500E+01 -0.9478429E+01
 0.2159510E+01 -0.9598694E+01
 0.8619785E+00  0.2444159E+02
 0.9412010E+00  0.1923242E+02
 0.1029476E+01  0.1436009E+02
 0.1126068E+01  0.9821479E+01
 0.1230400E+01  0.5635346E+01
 0.1342033E+01  0.1834687E+01
 0.1460653E+01 -0.1538541E+01
 0.1586070E+01 -0.4435064E+01
 0.1718228E+01 -0.6795070E+01
 0.1857238E+01 -0.8538681E+01
 0.2003428E+01 -0.9548056E+01
 0.2157415E+01 -0.9637694E+01
 0.8673083E+00  0.2448485E+02
 0.9453976E+00  0.1929152E+02
 0.1032612E+01  0.1442311E+02
 0.1128214E+01  0.9877124E+01
 0.1231632E+01  0.5674319E+01
 0.1342434E+01  0.1850548E+01
 0.1460317E+01 -0.1548982E+01
 0.1585100E+01 -0.4471563E+01
 0.1716741E+01 -0.6853593E+01
 0.1855370E+01 -0.8610309E+01
 0.2001340E+01 -0.9616294E+01
 0.2155311E+01 -0.9672829E+01
 0.8726470E+00  0.2452437E+02
 0.9496067E+00  0.1934808E+02
 0.1035761E+01  0.1448463E+02
 0.1130372E+01  0.9932024E+01
 0.1232872E+01  0.5713036E+01
 0.1342839E+01  0.1866407E+01
 0.1459978E+01 -0.1559336E+01
 0.1584122E+01 -0.4507960E+01
 0.1715242E+01 -0.6911962E+01
 0.1853487E+01 -0.8681489E+01
 0.1999238E+01 -0.9683116E+01
 0.2153200E+01 -0.9703963E+01
 0.8779940E+00  0.2456024E+02
 0.9538279E+00  0.1940216E+02
 0.1038923E+01  0.1454466E+02
 0.1132541E+01  0.9986193E+01
 0.1234121E+01  0.5751502E+01
 0.1343247E+01  0.1882266E+01
 0.1459638E+01 -0.1569600E+01
 0.1583136E+01 -0.4544258E+01
 0.1713730E+01 -0.6970181E+01
 0.1851588E+01 -0.8752220E+01
 0.1997121E+01 -0.9748494E+01
 0.2151083E+01 -0.9730957E+01
 0.8833484E+00  0.2459255E+02
 0.9580606E+00  0.1945380E+02
 0.1042098E+01  0.1460324E+02
 0.1134723E+01  0.1003964E+02
 0.1235378E+01  0.5789723E+01
 0.1343659E+01  0.1898127E+01
 0.1459294E+01 -0.1579776E+01
 0.1582142E+01 -0.4580458E+01
 0.1712205E+01 -0.7028253E+01
 0.1849673E+01 -0.8822504E+01
 0.1994990E+01 -0.9812402E+01
 0.2148961E+01 -0.9753670E+01
 0.8887095E+00  0.2462140E+02
 0.9623044E+00  0.1950307E+02
 0.1045286E+01  0.1466039E+02
 0.1136916E+01  0.1009239E+02
 0.1236644E+01  0.5827706E+01
 0.1344074E+01  0.1913993E+01
 0.1458949E+01 -0.1589863E+01
 0.1581140E+01 -0.4616560E+01
 0.1710667E+01 -0.7086181E+01
 0.1847743E+01 -0.8892341E+01
 0.1992846E+01 -0.9874815E+01
 0.2146833E+01 -0.9771957E+01
 0.8940764E+00  0.2464687E+02
 0.9665585E+00  0.1955001E+02
 0.1048486E+01  0.1471615E+02
 0.1139120E+01  0.1014444E+02
 0.1237917E+01  0.5865457E+01
 0.1344493E+01  0.1929868E+01
 0.1458602E+01 -0.1599858E+01
 0.1580130E+01 -0.4652566E+01
 0.1709117E+01 -0.7143970E+01
 0.1845799E+01 -0.8961735E+01
 0.1990687E+01 -0.9935708E+01
 0.2144703E+01 -0.9785669E+01
 0.8994486E+00  0.2466906E+02
 0.9708227E+00  0.1959468E+02
 0.1051698E+01  0.1477054E+02
 0.1141336E+01  0.1019582E+02
 0.1239199E+01  0.5902982E+01
 0.1344915E+01  0.1945754E+01
 0.1458252E+01 -0.1609762E+01
 0.1579113E+01 -0.4688477E+01
 0.1707554E+01 -0.7201623E+01
 0.1843839E+01 -0.9030689E+01
 0.1988516E+01 -0.9995058E+01
 0.2142570E+01 -0.9794653E+01
 0.9048252E+00  0.2468806E+02
 0.9750964E+00  0.1963712E+02
 0.1054922E+01  0.1482358E+02
 0.1143563E+01  0.1024653E+02
 0.1240489E+01  0.5940289E+01
 0.1345341E+01  0.1961655E+01
 0.1457900E+01 -0.1619572E+01
 0.1578087E+01 -0.4724294E+01
 0.1705979E+01 -0.7259144E+01
 0.1841864E+01 -0.9099207E+01
 0.1986332E+01 -0.1005284E+02
 0.2140435E+01 -0.9798751E+01
 0.9102057E+00  0.2470396E+02
 0.9793790E+00  0.1967739E+02
 0.1058157E+01  0.1487531E+02
 0.1145801E+01  0.1029660E+02
 0.1241788E+01  0.5977384E+01
 0.1345770E+01  0.1977574E+01
 0.1457546E+01 -0.1629287E+01
 0.1577054E+01 -0.4760017E+01
 0.1704391E+01 -0.7316539E+01
 0.1839874E+01 -0.9167293E+01
 0.1984136E+01 -0.1010904E+02
 0.2138301E+01 -0.9797802E+01
 0.9155893E+00  0.2471685E+02
 0.9836702E+00  0.1971555E+02
 0.1061404E+01  0.1492575E+02
 0.1148049E+01  0.1034602E+02
 0.1243094E+01  0.6014274E+01
 0.1346203E+01  0.1993516E+01
 0.1457190E+01 -0.1638905E+01
 0.1576013E+01 -0.4795647E+01
 0.1702791E+01 -0.7373811E+01
 0.1837869E+01 -0.9234955E+01
 0.1981928E+01 -0.1016362E+02
 0.2136167E+01 -0.9791639E+01
 0.9209754E+00  0.2472682E+02
 0.9879695E+00  0.1975163E+02
 0.1064661E+01  0.1497493E+02
 0.1150309E+01  0.1039483E+02
 0.1244408E+01  0.6050967E+01
 0.1346639E+01  0.2009484E+01
 0.1456832E+01 -0.1648425E+01
 0.1574965E+01 -0.4831185E+01
 0.1701178E+01 -0.7430966E+01
 0.1835850E+01 -0.9302198E+01
 0.1979708E+01 -0.1021658E+02
 0.2134035E+01 -0.9780089E+01
 0.9263633E+00  0.2473396E+02
 0.9922765E+00  0.1978570E+02
 0.1067929E+01  0.1502288E+02
 0.1152579E+01  0.1044303E+02
 0.1245731E+01  0.6087471E+01
 0.1347078E+01  0.2025483E+01
 0.1456472E+01 -0.1657842E+01
 0.1573908E+01 -0.4866631E+01
 0.1699553E+01 -0.7488008E+01
 0.1833816E+01 -0.9369031E+01
 0.1977476E+01 -0.1026789E+02
 0.2131906E+01 -0.9762975E+01
 0.9317525E+00  0.2473836E+02
 0.9965906E+00  0.1981780E+02
 0.1071207E+01  0.1506962E+02
 0.1154859E+01  0.1049064E+02
 0.1247061E+01  0.6123793E+01
 0.1347521E+01  0.2041517E+01
 0.1456110E+01 -0.1667155E+01
 0.1572844E+01 -0.4901985E+01
 0.1697916E+01 -0.7544944E+01
 0.1831768E+01 -0.9435461E+01
 0.1975234E+01 -0.1031753E+02
 0.2129781E+01 -0.9740114E+01
 0.9371423E+00  0.2474010E+02
 0.1000912E+01  0.1984799E+02
 0.1074495E+01  0.1511519E+02
 0.1157150E+01  0.1053767E+02
 0.1248399E+01  0.6159941E+01
 0.1347968E+01  0.2057592E+01
 0.1455746E+01 -0.1676361E+01
 0.1571772E+01 -0.4937247E+01
 0.1696266E+01 -0.7601779E+01
 0.1829705E+01 -0.9501499E+01
 0.1972981E+01 -0.1036549E+02
 0.2127662E+01 -0.9711314E+01
 0.9425323E+00  0.2473927E+02
 0.1005239E+01  0.1987632E+02
 0.1077793E+01  0.1515961E+02
 0.1159451E+01  0.1058413E+02
 0.1249745E+01  0.6195924E+01
 0.1348418E+01  0.2073712E+01
 0.1455379E+01 -0.1685457E+01
 0.1570693E+01 -0.4972417E+01
 0.1694603E+01 -0.7658518E+01
 0.1827627E+01 -0.9567154E+01
 0.1970717E+01 -0.1041175E+02
 0.2125550E+01 -0.9676380E+01
 0.9479218E+00  0.2473596E+02
 0.1009572E+01  0.1990283E+02
 0.1081100E+01  0.1520290E+02
 0.1161762E+01  0.1063005E+02
 0.1251099E+01  0.6231749E+01
 0.1348871E+01  0.2089884E+01
 0.1455011E+01 -0.1694438E+01
 0.1569606E+01 -0.5007495E+01
 0.1692929E+01 -0.7715167E+01
 0.1825536E+01 -0.9632439E+01
 0.1968444E+01 -0.1045630E+02
 0.2123446E+01 -0.9635107E+01
 0.9533103E+00  0.2473025E+02
 0.1013911E+01  0.1992757E+02
 0.1084417E+01  0.1524511E+02
 0.1164082E+01  0.1067544E+02
 0.1252460E+01  0.6267426E+01
 0.1349329E+01  0.2106113E+01
 0.1454641E+01 -0.1703301E+01
 0.1568511E+01 -0.5042480E+01
 0.1691242E+01 -0.7771732E+01
 0.1823430E+01 -0.9697366E+01
 0.1966161E+01 -0.1049913E+02
 0.2121352E+01 -0.9587285E+01
 0.9586973E+00  0.2472222E+02
 0.1018255E+01  0.1995061E+02
 0.1087743E+01  0.1528624E+02
 0.1166413E+01  0.1072031E+02
 0.1253829E+01  0.6302964E+01
 0.1349789E+01  0.2122405E+01
 0.1454269E+01 -0.1712043E+01
 0.1567408E+01 -0.5077372E+01
 0.1689542E+01 -0.7828220E+01
 0.1821311E+01 -0.9761948E+01
 0.1963869E+01 -0.1054022E+02
 0.2119269E+01 -0.9532697E+01
 0.9640824E+00  0.2471196E+02
 0.1022604E+01  0.1997197E+02
 0.1091078E+01  0.1532634E+02
 0.1168754E+01  0.1076467E+02
 0.1255207E+01  0.6338370E+01
 0.1350253E+01  0.2138766E+01
 0.1453895E+01 -0.1720658E+01
 0.1566298E+01 -0.5112169E+01
 0.1687831E+01 -0.7884636E+01
 0.1819177E+01 -0.9826201E+01
 0.1961569E+01 -0.1057957E+02
 0.2117199E+01 -0.9471116E+01
 0.9694649E+00  0.2469955E+02
 0.1026957E+01  0.1999172E+02
 0.1094421E+01  0.1536543E+02
 0.1171104E+01  0.1080854E+02
 0.1256591E+01  0.6373656E+01
 0.1350721E+01  0.2155203E+01
 0.1453519E+01 -0.1729141E+01
 0.1565181E+01 -0.5146869E+01
 0.1686107E+01 -0.7940987E+01
 0.1817029E+01 -0.9890139E+01
 0.1959260E+01 -0.1061717E+02
 0.2115143E+01 -0.9402309E+01
 0.9748445E+00  0.2468507E+02
 0.1031315E+01  0.2000990E+02
 0.1097773E+01  0.1540353E+02
 0.1173463E+01  0.1085195E+02
 0.1257984E+01  0.6408829E+01
 0.1351192E+01  0.2171722E+01
 0.1453142E+01 -0.1737488E+01
 0.1564056E+01 -0.5181472E+01
 0.1684371E+01 -0.7997279E+01
 0.1814867E+01 -0.9953780E+01
 0.1956943E+01 -0.1065301E+02
 0.2113103E+01 -0.9326036E+01
 0.9802208E+00  0.2466860E+02
 0.1035676E+01  0.2002656E+02
 0.1101133E+01  0.1544068E+02
 0.1175832E+01  0.1089489E+02
 0.1259384E+01  0.6443900E+01
 0.1351667E+01  0.2188332E+01
 0.1452762E+01 -0.1745693E+01
 0.1562923E+01 -0.5215975E+01
 0.1682622E+01 -0.8053518E+01
 0.1812692E+01 -0.1001714E+02
 0.1954618E+01 -0.1068710E+02
 0.2111080E+01 -0.9242050E+01
 0.9855932E+00  0.2465022E+02
 0.1040041E+01  0.2004175E+02
 0.1104501E+01  0.1547690E+02
 0.1178210E+01  0.1093739E+02
 0.1260792E+01  0.6478878E+01
 0.1352146E+01  0.2205040E+01
 0.1452381E+01 -0.1753750E+01
 0.1561783E+01 -0.5250375E+01
 0.1680861E+01 -0.8109710E+01
 0.1810503E+01 -0.1008024E+02
 0.1952286E+01 -0.1071943E+02
 0.2109076E+01 -0.9150096E+01
 0.9909615E+00  0.2463002E+02
 0.1044409E+01  0.2005551E+02
 0.1107876E+01  0.1551221E+02
 0.1180598E+01  0.1097947E+02
 0.1262207E+01  0.6513773E+01
 0.1352628E+01  0.2221852E+01
 0.1451998E+01 -0.1761652E+01
 0.1560635E+01 -0.5284670E+01
 0.1679089E+01 -0.8165862E+01
 0.1808300E+01 -0.1014310E+02
 0.1949947E+01 -0.1075001E+02
 0.2107093E+01 -0.9049914E+01
 0.9963252E+00  0.2460807E+02
 0.1048780E+01  0.2006791E+02
 0.1111260E+01  0.1554665E+02
 0.1182994E+01  0.1102114E+02
 0.1263630E+01  0.6548595E+01
 0.1353114E+01  0.2238777E+01
 0.1451614E+01 -0.1769393E+01
 0.1559480E+01 -0.5318857E+01
 0.1677303E+01 -0.8221979E+01
 0.1806083E+01 -0.1020574E+02
 0.1947602E+01 -0.1077885E+02
 0.2105133E+01 -0.8941240E+01
 0.1001684E+01  0.2458447E+02
 0.1053153E+01  0.2007898E+02
 0.1114650E+01  0.1558025E+02
 0.1185400E+01  0.1106241E+02
 0.1265060E+01  0.6583354E+01
 0.1353604E+01  0.2255824E+01
 0.1451227E+01 -0.1776966E+01
 0.1558318E+01 -0.5352930E+01
 0.1675506E+01 -0.8278066E+01
 0.1803853E+01 -0.1026819E+02
 0.1945251E+01 -0.1080595E+02
 0.2103198E+01 -0.8823807E+01
 0.1007037E+01  0.2455928E+02
 0.1057528E+01  0.2008877E+02
 0.1118048E+01  0.1561303E+02
 0.1187815E+01  0.1110329E+02
 0.1266498E+01  0.6618059E+01
 0.1354097E+01  0.2273001E+01
 0.1450839E+01 -0.1784363E+01
 0.1557148E+01 -0.5386886E+01
 0.1673696E+01 -0.8334128E+01
 0.1801609E+01 -0.1033046E+02
 0.1942894E+01 -0.1083135E+02
 0.2101289E+01 -0.8697345E+01
 0.1012385E+01  0.2453260E+02
 0.1061906E+01  0.2009734E+02
 0.1121453E+01  0.1564501E+02
 0.1190238E+01  0.1114382E+02
 0.1267944E+01  0.6652720E+01
 0.1354594E+01  0.2290315E+01
 0.1450450E+01 -0.1791575E+01
 0.1555971E+01 -0.5420718E+01
 0.1671875E+01 -0.8390170E+01
 0.1799351E+01 -0.1039259E+02
 0.1940531E+01 -0.1085507E+02
 0.2099409E+01 -0.8561589E+01
 0.1017727E+01  0.2450452E+02
 0.1066285E+01  0.2010474E+02
 0.1124865E+01  0.1567623E+02
 0.1192670E+01  0.1118399E+02
 0.1269397E+01  0.6687347E+01
 0.1355095E+01  0.2307776E+01
 0.1450059E+01 -0.1798595E+01
 0.1554786E+01 -0.5454422E+01
 0.1670040E+01 -0.8446196E+01
 0.1797081E+01 -0.1045459E+02
 0.1938164E+01 -0.1087712E+02
 0.2097559E+01 -0.8416278E+01
 0.1023062E+01  0.2447511E+02
 0.1070666E+01  0.2011102E+02
 0.1128284E+01  0.1570672E+02
 0.1195111E+01  0.1122382E+02
 0.1270858E+01  0.6721948E+01
 0.1355600E+01  0.2325393E+01
 0.1449666E+01 -0.1805412E+01
 0.1553594E+01 -0.5487988E+01
 0.1668194E+01 -0.8502207E+01
 0.1794796E+01 -0.1051650E+02
 0.1935792E+01 -0.1089757E+02
 0.2095743E+01 -0.8261162E+01
 0.1028391E+01  0.2444449E+02
 0.1075048E+01  0.2011624E+02
 0.1131709E+01  0.1573650E+02
 0.1197561E+01  0.1126333E+02
 0.1272326E+01  0.6756532E+01
 0.1356108E+01  0.2343173E+01
 0.1449272E+01 -0.1812017E+01
 0.1552395E+01 -0.5521410E+01
 0.1666336E+01 -0.8558206E+01
 0.1792498E+01 -0.1057835E+02
 0.1933416E+01 -0.1091645E+02
 0.2093961E+01 -0.8096010E+01
 0.1033713E+01  0.2441273E+02
 0.1079431E+01  0.2012044E+02
 0.1135141E+01  0.1576560E+02
 0.1200019E+01  0.1130253E+02
 0.1273802E+01  0.6791107E+01
 0.1356621E+01  0.2361125E+01
 0.1448877E+01 -0.1818400E+01
 0.1551188E+01 -0.5554676E+01
 0.1664465E+01 -0.8614192E+01
 0.1790187E+01 -0.1064016E+02
 0.1931036E+01 -0.1093383E+02
 0.2092216E+01 -0.7920616E+01
 0.1039028E+01  0.2437994E+02
 0.1083815E+01  0.2012369E+02
 0.1138579E+01  0.1579405E+02
 0.1202486E+01  0.1134143E+02
 0.1275285E+01  0.6825680E+01
 0.1357137E+01  0.2379259E+01
 0.1448480E+01 -0.1824549E+01
 0.1549974E+01 -0.5587777E+01
 0.1662582E+01 -0.8670164E+01
 0.1787862E+01 -0.1070196E+02
 0.1928652E+01 -0.1094978E+02
 0.2090510E+01 -0.7734809E+01
 0.1044336E+01  0.2434623E+02
 0.1088200E+01  0.2012605E+02
 0.1142023E+01  0.1582187E+02
 0.1204961E+01  0.1138004E+02
 0.1276776E+01  0.6860255E+01
 0.1357657E+01  0.2397580E+01
 0.1448082E+01 -0.1830453E+01
 0.1548753E+01 -0.5620698E+01
 0.1660687E+01 -0.8726119E+01
 0.1785524E+01 -0.1076379E+02
 0.1926264E+01 -0.1096439E+02
 0.2088846E+01 -0.7538471E+01
 0.1049637E+01  0.2431171E+02
 0.1092585E+01  0.2012758E+02
 0.1145473E+01  0.1584910E+02
 0.1207444E+01  0.1141837E+02
 0.1278274E+01  0.6894837E+01
 0.1358182E+01  0.2416096E+01
 0.1447682E+01 -0.1836098E+01
 0.1547525E+01 -0.5653426E+01
 0.1658780E+01 -0.8782049E+01
 0.1783172E+01 -0.1082568E+02
 0.1923874E+01 -0.1097778E+02
 0.2087226E+01 -0.7331548E+01
 0.1054930E+01  0.2427650E+02
 0.1096970E+01  0.2012835E+02
 0.1148929E+01  0.1587576E+02
 0.1209936E+01  0.1145643E+02
 0.1279780E+01  0.6929427E+01
 0.1358710E+01  0.2434815E+01
 0.1447281E+01 -0.1841473E+01
 0.1546290E+01 -0.5685942E+01
 0.1656861E+01 -0.8837947E+01
 0.1780807E+01 -0.1088765E+02
 0.1921481E+01 -0.1099006E+02
 0.2085652E+01 -0.7114076E+01
 0.1060215E+01  0.2424073E+02
 0.1101355E+01  0.2012842E+02
 0.1152390E+01  0.1590187E+02
 0.1212436E+01  0.1149422E+02
 0.1281294E+01  0.6964024E+01
 0.1359243E+01  0.2453739E+01
 0.1446880E+01 -0.1846562E+01
 0.1545048E+01 -0.5718229E+01
 0.1654929E+01 -0.8893798E+01
 0.1778428E+01 -0.1094974E+02
 0.1919086E+01 -0.1100140E+02
 0.2084127E+01 -0.6886207E+01
 0.1065492E+01  0.2420454E+02
 0.1105740E+01  0.2012787E+02
 0.1155857E+01  0.1592748E+02
 0.1214944E+01  0.1153173E+02
 0.1282815E+01  0.6998624E+01
 0.1359779E+01  0.2472874E+01
 0.1446477E+01 -0.1851351E+01
 0.1543798E+01 -0.5750261E+01
 0.1652985E+01 -0.8949586E+01
 0.1776035E+01 -0.1101199E+02
 0.1916688E+01 -0.1101197E+02
 0.2082652E+01 -0.6648243E+01
 0.1070761E+01  0.2416808E+02
 0.1110125E+01  0.2012679E+02
 0.1159330E+01  0.1595258E+02
 0.1217461E+01  0.1156898E+02
 0.1284343E+01  0.7033218E+01
 0.1360320E+01  0.2492219E+01
 0.1446073E+01 -0.1855823E+01
 0.1542542E+01 -0.5782014E+01
 0.1651030E+01 -0.9005287E+01
 0.1773629E+01 -0.1107441E+02
 0.1914287E+01 -0.1102200E+02
 0.2081231E+01 -0.6400679E+01
 0.1076023E+01  0.2413152E+02
 0.1114510E+01  0.2012524E+02
 0.1162808E+01  0.1597723E+02
 0.1219985E+01  0.1160595E+02
 0.1285879E+01  0.7067792E+01
 0.1360865E+01  0.2511775E+01
 0.1445668E+01 -0.1859962E+01
 0.1541279E+01 -0.5813455E+01
 0.1649062E+01 -0.9060873E+01
 0.1771210E+01 -0.1113704E+02
 0.1911885E+01 -0.1103175E+02
 0.2079864E+01 -0.6144256E+01
 0.1081276E+01  0.2409505E+02
 0.1118895E+01  0.2012334E+02
 0.1166292E+01  0.1600142E+02
 0.1222518E+01  0.1164261E+02
 0.1287423E+01  0.7102324E+01
 0.1361415E+01  0.2531534E+01
 0.1445263E+01 -0.1863751E+01
 0.1540009E+01 -0.5844550E+01
 0.1647082E+01 -0.9116307E+01
 0.1768777E+01 -0.1119991E+02
 0.1909481E+01 -0.1104153E+02
 0.2078554E+01 -0.5880029E+01
 0.1086522E+01  0.2405887E+02
 0.1123279E+01  0.2012118E+02
 0.1169781E+01  0.1602519E+02
 0.1225058E+01  0.1167896E+02
 0.1288974E+01  0.7136786E+01
 0.1361968E+01  0.2551489E+01
 0.1444856E+01 -0.1867171E+01
 0.1538732E+01 -0.5875256E+01
 0.1645089E+01 -0.9171542E+01
 0.1766330E+01 -0.1126303E+02
 0.1907074E+01 -0.1105170E+02
 0.2077303E+01 -0.5609441E+01
 0.1091759E+01  0.2402321E+02
 0.1127662E+01  0.2011886E+02
 0.1173275E+01  0.1604854E+02
 0.1227607E+01  0.1171495E+02
 0.1290533E+01  0.7171138E+01
 0.1362526E+01  0.2571622E+01
 0.1444449E+01 -0.1870202E+01
 0.1537449E+01 -0.5905523E+01
 0.1643085E+01 -0.9226520E+01
 0.1763869E+01 -0.1132642E+02
 0.1904665E+01 -0.1106268E+02
 0.2076110E+01 -0.5334429E+01
 0.1096989E+01  0.2398834E+02
 0.1132045E+01  0.2011651E+02
 0.1176773E+01  0.1607150E+02
 0.1230163E+01  0.1175054E+02
 0.1292099E+01  0.7205325E+01
 0.1363089E+01  0.2591910E+01
 0.1444041E+01 -0.1872824E+01
 0.1536159E+01 -0.5935293E+01
 0.1641069E+01 -0.9281169E+01
 0.1761395E+01 -0.1139008E+02
 0.1902253E+01 -0.1107500E+02
 0.2074978E+01 -0.5057528E+01
 0.1102212E+01  0.2395454E+02
 0.1136427E+01  0.2011426E+02
 0.1180277E+01  0.1609406E+02
 0.1232727E+01  0.1178566E+02
 0.1293672E+01  0.7239278E+01
 0.1363656E+01  0.2612320E+01
 0.1443633E+01 -0.1875017E+01
 0.1534863E+01 -0.5964498E+01
 0.1639041E+01 -0.9335400E+01
 0.1758906E+01 -0.1145403E+02
 0.1899839E+01 -0.1108923E+02
 0.2073907E+01 -0.4782003E+01
 0.1107427E+01  0.2392214E+02
 0.1140809E+01  0.2011226E+02
 0.1183786E+01  0.1611622E+02
 0.1235298E+01  0.1182024E+02
 0.1295253E+01  0.7272906E+01
 0.1364227E+01  0.2632804E+01
 0.1443224E+01 -0.1876760E+01
 0.1533560E+01 -0.5993055E+01
 0.1637001E+01 -0.9389103E+01
 0.1756404E+01 -0.1151824E+02
 0.1897421E+01 -0.1110607E+02
 0.2072894E+01 -0.4511986E+01
 0.1112636E+01  0.2389151E+02
 0.1145191E+01  0.2011067E+02
 0.1187300E+01  0.1613798E+02
 0.1237877E+01  0.1185416E+02
 0.1296841E+01  0.7306093E+01
 0.1364803E+01  0.2653301E+01
 0.1442815E+01 -0.1878032E+01
 0.1532252E+01 -0.6020867E+01
 0.1634950E+01 -0.9442143E+01
 0.1753887E+01 -0.1158268E+02
 0.1895000E+01 -0.1112632E+02
 0.2071940E+01 -0.4252596E+01
 0.1117838E+01  0.2386306E+02
 0.1149572E+01  0.2010967E+02
 0.1190818E+01  0.1615931E+02
 0.1240463E+01  0.1188730E+02
 0.1298436E+01  0.7338693E+01
 0.1365383E+01  0.2673726E+01
 0.1442406E+01 -0.1878814E+01
 0.1530937E+01 -0.6047819E+01
 0.1632887E+01 -0.9494356E+01
 0.1751357E+01 -0.1164732E+02
 0.1892573E+01 -0.1115087E+02
 0.2071040E+01 -0.4010032E+01
 0.1123034E+01  0.2383724E+02
 0.1153953E+01  0.2010945E+02
 0.1194341E+01  0.1618019E+02
 0.1243057E+01  0.1191950E+02
 0.1300039E+01  0.7370524E+01
 0.1365968E+01  0.2693973E+01
 0.1441997E+01 -0.1879091E+01
 0.1529617E+01 -0.6073772E+01
 0.1630813E+01 -0.9545543E+01
 0.1748812E+01 -0.1171208E+02
 0.1890140E+01 -0.1118075E+02
 0.2070191E+01 -0.3791562E+01
 0.1128224E+01  0.2381455E+02
 0.1158335E+01  0.2011023E+02
 0.1197868E+01  0.1620056E+02
 0.1245657E+01  0.1195055E+02
 0.1301648E+01  0.7401362E+01
 0.1366557E+01  0.2713901E+01
 0.1441587E+01 -0.1878852E+01
 0.1528291E+01 -0.6098566E+01
 0.1628728E+01 -0.9595464E+01
 0.1746253E+01 -0.1177688E+02
 0.1887701E+01 -0.1121702E+02
 0.2069386E+01 -0.3605340E+01
 0.1133411E+01  0.2379549E+02
 0.1162716E+01  0.2011222E+02
 0.1201400E+01  0.1622038E+02
 0.1248264E+01  0.1198023E+02
 0.1303264E+01  0.7430940E+01
 0.1367151E+01  0.2733338E+01
 0.1441178E+01 -0.1878092E+01
 0.1526959E+01 -0.6122013E+01
 0.1626632E+01 -0.9643836E+01
 0.1743681E+01 -0.1184160E+02
 0.1885252E+01 -0.1126080E+02
 0.2068617E+01 -0.3459934E+01
 0.1138593E+01  0.2378056E+02
 0.1167098E+01  0.2011563E+02
 0.1204936E+01  0.1623955E+02
 0.1250877E+01  0.1200828E+02
 0.1304886E+01  0.7458949E+01
 0.1367748E+01  0.2752073E+01
 0.1440769E+01 -0.1876819E+01
 0.1525623E+01 -0.6143900E+01
 0.1624526E+01 -0.9690333E+01
 0.1741094E+01 -0.1190609E+02
 0.1882793E+01 -0.1131314E+02
 0.2067874E+01 -0.3363437E+01
 0.1143773E+01  0.2377021E+02
 0.1171481E+01  0.2012065E+02
 0.1208476E+01  0.1625801E+02
 0.1253496E+01  0.1203441E+02
 0.1306514E+01  0.7485051E+01
 0.1368350E+01  0.2769862E+01
 0.1440360E+01 -0.1875058E+01
 0.1524282E+01 -0.6163998E+01
 0.1622410E+01 -0.9734596E+01
 0.1738493E+01 -0.1197021E+02
 0.1880322E+01 -0.1137491E+02
 0.2067147E+01 -0.3322084E+01
 0.1148951E+01  0.2376474E+02
 0.1175865E+01  0.2012742E+02
 0.1212020E+01  0.1627566E+02
 0.1256121E+01  0.1205834E+02
 0.1308147E+01  0.7508894E+01
 0.1368955E+01  0.2786434E+01
 0.1439952E+01 -0.1872852E+01
 0.1522937E+01 -0.6182072E+01
 0.1620285E+01 -0.9776246E+01
 0.1735878E+01 -0.1203378E+02
 0.1877836E+01 -0.1144663E+02
 0.2066423E+01 -0.3338486E+01
 0.1154128E+01  0.2376428E+02
 0.1180251E+01  0.2013599E+02
 0.1215567E+01  0.1629240E+02
 0.1258750E+01  0.1207983E+02
 0.1309785E+01  0.7530154E+01
 0.1369564E+01  0.2801519E+01
 0.1439544E+01 -0.1870267E+01
 0.1521589E+01 -0.6197910E+01
 0.1618150E+01 -0.9814920E+01
 0.1733249E+01 -0.1209663E+02
 0.1875334E+01 -0.1152835E+02
 0.2065689E+01 -0.3409879E+01
 0.1159306E+01  0.2376868E+02
 0.1184639E+01  0.2014631E+02
 0.1219119E+01  0.1630816E+02
 0.1261384E+01  0.1209872E+02
 0.1311428E+01  0.7548581E+01
 0.1370176E+01  0.2814874E+01
 0.1439137E+01 -0.1867393E+01
 0.1520237E+01 -0.6211352E+01
 0.1616008E+01 -0.9850314E+01
 0.1730607E+01 -0.1215861E+02
 0.1872812E+01 -0.1161950E+02
 0.2064934E+01 -0.3527136E+01
 0.1164485E+01  0.2377749E+02
 0.1189030E+01  0.2015818E+02
 0.1222673E+01  0.1632286E+02
 0.1264022E+01  0.1211494E+02
 0.1313074E+01  0.7564041E+01
 0.1370790E+01  0.2826326E+01
 0.1438731E+01 -0.1864334E+01
 0.1518883E+01 -0.6222328E+01
 0.1613859E+01 -0.9882233E+01
 0.1727952E+01 -0.1221960E+02
 0.1870270E+01 -0.1171895E+02
 0.2064149E+01 -0.3675367E+01
 0.1169667E+01  0.2379005E+02
 0.1193423E+01  0.2017132E+02
 0.1226231E+01  0.1633648E+02
 0.1266663E+01  0.1212854E+02
 0.1314724E+01  0.7576551E+01
 0.1371407E+01  0.2835804E+01
 0.1438325E+01 -0.1861197E+01
 0.1517526E+01 -0.6230878E+01
 0.1611703E+01 -0.9910630E+01
 0.1725283E+01 -0.1227950E+02
 0.1867706E+01 -0.1182518E+02
 0.2063331E+01 -0.3836367E+01
 0.1174852E+01  0.2380548E+02
 0.1197819E+01  0.2018533E+02
 0.1229792E+01  0.1634900E+02
 0.1269306E+01  0.1213969E+02
 0.1316375E+01  0.7586280E+01
 0.1372026E+01  0.2843351E+01
 0.1437920E+01 -0.1858079E+01
 0.1516168E+01 -0.6237159E+01
 0.1609541E+01 -0.9935620E+01
 0.1722601E+01 -0.1233824E+02
 0.1865117E+01 -0.1193648E+02
 0.2062478E+01 -0.3992184E+01
 0.1180040E+01  0.2382288E+02
 0.1202218E+01  0.2019981E+02
 0.1233355E+01  0.1636043E+02
 0.1271952E+01  0.1214865E+02
 0.1318029E+01  0.7593516E+01
 0.1372646E+01  0.2849117E+01
 0.1437515E+01 -0.1855055E+01
 0.1514808E+01 -0.6241423E+01
 0.1607373E+01 -0.9957458E+01
 0.1719907E+01 -0.1239579E+02
 0.1862504E+01 -0.1205127E+02
 0.2061593E+01 -0.4128401E+01
 0.1185232E+01  0.2384140E+02
 0.1206621E+01  0.2021436E+02
 0.1236920E+01  0.1637080E+02
 0.1274600E+01  0.1215573E+02
 0.1319684E+01  0.7598625E+01
 0.1373267E+01  0.2853328E+01
 0.1437111E+01 -0.1852169E+01
 0.1513448E+01 -0.6243972E+01
 0.1605202E+01 -0.9976498E+01
 0.1717200E+01 -0.1245211E+02
 0.1859866E+01 -0.1216820E+02
 0.2060681E+01 -0.4235939E+01
 0.1190428E+01  0.2386027E+02
 0.1211026E+01  0.2022864E+02
 0.1240488E+01  0.1638016E+02
 0.1277249E+01  0.1216122E+02
 0.1321340E+01  0.7601999E+01
 0.1373889E+01  0.2856254E+01
 0.1436708E+01 -0.1849433E+01
 0.1512088E+01 -0.6245125E+01
 0.1603027E+01 -0.9993140E+01
 0.1714481E+01 -0.1250720E+02
 0.1857202E+01 -0.1228626E+02
 0.2059750E+01 -0.4311129E+01
 0.1195629E+01  0.2387892E+02
 0.1215435E+01  0.2024238E+02
 0.1244057E+01  0.1638855E+02
 0.1279899E+01  0.1216542E+02
 0.1322996E+01  0.7604015E+01
 0.1374511E+01  0.2858170E+01
 0.1436306E+01 -0.1846839E+01
 0.1510727E+01 -0.6245178E+01
 0.1600848E+01 -0.1000779E+02
 0.1711750E+01 -0.1256107E+02
 0.1854513E+01 -0.1240474E+02
 0.2058805E+01 -0.4354610E+01
 0.1200833E+01  0.2389687E+02
 0.1219847E+01  0.2025536E+02
 0.1247629E+01  0.1639604E+02
 0.1282549E+01  0.1216860E+02
 0.1324653E+01  0.7605015E+01
 0.1375134E+01  0.2859340E+01
 0.1435903E+01 -0.1844354E+01
 0.1509367E+01 -0.6244392E+01
 0.1598666E+01 -0.1002081E+02
 0.1709008E+01 -0.1261373E+02
 0.1851797E+01 -0.1252315E+02
 0.2057854E+01 -0.4369823E+01
 0.1206041E+01  0.2391381E+02
 0.1224261E+01  0.2026744E+02
 0.1251202E+01  0.1640269E+02
 0.1285201E+01  0.1217097E+02
 0.1326310E+01  0.7605294E+01
 0.1375757E+01  0.2859998E+01
 0.1435502E+01 -0.1841936E+01
 0.1508006E+01 -0.6242975E+01
 0.1596482E+01 -0.1003253E+02
 0.1706254E+01 -0.1266522E+02
 0.1849056E+01 -0.1264117E+02
 0.2056903E+01 -0.4361642E+01
 0.1211253E+01  0.2392951E+02
 0.1228678E+01  0.2027853E+02
 0.1254776E+01  0.1640856E+02
 0.1287853E+01  0.1217274E+02
 0.1327967E+01  0.7605098E+01
 0.1376380E+01  0.2860349E+01
 0.1435101E+01 -0.1839538E+01
 0.1506646E+01 -0.6241094E+01
 0.1594295E+01 -0.1004323E+02
 0.1703489E+01 -0.1271556E+02
 0.1846289E+01 -0.1275859E+02
 0.2055955E+01 -0.4335381E+01
 0.1216468E+01  0.2394386E+02
 0.1233097E+01  0.2028860E+02
 0.1258351E+01  0.1641372E+02
 0.1290505E+01  0.1217404E+02
 0.1329624E+01  0.7604629E+01
 0.1377004E+01  0.2860563E+01
 0.1434700E+01 -0.1837108E+01
 0.1505287E+01 -0.6238872E+01
 0.1592105E+01 -0.1005311E+02
 0.1700714E+01 -0.1276481E+02
 0.1843497E+01 -0.1287527E+02
 0.2055015E+01 -0.4296167E+01
 0.1221686E+01  0.2395678E+02
 0.1237518E+01  0.2029764E+02
 0.1261928E+01  0.1641824E+02
 0.1293157E+01  0.1217503E+02
 0.1331280E+01  0.7604051E+01
 0.1377627E+01  0.2860778E+01
 0.1434300E+01 -0.1834599E+01
 0.1503928E+01 -0.6236396E+01
 0.1589914E+01 -0.1006236E+02
 0.1697927E+01 -0.1281298E+02
 0.1840679E+01 -0.1299110E+02
 0.2054084E+01 -0.4248607E+01
 0.1226906E+01  0.2396828E+02
 0.1241941E+01  0.2030567E+02
 0.1265505E+01  0.1642219E+02
 0.1295810E+01  0.1217580E+02
 0.1332937E+01  0.7603493E+01
 0.1378250E+01  0.2861106E+01
 0.1433901E+01 -0.1831967E+01
 0.1502570E+01 -0.6233729E+01
 0.1587721E+01 -0.1007112E+02
 0.1695131E+01 -0.1286014E+02
 0.1837836E+01 -0.1310602E+02
 0.2053164E+01 -0.4196647E+01
 0.1232129E+01  0.2397840E+02
 0.1246366E+01  0.2031275E+02
 0.1269083E+01  0.1642564E+02
 0.1298462E+01  0.1217645E+02
 0.1334593E+01  0.7603056E+01
 0.1378873E+01  0.2861633E+01
 0.1433502E+01 -0.1829176E+01
 0.1501212E+01 -0.6230913E+01
 0.1585526E+01 -0.1007947E+02
 0.1692324E+01 -0.1290629E+02
 0.1834968E+01 -0.1321996E+02
 0.2052255E+01 -0.4143546E+01
 0.1237354E+01  0.2398722E+02
 0.1250792E+01  0.2031895E+02
 0.1272662E+01  0.1642866E+02
 0.1301115E+01  0.1217707E+02
 0.1336250E+01  0.7602817E+01
 0.1379497E+01  0.2862421E+01
 0.1433104E+01 -0.1826198E+01
 0.1499855E+01 -0.6227976E+01
 0.1583329E+01 -0.1008749E+02
 0.1689507E+01 -0.1295148E+02
 0.1832076E+01 -0.1333288E+02
 0.2051358E+01 -0.4091908E+01
 0.1242581E+01  0.2399487E+02
 0.1255219E+01  0.2032437E+02
 0.1276242E+01  0.1643135E+02
 0.1303768E+01  0.1217772E+02
 0.1337906E+01  0.7602834E+01
 0.1380121E+01  0.2863511E+01
 0.1432706E+01 -0.1823017E+01
 0.1498498E+01 -0.6224936E+01
 0.1581131E+01 -0.1009523E+02
 0.1686681E+01 -0.1299571E+02
 0.1829159E+01 -0.1344471E+02
 0.2050472E+01 -0.4043753E+01
 0.1247810E+01  0.2400148E+02
 0.1259648E+01  0.2032912E+02
 0.1279822E+01  0.1643378E+02
 0.1306422E+01  0.1217845E+02
 0.1339563E+01  0.7603143E+01
 0.1380745E+01  0.2864926E+01
 0.1432310E+01 -0.1819628E+01
 0.1497142E+01 -0.6221810E+01
 0.1578930E+01 -0.1010272E+02
 0.1683845E+01 -0.1303898E+02
 0.1826218E+01 -0.1355542E+02
 0.2049596E+01 -0.4000584E+01
 0.1253039E+01  0.2400721E+02
 0.1264077E+01  0.2033332E+02
 0.1283402E+01  0.1643603E+02
 0.1309075E+01  0.1217932E+02
 0.1341219E+01  0.7603767E+01
 0.1381369E+01  0.2866669E+01
 0.1431914E+01 -0.1816038E+01
 0.1495787E+01 -0.6218613E+01
 0.1576729E+01 -0.1010998E+02
 0.1680999E+01 -0.1308131E+02
 0.1823252E+01 -0.1366497E+02
 0.2048728E+01 -0.3963467E+01
 0.1258270E+01  0.2401221E+02
 0.1268507E+01  0.2033708E+02
 0.1286984E+01  0.1643818E+02
 0.1311728E+01  0.1218036E+02
 0.1342876E+01  0.7604712E+01
 0.1381994E+01  0.2868726E+01
 0.1431518E+01 -0.1812268E+01
 0.1494433E+01 -0.6215362E+01
 0.1574525E+01 -0.1011701E+02
 0.1678145E+01 -0.1312266E+02
 0.1820263E+01 -0.1377329E+02
 0.2047868E+01 -0.3933101E+01
 0.1263502E+01  0.2401667E+02
 0.1272939E+01  0.2034053E+02
 0.1290565E+01  0.1644031E+02
 0.1314382E+01  0.1218160E+02
 0.1344533E+01  0.7605970E+01
 0.1382619E+01  0.2871069E+01
 0.1431124E+01 -0.1808352E+01
 0.1493079E+01 -0.6212081E+01
 0.1572320E+01 -0.1012382E+02
 0.1675281E+01 -0.1316302E+02
 0.1817251E+01 -0.1388034E+02
 0.2047014E+01 -0.3909878E+01
 0.1268735E+01  0.2402073E+02
 0.1277370E+01  0.2034379E+02
 0.1294147E+01  0.1644247E+02
 0.1317036E+01  0.1218306E+02
 0.1346190E+01  0.7607520E+01
 0.1383245E+01  0.2873654E+01
 0.1430730E+01 -0.1804335E+01
 0.1491726E+01 -0.6208797E+01
 0.1570114E+01 -0.1013041E+02
 0.1672409E+01 -0.1320235E+02
 0.1814215E+01 -0.1398605E+02
 0.2046164E+01 -0.3893948E+01
 0.1273969E+01  0.2402454E+02
 0.1281803E+01  0.2034696E+02
 0.1297730E+01  0.1644473E+02
 0.1319691E+01  0.1218474E+02
 0.1347848E+01  0.7609329E+01
 0.1383871E+01  0.2876425E+01
 0.1430338E+01 -0.1800273E+01
 0.1490373E+01 -0.6205543E+01
 0.1567906E+01 -0.1013676E+02
 0.1669529E+01 -0.1324060E+02
 0.1811157E+01 -0.1409037E+02
 0.2045317E+01 -0.3885262E+01
 0.1279203E+01  0.2402822E+02
 0.1286236E+01  0.2035013E+02
 0.1301313E+01  0.1644712E+02
 0.1322346E+01  0.1218664E+02
 0.1349506E+01  0.7611354E+01
 0.1384498E+01  0.2879320E+01
 0.1429946E+01 -0.1796229E+01
 0.1489022E+01 -0.6202357E+01
 0.1565697E+01 -0.1014287E+02
 0.1666640E+01 -0.1327773E+02
 0.1808076E+01 -0.1419323E+02
 0.2044471E+01 -0.3883627E+01
 0.1284438E+01  0.2403186E+02
 0.1290670E+01  0.2035334E+02
 0.1304896E+01  0.1644966E+02
 0.1325001E+01  0.1218873E+02
 0.1351164E+01  0.7613541E+01
 0.1385126E+01  0.2882270E+01
 0.1429555E+01 -0.1792268E+01
 0.1487671E+01 -0.6199276E+01
 0.1563487E+01 -0.1014874E+02
 0.1663743E+01 -0.1331367E+02
 0.1804973E+01 -0.1429455E+02
 0.2043624E+01 -0.3888737E+01
