 0.1000000E+00  0.1400000E+01
 0.2000000E+00  0.1400000E+01
 0.3000000E+00  0.1400001E+01
 0.4000000E+00  0.1400001E+01
 0.5000000E+00  0.1400002E+01
 0.6000000E+00  0.1400003E+01
 0.7000000E+00  0.1400004E+01
 0.8000000E+00  0.1400005E+01
 0.9000000E+00  0.1400007E+01
 0.1000000E+01  0.1400008E+01
 0.1100000E+01  0.1400010E+01
 0.1200000E+01  0.1400012E+01
 0.1300000E+01  0.1400014E+01
 0.1400000E+01  0.1400016E+01
 0.1500000E+01  0.1400019E+01
 0.1600000E+01  0.1400021E+01
 0.1700000E+01  0.1400024E+01
 0.1800000E+01  0.1400027E+01
 0.1900000E+01  0.1400030E+01
 0.2000000E+01  0.1400034E+01
 0.2100000E+01  0.1400037E+01
 0.2200000E+01  0.1400041E+01
 0.2300000E+01  0.1400044E+01
 0.2400000E+01  0.1400048E+01
 0.2500000E+01  0.1400053E+01
 0.2600000E+01  0.1400057E+01
 0.2700000E+01  0.1400061E+01
 0.2800000E+01  0.1400066E+01
 0.2900000E+01  0.1400071E+01
 0.3000000E+01  0.1400076E+01
 0.3100000E+01  0.1400081E+01
 0.3200000E+01  0.1400086E+01
 0.3300000E+01  0.1400092E+01
 0.3400000E+01  0.1400097E+01
 0.3500000E+01  0.1400103E+01
 0.3600000E+01  0.1400109E+01
 0.3700000E+01  0.1400115E+01
 0.3800000E+01  0.1400121E+01
 0.3900000E+01  0.1400128E+01
 0.4000000E+01  0.1400135E+01
 0.4100000E+01  0.1400141E+01
 0.4200000E+01  0.1400148E+01
 0.4300000E+01  0.1400155E+01
 0.4400000E+01  0.1400163E+01
 0.4500000E+01  0.1400170E+01
 0.4600000E+01  0.1400178E+01
 0.4700000E+01  0.1400186E+01
 0.4800000E+01  0.1400194E+01
 0.4900000E+01  0.1400202E+01
 0.5000000E+01  0.1400210E+01
 0.5100000E+01  0.1400219E+01
 0.5200000E+01  0.1400227E+01
 0.5300000E+01  0.1400236E+01
 0.5400000E+01  0.1400245E+01
 0.5500000E+01  0.1400254E+01
 0.5600000E+01  0.1400263E+01
 0.5700000E+01  0.1400273E+01
 0.5800000E+01  0.1400283E+01
 0.5900000E+01  0.1400292E+01
 0.6000000E+01  0.1400302E+01
 0.6100000E+01  0.1400313E+01
 0.6200000E+01  0.1400323E+01
 0.6300000E+01  0.1400333E+01
 0.6400000E+01  0.1400344E+01
 0.6500000E+01  0.1400355E+01
 0.6600000E+01  0.1400366E+01
 0.6700000E+01  0.1400377E+01
 0.6800000E+01  0.1400388E+01
 0.6900000E+01  0.1400400E+01
 0.7000000E+01  0.1400411E+01
 0.7100000E+01  0.1400423E+01
 0.7200000E+01  0.1400435E+01
 0.7300000E+01  0.1400447E+01
 0.7400000E+01  0.1400460E+01
 0.7500000E+01  0.1400472E+01
 0.7600000E+01  0.1400485E+01
 0.7700000E+01  0.1400497E+01
 0.7800000E+01  0.1400510E+01
 0.7900000E+01  0.1400523E+01
 0.8000000E+01  0.1400537E+01
 0.8100000E+01  0.1400550E+01
 0.8200000E+01  0.1400564E+01
 0.8300000E+01  0.1400578E+01
 0.8400000E+01  0.1400592E+01
 0.8500000E+01  0.1400606E+01
 0.8600000E+01  0.1400620E+01
 0.8700000E+01  0.1400634E+01
 0.8800000E+01  0.1400649E+01
 0.8900000E+01  0.1400664E+01
 0.9000000E+01  0.1400679E+01
 0.9100000E+01  0.1400694E+01
 0.9200000E+01  0.1400709E+01
 0.9300000E+01  0.1400724E+01
 0.9400000E+01  0.1400740E+01
 0.9500000E+01  0.1400756E+01
 0.9600000E+01  0.1400772E+01
 0.9700000E+01  0.1400788E+01
 0.9800000E+01  0.1400804E+01
 0.9900000E+01  0.1400820E+01
 0.1000000E+02  0.1400837E+01
 0.1010000E+02  0.1400854E+01
 0.1020000E+02  0.1400871E+01
 0.1030000E+02  0.1400888E+01
 0.1040000E+02  0.1400905E+01
 0.1050000E+02  0.1400922E+01
 0.1060000E+02  0.1400940E+01
 0.1070000E+02  0.1400957E+01
 0.1080000E+02  0.1400975E+01
 0.1090000E+02  0.1400993E+01
 0.1100000E+02  0.1401011E+01
 0.1110000E+02  0.1401030E+01
 0.1120000E+02  0.1401048E+01
 0.1130000E+02  0.1401067E+01
 0.1140000E+02  0.1401086E+01
 0.1150000E+02  0.1401105E+01
 0.1160000E+02  0.1401124E+01
 0.1170000E+02  0.1401143E+01
 0.1180000E+02  0.1401163E+01
 0.1190000E+02  0.1401182E+01
 0.1200000E+02  0.1401202E+01
 0.1210000E+02  0.1401222E+01
 0.1220000E+02  0.1401242E+01
 0.1230000E+02  0.1401262E+01
 0.1240000E+02  0.1401283E+01
 0.1250000E+02  0.1401303E+01
 0.1260000E+02  0.1401324E+01
 0.1270000E+02  0.1401345E+01
 0.1280000E+02  0.1401366E+01
 0.1290000E+02  0.1401387E+01
 0.1300000E+02  0.1401408E+01
 0.1310000E+02  0.1401430E+01
 0.1320000E+02  0.1401452E+01
 0.1330000E+02  0.1401474E+01
 0.1340000E+02  0.1401496E+01
 0.1350000E+02  0.1401518E+01
 0.1360000E+02  0.1401540E+01
 0.1370000E+02  0.1401562E+01
 0.1380000E+02  0.1401585E+01
 0.1390000E+02  0.1401608E+01
 0.1400000E+02  0.1401631E+01
 0.1410000E+02  0.1401654E+01
 0.1420000E+02  0.1401677E+01
 0.1430000E+02  0.1401701E+01
 0.1440000E+02  0.1401724E+01
 0.1450000E+02  0.1401748E+01
 0.1460000E+02  0.1401772E+01
 0.1470000E+02  0.1401796E+01
 0.1480000E+02  0.1401820E+01
 0.1490000E+02  0.1401844E+01
 0.1500000E+02  0.1401869E+01
 0.1510000E+02  0.1401893E+01
 0.1520000E+02  0.1401918E+01
 0.1530000E+02  0.1401943E+01
 0.1540000E+02  0.1401968E+01
 0.1550000E+02  0.1401994E+01
 0.1560000E+02  0.1402019E+01
 0.1570000E+02  0.1402045E+01
 0.1580000E+02  0.1402070E+01
 0.1590000E+02  0.1402096E+01
 0.1600000E+02  0.1402122E+01
 0.1610000E+02  0.1402148E+01
 0.1620000E+02  0.1402175E+01
 0.1630000E+02  0.1402201E+01
 0.1640000E+02  0.1402228E+01
 0.1650000E+02  0.1402255E+01
 0.1660000E+02  0.1402282E+01
 0.1670000E+02  0.1402309E+01
 0.1680000E+02  0.1402336E+01
 0.1690000E+02  0.1402364E+01
 0.1700000E+02  0.1402391E+01
 0.1710000E+02  0.1402419E+01
 0.1720000E+02  0.1402447E+01
 0.1730000E+02  0.1402475E+01
 0.1740000E+02  0.1402503E+01
 0.1750000E+02  0.1402531E+01
 0.1760000E+02  0.1402560E+01
 0.1770000E+02  0.1402588E+01
 0.1780000E+02  0.1402617E+01
 0.1790000E+02  0.1402646E+01
 0.1800000E+02  0.1402675E+01
 0.1810000E+02  0.1402704E+01
 0.1820000E+02  0.1402734E+01
 0.1830000E+02  0.1402763E+01
 0.1840000E+02  0.1402793E+01
 0.1850000E+02  0.1402823E+01
 0.1860000E+02  0.1402853E+01
 0.1870000E+02  0.1402883E+01
 0.1880000E+02  0.1402913E+01
 0.1890000E+02  0.1402943E+01
 0.1900000E+02  0.1402974E+01
 0.1910000E+02  0.1403005E+01
 0.1920000E+02  0.1403036E+01
 0.1930000E+02  0.1403067E+01
 0.1940000E+02  0.1403098E+01
 0.1950000E+02  0.1403129E+01
 0.1960000E+02  0.1403160E+01
 0.1970000E+02  0.1403192E+01
 0.1980000E+02  0.1403224E+01
 0.1990000E+02  0.1403256E+01
 0.2000000E+02  0.1403288E+01
 0.2010000E+02  0.1403320E+01
 0.2020000E+02  0.1403352E+01
 0.2030000E+02  0.1403385E+01
 0.2040000E+02  0.1403417E+01
 0.2050000E+02  0.1403450E+01
 0.2060000E+02  0.1403483E+01
 0.2070000E+02  0.1403516E+01
 0.2080000E+02  0.1403549E+01
 0.2090000E+02  0.1403582E+01
 0.2100000E+02  0.1403616E+01
 0.2110000E+02  0.1403650E+01
 0.2120000E+02  0.1403683E+01
 0.2130000E+02  0.1403717E+01
 0.2140000E+02  0.1403751E+01
 0.2150000E+02  0.1403785E+01
 0.2160000E+02  0.1403820E+01
 0.2170000E+02  0.1403854E+01
 0.2180000E+02  0.1403889E+01
 0.2190000E+02  0.1403924E+01
 0.2200000E+02  0.1403959E+01
 0.2210000E+02  0.1403994E+01
 0.2220000E+02  0.1404029E+01
 0.2230000E+02  0.1404064E+01
 0.2240000E+02  0.1404100E+01
 0.2250000E+02  0.1404135E+01
 0.2260000E+02  0.1404171E+01
 0.2270000E+02  0.1404207E+01
 0.2280000E+02  0.1404243E+01
 0.2290000E+02  0.1404279E+01
 0.2300000E+02  0.1404315E+01
 0.2310000E+02  0.1404352E+01
 0.2320000E+02  0.1404388E+01
 0.2330000E+02  0.1404425E+01
 0.2340000E+02  0.1404462E+01
 0.2350000E+02  0.1404499E+01
 0.2360000E+02  0.1404536E+01
 0.2370000E+02  0.1404573E+01
 0.2380000E+02  0.1404611E+01
 0.2390000E+02  0.1404648E+01
 0.2400000E+02  0.1404686E+01
 0.2410000E+02  0.1404724E+01
 0.2420000E+02  0.1404762E+01
 0.2430000E+02  0.1404800E+01
 0.2440000E+02  0.1404838E+01
 0.2450000E+02  0.1404877E+01
 0.2460000E+02  0.1404915E+01
 0.2470000E+02  0.1404954E+01
 0.2480000E+02  0.1404993E+01
 0.2490000E+02  0.1405031E+01
 0.2500000E+02  0.1405070E+01
 0.2510000E+02  0.1405110E+01
 0.2520000E+02  0.1405149E+01
 0.2530000E+02  0.1405188E+01
 0.2540000E+02  0.1405228E+01
 0.2550000E+02  0.1405268E+01
 0.2560000E+02  0.1405308E+01
 0.2570000E+02  0.1405348E+01
 0.2580000E+02  0.1405388E+01
 0.2590000E+02  0.1405428E+01
 0.2600000E+02  0.1405468E+01
 0.2610000E+02  0.1405509E+01
 0.2620000E+02  0.1405550E+01
 0.2630000E+02  0.1405590E+01
 0.2640000E+02  0.1405631E+01
 0.2650000E+02  0.1405672E+01
 0.2660000E+02  0.1405714E+01
 0.2670000E+02  0.1405755E+01
 0.2680000E+02  0.1405796E+01
 0.2690000E+02  0.1405838E+01
 0.2700000E+02  0.1405880E+01
 0.2710000E+02  0.1405921E+01
 0.2720000E+02  0.1405963E+01
 0.2730000E+02  0.1406005E+01
 0.2740000E+02  0.1406048E+01
 0.2750000E+02  0.1406090E+01
 0.2760000E+02  0.1406133E+01
 0.2770000E+02  0.1406175E+01
 0.2780000E+02  0.1406218E+01
 0.2790000E+02  0.1406261E+01
 0.2800000E+02  0.1406304E+01
 0.2810000E+02  0.1406347E+01
 0.2820000E+02  0.1406390E+01
 0.2830000E+02  0.1406434E+01
 0.2840000E+02  0.1406477E+01
 0.2850000E+02  0.1406521E+01
 0.2860000E+02  0.1406565E+01
 0.2870000E+02  0.1406608E+01
 0.2880000E+02  0.1406652E+01
 0.2890000E+02  0.1406697E+01
 0.2900000E+02  0.1406741E+01
 0.2910000E+02  0.1406785E+01
 0.2920000E+02  0.1406830E+01
 0.2930000E+02  0.1406874E+01
 0.2940000E+02  0.1406919E+01
 0.2950000E+02  0.1406964E+01
 0.2960000E+02  0.1407009E+01
 0.2970000E+02  0.1407054E+01
 0.2980000E+02  0.1407100E+01
 0.2990000E+02  0.1407145E+01
 0.3000000E+02  0.1407190E+01
 0.3010000E+02  0.1407236E+01
 0.3020000E+02  0.1407282E+01
 0.3030000E+02  0.1407328E+01
 0.3040000E+02  0.1407374E+01
 0.3050000E+02  0.1407420E+01
 0.3060000E+02  0.1407466E+01
 0.3070000E+02  0.1407512E+01
 0.3080000E+02  0.1407559E+01
 0.3090000E+02  0.1407606E+01
 0.3100000E+02  0.1407652E+01
 0.3110000E+02  0.1407699E+01
 0.3120000E+02  0.1407746E+01
 0.3130000E+02  0.1407793E+01
 0.3140000E+02  0.1407841E+01
 0.3150000E+02  0.1407888E+01
 0.3160000E+02  0.1407935E+01
 0.3170000E+02  0.1407983E+01
 0.3180000E+02  0.1408031E+01
 0.3190000E+02  0.1408078E+01
 0.3200000E+02  0.1408126E+01
 0.3210000E+02  0.1408174E+01
 0.3220000E+02  0.1408223E+01
 0.3230000E+02  0.1408271E+01
 0.3240000E+02  0.1408319E+01
 0.3250000E+02  0.1408368E+01
 0.3260000E+02  0.1408416E+01
 0.3270000E+02  0.1408465E+01
 0.3280000E+02  0.1408514E+01
 0.3290000E+02  0.1408563E+01
 0.3300000E+02  0.1408612E+01
 0.3310000E+02  0.1408661E+01
 0.3320000E+02  0.1408711E+01
 0.3330000E+02  0.1408760E+01
 0.3340000E+02  0.1408810E+01
 0.3350000E+02  0.1408860E+01
 0.3360000E+02  0.1408909E+01
 0.3370000E+02  0.1408959E+01
 0.3380000E+02  0.1409009E+01
 0.3390000E+02  0.1409059E+01
 0.3400000E+02  0.1409110E+01
 0.3410000E+02  0.1409160E+01
 0.3420000E+02  0.1409211E+01
 0.3430000E+02  0.1409261E+01
 0.3440000E+02  0.1409312E+01
 0.3450000E+02  0.1409363E+01
 0.3460000E+02  0.1409414E+01
 0.3470000E+02  0.1409465E+01
 0.3480000E+02  0.1409516E+01
 0.3490000E+02  0.1409567E+01
 0.3500000E+02  0.1409619E+01
 0.3510000E+02  0.1409670E+01
 0.3520000E+02  0.1409722E+01
 0.3530000E+02  0.1409773E+01
 0.3540000E+02  0.1409825E+01
 0.3550000E+02  0.1409877E+01
 0.3560000E+02  0.1409929E+01
 0.3570000E+02  0.1409981E+01
 0.3580000E+02  0.1410034E+01
 0.3590000E+02  0.1410086E+01
 0.3600000E+02  0.1410138E+01
 0.3610000E+02  0.1410191E+01
 0.3620000E+02  0.1410244E+01
 0.3630000E+02  0.1410297E+01
 0.3640000E+02  0.1410350E+01
 0.3650000E+02  0.1410403E+01
 0.3660000E+02  0.1410456E+01
 0.3670000E+02  0.1410509E+01
 0.3680000E+02  0.1410562E+01
 0.3690000E+02  0.1410616E+01
 0.3700000E+02  0.1410669E+01
 0.3710000E+02  0.1410723E+01
 0.3720000E+02  0.1410777E+01
 0.3730000E+02  0.1410831E+01
 0.3740000E+02  0.1410885E+01
 0.3750000E+02  0.1410939E+01
 0.3760000E+02  0.1410993E+01
 0.3770000E+02  0.1411047E+01
 0.3780000E+02  0.1411102E+01
 0.3790000E+02  0.1411156E+01
 0.3800000E+02  0.1411211E+01
 0.3810000E+02  0.1411265E+01
 0.3820000E+02  0.1411320E+01
 0.3830000E+02  0.1411375E+01
 0.3840000E+02  0.1411430E+01
 0.3850000E+02  0.1411485E+01
 0.3860000E+02  0.1411541E+01
 0.3870000E+02  0.1411596E+01
 0.3880000E+02  0.1411651E+01
 0.3890000E+02  0.1411707E+01
 0.3900000E+02  0.1411763E+01
 0.3910000E+02  0.1411818E+01
 0.3920000E+02  0.1411874E+01
 0.3930000E+02  0.1411930E+01
 0.3940000E+02  0.1411986E+01
 0.3950000E+02  0.1412042E+01
 0.3960000E+02  0.1412099E+01
 0.3970000E+02  0.1412155E+01
 0.3980000E+02  0.1412211E+01
 0.3990000E+02  0.1412268E+01
 0.4000000E+02  0.1412325E+01
 0.4010000E+02  0.1412381E+01
 0.4020000E+02  0.1412438E+01
 0.4030000E+02  0.1412495E+01
 0.4040000E+02  0.1412552E+01
 0.4050000E+02  0.1412609E+01
 0.4060000E+02  0.1412666E+01
 0.4070000E+02  0.1412724E+01
 0.4080000E+02  0.1412781E+01
 0.4090000E+02  0.1412839E+01
 0.4100000E+02  0.1412896E+01
 0.4110000E+02  0.1412954E+01
 0.4120000E+02  0.1413012E+01
 0.4130000E+02  0.1413070E+01
 0.4140000E+02  0.1413128E+01
 0.4150000E+02  0.1413186E+01
 0.4160000E+02  0.1413244E+01
 0.4170000E+02  0.1413302E+01
 0.4180000E+02  0.1413361E+01
 0.4190000E+02  0.1413419E+01
 0.4200000E+02  0.1413478E+01
 0.4210000E+02  0.1413537E+01
 0.4220000E+02  0.1413595E+01
 0.4230000E+02  0.1413654E+01
 0.4240000E+02  0.1413713E+01
 0.4250000E+02  0.1413772E+01
 0.4260000E+02  0.1413831E+01
 0.4270000E+02  0.1413891E+01
 0.4280000E+02  0.1413950E+01
 0.4290000E+02  0.1414009E+01
 0.4300000E+02  0.1414069E+01
 0.4310000E+02  0.1414128E+01
 0.4320000E+02  0.1414188E+01
 0.4330000E+02  0.1414248E+01
 0.4340000E+02  0.1414308E+01
 0.4350000E+02  0.1414368E+01
 0.4360000E+02  0.1414428E+01
 0.4370000E+02  0.1414488E+01
 0.4380000E+02  0.1414548E+01
 0.4390000E+02  0.1414608E+01
 0.4400000E+02  0.1414669E+01
 0.4410000E+02  0.1414729E+01
 0.4420000E+02  0.1414790E+01
 0.4430000E+02  0.1414851E+01
 0.4440000E+02  0.1414911E+01
 0.4450000E+02  0.1414972E+01
 0.4460000E+02  0.1415033E+01
 0.4470000E+02  0.1415094E+01
 0.4480000E+02  0.1415155E+01
 0.4490000E+02  0.1415216E+01
 0.4500000E+02  0.1415278E+01
 0.4510000E+02  0.1415339E+01
 0.4520000E+02  0.1415401E+01
 0.4530000E+02  0.1415462E+01
 0.4540000E+02  0.1415524E+01
 0.4550000E+02  0.1415585E+01
 0.4560000E+02  0.1415647E+01
 0.4570000E+02  0.1415709E+01
 0.4580000E+02  0.1415771E+01
 0.4590000E+02  0.1415833E+01
 0.4600000E+02  0.1415895E+01
 0.4610000E+02  0.1415957E+01
 0.4620000E+02  0.1416020E+01
 0.4630000E+02  0.1416082E+01
 0.4640000E+02  0.1416145E+01
 0.4650000E+02  0.1416207E+01
 0.4660000E+02  0.1416270E+01
 0.4670000E+02  0.1416333E+01
 0.4680000E+02  0.1416395E+01
 0.4690000E+02  0.1416458E+01
 0.4700000E+02  0.1416521E+01
 0.4710000E+02  0.1416584E+01
 0.4720000E+02  0.1416647E+01
 0.4730000E+02  0.1416711E+01
 0.4740000E+02  0.1416774E+01
 0.4750000E+02  0.1416837E+01
 0.4760000E+02  0.1416901E+01
 0.4770000E+02  0.1416964E+01
 0.4780000E+02  0.1417028E+01
 0.4790000E+02  0.1417092E+01
 0.4800000E+02  0.1417155E+01
 0.4810000E+02  0.1417219E+01
 0.4820000E+02  0.1417283E+01
 0.4830000E+02  0.1417347E+01
 0.4840000E+02  0.1417411E+01
 0.4850000E+02  0.1417475E+01
 0.4860000E+02  0.1417540E+01
 0.4870000E+02  0.1417604E+01
 0.4880000E+02  0.1417668E+01
 0.4890000E+02  0.1417733E+01
 0.4900000E+02  0.1417797E+01
 0.4910000E+02  0.1417862E+01
 0.4920000E+02  0.1417927E+01
 0.4930000E+02  0.1417992E+01
 0.4940000E+02  0.1418056E+01
 0.4950000E+02  0.1418121E+01
 0.4960000E+02  0.1418186E+01
 0.4970000E+02  0.1418252E+01
 0.4980000E+02  0.1418317E+01
 0.4990000E+02  0.1418382E+01
 0.5000000E+02  0.1418447E+01
 0.5010000E+02  0.1418513E+01
 0.5020000E+02  0.1418578E+01
 0.5030000E+02  0.1418644E+01
 0.5040000E+02  0.1418709E+01
 0.5050000E+02  0.1418775E+01
 0.5060000E+02  0.1418841E+01
 0.5070000E+02  0.1418907E+01
 0.5080000E+02  0.1418972E+01
 0.5090000E+02  0.1419038E+01
 0.5100000E+02  0.1419104E+01
 0.5110000E+02  0.1419171E+01
 0.5120000E+02  0.1419237E+01
 0.5130000E+02  0.1419303E+01
 0.5140000E+02  0.1419369E+01
 0.5150000E+02  0.1419436E+01
 0.5160000E+02  0.1419502E+01
 0.5170000E+02  0.1419569E+01
 0.5180000E+02  0.1419635E+01
 0.5190000E+02  0.1419702E+01
 0.5200000E+02  0.1419769E+01
 0.5210000E+02  0.1419836E+01
 0.5220000E+02  0.1419903E+01
 0.5230000E+02  0.1419970E+01
 0.5240000E+02  0.1420037E+01
 0.5250000E+02  0.1420104E+01
 0.5260000E+02  0.1420171E+01
 0.5270000E+02  0.1420238E+01
 0.5280000E+02  0.1420305E+01
 0.5290000E+02  0.1420373E+01
 0.5300000E+02  0.1420440E+01
 0.5310000E+02  0.1420508E+01
 0.5320000E+02  0.1420575E+01
 0.5330000E+02  0.1420643E+01
 0.5340000E+02  0.1420711E+01
 0.5350000E+02  0.1420778E+01
 0.5360000E+02  0.1420846E+01
 0.5370000E+02  0.1420914E+01
 0.5380000E+02  0.1420982E+01
 0.5390000E+02  0.1421050E+01
 0.5400000E+02  0.1421118E+01
 0.5410000E+02  0.1421186E+01
 0.5420000E+02  0.1421255E+01
 0.5430000E+02  0.1421323E+01
 0.5440000E+02  0.1421391E+01
 0.5450000E+02  0.1421460E+01
 0.5460000E+02  0.1421528E+01
 0.5470000E+02  0.1421597E+01
 0.5480000E+02  0.1421665E+01
 0.5490000E+02  0.1421734E+01
 0.5500000E+02  0.1421803E+01
 0.5510000E+02  0.1421872E+01
 0.5520000E+02  0.1421940E+01
 0.5530000E+02  0.1422009E+01
 0.5540000E+02  0.1422078E+01
 0.5550000E+02  0.1422147E+01
 0.5560000E+02  0.1422217E+01
 0.5570000E+02  0.1422286E+01
 0.5580000E+02  0.1422355E+01
 0.5590000E+02  0.1422424E+01
 0.5600000E+02  0.1422494E+01
 0.5610000E+02  0.1422563E+01
 0.5620000E+02  0.1422633E+01
 0.5630000E+02  0.1422702E+01
 0.5640000E+02  0.1422772E+01
 0.5650000E+02  0.1422841E+01
 0.5660000E+02  0.1422911E+01
 0.5670000E+02  0.1422981E+01
 0.5680000E+02  0.1423051E+01
 0.5690000E+02  0.1423120E+01
 0.5700000E+02  0.1423190E+01
 0.5710000E+02  0.1423260E+01
 0.5720000E+02  0.1423330E+01
 0.5730000E+02  0.1423401E+01
 0.5740000E+02  0.1423471E+01
 0.5750000E+02  0.1423541E+01
 0.5760000E+02  0.1423611E+01
 0.5770000E+02  0.1423682E+01
 0.5780000E+02  0.1423752E+01
 0.5790000E+02  0.1423822E+01
 0.5800000E+02  0.1423893E+01
 0.5810000E+02  0.1423964E+01
 0.5820000E+02  0.1424034E+01
 0.5830000E+02  0.1424105E+01
 0.5840000E+02  0.1424176E+01
 0.5850000E+02  0.1424246E+01
 0.5860000E+02  0.1424317E+01
 0.5870000E+02  0.1424388E+01
 0.5880000E+02  0.1424459E+01
 0.5890000E+02  0.1424530E+01
 0.5900000E+02  0.1424601E+01
 0.5910000E+02  0.1424672E+01
 0.5920000E+02  0.1424743E+01
 0.5930000E+02  0.1424815E+01
 0.5940000E+02  0.1424886E+01
 0.5950000E+02  0.1424957E+01
 0.5960000E+02  0.1425029E+01
 0.5970000E+02  0.1425100E+01
 0.5980000E+02  0.1425171E+01
 0.5990000E+02  0.1425243E+01
 0.6000000E+02  0.1425314E+01
 0.6010000E+02  0.1425386E+01
 0.6020000E+02  0.1425458E+01
 0.6030000E+02  0.1425529E+01
 0.6040000E+02  0.1425601E+01
 0.6050000E+02  0.1425673E+01
 0.6060000E+02  0.1425745E+01
 0.6070000E+02  0.1425817E+01
 0.6080000E+02  0.1425889E+01
 0.6090000E+02  0.1425961E+01
 0.6100000E+02  0.1426033E+01
 0.6110000E+02  0.1426105E+01
 0.6120000E+02  0.1426177E+01
 0.6130000E+02  0.1426249E+01
 0.6140000E+02  0.1426322E+01
 0.6150000E+02  0.1426394E+01
 0.6160000E+02  0.1426466E+01
 0.6170000E+02  0.1426539E+01
 0.6180000E+02  0.1426611E+01
 0.6190000E+02  0.1426684E+01
 0.6200000E+02  0.1426756E+01
 0.6210000E+02  0.1426829E+01
 0.6220000E+02  0.1426901E+01
 0.6230000E+02  0.1426974E+01
 0.6240000E+02  0.1427047E+01
 0.6250000E+02  0.1427120E+01
 0.6260000E+02  0.1427192E+01
 0.6270000E+02  0.1427265E+01
 0.6280000E+02  0.1427338E+01
 0.6290000E+02  0.1427411E+01
 0.6300000E+02  0.1427484E+01
 0.6310000E+02  0.1427557E+01
 0.6320000E+02  0.1427630E+01
 0.6330000E+02  0.1427703E+01
 0.6340000E+02  0.1427776E+01
 0.6350000E+02  0.1427850E+01
 0.6360000E+02  0.1427923E+01
 0.6370000E+02  0.1427996E+01
 0.6380000E+02  0.1428070E+01
 0.6390000E+02  0.1428143E+01
 0.6400000E+02  0.1428216E+01
 0.6410000E+02  0.1428290E+01
 0.6420000E+02  0.1428363E+01
 0.6430000E+02  0.1428437E+01
 0.6440000E+02  0.1428510E+01
 0.6450000E+02  0.1428584E+01
 0.6460000E+02  0.1428658E+01
 0.6470000E+02  0.1428731E+01
 0.6480000E+02  0.1428805E+01
 0.6490000E+02  0.1428879E+01
 0.6500000E+02  0.1428953E+01
 0.6510000E+02  0.1429027E+01
 0.6520000E+02  0.1429100E+01
 0.6530000E+02  0.1429174E+01
 0.6540000E+02  0.1429248E+01
 0.6550000E+02  0.1429322E+01
 0.6560000E+02  0.1429396E+01
 0.6570000E+02  0.1429470E+01
 0.6580000E+02  0.1429545E+01
 0.6590000E+02  0.1429619E+01
 0.6600000E+02  0.1429693E+01
 0.6610000E+02  0.1429767E+01
 0.6620000E+02  0.1429841E+01
 0.6630000E+02  0.1429916E+01
 0.6640000E+02  0.1429990E+01
 0.6650000E+02  0.1430064E+01
 0.6660000E+02  0.1430139E+01
 0.6670000E+02  0.1430213E+01
 0.6680000E+02  0.1430288E+01
 0.6690000E+02  0.1430362E+01
 0.6700000E+02  0.1430437E+01
 0.6710000E+02  0.1430511E+01
 0.6720000E+02  0.1430586E+01
 0.6730000E+02  0.1430661E+01
 0.6740000E+02  0.1430735E+01
 0.6750000E+02  0.1430810E+01
 0.6760000E+02  0.1430885E+01
 0.6770000E+02  0.1430960E+01
 0.6780000E+02  0.1431034E+01
 0.6790000E+02  0.1431109E+01
 0.6800000E+02  0.1431184E+01
 0.6810000E+02  0.1431259E+01
 0.6820000E+02  0.1431334E+01
 0.6830000E+02  0.1431409E+01
 0.6840000E+02  0.1431484E+01
 0.6850000E+02  0.1431559E+01
 0.6860000E+02  0.1431634E+01
 0.6870000E+02  0.1431709E+01
 0.6880000E+02  0.1431784E+01
 0.6890000E+02  0.1431859E+01
 0.6900000E+02  0.1431935E+01
 0.6910000E+02  0.1432010E+01
 0.6920000E+02  0.1432085E+01
 0.6930000E+02  0.1432160E+01
 0.6940000E+02  0.1432236E+01
 0.6950000E+02  0.1432311E+01
 0.6960000E+02  0.1432386E+01
 0.6970000E+02  0.1432462E+01
 0.6980000E+02  0.1432537E+01
 0.6990000E+02  0.1432613E+01
 0.7000000E+02  0.1432688E+01
 0.7010000E+02  0.1432764E+01
 0.7020000E+02  0.1432839E+01
 0.7030000E+02  0.1432915E+01
 0.7040000E+02  0.1432990E+01
 0.7050000E+02  0.1433066E+01
 0.7060000E+02  0.1433141E+01
 0.7070000E+02  0.1433217E+01
 0.7080000E+02  0.1433293E+01
 0.7090000E+02  0.1433369E+01
 0.7100000E+02  0.1433444E+01
 0.7110000E+02  0.1433520E+01
 0.7120000E+02  0.1433596E+01
 0.7130000E+02  0.1433672E+01
 0.7140000E+02  0.1433747E+01
 0.7150000E+02  0.1433823E+01
 0.7160000E+02  0.1433899E+01
 0.7170000E+02  0.1433975E+01
 0.7180000E+02  0.1434051E+01
 0.7190000E+02  0.1434127E+01
 0.7200000E+02  0.1434203E+01
 0.7210000E+02  0.1434279E+01
 0.7220000E+02  0.1434355E+01
 0.7230000E+02  0.1434431E+01
 0.7240000E+02  0.1434507E+01
 0.7250000E+02  0.1434583E+01
 0.7260000E+02  0.1434659E+01
 0.7270000E+02  0.1434735E+01
 0.7280000E+02  0.1434811E+01
 0.7290000E+02  0.1434888E+01
 0.7300000E+02  0.1434964E+01
 0.7310000E+02  0.1435040E+01
 0.7320000E+02  0.1435116E+01
 0.7330000E+02  0.1435193E+01
 0.7340000E+02  0.1435269E+01
 0.7350000E+02  0.1435345E+01
 0.7360000E+02  0.1435421E+01
 0.7370000E+02  0.1435498E+01
 0.7380000E+02  0.1435574E+01
 0.7390000E+02  0.1435650E+01
 0.7400000E+02  0.1435727E+01
 0.7410000E+02  0.1435803E+01
 0.7420000E+02  0.1435880E+01
 0.7430000E+02  0.1435956E+01
 0.7440000E+02  0.1436032E+01
 0.7450000E+02  0.1436109E+01
 0.7460000E+02  0.1436185E+01
 0.7470000E+02  0.1436262E+01
 0.7480000E+02  0.1436338E+01
 0.7490000E+02  0.1436415E+01
 0.7500000E+02  0.1436492E+01
 0.7510000E+02  0.1436568E+01
 0.7520000E+02  0.1436645E+01
 0.7530000E+02  0.1436721E+01
 0.7540000E+02  0.1436798E+01
 0.7550000E+02  0.1436874E+01
 0.7560000E+02  0.1436951E+01
 0.7570000E+02  0.1437028E+01
 0.7580000E+02  0.1437104E+01
 0.7590000E+02  0.1437181E+01
 0.7600000E+02  0.1437258E+01
 0.7610000E+02  0.1437334E+01
 0.7620000E+02  0.1437411E+01
 0.7630000E+02  0.1437488E+01
 0.7640000E+02  0.1437565E+01
 0.7650000E+02  0.1437641E+01
 0.7660000E+02  0.1437718E+01
 0.7670000E+02  0.1437795E+01
 0.7680000E+02  0.1437872E+01
 0.7690000E+02  0.1437949E+01
 0.7700000E+02  0.1438025E+01
 0.7710000E+02  0.1438102E+01
 0.7720000E+02  0.1438179E+01
 0.7730000E+02  0.1438256E+01
 0.7740000E+02  0.1438333E+01
 0.7750000E+02  0.1438410E+01
 0.7760000E+02  0.1438486E+01
 0.7770000E+02  0.1438563E+01
 0.7780000E+02  0.1438640E+01
 0.7790000E+02  0.1438717E+01
 0.7800000E+02  0.1438794E+01
 0.7810000E+02  0.1438871E+01
 0.7820000E+02  0.1438948E+01
 0.7830000E+02  0.1439025E+01
 0.7840000E+02  0.1439102E+01
 0.7850000E+02  0.1439179E+01
 0.7860000E+02  0.1439256E+01
 0.7870000E+02  0.1439333E+01
 0.7880000E+02  0.1439410E+01
 0.7890000E+02  0.1439487E+01
 0.7900000E+02  0.1439564E+01
 0.7910000E+02  0.1439641E+01
 0.7920000E+02  0.1439718E+01
 0.7930000E+02  0.1439795E+01
 0.7940000E+02  0.1439872E+01
 0.7950000E+02  0.1439949E+01
 0.7960000E+02  0.1440026E+01
 0.7970000E+02  0.1440103E+01
 0.7980000E+02  0.1440180E+01
 0.7990000E+02  0.1440257E+01
 0.8000000E+02  0.1440334E+01
 0.8010000E+02  0.1440411E+01
 0.8020000E+02  0.1440488E+01
 0.8030000E+02  0.1440565E+01
 0.8040000E+02  0.1440642E+01
 0.8050000E+02  0.1440719E+01
 0.8060000E+02  0.1440796E+01
 0.8070000E+02  0.1440873E+01
 0.8080000E+02  0.1440950E+01
 0.8090000E+02  0.1441027E+01
 0.8100000E+02  0.1441104E+01
 0.8110000E+02  0.1441181E+01
 0.8120000E+02  0.1441258E+01
 0.8130000E+02  0.1441335E+01
 0.8140000E+02  0.1441412E+01
 0.8150000E+02  0.1441489E+01
 0.8160000E+02  0.1441566E+01
 0.8170000E+02  0.1441644E+01
 0.8180000E+02  0.1441721E+01
 0.8190000E+02  0.1441798E+01
 0.8200000E+02  0.1441875E+01
 0.8210000E+02  0.1441952E+01
 0.8220000E+02  0.1442029E+01
 0.8230000E+02  0.1442106E+01
 0.8240000E+02  0.1442183E+01
 0.8250000E+02  0.1442260E+01
 0.8260000E+02  0.1442337E+01
 0.8270000E+02  0.1442414E+01
 0.8280000E+02  0.1442491E+01
 0.8290000E+02  0.1442568E+01
 0.8300000E+02  0.1442645E+01
 0.8310000E+02  0.1442722E+01
 0.8320000E+02  0.1442799E+01
 0.8330000E+02  0.1442876E+01
 0.8340000E+02  0.1442953E+01
 0.8350000E+02  0.1443030E+01
 0.8360000E+02  0.1443107E+01
 0.8370000E+02  0.1443184E+01
 0.8380000E+02  0.1443261E+01
 0.8390000E+02  0.1443338E+01
 0.8400000E+02  0.1443415E+01
 0.8410000E+02  0.1443492E+01
 0.8420000E+02  0.1443569E+01
 0.8430000E+02  0.1443646E+01
 0.8440000E+02  0.1443723E+01
 0.8450000E+02  0.1443800E+01
 0.8460000E+02  0.1443877E+01
 0.8470000E+02  0.1443954E+01
 0.8480000E+02  0.1444031E+01
 0.8490000E+02  0.1444108E+01
 0.8500000E+02  0.1444185E+01
 0.8510000E+02  0.1444262E+01
 0.8520000E+02  0.1444339E+01
 0.8530000E+02  0.1444416E+01
 0.8540000E+02  0.1444493E+01
 0.8550000E+02  0.1444570E+01
 0.8560000E+02  0.1444646E+01
 0.8570000E+02  0.1444723E+01
 0.8580000E+02  0.1444800E+01
 0.8590000E+02  0.1444877E+01
 0.8600000E+02  0.1444954E+01
 0.8610000E+02  0.1445031E+01
 0.8620000E+02  0.1445107E+01
 0.8630000E+02  0.1445184E+01
 0.8640000E+02  0.1445261E+01
 0.8650000E+02  0.1445338E+01
 0.8660000E+02  0.1445415E+01
 0.8670000E+02  0.1445491E+01
 0.8680000E+02  0.1445568E+01
 0.8690000E+02  0.1445645E+01
 0.8700000E+02  0.1445721E+01
 0.8710000E+02  0.1445798E+01
 0.8720000E+02  0.1445875E+01
 0.8730000E+02  0.1445952E+01
 0.8740000E+02  0.1446028E+01
 0.8750000E+02  0.1446105E+01
 0.8760000E+02  0.1446181E+01
 0.8770000E+02  0.1446258E+01
 0.8780000E+02  0.1446335E+01
 0.8790000E+02  0.1446411E+01
 0.8800000E+02  0.1446488E+01
 0.8810000E+02  0.1446564E+01
 0.8820000E+02  0.1446641E+01
 0.8830000E+02  0.1446718E+01
 0.8840000E+02  0.1446794E+01
 0.8850000E+02  0.1446871E+01
 0.8860000E+02  0.1446947E+01
 0.8870000E+02  0.1447023E+01
 0.8880000E+02  0.1447100E+01
 0.8890000E+02  0.1447176E+01
 0.8900000E+02  0.1447253E+01
 0.8910000E+02  0.1447329E+01
 0.8920000E+02  0.1447406E+01
 0.8930000E+02  0.1447482E+01
 0.8940000E+02  0.1447558E+01
 0.8950000E+02  0.1447635E+01
 0.8960000E+02  0.1447711E+01
 0.8970000E+02  0.1447787E+01
 0.8980000E+02  0.1447863E+01
 0.8990000E+02  0.1447940E+01
 0.9000000E+02  0.1448016E+01
 0.9010000E+02  0.1448092E+01
 0.9020000E+02  0.1448168E+01
 0.9030000E+02  0.1448244E+01
 0.9040000E+02  0.1448321E+01
 0.9050000E+02  0.1448397E+01
 0.9060000E+02  0.1448473E+01
 0.9070000E+02  0.1448549E+01
 0.9080000E+02  0.1448625E+01
 0.9090000E+02  0.1448701E+01
 0.9100000E+02  0.1448777E+01
 0.9110000E+02  0.1448853E+01
 0.9120000E+02  0.1448929E+01
 0.9130000E+02  0.1449005E+01
 0.9140000E+02  0.1449081E+01
 0.9150000E+02  0.1449157E+01
 0.9160000E+02  0.1449232E+01
 0.9170000E+02  0.1449308E+01
 0.9180000E+02  0.1449384E+01
 0.9190000E+02  0.1449460E+01
 0.9200000E+02  0.1449536E+01
 0.9210000E+02  0.1449611E+01
 0.9220000E+02  0.1449687E+01
 0.9230000E+02  0.1449763E+01
 0.9240000E+02  0.1449839E+01
 0.9250000E+02  0.1449914E+01
 0.9260000E+02  0.1449990E+01
 0.9270000E+02  0.1450065E+01
 0.9280000E+02  0.1450141E+01
 0.9290000E+02  0.1450216E+01
 0.9300000E+02  0.1450292E+01
 0.9310000E+02  0.1450367E+01
 0.9320000E+02  0.1450443E+01
 0.9330000E+02  0.1450518E+01
 0.9340000E+02  0.1450594E+01
 0.9350000E+02  0.1450669E+01
 0.9360000E+02  0.1450744E+01
 0.9370000E+02  0.1450820E+01
 0.9380000E+02  0.1450895E+01
 0.9390000E+02  0.1450970E+01
 0.9400000E+02  0.1451046E+01
 0.9410000E+02  0.1451121E+01
 0.9420000E+02  0.1451196E+01
 0.9430000E+02  0.1451271E+01
 0.9440000E+02  0.1451346E+01
 0.9450000E+02  0.1451421E+01
 0.9460000E+02  0.1451496E+01
 0.9470000E+02  0.1451571E+01
 0.9480000E+02  0.1451646E+01
 0.9490000E+02  0.1451721E+01
 0.9500000E+02  0.1451796E+01
 0.9510000E+02  0.1451871E+01
 0.9520000E+02  0.1451946E+01
 0.9530000E+02  0.1452021E+01
 0.9540000E+02  0.1452095E+01
 0.9550000E+02  0.1452170E+01
 0.9560000E+02  0.1452245E+01
 0.9570000E+02  0.1452320E+01
 0.9580000E+02  0.1452394E+01
 0.9590000E+02  0.1452469E+01
 0.9600000E+02  0.1452543E+01
 0.9610000E+02  0.1452618E+01
 0.9620000E+02  0.1452692E+01
 0.9630000E+02  0.1452767E+01
 0.9640000E+02  0.1452841E+01
 0.9650000E+02  0.1452916E+01
 0.9660000E+02  0.1452990E+01
 0.9670000E+02  0.1453064E+01
 0.9680000E+02  0.1453139E+01
 0.9690000E+02  0.1453213E+01
 0.9700000E+02  0.1453287E+01
 0.9710000E+02  0.1453361E+01
 0.9720000E+02  0.1453436E+01
 0.9730000E+02  0.1453510E+01
 0.9740000E+02  0.1453584E+01
 0.9750000E+02  0.1453658E+01
 0.9760000E+02  0.1453732E+01
 0.9770000E+02  0.1453806E+01
 0.9780000E+02  0.1453880E+01
 0.9790000E+02  0.1453953E+01
 0.9800000E+02  0.1454027E+01
 0.9810000E+02  0.1454101E+01
 0.9820000E+02  0.1454175E+01
 0.9830000E+02  0.1454249E+01
 0.9840000E+02  0.1454322E+01
 0.9850000E+02  0.1454396E+01
 0.9860000E+02  0.1454469E+01
 0.9870000E+02  0.1454543E+01
 0.9880000E+02  0.1454617E+01
 0.9890000E+02  0.1454690E+01
 0.9900000E+02  0.1454763E+01
 0.9910000E+02  0.1454837E+01
 0.9920000E+02  0.1454910E+01
 0.9930000E+02  0.1454983E+01
 0.9940000E+02  0.1455057E+01
 0.9950000E+02  0.1455130E+01
 0.9960000E+02  0.1455203E+01
 0.9970000E+02  0.1455276E+01
 0.9980000E+02  0.1455349E+01
 0.9990000E+02  0.1455422E+01
 0.1000000E+03  0.1455495E+01
 0.1001000E+03  0.1455568E+01
 0.1002000E+03  0.1455641E+01
 0.1003000E+03  0.1455714E+01
 0.1004000E+03  0.1455787E+01
 0.1005000E+03  0.1455860E+01
 0.1006000E+03  0.1455932E+01
 0.1007000E+03  0.1456005E+01
 0.1008000E+03  0.1456078E+01
 0.1009000E+03  0.1456150E+01
 0.1010000E+03  0.1456223E+01
 0.1011000E+03  0.1456295E+01
 0.1012000E+03  0.1456368E+01
 0.1013000E+03  0.1456440E+01
 0.1014000E+03  0.1456512E+01
 0.1015000E+03  0.1456585E+01
 0.1016000E+03  0.1456657E+01
 0.1017000E+03  0.1456729E+01
 0.1018000E+03  0.1456801E+01
 0.1019000E+03  0.1456874E+01
 0.1020000E+03  0.1456946E+01
 0.1021000E+03  0.1457018E+01
 0.1022000E+03  0.1457090E+01
 0.1023000E+03  0.1457161E+01
 0.1024000E+03  0.1457233E+01
 0.1025000E+03  0.1457305E+01
 0.1026000E+03  0.1457377E+01
 0.1027000E+03  0.1457449E+01
 0.1028000E+03  0.1457520E+01
 0.1029000E+03  0.1457592E+01
 0.1030000E+03  0.1457663E+01
 0.1031000E+03  0.1457735E+01
 0.1032000E+03  0.1457806E+01
 0.1033000E+03  0.1457878E+01
 0.1034000E+03  0.1457949E+01
 0.1035000E+03  0.1458020E+01
 0.1036000E+03  0.1458092E+01
 0.1037000E+03  0.1458163E+01
 0.1038000E+03  0.1458234E+01
 0.1039000E+03  0.1458305E+01
 0.1040000E+03  0.1458376E+01
 0.1041000E+03  0.1458447E+01
 0.1042000E+03  0.1458518E+01
 0.1043000E+03  0.1458589E+01
 0.1044000E+03  0.1458660E+01
 0.1045000E+03  0.1458730E+01
 0.1046000E+03  0.1458801E+01
 0.1047000E+03  0.1458872E+01
 0.1048000E+03  0.1458942E+01
 0.1049000E+03  0.1459013E+01
 0.1050000E+03  0.1459083E+01
 0.1051000E+03  0.1459154E+01
 0.1052000E+03  0.1459224E+01
 0.1053000E+03  0.1459294E+01
 0.1054000E+03  0.1459364E+01
 0.1055000E+03  0.1459435E+01
 0.1056000E+03  0.1459505E+01
 0.1057000E+03  0.1459575E+01
 0.1058000E+03  0.1459645E+01
 0.1059000E+03  0.1459715E+01
 0.1060000E+03  0.1459785E+01
 0.1061000E+03  0.1459854E+01
 0.1062000E+03  0.1459924E+01
 0.1063000E+03  0.1459994E+01
 0.1064000E+03  0.1460064E+01
 0.1065000E+03  0.1460133E+01
 0.1066000E+03  0.1460203E+01
 0.1067000E+03  0.1460272E+01
 0.1068000E+03  0.1460342E+01
 0.1069000E+03  0.1460411E+01
 0.1070000E+03  0.1460480E+01
 0.1071000E+03  0.1460549E+01
 0.1072000E+03  0.1460619E+01
 0.1073000E+03  0.1460688E+01
 0.1074000E+03  0.1460757E+01
 0.1075000E+03  0.1460826E+01
 0.1076000E+03  0.1460895E+01
 0.1077000E+03  0.1460964E+01
 0.1078000E+03  0.1461032E+01
 0.1079000E+03  0.1461101E+01
 0.1080000E+03  0.1461170E+01
 0.1081000E+03  0.1461238E+01
 0.1082000E+03  0.1461307E+01
 0.1083000E+03  0.1461375E+01
 0.1084000E+03  0.1461444E+01
 0.1085000E+03  0.1461512E+01
 0.1086000E+03  0.1461580E+01
 0.1087000E+03  0.1461649E+01
 0.1088000E+03  0.1461717E+01
 0.1089000E+03  0.1461785E+01
 0.1090000E+03  0.1461853E+01
 0.1091000E+03  0.1461921E+01
 0.1092000E+03  0.1461989E+01
 0.1093000E+03  0.1462056E+01
 0.1094000E+03  0.1462124E+01
 0.1095000E+03  0.1462192E+01
 0.1096000E+03  0.1462259E+01
 0.1097000E+03  0.1462327E+01
 0.1098000E+03  0.1462394E+01
 0.1099000E+03  0.1462462E+01
 0.1100000E+03  0.1462529E+01
 0.1101000E+03  0.1462596E+01
 0.1102000E+03  0.1462664E+01
 0.1103000E+03  0.1462731E+01
 0.1104000E+03  0.1462798E+01
 0.1105000E+03  0.1462865E+01
 0.1106000E+03  0.1462932E+01
 0.1107000E+03  0.1462999E+01
 0.1108000E+03  0.1463065E+01
 0.1109000E+03  0.1463132E+01
 0.1110000E+03  0.1463199E+01
 0.1111000E+03  0.1463265E+01
 0.1112000E+03  0.1463332E+01
 0.1113000E+03  0.1463398E+01
 0.1114000E+03  0.1463465E+01
 0.1115000E+03  0.1463531E+01
 0.1116000E+03  0.1463597E+01
 0.1117000E+03  0.1463663E+01
 0.1118000E+03  0.1463729E+01
 0.1119000E+03  0.1463795E+01
 0.1120000E+03  0.1463861E+01
 0.1121000E+03  0.1463927E+01
 0.1122000E+03  0.1463993E+01
 0.1123000E+03  0.1464059E+01
 0.1124000E+03  0.1464124E+01
 0.1125000E+03  0.1464190E+01
 0.1126000E+03  0.1464255E+01
 0.1127000E+03  0.1464321E+01
 0.1128000E+03  0.1464386E+01
 0.1129000E+03  0.1464451E+01
 0.1130000E+03  0.1464516E+01
 0.1131000E+03  0.1464582E+01
 0.1132000E+03  0.1464647E+01
 0.1133000E+03  0.1464712E+01
 0.1134000E+03  0.1464776E+01
 0.1135000E+03  0.1464841E+01
 0.1136000E+03  0.1464906E+01
 0.1137000E+03  0.1464971E+01
 0.1138000E+03  0.1465035E+01
 0.1139000E+03  0.1465100E+01
 0.1140000E+03  0.1465164E+01
 0.1141000E+03  0.1465228E+01
 0.1142000E+03  0.1465293E+01
 0.1143000E+03  0.1465357E+01
 0.1144000E+03  0.1465421E+01
 0.1145000E+03  0.1465485E+01
 0.1146000E+03  0.1465549E+01
 0.1147000E+03  0.1465613E+01
 0.1148000E+03  0.1465677E+01
 0.1149000E+03  0.1465740E+01
 0.1150000E+03  0.1465804E+01
 0.1151000E+03  0.1465867E+01
 0.1152000E+03  0.1465931E+01
 0.1153000E+03  0.1465994E+01
 0.1154000E+03  0.1466058E+01
 0.1155000E+03  0.1466121E+01
 0.1156000E+03  0.1466184E+01
 0.1157000E+03  0.1466247E+01
 0.1158000E+03  0.1466310E+01
 0.1159000E+03  0.1466373E+01
 0.1160000E+03  0.1466436E+01
 0.1161000E+03  0.1466498E+01
 0.1162000E+03  0.1466561E+01
 0.1163000E+03  0.1466624E+01
 0.1164000E+03  0.1466686E+01
 0.1165000E+03  0.1466749E+01
 0.1166000E+03  0.1466811E+01
 0.1167000E+03  0.1466873E+01
 0.1168000E+03  0.1466935E+01
 0.1169000E+03  0.1466997E+01
 0.1170000E+03  0.1467059E+01
 0.1171000E+03  0.1467121E+01
 0.1172000E+03  0.1467183E+01
 0.1173000E+03  0.1467245E+01
 0.1174000E+03  0.1467306E+01
 0.1175000E+03  0.1467368E+01
 0.1176000E+03  0.1467429E+01
 0.1177000E+03  0.1467491E+01
 0.1178000E+03  0.1467552E+01
 0.1179000E+03  0.1467613E+01
 0.1180000E+03  0.1467674E+01
 0.1181000E+03  0.1467736E+01
 0.1182000E+03  0.1467796E+01
 0.1183000E+03  0.1467857E+01
 0.1184000E+03  0.1467918E+01
 0.1185000E+03  0.1467979E+01
 0.1186000E+03  0.1468039E+01
 0.1187000E+03  0.1468100E+01
 0.1188000E+03  0.1468160E+01
 0.1189000E+03  0.1468221E+01
 0.1190000E+03  0.1468281E+01
 0.1191000E+03  0.1468341E+01
 0.1192000E+03  0.1468401E+01
 0.1193000E+03  0.1468461E+01
 0.1194000E+03  0.1468521E+01
 0.1195000E+03  0.1468581E+01
 0.1196000E+03  0.1468641E+01
 0.1197000E+03  0.1468700E+01
 0.1198000E+03  0.1468760E+01
 0.1199000E+03  0.1468819E+01
 0.1200000E+03  0.1468879E+01
 0.1201000E+03  0.1468938E+01
 0.1202000E+03  0.1468997E+01
 0.1203000E+03  0.1469056E+01
 0.1204000E+03  0.1469115E+01
 0.1205000E+03  0.1469174E+01
 0.1206000E+03  0.1469233E+01
 0.1207000E+03  0.1469292E+01
 0.1208000E+03  0.1469350E+01
 0.1209000E+03  0.1469409E+01
 0.1210000E+03  0.1469467E+01
 0.1211000E+03  0.1469525E+01
 0.1212000E+03  0.1469584E+01
 0.1213000E+03  0.1469642E+01
 0.1214000E+03  0.1469700E+01
 0.1215000E+03  0.1469758E+01
 0.1216000E+03  0.1469816E+01
 0.1217000E+03  0.1469874E+01
 0.1218000E+03  0.1469931E+01
 0.1219000E+03  0.1469989E+01
 0.1220000E+03  0.1470046E+01
 0.1221000E+03  0.1470104E+01
 0.1222000E+03  0.1470161E+01
 0.1223000E+03  0.1470218E+01
 0.1224000E+03  0.1470275E+01
 0.1225000E+03  0.1470332E+01
 0.1226000E+03  0.1470389E+01
 0.1227000E+03  0.1470446E+01
 0.1228000E+03  0.1470503E+01
 0.1229000E+03  0.1470560E+01
 0.1230000E+03  0.1470616E+01
 0.1231000E+03  0.1470672E+01
 0.1232000E+03  0.1470729E+01
 0.1233000E+03  0.1470785E+01
 0.1234000E+03  0.1470841E+01
 0.1235000E+03  0.1470897E+01
 0.1236000E+03  0.1470953E+01
 0.1237000E+03  0.1471009E+01
 0.1238000E+03  0.1471065E+01
 0.1239000E+03  0.1471120E+01
 0.1240000E+03  0.1471176E+01
 0.1241000E+03  0.1471231E+01
 0.1242000E+03  0.1471287E+01
 0.1243000E+03  0.1471342E+01
 0.1244000E+03  0.1471397E+01
 0.1245000E+03  0.1471452E+01
 0.1246000E+03  0.1471507E+01
 0.1247000E+03  0.1471562E+01
 0.1248000E+03  0.1471617E+01
 0.1249000E+03  0.1471672E+01
 0.1250000E+03  0.1471726E+01
 0.1251000E+03  0.1471781E+01
 0.1252000E+03  0.1471835E+01
 0.1253000E+03  0.1471889E+01
 0.1254000E+03  0.1471943E+01
 0.1255000E+03  0.1471997E+01
 0.1256000E+03  0.1472051E+01
 0.1257000E+03  0.1472105E+01
 0.1258000E+03  0.1472159E+01
 0.1259000E+03  0.1472213E+01
 0.1260000E+03  0.1472266E+01
 0.1261000E+03  0.1472319E+01
 0.1262000E+03  0.1472373E+01
 0.1263000E+03  0.1472426E+01
 0.1264000E+03  0.1472479E+01
 0.1265000E+03  0.1472532E+01
 0.1266000E+03  0.1472585E+01
 0.1267000E+03  0.1472638E+01
 0.1268000E+03  0.1472691E+01
 0.1269000E+03  0.1472743E+01
 0.1270000E+03  0.1472796E+01
 0.1271000E+03  0.1472848E+01
 0.1272000E+03  0.1472900E+01
 0.1273000E+03  0.1472953E+01
 0.1274000E+03  0.1473005E+01
 0.1275000E+03  0.1473057E+01
 0.1276000E+03  0.1473108E+01
 0.1277000E+03  0.1473160E+01
 0.1278000E+03  0.1473212E+01
 0.1279000E+03  0.1473263E+01
 0.1280000E+03  0.1473315E+01
 0.1281000E+03  0.1473366E+01
 0.1282000E+03  0.1473417E+01
 0.1283000E+03  0.1473468E+01
 0.1284000E+03  0.1473519E+01
 0.1285000E+03  0.1473570E+01
 0.1286000E+03  0.1473621E+01
 0.1287000E+03  0.1473672E+01
 0.1288000E+03  0.1473722E+01
 0.1289000E+03  0.1473773E+01
 0.1290000E+03  0.1473823E+01
 0.1291000E+03  0.1473874E+01
 0.1292000E+03  0.1473924E+01
 0.1293000E+03  0.1473974E+01
 0.1294000E+03  0.1474024E+01
 0.1295000E+03  0.1474073E+01
 0.1296000E+03  0.1474123E+01
 0.1297000E+03  0.1474173E+01
 0.1298000E+03  0.1474222E+01
 0.1299000E+03  0.1474272E+01
 0.1300000E+03  0.1474321E+01
 0.1301000E+03  0.1474370E+01
 0.1302000E+03  0.1474419E+01
 0.1303000E+03  0.1474468E+01
 0.1304000E+03  0.1474517E+01
 0.1305000E+03  0.1474565E+01
 0.1306000E+03  0.1474614E+01
 0.1307000E+03  0.1474663E+01
 0.1308000E+03  0.1474711E+01
 0.1309000E+03  0.1474759E+01
 0.1310000E+03  0.1474807E+01
 0.1311000E+03  0.1474855E+01
 0.1312000E+03  0.1474903E+01
 0.1313000E+03  0.1474951E+01
 0.1314000E+03  0.1474999E+01
 0.1315000E+03  0.1475046E+01
 0.1316000E+03  0.1475094E+01
 0.1317000E+03  0.1475141E+01
 0.1318000E+03  0.1475188E+01
 0.1319000E+03  0.1475236E+01
 0.1320000E+03  0.1475283E+01
 0.1321000E+03  0.1475330E+01
 0.1322000E+03  0.1475376E+01
 0.1323000E+03  0.1475423E+01
 0.1324000E+03  0.1475470E+01
 0.1325000E+03  0.1475516E+01
 0.1326000E+03  0.1475562E+01
 0.1327000E+03  0.1475609E+01
 0.1328000E+03  0.1475655E+01
 0.1329000E+03  0.1475701E+01
 0.1330000E+03  0.1475746E+01
 0.1331000E+03  0.1475792E+01
 0.1332000E+03  0.1475838E+01
 0.1333000E+03  0.1475883E+01
 0.1334000E+03  0.1475929E+01
 0.1335000E+03  0.1475974E+01
 0.1336000E+03  0.1476019E+01
 0.1337000E+03  0.1476064E+01
 0.1338000E+03  0.1476109E+01
 0.1339000E+03  0.1476154E+01
 0.1340000E+03  0.1476199E+01
 0.1341000E+03  0.1476243E+01
 0.1342000E+03  0.1476288E+01
 0.1343000E+03  0.1476332E+01
 0.1344000E+03  0.1476376E+01
 0.1345000E+03  0.1476420E+01
 0.1346000E+03  0.1476464E+01
 0.1347000E+03  0.1476508E+01
 0.1348000E+03  0.1476552E+01
 0.1349000E+03  0.1476596E+01
 0.1350000E+03  0.1476639E+01
 0.1351000E+03  0.1476683E+01
 0.1352000E+03  0.1476726E+01
 0.1353000E+03  0.1476769E+01
 0.1354000E+03  0.1476812E+01
 0.1355000E+03  0.1476855E+01
 0.1356000E+03  0.1476898E+01
 0.1357000E+03  0.1476941E+01
 0.1358000E+03  0.1476983E+01
 0.1359000E+03  0.1477026E+01
 0.1360000E+03  0.1477068E+01
 0.1361000E+03  0.1477110E+01
 0.1362000E+03  0.1477152E+01
 0.1363000E+03  0.1477194E+01
 0.1364000E+03  0.1477236E+01
 0.1365000E+03  0.1477278E+01
 0.1366000E+03  0.1477319E+01
 0.1367000E+03  0.1477361E+01
 0.1368000E+03  0.1477402E+01
 0.1369000E+03  0.1477443E+01
 0.1370000E+03  0.1477484E+01
 0.1371000E+03  0.1477525E+01
 0.1372000E+03  0.1477566E+01
 0.1373000E+03  0.1477607E+01
 0.1374000E+03  0.1477648E+01
 0.1375000E+03  0.1477688E+01
 0.1376000E+03  0.1477729E+01
 0.1377000E+03  0.1477769E+01
 0.1378000E+03  0.1477809E+01
 0.1379000E+03  0.1477849E+01
 0.1380000E+03  0.1477889E+01
 0.1381000E+03  0.1477929E+01
 0.1382000E+03  0.1477968E+01
 0.1383000E+03  0.1478008E+01
 0.1384000E+03  0.1478047E+01
 0.1385000E+03  0.1478086E+01
 0.1386000E+03  0.1478125E+01
 0.1387000E+03  0.1478165E+01
 0.1388000E+03  0.1478203E+01
 0.1389000E+03  0.1478242E+01
 0.1390000E+03  0.1478281E+01
 0.1391000E+03  0.1478319E+01
 0.1392000E+03  0.1478358E+01
 0.1393000E+03  0.1478396E+01
 0.1394000E+03  0.1478434E+01
 0.1395000E+03  0.1478472E+01
 0.1396000E+03  0.1478510E+01
 0.1397000E+03  0.1478548E+01
 0.1398000E+03  0.1478585E+01
 0.1399000E+03  0.1478623E+01
 0.1400000E+03  0.1478660E+01
 0.1401000E+03  0.1478698E+01
 0.1402000E+03  0.1478735E+01
 0.1403000E+03  0.1478772E+01
 0.1404000E+03  0.1478808E+01
 0.1405000E+03  0.1478845E+01
 0.1406000E+03  0.1478882E+01
 0.1407000E+03  0.1478918E+01
 0.1408000E+03  0.1478955E+01
 0.1409000E+03  0.1478991E+01
 0.1410000E+03  0.1479027E+01
 0.1411000E+03  0.1479063E+01
 0.1412000E+03  0.1479099E+01
 0.1413000E+03  0.1479135E+01
 0.1414000E+03  0.1479170E+01
 0.1415000E+03  0.1479206E+01
 0.1416000E+03  0.1479241E+01
 0.1417000E+03  0.1479276E+01
 0.1418000E+03  0.1479311E+01
 0.1419000E+03  0.1479346E+01
 0.1420000E+03  0.1479381E+01
 0.1421000E+03  0.1479416E+01
 0.1422000E+03  0.1479450E+01
 0.1423000E+03  0.1479485E+01
 0.1424000E+03  0.1479519E+01
 0.1425000E+03  0.1479553E+01
 0.1426000E+03  0.1479587E+01
 0.1427000E+03  0.1479621E+01
 0.1428000E+03  0.1479655E+01
 0.1429000E+03  0.1479689E+01
 0.1430000E+03  0.1479722E+01
 0.1431000E+03  0.1479756E+01
 0.1432000E+03  0.1479789E+01
 0.1433000E+03  0.1479822E+01
 0.1434000E+03  0.1479855E+01
 0.1435000E+03  0.1479888E+01
 0.1436000E+03  0.1479921E+01
 0.1437000E+03  0.1479953E+01
 0.1438000E+03  0.1479986E+01
 0.1439000E+03  0.1480018E+01
 0.1440000E+03  0.1480050E+01
 0.1441000E+03  0.1480082E+01
 0.1442000E+03  0.1480114E+01
 0.1443000E+03  0.1480146E+01
 0.1444000E+03  0.1480178E+01
 0.1445000E+03  0.1480209E+01
 0.1446000E+03  0.1480241E+01
 0.1447000E+03  0.1480272E+01
 0.1448000E+03  0.1480303E+01
 0.1449000E+03  0.1480334E+01
 0.1450000E+03  0.1480365E+01
 0.1451000E+03  0.1480396E+01
 0.1452000E+03  0.1480426E+01
 0.1453000E+03  0.1480457E+01
 0.1454000E+03  0.1480487E+01
 0.1455000E+03  0.1480518E+01
 0.1456000E+03  0.1480548E+01
 0.1457000E+03  0.1480578E+01
 0.1458000E+03  0.1480607E+01
 0.1459000E+03  0.1480637E+01
 0.1460000E+03  0.1480667E+01
 0.1461000E+03  0.1480696E+01
 0.1462000E+03  0.1480725E+01
 0.1463000E+03  0.1480755E+01
 0.1464000E+03  0.1480784E+01
 0.1465000E+03  0.1480812E+01
 0.1466000E+03  0.1480841E+01
 0.1467000E+03  0.1480870E+01
 0.1468000E+03  0.1480898E+01
 0.1469000E+03  0.1480927E+01
 0.1470000E+03  0.1480955E+01
 0.1471000E+03  0.1480983E+01
 0.1472000E+03  0.1481011E+01
 0.1473000E+03  0.1481039E+01
 0.1474000E+03  0.1481066E+01
 0.1475000E+03  0.1481094E+01
 0.1476000E+03  0.1481121E+01
 0.1477000E+03  0.1481149E+01
 0.1478000E+03  0.1481176E+01
 0.1479000E+03  0.1481203E+01
 0.1480000E+03  0.1481230E+01
 0.1481000E+03  0.1481256E+01
 0.1482000E+03  0.1481283E+01
 0.1483000E+03  0.1481309E+01
 0.1484000E+03  0.1481336E+01
 0.1485000E+03  0.1481362E+01
 0.1486000E+03  0.1481388E+01
 0.1487000E+03  0.1481414E+01
 0.1488000E+03  0.1481439E+01
 0.1489000E+03  0.1481465E+01
 0.1490000E+03  0.1481491E+01
 0.1491000E+03  0.1481516E+01
 0.1492000E+03  0.1481541E+01
 0.1493000E+03  0.1481566E+01
 0.1494000E+03  0.1481591E+01
 0.1495000E+03  0.1481616E+01
 0.1496000E+03  0.1481641E+01
 0.1497000E+03  0.1481665E+01
 0.1498000E+03  0.1481690E+01
 0.1499000E+03  0.1481714E+01
 0.1500000E+03  0.1481738E+01
 0.1501000E+03  0.1481762E+01
 0.1502000E+03  0.1481786E+01
 0.1503000E+03  0.1481809E+01
 0.1504000E+03  0.1481833E+01
 0.1505000E+03  0.1481856E+01
 0.1506000E+03  0.1481880E+01
 0.1507000E+03  0.1481903E+01
 0.1508000E+03  0.1481926E+01
 0.1509000E+03  0.1481949E+01
 0.1510000E+03  0.1481971E+01
 0.1511000E+03  0.1481994E+01
 0.1512000E+03  0.1482016E+01
 0.1513000E+03  0.1482039E+01
 0.1514000E+03  0.1482061E+01
 0.1515000E+03  0.1482083E+01
 0.1516000E+03  0.1482105E+01
 0.1517000E+03  0.1482127E+01
 0.1518000E+03  0.1482148E+01
 0.1519000E+03  0.1482170E+01
 0.1520000E+03  0.1482191E+01
 0.1521000E+03  0.1482212E+01
 0.1522000E+03  0.1482233E+01
 0.1523000E+03  0.1482254E+01
 0.1524000E+03  0.1482275E+01
 0.1525000E+03  0.1482296E+01
 0.1526000E+03  0.1482316E+01
 0.1527000E+03  0.1482337E+01
 0.1528000E+03  0.1482357E+01
 0.1529000E+03  0.1482377E+01
 0.1530000E+03  0.1482397E+01
 0.1531000E+03  0.1482417E+01
 0.1532000E+03  0.1482436E+01
 0.1533000E+03  0.1482456E+01
 0.1534000E+03  0.1482475E+01
 0.1535000E+03  0.1482494E+01
 0.1536000E+03  0.1482513E+01
 0.1537000E+03  0.1482532E+01
 0.1538000E+03  0.1482551E+01
 0.1539000E+03  0.1482570E+01
 0.1540000E+03  0.1482588E+01
 0.1541000E+03  0.1482607E+01
 0.1542000E+03  0.1482625E+01
 0.1543000E+03  0.1482643E+01
 0.1544000E+03  0.1482661E+01
 0.1545000E+03  0.1482679E+01
 0.1546000E+03  0.1482697E+01
 0.1547000E+03  0.1482714E+01
 0.1548000E+03  0.1482731E+01
 0.1549000E+03  0.1482749E+01
 0.1550000E+03  0.1482766E+01
 0.1551000E+03  0.1482783E+01
 0.1552000E+03  0.1482800E+01
 0.1553000E+03  0.1482816E+01
 0.1554000E+03  0.1482833E+01
 0.1555000E+03  0.1482849E+01
 0.1556000E+03  0.1482866E+01
 0.1557000E+03  0.1482882E+01
 0.1558000E+03  0.1482898E+01
 0.1559000E+03  0.1482913E+01
 0.1560000E+03  0.1482929E+01
 0.1561000E+03  0.1482945E+01
 0.1562000E+03  0.1482960E+01
 0.1563000E+03  0.1482975E+01
 0.1564000E+03  0.1482990E+01
 0.1565000E+03  0.1483005E+01
 0.1566000E+03  0.1483020E+01
 0.1567000E+03  0.1483035E+01
 0.1568000E+03  0.1483049E+01
 0.1569000E+03  0.1483064E+01
 0.1570000E+03  0.1483078E+01
 0.1571000E+03  0.1483092E+01
 0.1572000E+03  0.1483106E+01
 0.1573000E+03  0.1483120E+01
 0.1574000E+03  0.1483134E+01
 0.1575000E+03  0.1483147E+01
 0.1576000E+03  0.1483161E+01
 0.1577000E+03  0.1483174E+01
 0.1578000E+03  0.1483187E+01
 0.1579000E+03  0.1483200E+01
 0.1580000E+03  0.1483213E+01
 0.1581000E+03  0.1483226E+01
 0.1582000E+03  0.1483238E+01
 0.1583000E+03  0.1483251E+01
 0.1584000E+03  0.1483263E+01
 0.1585000E+03  0.1483275E+01
 0.1586000E+03  0.1483287E+01
 0.1587000E+03  0.1483299E+01
 0.1588000E+03  0.1483310E+01
 0.1589000E+03  0.1483322E+01
 0.1590000E+03  0.1483333E+01
 0.1591000E+03  0.1483345E+01
 0.1592000E+03  0.1483356E+01
 0.1593000E+03  0.1483367E+01
 0.1594000E+03  0.1483377E+01
 0.1595000E+03  0.1483388E+01
 0.1596000E+03  0.1483399E+01
 0.1597000E+03  0.1483409E+01
 0.1598000E+03  0.1483419E+01
 0.1599000E+03  0.1483429E+01
 0.1600000E+03  0.1483439E+01
 0.1601000E+03  0.1483449E+01
 0.1602000E+03  0.1483459E+01
 0.1603000E+03  0.1483468E+01
 0.1604000E+03  0.1483478E+01
 0.1605000E+03  0.1483487E+01
 0.1606000E+03  0.1483496E+01
 0.1607000E+03  0.1483505E+01
 0.1608000E+03  0.1483514E+01
 0.1609000E+03  0.1483522E+01
 0.1610000E+03  0.1483531E+01
 0.1611000E+03  0.1483539E+01
 0.1612000E+03  0.1483547E+01
 0.1613000E+03  0.1483555E+01
 0.1614000E+03  0.1483563E+01
 0.1615000E+03  0.1483571E+01
 0.1616000E+03  0.1483579E+01
 0.1617000E+03  0.1483586E+01
 0.1618000E+03  0.1483594E+01
 0.1619000E+03  0.1483601E+01
 0.1620000E+03  0.1483608E+01
 0.1621000E+03  0.1483615E+01
 0.1622000E+03  0.1483621E+01
 0.1623000E+03  0.1483628E+01
 0.1624000E+03  0.1483635E+01
 0.1625000E+03  0.1483641E+01
 0.1626000E+03  0.1483647E+01
 0.1627000E+03  0.1483653E+01
 0.1628000E+03  0.1483659E+01
 0.1629000E+03  0.1483665E+01
 0.1630000E+03  0.1483670E+01
 0.1631000E+03  0.1483676E+01
 0.1632000E+03  0.1483681E+01
 0.1633000E+03  0.1483686E+01
 0.1634000E+03  0.1483691E+01
 0.1635000E+03  0.1483696E+01
 0.1636000E+03  0.1483701E+01
 0.1637000E+03  0.1483705E+01
 0.1638000E+03  0.1483710E+01
 0.1639000E+03  0.1483714E+01
 0.1640000E+03  0.1483718E+01
 0.1641000E+03  0.1483722E+01
 0.1642000E+03  0.1483726E+01
 0.1643000E+03  0.1483730E+01
 0.1644000E+03  0.1483733E+01
 0.1645000E+03  0.1483737E+01
 0.1646000E+03  0.1483740E+01
 0.1647000E+03  0.1483743E+01
 0.1648000E+03  0.1483746E+01
 0.1649000E+03  0.1483749E+01
 0.1650000E+03  0.1483752E+01
 0.1651000E+03  0.1483754E+01
 0.1652000E+03  0.1483757E+01
 0.1653000E+03  0.1483759E+01
 0.1654000E+03  0.1483761E+01
 0.1655000E+03  0.1483763E+01
 0.1656000E+03  0.1483765E+01
 0.1657000E+03  0.1483767E+01
 0.1658000E+03  0.1483768E+01
 0.1659000E+03  0.1483769E+01
 0.1660000E+03  0.1483771E+01
 0.1661000E+03  0.1483772E+01
 0.1662000E+03  0.1483773E+01
 0.1663000E+03  0.1483773E+01
 0.1664000E+03  0.1483774E+01
 0.1665000E+03  0.1483775E+01
 0.1666000E+03  0.1483775E+01
 0.1667000E+03  0.1483775E+01
 0.1668000E+03  0.1483775E+01
 0.1669000E+03  0.1483775E+01
 0.1670000E+03  0.1483775E+01
 0.1671000E+03  0.1483775E+01
 0.1672000E+03  0.1483774E+01
 0.1673000E+03  0.1483773E+01
 0.1674000E+03  0.1483773E+01
 0.1675000E+03  0.1483772E+01
 0.1676000E+03  0.1483771E+01
 0.1677000E+03  0.1483769E+01
 0.1678000E+03  0.1483768E+01
 0.1679000E+03  0.1483766E+01
 0.1680000E+03  0.1483765E+01
 0.1681000E+03  0.1483763E+01
 0.1682000E+03  0.1483761E+01
 0.1683000E+03  0.1483759E+01
 0.1684000E+03  0.1483757E+01
 0.1685000E+03  0.1483754E+01
 0.1686000E+03  0.1483752E+01
 0.1687000E+03  0.1483749E+01
 0.1688000E+03  0.1483746E+01
 0.1689000E+03  0.1483743E+01
 0.1690000E+03  0.1483740E+01
 0.1691000E+03  0.1483737E+01
 0.1692000E+03  0.1483733E+01
 0.1693000E+03  0.1483730E+01
 0.1694000E+03  0.1483726E+01
 0.1695000E+03  0.1483722E+01
 0.1696000E+03  0.1483718E+01
 0.1697000E+03  0.1483714E+01
 0.1698000E+03  0.1483710E+01
 0.1699000E+03  0.1483705E+01
 0.1700000E+03  0.1483700E+01
 0.1701000E+03  0.1483696E+01
 0.1702000E+03  0.1483691E+01
 0.1703000E+03  0.1483686E+01
 0.1704000E+03  0.1483681E+01
 0.1705000E+03  0.1483675E+01
 0.1706000E+03  0.1483670E+01
 0.1707000E+03  0.1483664E+01
 0.1708000E+03  0.1483659E+01
 0.1709000E+03  0.1483653E+01
 0.1710000E+03  0.1483647E+01
 0.1711000E+03  0.1483640E+01
 0.1712000E+03  0.1483634E+01
 0.1713000E+03  0.1483628E+01
 0.1714000E+03  0.1483621E+01
 0.1715000E+03  0.1483614E+01
 0.1716000E+03  0.1483607E+01
 0.1717000E+03  0.1483600E+01
 0.1718000E+03  0.1483593E+01
 0.1719000E+03  0.1483586E+01
 0.1720000E+03  0.1483578E+01
 0.1721000E+03  0.1483570E+01
 0.1722000E+03  0.1483563E+01
 0.1723000E+03  0.1483555E+01
 0.1724000E+03  0.1483547E+01
 0.1725000E+03  0.1483538E+01
 0.1726000E+03  0.1483530E+01
 0.1727000E+03  0.1483522E+01
 0.1728000E+03  0.1483513E+01
 0.1729000E+03  0.1483504E+01
 0.1730000E+03  0.1483495E+01
 0.1731000E+03  0.1483486E+01
 0.1732000E+03  0.1483477E+01
 0.1733000E+03  0.1483467E+01
 0.1734000E+03  0.1483458E+01
 0.1735000E+03  0.1483448E+01
 0.1736000E+03  0.1483438E+01
 0.1737000E+03  0.1483428E+01
 0.1738000E+03  0.1483418E+01
 0.1739000E+03  0.1483408E+01
 0.1740000E+03  0.1483398E+01
 0.1741000E+03  0.1483387E+01
 0.1742000E+03  0.1483376E+01
 0.1743000E+03  0.1483366E+01
 0.1744000E+03  0.1483355E+01
 0.1745000E+03  0.1483344E+01
 0.1746000E+03  0.1483332E+01
 0.1747000E+03  0.1483321E+01
 0.1748000E+03  0.1483309E+01
 0.1749000E+03  0.1483298E+01
 0.1750000E+03  0.1483286E+01
 0.1751000E+03  0.1483274E+01
 0.1752000E+03  0.1483262E+01
 0.1753000E+03  0.1483249E+01
 0.1754000E+03  0.1483237E+01
 0.1755000E+03  0.1483224E+01
 0.1756000E+03  0.1483212E+01
 0.1757000E+03  0.1483199E+01
 0.1758000E+03  0.1483186E+01
 0.1759000E+03  0.1483173E+01
 0.1760000E+03  0.1483160E+01
 0.1761000E+03  0.1483146E+01
 0.1762000E+03  0.1483133E+01
 0.1763000E+03  0.1483119E+01
 0.1764000E+03  0.1483105E+01
 0.1765000E+03  0.1483091E+01
 0.1766000E+03  0.1483077E+01
 0.1767000E+03  0.1483063E+01
 0.1768000E+03  0.1483048E+01
 0.1769000E+03  0.1483034E+01
 0.1770000E+03  0.1483019E+01
 0.1771000E+03  0.1483004E+01
 0.1772000E+03  0.1482989E+01
 0.1773000E+03  0.1482974E+01
 0.1774000E+03  0.1482959E+01
 0.1775000E+03  0.1482943E+01
 0.1776000E+03  0.1482928E+01
 0.1777000E+03  0.1482912E+01
 0.1778000E+03  0.1482896E+01
 0.1779000E+03  0.1482880E+01
 0.1780000E+03  0.1482864E+01
 0.1781000E+03  0.1482848E+01
 0.1782000E+03  0.1482831E+01
 0.1783000E+03  0.1482815E+01
 0.1784000E+03  0.1482798E+01
 0.1785000E+03  0.1482781E+01
 0.1786000E+03  0.1482764E+01
 0.1787000E+03  0.1482747E+01
 0.1788000E+03  0.1482730E+01
 0.1789000E+03  0.1482712E+01
 0.1790000E+03  0.1482695E+01
 0.1791000E+03  0.1482677E+01
 0.1792000E+03  0.1482659E+01
 0.1793000E+03  0.1482641E+01
 0.1794000E+03  0.1482623E+01
 0.1795000E+03  0.1482605E+01
 0.1796000E+03  0.1482587E+01
 0.1797000E+03  0.1482568E+01
 0.1798000E+03  0.1482549E+01
 0.1799000E+03  0.1482530E+01
 0.1800000E+03  0.1482511E+01
 0.1801000E+03  0.1482492E+01
 0.1802000E+03  0.1482473E+01
 0.1803000E+03  0.1482454E+01
 0.1804000E+03  0.1482434E+01
 0.1805000E+03  0.1482415E+01
 0.1806000E+03  0.1482395E+01
 0.1807000E+03  0.1482375E+01
 0.1808000E+03  0.1482355E+01
 0.1809000E+03  0.1482334E+01
 0.1810000E+03  0.1482314E+01
 0.1811000E+03  0.1482294E+01
 0.1812000E+03  0.1482273E+01
 0.1813000E+03  0.1482252E+01
 0.1814000E+03  0.1482231E+01
 0.1815000E+03  0.1482210E+01
 0.1816000E+03  0.1482189E+01
 0.1817000E+03  0.1482167E+01
 0.1818000E+03  0.1482146E+01
 0.1819000E+03  0.1482124E+01
 0.1820000E+03  0.1482103E+01
 0.1821000E+03  0.1482081E+01
 0.1822000E+03  0.1482059E+01
 0.1823000E+03  0.1482036E+01
 0.1824000E+03  0.1482014E+01
 0.1825000E+03  0.1481992E+01
 0.1826000E+03  0.1481969E+01
 0.1827000E+03  0.1481946E+01
 0.1828000E+03  0.1481923E+01
 0.1829000E+03  0.1481900E+01
 0.1830000E+03  0.1481877E+01
 0.1831000E+03  0.1481854E+01
 0.1832000E+03  0.1481830E+01
 0.1833000E+03  0.1481807E+01
 0.1834000E+03  0.1481783E+01
 0.1835000E+03  0.1481759E+01
 0.1836000E+03  0.1481735E+01
 0.1837000E+03  0.1481711E+01
 0.1838000E+03  0.1481687E+01
 0.1839000E+03  0.1481662E+01
 0.1840000E+03  0.1481638E+01
 0.1841000E+03  0.1481613E+01
 0.1842000E+03  0.1481588E+01
 0.1843000E+03  0.1481563E+01
 0.1844000E+03  0.1481538E+01
 0.1845000E+03  0.1481513E+01
 0.1846000E+03  0.1481488E+01
 0.1847000E+03  0.1481462E+01
 0.1848000E+03  0.1481436E+01
 0.1849000E+03  0.1481411E+01
 0.1850000E+03  0.1481385E+01
 0.1851000E+03  0.1481359E+01
 0.1852000E+03  0.1481332E+01
 0.1853000E+03  0.1481306E+01
 0.1854000E+03  0.1481280E+01
 0.1855000E+03  0.1481253E+01
 0.1856000E+03  0.1481226E+01
 0.1857000E+03  0.1481199E+01
 0.1858000E+03  0.1481172E+01
 0.1859000E+03  0.1481145E+01
 0.1860000E+03  0.1481118E+01
 0.1861000E+03  0.1481090E+01
 0.1862000E+03  0.1481063E+01
 0.1863000E+03  0.1481035E+01
 0.1864000E+03  0.1481007E+01
 0.1865000E+03  0.1480979E+01
 0.1866000E+03  0.1480951E+01
 0.1867000E+03  0.1480923E+01
 0.1868000E+03  0.1480895E+01
 0.1869000E+03  0.1480866E+01
 0.1870000E+03  0.1480837E+01
 0.1871000E+03  0.1480809E+01
 0.1872000E+03  0.1480780E+01
 0.1873000E+03  0.1480751E+01
 0.1874000E+03  0.1480722E+01
 0.1875000E+03  0.1480692E+01
 0.1876000E+03  0.1480663E+01
 0.1877000E+03  0.1480633E+01
 0.1878000E+03  0.1480603E+01
 0.1879000E+03  0.1480574E+01
 0.1880000E+03  0.1480544E+01
 0.1881000E+03  0.1480513E+01
 0.1882000E+03  0.1480483E+01
 0.1883000E+03  0.1480453E+01
 0.1884000E+03  0.1480422E+01
 0.1885000E+03  0.1480392E+01
 0.1886000E+03  0.1480361E+01
 0.1887000E+03  0.1480330E+01
 0.1888000E+03  0.1480299E+01
 0.1889000E+03  0.1480268E+01
 0.1890000E+03  0.1480236E+01
 0.1891000E+03  0.1480205E+01
 0.1892000E+03  0.1480173E+01
 0.1893000E+03  0.1480142E+01
 0.1894000E+03  0.1480110E+01
 0.1895000E+03  0.1480078E+01
 0.1896000E+03  0.1480046E+01
 0.1897000E+03  0.1480013E+01
 0.1898000E+03  0.1479981E+01
 0.1899000E+03  0.1479948E+01
 0.1900000E+03  0.1479916E+01
 0.1901000E+03  0.1479883E+01
 0.1902000E+03  0.1479850E+01
 0.1903000E+03  0.1479817E+01
 0.1904000E+03  0.1479784E+01
 0.1905000E+03  0.1479750E+01
 0.1906000E+03  0.1479717E+01
 0.1907000E+03  0.1479683E+01
 0.1908000E+03  0.1479650E+01
 0.1909000E+03  0.1479616E+01
 0.1910000E+03  0.1479582E+01
 0.1911000E+03  0.1479548E+01
 0.1912000E+03  0.1479514E+01
 0.1913000E+03  0.1479479E+01
 0.1914000E+03  0.1479445E+01
 0.1915000E+03  0.1479410E+01
 0.1916000E+03  0.1479375E+01
 0.1917000E+03  0.1479341E+01
 0.1918000E+03  0.1479306E+01
 0.1919000E+03  0.1479270E+01
 0.1920000E+03  0.1479235E+01
 0.1921000E+03  0.1479200E+01
 0.1922000E+03  0.1479164E+01
 0.1923000E+03  0.1479129E+01
 0.1924000E+03  0.1479093E+01
 0.1925000E+03  0.1479057E+01
 0.1926000E+03  0.1479021E+01
 0.1927000E+03  0.1478985E+01
 0.1928000E+03  0.1478948E+01
 0.1929000E+03  0.1478912E+01
 0.1930000E+03  0.1478875E+01
 0.1931000E+03  0.1478839E+01
 0.1932000E+03  0.1478802E+01
 0.1933000E+03  0.1478765E+01
 0.1934000E+03  0.1478728E+01
 0.1935000E+03  0.1478691E+01
 0.1936000E+03  0.1478654E+01
 0.1937000E+03  0.1478616E+01
 0.1938000E+03  0.1478579E+01
 0.1939000E+03  0.1478541E+01
 0.1940000E+03  0.1478503E+01
 0.1941000E+03  0.1478465E+01
 0.1942000E+03  0.1478427E+01
 0.1943000E+03  0.1478389E+01
 0.1944000E+03  0.1478350E+01
 0.1945000E+03  0.1478312E+01
 0.1946000E+03  0.1478273E+01
 0.1947000E+03  0.1478235E+01
 0.1948000E+03  0.1478196E+01
 0.1949000E+03  0.1478157E+01
 0.1950000E+03  0.1478118E+01
 0.1951000E+03  0.1478079E+01
 0.1952000E+03  0.1478039E+01
 0.1953000E+03  0.1478000E+01
 0.1954000E+03  0.1477960E+01
 0.1955000E+03  0.1477921E+01
 0.1956000E+03  0.1477881E+01
 0.1957000E+03  0.1477841E+01
 0.1958000E+03  0.1477801E+01
 0.1959000E+03  0.1477760E+01
 0.1960000E+03  0.1477720E+01
 0.1961000E+03  0.1477680E+01
 0.1962000E+03  0.1477639E+01
 0.1963000E+03  0.1477598E+01
 0.1964000E+03  0.1477558E+01
 0.1965000E+03  0.1477517E+01
 0.1966000E+03  0.1477476E+01
 0.1967000E+03  0.1477434E+01
 0.1968000E+03  0.1477393E+01
 0.1969000E+03  0.1477352E+01
 0.1970000E+03  0.1477310E+01
 0.1971000E+03  0.1477268E+01
 0.1972000E+03  0.1477227E+01
 0.1973000E+03  0.1477185E+01
 0.1974000E+03  0.1477143E+01
 0.1975000E+03  0.1477101E+01
 0.1976000E+03  0.1477058E+01
 0.1977000E+03  0.1477016E+01
 0.1978000E+03  0.1476973E+01
 0.1979000E+03  0.1476931E+01
 0.1980000E+03  0.1476888E+01
 0.1981000E+03  0.1476845E+01
 0.1982000E+03  0.1476802E+01
 0.1983000E+03  0.1476759E+01
 0.1984000E+03  0.1476716E+01
 0.1985000E+03  0.1476672E+01
 0.1986000E+03  0.1476629E+01
 0.1987000E+03  0.1476585E+01
 0.1988000E+03  0.1476541E+01
 0.1989000E+03  0.1476498E+01
 0.1990000E+03  0.1476454E+01
 0.1991000E+03  0.1476409E+01
 0.1992000E+03  0.1476365E+01
 0.1993000E+03  0.1476321E+01
 0.1994000E+03  0.1476276E+01
 0.1995000E+03  0.1476232E+01
 0.1996000E+03  0.1476187E+01
 0.1997000E+03  0.1476142E+01
 0.1998000E+03  0.1476097E+01
 0.1999000E+03  0.1476052E+01
 0.2000000E+03  0.1476007E+01
 0.2001000E+03  0.1475962E+01
 0.2002000E+03  0.1475917E+01
 0.2003000E+03  0.1475871E+01
 0.2004000E+03  0.1475825E+01
 0.2005000E+03  0.1475780E+01
 0.2006000E+03  0.1475734E+01
 0.2007000E+03  0.1475688E+01
 0.2008000E+03  0.1475642E+01
 0.2009000E+03  0.1475596E+01
 0.2010000E+03  0.1475549E+01
 0.2011000E+03  0.1475503E+01
 0.2012000E+03  0.1475456E+01
 0.2013000E+03  0.1475410E+01
 0.2014000E+03  0.1475363E+01
 0.2015000E+03  0.1475316E+01
 0.2016000E+03  0.1475269E+01
 0.2017000E+03  0.1475222E+01
 0.2018000E+03  0.1475175E+01
 0.2019000E+03  0.1475127E+01
 0.2020000E+03  0.1475080E+01
 0.2021000E+03  0.1475032E+01
 0.2022000E+03  0.1474984E+01
 0.2023000E+03  0.1474937E+01
 0.2024000E+03  0.1474889E+01
 0.2025000E+03  0.1474841E+01
 0.2026000E+03  0.1474792E+01
 0.2027000E+03  0.1474744E+01
 0.2028000E+03  0.1474696E+01
 0.2029000E+03  0.1474647E+01
 0.2030000E+03  0.1474599E+01
 0.2031000E+03  0.1474550E+01
 0.2032000E+03  0.1474501E+01
 0.2033000E+03  0.1474452E+01
 0.2034000E+03  0.1474403E+01
 0.2035000E+03  0.1474354E+01
 0.2036000E+03  0.1474305E+01
 0.2037000E+03  0.1474255E+01
 0.2038000E+03  0.1474206E+01
 0.2039000E+03  0.1474156E+01
 0.2040000E+03  0.1474106E+01
 0.2041000E+03  0.1474057E+01
 0.2042000E+03  0.1474007E+01
 0.2043000E+03  0.1473957E+01
 0.2044000E+03  0.1473906E+01
 0.2045000E+03  0.1473856E+01
 0.2046000E+03  0.1473806E+01
 0.2047000E+03  0.1473755E+01
 0.2048000E+03  0.1473705E+01
 0.2049000E+03  0.1473654E+01
 0.2050000E+03  0.1473603E+01
 0.2051000E+03  0.1473552E+01
 0.2052000E+03  0.1473501E+01
 0.2053000E+03  0.1473450E+01
 0.2054000E+03  0.1473399E+01
 0.2055000E+03  0.1473347E+01
 0.2056000E+03  0.1473296E+01
 0.2057000E+03  0.1473244E+01
 0.2058000E+03  0.1473193E+01
 0.2059000E+03  0.1473141E+01
 0.2060000E+03  0.1473089E+01
 0.2061000E+03  0.1473037E+01
 0.2062000E+03  0.1472985E+01
 0.2063000E+03  0.1472933E+01
 0.2064000E+03  0.1472880E+01
 0.2065000E+03  0.1472828E+01
 0.2066000E+03  0.1472775E+01
 0.2067000E+03  0.1472723E+01
 0.2068000E+03  0.1472670E+01
 0.2069000E+03  0.1472617E+01
 0.2070000E+03  0.1472564E+01
 0.2071000E+03  0.1472511E+01
 0.2072000E+03  0.1472458E+01
 0.2073000E+03  0.1472405E+01
 0.2074000E+03  0.1472351E+01
 0.2075000E+03  0.1472298E+01
 0.2076000E+03  0.1472244E+01
 0.2077000E+03  0.1472190E+01
 0.2078000E+03  0.1472137E+01
 0.2079000E+03  0.1472083E+01
 0.2080000E+03  0.1472029E+01
 0.2081000E+03  0.1471975E+01
 0.2082000E+03  0.1471920E+01
 0.2083000E+03  0.1471866E+01
 0.2084000E+03  0.1471812E+01
 0.2085000E+03  0.1471757E+01
 0.2086000E+03  0.1471702E+01
 0.2087000E+03  0.1471648E+01
 0.2088000E+03  0.1471593E+01
 0.2089000E+03  0.1471538E+01
 0.2090000E+03  0.1471483E+01
 0.2091000E+03  0.1471428E+01
 0.2092000E+03  0.1471373E+01
 0.2093000E+03  0.1471317E+01
 0.2094000E+03  0.1471262E+01
 0.2095000E+03  0.1471206E+01
 0.2096000E+03  0.1471151E+01
 0.2097000E+03  0.1471095E+01
 0.2098000E+03  0.1471039E+01
 0.2099000E+03  0.1470983E+01
 0.2100000E+03  0.1470927E+01
 0.2101000E+03  0.1470871E+01
 0.2102000E+03  0.1470815E+01
 0.2103000E+03  0.1470758E+01
 0.2104000E+03  0.1470702E+01
 0.2105000E+03  0.1470646E+01
 0.2106000E+03  0.1470589E+01
 0.2107000E+03  0.1470532E+01
 0.2108000E+03  0.1470475E+01
 0.2109000E+03  0.1470418E+01
 0.2110000E+03  0.1470361E+01
 0.2111000E+03  0.1470304E+01
 0.2112000E+03  0.1470247E+01
 0.2113000E+03  0.1470190E+01
 0.2114000E+03  0.1470132E+01
 0.2115000E+03  0.1470075E+01
 0.2116000E+03  0.1470017E+01
 0.2117000E+03  0.1469960E+01
 0.2118000E+03  0.1469902E+01
 0.2119000E+03  0.1469844E+01
 0.2120000E+03  0.1469786E+01
 0.2121000E+03  0.1469728E+01
 0.2122000E+03  0.1469670E+01
 0.2123000E+03  0.1469612E+01
 0.2124000E+03  0.1469553E+01
 0.2125000E+03  0.1469495E+01
 0.2126000E+03  0.1469436E+01
 0.2127000E+03  0.1469378E+01
 0.2128000E+03  0.1469319E+01
 0.2129000E+03  0.1469260E+01
 0.2130000E+03  0.1469201E+01
 0.2131000E+03  0.1469142E+01
 0.2132000E+03  0.1469083E+01
 0.2133000E+03  0.1469024E+01
 0.2134000E+03  0.1468965E+01
 0.2135000E+03  0.1468905E+01
 0.2136000E+03  0.1468846E+01
 0.2137000E+03  0.1468786E+01
 0.2138000E+03  0.1468726E+01
 0.2139000E+03  0.1468667E+01
 0.2140000E+03  0.1468607E+01
 0.2141000E+03  0.1468547E+01
 0.2142000E+03  0.1468487E+01
 0.2143000E+03  0.1468427E+01
 0.2144000E+03  0.1468367E+01
 0.2145000E+03  0.1468306E+01
 0.2146000E+03  0.1468246E+01
 0.2147000E+03  0.1468186E+01
 0.2148000E+03  0.1468125E+01
 0.2149000E+03  0.1468064E+01
 0.2150000E+03  0.1468004E+01
 0.2151000E+03  0.1467943E+01
 0.2152000E+03  0.1467882E+01
 0.2153000E+03  0.1467821E+01
 0.2154000E+03  0.1467760E+01
 0.2155000E+03  0.1467699E+01
 0.2156000E+03  0.1467637E+01
 0.2157000E+03  0.1467576E+01
 0.2158000E+03  0.1467515E+01
 0.2159000E+03  0.1467453E+01
 0.2160000E+03  0.1467392E+01
 0.2161000E+03  0.1467330E+01
 0.2162000E+03  0.1467268E+01
 0.2163000E+03  0.1467206E+01
 0.2164000E+03  0.1467144E+01
 0.2165000E+03  0.1467082E+01
 0.2166000E+03  0.1467020E+01
 0.2167000E+03  0.1466958E+01
 0.2168000E+03  0.1466896E+01
 0.2169000E+03  0.1466833E+01
 0.2170000E+03  0.1466771E+01
 0.2171000E+03  0.1466708E+01
 0.2172000E+03  0.1466646E+01
 0.2173000E+03  0.1466583E+01
 0.2174000E+03  0.1466520E+01
 0.2175000E+03  0.1466457E+01
 0.2176000E+03  0.1466394E+01
 0.2177000E+03  0.1466331E+01
 0.2178000E+03  0.1466268E+01
 0.2179000E+03  0.1466205E+01
 0.2180000E+03  0.1466142E+01
 0.2181000E+03  0.1466078E+01
 0.2182000E+03  0.1466015E+01
 0.2183000E+03  0.1465951E+01
 0.2184000E+03  0.1465888E+01
 0.2185000E+03  0.1465824E+01
 0.2186000E+03  0.1465760E+01
 0.2187000E+03  0.1465696E+01
 0.2188000E+03  0.1465632E+01
 0.2189000E+03  0.1465568E+01
 0.2190000E+03  0.1465504E+01
 0.2191000E+03  0.1465440E+01
 0.2192000E+03  0.1465376E+01
 0.2193000E+03  0.1465311E+01
 0.2194000E+03  0.1465247E+01
 0.2195000E+03  0.1465183E+01
 0.2196000E+03  0.1465118E+01
 0.2197000E+03  0.1465053E+01
 0.2198000E+03  0.1464989E+01
 0.2199000E+03  0.1464924E+01
 0.2200000E+03  0.1464859E+01
 0.2201000E+03  0.1464794E+01
 0.2202000E+03  0.1464729E+01
 0.2203000E+03  0.1464664E+01
 0.2204000E+03  0.1464599E+01
 0.2205000E+03  0.1464533E+01
 0.2206000E+03  0.1464468E+01
 0.2207000E+03  0.1464403E+01
 0.2208000E+03  0.1464337E+01
 0.2209000E+03  0.1464271E+01
 0.2210000E+03  0.1464206E+01
 0.2211000E+03  0.1464140E+01
 0.2212000E+03  0.1464074E+01
 0.2213000E+03  0.1464008E+01
 0.2214000E+03  0.1463943E+01
 0.2215000E+03  0.1463876E+01
 0.2216000E+03  0.1463810E+01
 0.2217000E+03  0.1463744E+01
 0.2218000E+03  0.1463678E+01
 0.2219000E+03  0.1463612E+01
 0.2220000E+03  0.1463545E+01
 0.2221000E+03  0.1463479E+01
 0.2222000E+03  0.1463412E+01
 0.2223000E+03  0.1463346E+01
 0.2224000E+03  0.1463279E+01
 0.2225000E+03  0.1463212E+01
 0.2226000E+03  0.1463145E+01
 0.2227000E+03  0.1463079E+01
 0.2228000E+03  0.1463012E+01
 0.2229000E+03  0.1462945E+01
 0.2230000E+03  0.1462877E+01
 0.2231000E+03  0.1462810E+01
 0.2232000E+03  0.1462743E+01
 0.2233000E+03  0.1462676E+01
 0.2234000E+03  0.1462608E+01
 0.2235000E+03  0.1462541E+01
 0.2236000E+03  0.1462473E+01
 0.2237000E+03  0.1462406E+01
 0.2238000E+03  0.1462338E+01
 0.2239000E+03  0.1462270E+01
 0.2240000E+03  0.1462203E+01
 0.2241000E+03  0.1462135E+01
 0.2242000E+03  0.1462067E+01
 0.2243000E+03  0.1461999E+01
 0.2244000E+03  0.1461931E+01
 0.2245000E+03  0.1461863E+01
 0.2246000E+03  0.1461794E+01
 0.2247000E+03  0.1461726E+01
 0.2248000E+03  0.1461658E+01
 0.2249000E+03  0.1461589E+01
 0.2250000E+03  0.1461521E+01
 0.2251000E+03  0.1461452E+01
 0.2252000E+03  0.1461384E+01
 0.2253000E+03  0.1461315E+01
 0.2254000E+03  0.1461247E+01
 0.2255000E+03  0.1461178E+01
 0.2256000E+03  0.1461109E+01
 0.2257000E+03  0.1461040E+01
 0.2258000E+03  0.1460971E+01
 0.2259000E+03  0.1460902E+01
 0.2260000E+03  0.1460833E+01
 0.2261000E+03  0.1460764E+01
 0.2262000E+03  0.1460694E+01
 0.2263000E+03  0.1460625E+01
 0.2264000E+03  0.1460556E+01
 0.2265000E+03  0.1460486E+01
 0.2266000E+03  0.1460417E+01
 0.2267000E+03  0.1460347E+01
 0.2268000E+03  0.1460278E+01
 0.2269000E+03  0.1460208E+01
 0.2270000E+03  0.1460138E+01
 0.2271000E+03  0.1460069E+01
 0.2272000E+03  0.1459999E+01
 0.2273000E+03  0.1459929E+01
 0.2274000E+03  0.1459859E+01
 0.2275000E+03  0.1459789E+01
 0.2276000E+03  0.1459719E+01
 0.2277000E+03  0.1459649E+01
 0.2278000E+03  0.1459578E+01
 0.2279000E+03  0.1459508E+01
 0.2280000E+03  0.1459438E+01
 0.2281000E+03  0.1459367E+01
 0.2282000E+03  0.1459297E+01
 0.2283000E+03  0.1459226E+01
 0.2284000E+03  0.1459156E+01
 0.2285000E+03  0.1459085E+01
 0.2286000E+03  0.1459015E+01
 0.2287000E+03  0.1458944E+01
 0.2288000E+03  0.1458873E+01
 0.2289000E+03  0.1458802E+01
 0.2290000E+03  0.1458731E+01
 0.2291000E+03  0.1458660E+01
 0.2292000E+03  0.1458589E+01
 0.2293000E+03  0.1458518E+01
 0.2294000E+03  0.1458447E+01
 0.2295000E+03  0.1458376E+01
 0.2296000E+03  0.1458305E+01
 0.2297000E+03  0.1458234E+01
 0.2298000E+03  0.1458162E+01
 0.2299000E+03  0.1458091E+01
 0.2300000E+03  0.1458019E+01
 0.2301000E+03  0.1457948E+01
 0.2302000E+03  0.1457876E+01
 0.2303000E+03  0.1457805E+01
 0.2304000E+03  0.1457733E+01
 0.2305000E+03  0.1457661E+01
 0.2306000E+03  0.1457590E+01
 0.2307000E+03  0.1457518E+01
 0.2308000E+03  0.1457446E+01
 0.2309000E+03  0.1457374E+01
 0.2310000E+03  0.1457302E+01
 0.2311000E+03  0.1457230E+01
 0.2312000E+03  0.1457158E+01
 0.2313000E+03  0.1457086E+01
 0.2314000E+03  0.1457014E+01
 0.2315000E+03  0.1456942E+01
 0.2316000E+03  0.1456869E+01
 0.2317000E+03  0.1456797E+01
 0.2318000E+03  0.1456725E+01
 0.2319000E+03  0.1456652E+01
 0.2320000E+03  0.1456580E+01
 0.2321000E+03  0.1456507E+01
 0.2322000E+03  0.1456435E+01
 0.2323000E+03  0.1456362E+01
 0.2324000E+03  0.1456290E+01
 0.2325000E+03  0.1456217E+01
 0.2326000E+03  0.1456144E+01
 0.2327000E+03  0.1456071E+01
 0.2328000E+03  0.1455999E+01
 0.2329000E+03  0.1455926E+01
 0.2330000E+03  0.1455853E+01
 0.2331000E+03  0.1455780E+01
 0.2332000E+03  0.1455707E+01
 0.2333000E+03  0.1455634E+01
 0.2334000E+03  0.1455561E+01
 0.2335000E+03  0.1455487E+01
 0.2336000E+03  0.1455414E+01
 0.2337000E+03  0.1455341E+01
 0.2338000E+03  0.1455268E+01
 0.2339000E+03  0.1455194E+01
 0.2340000E+03  0.1455121E+01
 0.2341000E+03  0.1455048E+01
 0.2342000E+03  0.1454974E+01
 0.2343000E+03  0.1454901E+01
 0.2344000E+03  0.1454827E+01
 0.2345000E+03  0.1454754E+01
 0.2346000E+03  0.1454680E+01
 0.2347000E+03  0.1454606E+01
 0.2348000E+03  0.1454533E+01
 0.2349000E+03  0.1454459E+01
 0.2350000E+03  0.1454385E+01
 0.2351000E+03  0.1454311E+01
 0.2352000E+03  0.1454237E+01
 0.2353000E+03  0.1454163E+01
 0.2354000E+03  0.1454089E+01
 0.2355000E+03  0.1454015E+01
 0.2356000E+03  0.1453941E+01
 0.2357000E+03  0.1453867E+01
 0.2358000E+03  0.1453793E+01
 0.2359000E+03  0.1453719E+01
 0.2360000E+03  0.1453645E+01
 0.2361000E+03  0.1453571E+01
 0.2362000E+03  0.1453496E+01
 0.2363000E+03  0.1453422E+01
 0.2364000E+03  0.1453348E+01
 0.2365000E+03  0.1453273E+01
 0.2366000E+03  0.1453199E+01
 0.2367000E+03  0.1453125E+01
 0.2368000E+03  0.1453050E+01
 0.2369000E+03  0.1452976E+01
 0.2370000E+03  0.1452901E+01
 0.2371000E+03  0.1452827E+01
 0.2372000E+03  0.1452752E+01
 0.2373000E+03  0.1452677E+01
 0.2374000E+03  0.1452603E+01
 0.2375000E+03  0.1452528E+01
 0.2376000E+03  0.1452453E+01
 0.2377000E+03  0.1452378E+01
 0.2378000E+03  0.1452303E+01
 0.2379000E+03  0.1452229E+01
 0.2380000E+03  0.1452154E+01
 0.2381000E+03  0.1452079E+01
 0.2382000E+03  0.1452004E+01
 0.2383000E+03  0.1451929E+01
 0.2384000E+03  0.1451854E+01
 0.2385000E+03  0.1451779E+01
 0.2386000E+03  0.1451704E+01
 0.2387000E+03  0.1451629E+01
 0.2388000E+03  0.1451553E+01
 0.2389000E+03  0.1451478E+01
 0.2390000E+03  0.1451403E+01
 0.2391000E+03  0.1451328E+01
 0.2392000E+03  0.1451253E+01
 0.2393000E+03  0.1451177E+01
 0.2394000E+03  0.1451102E+01
 0.2395000E+03  0.1451027E+01
 0.2396000E+03  0.1450951E+01
 0.2397000E+03  0.1450876E+01
 0.2398000E+03  0.1450800E+01
 0.2399000E+03  0.1450725E+01
 0.2400000E+03  0.1450650E+01
 0.2401000E+03  0.1450574E+01
 0.2402000E+03  0.1450498E+01
 0.2403000E+03  0.1450423E+01
 0.2404000E+03  0.1450347E+01
 0.2405000E+03  0.1450272E+01
 0.2406000E+03  0.1450196E+01
 0.2407000E+03  0.1450120E+01
 0.2408000E+03  0.1450045E+01
 0.2409000E+03  0.1449969E+01
 0.2410000E+03  0.1449893E+01
 0.2411000E+03  0.1449817E+01
 0.2412000E+03  0.1449742E+01
 0.2413000E+03  0.1449666E+01
 0.2414000E+03  0.1449590E+01
 0.2415000E+03  0.1449514E+01
 0.2416000E+03  0.1449438E+01
 0.2417000E+03  0.1449362E+01
 0.2418000E+03  0.1449286E+01
 0.2419000E+03  0.1449210E+01
 0.2420000E+03  0.1449134E+01
 0.2421000E+03  0.1449058E+01
 0.2422000E+03  0.1448982E+01
 0.2423000E+03  0.1448906E+01
 0.2424000E+03  0.1448830E+01
 0.2425000E+03  0.1448754E+01
 0.2426000E+03  0.1448678E+01
 0.2427000E+03  0.1448602E+01
 0.2428000E+03  0.1448526E+01
 0.2429000E+03  0.1448450E+01
 0.2430000E+03  0.1448374E+01
 0.2431000E+03  0.1448297E+01
 0.2432000E+03  0.1448221E+01
 0.2433000E+03  0.1448145E+01
 0.2434000E+03  0.1448069E+01
 0.2435000E+03  0.1447992E+01
 0.2436000E+03  0.1447916E+01
 0.2437000E+03  0.1447840E+01
 0.2438000E+03  0.1447763E+01
 0.2439000E+03  0.1447687E+01
 0.2440000E+03  0.1447611E+01
 0.2441000E+03  0.1447534E+01
 0.2442000E+03  0.1447458E+01
 0.2443000E+03  0.1447382E+01
 0.2444000E+03  0.1447305E+01
 0.2445000E+03  0.1447229E+01
 0.2446000E+03  0.1447152E+01
 0.2447000E+03  0.1447076E+01
 0.2448000E+03  0.1446999E+01
 0.2449000E+03  0.1446923E+01
 0.2450000E+03  0.1446846E+01
 0.2451000E+03  0.1446770E+01
 0.2452000E+03  0.1446693E+01
 0.2453000E+03  0.1446617E+01
 0.2454000E+03  0.1446540E+01
 0.2455000E+03  0.1446464E+01
 0.2456000E+03  0.1446387E+01
 0.2457000E+03  0.1446310E+01
 0.2458000E+03  0.1446234E+01
 0.2459000E+03  0.1446157E+01
 0.2460000E+03  0.1446081E+01
 0.2461000E+03  0.1446004E+01
 0.2462000E+03  0.1445927E+01
 0.2463000E+03  0.1445851E+01
 0.2464000E+03  0.1445774E+01
 0.2465000E+03  0.1445697E+01
 0.2466000E+03  0.1445620E+01
 0.2467000E+03  0.1445544E+01
 0.2468000E+03  0.1445467E+01
 0.2469000E+03  0.1445390E+01
 0.2470000E+03  0.1445314E+01
 0.2471000E+03  0.1445237E+01
 0.2472000E+03  0.1445160E+01
 0.2473000E+03  0.1445083E+01
 0.2474000E+03  0.1445007E+01
 0.2475000E+03  0.1444930E+01
 0.2476000E+03  0.1444853E+01
 0.2477000E+03  0.1444776E+01
 0.2478000E+03  0.1444700E+01
 0.2479000E+03  0.1444623E+01
 0.2480000E+03  0.1444546E+01
 0.2481000E+03  0.1444469E+01
 0.2482000E+03  0.1444392E+01
 0.2483000E+03  0.1444316E+01
 0.2484000E+03  0.1444239E+01
 0.2485000E+03  0.1444162E+01
 0.2486000E+03  0.1444085E+01
 0.2487000E+03  0.1444008E+01
 0.2488000E+03  0.1443931E+01
 0.2489000E+03  0.1443855E+01
 0.2490000E+03  0.1443778E+01
 0.2491000E+03  0.1443701E+01
 0.2492000E+03  0.1443624E+01
 0.2493000E+03  0.1443547E+01
 0.2494000E+03  0.1443470E+01
 0.2495000E+03  0.1443394E+01
 0.2496000E+03  0.1443317E+01
 0.2497000E+03  0.1443240E+01
 0.2498000E+03  0.1443163E+01
 0.2499000E+03  0.1443086E+01
 0.2500000E+03  0.1443009E+01
 0.2501000E+03  0.1442933E+01
 0.2502000E+03  0.1442856E+01
 0.2503000E+03  0.1442779E+01
 0.2504000E+03  0.1442702E+01
 0.2505000E+03  0.1442625E+01
 0.2506000E+03  0.1442548E+01
 0.2507000E+03  0.1442471E+01
 0.2508000E+03  0.1442395E+01
 0.2509000E+03  0.1442318E+01
 0.2510000E+03  0.1442241E+01
 0.2511000E+03  0.1442164E+01
 0.2512000E+03  0.1442087E+01
 0.2513000E+03  0.1442011E+01
 0.2514000E+03  0.1441934E+01
 0.2515000E+03  0.1441857E+01
 0.2516000E+03  0.1441780E+01
 0.2517000E+03  0.1441703E+01
 0.2518000E+03  0.1441626E+01
 0.2519000E+03  0.1441550E+01
 0.2520000E+03  0.1441473E+01
 0.2521000E+03  0.1441396E+01
 0.2522000E+03  0.1441319E+01
 0.2523000E+03  0.1441243E+01
 0.2524000E+03  0.1441166E+01
 0.2525000E+03  0.1441089E+01
 0.2526000E+03  0.1441012E+01
 0.2527000E+03  0.1440936E+01
 0.2528000E+03  0.1440859E+01
 0.2529000E+03  0.1440782E+01
 0.2530000E+03  0.1440705E+01
 0.2531000E+03  0.1440629E+01
 0.2532000E+03  0.1440552E+01
 0.2533000E+03  0.1440475E+01
 0.2534000E+03  0.1440399E+01
 0.2535000E+03  0.1440322E+01
 0.2536000E+03  0.1440245E+01
 0.2537000E+03  0.1440169E+01
 0.2538000E+03  0.1440092E+01
 0.2539000E+03  0.1440015E+01
 0.2540000E+03  0.1439939E+01
 0.2541000E+03  0.1439862E+01
 0.2542000E+03  0.1439786E+01
 0.2543000E+03  0.1439709E+01
 0.2544000E+03  0.1439632E+01
 0.2545000E+03  0.1439556E+01
 0.2546000E+03  0.1439479E+01
 0.2547000E+03  0.1439403E+01
 0.2548000E+03  0.1439326E+01
 0.2549000E+03  0.1439250E+01
 0.2550000E+03  0.1439173E+01
 0.2551000E+03  0.1439097E+01
 0.2552000E+03  0.1439020E+01
 0.2553000E+03  0.1438944E+01
 0.2554000E+03  0.1438867E+01
 0.2555000E+03  0.1438791E+01
 0.2556000E+03  0.1438714E+01
 0.2557000E+03  0.1438638E+01
 0.2558000E+03  0.1438562E+01
 0.2559000E+03  0.1438485E+01
 0.2560000E+03  0.1438409E+01
 0.2561000E+03  0.1438333E+01
 0.2562000E+03  0.1438256E+01
 0.2563000E+03  0.1438180E+01
 0.2564000E+03  0.1438104E+01
 0.2565000E+03  0.1438028E+01
 0.2566000E+03  0.1437951E+01
 0.2567000E+03  0.1437875E+01
 0.2568000E+03  0.1437799E+01
 0.2569000E+03  0.1437723E+01
 0.2570000E+03  0.1437646E+01
 0.2571000E+03  0.1437570E+01
 0.2572000E+03  0.1437494E+01
 0.2573000E+03  0.1437418E+01
 0.2574000E+03  0.1437342E+01
 0.2575000E+03  0.1437266E+01
 0.2576000E+03  0.1437190E+01
 0.2577000E+03  0.1437114E+01
 0.2578000E+03  0.1437038E+01
 0.2579000E+03  0.1436962E+01
 0.2580000E+03  0.1436886E+01
 0.2581000E+03  0.1436810E+01
 0.2582000E+03  0.1436734E+01
 0.2583000E+03  0.1436658E+01
 0.2584000E+03  0.1436582E+01
 0.2585000E+03  0.1436506E+01
 0.2586000E+03  0.1436431E+01
 0.2587000E+03  0.1436355E+01
 0.2588000E+03  0.1436279E+01
 0.2589000E+03  0.1436203E+01
 0.2590000E+03  0.1436127E+01
 0.2591000E+03  0.1436052E+01
 0.2592000E+03  0.1435976E+01
 0.2593000E+03  0.1435900E+01
 0.2594000E+03  0.1435825E+01
 0.2595000E+03  0.1435749E+01
 0.2596000E+03  0.1435674E+01
 0.2597000E+03  0.1435598E+01
 0.2598000E+03  0.1435522E+01
 0.2599000E+03  0.1435447E+01
 0.2600000E+03  0.1435371E+01
 0.2601000E+03  0.1435296E+01
 0.2602000E+03  0.1435221E+01
 0.2603000E+03  0.1435145E+01
 0.2604000E+03  0.1435070E+01
 0.2605000E+03  0.1434994E+01
 0.2606000E+03  0.1434919E+01
 0.2607000E+03  0.1434844E+01
 0.2608000E+03  0.1434769E+01
 0.2609000E+03  0.1434693E+01
 0.2610000E+03  0.1434618E+01
 0.2611000E+03  0.1434543E+01
 0.2612000E+03  0.1434468E+01
 0.2613000E+03  0.1434393E+01
 0.2614000E+03  0.1434318E+01
 0.2615000E+03  0.1434243E+01
 0.2616000E+03  0.1434168E+01
 0.2617000E+03  0.1434093E+01
 0.2618000E+03  0.1434018E+01
 0.2619000E+03  0.1433943E+01
 0.2620000E+03  0.1433868E+01
 0.2621000E+03  0.1433793E+01
 0.2622000E+03  0.1433718E+01
 0.2623000E+03  0.1433643E+01
 0.2624000E+03  0.1433568E+01
 0.2625000E+03  0.1433494E+01
 0.2626000E+03  0.1433419E+01
 0.2627000E+03  0.1433344E+01
 0.2628000E+03  0.1433270E+01
 0.2629000E+03  0.1433195E+01
 0.2630000E+03  0.1433121E+01
 0.2631000E+03  0.1433046E+01
 0.2632000E+03  0.1432971E+01
 0.2633000E+03  0.1432897E+01
 0.2634000E+03  0.1432823E+01
 0.2635000E+03  0.1432748E+01
 0.2636000E+03  0.1432674E+01
 0.2637000E+03  0.1432600E+01
 0.2638000E+03  0.1432525E+01
 0.2639000E+03  0.1432451E+01
 0.2640000E+03  0.1432377E+01
 0.2641000E+03  0.1432303E+01
 0.2642000E+03  0.1432228E+01
 0.2643000E+03  0.1432154E+01
 0.2644000E+03  0.1432080E+01
 0.2645000E+03  0.1432006E+01
 0.2646000E+03  0.1431932E+01
 0.2647000E+03  0.1431858E+01
 0.2648000E+03  0.1431784E+01
 0.2649000E+03  0.1431710E+01
 0.2650000E+03  0.1431637E+01
 0.2651000E+03  0.1431563E+01
 0.2652000E+03  0.1431489E+01
 0.2653000E+03  0.1431415E+01
 0.2654000E+03  0.1431342E+01
 0.2655000E+03  0.1431268E+01
 0.2656000E+03  0.1431194E+01
 0.2657000E+03  0.1431121E+01
 0.2658000E+03  0.1431047E+01
 0.2659000E+03  0.1430974E+01
 0.2660000E+03  0.1430900E+01
 0.2661000E+03  0.1430827E+01
 0.2662000E+03  0.1430754E+01
 0.2663000E+03  0.1430680E+01
 0.2664000E+03  0.1430607E+01
 0.2665000E+03  0.1430534E+01
 0.2666000E+03  0.1430461E+01
 0.2667000E+03  0.1430388E+01
 0.2668000E+03  0.1430314E+01
 0.2669000E+03  0.1430241E+01
 0.2670000E+03  0.1430168E+01
 0.2671000E+03  0.1430095E+01
 0.2672000E+03  0.1430022E+01
 0.2673000E+03  0.1429950E+01
 0.2674000E+03  0.1429877E+01
 0.2675000E+03  0.1429804E+01
 0.2676000E+03  0.1429731E+01
 0.2677000E+03  0.1429658E+01
 0.2678000E+03  0.1429586E+01
 0.2679000E+03  0.1429513E+01
 0.2680000E+03  0.1429441E+01
 0.2681000E+03  0.1429368E+01
 0.2682000E+03  0.1429296E+01
 0.2683000E+03  0.1429223E+01
 0.2684000E+03  0.1429151E+01
 0.2685000E+03  0.1429078E+01
 0.2686000E+03  0.1429006E+01
 0.2687000E+03  0.1428934E+01
 0.2688000E+03  0.1428862E+01
 0.2689000E+03  0.1428790E+01
 0.2690000E+03  0.1428717E+01
 0.2691000E+03  0.1428645E+01
 0.2692000E+03  0.1428573E+01
 0.2693000E+03  0.1428501E+01
 0.2694000E+03  0.1428430E+01
 0.2695000E+03  0.1428358E+01
 0.2696000E+03  0.1428286E+01
 0.2697000E+03  0.1428214E+01
 0.2698000E+03  0.1428142E+01
 0.2699000E+03  0.1428071E+01
 0.2700000E+03  0.1427999E+01
 0.2701000E+03  0.1427928E+01
 0.2702000E+03  0.1427856E+01
 0.2703000E+03  0.1427785E+01
 0.2704000E+03  0.1427713E+01
 0.2705000E+03  0.1427642E+01
 0.2706000E+03  0.1427570E+01
 0.2707000E+03  0.1427499E+01
 0.2708000E+03  0.1427428E+01
 0.2709000E+03  0.1427357E+01
 0.2710000E+03  0.1427286E+01
 0.2711000E+03  0.1427215E+01
 0.2712000E+03  0.1427144E+01
 0.2713000E+03  0.1427073E+01
 0.2714000E+03  0.1427002E+01
 0.2715000E+03  0.1426931E+01
 0.2716000E+03  0.1426860E+01
 0.2717000E+03  0.1426789E+01
 0.2718000E+03  0.1426719E+01
 0.2719000E+03  0.1426648E+01
 0.2720000E+03  0.1426578E+01
 0.2721000E+03  0.1426507E+01
 0.2722000E+03  0.1426437E+01
 0.2723000E+03  0.1426366E+01
 0.2724000E+03  0.1426296E+01
 0.2725000E+03  0.1426226E+01
 0.2726000E+03  0.1426155E+01
 0.2727000E+03  0.1426085E+01
 0.2728000E+03  0.1426015E+01
 0.2729000E+03  0.1425945E+01
 0.2730000E+03  0.1425875E+01
 0.2731000E+03  0.1425805E+01
 0.2732000E+03  0.1425735E+01
 0.2733000E+03  0.1425665E+01
 0.2734000E+03  0.1425595E+01
 0.2735000E+03  0.1425526E+01
 0.2736000E+03  0.1425456E+01
 0.2737000E+03  0.1425386E+01
 0.2738000E+03  0.1425317E+01
 0.2739000E+03  0.1425247E+01
 0.2740000E+03  0.1425178E+01
 0.2741000E+03  0.1425109E+01
 0.2742000E+03  0.1425039E+01
 0.2743000E+03  0.1424970E+01
 0.2744000E+03  0.1424901E+01
 0.2745000E+03  0.1424832E+01
 0.2746000E+03  0.1424762E+01
 0.2747000E+03  0.1424693E+01
 0.2748000E+03  0.1424624E+01
 0.2749000E+03  0.1424556E+01
 0.2750000E+03  0.1424487E+01
 0.2751000E+03  0.1424418E+01
 0.2752000E+03  0.1424349E+01
 0.2753000E+03  0.1424280E+01
 0.2754000E+03  0.1424212E+01
 0.2755000E+03  0.1424143E+01
 0.2756000E+03  0.1424075E+01
 0.2757000E+03  0.1424006E+01
 0.2758000E+03  0.1423938E+01
 0.2759000E+03  0.1423870E+01
 0.2760000E+03  0.1423802E+01
 0.2761000E+03  0.1423733E+01
 0.2762000E+03  0.1423665E+01
 0.2763000E+03  0.1423597E+01
 0.2764000E+03  0.1423529E+01
 0.2765000E+03  0.1423461E+01
 0.2766000E+03  0.1423393E+01
 0.2767000E+03  0.1423326E+01
 0.2768000E+03  0.1423258E+01
 0.2769000E+03  0.1423190E+01
 0.2770000E+03  0.1423123E+01
 0.2771000E+03  0.1423055E+01
 0.2772000E+03  0.1422988E+01
 0.2773000E+03  0.1422920E+01
 0.2774000E+03  0.1422853E+01
 0.2775000E+03  0.1422785E+01
 0.2776000E+03  0.1422718E+01
 0.2777000E+03  0.1422651E+01
 0.2778000E+03  0.1422584E+01
 0.2779000E+03  0.1422517E+01
 0.2780000E+03  0.1422450E+01
 0.2781000E+03  0.1422383E+01
 0.2782000E+03  0.1422316E+01
 0.2783000E+03  0.1422250E+01
 0.2784000E+03  0.1422183E+01
 0.2785000E+03  0.1422116E+01
 0.2786000E+03  0.1422050E+01
 0.2787000E+03  0.1421983E+01
 0.2788000E+03  0.1421917E+01
 0.2789000E+03  0.1421850E+01
 0.2790000E+03  0.1421784E+01
 0.2791000E+03  0.1421718E+01
 0.2792000E+03  0.1421652E+01
 0.2793000E+03  0.1421586E+01
 0.2794000E+03  0.1421520E+01
 0.2795000E+03  0.1421454E+01
 0.2796000E+03  0.1421388E+01
 0.2797000E+03  0.1421322E+01
 0.2798000E+03  0.1421256E+01
 0.2799000E+03  0.1421191E+01
 0.2800000E+03  0.1421125E+01
 0.2801000E+03  0.1421059E+01
 0.2802000E+03  0.1420994E+01
 0.2803000E+03  0.1420929E+01
 0.2804000E+03  0.1420863E+01
 0.2805000E+03  0.1420798E+01
 0.2806000E+03  0.1420733E+01
 0.2807000E+03  0.1420668E+01
 0.2808000E+03  0.1420603E+01
 0.2809000E+03  0.1420538E+01
 0.2810000E+03  0.1420473E+01
 0.2811000E+03  0.1420408E+01
 0.2812000E+03  0.1420343E+01
 0.2813000E+03  0.1420279E+01
 0.2814000E+03  0.1420214E+01
 0.2815000E+03  0.1420149E+01
 0.2816000E+03  0.1420085E+01
 0.2817000E+03  0.1420020E+01
 0.2818000E+03  0.1419956E+01
 0.2819000E+03  0.1419892E+01
 0.2820000E+03  0.1419828E+01
 0.2821000E+03  0.1419764E+01
 0.2822000E+03  0.1419700E+01
 0.2823000E+03  0.1419636E+01
 0.2824000E+03  0.1419572E+01
 0.2825000E+03  0.1419508E+01
 0.2826000E+03  0.1419444E+01
 0.2827000E+03  0.1419381E+01
 0.2828000E+03  0.1419317E+01
 0.2829000E+03  0.1419253E+01
 0.2830000E+03  0.1419190E+01
 0.2831000E+03  0.1419127E+01
 0.2832000E+03  0.1419063E+01
 0.2833000E+03  0.1419000E+01
 0.2834000E+03  0.1418937E+01
 0.2835000E+03  0.1418874E+01
 0.2836000E+03  0.1418811E+01
 0.2837000E+03  0.1418748E+01
 0.2838000E+03  0.1418685E+01
 0.2839000E+03  0.1418623E+01
 0.2840000E+03  0.1418560E+01
 0.2841000E+03  0.1418497E+01
 0.2842000E+03  0.1418435E+01
 0.2843000E+03  0.1418372E+01
 0.2844000E+03  0.1418310E+01
 0.2845000E+03  0.1418248E+01
 0.2846000E+03  0.1418185E+01
 0.2847000E+03  0.1418123E+01
 0.2848000E+03  0.1418061E+01
 0.2849000E+03  0.1417999E+01
 0.2850000E+03  0.1417937E+01
 0.2851000E+03  0.1417876E+01
 0.2852000E+03  0.1417814E+01
 0.2853000E+03  0.1417752E+01
 0.2854000E+03  0.1417691E+01
 0.2855000E+03  0.1417629E+01
 0.2856000E+03  0.1417568E+01
 0.2857000E+03  0.1417506E+01
 0.2858000E+03  0.1417445E+01
 0.2859000E+03  0.1417384E+01
 0.2860000E+03  0.1417323E+01
 0.2861000E+03  0.1417262E+01
 0.2862000E+03  0.1417201E+01
 0.2863000E+03  0.1417140E+01
 0.2864000E+03  0.1417079E+01
 0.2865000E+03  0.1417018E+01
 0.2866000E+03  0.1416958E+01
 0.2867000E+03  0.1416897E+01
 0.2868000E+03  0.1416837E+01
 0.2869000E+03  0.1416776E+01
 0.2870000E+03  0.1416716E+01
 0.2871000E+03  0.1416656E+01
 0.2872000E+03  0.1416596E+01
 0.2873000E+03  0.1416536E+01
 0.2874000E+03  0.1416476E+01
 0.2875000E+03  0.1416416E+01
 0.2876000E+03  0.1416356E+01
 0.2877000E+03  0.1416296E+01
 0.2878000E+03  0.1416237E+01
 0.2879000E+03  0.1416177E+01
 0.2880000E+03  0.1416118E+01
 0.2881000E+03  0.1416058E+01
 0.2882000E+03  0.1415999E+01
 0.2883000E+03  0.1415940E+01
 0.2884000E+03  0.1415881E+01
 0.2885000E+03  0.1415821E+01
 0.2886000E+03  0.1415762E+01
 0.2887000E+03  0.1415704E+01
 0.2888000E+03  0.1415645E+01
 0.2889000E+03  0.1415586E+01
 0.2890000E+03  0.1415527E+01
 0.2891000E+03  0.1415469E+01
 0.2892000E+03  0.1415410E+01
 0.2893000E+03  0.1415352E+01
 0.2894000E+03  0.1415294E+01
 0.2895000E+03  0.1415236E+01
 0.2896000E+03  0.1415177E+01
 0.2897000E+03  0.1415119E+01
 0.2898000E+03  0.1415062E+01
 0.2899000E+03  0.1415004E+01
 0.2900000E+03  0.1414946E+01
 0.2901000E+03  0.1414888E+01
 0.2902000E+03  0.1414831E+01
 0.2903000E+03  0.1414773E+01
 0.2904000E+03  0.1414716E+01
 0.2905000E+03  0.1414658E+01
 0.2906000E+03  0.1414601E+01
 0.2907000E+03  0.1414544E+01
 0.2908000E+03  0.1414487E+01
 0.2909000E+03  0.1414430E+01
 0.2910000E+03  0.1414373E+01
 0.2911000E+03  0.1414316E+01
 0.2912000E+03  0.1414260E+01
 0.2913000E+03  0.1414203E+01
 0.2914000E+03  0.1414146E+01
 0.2915000E+03  0.1414090E+01
 0.2916000E+03  0.1414034E+01
 0.2917000E+03  0.1413977E+01
 0.2918000E+03  0.1413921E+01
 0.2919000E+03  0.1413865E+01
 0.2920000E+03  0.1413809E+01
 0.2921000E+03  0.1413753E+01
 0.2922000E+03  0.1413697E+01
 0.2923000E+03  0.1413642E+01
 0.2924000E+03  0.1413586E+01
 0.2925000E+03  0.1413530E+01
 0.2926000E+03  0.1413475E+01
 0.2927000E+03  0.1413420E+01
 0.2928000E+03  0.1413364E+01
 0.2929000E+03  0.1413309E+01
 0.2930000E+03  0.1413254E+01
 0.2931000E+03  0.1413199E+01
 0.2932000E+03  0.1413144E+01
 0.2933000E+03  0.1413089E+01
 0.2934000E+03  0.1413035E+01
 0.2935000E+03  0.1412980E+01
 0.2936000E+03  0.1412926E+01
 0.2937000E+03  0.1412871E+01
 0.2938000E+03  0.1412817E+01
 0.2939000E+03  0.1412762E+01
 0.2940000E+03  0.1412708E+01
 0.2941000E+03  0.1412654E+01
 0.2942000E+03  0.1412600E+01
 0.2943000E+03  0.1412546E+01
 0.2944000E+03  0.1412493E+01
 0.2945000E+03  0.1412439E+01
 0.2946000E+03  0.1412385E+01
 0.2947000E+03  0.1412332E+01
 0.2948000E+03  0.1412278E+01
 0.2949000E+03  0.1412225E+01
 0.2950000E+03  0.1412172E+01
 0.2951000E+03  0.1412119E+01
 0.2952000E+03  0.1412066E+01
 0.2953000E+03  0.1412013E+01
 0.2954000E+03  0.1411960E+01
 0.2955000E+03  0.1411907E+01
 0.2956000E+03  0.1411855E+01
 0.2957000E+03  0.1411802E+01
 0.2958000E+03  0.1411750E+01
 0.2959000E+03  0.1411697E+01
 0.2960000E+03  0.1411645E+01
 0.2961000E+03  0.1411593E+01
 0.2962000E+03  0.1411541E+01
 0.2963000E+03  0.1411489E+01
 0.2964000E+03  0.1411437E+01
 0.2965000E+03  0.1411385E+01
 0.2966000E+03  0.1411334E+01
 0.2967000E+03  0.1411282E+01
 0.2968000E+03  0.1411231E+01
 0.2969000E+03  0.1411179E+01
 0.2970000E+03  0.1411128E+01
 0.2971000E+03  0.1411077E+01
 0.2972000E+03  0.1411026E+01
 0.2973000E+03  0.1410975E+01
 0.2974000E+03  0.1410924E+01
 0.2975000E+03  0.1410873E+01
 0.2976000E+03  0.1410823E+01
 0.2977000E+03  0.1410772E+01
 0.2978000E+03  0.1410722E+01
 0.2979000E+03  0.1410671E+01
 0.2980000E+03  0.1410621E+01
 0.2981000E+03  0.1410571E+01
 0.2982000E+03  0.1410521E+01
 0.2983000E+03  0.1410471E+01
 0.2984000E+03  0.1410421E+01
 0.2985000E+03  0.1410371E+01
 0.2986000E+03  0.1410321E+01
 0.2987000E+03  0.1410272E+01
 0.2988000E+03  0.1410222E+01
 0.2989000E+03  0.1410173E+01
 0.2990000E+03  0.1410124E+01
 0.2991000E+03  0.1410075E+01
 0.2992000E+03  0.1410026E+01
 0.2993000E+03  0.1409977E+01
 0.2994000E+03  0.1409928E+01
 0.2995000E+03  0.1409879E+01
 0.2996000E+03  0.1409830E+01
 0.2997000E+03  0.1409782E+01
 0.2998000E+03  0.1409733E+01
 0.2999000E+03  0.1409685E+01
 0.3000000E+03  0.1409637E+01
