 0.5134188E+00 -0.2201414E+01  0.3564748E+01  0.1303969E+01
 0.6316296E+00 -0.1781277E+01  0.2709820E+01  0.9352590E+00
 0.7498405E+00 -0.1408863E+01  0.2048430E+01  0.6556982E+00
 0.8680513E+00 -0.1078751E+01  0.1537931E+01  0.4450322E+00
 0.9862621E+00 -0.7861360E+00  0.1144950E+01  0.2874769E+00
 0.1104473E+01 -0.5267592E+00  0.8433808E+00  0.1707467E+00
 0.1222684E+01 -0.2968449E+00  0.6128185E+00  0.8529129E-01
 0.1340895E+01 -0.9304645E-01  0.4373222E+00  0.2369790E-01
 0.1459105E+01  0.8760266E-01  0.3044494E+00 -0.1977708E-01
 0.1577316E+01  0.2477319E+00  0.2044968E+00 -0.4957490E-01
 0.1695527E+01  0.3896722E+00  0.1299051E+00 -0.6912167E-01
 0.1813738E+01  0.5154896E+00  0.7479209E-01 -0.8105310E-01
 0.1931949E+01  0.6270154E+00  0.3458693E-01 -0.8739023E-01
 0.2050160E+01  0.7258731E+00  0.5743261E-02 -0.8967684E-01
 0.2168370E+01  0.8135016E+00 -0.1448539E-01 -0.8908671E-01
 0.2286581E+01  0.8911764E+00 -0.2822154E-01 -0.8650737E-01
