 0.5134188E+00 -0.6893812E-05  0.5028820E-04
 0.6316296E+00  0.1252555E-03 -0.2042027E-03
 0.7498405E+00  0.6104739E-04 -0.1700594E-03
 0.8680513E+00  0.4950284E-03  0.1166516E-02
 0.9862621E+00 -0.2024022E-01 -0.6175756E-02
 0.1104473E+01 -0.1064665E+00 -0.3337316E-01
 0.1222684E+01 -0.2465272E+00 -0.7799647E-01
 0.1340895E+01 -0.3437301E+00 -0.8489029E-01
 0.1459105E+01 -0.3316839E+00 -0.4876208E-01
 0.1577316E+01 -0.2427753E+00 -0.2361478E-01
 0.1695527E+01 -0.1377366E+00 -0.1080983E-01
 0.1813738E+01 -0.6448491E-01  0.2078855E-02
 0.1931949E+01 -0.3118453E-01  0.6596393E-02
 0.2050160E+01 -0.1293442E-01  0.6642208E-02
 0.2168370E+01  0.6419884E-03  0.3410084E-02
 0.2286581E+01 -0.2565174E-02  0.4368236E-02
