-0.5175175E+01  0.1014019E-05
-0.5155155E+01  0.1387676E-05
-0.5135135E+01  0.1888640E-05
-0.5115115E+01  0.2556127E-05
-0.5095095E+01  0.3439852E-05
-0.5075075E+01  0.4602276E-05
-0.5055055E+01  0.6121147E-05
-0.5035035E+01  0.8092292E-05
-0.5015015E+01  0.1063261E-04
-0.4994995E+01  0.1388319E-04
-0.4974975E+01  0.1801234E-04
-0.4954955E+01  0.2321843E-04
-0.4934935E+01  0.2973228E-04
-0.4914915E+01  0.3781863E-04
-0.4894895E+01  0.4777660E-04
-0.4874875E+01  0.5993846E-04
-0.4854855E+01  0.7466645E-04
-0.4834835E+01  0.9234699E-04
-0.4814815E+01  0.1133822E-03
-0.4794795E+01  0.1381777E-03
-0.4774775E+01  0.1671278E-03
-0.4754755E+01  0.2005958E-03
-0.4734735E+01  0.2388924E-03
-0.4714715E+01  0.2822506E-03
-0.4694695E+01  0.3307988E-03
-0.4674675E+01  0.3845337E-03
-0.4654655E+01  0.4432944E-03
-0.4634635E+01  0.5067402E-03
-0.4614615E+01  0.5743345E-03
-0.4594595E+01  0.6453371E-03
-0.4574575E+01  0.7188088E-03
-0.4554555E+01  0.7936293E-03
-0.4534535E+01  0.8685319E-03
-0.4514515E+01  0.9421550E-03
-0.4494494E+01  0.1013111E-02
-0.4474474E+01  0.1080069E-02
-0.4454454E+01  0.1141856E-02
-0.4434434E+01  0.1197556E-02
-0.4414414E+01  0.1246616E-02
-0.4394394E+01  0.1288946E-02
-0.4374374E+01  0.1324992E-02
-0.4354354E+01  0.1355787E-02
-0.4334334E+01  0.1382967E-02
-0.4314314E+01  0.1408733E-02
-0.4294294E+01  0.1435764E-02
-0.4274274E+01  0.1467076E-02
-0.4254254E+01  0.1505826E-02
-0.4234234E+01  0.1555071E-02
-0.4214214E+01  0.1617497E-02
-0.4194194E+01  0.1695134E-02
-0.4174174E+01  0.1789077E-02
-0.4154154E+01  0.1899250E-02
-0.4134134E+01  0.2024232E-02
-0.4114114E+01  0.2161172E-02
-0.4094094E+01  0.2305816E-02
-0.4074074E+01  0.2452671E-02
-0.4054054E+01  0.2595287E-02
-0.4034034E+01  0.2726677E-02
-0.4014014E+01  0.2839840E-02
-0.3993994E+01  0.2928348E-02
-0.3973974E+01  0.2986972E-02
-0.3953954E+01  0.3012268E-02
-0.3933934E+01  0.3003092E-02
-0.3913914E+01  0.2960951E-02
-0.3893894E+01  0.2890175E-02
-0.3873874E+01  0.2797846E-02
-0.3853854E+01  0.2693463E-02
-0.3833834E+01  0.2588366E-02
-0.3813814E+01  0.2494920E-02
-0.3793794E+01  0.2425520E-02
-0.3773774E+01  0.2391506E-02
-0.3753754E+01  0.2402050E-02
-0.3733734E+01  0.2463144E-02
-0.3713714E+01  0.2576782E-02
-0.3693694E+01  0.2740424E-02
-0.3673674E+01  0.2946832E-02
-0.3653654E+01  0.3184303E-02
-0.3633634E+01  0.3437326E-02
-0.3613614E+01  0.3687622E-02
-0.3593594E+01  0.3915499E-02
-0.3573574E+01  0.4101421E-02
-0.3553554E+01  0.4227643E-02
-0.3533534E+01  0.4279778E-02
-0.3513514E+01  0.4248137E-02
-0.3493493E+01  0.4128702E-02
-0.3473473E+01  0.3923627E-02
-0.3453453E+01  0.3641195E-02
-0.3433433E+01  0.3295227E-02
-0.3413413E+01  0.2903962E-02
-0.3393393E+01  0.2488518E-02
-0.3373373E+01  0.2071076E-02
-0.3353353E+01  0.1672943E-02
-0.3333333E+01  0.1312718E-02
-0.3313313E+01  0.1004723E-02
-0.3293293E+01  0.7578853E-03
-0.3273273E+01  0.5751864E-03
-0.3253253E+01  0.4537502E-03
-0.3233233E+01  0.3855607E-03
-0.3213213E+01  0.3587416E-03
-0.3193193E+01  0.3592564E-03
-0.3173173E+01  0.3728365E-03
-0.3153153E+01  0.3869156E-03
-0.3133133E+01  0.3923359E-03
-0.3113113E+01  0.3846174E-03
-0.3093093E+01  0.3646216E-03
-0.3073073E+01  0.3385121E-03
-0.3053053E+01  0.3169958E-03
-0.3033033E+01  0.3139152E-03
-0.3013013E+01  0.3443468E-03
-0.2992993E+01  0.4224263E-03
-0.2972973E+01  0.5591637E-03
-0.2952953E+01  0.7605254E-03
-0.2932933E+01  0.1026036E-02
-0.2912913E+01  0.1348100E-02
-0.2892893E+01  0.1712160E-02
-0.2872873E+01  0.2097714E-02
-0.2852853E+01  0.2480102E-02
-0.2832833E+01  0.2832889E-02
-0.2812813E+01  0.3130562E-02
-0.2792793E+01  0.3351261E-02
-0.2772773E+01  0.3479199E-02
-0.2752753E+01  0.3506494E-02
-0.2732733E+01  0.3434171E-02
-0.2712713E+01  0.3272221E-02
-0.2692693E+01  0.3038677E-02
-0.2672673E+01  0.2757803E-02
-0.2652653E+01  0.2457612E-02
-0.2632633E+01  0.2166967E-02
-0.2612613E+01  0.1912616E-02
-0.2592593E+01  0.1716487E-02
-0.2572573E+01  0.1593546E-02
-0.2552553E+01  0.1550448E-02
-0.2532533E+01  0.1585126E-02
-0.2512513E+01  0.1687333E-02
-0.2492492E+01  0.1840056E-02
-0.2472472E+01  0.2021600E-02
-0.2452452E+01  0.2208103E-02
-0.2432432E+01  0.2376157E-02
-0.2412412E+01  0.2505248E-02
-0.2392392E+01  0.2579739E-02
-0.2372372E+01  0.2590187E-02
-0.2352352E+01  0.2533901E-02
-0.2332332E+01  0.2414692E-02
-0.2312312E+01  0.2241929E-02
-0.2292292E+01  0.2029030E-02
-0.2272272E+01  0.1791632E-02
-0.2252252E+01  0.1545660E-02
-0.2232232E+01  0.1305558E-02
-0.2212212E+01  0.1082878E-02
-0.2192192E+01  0.8853746E-03
-0.2172172E+01  0.7166896E-03
-0.2152152E+01  0.5766250E-03
-0.2132132E+01  0.4619254E-03
-0.2112112E+01  0.3674411E-03
-0.2092092E+01  0.2874947E-03
-0.2072072E+01  0.2172615E-03
-0.2052052E+01  0.1539817E-03
-0.2032032E+01  0.9784880E-04
-0.2012012E+01  0.5247069E-04
-0.1991992E+01  0.2485141E-04
-0.1971972E+01  0.2490501E-04
-0.1951952E+01  0.6456687E-04
-0.1931932E+01  0.1566132E-03
-0.1911912E+01  0.3133294E-03
-0.1891892E+01  0.5451798E-03
-0.1871872E+01  0.8596269E-03
-0.1851852E+01  0.1260223E-02
-0.1831832E+01  0.1746070E-02
-0.1811812E+01  0.2311685E-02
-0.1791792E+01  0.2947289E-02
-0.1771772E+01  0.3639456E-02
-0.1751752E+01  0.4372057E-02
-0.1731732E+01  0.5127389E-02
-0.1711712E+01  0.5887345E-02
-0.1691692E+01  0.6634526E-02
-0.1671672E+01  0.7353155E-02
-0.1651652E+01  0.8029703E-02
-0.1631632E+01  0.8653176E-02
-0.1611612E+01  0.9215014E-02
-0.1591592E+01  0.9708646E-02
-0.1571572E+01  0.1012875E-01
-0.1551552E+01  0.1047029E-01
-0.1531532E+01  0.1072754E-01
-0.1511512E+01  0.1089317E-01
-0.1491491E+01  0.1095761E-01
-0.1471471E+01  0.1090885E-01
-0.1451451E+01  0.1073285E-01
-0.1431431E+01  0.1041468E-01
-0.1411411E+01  0.9940397E-02
-0.1391391E+01  0.9299768E-02
-0.1371371E+01  0.8489663E-02
-0.1351351E+01  0.7517969E-02
-0.1331331E+01  0.6407743E-02
-0.1311311E+01  0.5201209E-02
-0.1291291E+01  0.3963118E-02
-0.1271271E+01  0.2782938E-02
-0.1251251E+01  0.1775304E-02
-0.1231231E+01  0.1078170E-02
-0.1211211E+01  0.8482307E-03
-0.1191191E+01  0.1253293E-02
-0.1171171E+01  0.2461559E-02
-0.1151151E+01  0.4628042E-02
-0.1131131E+01  0.7878750E-02
-0.1111111E+01  0.1229359E-01
-0.1091091E+01  0.1788944E-01
-0.1071071E+01  0.2460499E-01
-0.1051051E+01  0.3228944E-01
-0.1031031E+01  0.4069690E-01
-0.1011011E+01  0.4948854E-01
-0.9909910E+00  0.5824387E-01
-0.9709710E+00  0.6648206E-01
-0.9509510E+00  0.7369334E-01
-0.9309309E+00  0.7937943E-01
-0.9109109E+00  0.8310065E-01
-0.8908909E+00  0.8452644E-01
-0.8708709E+00  0.8348471E-01
-0.8508509E+00  0.8000481E-01
-0.8308308E+00  0.7434866E-01
-0.8108108E+00  0.6702470E-01
-0.7907908E+00  0.5878038E-01
-0.7707708E+00  0.5057038E-01
-0.7507508E+00  0.4349989E-01
-0.7307307E+00  0.3874504E-01
-0.7107107E+00  0.3745514E-01
-0.6906907E+00  0.4064412E-01
-0.6706707E+00  0.4908087E-01
-0.6506507E+00  0.6318937E-01
-0.6306306E+00  0.8297013E-01
-0.6106106E+00  0.1079531E+00
-0.5905906E+00  0.1371902E+00
-0.5705706E+00  0.1692931E+00
-0.5505506E+00  0.2025148E+00
-0.5305305E+00  0.2348725E+00
-0.5105105E+00  0.2643024E+00
-0.4904905E+00  0.2888321E+00
-0.4704705E+00  0.3067569E+00
-0.4504505E+00  0.3168011E+00
-0.4304304E+00  0.3182492E+00
-0.4104104E+00  0.3110333E+00
-0.3903904E+00  0.2957662E+00
-0.3703704E+00  0.2737175E+00
-0.3503504E+00  0.2467321E+00
-0.3303303E+00  0.2171005E+00
-0.3103103E+00  0.1873901E+00
-0.2902903E+00  0.1602543E+00
-0.2702703E+00  0.1382333E+00
-0.2502503E+00  0.1235647E+00
-0.2302302E+00  0.1180158E+00
-0.2102102E+00  0.1227503E+00
-0.1901902E+00  0.1382354E+00
-0.1701702E+00  0.1641952E+00
-0.1501502E+00  0.1996108E+00
-0.1301301E+00  0.2427678E+00
-0.1101101E+00  0.2913490E+00
-0.9009009E-01  0.3425702E+00
-0.7007007E-01  0.3933551E+00
-0.5005005E-01  0.4405445E+00
-0.3003003E-01  0.4811323E+00
-0.1001001E-01  0.5125160E+00
 0.1001001E-01  0.5327459E+00
 0.3003003E-01  0.5407518E+00
 0.5005005E-01  0.5365231E+00
 0.7007007E-01  0.5212144E+00
 0.9009009E-01  0.4971542E+00
 0.1101101E+00  0.4677357E+00
 0.1301301E+00  0.4371829E+00
 0.1501502E+00  0.4101968E+00
 0.1701702E+00  0.3915042E+00
 0.1901902E+00  0.3853469E+00
 0.2102102E+00  0.3949646E+00
 0.2302302E+00  0.4221339E+00
 0.2502503E+00  0.4668248E+00
 0.2702703E+00  0.5270329E+00
 0.2902903E+00  0.5988271E+00
 0.3103103E+00  0.6766283E+00
 0.3303303E+00  0.7537087E+00
 0.3503504E+00  0.8228682E+00
 0.3703704E+00  0.8772199E+00
 0.3903904E+00  0.9109946E+00
 0.4104104E+00  0.9202664E+00
 0.4304304E+00  0.9035047E+00
 0.4504505E+00  0.8618744E+00
 0.4704705E+00  0.7992329E+00
 0.4904905E+00  0.7218114E+00
 0.5105105E+00  0.6376058E+00
 0.5305305E+00  0.5555401E+00
 0.5505506E+00  0.4844972E+00
 0.5705706E+00  0.4323309E+00
 0.5905906E+00  0.4049749E+00
 0.6106106E+00  0.4057590E+00
 0.6306306E+00  0.4350126E+00
 0.6506507E+00  0.4900053E+00
 0.6706707E+00  0.5652297E+00
 0.6906907E+00  0.6529929E+00
 0.7107107E+00  0.7442435E+00
 0.7307307E+00  0.8295375E+00
 0.7507508E+00  0.9000288E+00
 0.7707708E+00  0.9483738E+00
 0.7907908E+00  0.9694500E+00
 0.8108108E+00  0.9608155E+00
 0.8308308E+00  0.9228707E+00
 0.8508509E+00  0.8587158E+00
 0.8708709E+00  0.7737361E+00
 0.8908909E+00  0.6749731E+00
 0.9109109E+00  0.5703621E+00
 0.9309309E+00  0.4679247E+00
 0.9509510E+00  0.3750038E+00
 0.9709710E+00  0.2976182E+00
 0.9909910E+00  0.2399933E+00
 0.1011011E+01  0.2043023E+00
 0.1031031E+01  0.1906264E+00
 0.1051051E+01  0.1971185E+00
 0.1071071E+01  0.2203344E+00
 0.1091091E+01  0.2556845E+00
 0.1111111E+01  0.2979480E+00
 0.1131131E+01  0.3417951E+00
 0.1151151E+01  0.3822642E+00
 0.1171171E+01  0.4151570E+00
 0.1191191E+01  0.4373206E+00
 0.1211211E+01  0.4468069E+00
 0.1231231E+01  0.4429072E+00
 0.1251251E+01  0.4260764E+00
 0.1271271E+01  0.3977667E+00
 0.1291291E+01  0.3601981E+00
 0.1311311E+01  0.3160943E+00
 0.1331331E+01  0.2684111E+00
 0.1351351E+01  0.2200821E+00
 0.1371371E+01  0.1738005E+00
 0.1391391E+01  0.1318501E+00
 0.1411411E+01  0.9599037E-01
 0.1431431E+01  0.6739942E-01
 0.1451451E+01  0.4666738E-01
 0.1471471E+01  0.3383459E-01
 0.1491491E+01  0.2846370E-01
 0.1511512E+01  0.2973452E-01
 0.1531532E+01  0.3655094E-01
 0.1551552E+01  0.4764971E-01
 0.1571572E+01  0.6170297E-01
 0.1591592E+01  0.7740828E-01
 0.1611612E+01  0.9356192E-01
 0.1631632E+01  0.1091135E+00
 0.1651652E+01  0.1232016E+00
 0.1671672E+01  0.1351713E+00
 0.1691692E+01  0.1445764E+00
 0.1711712E+01  0.1511684E+00
 0.1731732E+01  0.1548765E+00
 0.1751752E+01  0.1557800E+00
 0.1771772E+01  0.1540785E+00
 0.1791792E+01  0.1500604E+00
 0.1811812E+01  0.1440725E+00
 0.1831832E+01  0.1364930E+00
 0.1851852E+01  0.1277070E+00
 0.1871872E+01  0.1180879E+00
 0.1891892E+01  0.1079820E+00
 0.1911912E+01  0.9769799E-01
 0.1931932E+01  0.8750098E-01
 0.1951952E+01  0.7760896E-01
 0.1971972E+01  0.6819303E-01
 0.1991992E+01  0.5937945E-01
 0.2012012E+01  0.5125349E-01
 0.2032032E+01  0.4386426E-01
 0.2052052E+01  0.3723020E-01
 0.2072072E+01  0.3134465E-01
 0.2092092E+01  0.2618135E-01
 0.2112112E+01  0.2169952E-01
 0.2132132E+01  0.1784839E-01
 0.2152152E+01  0.1457115E-01
 0.2172172E+01  0.1180820E-01
 0.2192192E+01  0.9499768E-02
 0.2212212E+01  0.7587891E-02
 0.2232232E+01  0.6017879E-02
 0.2252252E+01  0.4739274E-02
 0.2272272E+01  0.3706421E-02
 0.2292292E+01  0.2878708E-02
 0.2312312E+01  0.2220564E-02
 0.2332332E+01  0.1701267E-02
 0.2352352E+01  0.1294624E-02
 0.2372372E+01  0.9785718E-03
 0.2392392E+01  0.7347419E-03
 0.2412412E+01  0.5480032E-03
 0.2432432E+01  0.4060217E-03
 0.2452452E+01  0.2988436E-03
 0.2472472E+01  0.2185126E-03
 0.2492492E+01  0.1587287E-03
 0.2512513E+01  0.1145483E-03
 0.2532533E+01  0.8212625E-04
 0.2552553E+01  0.5849816E-04
 0.2572573E+01  0.4139753E-04
 0.2592593E+01  0.2910606E-04
 0.2612613E+01  0.2033169E-04
 0.2632633E+01  0.1411069E-04
 0.2652653E+01  0.9729966E-05
 0.2672673E+01  0.6666006E-05
 0.2692693E+01  0.4537472E-05
 0.2712713E+01  0.3068728E-05
 0.2732733E+01  0.2062061E-05
 0.2752753E+01  0.1376717E-05
