-0.4578576E+01 -0.7193864E-01 -0.2003851E-01
-0.4359710E+01  0.6369759E-01  0.2226609E-01
-0.3578455E+01 -0.2949245E-01 -0.6796015E-01
-0.3189552E+01 -0.7556940E-02 -0.1714261E-01
-0.2812752E+01 -0.2302095E+00 -0.2497264E+00
-0.2434602E+01 -0.8056321E-01 -0.2440088E+00
-0.2050450E+01 -0.1488459E+00 -0.1800881E+00
-0.1668229E+01 -0.1045926E-01 -0.3078756E+00
-0.1314365E+01 -0.2259726E+00  0.2771775E+00
-0.1014374E+01  0.8545079E+00 -0.1007681E+01
-0.7725617E+00 -0.2112404E+01  0.1547591E+01
-0.5825360E+00  0.2726526E+01 -0.2033322E+01
-0.4186687E+00 -0.1833634E+01  0.1353659E+01
-0.2188136E+00  0.3846343E+00 -0.4183972E+00
 0.1609227E+00 -0.1020837E+00  0.3164349E-01
 0.9678114E+00 -0.3863627E-01  0.1336074E+00
 0.2092832E+01  0.4774937E+00  0.4302851E+00
 0.2185830E+01 -0.7253374E+00 -0.8427375E+00
 0.2359554E+01  0.4403645E+00  0.4273024E+00
 0.2713628E+01 -0.4449503E-01 -0.1428503E+00
 0.3140063E+01  0.5820319E-01 -0.5382673E-01
 0.3593249E+01  0.1998055E-01 -0.6457262E-01
 0.4084790E+01 -0.7026324E-01  0.1359488E-01
 0.4629665E+01  0.3684539E-01 -0.2794090E-01
