 0.1000000E+00  0.4415240E-07  0.5251121E-02  0.0000000E+00  0.5251166E-02
 0.2000000E+00  0.1766087E-06  0.5251098E-02  0.0000000E+00  0.5251275E-02
 0.3000000E+00  0.3973659E-06  0.5251059E-02  0.0000000E+00  0.5251457E-02
 0.4000000E+00  0.7064196E-06  0.5251005E-02  0.0000000E+00  0.5251711E-02
 0.5000000E+00  0.1103763E-05  0.5250935E-02  0.0000000E+00  0.5252039E-02
 0.6000000E+00  0.1589389E-05  0.5250849E-02  0.0000000E+00  0.5252439E-02
 0.7000000E+00  0.2163286E-05  0.5250748E-02  0.0000000E+00  0.5252912E-02
 0.8000000E+00  0.2825442E-05  0.5250632E-02  0.0000000E+00  0.5253457E-02
 0.9000000E+00  0.3575844E-05  0.5250500E-02  0.0000000E+00  0.5254076E-02
 0.1000000E+01  0.4414477E-05  0.5250353E-02  0.0000000E+00  0.5254767E-02
 0.1100000E+01  0.5341323E-05  0.5250190E-02  0.0000000E+00  0.5255531E-02
 0.1200000E+01  0.6356362E-05  0.5250011E-02  0.0000000E+00  0.5256368E-02
 0.1300000E+01  0.7459573E-05  0.5249817E-02  0.0000000E+00  0.5257277E-02
 0.1400000E+01  0.8650935E-05  0.5249608E-02  0.0000000E+00  0.5258259E-02
 0.1500000E+01  0.9930421E-05  0.5249383E-02  0.0000000E+00  0.5259314E-02
 0.1600000E+01  0.1129801E-04  0.5249143E-02  0.0000000E+00  0.5260441E-02
 0.1700000E+01  0.1275366E-04  0.5248888E-02  0.0000000E+00  0.5261641E-02
 0.1800000E+01  0.1429736E-04  0.5248617E-02  0.0000000E+00  0.5262914E-02
 0.1900000E+01  0.1592906E-04  0.5248331E-02  0.0000000E+00  0.5264260E-02
 0.2000000E+01  0.1764874E-04  0.5248029E-02  0.0000000E+00  0.5265678E-02
 0.2100000E+01  0.1945635E-04  0.5247712E-02  0.0000000E+00  0.5267169E-02
 0.2200000E+01  0.2135187E-04  0.5247380E-02  0.0000000E+00  0.5268732E-02
 0.2300000E+01  0.2333525E-04  0.5247033E-02  0.0000000E+00  0.5270368E-02
 0.2400000E+01  0.2540645E-04  0.5246670E-02  0.0000000E+00  0.5272077E-02
 0.2500000E+01  0.2756543E-04  0.5246293E-02  0.0000000E+00  0.5273858E-02
 0.2600000E+01  0.2981214E-04  0.5245900E-02  0.0000000E+00  0.5275712E-02
 0.2700000E+01  0.3214655E-04  0.5245492E-02  0.0000000E+00  0.5277638E-02
 0.2800000E+01  0.3456859E-04  0.5245069E-02  0.0000000E+00  0.5279637E-02
 0.2900000E+01  0.3707821E-04  0.5244631E-02  0.0000000E+00  0.5281709E-02
 0.3000000E+01  0.3967538E-04  0.5244177E-02  0.0000000E+00  0.5283853E-02
 0.3100000E+01  0.4236003E-04  0.5243709E-02  0.0000000E+00  0.5286069E-02
 0.3200000E+01  0.4513211E-04  0.5243226E-02  0.0000000E+00  0.5288358E-02
 0.3300000E+01  0.4799156E-04  0.5242728E-02  0.0000000E+00  0.5290720E-02
 0.3400000E+01  0.5093833E-04  0.5242215E-02  0.0000000E+00  0.5293154E-02
 0.3500000E+01  0.5397234E-04  0.5241688E-02  0.0000000E+00  0.5295660E-02
 0.3600000E+01  0.5709355E-04  0.5241145E-02  0.0000000E+00  0.5298239E-02
 0.3700000E+01  0.6030188E-04  0.5240588E-02  0.0000000E+00  0.5300890E-02
 0.3800000E+01  0.6359727E-04  0.5240016E-02  0.0000000E+00  0.5303613E-02
 0.3900000E+01  0.6697965E-04  0.5239430E-02  0.0000000E+00  0.5306409E-02
 0.4000000E+01  0.7044895E-04  0.5238829E-02  0.0000000E+00  0.5309277E-02
 0.4100000E+01  0.7400511E-04  0.5238213E-02  0.0000000E+00  0.5312218E-02
 0.4200000E+01  0.7764804E-04  0.5237583E-02  0.0000000E+00  0.5315231E-02
 0.4300000E+01  0.8137768E-04  0.5236938E-02  0.0000000E+00  0.5318316E-02
 0.4400000E+01  0.8519394E-04  0.5236279E-02  0.0000000E+00  0.5321473E-02
 0.4500000E+01  0.8909676E-04  0.5235606E-02  0.0000000E+00  0.5324702E-02
 0.4600000E+01  0.9308604E-04  0.5234918E-02  0.0000000E+00  0.5328004E-02
 0.4700000E+01  0.9716171E-04  0.5234216E-02  0.0000000E+00  0.5331378E-02
 0.4800000E+01  0.1013237E-03  0.5233500E-02  0.0000000E+00  0.5334824E-02
 0.4900000E+01  0.1055719E-03  0.5232770E-02  0.0000000E+00  0.5338342E-02
 0.5000000E+01  0.1099062E-03  0.5232026E-02  0.0000000E+00  0.5341932E-02
 0.5100000E+01  0.1143266E-03  0.5231267E-02  0.0000000E+00  0.5345594E-02
 0.5200000E+01  0.1188329E-03  0.5230495E-02  0.0000000E+00  0.5349328E-02
 0.5300000E+01  0.1234251E-03  0.5229709E-02  0.0000000E+00  0.5353134E-02
 0.5400000E+01  0.1281030E-03  0.5228909E-02  0.0000000E+00  0.5357012E-02
 0.5500000E+01  0.1328666E-03  0.5228096E-02  0.0000000E+00  0.5360962E-02
 0.5600000E+01  0.1377158E-03  0.5227268E-02  0.0000000E+00  0.5364984E-02
 0.5700000E+01  0.1426505E-03  0.5226428E-02  0.0000000E+00  0.5369078E-02
 0.5800000E+01  0.1476706E-03  0.5225573E-02  0.0000000E+00  0.5373244E-02
 0.5900000E+01  0.1527759E-03  0.5224705E-02  0.0000000E+00  0.5377481E-02
 0.6000000E+01  0.1579664E-03  0.5223824E-02  0.0000000E+00  0.5381790E-02
 0.6100000E+01  0.1632419E-03  0.5222929E-02  0.0000000E+00  0.5386171E-02
 0.6200000E+01  0.1686025E-03  0.5222021E-02  0.0000000E+00  0.5390624E-02
 0.6300000E+01  0.1740478E-03  0.5221100E-02  0.0000000E+00  0.5395148E-02
 0.6400000E+01  0.1795780E-03  0.5220166E-02  0.0000000E+00  0.5399744E-02
 0.6500000E+01  0.1851927E-03  0.5219219E-02  0.0000000E+00  0.5404412E-02
 0.6600000E+01  0.1908919E-03  0.5218259E-02  0.0000000E+00  0.5409151E-02
 0.6700000E+01  0.1966756E-03  0.5217286E-02  0.0000000E+00  0.5413962E-02
 0.6800000E+01  0.2025435E-03  0.5216300E-02  0.0000000E+00  0.5418844E-02
 0.6900000E+01  0.2084956E-03  0.5215302E-02  0.0000000E+00  0.5423797E-02
 0.7000000E+01  0.2145318E-03  0.5214291E-02  0.0000000E+00  0.5428822E-02
 0.7100000E+01  0.2206519E-03  0.5213267E-02  0.0000000E+00  0.5433919E-02
 0.7200000E+01  0.2268557E-03  0.5212231E-02  0.0000000E+00  0.5439087E-02
 0.7300000E+01  0.2331433E-03  0.5211182E-02  0.0000000E+00  0.5444326E-02
 0.7400000E+01  0.2395144E-03  0.5210122E-02  0.0000000E+00  0.5449636E-02
 0.7500000E+01  0.2459689E-03  0.5209049E-02  0.0000000E+00  0.5455018E-02
 0.7600000E+01  0.2525067E-03  0.5207964E-02  0.0000000E+00  0.5460470E-02
 0.7700000E+01  0.2591276E-03  0.5206867E-02  0.0000000E+00  0.5465994E-02
 0.7800000E+01  0.2658316E-03  0.5205758E-02  0.0000000E+00  0.5471589E-02
 0.7900000E+01  0.2726185E-03  0.5204637E-02  0.0000000E+00  0.5477255E-02
 0.8000000E+01  0.2794882E-03  0.5203504E-02  0.0000000E+00  0.5482993E-02
 0.8100000E+01  0.2864404E-03  0.5202360E-02  0.0000000E+00  0.5488801E-02
 0.8200000E+01  0.2934752E-03  0.5201205E-02  0.0000000E+00  0.5494680E-02
 0.8300000E+01  0.3005923E-03  0.5200037E-02  0.0000000E+00  0.5500630E-02
 0.8400000E+01  0.3077915E-03  0.5198859E-02  0.0000000E+00  0.5506651E-02
 0.8500000E+01  0.3150729E-03  0.5197669E-02  0.0000000E+00  0.5512742E-02
 0.8600000E+01  0.3224362E-03  0.5196468E-02  0.0000000E+00  0.5518904E-02
 0.8700000E+01  0.3298812E-03  0.5195256E-02  0.0000000E+00  0.5525138E-02
 0.8800000E+01  0.3374078E-03  0.5194034E-02  0.0000000E+00  0.5531441E-02
 0.8900000E+01  0.3450159E-03  0.5192800E-02  0.0000000E+00  0.5537816E-02
 0.9000000E+01  0.3527054E-03  0.5191555E-02  0.0000000E+00  0.5544261E-02
 0.9100000E+01  0.3604760E-03  0.5190300E-02  0.0000000E+00  0.5550776E-02
 0.9200000E+01  0.3683276E-03  0.5189035E-02  0.0000000E+00  0.5557362E-02
 0.9300000E+01  0.3762600E-03  0.5187759E-02  0.0000000E+00  0.5564019E-02
 0.9400000E+01  0.3842732E-03  0.5186472E-02  0.0000000E+00  0.5570746E-02
 0.9500000E+01  0.3923669E-03  0.5185176E-02  0.0000000E+00  0.5577543E-02
 0.9600000E+01  0.4005410E-03  0.5183869E-02  0.0000000E+00  0.5584410E-02
 0.9700000E+01  0.4087954E-03  0.5182553E-02  0.0000000E+00  0.5591348E-02
 0.9800000E+01  0.4171297E-03  0.5181226E-02  0.0000000E+00  0.5598356E-02
 0.9900000E+01  0.4255440E-03  0.5179890E-02  0.0000000E+00  0.5605434E-02
 0.1000000E+02  0.4340381E-03  0.5178544E-02  0.0000000E+00  0.5612582E-02
 0.1010000E+02  0.4426116E-03  0.5177189E-02  0.0000000E+00  0.5619801E-02
 0.1020000E+02  0.4512646E-03  0.5175824E-02  0.0000000E+00  0.5627089E-02
 0.1030000E+02  0.4599968E-03  0.5174450E-02  0.0000000E+00  0.5634447E-02
 0.1040000E+02  0.4688081E-03  0.5173067E-02  0.0000000E+00  0.5641875E-02
 0.1050000E+02  0.4776983E-03  0.5171675E-02  0.0000000E+00  0.5649373E-02
 0.1060000E+02  0.4866672E-03  0.5170274E-02  0.0000000E+00  0.5656941E-02
 0.1070000E+02  0.4957146E-03  0.5168864E-02  0.0000000E+00  0.5664578E-02
 0.1080000E+02  0.5048404E-03  0.5167445E-02  0.0000000E+00  0.5672286E-02
 0.1090000E+02  0.5140444E-03  0.5166018E-02  0.0000000E+00  0.5680062E-02
 0.1100000E+02  0.5233264E-03  0.5164583E-02  0.0000000E+00  0.5687909E-02
 0.1110000E+02  0.5326862E-03  0.5163139E-02  0.0000000E+00  0.5695825E-02
 0.1120000E+02  0.5421237E-03  0.5161687E-02  0.0000000E+00  0.5703810E-02
 0.1130000E+02  0.5516386E-03  0.5160227E-02  0.0000000E+00  0.5711865E-02
 0.1140000E+02  0.5612308E-03  0.5158759E-02  0.0000000E+00  0.5719989E-02
 0.1150000E+02  0.5709002E-03  0.5157283E-02  0.0000000E+00  0.5728183E-02
 0.1160000E+02  0.5806464E-03  0.5155799E-02  0.0000000E+00  0.5736446E-02
 0.1170000E+02  0.5904694E-03  0.5154308E-02  0.0000000E+00  0.5744778E-02
 0.1180000E+02  0.6003689E-03  0.5152810E-02  0.0000000E+00  0.5753179E-02
 0.1190000E+02  0.6103447E-03  0.5151305E-02  0.0000000E+00  0.5761649E-02
 0.1200000E+02  0.6203968E-03  0.5149792E-02  0.0000000E+00  0.5770189E-02
 0.1210000E+02  0.6305247E-03  0.5148272E-02  0.0000000E+00  0.5778797E-02
 0.1220000E+02  0.6407285E-03  0.5146746E-02  0.0000000E+00  0.5787474E-02
 0.1230000E+02  0.6510078E-03  0.5145212E-02  0.0000000E+00  0.5796220E-02
 0.1240000E+02  0.6613625E-03  0.5143673E-02  0.0000000E+00  0.5805035E-02
 0.1250000E+02  0.6717924E-03  0.5142126E-02  0.0000000E+00  0.5813919E-02
 0.1260000E+02  0.6822973E-03  0.5140574E-02  0.0000000E+00  0.5822871E-02
 0.1270000E+02  0.6928770E-03  0.5139015E-02  0.0000000E+00  0.5831892E-02
 0.1280000E+02  0.7035313E-03  0.5137450E-02  0.0000000E+00  0.5840982E-02
 0.1290000E+02  0.7142599E-03  0.5135880E-02  0.0000000E+00  0.5850140E-02
 0.1300000E+02  0.7250628E-03  0.5134303E-02  0.0000000E+00  0.5859366E-02
 0.1310000E+02  0.7359396E-03  0.5132721E-02  0.0000000E+00  0.5868661E-02
 0.1320000E+02  0.7468902E-03  0.5131134E-02  0.0000000E+00  0.5878024E-02
 0.1330000E+02  0.7579144E-03  0.5129542E-02  0.0000000E+00  0.5887456E-02
 0.1340000E+02  0.7690119E-03  0.5127944E-02  0.0000000E+00  0.5896956E-02
 0.1350000E+02  0.7801826E-03  0.5126341E-02  0.0000000E+00  0.5906524E-02
 0.1360000E+02  0.7914262E-03  0.5124733E-02  0.0000000E+00  0.5916160E-02
 0.1370000E+02  0.8027426E-03  0.5123121E-02  0.0000000E+00  0.5925864E-02
 0.1380000E+02  0.8141315E-03  0.5121504E-02  0.0000000E+00  0.5935636E-02
 0.1390000E+02  0.8255927E-03  0.5119883E-02  0.0000000E+00  0.5945476E-02
 0.1400000E+02  0.8371260E-03  0.5118258E-02  0.0000000E+00  0.5955384E-02
 0.1410000E+02  0.8487312E-03  0.5116628E-02  0.0000000E+00  0.5965359E-02
 0.1420000E+02  0.8604081E-03  0.5114994E-02  0.0000000E+00  0.5975403E-02
 0.1430000E+02  0.8721564E-03  0.5113357E-02  0.0000000E+00  0.5985514E-02
 0.1440000E+02  0.8839760E-03  0.5111716E-02  0.0000000E+00  0.5995692E-02
 0.1450000E+02  0.8958666E-03  0.5110072E-02  0.0000000E+00  0.6005939E-02
 0.1460000E+02  0.9078280E-03  0.5108424E-02  0.0000000E+00  0.6016252E-02
 0.1470000E+02  0.9198599E-03  0.5106773E-02  0.0000000E+00  0.6026633E-02
 0.1480000E+02  0.9319622E-03  0.5105120E-02  0.0000000E+00  0.6037082E-02
 0.1490000E+02  0.9441347E-03  0.5103463E-02  0.0000000E+00  0.6047598E-02
 0.1500000E+02  0.9563770E-03  0.5101804E-02  0.0000000E+00  0.6058181E-02
 0.1510000E+02  0.9686891E-03  0.5100142E-02  0.0000000E+00  0.6068831E-02
 0.1520000E+02  0.9810706E-03  0.5098477E-02  0.0000000E+00  0.6079548E-02
 0.1530000E+02  0.9935213E-03  0.5096811E-02  0.0000000E+00  0.6090332E-02
 0.1540000E+02  0.1006041E-02  0.5095143E-02  0.0000000E+00  0.6101184E-02
 0.1550000E+02  0.1018630E-02  0.5093472E-02  0.0000000E+00  0.6112102E-02
 0.1560000E+02  0.1031287E-02  0.5091800E-02  0.0000000E+00  0.6123087E-02
 0.1570000E+02  0.1044012E-02  0.5090127E-02  0.0000000E+00  0.6134139E-02
 0.1580000E+02  0.1056806E-02  0.5088452E-02  0.0000000E+00  0.6145257E-02
 0.1590000E+02  0.1069667E-02  0.5086776E-02  0.0000000E+00  0.6156443E-02
 0.1600000E+02  0.1082596E-02  0.5085099E-02  0.0000000E+00  0.6167695E-02
 0.1610000E+02  0.1095592E-02  0.5083421E-02  0.0000000E+00  0.6179013E-02
 0.1620000E+02  0.1108656E-02  0.5081742E-02  0.0000000E+00  0.6190398E-02
 0.1630000E+02  0.1121787E-02  0.5080063E-02  0.0000000E+00  0.6201849E-02
 0.1640000E+02  0.1134984E-02  0.5078383E-02  0.0000000E+00  0.6213367E-02
 0.1650000E+02  0.1148247E-02  0.5076703E-02  0.0000000E+00  0.6224950E-02
 0.1660000E+02  0.1161577E-02  0.5075023E-02  0.0000000E+00  0.6236601E-02
 0.1670000E+02  0.1174973E-02  0.5073344E-02  0.0000000E+00  0.6248317E-02
 0.1680000E+02  0.1188435E-02  0.5071664E-02  0.0000000E+00  0.6260099E-02
 0.1690000E+02  0.1201962E-02  0.5069986E-02  0.0000000E+00  0.6271947E-02
 0.1700000E+02  0.1215554E-02  0.5068307E-02  0.0000000E+00  0.6283862E-02
 0.1710000E+02  0.1229212E-02  0.5066630E-02  0.0000000E+00  0.6295842E-02
 0.1720000E+02  0.1242934E-02  0.5064954E-02  0.0000000E+00  0.6307888E-02
 0.1730000E+02  0.1256720E-02  0.5063279E-02  0.0000000E+00  0.6319999E-02
 0.1740000E+02  0.1270571E-02  0.5061605E-02  0.0000000E+00  0.6332177E-02
 0.1750000E+02  0.1284487E-02  0.5059933E-02  0.0000000E+00  0.6344419E-02
 0.1760000E+02  0.1298465E-02  0.5058263E-02  0.0000000E+00  0.6356728E-02
 0.1770000E+02  0.1312508E-02  0.5056594E-02  0.0000000E+00  0.6369102E-02
 0.1780000E+02  0.1326614E-02  0.5054928E-02  0.0000000E+00  0.6381541E-02
 0.1790000E+02  0.1340782E-02  0.5053264E-02  0.0000000E+00  0.6394046E-02
 0.1800000E+02  0.1355014E-02  0.5051602E-02  0.0000000E+00  0.6406616E-02
 0.1810000E+02  0.1369308E-02  0.5049943E-02  0.0000000E+00  0.6419251E-02
 0.1820000E+02  0.1383665E-02  0.5048287E-02  0.0000000E+00  0.6431952E-02
 0.1830000E+02  0.1398084E-02  0.5046634E-02  0.0000000E+00  0.6444717E-02
 0.1840000E+02  0.1412564E-02  0.5044984E-02  0.0000000E+00  0.6457548E-02
 0.1850000E+02  0.1427106E-02  0.5043337E-02  0.0000000E+00  0.6470443E-02
 0.1860000E+02  0.1441710E-02  0.5041694E-02  0.0000000E+00  0.6483403E-02
 0.1870000E+02  0.1456374E-02  0.5040054E-02  0.0000000E+00  0.6496428E-02
 0.1880000E+02  0.1471099E-02  0.5038419E-02  0.0000000E+00  0.6509518E-02
 0.1890000E+02  0.1485885E-02  0.5036788E-02  0.0000000E+00  0.6522673E-02
 0.1900000E+02  0.1500731E-02  0.5035161E-02  0.0000000E+00  0.6535892E-02
 0.1910000E+02  0.1515638E-02  0.5033538E-02  0.0000000E+00  0.6549176E-02
 0.1920000E+02  0.1530604E-02  0.5031920E-02  0.0000000E+00  0.6562524E-02
 0.1930000E+02  0.1545629E-02  0.5030307E-02  0.0000000E+00  0.6575936E-02
 0.1940000E+02  0.1560714E-02  0.5028699E-02  0.0000000E+00  0.6589413E-02
 0.1950000E+02  0.1575858E-02  0.5027096E-02  0.0000000E+00  0.6602954E-02
 0.1960000E+02  0.1591061E-02  0.5025499E-02  0.0000000E+00  0.6616560E-02
 0.1970000E+02  0.1606322E-02  0.5023907E-02  0.0000000E+00  0.6630229E-02
 0.1980000E+02  0.1621642E-02  0.5022321E-02  0.0000000E+00  0.6643963E-02
 0.1990000E+02  0.1637019E-02  0.5020741E-02  0.0000000E+00  0.6657761E-02
 0.2000000E+02  0.1652455E-02  0.5019167E-02  0.0000000E+00  0.6671622E-02
 0.2010000E+02  0.1667948E-02  0.5017600E-02  0.0000000E+00  0.6685547E-02
 0.2020000E+02  0.1683498E-02  0.5016039E-02  0.0000000E+00  0.6699537E-02
 0.2030000E+02  0.1699105E-02  0.5014485E-02  0.0000000E+00  0.6713590E-02
 0.2040000E+02  0.1714769E-02  0.5012938E-02  0.0000000E+00  0.6727706E-02
 0.2050000E+02  0.1730489E-02  0.5011398E-02  0.0000000E+00  0.6741886E-02
 0.2060000E+02  0.1746265E-02  0.5009865E-02  0.0000000E+00  0.6756130E-02
 0.2070000E+02  0.1762098E-02  0.5008340E-02  0.0000000E+00  0.6770437E-02
 0.2080000E+02  0.1777986E-02  0.5006822E-02  0.0000000E+00  0.6784808E-02
 0.2090000E+02  0.1793929E-02  0.5005313E-02  0.0000000E+00  0.6799242E-02
 0.2100000E+02  0.1809928E-02  0.5003812E-02  0.0000000E+00  0.6813739E-02
 0.2110000E+02  0.1825981E-02  0.5002318E-02  0.0000000E+00  0.6828300E-02
 0.2120000E+02  0.1842089E-02  0.5000834E-02  0.0000000E+00  0.6842923E-02
 0.2130000E+02  0.1858252E-02  0.4999358E-02  0.0000000E+00  0.6857610E-02
 0.2140000E+02  0.1874468E-02  0.4997891E-02  0.0000000E+00  0.6872359E-02
 0.2150000E+02  0.1890739E-02  0.4996433E-02  0.0000000E+00  0.6887172E-02
 0.2160000E+02  0.1907063E-02  0.4994985E-02  0.0000000E+00  0.6902047E-02
 0.2170000E+02  0.1923440E-02  0.4993546E-02  0.0000000E+00  0.6916986E-02
 0.2180000E+02  0.1939870E-02  0.4992116E-02  0.0000000E+00  0.6931987E-02
 0.2190000E+02  0.1956354E-02  0.4990697E-02  0.0000000E+00  0.6947050E-02
 0.2200000E+02  0.1972889E-02  0.4989287E-02  0.0000000E+00  0.6962176E-02
 0.2210000E+02  0.1989477E-02  0.4987888E-02  0.0000000E+00  0.6977365E-02
 0.2220000E+02  0.2006117E-02  0.4986499E-02  0.0000000E+00  0.6992616E-02
 0.2230000E+02  0.2022808E-02  0.4985122E-02  0.0000000E+00  0.7007930E-02
 0.2240000E+02  0.2039551E-02  0.4983755E-02  0.0000000E+00  0.7023306E-02
 0.2250000E+02  0.2056345E-02  0.4982399E-02  0.0000000E+00  0.7038744E-02
 0.2260000E+02  0.2073190E-02  0.4981054E-02  0.0000000E+00  0.7054244E-02
 0.2270000E+02  0.2090086E-02  0.4979721E-02  0.0000000E+00  0.7069807E-02
 0.2280000E+02  0.2107032E-02  0.4978399E-02  0.0000000E+00  0.7085431E-02
 0.2290000E+02  0.2124028E-02  0.4977090E-02  0.0000000E+00  0.7101118E-02
 0.2300000E+02  0.2141074E-02  0.4975792E-02  0.0000000E+00  0.7116866E-02
 0.2310000E+02  0.2158169E-02  0.4974507E-02  0.0000000E+00  0.7132676E-02
 0.2320000E+02  0.2175314E-02  0.4973235E-02  0.0000000E+00  0.7148549E-02
 0.2330000E+02  0.2192508E-02  0.4971975E-02  0.0000000E+00  0.7164482E-02
 0.2340000E+02  0.2209750E-02  0.4970728E-02  0.0000000E+00  0.7180478E-02
 0.2350000E+02  0.2227041E-02  0.4969494E-02  0.0000000E+00  0.7196535E-02
 0.2360000E+02  0.2244380E-02  0.4968273E-02  0.0000000E+00  0.7212654E-02
 0.2370000E+02  0.2261768E-02  0.4967066E-02  0.0000000E+00  0.7228834E-02
 0.2380000E+02  0.2279202E-02  0.4965873E-02  0.0000000E+00  0.7245075E-02
 0.2390000E+02  0.2296685E-02  0.4964693E-02  0.0000000E+00  0.7261378E-02
 0.2400000E+02  0.2314214E-02  0.4963528E-02  0.0000000E+00  0.7277742E-02
 0.2410000E+02  0.2331790E-02  0.4962377E-02  0.0000000E+00  0.7294167E-02
 0.2420000E+02  0.2349413E-02  0.4961241E-02  0.0000000E+00  0.7310654E-02
 0.2430000E+02  0.2367082E-02  0.4960119E-02  0.0000000E+00  0.7327201E-02
 0.2440000E+02  0.2384797E-02  0.4959013E-02  0.0000000E+00  0.7343810E-02
 0.2450000E+02  0.2402558E-02  0.4957921E-02  0.0000000E+00  0.7360479E-02
 0.2460000E+02  0.2420364E-02  0.4956845E-02  0.0000000E+00  0.7377209E-02
 0.2470000E+02  0.2438216E-02  0.4955785E-02  0.0000000E+00  0.7394000E-02
 0.2480000E+02  0.2456112E-02  0.4954740E-02  0.0000000E+00  0.7410852E-02
 0.2490000E+02  0.2474053E-02  0.4953712E-02  0.0000000E+00  0.7427765E-02
 0.2500000E+02  0.2492039E-02  0.4952699E-02  0.0000000E+00  0.7444738E-02
 0.2510000E+02  0.2510069E-02  0.4951703E-02  0.0000000E+00  0.7461772E-02
 0.2520000E+02  0.2528142E-02  0.4950723E-02  0.0000000E+00  0.7478866E-02
 0.2530000E+02  0.2546260E-02  0.4949761E-02  0.0000000E+00  0.7496020E-02
 0.2540000E+02  0.2564420E-02  0.4948815E-02  0.0000000E+00  0.7513235E-02
 0.2550000E+02  0.2582624E-02  0.4947887E-02  0.0000000E+00  0.7530511E-02
 0.2560000E+02  0.2600870E-02  0.4946976E-02  0.0000000E+00  0.7547846E-02
 0.2570000E+02  0.2619159E-02  0.4946083E-02  0.0000000E+00  0.7565242E-02
 0.2580000E+02  0.2637490E-02  0.4945207E-02  0.0000000E+00  0.7582697E-02
 0.2590000E+02  0.2655863E-02  0.4944350E-02  0.0000000E+00  0.7600213E-02
 0.2600000E+02  0.2674278E-02  0.4943511E-02  0.0000000E+00  0.7617789E-02
 0.2610000E+02  0.2692734E-02  0.4942691E-02  0.0000000E+00  0.7635424E-02
 0.2620000E+02  0.2711231E-02  0.4941889E-02  0.0000000E+00  0.7653120E-02
 0.2630000E+02  0.2729769E-02  0.4941106E-02  0.0000000E+00  0.7670875E-02
 0.2640000E+02  0.2748348E-02  0.4940342E-02  0.0000000E+00  0.7688690E-02
 0.2650000E+02  0.2766967E-02  0.4939597E-02  0.0000000E+00  0.7706565E-02
 0.2660000E+02  0.2785626E-02  0.4938873E-02  0.0000000E+00  0.7724499E-02
 0.2670000E+02  0.2804325E-02  0.4938167E-02  0.0000000E+00  0.7742492E-02
 0.2680000E+02  0.2823063E-02  0.4937482E-02  0.0000000E+00  0.7760546E-02
 0.2690000E+02  0.2841841E-02  0.4936817E-02  0.0000000E+00  0.7778658E-02
 0.2700000E+02  0.2860658E-02  0.4936172E-02  0.0000000E+00  0.7796830E-02
 0.2710000E+02  0.2879513E-02  0.4935548E-02  0.0000000E+00  0.7815061E-02
 0.2720000E+02  0.2898407E-02  0.4934945E-02  0.0000000E+00  0.7833351E-02
 0.2730000E+02  0.2917339E-02  0.4934362E-02  0.0000000E+00  0.7851701E-02
 0.2740000E+02  0.2936308E-02  0.4933801E-02  0.0000000E+00  0.7870110E-02
 0.2750000E+02  0.2955316E-02  0.4933262E-02  0.0000000E+00  0.7888577E-02
 0.2760000E+02  0.2974360E-02  0.4932743E-02  0.0000000E+00  0.7907104E-02
 0.2770000E+02  0.2993442E-02  0.4932247E-02  0.0000000E+00  0.7925689E-02
 0.2780000E+02  0.3012560E-02  0.4931773E-02  0.0000000E+00  0.7944333E-02
 0.2790000E+02  0.3031715E-02  0.4931321E-02  0.0000000E+00  0.7963036E-02
 0.2800000E+02  0.3050907E-02  0.4930891E-02  0.0000000E+00  0.7981798E-02
 0.2810000E+02  0.3070134E-02  0.4930485E-02  0.0000000E+00  0.8000619E-02
 0.2820000E+02  0.3089397E-02  0.4930101E-02  0.0000000E+00  0.8019498E-02
 0.2830000E+02  0.3108695E-02  0.4929740E-02  0.0000000E+00  0.8038435E-02
 0.2840000E+02  0.3128029E-02  0.4929402E-02  0.0000000E+00  0.8057431E-02
 0.2850000E+02  0.3147397E-02  0.4929088E-02  0.0000000E+00  0.8076485E-02
 0.2860000E+02  0.3166800E-02  0.4928798E-02  0.0000000E+00  0.8095598E-02
 0.2870000E+02  0.3186238E-02  0.4928532E-02  0.0000000E+00  0.8114769E-02
 0.2880000E+02  0.3205709E-02  0.4928289E-02  0.0000000E+00  0.8133998E-02
 0.2890000E+02  0.3225214E-02  0.4928071E-02  0.0000000E+00  0.8153286E-02
 0.2900000E+02  0.3244753E-02  0.4927878E-02  0.0000000E+00  0.8172631E-02
 0.2910000E+02  0.3264325E-02  0.4927709E-02  0.0000000E+00  0.8192035E-02
 0.2920000E+02  0.3283930E-02  0.4927566E-02  0.0000000E+00  0.8211496E-02
 0.2930000E+02  0.3303568E-02  0.4927447E-02  0.0000000E+00  0.8231015E-02
 0.2940000E+02  0.3323238E-02  0.4927354E-02  0.0000000E+00  0.8250593E-02
 0.2950000E+02  0.3342941E-02  0.4927287E-02  0.0000000E+00  0.8270228E-02
 0.2960000E+02  0.3362675E-02  0.4927245E-02  0.0000000E+00  0.8289920E-02
 0.2970000E+02  0.3382441E-02  0.4927230E-02  0.0000000E+00  0.8309671E-02
 0.2980000E+02  0.3402238E-02  0.4927240E-02  0.0000000E+00  0.8329479E-02
 0.2990000E+02  0.3422067E-02  0.4927277E-02  0.0000000E+00  0.8349344E-02
 0.3000000E+02  0.3441926E-02  0.4927341E-02  0.0000000E+00  0.8369267E-02
 0.3010000E+02  0.3461816E-02  0.4927432E-02  0.0000000E+00  0.8389248E-02
 0.3020000E+02  0.3481736E-02  0.4927549E-02  0.0000000E+00  0.8409285E-02
 0.3030000E+02  0.3501686E-02  0.4927694E-02  0.0000000E+00  0.8429381E-02
 0.3040000E+02  0.3521666E-02  0.4927867E-02  0.0000000E+00  0.8449533E-02
 0.3050000E+02  0.3541676E-02  0.4928067E-02  0.0000000E+00  0.8469743E-02
 0.3060000E+02  0.3561715E-02  0.4928294E-02  0.0000000E+00  0.8490009E-02
 0.3070000E+02  0.3581783E-02  0.4928550E-02  0.0000000E+00  0.8510333E-02
 0.3080000E+02  0.3601879E-02  0.4928835E-02  0.0000000E+00  0.8530714E-02
 0.3090000E+02  0.3622004E-02  0.4929148E-02  0.0000000E+00  0.8551152E-02
 0.3100000E+02  0.3642157E-02  0.4929489E-02  0.0000000E+00  0.8571646E-02
 0.3110000E+02  0.3662338E-02  0.4929860E-02  0.0000000E+00  0.8592198E-02
 0.3120000E+02  0.3682547E-02  0.4930259E-02  0.0000000E+00  0.8612806E-02
 0.3130000E+02  0.3702783E-02  0.4930688E-02  0.0000000E+00  0.8633471E-02
 0.3140000E+02  0.3723046E-02  0.4931147E-02  0.0000000E+00  0.8654192E-02
 0.3150000E+02  0.3743336E-02  0.4931635E-02  0.0000000E+00  0.8674971E-02
 0.3160000E+02  0.3763652E-02  0.4932153E-02  0.0000000E+00  0.8695805E-02
 0.3170000E+02  0.3783995E-02  0.4932702E-02  0.0000000E+00  0.8716697E-02
 0.3180000E+02  0.3804364E-02  0.4933280E-02  0.0000000E+00  0.8737644E-02
 0.3190000E+02  0.3824759E-02  0.4933890E-02  0.0000000E+00  0.8758648E-02
 0.3200000E+02  0.3845179E-02  0.4934530E-02  0.0000000E+00  0.8779709E-02
 0.3210000E+02  0.3865625E-02  0.4935201E-02  0.0000000E+00  0.8800825E-02
 0.3220000E+02  0.3886095E-02  0.4935903E-02  0.0000000E+00  0.8821998E-02
 0.3230000E+02  0.3906591E-02  0.4936636E-02  0.0000000E+00  0.8843227E-02
 0.3240000E+02  0.3927110E-02  0.4937402E-02  0.0000000E+00  0.8864512E-02
 0.3250000E+02  0.3947654E-02  0.4938199E-02  0.0000000E+00  0.8885853E-02
 0.3260000E+02  0.3968222E-02  0.4939028E-02  0.0000000E+00  0.8907250E-02
 0.3270000E+02  0.3988814E-02  0.4939889E-02  0.0000000E+00  0.8928703E-02
 0.3280000E+02  0.4009429E-02  0.4940783E-02  0.0000000E+00  0.8950212E-02
 0.3290000E+02  0.4030067E-02  0.4941709E-02  0.0000000E+00  0.8971776E-02
 0.3300000E+02  0.4050728E-02  0.4942668E-02  0.0000000E+00  0.8993396E-02
 0.3310000E+02  0.4071412E-02  0.4943660E-02  0.0000000E+00  0.9015072E-02
 0.3320000E+02  0.4092119E-02  0.4944685E-02  0.0000000E+00  0.9036804E-02
 0.3330000E+02  0.4112847E-02  0.4945744E-02  0.0000000E+00  0.9058591E-02
 0.3340000E+02  0.4133597E-02  0.4946836E-02  0.0000000E+00  0.9080433E-02
 0.3350000E+02  0.4154369E-02  0.4947962E-02  0.0000000E+00  0.9102331E-02
 0.3360000E+02  0.4175162E-02  0.4949122E-02  0.0000000E+00  0.9124285E-02
 0.3370000E+02  0.4195977E-02  0.4950317E-02  0.0000000E+00  0.9146294E-02
 0.3380000E+02  0.4216812E-02  0.4951546E-02  0.0000000E+00  0.9168358E-02
 0.3390000E+02  0.4237668E-02  0.4952809E-02  0.0000000E+00  0.9190477E-02
 0.3400000E+02  0.4258544E-02  0.4954107E-02  0.0000000E+00  0.9212651E-02
 0.3410000E+02  0.4279440E-02  0.4955441E-02  0.0000000E+00  0.9234881E-02
 0.3420000E+02  0.4300356E-02  0.4956809E-02  0.0000000E+00  0.9257165E-02
 0.3430000E+02  0.4321292E-02  0.4958213E-02  0.0000000E+00  0.9279505E-02
 0.3440000E+02  0.4342247E-02  0.4959652E-02  0.0000000E+00  0.9301899E-02
 0.3450000E+02  0.4363221E-02  0.4961128E-02  0.0000000E+00  0.9324349E-02
 0.3460000E+02  0.4384214E-02  0.4962639E-02  0.0000000E+00  0.9346853E-02
 0.3470000E+02  0.4405225E-02  0.4964187E-02  0.0000000E+00  0.9369412E-02
 0.3480000E+02  0.4426255E-02  0.4965771E-02  0.0000000E+00  0.9392025E-02
 0.3490000E+02  0.4447302E-02  0.4967391E-02  0.0000000E+00  0.9414693E-02
 0.3500000E+02  0.4468368E-02  0.4969049E-02  0.0000000E+00  0.9437416E-02
 0.3510000E+02  0.4489451E-02  0.4970743E-02  0.0000000E+00  0.9460194E-02
 0.3520000E+02  0.4510551E-02  0.4972475E-02  0.0000000E+00  0.9483026E-02
 0.3530000E+02  0.4531668E-02  0.4974243E-02  0.0000000E+00  0.9505912E-02
 0.3540000E+02  0.4552803E-02  0.4976050E-02  0.0000000E+00  0.9528853E-02
 0.3550000E+02  0.4573953E-02  0.4977894E-02  0.0000000E+00  0.9551848E-02
 0.3560000E+02  0.4595120E-02  0.4979777E-02  0.0000000E+00  0.9574897E-02
 0.3570000E+02  0.4616303E-02  0.4981697E-02  0.0000000E+00  0.9598000E-02
 0.3580000E+02  0.4637502E-02  0.4983656E-02  0.0000000E+00  0.9621158E-02
 0.3590000E+02  0.4658716E-02  0.4985653E-02  0.0000000E+00  0.9644370E-02
 0.3600000E+02  0.4679946E-02  0.4987689E-02  0.0000000E+00  0.9667635E-02
 0.3610000E+02  0.4701191E-02  0.4989764E-02  0.0000000E+00  0.9690955E-02
 0.3620000E+02  0.4722450E-02  0.4991878E-02  0.0000000E+00  0.9714328E-02
 0.3630000E+02  0.4743724E-02  0.4994032E-02  0.0000000E+00  0.9737756E-02
 0.3640000E+02  0.4765012E-02  0.4996225E-02  0.0000000E+00  0.9761237E-02
 0.3650000E+02  0.4786315E-02  0.4998458E-02  0.0000000E+00  0.9784772E-02
 0.3660000E+02  0.4807631E-02  0.5000730E-02  0.0000000E+00  0.9808361E-02
 0.3670000E+02  0.4828960E-02  0.5003043E-02  0.0000000E+00  0.9832003E-02
 0.3680000E+02  0.4850303E-02  0.5005396E-02  0.0000000E+00  0.9855699E-02
 0.3690000E+02  0.4871659E-02  0.5007789E-02  0.0000000E+00  0.9879449E-02
 0.3700000E+02  0.4893028E-02  0.5010223E-02  0.0000000E+00  0.9903252E-02
 0.3710000E+02  0.4914410E-02  0.5012698E-02  0.0000000E+00  0.9927108E-02
 0.3720000E+02  0.4935803E-02  0.5015214E-02  0.0000000E+00  0.9951018E-02
 0.3730000E+02  0.4957209E-02  0.5017771E-02  0.0000000E+00  0.9974981E-02
 0.3740000E+02  0.4978627E-02  0.5020370E-02  0.0000000E+00  0.9998997E-02
 0.3750000E+02  0.5000056E-02  0.5023010E-02  0.0000000E+00  0.1002307E-01
 0.3760000E+02  0.5021497E-02  0.5025692E-02  0.0000000E+00  0.1004719E-01
 0.3770000E+02  0.5042949E-02  0.5028416E-02  0.0000000E+00  0.1007136E-01
 0.3780000E+02  0.5064411E-02  0.5031182E-02  0.0000000E+00  0.1009559E-01
 0.3790000E+02  0.5085885E-02  0.5033990E-02  0.0000000E+00  0.1011987E-01
 0.3800000E+02  0.5107368E-02  0.5036841E-02  0.0000000E+00  0.1014421E-01
 0.3810000E+02  0.5128862E-02  0.5039734E-02  0.0000000E+00  0.1016860E-01
 0.3820000E+02  0.5150366E-02  0.5042671E-02  0.0000000E+00  0.1019304E-01
 0.3830000E+02  0.5171879E-02  0.5045650E-02  0.0000000E+00  0.1021753E-01
 0.3840000E+02  0.5193402E-02  0.5048673E-02  0.0000000E+00  0.1024208E-01
 0.3850000E+02  0.5214934E-02  0.5051739E-02  0.0000000E+00  0.1026667E-01
 0.3860000E+02  0.5236476E-02  0.5054849E-02  0.0000000E+00  0.1029132E-01
 0.3870000E+02  0.5258025E-02  0.5058002E-02  0.0000000E+00  0.1031603E-01
 0.3880000E+02  0.5279584E-02  0.5061200E-02  0.0000000E+00  0.1034078E-01
 0.3890000E+02  0.5301150E-02  0.5064441E-02  0.0000000E+00  0.1036559E-01
 0.3900000E+02  0.5322725E-02  0.5067727E-02  0.0000000E+00  0.1039045E-01
 0.3910000E+02  0.5344307E-02  0.5071058E-02  0.0000000E+00  0.1041536E-01
 0.3920000E+02  0.5365897E-02  0.5074433E-02  0.0000000E+00  0.1044033E-01
 0.3930000E+02  0.5387494E-02  0.5077853E-02  0.0000000E+00  0.1046535E-01
 0.3940000E+02  0.5409098E-02  0.5081318E-02  0.0000000E+00  0.1049042E-01
 0.3950000E+02  0.5430709E-02  0.5084828E-02  0.0000000E+00  0.1051554E-01
 0.3960000E+02  0.5452327E-02  0.5088384E-02  0.0000000E+00  0.1054071E-01
 0.3970000E+02  0.5473951E-02  0.5091985E-02  0.0000000E+00  0.1056594E-01
 0.3980000E+02  0.5495581E-02  0.5095632E-02  0.0000000E+00  0.1059121E-01
 0.3990000E+02  0.5517218E-02  0.5099325E-02  0.0000000E+00  0.1061654E-01
 0.4000000E+02  0.5538859E-02  0.5103064E-02  0.0000000E+00  0.1064192E-01
 0.4010000E+02  0.5560507E-02  0.5106849E-02  0.0000000E+00  0.1066736E-01
 0.4020000E+02  0.5582159E-02  0.5110681E-02  0.0000000E+00  0.1069284E-01
 0.4030000E+02  0.5603817E-02  0.5114559E-02  0.0000000E+00  0.1071838E-01
 0.4040000E+02  0.5625479E-02  0.5118484E-02  0.0000000E+00  0.1074396E-01
 0.4050000E+02  0.5647146E-02  0.5122456E-02  0.0000000E+00  0.1076960E-01
 0.4060000E+02  0.5668817E-02  0.5126475E-02  0.0000000E+00  0.1079529E-01
 0.4070000E+02  0.5690492E-02  0.5130541E-02  0.0000000E+00  0.1082103E-01
 0.4080000E+02  0.5712171E-02  0.5134655E-02  0.0000000E+00  0.1084683E-01
 0.4090000E+02  0.5733853E-02  0.5138817E-02  0.0000000E+00  0.1087267E-01
 0.4100000E+02  0.5755539E-02  0.5143026E-02  0.0000000E+00  0.1089857E-01
 0.4110000E+02  0.5777229E-02  0.5147283E-02  0.0000000E+00  0.1092451E-01
 0.4120000E+02  0.5798921E-02  0.5151589E-02  0.0000000E+00  0.1095051E-01
 0.4130000E+02  0.5820616E-02  0.5155942E-02  0.0000000E+00  0.1097656E-01
 0.4140000E+02  0.5842313E-02  0.5160345E-02  0.0000000E+00  0.1100266E-01
 0.4150000E+02  0.5864012E-02  0.5164795E-02  0.0000000E+00  0.1102881E-01
 0.4160000E+02  0.5885714E-02  0.5169295E-02  0.0000000E+00  0.1105501E-01
 0.4170000E+02  0.5907417E-02  0.5173844E-02  0.0000000E+00  0.1108126E-01
 0.4180000E+02  0.5929122E-02  0.5178441E-02  0.0000000E+00  0.1110756E-01
 0.4190000E+02  0.5950829E-02  0.5183088E-02  0.0000000E+00  0.1113392E-01
 0.4200000E+02  0.5972536E-02  0.5187785E-02  0.0000000E+00  0.1116032E-01
 0.4210000E+02  0.5994245E-02  0.5192531E-02  0.0000000E+00  0.1118678E-01
 0.4220000E+02  0.6015954E-02  0.5197327E-02  0.0000000E+00  0.1121328E-01
 0.4230000E+02  0.6037664E-02  0.5202172E-02  0.0000000E+00  0.1123984E-01
 0.4240000E+02  0.6059373E-02  0.5207068E-02  0.0000000E+00  0.1126644E-01
 0.4250000E+02  0.6081083E-02  0.5212014E-02  0.0000000E+00  0.1129310E-01
 0.4260000E+02  0.6102793E-02  0.5217011E-02  0.0000000E+00  0.1131980E-01
 0.4270000E+02  0.6124502E-02  0.5222058E-02  0.0000000E+00  0.1134656E-01
 0.4280000E+02  0.6146211E-02  0.5227156E-02  0.0000000E+00  0.1137337E-01
 0.4290000E+02  0.6167919E-02  0.5232305E-02  0.0000000E+00  0.1140022E-01
 0.4300000E+02  0.6189626E-02  0.5237505E-02  0.0000000E+00  0.1142713E-01
 0.4310000E+02  0.6211331E-02  0.5242756E-02  0.0000000E+00  0.1145409E-01
 0.4320000E+02  0.6233036E-02  0.5248058E-02  0.0000000E+00  0.1148109E-01
 0.4330000E+02  0.6254738E-02  0.5253412E-02  0.0000000E+00  0.1150815E-01
 0.4340000E+02  0.6276438E-02  0.5258817E-02  0.0000000E+00  0.1153526E-01
 0.4350000E+02  0.6298137E-02  0.5264275E-02  0.0000000E+00  0.1156241E-01
 0.4360000E+02  0.6319833E-02  0.5269784E-02  0.0000000E+00  0.1158962E-01
 0.4370000E+02  0.6341526E-02  0.5275346E-02  0.0000000E+00  0.1161687E-01
 0.4380000E+02  0.6363217E-02  0.5280959E-02  0.0000000E+00  0.1164418E-01
 0.4390000E+02  0.6384904E-02  0.5286626E-02  0.0000000E+00  0.1167153E-01
 0.4400000E+02  0.6406589E-02  0.5292344E-02  0.0000000E+00  0.1169893E-01
 0.4410000E+02  0.6428270E-02  0.5298116E-02  0.0000000E+00  0.1172639E-01
 0.4420000E+02  0.6449947E-02  0.5303940E-02  0.0000000E+00  0.1175389E-01
 0.4430000E+02  0.6471620E-02  0.5309818E-02  0.0000000E+00  0.1178144E-01
 0.4440000E+02  0.6493290E-02  0.5315748E-02  0.0000000E+00  0.1180904E-01
 0.4450000E+02  0.6514955E-02  0.5321732E-02  0.0000000E+00  0.1183669E-01
 0.4460000E+02  0.6536616E-02  0.5327770E-02  0.0000000E+00  0.1186439E-01
 0.4470000E+02  0.6558272E-02  0.5333861E-02  0.0000000E+00  0.1189213E-01
 0.4480000E+02  0.6579923E-02  0.5340006E-02  0.0000000E+00  0.1191993E-01
 0.4490000E+02  0.6601569E-02  0.5346204E-02  0.0000000E+00  0.1194777E-01
 0.4500000E+02  0.6623209E-02  0.5352457E-02  0.0000000E+00  0.1197567E-01
 0.4510000E+02  0.6644844E-02  0.5358764E-02  0.0000000E+00  0.1200361E-01
 0.4520000E+02  0.6666474E-02  0.5365125E-02  0.0000000E+00  0.1203160E-01
 0.4530000E+02  0.6688097E-02  0.5371541E-02  0.0000000E+00  0.1205964E-01
 0.4540000E+02  0.6709714E-02  0.5378012E-02  0.0000000E+00  0.1208773E-01
 0.4550000E+02  0.6731325E-02  0.5384537E-02  0.0000000E+00  0.1211586E-01
 0.4560000E+02  0.6752930E-02  0.5391117E-02  0.0000000E+00  0.1214405E-01
 0.4570000E+02  0.6774527E-02  0.5397752E-02  0.0000000E+00  0.1217228E-01
 0.4580000E+02  0.6796118E-02  0.5404442E-02  0.0000000E+00  0.1220056E-01
 0.4590000E+02  0.6817701E-02  0.5411188E-02  0.0000000E+00  0.1222889E-01
 0.4600000E+02  0.6839277E-02  0.5417989E-02  0.0000000E+00  0.1225727E-01
 0.4610000E+02  0.6860846E-02  0.5424846E-02  0.0000000E+00  0.1228569E-01
 0.4620000E+02  0.6882406E-02  0.5431758E-02  0.0000000E+00  0.1231416E-01
 0.4630000E+02  0.6903959E-02  0.5438726E-02  0.0000000E+00  0.1234268E-01
 0.4640000E+02  0.6925503E-02  0.5445750E-02  0.0000000E+00  0.1237125E-01
 0.4650000E+02  0.6947039E-02  0.5452831E-02  0.0000000E+00  0.1239987E-01
 0.4660000E+02  0.6968567E-02  0.5459967E-02  0.0000000E+00  0.1242853E-01
 0.4670000E+02  0.6990085E-02  0.5467160E-02  0.0000000E+00  0.1245725E-01
 0.4680000E+02  0.7011595E-02  0.5474410E-02  0.0000000E+00  0.1248600E-01
 0.4690000E+02  0.7033095E-02  0.5481716E-02  0.0000000E+00  0.1251481E-01
 0.4700000E+02  0.7054586E-02  0.5489079E-02  0.0000000E+00  0.1254367E-01
 0.4710000E+02  0.7076067E-02  0.5496499E-02  0.0000000E+00  0.1257257E-01
 0.4720000E+02  0.7097539E-02  0.5503976E-02  0.0000000E+00  0.1260151E-01
 0.4730000E+02  0.7119000E-02  0.5511510E-02  0.0000000E+00  0.1263051E-01
 0.4740000E+02  0.7140452E-02  0.5519102E-02  0.0000000E+00  0.1265955E-01
 0.4750000E+02  0.7161892E-02  0.5526751E-02  0.0000000E+00  0.1268864E-01
 0.4760000E+02  0.7183323E-02  0.5534457E-02  0.0000000E+00  0.1271778E-01
 0.4770000E+02  0.7204742E-02  0.5542221E-02  0.0000000E+00  0.1274696E-01
 0.4780000E+02  0.7226151E-02  0.5550043E-02  0.0000000E+00  0.1277619E-01
 0.4790000E+02  0.7247548E-02  0.5557923E-02  0.0000000E+00  0.1280547E-01
 0.4800000E+02  0.7268934E-02  0.5565861E-02  0.0000000E+00  0.1283479E-01
 0.4810000E+02  0.7290308E-02  0.5573857E-02  0.0000000E+00  0.1286417E-01
 0.4820000E+02  0.7311670E-02  0.5581911E-02  0.0000000E+00  0.1289358E-01
 0.4830000E+02  0.7333021E-02  0.5590024E-02  0.0000000E+00  0.1292305E-01
 0.4840000E+02  0.7354359E-02  0.5598196E-02  0.0000000E+00  0.1295255E-01
 0.4850000E+02  0.7375685E-02  0.5606426E-02  0.0000000E+00  0.1298211E-01
 0.4860000E+02  0.7396998E-02  0.5614714E-02  0.0000000E+00  0.1301171E-01
 0.4870000E+02  0.7418299E-02  0.5623062E-02  0.0000000E+00  0.1304136E-01
 0.4880000E+02  0.7439587E-02  0.5631469E-02  0.0000000E+00  0.1307106E-01
 0.4890000E+02  0.7460861E-02  0.5639935E-02  0.0000000E+00  0.1310080E-01
 0.4900000E+02  0.7482122E-02  0.5648460E-02  0.0000000E+00  0.1313058E-01
 0.4910000E+02  0.7503370E-02  0.5657044E-02  0.0000000E+00  0.1316041E-01
 0.4920000E+02  0.7524604E-02  0.5665688E-02  0.0000000E+00  0.1319029E-01
 0.4930000E+02  0.7545824E-02  0.5674392E-02  0.0000000E+00  0.1322022E-01
 0.4940000E+02  0.7567030E-02  0.5683155E-02  0.0000000E+00  0.1325018E-01
 0.4950000E+02  0.7588221E-02  0.5691978E-02  0.0000000E+00  0.1328020E-01
 0.4960000E+02  0.7609398E-02  0.5700861E-02  0.0000000E+00  0.1331026E-01
 0.4970000E+02  0.7630560E-02  0.5709804E-02  0.0000000E+00  0.1334036E-01
 0.4980000E+02  0.7651708E-02  0.5718807E-02  0.0000000E+00  0.1337052E-01
 0.4990000E+02  0.7672840E-02  0.5727871E-02  0.0000000E+00  0.1340071E-01
 0.5000000E+02  0.7693958E-02  0.5736994E-02  0.0000000E+00  0.1343095E-01
 0.5010000E+02  0.7715059E-02  0.5746179E-02  0.0000000E+00  0.1346124E-01
 0.5020000E+02  0.7736145E-02  0.5755424E-02  0.0000000E+00  0.1349157E-01
 0.5030000E+02  0.7757216E-02  0.5764729E-02  0.0000000E+00  0.1352194E-01
 0.5040000E+02  0.7778270E-02  0.5774095E-02  0.0000000E+00  0.1355237E-01
 0.5050000E+02  0.7799308E-02  0.5783523E-02  0.0000000E+00  0.1358283E-01
 0.5060000E+02  0.7820330E-02  0.5793011E-02  0.0000000E+00  0.1361334E-01
 0.5070000E+02  0.7841335E-02  0.5802560E-02  0.0000000E+00  0.1364390E-01
 0.5080000E+02  0.7862324E-02  0.5812171E-02  0.0000000E+00  0.1367449E-01
 0.5090000E+02  0.7883295E-02  0.5821843E-02  0.0000000E+00  0.1370514E-01
 0.5100000E+02  0.7904250E-02  0.5831576E-02  0.0000000E+00  0.1373583E-01
 0.5110000E+02  0.7925187E-02  0.5841371E-02  0.0000000E+00  0.1376656E-01
 0.5120000E+02  0.7946106E-02  0.5851227E-02  0.0000000E+00  0.1379733E-01
 0.5130000E+02  0.7967008E-02  0.5861145E-02  0.0000000E+00  0.1382815E-01
 0.5140000E+02  0.7987892E-02  0.5871125E-02  0.0000000E+00  0.1385902E-01
 0.5150000E+02  0.8008759E-02  0.5881167E-02  0.0000000E+00  0.1388993E-01
 0.5160000E+02  0.8029606E-02  0.5891271E-02  0.0000000E+00  0.1392088E-01
 0.5170000E+02  0.8050436E-02  0.5901437E-02  0.0000000E+00  0.1395187E-01
 0.5180000E+02  0.8071247E-02  0.5911665E-02  0.0000000E+00  0.1398291E-01
 0.5190000E+02  0.8092039E-02  0.5921955E-02  0.0000000E+00  0.1401399E-01
 0.5200000E+02  0.8112812E-02  0.5932308E-02  0.0000000E+00  0.1404512E-01
 0.5210000E+02  0.8133566E-02  0.5942724E-02  0.0000000E+00  0.1407629E-01
 0.5220000E+02  0.8154301E-02  0.5953201E-02  0.0000000E+00  0.1410750E-01
 0.5230000E+02  0.8175016E-02  0.5963742E-02  0.0000000E+00  0.1413876E-01
 0.5240000E+02  0.8195712E-02  0.5974345E-02  0.0000000E+00  0.1417006E-01
 0.5250000E+02  0.8216387E-02  0.5985011E-02  0.0000000E+00  0.1420140E-01
 0.5260000E+02  0.8237043E-02  0.5995740E-02  0.0000000E+00  0.1423278E-01
 0.5270000E+02  0.8257678E-02  0.6006532E-02  0.0000000E+00  0.1426421E-01
 0.5280000E+02  0.8278293E-02  0.6017388E-02  0.0000000E+00  0.1429568E-01
 0.5290000E+02  0.8298888E-02  0.6028306E-02  0.0000000E+00  0.1432719E-01
 0.5300000E+02  0.8319462E-02  0.6039288E-02  0.0000000E+00  0.1435875E-01
 0.5310000E+02  0.8340015E-02  0.6050333E-02  0.0000000E+00  0.1439035E-01
 0.5320000E+02  0.8360546E-02  0.6061441E-02  0.0000000E+00  0.1442199E-01
 0.5330000E+02  0.8381057E-02  0.6072613E-02  0.0000000E+00  0.1445367E-01
 0.5340000E+02  0.8401546E-02  0.6083849E-02  0.0000000E+00  0.1448539E-01
 0.5350000E+02  0.8422013E-02  0.6095148E-02  0.0000000E+00  0.1451716E-01
 0.5360000E+02  0.8442459E-02  0.6106511E-02  0.0000000E+00  0.1454897E-01
 0.5370000E+02  0.8462882E-02  0.6117938E-02  0.0000000E+00  0.1458082E-01
 0.5380000E+02  0.8483284E-02  0.6129429E-02  0.0000000E+00  0.1461271E-01
 0.5390000E+02  0.8503663E-02  0.6140984E-02  0.0000000E+00  0.1464465E-01
 0.5400000E+02  0.8524019E-02  0.6152603E-02  0.0000000E+00  0.1467662E-01
 0.5410000E+02  0.8544353E-02  0.6164286E-02  0.0000000E+00  0.1470864E-01
 0.5420000E+02  0.8564664E-02  0.6176033E-02  0.0000000E+00  0.1474070E-01
 0.5430000E+02  0.8584952E-02  0.6187845E-02  0.0000000E+00  0.1477280E-01
 0.5440000E+02  0.8605217E-02  0.6199721E-02  0.0000000E+00  0.1480494E-01
 0.5450000E+02  0.8625459E-02  0.6211662E-02  0.0000000E+00  0.1483712E-01
 0.5460000E+02  0.8645677E-02  0.6223667E-02  0.0000000E+00  0.1486934E-01
 0.5470000E+02  0.8665871E-02  0.6235737E-02  0.0000000E+00  0.1490161E-01
 0.5480000E+02  0.8686041E-02  0.6247871E-02  0.0000000E+00  0.1493391E-01
 0.5490000E+02  0.8706187E-02  0.6260071E-02  0.0000000E+00  0.1496626E-01
 0.5500000E+02  0.8726309E-02  0.6272335E-02  0.0000000E+00  0.1499864E-01
 0.5510000E+02  0.8746407E-02  0.6284664E-02  0.0000000E+00  0.1503107E-01
 0.5520000E+02  0.8766480E-02  0.6297058E-02  0.0000000E+00  0.1506354E-01
 0.5530000E+02  0.8786528E-02  0.6309517E-02  0.0000000E+00  0.1509604E-01
 0.5540000E+02  0.8806551E-02  0.6322041E-02  0.0000000E+00  0.1512859E-01
 0.5550000E+02  0.8826549E-02  0.6334630E-02  0.0000000E+00  0.1516118E-01
 0.5560000E+02  0.8846522E-02  0.6347285E-02  0.0000000E+00  0.1519381E-01
 0.5570000E+02  0.8866469E-02  0.6360004E-02  0.0000000E+00  0.1522647E-01
 0.5580000E+02  0.8886391E-02  0.6372790E-02  0.0000000E+00  0.1525918E-01
 0.5590000E+02  0.8906287E-02  0.6385640E-02  0.0000000E+00  0.1529193E-01
 0.5600000E+02  0.8926157E-02  0.6398556E-02  0.0000000E+00  0.1532471E-01
 0.5610000E+02  0.8946001E-02  0.6411538E-02  0.0000000E+00  0.1535754E-01
 0.5620000E+02  0.8965819E-02  0.6424585E-02  0.0000000E+00  0.1539040E-01
 0.5630000E+02  0.8985610E-02  0.6437698E-02  0.0000000E+00  0.1542331E-01
 0.5640000E+02  0.9005375E-02  0.6450877E-02  0.0000000E+00  0.1545625E-01
 0.5650000E+02  0.9025113E-02  0.6464122E-02  0.0000000E+00  0.1548923E-01
 0.5660000E+02  0.9044824E-02  0.6477432E-02  0.0000000E+00  0.1552226E-01
 0.5670000E+02  0.9064508E-02  0.6490808E-02  0.0000000E+00  0.1555532E-01
 0.5680000E+02  0.9084164E-02  0.6504251E-02  0.0000000E+00  0.1558841E-01
 0.5690000E+02  0.9103793E-02  0.6517759E-02  0.0000000E+00  0.1562155E-01
 0.5700000E+02  0.9123395E-02  0.6531333E-02  0.0000000E+00  0.1565473E-01
 0.5710000E+02  0.9142968E-02  0.6544974E-02  0.0000000E+00  0.1568794E-01
 0.5720000E+02  0.9162514E-02  0.6558681E-02  0.0000000E+00  0.1572119E-01
 0.5730000E+02  0.9182031E-02  0.6572453E-02  0.0000000E+00  0.1575448E-01
 0.5740000E+02  0.9201521E-02  0.6586293E-02  0.0000000E+00  0.1578781E-01
 0.5750000E+02  0.9220982E-02  0.6600198E-02  0.0000000E+00  0.1582118E-01
 0.5760000E+02  0.9240414E-02  0.6614170E-02  0.0000000E+00  0.1585458E-01
 0.5770000E+02  0.9259817E-02  0.6628209E-02  0.0000000E+00  0.1588803E-01
 0.5780000E+02  0.9279192E-02  0.6642314E-02  0.0000000E+00  0.1592151E-01
 0.5790000E+02  0.9298537E-02  0.6656485E-02  0.0000000E+00  0.1595502E-01
 0.5800000E+02  0.9317853E-02  0.6670723E-02  0.0000000E+00  0.1598858E-01
 0.5810000E+02  0.9337140E-02  0.6685028E-02  0.0000000E+00  0.1602217E-01
 0.5820000E+02  0.9356397E-02  0.6699399E-02  0.0000000E+00  0.1605580E-01
 0.5830000E+02  0.9375624E-02  0.6713837E-02  0.0000000E+00  0.1608946E-01
 0.5840000E+02  0.9394822E-02  0.6728342E-02  0.0000000E+00  0.1612316E-01
 0.5850000E+02  0.9413989E-02  0.6742914E-02  0.0000000E+00  0.1615690E-01
 0.5860000E+02  0.9433126E-02  0.6757552E-02  0.0000000E+00  0.1619068E-01
 0.5870000E+02  0.9452233E-02  0.6772257E-02  0.0000000E+00  0.1622449E-01
 0.5880000E+02  0.9471309E-02  0.6787030E-02  0.0000000E+00  0.1625834E-01
 0.5890000E+02  0.9490354E-02  0.6801869E-02  0.0000000E+00  0.1629222E-01
 0.5900000E+02  0.9509369E-02  0.6816775E-02  0.0000000E+00  0.1632614E-01
 0.5910000E+02  0.9528352E-02  0.6831749E-02  0.0000000E+00  0.1636010E-01
 0.5920000E+02  0.9547305E-02  0.6846789E-02  0.0000000E+00  0.1639409E-01
 0.5930000E+02  0.9566226E-02  0.6861897E-02  0.0000000E+00  0.1642812E-01
 0.5940000E+02  0.9585115E-02  0.6877071E-02  0.0000000E+00  0.1646219E-01
 0.5950000E+02  0.9603973E-02  0.6892313E-02  0.0000000E+00  0.1649629E-01
 0.5960000E+02  0.9622798E-02  0.6907622E-02  0.0000000E+00  0.1653042E-01
 0.5970000E+02  0.9641592E-02  0.6922999E-02  0.0000000E+00  0.1656459E-01
 0.5980000E+02  0.9660354E-02  0.6938442E-02  0.0000000E+00  0.1659880E-01
 0.5990000E+02  0.9679083E-02  0.6953953E-02  0.0000000E+00  0.1663304E-01
 0.6000000E+02  0.9697780E-02  0.6969532E-02  0.0000000E+00  0.1666731E-01
 0.6010000E+02  0.9716444E-02  0.6985178E-02  0.0000000E+00  0.1670162E-01
 0.6020000E+02  0.9735075E-02  0.7000891E-02  0.0000000E+00  0.1673597E-01
 0.6030000E+02  0.9753674E-02  0.7016671E-02  0.0000000E+00  0.1677035E-01
 0.6040000E+02  0.9772239E-02  0.7032520E-02  0.0000000E+00  0.1680476E-01
 0.6050000E+02  0.9790771E-02  0.7048435E-02  0.0000000E+00  0.1683921E-01
 0.6060000E+02  0.9809270E-02  0.7064418E-02  0.0000000E+00  0.1687369E-01
 0.6070000E+02  0.9827735E-02  0.7080469E-02  0.0000000E+00  0.1690820E-01
 0.6080000E+02  0.9846166E-02  0.7096587E-02  0.0000000E+00  0.1694275E-01
 0.6090000E+02  0.9864563E-02  0.7112773E-02  0.0000000E+00  0.1697734E-01
 0.6100000E+02  0.9882926E-02  0.7129027E-02  0.0000000E+00  0.1701195E-01
 0.6110000E+02  0.9901255E-02  0.7145348E-02  0.0000000E+00  0.1704660E-01
 0.6120000E+02  0.9919550E-02  0.7161737E-02  0.0000000E+00  0.1708129E-01
 0.6130000E+02  0.9937810E-02  0.7178193E-02  0.0000000E+00  0.1711600E-01
 0.6140000E+02  0.9956036E-02  0.7194717E-02  0.0000000E+00  0.1715075E-01
 0.6150000E+02  0.9974226E-02  0.7211309E-02  0.0000000E+00  0.1718554E-01
 0.6160000E+02  0.9992382E-02  0.7227969E-02  0.0000000E+00  0.1722035E-01
 0.6170000E+02  0.1001050E-01  0.7244696E-02  0.0000000E+00  0.1725520E-01
 0.6180000E+02  0.1002859E-01  0.7261492E-02  0.0000000E+00  0.1729008E-01
 0.6190000E+02  0.1004664E-01  0.7278355E-02  0.0000000E+00  0.1732499E-01
 0.6200000E+02  0.1006465E-01  0.7295286E-02  0.0000000E+00  0.1735994E-01
 0.6210000E+02  0.1008263E-01  0.7312284E-02  0.0000000E+00  0.1739491E-01
 0.6220000E+02  0.1010057E-01  0.7329351E-02  0.0000000E+00  0.1742992E-01
 0.6230000E+02  0.1011848E-01  0.7346485E-02  0.0000000E+00  0.1746496E-01
 0.6240000E+02  0.1013635E-01  0.7363688E-02  0.0000000E+00  0.1750004E-01
 0.6250000E+02  0.1015418E-01  0.7380958E-02  0.0000000E+00  0.1753514E-01
 0.6260000E+02  0.1017198E-01  0.7398296E-02  0.0000000E+00  0.1757028E-01
 0.6270000E+02  0.1018974E-01  0.7415702E-02  0.0000000E+00  0.1760544E-01
 0.6280000E+02  0.1020746E-01  0.7433176E-02  0.0000000E+00  0.1764064E-01
 0.6290000E+02  0.1022515E-01  0.7450718E-02  0.0000000E+00  0.1767587E-01
 0.6300000E+02  0.1024280E-01  0.7468327E-02  0.0000000E+00  0.1771113E-01
 0.6310000E+02  0.1026041E-01  0.7486005E-02  0.0000000E+00  0.1774642E-01
 0.6320000E+02  0.1027799E-01  0.7503751E-02  0.0000000E+00  0.1778174E-01
 0.6330000E+02  0.1029553E-01  0.7521564E-02  0.0000000E+00  0.1781709E-01
 0.6340000E+02  0.1031302E-01  0.7539446E-02  0.0000000E+00  0.1785247E-01
 0.6350000E+02  0.1033049E-01  0.7557395E-02  0.0000000E+00  0.1788788E-01
 0.6360000E+02  0.1034791E-01  0.7575413E-02  0.0000000E+00  0.1792332E-01
 0.6370000E+02  0.1036530E-01  0.7593498E-02  0.0000000E+00  0.1795879E-01
 0.6380000E+02  0.1038264E-01  0.7611651E-02  0.0000000E+00  0.1799429E-01
 0.6390000E+02  0.1039995E-01  0.7629873E-02  0.0000000E+00  0.1802982E-01
 0.6400000E+02  0.1041722E-01  0.7648162E-02  0.0000000E+00  0.1806538E-01
 0.6410000E+02  0.1043445E-01  0.7666519E-02  0.0000000E+00  0.1810097E-01
 0.6420000E+02  0.1045164E-01  0.7684945E-02  0.0000000E+00  0.1813659E-01
 0.6430000E+02  0.1046880E-01  0.7703438E-02  0.0000000E+00  0.1817224E-01
 0.6440000E+02  0.1048591E-01  0.7721999E-02  0.0000000E+00  0.1820791E-01
 0.6450000E+02  0.1050299E-01  0.7740628E-02  0.0000000E+00  0.1824361E-01
 0.6460000E+02  0.1052002E-01  0.7759325E-02  0.0000000E+00  0.1827935E-01
 0.6470000E+02  0.1053702E-01  0.7778090E-02  0.0000000E+00  0.1831511E-01
 0.6480000E+02  0.1055397E-01  0.7796923E-02  0.0000000E+00  0.1835089E-01
 0.6490000E+02  0.1057089E-01  0.7815824E-02  0.0000000E+00  0.1838671E-01
 0.6500000E+02  0.1058776E-01  0.7834792E-02  0.0000000E+00  0.1842256E-01
 0.6510000E+02  0.1060460E-01  0.7853829E-02  0.0000000E+00  0.1845843E-01
 0.6520000E+02  0.1062139E-01  0.7872934E-02  0.0000000E+00  0.1849433E-01
 0.6530000E+02  0.1063815E-01  0.7892106E-02  0.0000000E+00  0.1853025E-01
 0.6540000E+02  0.1065486E-01  0.7911347E-02  0.0000000E+00  0.1856621E-01
 0.6550000E+02  0.1067153E-01  0.7930655E-02  0.0000000E+00  0.1860219E-01
 0.6560000E+02  0.1068816E-01  0.7950031E-02  0.0000000E+00  0.1863819E-01
 0.6570000E+02  0.1070475E-01  0.7969475E-02  0.0000000E+00  0.1867423E-01
 0.6580000E+02  0.1072130E-01  0.7988987E-02  0.0000000E+00  0.1871029E-01
 0.6590000E+02  0.1073781E-01  0.8008566E-02  0.0000000E+00  0.1874638E-01
 0.6600000E+02  0.1075428E-01  0.8028214E-02  0.0000000E+00  0.1878249E-01
 0.6610000E+02  0.1077070E-01  0.8047929E-02  0.0000000E+00  0.1881863E-01
 0.6620000E+02  0.1078708E-01  0.8067712E-02  0.0000000E+00  0.1885480E-01
 0.6630000E+02  0.1080342E-01  0.8087563E-02  0.0000000E+00  0.1889099E-01
 0.6640000E+02  0.1081972E-01  0.8107481E-02  0.0000000E+00  0.1892720E-01
 0.6650000E+02  0.1083598E-01  0.8127467E-02  0.0000000E+00  0.1896345E-01
 0.6660000E+02  0.1085219E-01  0.8147521E-02  0.0000000E+00  0.1899971E-01
 0.6670000E+02  0.1086836E-01  0.8167643E-02  0.0000000E+00  0.1903601E-01
 0.6680000E+02  0.1088449E-01  0.8187832E-02  0.0000000E+00  0.1907232E-01
 0.6690000E+02  0.1090058E-01  0.8208089E-02  0.0000000E+00  0.1910866E-01
 0.6700000E+02  0.1091662E-01  0.8228413E-02  0.0000000E+00  0.1914503E-01
 0.6710000E+02  0.1093262E-01  0.8248805E-02  0.0000000E+00  0.1918142E-01
 0.6720000E+02  0.1094857E-01  0.8269265E-02  0.0000000E+00  0.1921784E-01
 0.6730000E+02  0.1096449E-01  0.8289792E-02  0.0000000E+00  0.1925428E-01
 0.6740000E+02  0.1098035E-01  0.8310386E-02  0.0000000E+00  0.1929074E-01
 0.6750000E+02  0.1099618E-01  0.8331048E-02  0.0000000E+00  0.1932723E-01
 0.6760000E+02  0.1101196E-01  0.8351778E-02  0.0000000E+00  0.1936374E-01
 0.6770000E+02  0.1102770E-01  0.8372575E-02  0.0000000E+00  0.1940027E-01
 0.6780000E+02  0.1104339E-01  0.8393439E-02  0.0000000E+00  0.1943683E-01
 0.6790000E+02  0.1105904E-01  0.8414371E-02  0.0000000E+00  0.1947341E-01
 0.6800000E+02  0.1107464E-01  0.8435370E-02  0.0000000E+00  0.1951001E-01
 0.6810000E+02  0.1109020E-01  0.8456437E-02  0.0000000E+00  0.1954664E-01
 0.6820000E+02  0.1110572E-01  0.8477570E-02  0.0000000E+00  0.1958329E-01
 0.6830000E+02  0.1112119E-01  0.8498771E-02  0.0000000E+00  0.1961996E-01
 0.6840000E+02  0.1113661E-01  0.8520039E-02  0.0000000E+00  0.1965665E-01
 0.6850000E+02  0.1115199E-01  0.8541375E-02  0.0000000E+00  0.1969337E-01
 0.6860000E+02  0.1116733E-01  0.8562777E-02  0.0000000E+00  0.1973010E-01
 0.6870000E+02  0.1118262E-01  0.8584247E-02  0.0000000E+00  0.1976686E-01
 0.6880000E+02  0.1119786E-01  0.8605783E-02  0.0000000E+00  0.1980364E-01
 0.6890000E+02  0.1121306E-01  0.8627387E-02  0.0000000E+00  0.1984044E-01
 0.6900000E+02  0.1122821E-01  0.8649058E-02  0.0000000E+00  0.1987727E-01
 0.6910000E+02  0.1124331E-01  0.8670795E-02  0.0000000E+00  0.1991411E-01
 0.6920000E+02  0.1125837E-01  0.8692600E-02  0.0000000E+00  0.1995097E-01
 0.6930000E+02  0.1127339E-01  0.8714471E-02  0.0000000E+00  0.1998786E-01
 0.6940000E+02  0.1128835E-01  0.8736410E-02  0.0000000E+00  0.2002476E-01
 0.6950000E+02  0.1130328E-01  0.8758415E-02  0.0000000E+00  0.2006169E-01
 0.6960000E+02  0.1131815E-01  0.8780486E-02  0.0000000E+00  0.2009864E-01
 0.6970000E+02  0.1133298E-01  0.8802625E-02  0.0000000E+00  0.2013560E-01
 0.6980000E+02  0.1134776E-01  0.8824830E-02  0.0000000E+00  0.2017259E-01
 0.6990000E+02  0.1136249E-01  0.8847102E-02  0.0000000E+00  0.2020959E-01
 0.7000000E+02  0.1137718E-01  0.8869440E-02  0.0000000E+00  0.2024662E-01
 0.7010000E+02  0.1139181E-01  0.8891845E-02  0.0000000E+00  0.2028366E-01
 0.7020000E+02  0.1140641E-01  0.8914317E-02  0.0000000E+00  0.2032072E-01
 0.7030000E+02  0.1142095E-01  0.8936854E-02  0.0000000E+00  0.2035780E-01
 0.7040000E+02  0.1143544E-01  0.8959459E-02  0.0000000E+00  0.2039490E-01
 0.7050000E+02  0.1144989E-01  0.8982129E-02  0.0000000E+00  0.2043202E-01
 0.7060000E+02  0.1146429E-01  0.9004866E-02  0.0000000E+00  0.2046916E-01
 0.7070000E+02  0.1147864E-01  0.9027669E-02  0.0000000E+00  0.2050631E-01
 0.7080000E+02  0.1149295E-01  0.9050539E-02  0.0000000E+00  0.2054349E-01
 0.7090000E+02  0.1150720E-01  0.9073474E-02  0.0000000E+00  0.2058068E-01
 0.7100000E+02  0.1152141E-01  0.9096476E-02  0.0000000E+00  0.2061788E-01
 0.7110000E+02  0.1153557E-01  0.9119543E-02  0.0000000E+00  0.2065511E-01
 0.7120000E+02  0.1154967E-01  0.9142677E-02  0.0000000E+00  0.2069235E-01
 0.7130000E+02  0.1156373E-01  0.9165876E-02  0.0000000E+00  0.2072961E-01
 0.7140000E+02  0.1157774E-01  0.9189142E-02  0.0000000E+00  0.2076689E-01
 0.7150000E+02  0.1159171E-01  0.9212473E-02  0.0000000E+00  0.2080418E-01
 0.7160000E+02  0.1160562E-01  0.9235870E-02  0.0000000E+00  0.2084149E-01
 0.7170000E+02  0.1161948E-01  0.9259332E-02  0.0000000E+00  0.2087881E-01
 0.7180000E+02  0.1163329E-01  0.9282861E-02  0.0000000E+00  0.2091615E-01
 0.7190000E+02  0.1164706E-01  0.9306455E-02  0.0000000E+00  0.2095351E-01
 0.7200000E+02  0.1166077E-01  0.9330114E-02  0.0000000E+00  0.2099088E-01
 0.7210000E+02  0.1167443E-01  0.9353839E-02  0.0000000E+00  0.2102827E-01
 0.7220000E+02  0.1168805E-01  0.9377629E-02  0.0000000E+00  0.2106567E-01
 0.7230000E+02  0.1170161E-01  0.9401485E-02  0.0000000E+00  0.2110309E-01
 0.7240000E+02  0.1171512E-01  0.9425406E-02  0.0000000E+00  0.2114053E-01
 0.7250000E+02  0.1172858E-01  0.9449392E-02  0.0000000E+00  0.2117797E-01
 0.7260000E+02  0.1174199E-01  0.9473443E-02  0.0000000E+00  0.2121544E-01
 0.7270000E+02  0.1175535E-01  0.9497560E-02  0.0000000E+00  0.2125291E-01
 0.7280000E+02  0.1176866E-01  0.9521741E-02  0.0000000E+00  0.2129040E-01
 0.7290000E+02  0.1178192E-01  0.9545988E-02  0.0000000E+00  0.2132791E-01
 0.7300000E+02  0.1179513E-01  0.9570299E-02  0.0000000E+00  0.2136543E-01
 0.7310000E+02  0.1180828E-01  0.9594675E-02  0.0000000E+00  0.2140296E-01
 0.7320000E+02  0.1182139E-01  0.9619116E-02  0.0000000E+00  0.2144050E-01
 0.7330000E+02  0.1183444E-01  0.9643622E-02  0.0000000E+00  0.2147806E-01
 0.7340000E+02  0.1184744E-01  0.9668192E-02  0.0000000E+00  0.2151563E-01
 0.7350000E+02  0.1186039E-01  0.9692827E-02  0.0000000E+00  0.2155322E-01
 0.7360000E+02  0.1187329E-01  0.9717526E-02  0.0000000E+00  0.2159081E-01
 0.7370000E+02  0.1188613E-01  0.9742290E-02  0.0000000E+00  0.2162842E-01
 0.7380000E+02  0.1189892E-01  0.9767118E-02  0.0000000E+00  0.2166604E-01
 0.7390000E+02  0.1191166E-01  0.9792010E-02  0.0000000E+00  0.2170367E-01
 0.7400000E+02  0.1192435E-01  0.9816966E-02  0.0000000E+00  0.2174132E-01
 0.7410000E+02  0.1193699E-01  0.9841987E-02  0.0000000E+00  0.2177897E-01
 0.7420000E+02  0.1194957E-01  0.9867072E-02  0.0000000E+00  0.2181664E-01
 0.7430000E+02  0.1196210E-01  0.9892220E-02  0.0000000E+00  0.2185432E-01
 0.7440000E+02  0.1197458E-01  0.9917433E-02  0.0000000E+00  0.2189201E-01
 0.7450000E+02  0.1198700E-01  0.9942709E-02  0.0000000E+00  0.2192971E-01
 0.7460000E+02  0.1199937E-01  0.9968050E-02  0.0000000E+00  0.2196742E-01
 0.7470000E+02  0.1201169E-01  0.9993453E-02  0.0000000E+00  0.2200514E-01
 0.7480000E+02  0.1202395E-01  0.1001892E-01  0.0000000E+00  0.2204287E-01
 0.7490000E+02  0.1203616E-01  0.1004445E-01  0.0000000E+00  0.2208061E-01
 0.7500000E+02  0.1204832E-01  0.1007005E-01  0.0000000E+00  0.2211836E-01
 0.7510000E+02  0.1206042E-01  0.1009570E-01  0.0000000E+00  0.2215612E-01
 0.7520000E+02  0.1207247E-01  0.1012142E-01  0.0000000E+00  0.2219389E-01
 0.7530000E+02  0.1208446E-01  0.1014721E-01  0.0000000E+00  0.2223167E-01
 0.7540000E+02  0.1209640E-01  0.1017306E-01  0.0000000E+00  0.2226946E-01
 0.7550000E+02  0.1210829E-01  0.1019897E-01  0.0000000E+00  0.2230725E-01
 0.7560000E+02  0.1212012E-01  0.1022494E-01  0.0000000E+00  0.2234506E-01
 0.7570000E+02  0.1213190E-01  0.1025098E-01  0.0000000E+00  0.2238287E-01
 0.7580000E+02  0.1214362E-01  0.1027707E-01  0.0000000E+00  0.2242069E-01
 0.7590000E+02  0.1215528E-01  0.1030324E-01  0.0000000E+00  0.2245852E-01
 0.7600000E+02  0.1216690E-01  0.1032946E-01  0.0000000E+00  0.2249636E-01
 0.7610000E+02  0.1217845E-01  0.1035575E-01  0.0000000E+00  0.2253420E-01
 0.7620000E+02  0.1218996E-01  0.1038210E-01  0.0000000E+00  0.2257205E-01
 0.7630000E+02  0.1220140E-01  0.1040851E-01  0.0000000E+00  0.2260991E-01
 0.7640000E+02  0.1221279E-01  0.1043498E-01  0.0000000E+00  0.2264778E-01
 0.7650000E+02  0.1222413E-01  0.1046152E-01  0.0000000E+00  0.2268565E-01
 0.7660000E+02  0.1223541E-01  0.1048812E-01  0.0000000E+00  0.2272352E-01
 0.7670000E+02  0.1224663E-01  0.1051477E-01  0.0000000E+00  0.2276141E-01
 0.7680000E+02  0.1225780E-01  0.1054150E-01  0.0000000E+00  0.2279930E-01
 0.7690000E+02  0.1226891E-01  0.1056828E-01  0.0000000E+00  0.2283719E-01
 0.7700000E+02  0.1227997E-01  0.1059513E-01  0.0000000E+00  0.2287510E-01
 0.7710000E+02  0.1229097E-01  0.1062203E-01  0.0000000E+00  0.2291300E-01
 0.7720000E+02  0.1230191E-01  0.1064900E-01  0.0000000E+00  0.2295091E-01
 0.7730000E+02  0.1231280E-01  0.1067603E-01  0.0000000E+00  0.2298883E-01
 0.7740000E+02  0.1232363E-01  0.1070312E-01  0.0000000E+00  0.2302675E-01
 0.7750000E+02  0.1233440E-01  0.1073027E-01  0.0000000E+00  0.2306468E-01
 0.7760000E+02  0.1234512E-01  0.1075749E-01  0.0000000E+00  0.2310261E-01
 0.7770000E+02  0.1235578E-01  0.1078476E-01  0.0000000E+00  0.2314054E-01
 0.7780000E+02  0.1236638E-01  0.1081210E-01  0.0000000E+00  0.2317848E-01
 0.7790000E+02  0.1237693E-01  0.1083949E-01  0.0000000E+00  0.2321642E-01
 0.7800000E+02  0.1238742E-01  0.1086695E-01  0.0000000E+00  0.2325437E-01
 0.7810000E+02  0.1239785E-01  0.1089447E-01  0.0000000E+00  0.2329232E-01
 0.7820000E+02  0.1240822E-01  0.1092205E-01  0.0000000E+00  0.2333027E-01
 0.7830000E+02  0.1241854E-01  0.1094969E-01  0.0000000E+00  0.2336822E-01
 0.7840000E+02  0.1242880E-01  0.1097738E-01  0.0000000E+00  0.2340618E-01
 0.7850000E+02  0.1243900E-01  0.1100514E-01  0.0000000E+00  0.2344414E-01
 0.7860000E+02  0.1244914E-01  0.1103296E-01  0.0000000E+00  0.2348210E-01
 0.7870000E+02  0.1245922E-01  0.1106084E-01  0.0000000E+00  0.2352007E-01
 0.7880000E+02  0.1246925E-01  0.1108878E-01  0.0000000E+00  0.2355803E-01
 0.7890000E+02  0.1247922E-01  0.1111678E-01  0.0000000E+00  0.2359600E-01
 0.7900000E+02  0.1248913E-01  0.1114484E-01  0.0000000E+00  0.2363397E-01
 0.7910000E+02  0.1249898E-01  0.1117296E-01  0.0000000E+00  0.2367194E-01
 0.7920000E+02  0.1250877E-01  0.1120114E-01  0.0000000E+00  0.2370991E-01
 0.7930000E+02  0.1251850E-01  0.1122937E-01  0.0000000E+00  0.2374788E-01
 0.7940000E+02  0.1252818E-01  0.1125767E-01  0.0000000E+00  0.2378585E-01
 0.7950000E+02  0.1253779E-01  0.1128603E-01  0.0000000E+00  0.2382382E-01
 0.7960000E+02  0.1254735E-01  0.1131444E-01  0.0000000E+00  0.2386179E-01
 0.7970000E+02  0.1255685E-01  0.1134292E-01  0.0000000E+00  0.2389976E-01
 0.7980000E+02  0.1256628E-01  0.1137145E-01  0.0000000E+00  0.2393773E-01
 0.7990000E+02  0.1257566E-01  0.1140004E-01  0.0000000E+00  0.2397570E-01
 0.8000000E+02  0.1258498E-01  0.1142869E-01  0.0000000E+00  0.2401367E-01
 0.8010000E+02  0.1259424E-01  0.1145740E-01  0.0000000E+00  0.2405164E-01
 0.8020000E+02  0.1260344E-01  0.1148617E-01  0.0000000E+00  0.2408961E-01
 0.8030000E+02  0.1261258E-01  0.1151499E-01  0.0000000E+00  0.2412757E-01
 0.8040000E+02  0.1262166E-01  0.1154388E-01  0.0000000E+00  0.2416554E-01
 0.8050000E+02  0.1263068E-01  0.1157282E-01  0.0000000E+00  0.2420350E-01
 0.8060000E+02  0.1263964E-01  0.1160182E-01  0.0000000E+00  0.2424146E-01
 0.8070000E+02  0.1264854E-01  0.1163087E-01  0.0000000E+00  0.2427942E-01
 0.8080000E+02  0.1265738E-01  0.1165999E-01  0.0000000E+00  0.2431737E-01
 0.8090000E+02  0.1266616E-01  0.1168916E-01  0.0000000E+00  0.2435532E-01
 0.8100000E+02  0.1267488E-01  0.1171839E-01  0.0000000E+00  0.2439327E-01
 0.8110000E+02  0.1268354E-01  0.1174768E-01  0.0000000E+00  0.2443122E-01
 0.8120000E+02  0.1269213E-01  0.1177702E-01  0.0000000E+00  0.2446916E-01
 0.8130000E+02  0.1270067E-01  0.1180643E-01  0.0000000E+00  0.2450710E-01
 0.8140000E+02  0.1270914E-01  0.1183589E-01  0.0000000E+00  0.2454503E-01
 0.8150000E+02  0.1271756E-01  0.1186540E-01  0.0000000E+00  0.2458296E-01
 0.8160000E+02  0.1272591E-01  0.1189497E-01  0.0000000E+00  0.2462089E-01
 0.8170000E+02  0.1273420E-01  0.1192460E-01  0.0000000E+00  0.2465881E-01
 0.8180000E+02  0.1274243E-01  0.1195429E-01  0.0000000E+00  0.2469672E-01
 0.8190000E+02  0.1275060E-01  0.1198403E-01  0.0000000E+00  0.2473463E-01
 0.8200000E+02  0.1275871E-01  0.1201383E-01  0.0000000E+00  0.2477254E-01
 0.8210000E+02  0.1276676E-01  0.1204369E-01  0.0000000E+00  0.2481044E-01
 0.8220000E+02  0.1277474E-01  0.1207360E-01  0.0000000E+00  0.2484834E-01
 0.8230000E+02  0.1278266E-01  0.1210356E-01  0.0000000E+00  0.2488623E-01
 0.8240000E+02  0.1279052E-01  0.1213359E-01  0.0000000E+00  0.2492411E-01
 0.8250000E+02  0.1279832E-01  0.1216366E-01  0.0000000E+00  0.2496199E-01
 0.8260000E+02  0.1280606E-01  0.1219380E-01  0.0000000E+00  0.2499986E-01
 0.8270000E+02  0.1281373E-01  0.1222399E-01  0.0000000E+00  0.2503772E-01
 0.8280000E+02  0.1282134E-01  0.1225423E-01  0.0000000E+00  0.2507557E-01
 0.8290000E+02  0.1282889E-01  0.1228453E-01  0.0000000E+00  0.2511342E-01
 0.8300000E+02  0.1283638E-01  0.1231489E-01  0.0000000E+00  0.2515126E-01
 0.8310000E+02  0.1284380E-01  0.1234530E-01  0.0000000E+00  0.2518910E-01
 0.8320000E+02  0.1285116E-01  0.1237576E-01  0.0000000E+00  0.2522692E-01
 0.8330000E+02  0.1285846E-01  0.1240628E-01  0.0000000E+00  0.2526474E-01
 0.8340000E+02  0.1286570E-01  0.1243685E-01  0.0000000E+00  0.2530255E-01
 0.8350000E+02  0.1287287E-01  0.1246748E-01  0.0000000E+00  0.2534035E-01
 0.8360000E+02  0.1287998E-01  0.1249816E-01  0.0000000E+00  0.2537814E-01
 0.8370000E+02  0.1288703E-01  0.1252890E-01  0.0000000E+00  0.2541593E-01
 0.8380000E+02  0.1289401E-01  0.1255969E-01  0.0000000E+00  0.2545370E-01
 0.8390000E+02  0.1290093E-01  0.1259053E-01  0.0000000E+00  0.2549147E-01
 0.8400000E+02  0.1290779E-01  0.1262143E-01  0.0000000E+00  0.2552922E-01
 0.8410000E+02  0.1291458E-01  0.1265238E-01  0.0000000E+00  0.2556696E-01
 0.8420000E+02  0.1292131E-01  0.1268339E-01  0.0000000E+00  0.2560470E-01
 0.8430000E+02  0.1292798E-01  0.1271445E-01  0.0000000E+00  0.2564242E-01
 0.8440000E+02  0.1293458E-01  0.1274556E-01  0.0000000E+00  0.2568014E-01
 0.8450000E+02  0.1294112E-01  0.1277672E-01  0.0000000E+00  0.2571784E-01
 0.8460000E+02  0.1294759E-01  0.1280794E-01  0.0000000E+00  0.2575553E-01
 0.8470000E+02  0.1295400E-01  0.1283921E-01  0.0000000E+00  0.2579321E-01
 0.8480000E+02  0.1296035E-01  0.1287053E-01  0.0000000E+00  0.2583088E-01
 0.8490000E+02  0.1296663E-01  0.1290191E-01  0.0000000E+00  0.2586854E-01
 0.8500000E+02  0.1297285E-01  0.1293334E-01  0.0000000E+00  0.2590618E-01
 0.8510000E+02  0.1297900E-01  0.1296482E-01  0.0000000E+00  0.2594382E-01
 0.8520000E+02  0.1298509E-01  0.1299635E-01  0.0000000E+00  0.2598144E-01
 0.8530000E+02  0.1299111E-01  0.1302793E-01  0.0000000E+00  0.2601905E-01
 0.8540000E+02  0.1299707E-01  0.1305957E-01  0.0000000E+00  0.2605664E-01
 0.8550000E+02  0.1300297E-01  0.1309126E-01  0.0000000E+00  0.2609423E-01
 0.8560000E+02  0.1300880E-01  0.1312300E-01  0.0000000E+00  0.2613180E-01
 0.8570000E+02  0.1301457E-01  0.1315479E-01  0.0000000E+00  0.2616935E-01
 0.8580000E+02  0.1302027E-01  0.1318663E-01  0.0000000E+00  0.2620689E-01
 0.8590000E+02  0.1302590E-01  0.1321852E-01  0.0000000E+00  0.2624442E-01
 0.8600000E+02  0.1303147E-01  0.1325046E-01  0.0000000E+00  0.2628194E-01
 0.8610000E+02  0.1303698E-01  0.1328246E-01  0.0000000E+00  0.2631944E-01
 0.8620000E+02  0.1304242E-01  0.1331450E-01  0.0000000E+00  0.2635692E-01
 0.8630000E+02  0.1304779E-01  0.1334660E-01  0.0000000E+00  0.2639439E-01
 0.8640000E+02  0.1305310E-01  0.1337875E-01  0.0000000E+00  0.2643185E-01
 0.8650000E+02  0.1305835E-01  0.1341094E-01  0.0000000E+00  0.2646929E-01
 0.8660000E+02  0.1306352E-01  0.1344319E-01  0.0000000E+00  0.2650671E-01
 0.8670000E+02  0.1306864E-01  0.1347549E-01  0.0000000E+00  0.2654412E-01
 0.8680000E+02  0.1307368E-01  0.1350783E-01  0.0000000E+00  0.2658152E-01
 0.8690000E+02  0.1307867E-01  0.1354023E-01  0.0000000E+00  0.2661889E-01
 0.8700000E+02  0.1308358E-01  0.1357267E-01  0.0000000E+00  0.2665625E-01
 0.8710000E+02  0.1308843E-01  0.1360517E-01  0.0000000E+00  0.2669360E-01
 0.8720000E+02  0.1309321E-01  0.1363771E-01  0.0000000E+00  0.2673092E-01
 0.8730000E+02  0.1309793E-01  0.1367030E-01  0.0000000E+00  0.2676824E-01
 0.8740000E+02  0.1310258E-01  0.1370295E-01  0.0000000E+00  0.2680553E-01
 0.8750000E+02  0.1310717E-01  0.1373564E-01  0.0000000E+00  0.2684280E-01
 0.8760000E+02  0.1311169E-01  0.1376838E-01  0.0000000E+00  0.2688006E-01
 0.8770000E+02  0.1311614E-01  0.1380116E-01  0.0000000E+00  0.2691730E-01
 0.8780000E+02  0.1312053E-01  0.1383400E-01  0.0000000E+00  0.2695452E-01
 0.8790000E+02  0.1312484E-01  0.1386688E-01  0.0000000E+00  0.2699173E-01
 0.8800000E+02  0.1312910E-01  0.1389982E-01  0.0000000E+00  0.2702891E-01
 0.8810000E+02  0.1313328E-01  0.1393280E-01  0.0000000E+00  0.2706608E-01
 0.8820000E+02  0.1313740E-01  0.1396582E-01  0.0000000E+00  0.2710323E-01
 0.8830000E+02  0.1314146E-01  0.1399890E-01  0.0000000E+00  0.2714036E-01
 0.8840000E+02  0.1314544E-01  0.1403202E-01  0.0000000E+00  0.2717746E-01
 0.8850000E+02  0.1314936E-01  0.1406519E-01  0.0000000E+00  0.2721455E-01
 0.8860000E+02  0.1315322E-01  0.1409841E-01  0.0000000E+00  0.2725162E-01
 0.8870000E+02  0.1315700E-01  0.1413167E-01  0.0000000E+00  0.2728867E-01
 0.8880000E+02  0.1316072E-01  0.1416498E-01  0.0000000E+00  0.2732570E-01
 0.8890000E+02  0.1316437E-01  0.1419834E-01  0.0000000E+00  0.2736271E-01
 0.8900000E+02  0.1316795E-01  0.1423174E-01  0.0000000E+00  0.2739970E-01
 0.8910000E+02  0.1317147E-01  0.1426519E-01  0.0000000E+00  0.2743666E-01
 0.8920000E+02  0.1317492E-01  0.1429869E-01  0.0000000E+00  0.2747361E-01
 0.8930000E+02  0.1317830E-01  0.1433223E-01  0.0000000E+00  0.2751053E-01
 0.8940000E+02  0.1318162E-01  0.1436582E-01  0.0000000E+00  0.2754744E-01
 0.8950000E+02  0.1318486E-01  0.1439945E-01  0.0000000E+00  0.2758432E-01
 0.8960000E+02  0.1318804E-01  0.1443313E-01  0.0000000E+00  0.2762117E-01
 0.8970000E+02  0.1319116E-01  0.1446685E-01  0.0000000E+00  0.2765801E-01
 0.8980000E+02  0.1319420E-01  0.1450062E-01  0.0000000E+00  0.2769482E-01
 0.8990000E+02  0.1319718E-01  0.1453444E-01  0.0000000E+00  0.2773162E-01
 0.9000000E+02  0.1320009E-01  0.1456830E-01  0.0000000E+00  0.2776838E-01
 0.9010000E+02  0.1320293E-01  0.1460220E-01  0.0000000E+00  0.2780513E-01
 0.9020000E+02  0.1320570E-01  0.1463615E-01  0.0000000E+00  0.2784185E-01
 0.9030000E+02  0.1320841E-01  0.1467014E-01  0.0000000E+00  0.2787855E-01
 0.9040000E+02  0.1321104E-01  0.1470418E-01  0.0000000E+00  0.2791522E-01
 0.9050000E+02  0.1321361E-01  0.1473826E-01  0.0000000E+00  0.2795187E-01
 0.9060000E+02  0.1321611E-01  0.1477239E-01  0.0000000E+00  0.2798850E-01
 0.9070000E+02  0.1321855E-01  0.1480655E-01  0.0000000E+00  0.2802510E-01
 0.9080000E+02  0.1322091E-01  0.1484077E-01  0.0000000E+00  0.2806168E-01
 0.9090000E+02  0.1322321E-01  0.1487502E-01  0.0000000E+00  0.2809823E-01
 0.9100000E+02  0.1322544E-01  0.1490932E-01  0.0000000E+00  0.2813476E-01
 0.9110000E+02  0.1322760E-01  0.1494366E-01  0.0000000E+00  0.2817126E-01
 0.9120000E+02  0.1322969E-01  0.1497805E-01  0.0000000E+00  0.2820774E-01
 0.9130000E+02  0.1323171E-01  0.1501248E-01  0.0000000E+00  0.2824419E-01
 0.9140000E+02  0.1323367E-01  0.1504695E-01  0.0000000E+00  0.2828061E-01
 0.9150000E+02  0.1323555E-01  0.1508146E-01  0.0000000E+00  0.2831701E-01
 0.9160000E+02  0.1323737E-01  0.1511601E-01  0.0000000E+00  0.2835338E-01
 0.9170000E+02  0.1323912E-01  0.1515061E-01  0.0000000E+00  0.2838973E-01
 0.9180000E+02  0.1324080E-01  0.1518525E-01  0.0000000E+00  0.2842605E-01
 0.9190000E+02  0.1324241E-01  0.1521993E-01  0.0000000E+00  0.2846234E-01
 0.9200000E+02  0.1324395E-01  0.1525465E-01  0.0000000E+00  0.2849860E-01
 0.9210000E+02  0.1324543E-01  0.1528941E-01  0.0000000E+00  0.2853484E-01
 0.9220000E+02  0.1324683E-01  0.1532422E-01  0.0000000E+00  0.2857105E-01
 0.9230000E+02  0.1324817E-01  0.1535906E-01  0.0000000E+00  0.2860723E-01
 0.9240000E+02  0.1324944E-01  0.1539395E-01  0.0000000E+00  0.2864339E-01
 0.9250000E+02  0.1325064E-01  0.1542888E-01  0.0000000E+00  0.2867951E-01
 0.9260000E+02  0.1325177E-01  0.1546385E-01  0.0000000E+00  0.2871561E-01
 0.9270000E+02  0.1325283E-01  0.1549885E-01  0.0000000E+00  0.2875168E-01
 0.9280000E+02  0.1325382E-01  0.1553390E-01  0.0000000E+00  0.2878772E-01
 0.9290000E+02  0.1325474E-01  0.1556899E-01  0.0000000E+00  0.2882373E-01
 0.9300000E+02  0.1325559E-01  0.1560412E-01  0.0000000E+00  0.2885971E-01
 0.9310000E+02  0.1325638E-01  0.1563929E-01  0.0000000E+00  0.2889567E-01
 0.9320000E+02  0.1325709E-01  0.1567449E-01  0.0000000E+00  0.2893159E-01
 0.9330000E+02  0.1325774E-01  0.1570974E-01  0.0000000E+00  0.2896748E-01
 0.9340000E+02  0.1325832E-01  0.1574503E-01  0.0000000E+00  0.2900334E-01
 0.9350000E+02  0.1325882E-01  0.1578035E-01  0.0000000E+00  0.2903917E-01
 0.9360000E+02  0.1325926E-01  0.1581571E-01  0.0000000E+00  0.2907498E-01
 0.9370000E+02  0.1325963E-01  0.1585112E-01  0.0000000E+00  0.2911075E-01
 0.9380000E+02  0.1325993E-01  0.1588656E-01  0.0000000E+00  0.2914649E-01
 0.9390000E+02  0.1326016E-01  0.1592204E-01  0.0000000E+00  0.2918220E-01
 0.9400000E+02  0.1326032E-01  0.1595755E-01  0.0000000E+00  0.2921787E-01
 0.9410000E+02  0.1326041E-01  0.1599311E-01  0.0000000E+00  0.2925352E-01
 0.9420000E+02  0.1326043E-01  0.1602870E-01  0.0000000E+00  0.2928913E-01
 0.9430000E+02  0.1326039E-01  0.1606433E-01  0.0000000E+00  0.2932472E-01
 0.9440000E+02  0.1326027E-01  0.1610000E-01  0.0000000E+00  0.2936027E-01
 0.9450000E+02  0.1326008E-01  0.1613570E-01  0.0000000E+00  0.2939578E-01
 0.9460000E+02  0.1325983E-01  0.1617145E-01  0.0000000E+00  0.2943127E-01
 0.9470000E+02  0.1325950E-01  0.1620722E-01  0.0000000E+00  0.2946672E-01
 0.9480000E+02  0.1325910E-01  0.1624304E-01  0.0000000E+00  0.2950214E-01
 0.9490000E+02  0.1325864E-01  0.1627889E-01  0.0000000E+00  0.2953753E-01
 0.9500000E+02  0.1325810E-01  0.1631478E-01  0.0000000E+00  0.2957288E-01
 0.9510000E+02  0.1325750E-01  0.1635070E-01  0.0000000E+00  0.2960820E-01
 0.9520000E+02  0.1325682E-01  0.1638666E-01  0.0000000E+00  0.2964349E-01
 0.9530000E+02  0.1325608E-01  0.1642266E-01  0.0000000E+00  0.2967874E-01
 0.9540000E+02  0.1325527E-01  0.1645869E-01  0.0000000E+00  0.2971396E-01
 0.9550000E+02  0.1325438E-01  0.1649476E-01  0.0000000E+00  0.2974914E-01
 0.9560000E+02  0.1325343E-01  0.1653086E-01  0.0000000E+00  0.2978429E-01
 0.9570000E+02  0.1325241E-01  0.1656700E-01  0.0000000E+00  0.2981941E-01
 0.9580000E+02  0.1325131E-01  0.1660317E-01  0.0000000E+00  0.2985449E-01
 0.9590000E+02  0.1325015E-01  0.1663938E-01  0.0000000E+00  0.2988953E-01
 0.9600000E+02  0.1324892E-01  0.1667562E-01  0.0000000E+00  0.2992454E-01
 0.9610000E+02  0.1324762E-01  0.1671190E-01  0.0000000E+00  0.2995951E-01
 0.9620000E+02  0.1324624E-01  0.1674821E-01  0.0000000E+00  0.2999445E-01
 0.9630000E+02  0.1324480E-01  0.1678455E-01  0.0000000E+00  0.3002935E-01
 0.9640000E+02  0.1324329E-01  0.1682093E-01  0.0000000E+00  0.3006422E-01
 0.9650000E+02  0.1324171E-01  0.1685734E-01  0.0000000E+00  0.3009905E-01
 0.9660000E+02  0.1324006E-01  0.1689379E-01  0.0000000E+00  0.3013384E-01
 0.9670000E+02  0.1323833E-01  0.1693027E-01  0.0000000E+00  0.3016860E-01
 0.9680000E+02  0.1323654E-01  0.1696678E-01  0.0000000E+00  0.3020332E-01
 0.9690000E+02  0.1323468E-01  0.1700332E-01  0.0000000E+00  0.3023800E-01
 0.9700000E+02  0.1323275E-01  0.1703990E-01  0.0000000E+00  0.3027265E-01
 0.9710000E+02  0.1323075E-01  0.1707651E-01  0.0000000E+00  0.3030726E-01
 0.9720000E+02  0.1322868E-01  0.1711315E-01  0.0000000E+00  0.3034183E-01
 0.9730000E+02  0.1322654E-01  0.1714982E-01  0.0000000E+00  0.3037636E-01
 0.9740000E+02  0.1322433E-01  0.1718653E-01  0.0000000E+00  0.3041086E-01
 0.9750000E+02  0.1322205E-01  0.1722327E-01  0.0000000E+00  0.3044531E-01
 0.9760000E+02  0.1321969E-01  0.1726004E-01  0.0000000E+00  0.3047973E-01
 0.9770000E+02  0.1321727E-01  0.1729684E-01  0.0000000E+00  0.3051411E-01
 0.9780000E+02  0.1321478E-01  0.1733367E-01  0.0000000E+00  0.3054845E-01
 0.9790000E+02  0.1321222E-01  0.1737053E-01  0.0000000E+00  0.3058276E-01
 0.9800000E+02  0.1320959E-01  0.1740743E-01  0.0000000E+00  0.3061702E-01
 0.9810000E+02  0.1320689E-01  0.1744435E-01  0.0000000E+00  0.3065124E-01
 0.9820000E+02  0.1320412E-01  0.1748131E-01  0.0000000E+00  0.3068543E-01
 0.9830000E+02  0.1320128E-01  0.1751829E-01  0.0000000E+00  0.3071957E-01
 0.9840000E+02  0.1319837E-01  0.1755531E-01  0.0000000E+00  0.3075368E-01
 0.9850000E+02  0.1319539E-01  0.1759235E-01  0.0000000E+00  0.3078774E-01
 0.9860000E+02  0.1319234E-01  0.1762943E-01  0.0000000E+00  0.3082177E-01
 0.9870000E+02  0.1318922E-01  0.1766653E-01  0.0000000E+00  0.3085575E-01
 0.9880000E+02  0.1318603E-01  0.1770367E-01  0.0000000E+00  0.3088970E-01
 0.9890000E+02  0.1318277E-01  0.1774083E-01  0.0000000E+00  0.3092360E-01
 0.9900000E+02  0.1317945E-01  0.1777802E-01  0.0000000E+00  0.3095747E-01
 0.9910000E+02  0.1317605E-01  0.1781524E-01  0.0000000E+00  0.3099129E-01
 0.9920000E+02  0.1317258E-01  0.1785249E-01  0.0000000E+00  0.3102507E-01
 0.9930000E+02  0.1316904E-01  0.1788977E-01  0.0000000E+00  0.3105881E-01
 0.9940000E+02  0.1316543E-01  0.1792707E-01  0.0000000E+00  0.3109251E-01
 0.9950000E+02  0.1316175E-01  0.1796441E-01  0.0000000E+00  0.3112616E-01
 0.9960000E+02  0.1315801E-01  0.1800177E-01  0.0000000E+00  0.3115978E-01
 0.9970000E+02  0.1315419E-01  0.1803916E-01  0.0000000E+00  0.3119335E-01
 0.9980000E+02  0.1315030E-01  0.1807658E-01  0.0000000E+00  0.3122688E-01
 0.9990000E+02  0.1314634E-01  0.1811402E-01  0.0000000E+00  0.3126036E-01
 0.1000000E+03  0.1314232E-01  0.1815149E-01  0.0000000E+00  0.3129381E-01
