 0.10000E+00  0.10000E+01 -0.22075E-18
 0.20000E+00  0.10000E+01 -0.12674E-18
 0.30000E+00  0.10000E+01  0.49493E-18
 0.40000E+00  0.10000E+01 -0.83331E-20
 0.50000E+00  0.10000E+01 -0.28690E-18
 0.60000E+00  0.10000E+01 -0.11887E-17
 0.70000E+00  0.10000E+01  0.80421E-18
 0.80000E+00  0.10000E+01  0.18663E-17
 0.90000E+00  0.10000E+01 -0.20143E-17
 0.10000E+01  0.10000E+01  0.83658E-18
 0.11000E+01  0.10000E+01 -0.26252E-17
 0.12000E+01  0.10000E+01 -0.36133E-18
 0.13000E+01  0.10000E+01  0.29389E-17
 0.14000E+01  0.10000E+01  0.75385E-18
 0.15000E+01  0.10000E+01 -0.30973E-18
 0.16000E+01  0.10000E+01  0.33229E-17
 0.17000E+01  0.10000E+01  0.26170E-18
 0.18000E+01  0.10000E+01 -0.25716E-18
 0.19000E+01  0.10000E+01 -0.20758E-17
 0.20000E+01  0.10000E+01  0.49458E-17
 0.21000E+01  0.10000E+01 -0.11306E-17
 0.22000E+01  0.10000E+01 -0.37719E-18
 0.23000E+01  0.10001E+01 -0.13485E-17
 0.24000E+01  0.10001E+01  0.10398E-17
 0.25000E+01  0.10001E+01  0.13460E-17
 0.26000E+01  0.10001E+01 -0.31203E-17
 0.27000E+01  0.10001E+01  0.10138E-17
 0.28000E+01  0.10001E+01  0.43348E-17
 0.29000E+01  0.10001E+01  0.60937E-17
 0.30000E+01  0.10001E+01 -0.81586E-17
 0.31000E+01  0.10001E+01  0.94630E-18
 0.32000E+01  0.10001E+01 -0.76958E-17
 0.33000E+01  0.10001E+01 -0.10078E-17
 0.34000E+01  0.10001E+01  0.73910E-17
 0.35000E+01  0.10001E+01 -0.27709E-17
 0.36000E+01  0.10001E+01 -0.57482E-17
 0.37000E+01  0.10001E+01  0.74676E-18
 0.38000E+01  0.10001E+01  0.27300E-17
 0.39000E+01  0.10002E+01 -0.16672E-16
 0.40000E+01  0.10002E+01  0.43919E-17
 0.41000E+01  0.10002E+01  0.48578E-17
 0.42000E+01  0.10002E+01  0.76499E-17
 0.43000E+01  0.10002E+01 -0.61302E-19
 0.44000E+01  0.10002E+01 -0.15043E-17
 0.45000E+01  0.10002E+01  0.64820E-17
 0.46000E+01  0.10002E+01 -0.15314E-17
 0.47000E+01  0.10002E+01  0.23922E-18
 0.48000E+01  0.10002E+01 -0.11064E-16
 0.49000E+01  0.10002E+01 -0.10880E-16
 0.50000E+01  0.10002E+01 -0.20951E-17
 0.51000E+01  0.10003E+01  0.29406E-17
 0.52000E+01  0.10003E+01  0.55442E-17
 0.53000E+01  0.10003E+01  0.10897E-16
 0.54000E+01  0.10003E+01 -0.10483E-16
 0.55000E+01  0.10003E+01 -0.70603E-17
 0.56000E+01  0.10003E+01  0.35987E-17
 0.57000E+01  0.10003E+01  0.20957E-17
 0.58000E+01  0.10003E+01  0.24886E-17
 0.59000E+01  0.10003E+01  0.29977E-17
 0.60000E+01  0.10004E+01 -0.92470E-18
 0.61000E+01  0.10004E+01  0.98004E-17
 0.62000E+01  0.10004E+01  0.17406E-17
 0.63000E+01  0.10004E+01 -0.54206E-17
 0.64000E+01  0.10004E+01  0.18310E-17
 0.65000E+01  0.10004E+01  0.10752E-17
 0.66000E+01  0.10004E+01  0.25516E-18
 0.67000E+01  0.10004E+01 -0.11526E-16
 0.68000E+01  0.10005E+01  0.94720E-17
 0.69000E+01  0.10005E+01  0.18049E-17
 0.70000E+01  0.10005E+01  0.35388E-17
 0.71000E+01  0.10005E+01  0.15909E-16
 0.72000E+01  0.10005E+01  0.80989E-17
 0.73000E+01  0.10005E+01 -0.60331E-17
 0.74000E+01  0.10005E+01  0.54188E-17
 0.75000E+01  0.10006E+01  0.78295E-17
 0.76000E+01  0.10006E+01  0.13084E-16
 0.77000E+01  0.10006E+01  0.47849E-18
 0.78000E+01  0.10006E+01 -0.64330E-17
 0.79000E+01  0.10006E+01 -0.63714E-17
 0.80000E+01  0.10006E+01  0.15712E-16
 0.81000E+01  0.10007E+01 -0.23696E-16
 0.82000E+01  0.10007E+01 -0.72597E-17
 0.83000E+01  0.10007E+01 -0.57745E-17
 0.84000E+01  0.10007E+01  0.30636E-17
 0.85000E+01  0.10007E+01  0.20138E-16
 0.86000E+01  0.10007E+01  0.94877E-17
 0.87000E+01  0.10008E+01  0.15420E-16
 0.88000E+01  0.10008E+01 -0.88310E-17
 0.89000E+01  0.10008E+01 -0.43052E-18
 0.90000E+01  0.10008E+01 -0.11348E-16
 0.91000E+01  0.10008E+01  0.68818E-17
 0.92000E+01  0.10008E+01 -0.76339E-17
 0.93000E+01  0.10009E+01 -0.82214E-17
 0.94000E+01  0.10009E+01  0.13279E-16
 0.95000E+01  0.10009E+01  0.19131E-16
 0.96000E+01  0.10009E+01  0.25384E-17
 0.97000E+01  0.10009E+01 -0.77325E-17
 0.98000E+01  0.10010E+01 -0.13679E-17
 0.99000E+01  0.10010E+01 -0.32332E-17
 0.10000E+02  0.10010E+01  0.35346E-17
 0.10100E+02  0.10010E+01 -0.26853E-17
 0.10200E+02  0.10010E+01  0.17380E-18
 0.10300E+02  0.10011E+01 -0.60645E-17
 0.10400E+02  0.10011E+01  0.23536E-16
 0.10500E+02  0.10011E+01  0.11087E-17
 0.10600E+02  0.10011E+01  0.20390E-16
 0.10700E+02  0.10011E+01  0.11127E-16
 0.10800E+02  0.10012E+01 -0.53454E-17
 0.10900E+02  0.10012E+01  0.97783E-17
 0.11000E+02  0.10012E+01  0.32809E-16
 0.11100E+02  0.10012E+01 -0.10387E-16
 0.11200E+02  0.10012E+01  0.18094E-16
 0.11300E+02  0.10013E+01 -0.20851E-16
 0.11400E+02  0.10013E+01 -0.12348E-16
 0.11500E+02  0.10013E+01  0.32371E-16
 0.11600E+02  0.10013E+01 -0.29698E-17
 0.11700E+02  0.10014E+01  0.23823E-18
 0.11800E+02  0.10014E+01  0.22867E-16
 0.11900E+02  0.10014E+01  0.76806E-17
 0.12000E+02  0.10014E+01 -0.93769E-17
 0.12100E+02  0.10015E+01  0.82732E-17
 0.12200E+02  0.10015E+01 -0.85371E-17
 0.12300E+02  0.10015E+01  0.19516E-16
 0.12400E+02  0.10015E+01  0.21491E-16
 0.12500E+02  0.10016E+01  0.22617E-16
 0.12600E+02  0.10016E+01 -0.14815E-16
 0.12700E+02  0.10016E+01 -0.21499E-16
 0.12800E+02  0.10016E+01 -0.24397E-17
 0.12900E+02  0.10017E+01 -0.14267E-16
 0.13000E+02  0.10017E+01 -0.34339E-17
 0.13100E+02  0.10017E+01  0.12903E-16
 0.13200E+02  0.10017E+01  0.15242E-17
 0.13300E+02  0.10018E+01  0.23362E-16
 0.13400E+02  0.10018E+01 -0.22340E-17
 0.13500E+02  0.10018E+01  0.23225E-16
 0.13600E+02  0.10018E+01  0.32603E-16
 0.13700E+02  0.10019E+01 -0.20300E-16
 0.13800E+02  0.10019E+01 -0.14382E-16
 0.13900E+02  0.10019E+01  0.16014E-16
 0.14000E+02  0.10019E+01  0.67321E-18
 0.14100E+02  0.10020E+01  0.22427E-17
 0.14200E+02  0.10020E+01  0.35303E-16
 0.14300E+02  0.10020E+01  0.92366E-17
 0.14400E+02  0.10021E+01 -0.12891E-16
 0.14500E+02  0.10021E+01  0.22512E-16
 0.14600E+02  0.10021E+01  0.29713E-16
 0.14700E+02  0.10021E+01 -0.25021E-16
 0.14800E+02  0.10022E+01 -0.70990E-17
 0.14900E+02  0.10022E+01 -0.56666E-17
 0.15000E+02  0.10022E+01  0.67138E-17
 0.15100E+02  0.10023E+01 -0.24186E-17
 0.15200E+02  0.10023E+01  0.24202E-17
 0.15300E+02  0.10023E+01 -0.19759E-16
 0.15400E+02  0.10023E+01 -0.24195E-16
 0.15500E+02  0.10024E+01 -0.14373E-16
 0.15600E+02  0.10024E+01 -0.21362E-16
 0.15700E+02  0.10024E+01  0.45762E-18
 0.15800E+02  0.10025E+01 -0.55243E-17
 0.15900E+02  0.10025E+01  0.99667E-18
 0.16000E+02  0.10025E+01  0.75098E-17
 0.16100E+02  0.10026E+01  0.99240E-17
 0.16200E+02  0.10026E+01  0.17659E-16
 0.16300E+02  0.10026E+01  0.86303E-18
 0.16400E+02  0.10027E+01 -0.15164E-16
 0.16500E+02  0.10027E+01 -0.23402E-16
 0.16600E+02  0.10027E+01  0.28018E-19
 0.16700E+02  0.10028E+01 -0.50373E-17
 0.16800E+02  0.10028E+01  0.10550E-17
 0.16900E+02  0.10028E+01  0.32647E-16
 0.17000E+02  0.10029E+01  0.20241E-16
 0.17100E+02  0.10029E+01 -0.14789E-16
 0.17200E+02  0.10029E+01 -0.91404E-17
 0.17300E+02  0.10030E+01  0.13595E-16
 0.17400E+02  0.10030E+01  0.11490E-17
 0.17500E+02  0.10030E+01  0.68873E-17
 0.17600E+02  0.10031E+01  0.20882E-16
 0.17700E+02  0.10031E+01 -0.91814E-17
 0.17800E+02  0.10031E+01  0.28684E-16
 0.17900E+02  0.10032E+01  0.43741E-17
 0.18000E+02  0.10032E+01  0.25383E-16
 0.18100E+02  0.10032E+01  0.23812E-16
 0.18200E+02  0.10033E+01  0.46240E-16
 0.18300E+02  0.10033E+01  0.10448E-16
 0.18400E+02  0.10033E+01  0.32127E-17
 0.18500E+02  0.10034E+01 -0.26221E-18
 0.18600E+02  0.10034E+01 -0.78055E-17
 0.18700E+02  0.10034E+01  0.24501E-16
 0.18800E+02  0.10035E+01  0.33618E-16
 0.18900E+02  0.10035E+01 -0.53650E-16
 0.19000E+02  0.10036E+01  0.11477E-16
 0.19100E+02  0.10036E+01 -0.47936E-16
 0.19200E+02  0.10036E+01 -0.38299E-17
 0.19300E+02  0.10037E+01  0.43797E-16
 0.19400E+02  0.10037E+01  0.15300E-16
 0.19500E+02  0.10037E+01  0.15933E-16
 0.19600E+02  0.10038E+01 -0.42711E-17
 0.19700E+02  0.10038E+01 -0.39466E-16
 0.19800E+02  0.10039E+01 -0.26916E-16
 0.19900E+02  0.10039E+01  0.11304E-16
 0.20000E+02  0.10039E+01 -0.50680E-17
 0.20100E+02  0.10040E+01  0.30371E-16
 0.20200E+02  0.10040E+01 -0.18871E-16
 0.20300E+02  0.10040E+01 -0.54282E-16
 0.20400E+02  0.10041E+01  0.95863E-17
 0.20500E+02  0.10041E+01  0.20917E-16
 0.20600E+02  0.10042E+01 -0.22169E-16
 0.20700E+02  0.10042E+01 -0.41525E-17
 0.20800E+02  0.10042E+01  0.10029E-16
 0.20900E+02  0.10043E+01 -0.13112E-16
 0.21000E+02  0.10043E+01 -0.30586E-16
 0.21100E+02  0.10044E+01  0.24230E-17
 0.21200E+02  0.10044E+01 -0.25859E-16
 0.21300E+02  0.10044E+01 -0.29825E-16
 0.21400E+02  0.10045E+01  0.20707E-16
 0.21500E+02  0.10045E+01 -0.15333E-16
 0.21600E+02  0.10046E+01  0.26509E-16
 0.21700E+02  0.10046E+01 -0.19674E-16
 0.21800E+02  0.10047E+01 -0.89514E-17
 0.21900E+02  0.10047E+01  0.14575E-16
 0.22000E+02  0.10047E+01 -0.28402E-16
 0.22100E+02  0.10048E+01 -0.28344E-16
 0.22200E+02  0.10048E+01 -0.43942E-16
 0.22300E+02  0.10049E+01  0.39792E-17
 0.22400E+02  0.10049E+01  0.95314E-17
 0.22500E+02  0.10050E+01  0.21280E-16
 0.22600E+02  0.10050E+01 -0.18040E-16
 0.22700E+02  0.10050E+01  0.10764E-16
 0.22800E+02  0.10051E+01 -0.39342E-16
 0.22900E+02  0.10051E+01 -0.22727E-16
 0.23000E+02  0.10052E+01  0.19469E-16
 0.23100E+02  0.10052E+01 -0.14397E-16
 0.23200E+02  0.10053E+01 -0.29866E-16
 0.23300E+02  0.10053E+01 -0.73287E-17
 0.23400E+02  0.10054E+01 -0.43867E-16
 0.23500E+02  0.10054E+01 -0.47476E-17
 0.23600E+02  0.10054E+01  0.40069E-16
 0.23700E+02  0.10055E+01  0.12615E-16
 0.23800E+02  0.10055E+01  0.46492E-16
 0.23900E+02  0.10056E+01 -0.19491E-16
 0.24000E+02  0.10056E+01  0.40607E-16
 0.24100E+02  0.10057E+01 -0.17147E-16
 0.24200E+02  0.10057E+01 -0.45715E-16
 0.24300E+02  0.10058E+01  0.56147E-16
 0.24400E+02  0.10058E+01  0.50832E-17
 0.24500E+02  0.10059E+01  0.12794E-16
 0.24600E+02  0.10059E+01  0.60222E-17
 0.24700E+02  0.10059E+01 -0.33634E-16
 0.24800E+02  0.10060E+01  0.95908E-17
 0.24900E+02  0.10060E+01 -0.41954E-17
 0.25000E+02  0.10061E+01 -0.64324E-17
 0.25100E+02  0.10061E+01 -0.63410E-17
 0.25200E+02  0.10062E+01  0.57257E-16
 0.25300E+02  0.10062E+01  0.18723E-16
 0.25400E+02  0.10063E+01 -0.50833E-16
 0.25500E+02  0.10063E+01 -0.29734E-18
 0.25600E+02  0.10064E+01  0.83453E-16
 0.25700E+02  0.10064E+01  0.58976E-16
 0.25800E+02  0.10065E+01  0.19642E-16
 0.25900E+02  0.10065E+01  0.45003E-17
 0.26000E+02  0.10066E+01 -0.28264E-16
 0.26100E+02  0.10066E+01  0.34241E-16
 0.26200E+02  0.10067E+01 -0.15799E-16
 0.26300E+02  0.10067E+01 -0.36935E-16
 0.26400E+02  0.10068E+01  0.85901E-16
 0.26500E+02  0.10068E+01 -0.11700E-16
 0.26600E+02  0.10069E+01  0.17703E-16
 0.26700E+02  0.10069E+01 -0.29224E-16
 0.26800E+02  0.10070E+01 -0.16157E-16
 0.26900E+02  0.10070E+01 -0.32381E-16
 0.27000E+02  0.10071E+01 -0.99599E-17
 0.27100E+02  0.10071E+01  0.71493E-16
 0.27200E+02  0.10072E+01  0.65198E-17
 0.27300E+02  0.10072E+01 -0.19861E-16
 0.27400E+02  0.10073E+01 -0.18287E-16
 0.27500E+02  0.10073E+01  0.15735E-16
 0.27600E+02  0.10074E+01 -0.13668E-16
 0.27700E+02  0.10074E+01  0.18549E-16
 0.27800E+02  0.10075E+01  0.21559E-16
 0.27900E+02  0.10075E+01  0.36804E-18
 0.28000E+02  0.10076E+01 -0.51996E-16
 0.28100E+02  0.10076E+01 -0.36578E-16
 0.28200E+02  0.10077E+01 -0.58598E-16
 0.28300E+02  0.10077E+01  0.41628E-16
 0.28400E+02  0.10078E+01  0.76275E-17
 0.28500E+02  0.10079E+01  0.31529E-16
 0.28600E+02  0.10079E+01  0.25724E-16
 0.28700E+02  0.10080E+01  0.43430E-16
 0.28800E+02  0.10080E+01  0.39785E-16
 0.28900E+02  0.10081E+01 -0.46831E-16
 0.29000E+02  0.10081E+01 -0.28243E-16
 0.29100E+02  0.10082E+01 -0.89907E-18
 0.29200E+02  0.10082E+01 -0.58255E-16
 0.29300E+02  0.10083E+01 -0.10872E-17
 0.29400E+02  0.10083E+01 -0.23907E-16
 0.29500E+02  0.10084E+01 -0.22807E-16
 0.29600E+02  0.10084E+01 -0.28891E-16
 0.29700E+02  0.10085E+01 -0.38596E-16
 0.29800E+02  0.10086E+01  0.34448E-17
 0.29900E+02  0.10086E+01 -0.97151E-16
 0.30000E+02  0.10087E+01  0.61934E-17
 0.30100E+02  0.10087E+01  0.24910E-16
 0.30200E+02  0.10088E+01  0.12901E-16
 0.30300E+02  0.10088E+01 -0.42722E-16
 0.30400E+02  0.10089E+01 -0.30342E-16
 0.30500E+02  0.10089E+01  0.75624E-17
 0.30600E+02  0.10090E+01 -0.74403E-16
 0.30700E+02  0.10091E+01 -0.16003E-16
 0.30800E+02  0.10091E+01 -0.17032E-16
 0.30900E+02  0.10092E+01  0.59979E-16
 0.31000E+02  0.10092E+01 -0.28482E-16
 0.31100E+02  0.10093E+01 -0.34704E-16
 0.31200E+02  0.10093E+01 -0.94199E-17
 0.31300E+02  0.10094E+01 -0.43783E-17
 0.31400E+02  0.10095E+01  0.16369E-16
 0.31500E+02  0.10095E+01  0.25647E-16
 0.31600E+02  0.10096E+01  0.37410E-17
 0.31700E+02  0.10096E+01  0.71697E-17
 0.31800E+02  0.10097E+01  0.63200E-16
 0.31900E+02  0.10098E+01 -0.32148E-16
 0.32000E+02  0.10098E+01  0.31746E-16
 0.32100E+02  0.10099E+01 -0.14825E-16
 0.32200E+02  0.10099E+01  0.16377E-16
 0.32300E+02  0.10100E+01  0.90321E-16
 0.32400E+02  0.10101E+01  0.19257E-16
 0.32500E+02  0.10101E+01 -0.24037E-16
 0.32600E+02  0.10102E+01  0.18682E-17
 0.32700E+02  0.10102E+01  0.36842E-16
 0.32800E+02  0.10103E+01 -0.42302E-16
 0.32900E+02  0.10103E+01  0.33262E-16
 0.33000E+02  0.10104E+01 -0.49323E-16
 0.33100E+02  0.10105E+01  0.37573E-16
 0.33200E+02  0.10105E+01 -0.44459E-17
 0.33300E+02  0.10106E+01  0.25846E-16
 0.33400E+02  0.10107E+01 -0.16974E-16
 0.33500E+02  0.10107E+01  0.54362E-16
 0.33600E+02  0.10108E+01  0.29691E-16
 0.33700E+02  0.10108E+01 -0.41486E-16
 0.33800E+02  0.10109E+01 -0.38427E-16
 0.33900E+02  0.10110E+01 -0.83148E-16
 0.34000E+02  0.10110E+01 -0.16308E-17
 0.34100E+02  0.10111E+01 -0.31749E-16
 0.34200E+02  0.10111E+01  0.67248E-17
 0.34300E+02  0.10112E+01  0.88682E-17
 0.34400E+02  0.10113E+01 -0.20013E-16
 0.34500E+02  0.10113E+01 -0.40339E-16
 0.34600E+02  0.10114E+01 -0.11995E-16
 0.34700E+02  0.10115E+01  0.77009E-17
 0.34800E+02  0.10115E+01  0.10167E-16
 0.34900E+02  0.10116E+01 -0.57520E-17
 0.35000E+02  0.10116E+01  0.10331E-15
 0.35100E+02  0.10117E+01 -0.51447E-17
 0.35200E+02  0.10118E+01 -0.12030E-16
 0.35300E+02  0.10118E+01  0.57481E-16
 0.35400E+02  0.10119E+01 -0.80567E-17
 0.35500E+02  0.10120E+01  0.15007E-16
 0.35600E+02  0.10120E+01  0.31333E-16
 0.35700E+02  0.10121E+01  0.11426E-17
 0.35800E+02  0.10122E+01 -0.11568E-17
 0.35900E+02  0.10122E+01  0.33685E-16
 0.36000E+02  0.10123E+01 -0.27816E-16
 0.36100E+02  0.10123E+01  0.89492E-17
 0.36200E+02  0.10124E+01 -0.38126E-16
 0.36300E+02  0.10125E+01 -0.51719E-17
 0.36400E+02  0.10125E+01  0.90256E-17
 0.36500E+02  0.10126E+01 -0.16018E-16
 0.36600E+02  0.10127E+01  0.28455E-16
 0.36700E+02  0.10127E+01 -0.91732E-16
 0.36800E+02  0.10128E+01  0.31345E-16
 0.36900E+02  0.10129E+01 -0.15211E-17
 0.37000E+02  0.10129E+01  0.33767E-16
 0.37100E+02  0.10130E+01  0.26700E-16
 0.37200E+02  0.10131E+01 -0.12474E-16
 0.37300E+02  0.10131E+01  0.51287E-16
 0.37400E+02  0.10132E+01  0.13187E-17
 0.37500E+02  0.10133E+01  0.53537E-16
 0.37600E+02  0.10133E+01 -0.23241E-16
 0.37700E+02  0.10134E+01  0.78774E-16
 0.37800E+02  0.10135E+01 -0.55817E-16
 0.37900E+02  0.10135E+01  0.24153E-16
 0.38000E+02  0.10136E+01 -0.31222E-17
 0.38100E+02  0.10137E+01  0.27899E-16
 0.38200E+02  0.10137E+01  0.11861E-15
 0.38300E+02  0.10138E+01 -0.13334E-16
 0.38400E+02  0.10139E+01  0.19968E-16
 0.38500E+02  0.10139E+01  0.12144E-15
 0.38600E+02  0.10140E+01  0.30117E-16
 0.38700E+02  0.10141E+01 -0.37234E-16
 0.38800E+02  0.10141E+01  0.15391E-16
 0.38900E+02  0.10142E+01 -0.16407E-16
 0.39000E+02  0.10143E+01 -0.68373E-16
 0.39100E+02  0.10144E+01 -0.58427E-16
 0.39200E+02  0.10144E+01 -0.30989E-17
 0.39300E+02  0.10145E+01  0.87173E-16
 0.39400E+02  0.10146E+01 -0.38965E-16
 0.39500E+02  0.10146E+01  0.52486E-17
 0.39600E+02  0.10147E+01 -0.36404E-16
 0.39700E+02  0.10148E+01 -0.34106E-17
 0.39800E+02  0.10148E+01 -0.71009E-17
 0.39900E+02  0.10149E+01 -0.52386E-16
 0.40000E+02  0.10150E+01 -0.15624E-16
 0.40100E+02  0.10151E+01 -0.60569E-16
 0.40200E+02  0.10151E+01  0.22086E-16
 0.40300E+02  0.10152E+01  0.11510E-15
 0.40400E+02  0.10153E+01  0.46586E-16
 0.40500E+02  0.10153E+01 -0.40695E-16
 0.40600E+02  0.10154E+01 -0.45171E-16
 0.40700E+02  0.10155E+01  0.38526E-16
 0.40800E+02  0.10155E+01 -0.56503E-17
 0.40900E+02  0.10156E+01  0.44207E-16
 0.41000E+02  0.10157E+01 -0.75920E-16
 0.41100E+02  0.10158E+01 -0.16521E-16
 0.41200E+02  0.10158E+01  0.45487E-16
 0.41300E+02  0.10159E+01  0.54453E-16
 0.41400E+02  0.10160E+01  0.36141E-16
 0.41500E+02  0.10160E+01  0.75390E-17
 0.41600E+02  0.10161E+01  0.40211E-16
 0.41700E+02  0.10162E+01 -0.79275E-16
 0.41800E+02  0.10163E+01 -0.41964E-16
 0.41900E+02  0.10163E+01  0.45505E-17
 0.42000E+02  0.10164E+01 -0.42037E-16
 0.42100E+02  0.10165E+01  0.76894E-16
 0.42200E+02  0.10166E+01 -0.74562E-16
 0.42300E+02  0.10166E+01 -0.36509E-16
 0.42400E+02  0.10167E+01  0.21001E-16
 0.42500E+02  0.10168E+01  0.12255E-15
 0.42600E+02  0.10168E+01  0.15836E-16
 0.42700E+02  0.10169E+01 -0.75183E-17
 0.42800E+02  0.10170E+01 -0.45790E-16
 0.42900E+02  0.10171E+01  0.29399E-16
 0.43000E+02  0.10171E+01  0.41844E-16
 0.43100E+02  0.10172E+01 -0.75837E-16
 0.43200E+02  0.10173E+01  0.13519E-16
 0.43300E+02  0.10174E+01 -0.21815E-17
 0.43400E+02  0.10174E+01  0.63701E-16
 0.43500E+02  0.10175E+01 -0.34132E-16
 0.43600E+02  0.10176E+01 -0.50887E-16
 0.43700E+02  0.10177E+01 -0.18594E-16
 0.43800E+02  0.10177E+01  0.10456E-16
 0.43900E+02  0.10178E+01 -0.44854E-16
 0.44000E+02  0.10179E+01  0.13713E-16
 0.44100E+02  0.10180E+01 -0.29810E-16
 0.44200E+02  0.10180E+01  0.86161E-16
 0.44300E+02  0.10181E+01 -0.26712E-16
 0.44400E+02  0.10182E+01 -0.57787E-17
 0.44500E+02  0.10183E+01  0.32961E-16
 0.44600E+02  0.10183E+01 -0.97483E-17
 0.44700E+02  0.10184E+01 -0.36778E-16
 0.44800E+02  0.10185E+01  0.45760E-16
 0.44900E+02  0.10186E+01  0.51760E-16
 0.45000E+02  0.10186E+01 -0.72381E-16
 0.45100E+02  0.10187E+01  0.22011E-16
 0.45200E+02  0.10188E+01  0.47275E-16
 0.45300E+02  0.10189E+01  0.16237E-16
 0.45400E+02  0.10190E+01  0.63188E-16
 0.45500E+02  0.10190E+01 -0.56896E-16
 0.45600E+02  0.10191E+01 -0.28849E-16
 0.45700E+02  0.10192E+01 -0.47184E-16
 0.45800E+02  0.10193E+01  0.30983E-16
 0.45900E+02  0.10193E+01  0.64701E-16
 0.46000E+02  0.10194E+01 -0.88958E-17
 0.46100E+02  0.10195E+01 -0.82385E-17
 0.46200E+02  0.10196E+01  0.58231E-16
 0.46300E+02  0.10197E+01 -0.28549E-16
 0.46400E+02  0.10197E+01 -0.74484E-17
 0.46500E+02  0.10198E+01  0.36992E-16
 0.46600E+02  0.10199E+01  0.25298E-16
 0.46700E+02  0.10200E+01 -0.10498E-15
 0.46800E+02  0.10200E+01 -0.41980E-16
 0.46900E+02  0.10201E+01  0.70083E-16
 0.47000E+02  0.10202E+01 -0.25029E-16
 0.47100E+02  0.10203E+01 -0.44736E-16
 0.47200E+02  0.10204E+01  0.13023E-15
 0.47300E+02  0.10204E+01 -0.63238E-16
 0.47400E+02  0.10205E+01 -0.38509E-16
 0.47500E+02  0.10206E+01  0.12713E-15
 0.47600E+02  0.10207E+01  0.43580E-17
 0.47700E+02  0.10208E+01 -0.42341E-16
 0.47800E+02  0.10208E+01 -0.39535E-16
 0.47900E+02  0.10209E+01  0.40966E-16
 0.48000E+02  0.10210E+01 -0.55299E-16
 0.48100E+02  0.10211E+01  0.49353E-16
 0.48200E+02  0.10212E+01 -0.65210E-16
 0.48300E+02  0.10212E+01 -0.27312E-16
 0.48400E+02  0.10213E+01  0.63609E-16
 0.48500E+02  0.10214E+01  0.29536E-16
 0.48600E+02  0.10215E+01 -0.65856E-16
 0.48700E+02  0.10216E+01  0.14387E-16
 0.48800E+02  0.10216E+01 -0.12669E-16
 0.48900E+02  0.10217E+01 -0.13754E-16
 0.49000E+02  0.10218E+01  0.12880E-16
 0.49100E+02  0.10219E+01 -0.13879E-15
 0.49200E+02  0.10220E+01 -0.63993E-16
 0.49300E+02  0.10220E+01  0.64483E-17
 0.49400E+02  0.10221E+01  0.21807E-17
 0.49500E+02  0.10222E+01 -0.84153E-17
 0.49600E+02  0.10223E+01  0.50058E-16
 0.49700E+02  0.10224E+01 -0.40469E-16
 0.49800E+02  0.10224E+01  0.27841E-16
 0.49900E+02  0.10225E+01  0.19918E-16
 0.50000E+02  0.10226E+01 -0.55985E-16
 0.50100E+02  0.10227E+01  0.70340E-16
 0.50200E+02  0.10228E+01  0.37444E-16
 0.50300E+02  0.10229E+01 -0.19106E-16
 0.50400E+02  0.10229E+01  0.30150E-16
 0.50500E+02  0.10230E+01  0.10074E-15
 0.50600E+02  0.10231E+01  0.17582E-16
 0.50700E+02  0.10232E+01  0.70666E-16
 0.50800E+02  0.10233E+01 -0.43262E-17
 0.50900E+02  0.10233E+01  0.26239E-16
 0.51000E+02  0.10234E+01 -0.39614E-16
 0.51100E+02  0.10235E+01  0.32778E-16
 0.51200E+02  0.10236E+01 -0.71564E-16
 0.51300E+02  0.10237E+01 -0.79872E-16
 0.51400E+02  0.10238E+01  0.17167E-16
 0.51500E+02  0.10238E+01  0.12783E-16
 0.51600E+02  0.10239E+01  0.62064E-16
 0.51700E+02  0.10240E+01 -0.55105E-16
 0.51800E+02  0.10241E+01  0.72375E-16
 0.51900E+02  0.10242E+01 -0.26634E-16
 0.52000E+02  0.10243E+01  0.18086E-16
 0.52100E+02  0.10244E+01  0.22506E-16
 0.52200E+02  0.10244E+01 -0.10608E-16
 0.52300E+02  0.10245E+01 -0.12606E-16
 0.52400E+02  0.10246E+01  0.55908E-17
 0.52500E+02  0.10247E+01 -0.76318E-17
 0.52600E+02  0.10248E+01  0.72399E-16
 0.52700E+02  0.10249E+01  0.20561E-16
 0.52800E+02  0.10249E+01  0.57032E-16
 0.52900E+02  0.10250E+01 -0.78524E-16
 0.53000E+02  0.10251E+01 -0.18778E-16
 0.53100E+02  0.10252E+01  0.29864E-16
 0.53200E+02  0.10253E+01 -0.13106E-16
 0.53300E+02  0.10254E+01 -0.13307E-16
 0.53400E+02  0.10255E+01 -0.67702E-16
 0.53500E+02  0.10255E+01 -0.61274E-16
 0.53600E+02  0.10256E+01  0.77138E-16
 0.53700E+02  0.10257E+01 -0.23108E-16
 0.53800E+02  0.10258E+01  0.12492E-15
 0.53900E+02  0.10259E+01  0.33534E-17
 0.54000E+02  0.10260E+01  0.81502E-17
 0.54100E+02  0.10261E+01  0.26372E-16
 0.54200E+02  0.10261E+01  0.33091E-16
 0.54300E+02  0.10262E+01 -0.49627E-16
 0.54400E+02  0.10263E+01  0.69236E-16
 0.54500E+02  0.10264E+01 -0.59654E-16
 0.54600E+02  0.10265E+01  0.62033E-16
 0.54700E+02  0.10266E+01  0.72184E-16
 0.54800E+02  0.10267E+01  0.22278E-16
 0.54900E+02  0.10267E+01  0.70313E-16
 0.55000E+02  0.10268E+01 -0.21845E-17
 0.55100E+02  0.10269E+01 -0.12124E-16
 0.55200E+02  0.10270E+01 -0.10540E-15
 0.55300E+02  0.10271E+01  0.13791E-16
 0.55400E+02  0.10272E+01 -0.31712E-16
 0.55500E+02  0.10273E+01  0.12665E-15
 0.55600E+02  0.10274E+01  0.46887E-16
 0.55700E+02  0.10274E+01  0.54501E-16
 0.55800E+02  0.10275E+01 -0.73311E-17
 0.55900E+02  0.10276E+01  0.39806E-16
 0.56000E+02  0.10277E+01 -0.30574E-16
 0.56100E+02  0.10278E+01 -0.25835E-16
 0.56200E+02  0.10279E+01 -0.50651E-16
 0.56300E+02  0.10280E+01  0.36712E-16
 0.56400E+02  0.10281E+01 -0.57778E-16
 0.56500E+02  0.10281E+01 -0.11582E-16
 0.56600E+02  0.10282E+01 -0.13433E-16
 0.56700E+02  0.10283E+01  0.27180E-16
 0.56800E+02  0.10284E+01  0.68511E-16
 0.56900E+02  0.10285E+01 -0.12946E-16
 0.57000E+02  0.10286E+01  0.11812E-15
 0.57100E+02  0.10287E+01  0.41826E-16
 0.57200E+02  0.10288E+01 -0.46379E-17
 0.57300E+02  0.10288E+01 -0.14498E-16
 0.57400E+02  0.10289E+01 -0.18944E-17
 0.57500E+02  0.10290E+01  0.88155E-16
 0.57600E+02  0.10291E+01  0.70931E-16
 0.57700E+02  0.10292E+01 -0.56996E-16
 0.57800E+02  0.10293E+01  0.63048E-16
 0.57900E+02  0.10294E+01  0.11222E-16
 0.58000E+02  0.10295E+01 -0.18234E-16
 0.58100E+02  0.10296E+01  0.24142E-16
 0.58200E+02  0.10297E+01 -0.64913E-16
 0.58300E+02  0.10297E+01  0.36446E-16
 0.58400E+02  0.10298E+01  0.64222E-17
 0.58500E+02  0.10299E+01  0.10712E-16
 0.58600E+02  0.10300E+01  0.50149E-16
 0.58700E+02  0.10301E+01 -0.57674E-16
 0.58800E+02  0.10302E+01  0.22932E-16
 0.58900E+02  0.10303E+01  0.81147E-16
 0.59000E+02  0.10304E+01 -0.98467E-16
 0.59100E+02  0.10305E+01  0.45971E-16
 0.59200E+02  0.10306E+01  0.99229E-16
 0.59300E+02  0.10306E+01 -0.58513E-17
 0.59400E+02  0.10307E+01 -0.77249E-18
 0.59500E+02  0.10308E+01 -0.13342E-16
 0.59600E+02  0.10309E+01 -0.14015E-16
 0.59700E+02  0.10310E+01 -0.35584E-17
 0.59800E+02  0.10311E+01  0.11946E-15
 0.59900E+02  0.10312E+01 -0.71058E-16
 0.60000E+02  0.10313E+01  0.17286E-15
 0.60100E+02  0.10314E+01  0.13106E-15
 0.60200E+02  0.10315E+01 -0.83031E-16
 0.60300E+02  0.10315E+01  0.44229E-16
 0.60400E+02  0.10316E+01  0.70945E-16
 0.60500E+02  0.10317E+01 -0.50889E-16
 0.60600E+02  0.10318E+01  0.14068E-16
 0.60700E+02  0.10319E+01 -0.10841E-15
 0.60800E+02  0.10320E+01  0.14259E-15
 0.60900E+02  0.10321E+01 -0.72099E-16
 0.61000E+02  0.10322E+01  0.11036E-16
 0.61100E+02  0.10323E+01 -0.27163E-16
 0.61200E+02  0.10324E+01  0.64795E-16
 0.61300E+02  0.10325E+01 -0.58817E-16
 0.61400E+02  0.10326E+01  0.35791E-16
 0.61500E+02  0.10327E+01 -0.14513E-15
 0.61600E+02  0.10327E+01 -0.51976E-16
 0.61700E+02  0.10328E+01  0.23254E-16
 0.61800E+02  0.10329E+01 -0.12204E-15
 0.61900E+02  0.10330E+01 -0.84112E-16
 0.62000E+02  0.10331E+01  0.39565E-16
 0.62100E+02  0.10332E+01 -0.11559E-16
 0.62200E+02  0.10333E+01 -0.18144E-16
 0.62300E+02  0.10334E+01  0.29039E-16
 0.62400E+02  0.10335E+01 -0.41555E-17
 0.62500E+02  0.10336E+01 -0.44446E-16
 0.62600E+02  0.10337E+01  0.23442E-16
 0.62700E+02  0.10338E+01 -0.68865E-16
 0.62800E+02  0.10339E+01 -0.16422E-15
 0.62900E+02  0.10339E+01  0.10518E-15
 0.63000E+02  0.10340E+01 -0.84111E-16
 0.63100E+02  0.10341E+01  0.90980E-17
 0.63200E+02  0.10342E+01 -0.10450E-15
 0.63300E+02  0.10343E+01 -0.54185E-17
 0.63400E+02  0.10344E+01  0.27573E-16
 0.63500E+02  0.10345E+01  0.13965E-16
 0.63600E+02  0.10346E+01 -0.46858E-17
 0.63700E+02  0.10347E+01  0.15894E-16
 0.63800E+02  0.10348E+01  0.66701E-16
 0.63900E+02  0.10349E+01 -0.43603E-16
 0.64000E+02  0.10350E+01  0.32631E-16
 0.64100E+02  0.10351E+01  0.30350E-16
 0.64200E+02  0.10352E+01  0.44139E-16
 0.64300E+02  0.10353E+01 -0.90407E-16
 0.64400E+02  0.10354E+01  0.39595E-16
 0.64500E+02  0.10354E+01 -0.85428E-16
 0.64600E+02  0.10355E+01 -0.16522E-15
 0.64700E+02  0.10356E+01 -0.69695E-16
 0.64800E+02  0.10357E+01  0.32720E-16
 0.64900E+02  0.10358E+01 -0.68775E-16
 0.65000E+02  0.10359E+01 -0.87954E-16
 0.65100E+02  0.10360E+01  0.23736E-16
 0.65200E+02  0.10361E+01  0.32661E-16
 0.65300E+02  0.10362E+01 -0.33409E-16
 0.65400E+02  0.10363E+01  0.54573E-16
 0.65500E+02  0.10364E+01  0.35071E-16
 0.65600E+02  0.10365E+01  0.21180E-16
 0.65700E+02  0.10366E+01 -0.96350E-16
 0.65800E+02  0.10367E+01 -0.43155E-16
 0.65900E+02  0.10368E+01  0.74156E-16
 0.66000E+02  0.10369E+01 -0.51377E-17
 0.66100E+02  0.10370E+01  0.34423E-16
 0.66200E+02  0.10371E+01  0.12317E-15
 0.66300E+02  0.10372E+01 -0.41330E-16
 0.66400E+02  0.10373E+01 -0.50915E-16
 0.66500E+02  0.10373E+01  0.60279E-16
 0.66600E+02  0.10374E+01 -0.82643E-16
 0.66700E+02  0.10375E+01  0.17818E-16
 0.66800E+02  0.10376E+01 -0.11307E-15
 0.66900E+02  0.10377E+01 -0.14513E-16
 0.67000E+02  0.10378E+01 -0.80433E-16
 0.67100E+02  0.10379E+01 -0.45531E-16
 0.67200E+02  0.10380E+01 -0.16541E-16
 0.67300E+02  0.10381E+01  0.46420E-16
 0.67400E+02  0.10382E+01 -0.90704E-16
 0.67500E+02  0.10383E+01 -0.73357E-16
 0.67600E+02  0.10384E+01 -0.32591E-16
 0.67700E+02  0.10385E+01  0.29719E-16
 0.67800E+02  0.10386E+01  0.23131E-16
 0.67900E+02  0.10387E+01  0.58592E-16
 0.68000E+02  0.10388E+01  0.65235E-16
 0.68100E+02  0.10389E+01  0.66001E-17
 0.68200E+02  0.10390E+01 -0.68983E-16
 0.68300E+02  0.10391E+01  0.12734E-16
 0.68400E+02  0.10392E+01 -0.30089E-16
 0.68500E+02  0.10393E+01  0.49106E-16
 0.68600E+02  0.10394E+01  0.11992E-15
 0.68700E+02  0.10395E+01  0.11708E-15
 0.68800E+02  0.10396E+01 -0.48677E-16
 0.68900E+02  0.10397E+01 -0.27134E-16
 0.69000E+02  0.10398E+01  0.14449E-15
 0.69100E+02  0.10399E+01  0.84958E-16
 0.69200E+02  0.10399E+01 -0.37535E-16
 0.69300E+02  0.10400E+01  0.57412E-17
 0.69400E+02  0.10401E+01  0.30341E-16
 0.69500E+02  0.10402E+01 -0.27562E-17
 0.69600E+02  0.10403E+01 -0.10562E-15
 0.69700E+02  0.10404E+01  0.67185E-16
 0.69800E+02  0.10405E+01  0.26987E-16
 0.69900E+02  0.10406E+01  0.57602E-16
 0.70000E+02  0.10407E+01  0.64929E-16
 0.70100E+02  0.10408E+01 -0.64662E-17
 0.70200E+02  0.10409E+01  0.29578E-16
 0.70300E+02  0.10410E+01 -0.18379E-16
 0.70400E+02  0.10411E+01 -0.55150E-16
 0.70500E+02  0.10412E+01  0.33595E-16
 0.70600E+02  0.10413E+01  0.12843E-15
 0.70700E+02  0.10414E+01  0.15662E-16
 0.70800E+02  0.10415E+01  0.66248E-16
 0.70900E+02  0.10416E+01  0.13569E-16
 0.71000E+02  0.10417E+01  0.30032E-16
 0.71100E+02  0.10418E+01  0.43366E-16
 0.71200E+02  0.10419E+01 -0.68681E-16
 0.71300E+02  0.10420E+01  0.11388E-15
 0.71400E+02  0.10421E+01  0.26766E-18
 0.71500E+02  0.10422E+01  0.15588E-15
 0.71600E+02  0.10423E+01  0.92428E-17
 0.71700E+02  0.10424E+01  0.23136E-16
 0.71800E+02  0.10425E+01 -0.35570E-16
 0.71900E+02  0.10426E+01  0.25186E-16
 0.72000E+02  0.10427E+01  0.56853E-17
 0.72100E+02  0.10428E+01  0.30844E-16
 0.72200E+02  0.10429E+01 -0.58603E-16
 0.72300E+02  0.10430E+01 -0.15807E-16
 0.72400E+02  0.10431E+01  0.79592E-16
 0.72500E+02  0.10432E+01 -0.10236E-15
 0.72600E+02  0.10433E+01 -0.12868E-15
 0.72700E+02  0.10434E+01 -0.11905E-15
 0.72800E+02  0.10435E+01 -0.40285E-16
 0.72900E+02  0.10436E+01  0.28164E-16
 0.73000E+02  0.10437E+01 -0.23192E-16
 0.73100E+02  0.10438E+01  0.73465E-16
 0.73200E+02  0.10439E+01  0.44020E-16
 0.73300E+02  0.10440E+01 -0.36195E-16
 0.73400E+02  0.10441E+01  0.26654E-16
 0.73500E+02  0.10442E+01 -0.10651E-15
 0.73600E+02  0.10443E+01 -0.69819E-16
 0.73700E+02  0.10444E+01  0.13354E-15
 0.73800E+02  0.10445E+01  0.86275E-16
 0.73900E+02  0.10446E+01  0.48857E-17
 0.74000E+02  0.10447E+01 -0.42604E-16
 0.74100E+02  0.10448E+01  0.13896E-16
 0.74200E+02  0.10449E+01  0.11369E-15
 0.74300E+02  0.10450E+01 -0.26983E-16
 0.74400E+02  0.10451E+01  0.13488E-15
 0.74500E+02  0.10452E+01 -0.41843E-18
 0.74600E+02  0.10453E+01  0.13760E-15
 0.74700E+02  0.10454E+01 -0.42113E-16
 0.74800E+02  0.10455E+01 -0.12766E-15
 0.74900E+02  0.10456E+01  0.31327E-16
 0.75000E+02  0.10457E+01  0.40989E-16
 0.75100E+02  0.10458E+01 -0.30630E-16
 0.75200E+02  0.10459E+01 -0.28869E-16
 0.75300E+02  0.10460E+01  0.13215E-15
 0.75400E+02  0.10461E+01  0.73308E-16
 0.75500E+02  0.10462E+01  0.31129E-16
 0.75600E+02  0.10463E+01  0.99908E-16
 0.75700E+02  0.10464E+01  0.22556E-17
 0.75800E+02  0.10465E+01 -0.89267E-16
 0.75900E+02  0.10466E+01 -0.53038E-16
 0.76000E+02  0.10467E+01  0.88733E-16
 0.76100E+02  0.10468E+01  0.64035E-16
 0.76200E+02  0.10469E+01  0.93061E-17
 0.76300E+02  0.10470E+01  0.43525E-16
 0.76400E+02  0.10471E+01 -0.32212E-16
 0.76500E+02  0.10472E+01 -0.97932E-16
 0.76600E+02  0.10473E+01  0.82158E-17
 0.76700E+02  0.10474E+01  0.80733E-17
 0.76800E+02  0.10475E+01  0.16388E-15
 0.76900E+02  0.10476E+01 -0.70083E-16
 0.77000E+02  0.10477E+01 -0.11980E-15
 0.77100E+02  0.10478E+01 -0.13531E-15
 0.77200E+02  0.10479E+01 -0.28971E-16
 0.77300E+02  0.10480E+01  0.67063E-16
 0.77400E+02  0.10481E+01  0.19636E-16
 0.77500E+02  0.10482E+01 -0.23785E-17
 0.77600E+02  0.10483E+01  0.11752E-16
 0.77700E+02  0.10484E+01  0.46461E-16
 0.77800E+02  0.10485E+01  0.32418E-16
 0.77900E+02  0.10486E+01  0.86491E-16
 0.78000E+02  0.10487E+01 -0.90882E-16
 0.78100E+02  0.10488E+01  0.13254E-16
 0.78200E+02  0.10489E+01  0.42902E-17
 0.78300E+02  0.10490E+01 -0.71354E-17
 0.78400E+02  0.10491E+01  0.19109E-16
 0.78500E+02  0.10492E+01  0.15411E-15
 0.78600E+02  0.10493E+01 -0.75217E-16
 0.78700E+02  0.10494E+01  0.39380E-16
 0.78800E+02  0.10495E+01  0.18304E-16
 0.78900E+02  0.10496E+01  0.87702E-17
 0.79000E+02  0.10497E+01 -0.31772E-16
 0.79100E+02  0.10498E+01  0.28941E-16
 0.79200E+02  0.10499E+01 -0.19690E-16
 0.79300E+02  0.10500E+01  0.53273E-16
 0.79400E+02  0.10501E+01 -0.11808E-17
 0.79500E+02  0.10502E+01  0.29311E-16
 0.79600E+02  0.10503E+01 -0.30358E-17
 0.79700E+02  0.10504E+01 -0.90629E-16
 0.79800E+02  0.10505E+01  0.16846E-16
 0.79900E+02  0.10506E+01 -0.23586E-16
 0.80000E+02  0.10507E+01 -0.19666E-16
 0.80100E+02  0.10508E+01  0.27151E-16
 0.80200E+02  0.10509E+01 -0.71205E-16
 0.80300E+02  0.10510E+01 -0.45401E-18
 0.80400E+02  0.10511E+01  0.11806E-15
 0.80500E+02  0.10512E+01  0.17857E-16
 0.80600E+02  0.10513E+01  0.90754E-16
 0.80700E+02  0.10514E+01 -0.81251E-16
 0.80800E+02  0.10515E+01 -0.45843E-16
 0.80900E+02  0.10516E+01 -0.15452E-15
 0.81000E+02  0.10517E+01  0.46956E-16
 0.81100E+02  0.10518E+01 -0.12618E-15
 0.81200E+02  0.10519E+01  0.11409E-15
 0.81300E+02  0.10520E+01 -0.11779E-15
 0.81400E+02  0.10521E+01  0.10665E-15
 0.81500E+02  0.10522E+01 -0.48093E-16
 0.81600E+02  0.10523E+01  0.84602E-17
 0.81700E+02  0.10524E+01 -0.17355E-15
 0.81800E+02  0.10525E+01 -0.80319E-16
 0.81900E+02  0.10526E+01 -0.90287E-16
 0.82000E+02  0.10527E+01 -0.83423E-16
 0.82100E+02  0.10528E+01 -0.24767E-17
 0.82200E+02  0.10529E+01  0.10263E-16
 0.82300E+02  0.10530E+01 -0.83670E-16
 0.82400E+02  0.10532E+01  0.39040E-16
 0.82500E+02  0.10533E+01  0.27203E-16
 0.82600E+02  0.10534E+01  0.85337E-16
 0.82700E+02  0.10535E+01  0.54989E-16
 0.82800E+02  0.10536E+01 -0.68583E-16
 0.82900E+02  0.10537E+01  0.46082E-16
 0.83000E+02  0.10538E+01 -0.13812E-15
 0.83100E+02  0.10539E+01  0.16400E-15
 0.83200E+02  0.10540E+01 -0.16532E-16
 0.83300E+02  0.10541E+01  0.79855E-16
 0.83400E+02  0.10542E+01 -0.37037E-16
 0.83500E+02  0.10543E+01  0.47558E-16
 0.83600E+02  0.10544E+01  0.15518E-16
 0.83700E+02  0.10545E+01  0.29751E-16
 0.83800E+02  0.10546E+01  0.29797E-16
 0.83900E+02  0.10547E+01 -0.22196E-16
 0.84000E+02  0.10548E+01  0.53880E-16
 0.84100E+02  0.10549E+01 -0.30986E-16
 0.84200E+02  0.10550E+01 -0.15045E-16
 0.84300E+02  0.10551E+01  0.14569E-16
 0.84400E+02  0.10552E+01 -0.60014E-16
 0.84500E+02  0.10553E+01 -0.12933E-15
 0.84600E+02  0.10554E+01  0.15238E-15
 0.84700E+02  0.10555E+01  0.57842E-16
 0.84800E+02  0.10556E+01 -0.18045E-15
 0.84900E+02  0.10557E+01 -0.25082E-16
 0.85000E+02  0.10558E+01  0.16673E-16
 0.85100E+02  0.10559E+01  0.14813E-16
 0.85200E+02  0.10560E+01 -0.10977E-15
 0.85300E+02  0.10561E+01  0.11404E-16
 0.85400E+02  0.10562E+01  0.90141E-16
 0.85500E+02  0.10563E+01 -0.77188E-16
 0.85600E+02  0.10564E+01 -0.13057E-15
 0.85700E+02  0.10565E+01  0.84568E-17
 0.85800E+02  0.10566E+01 -0.16399E-16
 0.85900E+02  0.10567E+01  0.26675E-16
 0.86000E+02  0.10568E+01 -0.26848E-16
 0.86100E+02  0.10569E+01  0.54639E-16
 0.86200E+02  0.10571E+01  0.31554E-16
 0.86300E+02  0.10572E+01  0.33554E-16
 0.86400E+02  0.10573E+01  0.44903E-16
 0.86500E+02  0.10574E+01 -0.55396E-18
 0.86600E+02  0.10575E+01 -0.61320E-16
 0.86700E+02  0.10576E+01 -0.19124E-16
 0.86800E+02  0.10577E+01  0.23141E-16
 0.86900E+02  0.10578E+01  0.18376E-16
 0.87000E+02  0.10579E+01 -0.86537E-16
 0.87100E+02  0.10580E+01 -0.77293E-16
 0.87200E+02  0.10581E+01  0.19417E-16
 0.87300E+02  0.10582E+01 -0.12432E-15
 0.87400E+02  0.10583E+01 -0.65665E-16
 0.87500E+02  0.10584E+01 -0.79256E-16
 0.87600E+02  0.10585E+01  0.15710E-16
 0.87700E+02  0.10586E+01 -0.80694E-16
 0.87800E+02  0.10587E+01 -0.97159E-16
 0.87900E+02  0.10588E+01 -0.54075E-16
 0.88000E+02  0.10589E+01  0.60995E-16
 0.88100E+02  0.10590E+01 -0.20919E-16
 0.88200E+02  0.10591E+01  0.71631E-16
 0.88300E+02  0.10592E+01 -0.79455E-16
 0.88400E+02  0.10593E+01  0.22883E-16
 0.88500E+02  0.10594E+01 -0.11388E-15
 0.88600E+02  0.10595E+01 -0.64343E-16
 0.88700E+02  0.10596E+01 -0.38319E-16
 0.88800E+02  0.10597E+01 -0.43258E-16
 0.88900E+02  0.10598E+01  0.11555E-15
 0.89000E+02  0.10599E+01  0.91844E-16
 0.89100E+02  0.10600E+01  0.19766E-16
 0.89200E+02  0.10601E+01  0.21807E-17
 0.89300E+02  0.10602E+01 -0.45520E-17
 0.89400E+02  0.10603E+01  0.12364E-16
 0.89500E+02  0.10605E+01  0.18124E-16
 0.89600E+02  0.10606E+01  0.11035E-15
 0.89700E+02  0.10607E+01 -0.45420E-16
 0.89800E+02  0.10608E+01  0.82786E-16
 0.89900E+02  0.10609E+01  0.48488E-16
 0.90000E+02  0.10610E+01 -0.44108E-16
 0.90100E+02  0.10611E+01 -0.17454E-16
 0.90200E+02  0.10612E+01 -0.11090E-15
 0.90300E+02  0.10613E+01 -0.53939E-17
 0.90400E+02  0.10614E+01  0.14173E-16
 0.90500E+02  0.10615E+01 -0.11985E-15
 0.90600E+02  0.10616E+01  0.11740E-15
 0.90700E+02  0.10617E+01 -0.12441E-16
 0.90800E+02  0.10618E+01  0.71484E-16
 0.90900E+02  0.10619E+01 -0.31664E-16
 0.91000E+02  0.10620E+01  0.88163E-16
 0.91100E+02  0.10621E+01  0.46024E-16
 0.91200E+02  0.10622E+01  0.12644E-15
 0.91300E+02  0.10623E+01 -0.60270E-16
 0.91400E+02  0.10624E+01 -0.11130E-15
 0.91500E+02  0.10625E+01  0.15806E-17
 0.91600E+02  0.10626E+01 -0.19599E-16
 0.91700E+02  0.10627E+01 -0.51535E-16
 0.91800E+02  0.10628E+01  0.12783E-16
 0.91900E+02  0.10629E+01  0.61772E-16
 0.92000E+02  0.10630E+01  0.18011E-16
 0.92100E+02  0.10631E+01 -0.70903E-16
 0.92200E+02  0.10632E+01  0.74657E-16
 0.92300E+02  0.10633E+01  0.10185E-15
 0.92400E+02  0.10634E+01 -0.53248E-16
 0.92500E+02  0.10636E+01 -0.88871E-16
 0.92600E+02  0.10637E+01 -0.74278E-16
 0.92700E+02  0.10638E+01 -0.54285E-16
 0.92800E+02  0.10639E+01  0.45492E-16
 0.92900E+02  0.10640E+01 -0.37317E-16
 0.93000E+02  0.10641E+01 -0.50229E-16
 0.93100E+02  0.10642E+01  0.44652E-16
 0.93200E+02  0.10643E+01 -0.48156E-16
 0.93300E+02  0.10644E+01  0.85987E-16
 0.93400E+02  0.10645E+01  0.13200E-16
 0.93500E+02  0.10646E+01  0.56921E-16
 0.93600E+02  0.10647E+01  0.61020E-17
 0.93700E+02  0.10648E+01 -0.67424E-16
 0.93800E+02  0.10649E+01 -0.54854E-16
 0.93900E+02  0.10650E+01 -0.26366E-16
 0.94000E+02  0.10651E+01 -0.38055E-16
 0.94100E+02  0.10652E+01  0.42792E-17
 0.94200E+02  0.10653E+01  0.10508E-15
 0.94300E+02  0.10654E+01  0.30425E-16
 0.94400E+02  0.10655E+01 -0.31150E-16
 0.94500E+02  0.10656E+01 -0.10653E-15
 0.94600E+02  0.10657E+01  0.58005E-17
 0.94700E+02  0.10658E+01 -0.35033E-17
 0.94800E+02  0.10659E+01 -0.94193E-16
 0.94900E+02  0.10660E+01  0.94546E-16
 0.95000E+02  0.10661E+01  0.64598E-16
 0.95100E+02  0.10662E+01 -0.51683E-16
 0.95200E+02  0.10663E+01  0.79492E-16
 0.95300E+02  0.10664E+01 -0.50585E-16
 0.95400E+02  0.10665E+01 -0.70907E-16
 0.95500E+02  0.10667E+01 -0.43409E-16
 0.95600E+02  0.10668E+01  0.34905E-16
 0.95700E+02  0.10669E+01  0.13539E-15
 0.95800E+02  0.10670E+01  0.25262E-16
 0.95900E+02  0.10671E+01 -0.32187E-17
 0.96000E+02  0.10672E+01 -0.42975E-16
 0.96100E+02  0.10673E+01 -0.18235E-16
 0.96200E+02  0.10674E+01 -0.73272E-16
 0.96300E+02  0.10675E+01 -0.41267E-17
 0.96400E+02  0.10676E+01 -0.30629E-16
 0.96500E+02  0.10677E+01 -0.49182E-16
 0.96600E+02  0.10678E+01  0.66916E-16
 0.96700E+02  0.10679E+01  0.30507E-16
 0.96800E+02  0.10680E+01  0.35142E-16
 0.96900E+02  0.10681E+01 -0.13805E-15
 0.97000E+02  0.10682E+01 -0.24876E-16
 0.97100E+02  0.10683E+01 -0.14983E-15
 0.97200E+02  0.10684E+01  0.85347E-16
 0.97300E+02  0.10685E+01  0.79174E-16
 0.97400E+02  0.10686E+01 -0.19678E-16
 0.97500E+02  0.10687E+01  0.13224E-15
 0.97600E+02  0.10688E+01  0.23595E-16
 0.97700E+02  0.10689E+01 -0.16596E-15
 0.97800E+02  0.10690E+01 -0.15129E-15
 0.97900E+02  0.10691E+01  0.17774E-16
 0.98000E+02  0.10692E+01 -0.10591E-16
 0.98100E+02  0.10693E+01 -0.12021E-16
 0.98200E+02  0.10694E+01 -0.49717E-16
 0.98300E+02  0.10695E+01  0.35155E-16
 0.98400E+02  0.10696E+01 -0.45733E-16
 0.98500E+02  0.10697E+01 -0.52265E-16
 0.98600E+02  0.10698E+01 -0.49243E-16
 0.98700E+02  0.10700E+01 -0.48471E-16
 0.98800E+02  0.10701E+01  0.11074E-15
 0.98900E+02  0.10702E+01  0.69470E-16
 0.99000E+02  0.10703E+01  0.56778E-16
 0.99100E+02  0.10704E+01 -0.12521E-15
 0.99200E+02  0.10705E+01  0.79540E-16
 0.99300E+02  0.10706E+01 -0.11083E-15
 0.99400E+02  0.10707E+01  0.62958E-16
 0.99500E+02  0.10708E+01  0.23785E-16
 0.99600E+02  0.10709E+01 -0.35894E-16
 0.99700E+02  0.10710E+01  0.18974E-18
 0.99800E+02  0.10711E+01  0.23581E-16
 0.99900E+02  0.10712E+01 -0.19644E-16
 0.10000E+03  0.10713E+01  0.25275E-16
