 0.1000000E+00  0.1400000E+01
 0.2000000E+00  0.1400001E+01
 0.3000000E+00  0.1400002E+01
 0.4000000E+00  0.1400003E+01
 0.5000000E+00  0.1400005E+01
 0.6000000E+00  0.1400008E+01
 0.7000000E+00  0.1400010E+01
 0.8000000E+00  0.1400014E+01
 0.9000000E+00  0.1400017E+01
 0.1000000E+01  0.1400021E+01
 0.1100000E+01  0.1400026E+01
 0.1200000E+01  0.1400031E+01
 0.1300000E+01  0.1400036E+01
 0.1400000E+01  0.1400042E+01
 0.1500000E+01  0.1400048E+01
 0.1600000E+01  0.1400055E+01
 0.1700000E+01  0.1400062E+01
 0.1800000E+01  0.1400069E+01
 0.1900000E+01  0.1400077E+01
 0.2000000E+01  0.1400086E+01
 0.2100000E+01  0.1400094E+01
 0.2200000E+01  0.1400104E+01
 0.2300000E+01  0.1400113E+01
 0.2400000E+01  0.1400123E+01
 0.2500000E+01  0.1400134E+01
 0.2600000E+01  0.1400145E+01
 0.2700000E+01  0.1400156E+01
 0.2800000E+01  0.1400168E+01
 0.2900000E+01  0.1400180E+01
 0.3000000E+01  0.1400192E+01
 0.3100000E+01  0.1400205E+01
 0.3200000E+01  0.1400219E+01
 0.3300000E+01  0.1400233E+01
 0.3400000E+01  0.1400247E+01
 0.3500000E+01  0.1400262E+01
 0.3600000E+01  0.1400277E+01
 0.3700000E+01  0.1400293E+01
 0.3800000E+01  0.1400309E+01
 0.3900000E+01  0.1400325E+01
 0.4000000E+01  0.1400342E+01
 0.4100000E+01  0.1400359E+01
 0.4200000E+01  0.1400377E+01
 0.4300000E+01  0.1400395E+01
 0.4400000E+01  0.1400414E+01
 0.4500000E+01  0.1400433E+01
 0.4600000E+01  0.1400452E+01
 0.4700000E+01  0.1400472E+01
 0.4800000E+01  0.1400492E+01
 0.4900000E+01  0.1400513E+01
 0.5000000E+01  0.1400534E+01
 0.5100000E+01  0.1400556E+01
 0.5200000E+01  0.1400578E+01
 0.5300000E+01  0.1400600E+01
 0.5400000E+01  0.1400623E+01
 0.5500000E+01  0.1400646E+01
 0.5600000E+01  0.1400670E+01
 0.5700000E+01  0.1400694E+01
 0.5800000E+01  0.1400718E+01
 0.5900000E+01  0.1400743E+01
 0.6000000E+01  0.1400769E+01
 0.6100000E+01  0.1400795E+01
 0.6200000E+01  0.1400821E+01
 0.6300000E+01  0.1400847E+01
 0.6400000E+01  0.1400874E+01
 0.6500000E+01  0.1400902E+01
 0.6600000E+01  0.1400930E+01
 0.6700000E+01  0.1400958E+01
 0.6800000E+01  0.1400987E+01
 0.6900000E+01  0.1401016E+01
 0.7000000E+01  0.1401046E+01
 0.7100000E+01  0.1401076E+01
 0.7200000E+01  0.1401106E+01
 0.7300000E+01  0.1401137E+01
 0.7400000E+01  0.1401168E+01
 0.7500000E+01  0.1401200E+01
 0.7600000E+01  0.1401232E+01
 0.7700000E+01  0.1401265E+01
 0.7800000E+01  0.1401298E+01
 0.7900000E+01  0.1401331E+01
 0.8000000E+01  0.1401365E+01
 0.8100000E+01  0.1401399E+01
 0.8200000E+01  0.1401434E+01
 0.8300000E+01  0.1401469E+01
 0.8400000E+01  0.1401504E+01
 0.8500000E+01  0.1401540E+01
 0.8600000E+01  0.1401576E+01
 0.8700000E+01  0.1401613E+01
 0.8800000E+01  0.1401650E+01
 0.8900000E+01  0.1401688E+01
 0.9000000E+01  0.1401726E+01
 0.9100000E+01  0.1401764E+01
 0.9200000E+01  0.1401803E+01
 0.9300000E+01  0.1401842E+01
 0.9400000E+01  0.1401882E+01
 0.9500000E+01  0.1401922E+01
 0.9600000E+01  0.1401963E+01
 0.9700000E+01  0.1402003E+01
 0.9800000E+01  0.1402045E+01
 0.9900000E+01  0.1402087E+01
 0.1000000E+02  0.1402129E+01
 0.1010000E+02  0.1402171E+01
 0.1020000E+02  0.1402214E+01
 0.1030000E+02  0.1402258E+01
 0.1040000E+02  0.1402301E+01
 0.1050000E+02  0.1402346E+01
 0.1060000E+02  0.1402390E+01
 0.1070000E+02  0.1402435E+01
 0.1080000E+02  0.1402481E+01
 0.1090000E+02  0.1402527E+01
 0.1100000E+02  0.1402573E+01
 0.1110000E+02  0.1402620E+01
 0.1120000E+02  0.1402667E+01
 0.1130000E+02  0.1402714E+01
 0.1140000E+02  0.1402762E+01
 0.1150000E+02  0.1402811E+01
 0.1160000E+02  0.1402860E+01
 0.1170000E+02  0.1402909E+01
 0.1180000E+02  0.1402958E+01
 0.1190000E+02  0.1403008E+01
 0.1200000E+02  0.1403059E+01
 0.1210000E+02  0.1403110E+01
 0.1220000E+02  0.1403161E+01
 0.1230000E+02  0.1403213E+01
 0.1240000E+02  0.1403265E+01
 0.1250000E+02  0.1403317E+01
 0.1260000E+02  0.1403370E+01
 0.1270000E+02  0.1403423E+01
 0.1280000E+02  0.1403477E+01
 0.1290000E+02  0.1403531E+01
 0.1300000E+02  0.1403585E+01
 0.1310000E+02  0.1403640E+01
 0.1320000E+02  0.1403696E+01
 0.1330000E+02  0.1403751E+01
 0.1340000E+02  0.1403808E+01
 0.1350000E+02  0.1403864E+01
 0.1360000E+02  0.1403921E+01
 0.1370000E+02  0.1403978E+01
 0.1380000E+02  0.1404036E+01
 0.1390000E+02  0.1404094E+01
 0.1400000E+02  0.1404153E+01
 0.1410000E+02  0.1404212E+01
 0.1420000E+02  0.1404271E+01
 0.1430000E+02  0.1404331E+01
 0.1440000E+02  0.1404391E+01
 0.1450000E+02  0.1404452E+01
 0.1460000E+02  0.1404513E+01
 0.1470000E+02  0.1404574E+01
 0.1480000E+02  0.1404636E+01
 0.1490000E+02  0.1404698E+01
 0.1500000E+02  0.1404761E+01
 0.1510000E+02  0.1404824E+01
 0.1520000E+02  0.1404887E+01
 0.1530000E+02  0.1404951E+01
 0.1540000E+02  0.1405015E+01
 0.1550000E+02  0.1405080E+01
 0.1560000E+02  0.1405145E+01
 0.1570000E+02  0.1405210E+01
 0.1580000E+02  0.1405276E+01
 0.1590000E+02  0.1405342E+01
 0.1600000E+02  0.1405409E+01
 0.1610000E+02  0.1405476E+01
 0.1620000E+02  0.1405543E+01
 0.1630000E+02  0.1405611E+01
 0.1640000E+02  0.1405679E+01
 0.1650000E+02  0.1405747E+01
 0.1660000E+02  0.1405816E+01
 0.1670000E+02  0.1405886E+01
 0.1680000E+02  0.1405956E+01
 0.1690000E+02  0.1406026E+01
 0.1700000E+02  0.1406096E+01
 0.1710000E+02  0.1406167E+01
 0.1720000E+02  0.1406238E+01
 0.1730000E+02  0.1406310E+01
 0.1740000E+02  0.1406382E+01
 0.1750000E+02  0.1406455E+01
 0.1760000E+02  0.1406528E+01
 0.1770000E+02  0.1406601E+01
 0.1780000E+02  0.1406675E+01
 0.1790000E+02  0.1406749E+01
 0.1800000E+02  0.1406823E+01
 0.1810000E+02  0.1406898E+01
 0.1820000E+02  0.1406973E+01
 0.1830000E+02  0.1407049E+01
 0.1840000E+02  0.1407125E+01
 0.1850000E+02  0.1407201E+01
 0.1860000E+02  0.1407278E+01
 0.1870000E+02  0.1407355E+01
 0.1880000E+02  0.1407433E+01
 0.1890000E+02  0.1407511E+01
 0.1900000E+02  0.1407589E+01
 0.1910000E+02  0.1407668E+01
 0.1920000E+02  0.1407747E+01
 0.1930000E+02  0.1407826E+01
 0.1940000E+02  0.1407906E+01
 0.1950000E+02  0.1407986E+01
 0.1960000E+02  0.1408067E+01
 0.1970000E+02  0.1408148E+01
 0.1980000E+02  0.1408229E+01
 0.1990000E+02  0.1408311E+01
 0.2000000E+02  0.1408393E+01
 0.2010000E+02  0.1408476E+01
 0.2020000E+02  0.1408559E+01
 0.2030000E+02  0.1408642E+01
 0.2040000E+02  0.1408726E+01
 0.2050000E+02  0.1408810E+01
 0.2060000E+02  0.1408894E+01
 0.2070000E+02  0.1408979E+01
 0.2080000E+02  0.1409064E+01
 0.2090000E+02  0.1409150E+01
 0.2100000E+02  0.1409236E+01
 0.2110000E+02  0.1409322E+01
 0.2120000E+02  0.1409409E+01
 0.2130000E+02  0.1409496E+01
 0.2140000E+02  0.1409583E+01
 0.2150000E+02  0.1409671E+01
 0.2160000E+02  0.1409759E+01
 0.2170000E+02  0.1409848E+01
 0.2180000E+02  0.1409937E+01
 0.2190000E+02  0.1410026E+01
 0.2200000E+02  0.1410116E+01
 0.2210000E+02  0.1410206E+01
 0.2220000E+02  0.1410296E+01
 0.2230000E+02  0.1410387E+01
 0.2240000E+02  0.1410478E+01
 0.2250000E+02  0.1410570E+01
 0.2260000E+02  0.1410662E+01
 0.2270000E+02  0.1410754E+01
 0.2280000E+02  0.1410847E+01
 0.2290000E+02  0.1410940E+01
 0.2300000E+02  0.1411033E+01
 0.2310000E+02  0.1411127E+01
 0.2320000E+02  0.1411221E+01
 0.2330000E+02  0.1411316E+01
 0.2340000E+02  0.1411410E+01
 0.2350000E+02  0.1411506E+01
 0.2360000E+02  0.1411601E+01
 0.2370000E+02  0.1411697E+01
 0.2380000E+02  0.1411794E+01
 0.2390000E+02  0.1411890E+01
 0.2400000E+02  0.1411987E+01
 0.2410000E+02  0.1412085E+01
 0.2420000E+02  0.1412182E+01
 0.2430000E+02  0.1412281E+01
 0.2440000E+02  0.1412379E+01
 0.2450000E+02  0.1412478E+01
 0.2460000E+02  0.1412577E+01
 0.2470000E+02  0.1412677E+01
 0.2480000E+02  0.1412777E+01
 0.2490000E+02  0.1412877E+01
 0.2500000E+02  0.1412978E+01
 0.2510000E+02  0.1413079E+01
 0.2520000E+02  0.1413180E+01
 0.2530000E+02  0.1413282E+01
 0.2540000E+02  0.1413384E+01
 0.2550000E+02  0.1413486E+01
 0.2560000E+02  0.1413589E+01
 0.2570000E+02  0.1413692E+01
 0.2580000E+02  0.1413796E+01
 0.2590000E+02  0.1413899E+01
 0.2600000E+02  0.1414004E+01
 0.2610000E+02  0.1414108E+01
 0.2620000E+02  0.1414213E+01
 0.2630000E+02  0.1414318E+01
 0.2640000E+02  0.1414424E+01
 0.2650000E+02  0.1414530E+01
 0.2660000E+02  0.1414636E+01
 0.2670000E+02  0.1414743E+01
 0.2680000E+02  0.1414850E+01
 0.2690000E+02  0.1414957E+01
 0.2700000E+02  0.1415065E+01
 0.2710000E+02  0.1415173E+01
 0.2720000E+02  0.1415281E+01
 0.2730000E+02  0.1415390E+01
 0.2740000E+02  0.1415499E+01
 0.2750000E+02  0.1415609E+01
 0.2760000E+02  0.1415718E+01
 0.2770000E+02  0.1415829E+01
 0.2780000E+02  0.1415939E+01
 0.2790000E+02  0.1416050E+01
 0.2800000E+02  0.1416161E+01
 0.2810000E+02  0.1416273E+01
 0.2820000E+02  0.1416384E+01
 0.2830000E+02  0.1416497E+01
 0.2840000E+02  0.1416609E+01
 0.2850000E+02  0.1416722E+01
 0.2860000E+02  0.1416835E+01
 0.2870000E+02  0.1416949E+01
 0.2880000E+02  0.1417063E+01
 0.2890000E+02  0.1417177E+01
 0.2900000E+02  0.1417291E+01
 0.2910000E+02  0.1417406E+01
 0.2920000E+02  0.1417522E+01
 0.2930000E+02  0.1417637E+01
 0.2940000E+02  0.1417753E+01
 0.2950000E+02  0.1417869E+01
 0.2960000E+02  0.1417986E+01
 0.2970000E+02  0.1418103E+01
 0.2980000E+02  0.1418220E+01
 0.2990000E+02  0.1418338E+01
 0.3000000E+02  0.1418456E+01
 0.3010000E+02  0.1418574E+01
 0.3020000E+02  0.1418692E+01
 0.3030000E+02  0.1418811E+01
 0.3040000E+02  0.1418930E+01
 0.3050000E+02  0.1419050E+01
 0.3060000E+02  0.1419170E+01
 0.3070000E+02  0.1419290E+01
 0.3080000E+02  0.1419411E+01
 0.3090000E+02  0.1419532E+01
 0.3100000E+02  0.1419653E+01
 0.3110000E+02  0.1419774E+01
 0.3120000E+02  0.1419896E+01
 0.3130000E+02  0.1420018E+01
 0.3140000E+02  0.1420141E+01
 0.3150000E+02  0.1420264E+01
 0.3160000E+02  0.1420387E+01
 0.3170000E+02  0.1420510E+01
 0.3180000E+02  0.1420634E+01
 0.3190000E+02  0.1420758E+01
 0.3200000E+02  0.1420883E+01
 0.3210000E+02  0.1421008E+01
 0.3220000E+02  0.1421133E+01
 0.3230000E+02  0.1421258E+01
 0.3240000E+02  0.1421384E+01
 0.3250000E+02  0.1421510E+01
 0.3260000E+02  0.1421636E+01
 0.3270000E+02  0.1421763E+01
 0.3280000E+02  0.1421890E+01
 0.3290000E+02  0.1422017E+01
 0.3300000E+02  0.1422145E+01
 0.3310000E+02  0.1422273E+01
 0.3320000E+02  0.1422401E+01
 0.3330000E+02  0.1422530E+01
 0.3340000E+02  0.1422659E+01
 0.3350000E+02  0.1422788E+01
 0.3360000E+02  0.1422917E+01
 0.3370000E+02  0.1423047E+01
 0.3380000E+02  0.1423177E+01
 0.3390000E+02  0.1423308E+01
 0.3400000E+02  0.1423439E+01
 0.3410000E+02  0.1423570E+01
 0.3420000E+02  0.1423701E+01
 0.3430000E+02  0.1423833E+01
 0.3440000E+02  0.1423965E+01
 0.3450000E+02  0.1424097E+01
 0.3460000E+02  0.1424230E+01
 0.3470000E+02  0.1424363E+01
 0.3480000E+02  0.1424496E+01
 0.3490000E+02  0.1424629E+01
 0.3500000E+02  0.1424763E+01
 0.3510000E+02  0.1424897E+01
 0.3520000E+02  0.1425032E+01
 0.3530000E+02  0.1425167E+01
 0.3540000E+02  0.1425302E+01
 0.3550000E+02  0.1425437E+01
 0.3560000E+02  0.1425573E+01
 0.3570000E+02  0.1425709E+01
 0.3580000E+02  0.1425845E+01
 0.3590000E+02  0.1425982E+01
 0.3600000E+02  0.1426119E+01
 0.3610000E+02  0.1426256E+01
 0.3620000E+02  0.1426393E+01
 0.3630000E+02  0.1426531E+01
 0.3640000E+02  0.1426669E+01
 0.3650000E+02  0.1426807E+01
 0.3660000E+02  0.1426946E+01
 0.3670000E+02  0.1427085E+01
 0.3680000E+02  0.1427224E+01
 0.3690000E+02  0.1427364E+01
 0.3700000E+02  0.1427504E+01
 0.3710000E+02  0.1427644E+01
 0.3720000E+02  0.1427784E+01
 0.3730000E+02  0.1427925E+01
 0.3740000E+02  0.1428066E+01
 0.3750000E+02  0.1428207E+01
 0.3760000E+02  0.1428349E+01
 0.3770000E+02  0.1428491E+01
 0.3780000E+02  0.1428633E+01
 0.3790000E+02  0.1428776E+01
 0.3800000E+02  0.1428918E+01
 0.3810000E+02  0.1429061E+01
 0.3820000E+02  0.1429205E+01
 0.3830000E+02  0.1429348E+01
 0.3840000E+02  0.1429492E+01
 0.3850000E+02  0.1429636E+01
 0.3860000E+02  0.1429781E+01
 0.3870000E+02  0.1429926E+01
 0.3880000E+02  0.1430071E+01
 0.3890000E+02  0.1430216E+01
 0.3900000E+02  0.1430362E+01
 0.3910000E+02  0.1430508E+01
 0.3920000E+02  0.1430654E+01
 0.3930000E+02  0.1430800E+01
 0.3940000E+02  0.1430947E+01
 0.3950000E+02  0.1431094E+01
 0.3960000E+02  0.1431242E+01
 0.3970000E+02  0.1431389E+01
 0.3980000E+02  0.1431537E+01
 0.3990000E+02  0.1431685E+01
 0.4000000E+02  0.1431834E+01
 0.4010000E+02  0.1431982E+01
 0.4020000E+02  0.1432131E+01
 0.4030000E+02  0.1432281E+01
 0.4040000E+02  0.1432430E+01
 0.4050000E+02  0.1432580E+01
 0.4060000E+02  0.1432730E+01
 0.4070000E+02  0.1432880E+01
 0.4080000E+02  0.1433031E+01
 0.4090000E+02  0.1433182E+01
 0.4100000E+02  0.1433333E+01
 0.4110000E+02  0.1433485E+01
 0.4120000E+02  0.1433636E+01
 0.4130000E+02  0.1433788E+01
 0.4140000E+02  0.1433941E+01
 0.4150000E+02  0.1434093E+01
 0.4160000E+02  0.1434246E+01
 0.4170000E+02  0.1434399E+01
 0.4180000E+02  0.1434552E+01
 0.4190000E+02  0.1434706E+01
 0.4200000E+02  0.1434860E+01
 0.4210000E+02  0.1435014E+01
 0.4220000E+02  0.1435168E+01
 0.4230000E+02  0.1435323E+01
 0.4240000E+02  0.1435478E+01
 0.4250000E+02  0.1435633E+01
 0.4260000E+02  0.1435789E+01
 0.4270000E+02  0.1435945E+01
 0.4280000E+02  0.1436101E+01
 0.4290000E+02  0.1436257E+01
 0.4300000E+02  0.1436413E+01
 0.4310000E+02  0.1436570E+01
 0.4320000E+02  0.1436727E+01
 0.4330000E+02  0.1436885E+01
 0.4340000E+02  0.1437042E+01
 0.4350000E+02  0.1437200E+01
 0.4360000E+02  0.1437358E+01
 0.4370000E+02  0.1437516E+01
 0.4380000E+02  0.1437675E+01
 0.4390000E+02  0.1437834E+01
 0.4400000E+02  0.1437993E+01
 0.4410000E+02  0.1438152E+01
 0.4420000E+02  0.1438312E+01
 0.4430000E+02  0.1438472E+01
 0.4440000E+02  0.1438632E+01
 0.4450000E+02  0.1438792E+01
 0.4460000E+02  0.1438953E+01
 0.4470000E+02  0.1439114E+01
 0.4480000E+02  0.1439275E+01
 0.4490000E+02  0.1439436E+01
 0.4500000E+02  0.1439598E+01
 0.4510000E+02  0.1439760E+01
 0.4520000E+02  0.1439922E+01
 0.4530000E+02  0.1440085E+01
 0.4540000E+02  0.1440247E+01
 0.4550000E+02  0.1440410E+01
 0.4560000E+02  0.1440573E+01
 0.4570000E+02  0.1440737E+01
 0.4580000E+02  0.1440900E+01
 0.4590000E+02  0.1441064E+01
 0.4600000E+02  0.1441228E+01
 0.4610000E+02  0.1441393E+01
 0.4620000E+02  0.1441557E+01
 0.4630000E+02  0.1441722E+01
 0.4640000E+02  0.1441887E+01
 0.4650000E+02  0.1442053E+01
 0.4660000E+02  0.1442218E+01
 0.4670000E+02  0.1442384E+01
 0.4680000E+02  0.1442550E+01
 0.4690000E+02  0.1442716E+01
 0.4700000E+02  0.1442883E+01
 0.4710000E+02  0.1443050E+01
 0.4720000E+02  0.1443217E+01
 0.4730000E+02  0.1443384E+01
 0.4740000E+02  0.1443552E+01
 0.4750000E+02  0.1443719E+01
 0.4760000E+02  0.1443887E+01
 0.4770000E+02  0.1444056E+01
 0.4780000E+02  0.1444224E+01
 0.4790000E+02  0.1444393E+01
 0.4800000E+02  0.1444562E+01
 0.4810000E+02  0.1444731E+01
 0.4820000E+02  0.1444900E+01
 0.4830000E+02  0.1445070E+01
 0.4840000E+02  0.1445240E+01
 0.4850000E+02  0.1445410E+01
 0.4860000E+02  0.1445580E+01
 0.4870000E+02  0.1445751E+01
 0.4880000E+02  0.1445922E+01
 0.4890000E+02  0.1446093E+01
 0.4900000E+02  0.1446264E+01
 0.4910000E+02  0.1446435E+01
 0.4920000E+02  0.1446607E+01
 0.4930000E+02  0.1446779E+01
 0.4940000E+02  0.1446951E+01
 0.4950000E+02  0.1447124E+01
 0.4960000E+02  0.1447296E+01
 0.4970000E+02  0.1447469E+01
 0.4980000E+02  0.1447642E+01
 0.4990000E+02  0.1447815E+01
 0.5000000E+02  0.1447989E+01
 0.5010000E+02  0.1448163E+01
 0.5020000E+02  0.1448337E+01
 0.5030000E+02  0.1448511E+01
 0.5040000E+02  0.1448685E+01
 0.5050000E+02  0.1448860E+01
 0.5060000E+02  0.1449035E+01
 0.5070000E+02  0.1449210E+01
 0.5080000E+02  0.1449385E+01
 0.5090000E+02  0.1449561E+01
 0.5100000E+02  0.1449736E+01
 0.5110000E+02  0.1449912E+01
 0.5120000E+02  0.1450088E+01
 0.5130000E+02  0.1450265E+01
 0.5140000E+02  0.1450441E+01
 0.5150000E+02  0.1450618E+01
 0.5160000E+02  0.1450795E+01
 0.5170000E+02  0.1450973E+01
 0.5180000E+02  0.1451150E+01
 0.5190000E+02  0.1451328E+01
 0.5200000E+02  0.1451506E+01
 0.5210000E+02  0.1451684E+01
 0.5220000E+02  0.1451862E+01
 0.5230000E+02  0.1452041E+01
 0.5240000E+02  0.1452219E+01
 0.5250000E+02  0.1452398E+01
 0.5260000E+02  0.1452577E+01
 0.5270000E+02  0.1452757E+01
 0.5280000E+02  0.1452936E+01
 0.5290000E+02  0.1453116E+01
 0.5300000E+02  0.1453296E+01
 0.5310000E+02  0.1453476E+01
 0.5320000E+02  0.1453657E+01
 0.5330000E+02  0.1453837E+01
 0.5340000E+02  0.1454018E+01
 0.5350000E+02  0.1454199E+01
 0.5360000E+02  0.1454381E+01
 0.5370000E+02  0.1454562E+01
 0.5380000E+02  0.1454744E+01
 0.5390000E+02  0.1454926E+01
 0.5400000E+02  0.1455108E+01
 0.5410000E+02  0.1455290E+01
 0.5420000E+02  0.1455472E+01
 0.5430000E+02  0.1455655E+01
 0.5440000E+02  0.1455838E+01
 0.5450000E+02  0.1456021E+01
 0.5460000E+02  0.1456204E+01
 0.5470000E+02  0.1456388E+01
 0.5480000E+02  0.1456571E+01
 0.5490000E+02  0.1456755E+01
 0.5500000E+02  0.1456939E+01
 0.5510000E+02  0.1457124E+01
 0.5520000E+02  0.1457308E+01
 0.5530000E+02  0.1457493E+01
 0.5540000E+02  0.1457677E+01
 0.5550000E+02  0.1457863E+01
 0.5560000E+02  0.1458048E+01
 0.5570000E+02  0.1458233E+01
 0.5580000E+02  0.1458419E+01
 0.5590000E+02  0.1458605E+01
 0.5600000E+02  0.1458791E+01
 0.5610000E+02  0.1458977E+01
 0.5620000E+02  0.1459163E+01
 0.5630000E+02  0.1459350E+01
 0.5640000E+02  0.1459537E+01
 0.5650000E+02  0.1459724E+01
 0.5660000E+02  0.1459911E+01
 0.5670000E+02  0.1460098E+01
 0.5680000E+02  0.1460286E+01
 0.5690000E+02  0.1460473E+01
 0.5700000E+02  0.1460661E+01
 0.5710000E+02  0.1460849E+01
 0.5720000E+02  0.1461038E+01
 0.5730000E+02  0.1461226E+01
 0.5740000E+02  0.1461415E+01
 0.5750000E+02  0.1461604E+01
 0.5760000E+02  0.1461793E+01
 0.5770000E+02  0.1461982E+01
 0.5780000E+02  0.1462171E+01
 0.5790000E+02  0.1462361E+01
 0.5800000E+02  0.1462551E+01
 0.5810000E+02  0.1462741E+01
 0.5820000E+02  0.1462931E+01
 0.5830000E+02  0.1463121E+01
 0.5840000E+02  0.1463311E+01
 0.5850000E+02  0.1463502E+01
 0.5860000E+02  0.1463693E+01
 0.5870000E+02  0.1463884E+01
 0.5880000E+02  0.1464075E+01
 0.5890000E+02  0.1464267E+01
 0.5900000E+02  0.1464458E+01
 0.5910000E+02  0.1464650E+01
 0.5920000E+02  0.1464842E+01
 0.5930000E+02  0.1465034E+01
 0.5940000E+02  0.1465226E+01
 0.5950000E+02  0.1465419E+01
 0.5960000E+02  0.1465611E+01
 0.5970000E+02  0.1465804E+01
 0.5980000E+02  0.1465997E+01
 0.5990000E+02  0.1466190E+01
 0.6000000E+02  0.1466383E+01
 0.6010000E+02  0.1466577E+01
 0.6020000E+02  0.1466771E+01
 0.6030000E+02  0.1466964E+01
 0.6040000E+02  0.1467158E+01
 0.6050000E+02  0.1467352E+01
 0.6060000E+02  0.1467547E+01
 0.6070000E+02  0.1467741E+01
 0.6080000E+02  0.1467936E+01
 0.6090000E+02  0.1468131E+01
 0.6100000E+02  0.1468326E+01
 0.6110000E+02  0.1468521E+01
 0.6120000E+02  0.1468716E+01
 0.6130000E+02  0.1468912E+01
 0.6140000E+02  0.1469107E+01
 0.6150000E+02  0.1469303E+01
 0.6160000E+02  0.1469499E+01
 0.6170000E+02  0.1469695E+01
 0.6180000E+02  0.1469892E+01
 0.6190000E+02  0.1470088E+01
 0.6200000E+02  0.1470285E+01
 0.6210000E+02  0.1470482E+01
 0.6220000E+02  0.1470679E+01
 0.6230000E+02  0.1470876E+01
 0.6240000E+02  0.1471073E+01
 0.6250000E+02  0.1471270E+01
 0.6260000E+02  0.1471468E+01
 0.6270000E+02  0.1471666E+01
 0.6280000E+02  0.1471864E+01
 0.6290000E+02  0.1472062E+01
 0.6300000E+02  0.1472260E+01
 0.6310000E+02  0.1472458E+01
 0.6320000E+02  0.1472657E+01
 0.6330000E+02  0.1472856E+01
 0.6340000E+02  0.1473054E+01
 0.6350000E+02  0.1473253E+01
 0.6360000E+02  0.1473453E+01
 0.6370000E+02  0.1473652E+01
 0.6380000E+02  0.1473851E+01
 0.6390000E+02  0.1474051E+01
 0.6400000E+02  0.1474251E+01
 0.6410000E+02  0.1474451E+01
 0.6420000E+02  0.1474651E+01
 0.6430000E+02  0.1474851E+01
 0.6440000E+02  0.1475051E+01
 0.6450000E+02  0.1475252E+01
 0.6460000E+02  0.1475452E+01
 0.6470000E+02  0.1475653E+01
 0.6480000E+02  0.1475854E+01
 0.6490000E+02  0.1476055E+01
 0.6500000E+02  0.1476257E+01
 0.6510000E+02  0.1476458E+01
 0.6520000E+02  0.1476660E+01
 0.6530000E+02  0.1476861E+01
 0.6540000E+02  0.1477063E+01
 0.6550000E+02  0.1477265E+01
 0.6560000E+02  0.1477467E+01
 0.6570000E+02  0.1477669E+01
 0.6580000E+02  0.1477872E+01
 0.6590000E+02  0.1478074E+01
 0.6600000E+02  0.1478277E+01
 0.6610000E+02  0.1478480E+01
 0.6620000E+02  0.1478683E+01
 0.6630000E+02  0.1478886E+01
 0.6640000E+02  0.1479089E+01
 0.6650000E+02  0.1479293E+01
 0.6660000E+02  0.1479496E+01
 0.6670000E+02  0.1479700E+01
 0.6680000E+02  0.1479904E+01
 0.6690000E+02  0.1480108E+01
 0.6700000E+02  0.1480312E+01
 0.6710000E+02  0.1480516E+01
 0.6720000E+02  0.1480720E+01
 0.6730000E+02  0.1480925E+01
 0.6740000E+02  0.1481129E+01
 0.6750000E+02  0.1481334E+01
 0.6760000E+02  0.1481539E+01
 0.6770000E+02  0.1481744E+01
 0.6780000E+02  0.1481949E+01
 0.6790000E+02  0.1482154E+01
 0.6800000E+02  0.1482360E+01
 0.6810000E+02  0.1482565E+01
 0.6820000E+02  0.1482771E+01
 0.6830000E+02  0.1482977E+01
 0.6840000E+02  0.1483183E+01
 0.6850000E+02  0.1483389E+01
 0.6860000E+02  0.1483595E+01
 0.6870000E+02  0.1483801E+01
 0.6880000E+02  0.1484008E+01
 0.6890000E+02  0.1484214E+01
 0.6900000E+02  0.1484421E+01
 0.6910000E+02  0.1484628E+01
 0.6920000E+02  0.1484835E+01
 0.6930000E+02  0.1485042E+01
 0.6940000E+02  0.1485249E+01
 0.6950000E+02  0.1485456E+01
 0.6960000E+02  0.1485664E+01
 0.6970000E+02  0.1485871E+01
 0.6980000E+02  0.1486079E+01
 0.6990000E+02  0.1486287E+01
 0.7000000E+02  0.1486495E+01
 0.7010000E+02  0.1486703E+01
 0.7020000E+02  0.1486911E+01
 0.7030000E+02  0.1487119E+01
 0.7040000E+02  0.1487328E+01
 0.7050000E+02  0.1487536E+01
 0.7060000E+02  0.1487745E+01
 0.7070000E+02  0.1487953E+01
 0.7080000E+02  0.1488162E+01
 0.7090000E+02  0.1488371E+01
 0.7100000E+02  0.1488580E+01
 0.7110000E+02  0.1488790E+01
 0.7120000E+02  0.1488999E+01
 0.7130000E+02  0.1489208E+01
 0.7140000E+02  0.1489418E+01
 0.7150000E+02  0.1489628E+01
 0.7160000E+02  0.1489837E+01
 0.7170000E+02  0.1490047E+01
 0.7180000E+02  0.1490257E+01
 0.7190000E+02  0.1490467E+01
 0.7200000E+02  0.1490678E+01
 0.7210000E+02  0.1490888E+01
 0.7220000E+02  0.1491098E+01
 0.7230000E+02  0.1491309E+01
 0.7240000E+02  0.1491520E+01
 0.7250000E+02  0.1491730E+01
 0.7260000E+02  0.1491941E+01
 0.7270000E+02  0.1492152E+01
 0.7280000E+02  0.1492363E+01
 0.7290000E+02  0.1492575E+01
 0.7300000E+02  0.1492786E+01
 0.7310000E+02  0.1492997E+01
 0.7320000E+02  0.1493209E+01
 0.7330000E+02  0.1493420E+01
 0.7340000E+02  0.1493632E+01
 0.7350000E+02  0.1493844E+01
 0.7360000E+02  0.1494056E+01
 0.7370000E+02  0.1494268E+01
 0.7380000E+02  0.1494480E+01
 0.7390000E+02  0.1494692E+01
 0.7400000E+02  0.1494905E+01
 0.7410000E+02  0.1495117E+01
 0.7420000E+02  0.1495330E+01
 0.7430000E+02  0.1495542E+01
 0.7440000E+02  0.1495755E+01
 0.7450000E+02  0.1495968E+01
 0.7460000E+02  0.1496181E+01
 0.7470000E+02  0.1496394E+01
 0.7480000E+02  0.1496607E+01
 0.7490000E+02  0.1496820E+01
 0.7500000E+02  0.1497033E+01
 0.7510000E+02  0.1497247E+01
 0.7520000E+02  0.1497460E+01
 0.7530000E+02  0.1497674E+01
 0.7540000E+02  0.1497887E+01
 0.7550000E+02  0.1498101E+01
 0.7560000E+02  0.1498315E+01
 0.7570000E+02  0.1498529E+01
 0.7580000E+02  0.1498743E+01
 0.7590000E+02  0.1498957E+01
 0.7600000E+02  0.1499171E+01
 0.7610000E+02  0.1499386E+01
 0.7620000E+02  0.1499600E+01
 0.7630000E+02  0.1499815E+01
 0.7640000E+02  0.1500029E+01
 0.7650000E+02  0.1500244E+01
 0.7660000E+02  0.1500459E+01
 0.7670000E+02  0.1500673E+01
 0.7680000E+02  0.1500888E+01
 0.7690000E+02  0.1501103E+01
 0.7700000E+02  0.1501319E+01
 0.7710000E+02  0.1501534E+01
 0.7720000E+02  0.1501749E+01
 0.7730000E+02  0.1501964E+01
 0.7740000E+02  0.1502180E+01
 0.7750000E+02  0.1502395E+01
 0.7760000E+02  0.1502611E+01
 0.7770000E+02  0.1502827E+01
 0.7780000E+02  0.1503042E+01
 0.7790000E+02  0.1503258E+01
 0.7800000E+02  0.1503474E+01
 0.7810000E+02  0.1503690E+01
 0.7820000E+02  0.1503906E+01
 0.7830000E+02  0.1504122E+01
 0.7840000E+02  0.1504338E+01
 0.7850000E+02  0.1504555E+01
 0.7860000E+02  0.1504771E+01
 0.7870000E+02  0.1504988E+01
 0.7880000E+02  0.1505204E+01
 0.7890000E+02  0.1505421E+01
 0.7900000E+02  0.1505637E+01
 0.7910000E+02  0.1505854E+01
 0.7920000E+02  0.1506071E+01
 0.7930000E+02  0.1506288E+01
 0.7940000E+02  0.1506505E+01
 0.7950000E+02  0.1506722E+01
 0.7960000E+02  0.1506939E+01
 0.7970000E+02  0.1507156E+01
 0.7980000E+02  0.1507373E+01
 0.7990000E+02  0.1507591E+01
 0.8000000E+02  0.1507808E+01
 0.8010000E+02  0.1508026E+01
 0.8020000E+02  0.1508243E+01
 0.8030000E+02  0.1508461E+01
 0.8040000E+02  0.1508678E+01
 0.8050000E+02  0.1508896E+01
 0.8060000E+02  0.1509114E+01
 0.8070000E+02  0.1509332E+01
 0.8080000E+02  0.1509550E+01
 0.8090000E+02  0.1509768E+01
 0.8100000E+02  0.1509986E+01
 0.8110000E+02  0.1510204E+01
 0.8120000E+02  0.1510422E+01
 0.8130000E+02  0.1510640E+01
 0.8140000E+02  0.1510858E+01
 0.8150000E+02  0.1511077E+01
 0.8160000E+02  0.1511295E+01
 0.8170000E+02  0.1511514E+01
 0.8180000E+02  0.1511732E+01
 0.8190000E+02  0.1511951E+01
 0.8200000E+02  0.1512169E+01
 0.8210000E+02  0.1512388E+01
 0.8220000E+02  0.1512607E+01
 0.8230000E+02  0.1512826E+01
 0.8240000E+02  0.1513045E+01
 0.8250000E+02  0.1513264E+01
 0.8260000E+02  0.1513483E+01
 0.8270000E+02  0.1513702E+01
 0.8280000E+02  0.1513921E+01
 0.8290000E+02  0.1514140E+01
 0.8300000E+02  0.1514359E+01
 0.8310000E+02  0.1514578E+01
 0.8320000E+02  0.1514798E+01
 0.8330000E+02  0.1515017E+01
 0.8340000E+02  0.1515237E+01
 0.8350000E+02  0.1515456E+01
 0.8360000E+02  0.1515676E+01
 0.8370000E+02  0.1515895E+01
 0.8380000E+02  0.1516115E+01
 0.8390000E+02  0.1516334E+01
 0.8400000E+02  0.1516554E+01
 0.8410000E+02  0.1516774E+01
 0.8420000E+02  0.1516994E+01
 0.8430000E+02  0.1517213E+01
 0.8440000E+02  0.1517433E+01
 0.8450000E+02  0.1517653E+01
 0.8460000E+02  0.1517873E+01
 0.8470000E+02  0.1518093E+01
 0.8480000E+02  0.1518313E+01
 0.8490000E+02  0.1518534E+01
 0.8500000E+02  0.1518754E+01
 0.8510000E+02  0.1518974E+01
 0.8520000E+02  0.1519194E+01
 0.8530000E+02  0.1519414E+01
 0.8540000E+02  0.1519635E+01
 0.8550000E+02  0.1519855E+01
 0.8560000E+02  0.1520076E+01
 0.8570000E+02  0.1520296E+01
 0.8580000E+02  0.1520516E+01
 0.8590000E+02  0.1520737E+01
 0.8600000E+02  0.1520958E+01
 0.8610000E+02  0.1521178E+01
 0.8620000E+02  0.1521399E+01
 0.8630000E+02  0.1521619E+01
 0.8640000E+02  0.1521840E+01
 0.8650000E+02  0.1522061E+01
 0.8660000E+02  0.1522282E+01
 0.8670000E+02  0.1522502E+01
 0.8680000E+02  0.1522723E+01
 0.8690000E+02  0.1522944E+01
 0.8700000E+02  0.1523165E+01
 0.8710000E+02  0.1523386E+01
 0.8720000E+02  0.1523607E+01
 0.8730000E+02  0.1523828E+01
 0.8740000E+02  0.1524049E+01
 0.8750000E+02  0.1524270E+01
 0.8760000E+02  0.1524491E+01
 0.8770000E+02  0.1524712E+01
 0.8780000E+02  0.1524933E+01
 0.8790000E+02  0.1525155E+01
 0.8800000E+02  0.1525376E+01
 0.8810000E+02  0.1525597E+01
 0.8820000E+02  0.1525818E+01
 0.8830000E+02  0.1526039E+01
 0.8840000E+02  0.1526261E+01
 0.8850000E+02  0.1526482E+01
 0.8860000E+02  0.1526703E+01
 0.8870000E+02  0.1526925E+01
 0.8880000E+02  0.1527146E+01
 0.8890000E+02  0.1527368E+01
 0.8900000E+02  0.1527589E+01
 0.8910000E+02  0.1527810E+01
 0.8920000E+02  0.1528032E+01
 0.8930000E+02  0.1528253E+01
 0.8940000E+02  0.1528475E+01
 0.8950000E+02  0.1528696E+01
 0.8960000E+02  0.1528918E+01
 0.8970000E+02  0.1529139E+01
 0.8980000E+02  0.1529361E+01
 0.8990000E+02  0.1529583E+01
 0.9000000E+02  0.1529804E+01
 0.9010000E+02  0.1530026E+01
 0.9020000E+02  0.1530248E+01
 0.9030000E+02  0.1530469E+01
 0.9040000E+02  0.1530691E+01
 0.9050000E+02  0.1530913E+01
 0.9060000E+02  0.1531134E+01
 0.9070000E+02  0.1531356E+01
 0.9080000E+02  0.1531578E+01
 0.9090000E+02  0.1531799E+01
 0.9100000E+02  0.1532021E+01
 0.9110000E+02  0.1532243E+01
 0.9120000E+02  0.1532465E+01
 0.9130000E+02  0.1532686E+01
 0.9140000E+02  0.1532908E+01
 0.9150000E+02  0.1533130E+01
 0.9160000E+02  0.1533352E+01
 0.9170000E+02  0.1533574E+01
 0.9180000E+02  0.1533795E+01
 0.9190000E+02  0.1534017E+01
 0.9200000E+02  0.1534239E+01
 0.9210000E+02  0.1534461E+01
 0.9220000E+02  0.1534683E+01
 0.9230000E+02  0.1534904E+01
 0.9240000E+02  0.1535126E+01
 0.9250000E+02  0.1535348E+01
 0.9260000E+02  0.1535570E+01
 0.9270000E+02  0.1535792E+01
 0.9280000E+02  0.1536014E+01
 0.9290000E+02  0.1536235E+01
 0.9300000E+02  0.1536457E+01
 0.9310000E+02  0.1536679E+01
 0.9320000E+02  0.1536901E+01
 0.9330000E+02  0.1537123E+01
 0.9340000E+02  0.1537345E+01
 0.9350000E+02  0.1537566E+01
 0.9360000E+02  0.1537788E+01
 0.9370000E+02  0.1538010E+01
 0.9380000E+02  0.1538232E+01
 0.9390000E+02  0.1538454E+01
 0.9400000E+02  0.1538675E+01
 0.9410000E+02  0.1538897E+01
 0.9420000E+02  0.1539119E+01
 0.9430000E+02  0.1539341E+01
 0.9440000E+02  0.1539562E+01
 0.9450000E+02  0.1539784E+01
 0.9460000E+02  0.1540006E+01
 0.9470000E+02  0.1540228E+01
 0.9480000E+02  0.1540449E+01
 0.9490000E+02  0.1540671E+01
 0.9500000E+02  0.1540893E+01
 0.9510000E+02  0.1541115E+01
 0.9520000E+02  0.1541336E+01
 0.9530000E+02  0.1541558E+01
 0.9540000E+02  0.1541780E+01
 0.9550000E+02  0.1542001E+01
 0.9560000E+02  0.1542223E+01
 0.9570000E+02  0.1542445E+01
 0.9580000E+02  0.1542666E+01
 0.9590000E+02  0.1542888E+01
 0.9600000E+02  0.1543109E+01
 0.9610000E+02  0.1543331E+01
 0.9620000E+02  0.1543552E+01
 0.9630000E+02  0.1543774E+01
 0.9640000E+02  0.1543995E+01
 0.9650000E+02  0.1544217E+01
 0.9660000E+02  0.1544438E+01
 0.9670000E+02  0.1544660E+01
 0.9680000E+02  0.1544881E+01
 0.9690000E+02  0.1545102E+01
 0.9700000E+02  0.1545324E+01
 0.9710000E+02  0.1545545E+01
 0.9720000E+02  0.1545767E+01
 0.9730000E+02  0.1545988E+01
 0.9740000E+02  0.1546209E+01
 0.9750000E+02  0.1546430E+01
 0.9760000E+02  0.1546652E+01
 0.9770000E+02  0.1546873E+01
 0.9780000E+02  0.1547094E+01
 0.9790000E+02  0.1547315E+01
 0.9800000E+02  0.1547536E+01
 0.9810000E+02  0.1547757E+01
 0.9820000E+02  0.1547978E+01
 0.9830000E+02  0.1548199E+01
 0.9840000E+02  0.1548420E+01
 0.9850000E+02  0.1548641E+01
 0.9860000E+02  0.1548862E+01
 0.9870000E+02  0.1549083E+01
 0.9880000E+02  0.1549304E+01
 0.9890000E+02  0.1549525E+01
 0.9900000E+02  0.1549746E+01
 0.9910000E+02  0.1549967E+01
 0.9920000E+02  0.1550187E+01
 0.9930000E+02  0.1550408E+01
 0.9940000E+02  0.1550629E+01
 0.9950000E+02  0.1550849E+01
 0.9960000E+02  0.1551070E+01
 0.9970000E+02  0.1551290E+01
 0.9980000E+02  0.1551511E+01
 0.9990000E+02  0.1551731E+01
 0.1000000E+03  0.1551952E+01
