 0.10000E-02  0.10000E+01  0.77153E-17
 0.20000E-02  0.10000E+01  0.47559E-17
 0.30000E-02  0.10000E+01  0.33778E-17
 0.40000E-02  0.10000E+01 -0.26045E-17
 0.50000E-02  0.10000E+01  0.15579E-17
 0.60000E-02  0.10000E+01  0.12148E-17
 0.70000E-02  0.10000E+01  0.74036E-17
 0.80000E-02  0.10000E+01  0.10528E-16
 0.90000E-02  0.10000E+01  0.10028E-18
 0.10000E-01  0.10000E+01 -0.64460E-18
 0.11000E-01  0.10000E+01  0.68062E-17
 0.12000E-01  0.10000E+01  0.66530E-17
 0.13000E-01  0.10000E+01  0.62542E-18
 0.14000E-01  0.10000E+01 -0.76406E-17
 0.15000E-01  0.10000E+01 -0.92577E-17
 0.16000E-01  0.10000E+01 -0.87059E-17
 0.17000E-01  0.10000E+01  0.14771E-18
 0.18000E-01  0.10000E+01  0.55763E-17
 0.19000E-01  0.10000E+01  0.99120E-17
 0.20000E-01  0.10000E+01 -0.24380E-17
 0.21000E-01  0.10000E+01 -0.71083E-17
 0.22000E-01  0.10000E+01  0.87235E-17
 0.23000E-01  0.10000E+01  0.30211E-17
 0.24000E-01  0.10000E+01 -0.97906E-17
 0.25000E-01  0.10000E+01 -0.20431E-17
 0.26000E-01  0.10000E+01  0.40521E-17
 0.27000E-01  0.10000E+01 -0.11149E-16
 0.28000E-01  0.10000E+01  0.21234E-16
 0.29000E-01  0.10000E+01 -0.25175E-17
 0.30000E-01  0.10000E+01 -0.13437E-17
 0.31000E-01  0.10000E+01  0.56982E-18
 0.32000E-01  0.10000E+01 -0.81175E-17
 0.33000E-01  0.10000E+01  0.73148E-17
 0.34000E-01  0.10000E+01 -0.54748E-17
 0.35000E-01  0.10000E+01 -0.79332E-17
 0.36000E-01  0.10000E+01 -0.85731E-17
 0.37000E-01  0.10000E+01  0.14614E-16
 0.38000E-01  0.10000E+01  0.60202E-17
 0.39000E-01  0.10000E+01 -0.17084E-17
 0.40000E-01  0.10000E+01  0.10904E-18
 0.41000E-01  0.10000E+01 -0.95485E-17
 0.42000E-01  0.10000E+01  0.35669E-17
 0.43000E-01  0.10000E+01 -0.50921E-17
 0.44000E-01  0.10000E+01  0.11741E-16
 0.45000E-01  0.10000E+01 -0.14073E-17
 0.46000E-01  0.10000E+01  0.76734E-17
 0.47000E-01  0.10000E+01  0.64245E-17
 0.48000E-01  0.10000E+01 -0.12190E-17
 0.49000E-01  0.10000E+01  0.84525E-17
 0.50000E-01  0.10000E+01  0.14907E-17
 0.51000E-01  0.10000E+01  0.24265E-17
 0.52000E-01  0.10000E+01  0.15502E-16
 0.53000E-01  0.10000E+01 -0.11300E-16
 0.54000E-01  0.10000E+01  0.54396E-17
 0.55000E-01  0.10000E+01  0.24686E-17
 0.56000E-01  0.10000E+01 -0.45253E-17
 0.57000E-01  0.10000E+01  0.28749E-18
 0.58000E-01  0.10000E+01 -0.41166E-17
 0.59000E-01  0.10000E+01 -0.21949E-17
 0.60000E-01  0.10000E+01 -0.46465E-17
 0.61000E-01  0.10000E+01  0.65092E-18
 0.62000E-01  0.10000E+01  0.42898E-17
 0.63000E-01  0.10000E+01 -0.38384E-17
 0.64000E-01  0.10000E+01 -0.49276E-17
 0.65000E-01  0.10000E+01  0.10163E-16
 0.66000E-01  0.10000E+01  0.17660E-18
 0.67000E-01  0.10000E+01 -0.78064E-17
 0.68000E-01  0.10000E+01 -0.99993E-17
 0.69000E-01  0.10000E+01 -0.10586E-16
 0.70000E-01  0.10000E+01  0.15143E-17
 0.71000E-01  0.10000E+01 -0.57173E-17
 0.72000E-01  0.10000E+01 -0.63960E-17
 0.73000E-01  0.10000E+01 -0.10628E-16
 0.74000E-01  0.10000E+01  0.17690E-17
 0.75000E-01  0.10000E+01 -0.38789E-17
 0.76000E-01  0.10000E+01  0.25586E-17
 0.77000E-01  0.10000E+01  0.21810E-17
 0.78000E-01  0.10000E+01 -0.43143E-18
 0.79000E-01  0.10000E+01 -0.30206E-17
 0.80000E-01  0.10000E+01  0.14124E-17
 0.81000E-01  0.10000E+01 -0.17567E-17
 0.82000E-01  0.10000E+01 -0.14676E-16
 0.83000E-01  0.10000E+01 -0.11617E-16
 0.84000E-01  0.10000E+01  0.96440E-17
 0.85000E-01  0.10000E+01  0.13547E-17
 0.86000E-01  0.10000E+01  0.47061E-17
 0.87000E-01  0.10000E+01 -0.48916E-17
 0.88000E-01  0.10000E+01 -0.17042E-17
 0.89000E-01  0.10000E+01 -0.97871E-18
 0.90000E-01  0.10000E+01 -0.19381E-17
 0.91000E-01  0.10000E+01 -0.10272E-16
 0.92000E-01  0.10000E+01  0.12318E-17
 0.93000E-01  0.10000E+01  0.12610E-16
 0.94000E-01  0.10000E+01 -0.10725E-17
 0.95000E-01  0.10000E+01  0.82933E-17
 0.96000E-01  0.10000E+01  0.10198E-16
 0.97000E-01  0.10000E+01  0.39170E-17
 0.98000E-01  0.10000E+01 -0.30767E-17
 0.99000E-01  0.10000E+01  0.53162E-17
 0.10000E+00  0.10000E+01  0.50662E-17
 0.10100E+00  0.10000E+01 -0.41397E-17
 0.10200E+00  0.10000E+01 -0.24060E-17
 0.10300E+00  0.10000E+01  0.13445E-17
 0.10400E+00  0.10000E+01  0.29215E-17
 0.10500E+00  0.10000E+01  0.17719E-18
 0.10600E+00  0.10000E+01  0.15778E-16
 0.10700E+00  0.10000E+01 -0.26379E-16
 0.10800E+00  0.10000E+01  0.65964E-17
 0.10900E+00  0.10000E+01  0.78402E-17
 0.11000E+00  0.10000E+01  0.10172E-17
 0.11100E+00  0.10000E+01 -0.13010E-17
 0.11200E+00  0.10000E+01  0.54204E-17
 0.11300E+00  0.10000E+01 -0.14237E-17
 0.11400E+00  0.10000E+01  0.21672E-18
 0.11500E+00  0.10000E+01 -0.78988E-17
 0.11600E+00  0.10000E+01  0.25211E-17
 0.11700E+00  0.10000E+01  0.53589E-18
 0.11800E+00  0.10000E+01  0.88569E-18
 0.11900E+00  0.10000E+01  0.68017E-17
 0.12000E+00  0.10000E+01 -0.15860E-16
 0.12100E+00  0.10000E+01 -0.93242E-18
 0.12200E+00  0.10000E+01  0.37194E-17
 0.12300E+00  0.10000E+01 -0.22890E-18
 0.12400E+00  0.10000E+01  0.80708E-17
 0.12500E+00  0.10000E+01 -0.39651E-17
 0.12600E+00  0.10000E+01 -0.62686E-17
 0.12700E+00  0.10000E+01 -0.12496E-16
 0.12800E+00  0.10000E+01  0.11619E-17
 0.12900E+00  0.10000E+01 -0.58520E-18
 0.13000E+00  0.10000E+01  0.12262E-16
 0.13100E+00  0.10000E+01  0.12709E-16
 0.13200E+00  0.10000E+01  0.57820E-17
 0.13300E+00  0.10000E+01  0.68995E-17
 0.13400E+00  0.10000E+01  0.21173E-17
 0.13500E+00  0.10000E+01  0.93356E-17
 0.13600E+00  0.10000E+01  0.66191E-17
 0.13700E+00  0.10000E+01  0.84442E-18
 0.13800E+00  0.10000E+01  0.12013E-16
 0.13900E+00  0.10000E+01  0.12805E-20
 0.14000E+00  0.10000E+01  0.11423E-16
 0.14100E+00  0.10000E+01 -0.73931E-18
 0.14200E+00  0.10000E+01  0.83831E-17
 0.14300E+00  0.10000E+01 -0.22706E-18
 0.14400E+00  0.10000E+01  0.11910E-16
 0.14500E+00  0.10000E+01  0.10012E-16
 0.14600E+00  0.10000E+01  0.11381E-17
 0.14700E+00  0.10000E+01 -0.24890E-17
 0.14800E+00  0.10000E+01  0.60265E-17
 0.14900E+00  0.10000E+01 -0.25331E-17
 0.15000E+00  0.10000E+01  0.41787E-17
 0.15100E+00  0.10000E+01 -0.37331E-17
 0.15200E+00  0.10000E+01 -0.81691E-17
 0.15300E+00  0.10000E+01  0.64028E-17
 0.15400E+00  0.10000E+01 -0.14974E-16
 0.15500E+00  0.10000E+01  0.81944E-17
 0.15600E+00  0.10000E+01 -0.13987E-17
 0.15700E+00  0.10000E+01  0.11772E-16
 0.15800E+00  0.10000E+01  0.19925E-16
 0.15900E+00  0.10000E+01 -0.40332E-17
 0.16000E+00  0.10000E+01  0.12009E-16
 0.16100E+00  0.10000E+01  0.12891E-16
 0.16200E+00  0.10000E+01 -0.17183E-17
 0.16300E+00  0.10000E+01  0.36821E-17
 0.16400E+00  0.10000E+01  0.45515E-17
 0.16500E+00  0.10000E+01  0.34847E-17
 0.16600E+00  0.10000E+01 -0.94152E-17
 0.16700E+00  0.10000E+01 -0.13387E-16
 0.16800E+00  0.10000E+01  0.44147E-17
 0.16900E+00  0.10000E+01 -0.80619E-17
 0.17000E+00  0.10000E+01 -0.55064E-18
 0.17100E+00  0.10000E+01  0.23419E-17
 0.17200E+00  0.10000E+01  0.72676E-17
 0.17300E+00  0.10000E+01 -0.24073E-17
 0.17400E+00  0.10000E+01 -0.16446E-17
 0.17500E+00  0.10000E+01  0.10756E-17
 0.17600E+00  0.10000E+01  0.63133E-18
 0.17700E+00  0.10000E+01  0.20943E-17
 0.17800E+00  0.10000E+01 -0.25105E-17
 0.17900E+00  0.10000E+01  0.11857E-16
 0.18000E+00  0.10000E+01 -0.94841E-17
 0.18100E+00  0.10000E+01 -0.85765E-17
 0.18200E+00  0.10000E+01 -0.40793E-17
 0.18300E+00  0.10000E+01  0.96076E-17
 0.18400E+00  0.10000E+01  0.16798E-17
 0.18500E+00  0.10000E+01  0.97283E-17
 0.18600E+00  0.10000E+01 -0.73502E-17
 0.18700E+00  0.10000E+01 -0.11158E-16
 0.18800E+00  0.10000E+01  0.62180E-17
 0.18900E+00  0.10000E+01  0.23356E-17
 0.19000E+00  0.10000E+01 -0.13262E-16
 0.19100E+00  0.10000E+01 -0.40188E-17
 0.19200E+00  0.10000E+01 -0.21156E-17
 0.19300E+00  0.10000E+01  0.11905E-16
 0.19400E+00  0.10000E+01  0.39196E-17
 0.19500E+00  0.10000E+01 -0.18416E-17
 0.19600E+00  0.10000E+01  0.32663E-17
 0.19700E+00  0.10000E+01 -0.90680E-17
 0.19800E+00  0.10000E+01 -0.10173E-16
 0.19900E+00  0.10000E+01  0.57508E-17
 0.20000E+00  0.10000E+01 -0.32154E-17
 0.20100E+00  0.10000E+01  0.25204E-17
 0.20200E+00  0.10000E+01  0.53381E-17
 0.20300E+00  0.10000E+01  0.16928E-17
 0.20400E+00  0.10000E+01  0.14099E-17
 0.20500E+00  0.10000E+01 -0.86711E-17
 0.20600E+00  0.10000E+01  0.78182E-17
 0.20700E+00  0.10000E+01 -0.13231E-16
 0.20800E+00  0.10000E+01  0.32266E-17
 0.20900E+00  0.10000E+01 -0.56561E-18
 0.21000E+00  0.10000E+01 -0.11264E-16
 0.21100E+00  0.10000E+01  0.77191E-17
 0.21200E+00  0.10000E+01 -0.35469E-18
 0.21300E+00  0.10000E+01  0.15605E-16
 0.21400E+00  0.10000E+01  0.73555E-17
 0.21500E+00  0.10000E+01 -0.43666E-17
 0.21600E+00  0.10000E+01  0.89803E-17
 0.21700E+00  0.10000E+01  0.54368E-18
 0.21800E+00  0.10000E+01  0.39102E-19
 0.21900E+00  0.10000E+01 -0.34738E-17
 0.22000E+00  0.10000E+01 -0.55389E-17
 0.22100E+00  0.10000E+01  0.34699E-17
 0.22200E+00  0.10000E+01 -0.24965E-17
 0.22300E+00  0.10000E+01  0.51712E-17
 0.22400E+00  0.10000E+01 -0.10184E-17
 0.22500E+00  0.10000E+01  0.14148E-16
 0.22600E+00  0.10000E+01 -0.12388E-16
 0.22700E+00  0.10000E+01 -0.61270E-17
 0.22800E+00  0.10000E+01  0.99996E-19
 0.22900E+00  0.10000E+01 -0.91969E-17
 0.23000E+00  0.10000E+01  0.42857E-17
 0.23100E+00  0.10000E+01 -0.74244E-17
 0.23200E+00  0.10000E+01 -0.14436E-16
 0.23300E+00  0.10000E+01  0.66561E-17
 0.23400E+00  0.10000E+01 -0.38053E-17
 0.23500E+00  0.10000E+01 -0.67880E-17
 0.23600E+00  0.10000E+01  0.60006E-17
 0.23700E+00  0.10000E+01 -0.41581E-17
 0.23800E+00  0.10000E+01 -0.13119E-16
 0.23900E+00  0.10000E+01 -0.36627E-17
 0.24000E+00  0.10000E+01  0.42723E-17
 0.24100E+00  0.10000E+01  0.11930E-16
 0.24200E+00  0.10000E+01 -0.56774E-17
 0.24300E+00  0.10000E+01 -0.13053E-16
 0.24400E+00  0.10000E+01  0.99719E-17
 0.24500E+00  0.10000E+01  0.77313E-17
 0.24600E+00  0.10000E+01 -0.23741E-17
 0.24700E+00  0.10000E+01 -0.93361E-18
 0.24800E+00  0.10000E+01 -0.46087E-17
 0.24900E+00  0.10000E+01  0.18600E-17
 0.25000E+00  0.10000E+01  0.60612E-17
 0.25100E+00  0.10000E+01 -0.22087E-18
 0.25200E+00  0.10000E+01 -0.33689E-17
 0.25300E+00  0.10000E+01 -0.54795E-17
 0.25400E+00  0.10000E+01  0.72222E-17
 0.25500E+00  0.10001E+01 -0.13503E-16
 0.25600E+00  0.10001E+01 -0.61241E-17
 0.25700E+00  0.10001E+01 -0.42191E-17
 0.25800E+00  0.10001E+01  0.28141E-17
 0.25900E+00  0.10001E+01 -0.13000E-17
 0.26000E+00  0.10001E+01  0.93119E-17
 0.26100E+00  0.10001E+01 -0.14894E-17
 0.26200E+00  0.10001E+01  0.58179E-18
 0.26300E+00  0.10001E+01  0.33605E-17
 0.26400E+00  0.10001E+01 -0.24409E-16
 0.26500E+00  0.10001E+01  0.55598E-17
 0.26600E+00  0.10001E+01  0.50858E-17
 0.26700E+00  0.10001E+01 -0.67908E-19
 0.26800E+00  0.10001E+01 -0.61745E-17
 0.26900E+00  0.10001E+01  0.53745E-17
 0.27000E+00  0.10001E+01  0.16751E-16
 0.27100E+00  0.10001E+01  0.62543E-17
 0.27200E+00  0.10001E+01 -0.18672E-16
 0.27300E+00  0.10001E+01  0.63507E-17
 0.27400E+00  0.10001E+01  0.38903E-17
 0.27500E+00  0.10001E+01  0.20494E-16
 0.27600E+00  0.10001E+01  0.32143E-17
 0.27700E+00  0.10001E+01 -0.52755E-17
 0.27800E+00  0.10001E+01  0.92672E-17
 0.27900E+00  0.10001E+01 -0.75668E-17
 0.28000E+00  0.10001E+01 -0.11833E-16
 0.28100E+00  0.10001E+01 -0.88134E-17
 0.28200E+00  0.10001E+01  0.32118E-17
 0.28300E+00  0.10001E+01 -0.14259E-17
 0.28400E+00  0.10001E+01 -0.39843E-17
 0.28500E+00  0.10001E+01 -0.53488E-17
 0.28600E+00  0.10001E+01 -0.50074E-17
 0.28700E+00  0.10001E+01  0.15017E-16
 0.28800E+00  0.10001E+01  0.53354E-17
 0.28900E+00  0.10001E+01  0.30724E-17
 0.29000E+00  0.10001E+01  0.29291E-17
 0.29100E+00  0.10001E+01  0.12176E-16
 0.29200E+00  0.10001E+01 -0.14558E-16
 0.29300E+00  0.10001E+01  0.10644E-16
 0.29400E+00  0.10001E+01  0.11146E-16
 0.29500E+00  0.10001E+01 -0.12371E-17
 0.29600E+00  0.10001E+01  0.21482E-17
 0.29700E+00  0.10001E+01  0.62485E-17
 0.29800E+00  0.10001E+01  0.96828E-17
 0.29900E+00  0.10001E+01  0.32345E-17
 0.30000E+00  0.10001E+01  0.49032E-17
 0.30100E+00  0.10001E+01 -0.14491E-16
 0.30200E+00  0.10001E+01 -0.38209E-17
 0.30300E+00  0.10001E+01 -0.21428E-17
 0.30400E+00  0.10001E+01 -0.73792E-17
 0.30500E+00  0.10001E+01  0.15522E-17
 0.30600E+00  0.10001E+01 -0.16908E-16
 0.30700E+00  0.10001E+01  0.12250E-17
 0.30800E+00  0.10001E+01  0.29149E-17
 0.30900E+00  0.10001E+01 -0.39418E-17
 0.31000E+00  0.10001E+01 -0.40595E-17
 0.31100E+00  0.10001E+01 -0.26651E-18
 0.31200E+00  0.10001E+01  0.27998E-18
 0.31300E+00  0.10001E+01  0.24587E-17
 0.31400E+00  0.10001E+01 -0.12665E-17
 0.31500E+00  0.10001E+01  0.57156E-17
 0.31600E+00  0.10001E+01  0.13734E-16
 0.31700E+00  0.10001E+01 -0.90656E-17
 0.31800E+00  0.10001E+01  0.54050E-17
 0.31900E+00  0.10001E+01  0.14045E-17
 0.32000E+00  0.10001E+01  0.57670E-17
 0.32100E+00  0.10001E+01 -0.71210E-18
 0.32200E+00  0.10001E+01 -0.20910E-17
 0.32300E+00  0.10001E+01  0.13452E-17
 0.32400E+00  0.10001E+01  0.11380E-16
 0.32500E+00  0.10001E+01  0.51387E-17
 0.32600E+00  0.10001E+01 -0.51284E-17
 0.32700E+00  0.10001E+01 -0.64024E-17
 0.32800E+00  0.10001E+01 -0.79810E-17
 0.32900E+00  0.10001E+01  0.16822E-17
 0.33000E+00  0.10001E+01  0.19047E-17
 0.33100E+00  0.10001E+01  0.83181E-17
 0.33200E+00  0.10001E+01  0.82020E-17
 0.33300E+00  0.10001E+01 -0.78323E-17
 0.33400E+00  0.10001E+01  0.16118E-16
 0.33500E+00  0.10001E+01 -0.25186E-18
 0.33600E+00  0.10001E+01  0.41131E-17
 0.33700E+00  0.10001E+01  0.89423E-17
 0.33800E+00  0.10001E+01 -0.82996E-17
 0.33900E+00  0.10001E+01  0.71793E-18
 0.34000E+00  0.10001E+01 -0.92624E-17
 0.34100E+00  0.10001E+01 -0.50527E-17
 0.34200E+00  0.10001E+01 -0.32399E-17
 0.34300E+00  0.10001E+01  0.36700E-17
 0.34400E+00  0.10001E+01 -0.41870E-17
 0.34500E+00  0.10001E+01  0.28769E-17
 0.34600E+00  0.10001E+01  0.16610E-18
 0.34700E+00  0.10001E+01  0.28179E-17
 0.34800E+00  0.10001E+01  0.63892E-17
 0.34900E+00  0.10001E+01  0.73608E-17
 0.35000E+00  0.10001E+01  0.32839E-17
 0.35100E+00  0.10001E+01 -0.51573E-17
 0.35200E+00  0.10001E+01 -0.10754E-16
 0.35300E+00  0.10001E+01  0.27840E-17
 0.35400E+00  0.10001E+01 -0.11905E-17
 0.35500E+00  0.10001E+01  0.85573E-17
 0.35600E+00  0.10001E+01  0.84981E-17
 0.35700E+00  0.10001E+01  0.78319E-17
 0.35800E+00  0.10001E+01  0.32689E-17
 0.35900E+00  0.10001E+01  0.32555E-17
 0.36000E+00  0.10001E+01  0.13594E-17
 0.36100E+00  0.10001E+01 -0.25120E-17
 0.36200E+00  0.10001E+01 -0.36529E-17
 0.36300E+00  0.10001E+01 -0.90440E-17
 0.36400E+00  0.10001E+01 -0.30124E-17
 0.36500E+00  0.10001E+01  0.75652E-17
 0.36600E+00  0.10001E+01 -0.33509E-17
 0.36700E+00  0.10001E+01 -0.78950E-17
 0.36800E+00  0.10001E+01 -0.75725E-18
 0.36900E+00  0.10001E+01  0.61747E-17
 0.37000E+00  0.10001E+01  0.18604E-17
 0.37100E+00  0.10001E+01 -0.69495E-17
 0.37200E+00  0.10001E+01 -0.24616E-17
 0.37300E+00  0.10001E+01  0.13216E-16
 0.37400E+00  0.10001E+01  0.75242E-17
 0.37500E+00  0.10001E+01 -0.10554E-16
 0.37600E+00  0.10001E+01  0.14331E-16
 0.37700E+00  0.10001E+01  0.44454E-17
 0.37800E+00  0.10001E+01  0.88331E-17
 0.37900E+00  0.10001E+01 -0.10464E-16
 0.38000E+00  0.10001E+01  0.13601E-16
 0.38100E+00  0.10001E+01 -0.25891E-17
 0.38200E+00  0.10001E+01  0.15309E-18
 0.38300E+00  0.10001E+01  0.11028E-16
 0.38400E+00  0.10001E+01 -0.41117E-17
 0.38500E+00  0.10001E+01 -0.43074E-17
 0.38600E+00  0.10001E+01 -0.58201E-17
 0.38700E+00  0.10001E+01  0.80150E-18
 0.38800E+00  0.10001E+01 -0.47004E-17
 0.38900E+00  0.10001E+01  0.81845E-18
 0.39000E+00  0.10001E+01  0.17928E-17
 0.39100E+00  0.10001E+01 -0.16957E-17
 0.39200E+00  0.10001E+01  0.11962E-18
 0.39300E+00  0.10001E+01 -0.23200E-17
 0.39400E+00  0.10001E+01  0.10816E-17
 0.39500E+00  0.10001E+01 -0.39536E-17
 0.39600E+00  0.10001E+01 -0.34473E-17
 0.39700E+00  0.10001E+01 -0.75077E-17
 0.39800E+00  0.10001E+01 -0.13494E-16
 0.39900E+00  0.10001E+01 -0.25586E-17
 0.40000E+00  0.10002E+01 -0.93466E-18
 0.40100E+00  0.10002E+01  0.36369E-17
 0.40200E+00  0.10002E+01 -0.35680E-17
 0.40300E+00  0.10002E+01 -0.85831E-17
 0.40400E+00  0.10002E+01  0.15396E-17
 0.40500E+00  0.10002E+01 -0.38740E-17
 0.40600E+00  0.10002E+01  0.50055E-17
 0.40700E+00  0.10002E+01 -0.40754E-17
 0.40800E+00  0.10002E+01 -0.16941E-16
 0.40900E+00  0.10002E+01 -0.26210E-17
 0.41000E+00  0.10002E+01 -0.60724E-17
 0.41100E+00  0.10002E+01  0.85252E-17
 0.41200E+00  0.10002E+01  0.17097E-16
 0.41300E+00  0.10002E+01  0.11506E-16
 0.41400E+00  0.10002E+01  0.22966E-17
 0.41500E+00  0.10002E+01  0.26470E-19
 0.41600E+00  0.10002E+01 -0.19730E-17
 0.41700E+00  0.10002E+01 -0.83827E-17
 0.41800E+00  0.10002E+01 -0.11829E-17
 0.41900E+00  0.10002E+01 -0.12907E-16
 0.42000E+00  0.10002E+01 -0.86922E-17
 0.42100E+00  0.10002E+01 -0.75912E-17
 0.42200E+00  0.10002E+01  0.16101E-17
 0.42300E+00  0.10002E+01  0.97708E-17
 0.42400E+00  0.10002E+01  0.15776E-17
 0.42500E+00  0.10002E+01 -0.75868E-17
 0.42600E+00  0.10002E+01 -0.56760E-17
 0.42700E+00  0.10002E+01 -0.70938E-17
 0.42800E+00  0.10002E+01 -0.80111E-17
 0.42900E+00  0.10002E+01  0.31893E-17
 0.43000E+00  0.10002E+01  0.13216E-16
 0.43100E+00  0.10002E+01  0.13094E-16
 0.43200E+00  0.10002E+01 -0.17529E-16
 0.43300E+00  0.10002E+01  0.70868E-17
 0.43400E+00  0.10002E+01  0.14629E-16
 0.43500E+00  0.10002E+01  0.14401E-17
 0.43600E+00  0.10002E+01 -0.10144E-16
 0.43700E+00  0.10002E+01 -0.38667E-17
 0.43800E+00  0.10002E+01  0.16303E-18
 0.43900E+00  0.10002E+01 -0.10169E-16
 0.44000E+00  0.10002E+01  0.55265E-17
 0.44100E+00  0.10002E+01 -0.89216E-17
 0.44200E+00  0.10002E+01  0.39817E-17
 0.44300E+00  0.10002E+01 -0.74945E-17
 0.44400E+00  0.10002E+01 -0.20480E-17
 0.44500E+00  0.10002E+01  0.81184E-17
 0.44600E+00  0.10002E+01  0.61600E-17
 0.44700E+00  0.10002E+01  0.10640E-16
 0.44800E+00  0.10002E+01  0.26376E-17
 0.44900E+00  0.10002E+01 -0.77809E-17
 0.45000E+00  0.10002E+01 -0.65574E-18
 0.45100E+00  0.10002E+01  0.78721E-17
 0.45200E+00  0.10002E+01 -0.82027E-17
 0.45300E+00  0.10002E+01 -0.13542E-16
 0.45400E+00  0.10002E+01 -0.25859E-17
 0.45500E+00  0.10002E+01 -0.34014E-17
 0.45600E+00  0.10002E+01 -0.87095E-17
 0.45700E+00  0.10002E+01 -0.15946E-17
 0.45800E+00  0.10002E+01 -0.55622E-17
 0.45900E+00  0.10002E+01 -0.14909E-17
 0.46000E+00  0.10002E+01 -0.33663E-17
 0.46100E+00  0.10002E+01 -0.77406E-17
 0.46200E+00  0.10002E+01 -0.27151E-17
 0.46300E+00  0.10002E+01 -0.19406E-18
 0.46400E+00  0.10002E+01  0.14493E-16
 0.46500E+00  0.10002E+01  0.11656E-16
 0.46600E+00  0.10002E+01  0.86217E-18
 0.46700E+00  0.10002E+01  0.26007E-19
 0.46800E+00  0.10002E+01  0.11161E-16
 0.46900E+00  0.10002E+01 -0.33366E-17
 0.47000E+00  0.10002E+01 -0.10597E-16
 0.47100E+00  0.10002E+01  0.20817E-17
 0.47200E+00  0.10002E+01 -0.95473E-18
 0.47300E+00  0.10002E+01  0.10501E-16
 0.47400E+00  0.10002E+01 -0.48976E-17
 0.47500E+00  0.10002E+01 -0.17293E-16
 0.47600E+00  0.10002E+01 -0.31434E-17
 0.47700E+00  0.10002E+01 -0.26335E-17
 0.47800E+00  0.10002E+01  0.17629E-16
 0.47900E+00  0.10002E+01  0.10688E-18
 0.48000E+00  0.10003E+01  0.60536E-17
 0.48100E+00  0.10003E+01  0.18603E-17
 0.48200E+00  0.10003E+01 -0.14819E-16
 0.48300E+00  0.10003E+01  0.82656E-17
 0.48400E+00  0.10003E+01  0.78549E-17
 0.48500E+00  0.10003E+01 -0.48455E-17
 0.48600E+00  0.10003E+01  0.55531E-17
 0.48700E+00  0.10003E+01 -0.21850E-17
 0.48800E+00  0.10003E+01  0.86855E-18
 0.48900E+00  0.10003E+01 -0.95181E-17
 0.49000E+00  0.10003E+01  0.27148E-17
 0.49100E+00  0.10003E+01  0.94941E-17
 0.49200E+00  0.10003E+01 -0.57196E-17
 0.49300E+00  0.10003E+01 -0.18574E-17
 0.49400E+00  0.10003E+01  0.29077E-17
 0.49500E+00  0.10003E+01 -0.66981E-17
 0.49600E+00  0.10003E+01 -0.11961E-16
 0.49700E+00  0.10003E+01  0.83197E-17
 0.49800E+00  0.10003E+01 -0.11359E-16
 0.49900E+00  0.10003E+01 -0.70329E-17
 0.50000E+00  0.10003E+01  0.95286E-17
 0.50100E+00  0.10003E+01 -0.14486E-16
 0.50200E+00  0.10003E+01  0.58446E-17
 0.50300E+00  0.10003E+01 -0.27051E-17
 0.50400E+00  0.10003E+01 -0.84406E-17
 0.50500E+00  0.10003E+01 -0.18157E-17
 0.50600E+00  0.10003E+01 -0.13821E-16
 0.50700E+00  0.10003E+01  0.70931E-17
 0.50800E+00  0.10003E+01 -0.30758E-17
 0.50900E+00  0.10003E+01  0.19471E-17
 0.51000E+00  0.10003E+01 -0.13942E-17
 0.51100E+00  0.10003E+01  0.24598E-17
 0.51200E+00  0.10003E+01 -0.77744E-17
 0.51300E+00  0.10003E+01 -0.30584E-17
 0.51400E+00  0.10003E+01  0.50785E-17
 0.51500E+00  0.10003E+01 -0.86843E-17
 0.51600E+00  0.10003E+01 -0.61132E-17
 0.51700E+00  0.10003E+01 -0.60330E-18
 0.51800E+00  0.10003E+01  0.53828E-17
 0.51900E+00  0.10003E+01 -0.61428E-17
 0.52000E+00  0.10003E+01 -0.32404E-17
 0.52100E+00  0.10003E+01 -0.11837E-16
 0.52200E+00  0.10003E+01 -0.12565E-17
 0.52300E+00  0.10003E+01 -0.77733E-17
 0.52400E+00  0.10003E+01  0.90666E-17
 0.52500E+00  0.10003E+01 -0.44657E-17
 0.52600E+00  0.10003E+01 -0.49644E-17
 0.52700E+00  0.10003E+01  0.38351E-17
 0.52800E+00  0.10003E+01 -0.41078E-17
 0.52900E+00  0.10003E+01  0.12507E-16
 0.53000E+00  0.10003E+01  0.67607E-17
 0.53100E+00  0.10003E+01 -0.10443E-16
 0.53200E+00  0.10003E+01  0.17750E-17
 0.53300E+00  0.10003E+01  0.64396E-17
 0.53400E+00  0.10003E+01 -0.50831E-17
 0.53500E+00  0.10003E+01  0.34698E-17
 0.53600E+00  0.10003E+01 -0.79455E-17
 0.53700E+00  0.10003E+01 -0.64960E-17
 0.53800E+00  0.10003E+01  0.52096E-17
 0.53900E+00  0.10004E+01 -0.62340E-17
 0.54000E+00  0.10004E+01  0.75005E-17
 0.54100E+00  0.10004E+01 -0.11686E-16
 0.54200E+00  0.10004E+01  0.80906E-17
 0.54300E+00  0.10004E+01 -0.48989E-18
 0.54400E+00  0.10004E+01 -0.30412E-17
 0.54500E+00  0.10004E+01 -0.10139E-16
 0.54600E+00  0.10004E+01  0.28793E-17
 0.54700E+00  0.10004E+01  0.55095E-17
 0.54800E+00  0.10004E+01  0.62556E-17
 0.54900E+00  0.10004E+01  0.68973E-17
 0.55000E+00  0.10004E+01 -0.44721E-17
 0.55100E+00  0.10004E+01  0.47532E-17
 0.55200E+00  0.10004E+01  0.36171E-17
 0.55300E+00  0.10004E+01 -0.15263E-17
 0.55400E+00  0.10004E+01 -0.12695E-17
 0.55500E+00  0.10004E+01 -0.53555E-17
 0.55600E+00  0.10004E+01  0.65221E-17
 0.55700E+00  0.10004E+01 -0.73386E-17
 0.55800E+00  0.10004E+01 -0.12241E-16
 0.55900E+00  0.10004E+01  0.10092E-17
 0.56000E+00  0.10004E+01  0.58338E-17
 0.56100E+00  0.10004E+01  0.42197E-18
 0.56200E+00  0.10004E+01  0.91506E-17
 0.56300E+00  0.10004E+01 -0.34419E-18
 0.56400E+00  0.10004E+01  0.17305E-17
 0.56500E+00  0.10004E+01 -0.50567E-18
 0.56600E+00  0.10004E+01  0.11069E-17
 0.56700E+00  0.10004E+01  0.20652E-17
 0.56800E+00  0.10004E+01 -0.55120E-17
 0.56900E+00  0.10004E+01 -0.49735E-17
 0.57000E+00  0.10004E+01  0.45701E-17
 0.57100E+00  0.10004E+01  0.10476E-16
 0.57200E+00  0.10004E+01  0.32372E-17
 0.57300E+00  0.10004E+01  0.21712E-17
 0.57400E+00  0.10004E+01 -0.10607E-17
 0.57500E+00  0.10004E+01  0.43547E-18
 0.57600E+00  0.10004E+01  0.13741E-16
 0.57700E+00  0.10004E+01 -0.19399E-17
 0.57800E+00  0.10004E+01 -0.44932E-17
 0.57900E+00  0.10004E+01 -0.81743E-17
 0.58000E+00  0.10004E+01  0.13021E-16
 0.58100E+00  0.10004E+01  0.67042E-17
 0.58200E+00  0.10004E+01 -0.26575E-17
 0.58300E+00  0.10004E+01  0.44762E-17
 0.58400E+00  0.10004E+01 -0.93020E-17
 0.58500E+00  0.10005E+01 -0.50826E-17
 0.58600E+00  0.10005E+01  0.41181E-18
 0.58700E+00  0.10005E+01  0.11074E-17
 0.58800E+00  0.10005E+01  0.55709E-17
 0.58900E+00  0.10005E+01  0.54629E-17
 0.59000E+00  0.10005E+01 -0.10251E-16
 0.59100E+00  0.10005E+01  0.14580E-16
 0.59200E+00  0.10005E+01  0.80878E-17
 0.59300E+00  0.10005E+01 -0.12440E-16
 0.59400E+00  0.10005E+01  0.73336E-17
 0.59500E+00  0.10005E+01  0.58532E-17
 0.59600E+00  0.10005E+01  0.22768E-18
 0.59700E+00  0.10005E+01  0.79624E-17
 0.59800E+00  0.10005E+01 -0.74641E-17
 0.59900E+00  0.10005E+01  0.11558E-17
 0.60000E+00  0.10005E+01 -0.33923E-17
 0.60100E+00  0.10005E+01 -0.18512E-17
 0.60200E+00  0.10005E+01 -0.66615E-17
 0.60300E+00  0.10005E+01  0.26759E-17
 0.60400E+00  0.10005E+01 -0.15031E-16
 0.60500E+00  0.10005E+01  0.10126E-16
 0.60600E+00  0.10005E+01 -0.93483E-17
 0.60700E+00  0.10005E+01  0.60342E-18
 0.60800E+00  0.10005E+01 -0.17323E-17
 0.60900E+00  0.10005E+01  0.14903E-16
 0.61000E+00  0.10005E+01 -0.11850E-17
 0.61100E+00  0.10005E+01  0.51637E-17
 0.61200E+00  0.10005E+01 -0.27342E-16
 0.61300E+00  0.10005E+01  0.12169E-16
 0.61400E+00  0.10005E+01  0.21706E-17
 0.61500E+00  0.10005E+01  0.98926E-17
 0.61600E+00  0.10005E+01 -0.51884E-17
 0.61700E+00  0.10005E+01 -0.13819E-16
 0.61800E+00  0.10005E+01 -0.16461E-17
 0.61900E+00  0.10005E+01  0.98768E-18
 0.62000E+00  0.10005E+01 -0.11020E-16
 0.62100E+00  0.10005E+01  0.95138E-17
 0.62200E+00  0.10005E+01 -0.10175E-16
 0.62300E+00  0.10005E+01  0.35214E-18
 0.62400E+00  0.10005E+01  0.17273E-16
 0.62500E+00  0.10006E+01  0.99467E-17
 0.62600E+00  0.10006E+01  0.16542E-16
 0.62700E+00  0.10006E+01 -0.25586E-16
 0.62800E+00  0.10006E+01  0.13554E-17
 0.62900E+00  0.10006E+01 -0.55782E-17
 0.63000E+00  0.10006E+01  0.67486E-17
 0.63100E+00  0.10006E+01  0.10450E-16
 0.63200E+00  0.10006E+01 -0.24329E-17
 0.63300E+00  0.10006E+01  0.15487E-17
 0.63400E+00  0.10006E+01  0.50767E-17
 0.63500E+00  0.10006E+01 -0.15878E-16
 0.63600E+00  0.10006E+01  0.82692E-17
 0.63700E+00  0.10006E+01 -0.63152E-17
 0.63800E+00  0.10006E+01 -0.10415E-16
 0.63900E+00  0.10006E+01 -0.12011E-16
 0.64000E+00  0.10006E+01 -0.62872E-17
 0.64100E+00  0.10006E+01  0.10512E-16
 0.64200E+00  0.10006E+01 -0.13071E-16
 0.64300E+00  0.10006E+01 -0.10886E-16
 0.64400E+00  0.10006E+01 -0.84266E-17
 0.64500E+00  0.10006E+01 -0.66314E-17
 0.64600E+00  0.10006E+01  0.99783E-17
 0.64700E+00  0.10006E+01  0.14448E-16
 0.64800E+00  0.10006E+01 -0.15947E-16
 0.64900E+00  0.10006E+01 -0.25005E-16
 0.65000E+00  0.10006E+01 -0.95311E-18
 0.65100E+00  0.10006E+01  0.45486E-17
 0.65200E+00  0.10006E+01 -0.49823E-17
 0.65300E+00  0.10006E+01  0.41327E-17
 0.65400E+00  0.10006E+01 -0.54188E-17
 0.65500E+00  0.10006E+01  0.10034E-17
 0.65600E+00  0.10006E+01  0.29933E-18
 0.65700E+00  0.10006E+01  0.18437E-16
 0.65800E+00  0.10006E+01 -0.40279E-17
 0.65900E+00  0.10006E+01 -0.11625E-18
 0.66000E+00  0.10007E+01 -0.20072E-16
 0.66100E+00  0.10007E+01 -0.10087E-16
 0.66200E+00  0.10007E+01 -0.22823E-18
 0.66300E+00  0.10007E+01 -0.73208E-17
 0.66400E+00  0.10007E+01 -0.47419E-17
 0.66500E+00  0.10007E+01 -0.92922E-17
 0.66600E+00  0.10007E+01  0.93260E-17
 0.66700E+00  0.10007E+01 -0.57419E-17
 0.66800E+00  0.10007E+01  0.89850E-17
 0.66900E+00  0.10007E+01 -0.14347E-16
 0.67000E+00  0.10007E+01  0.60037E-17
 0.67100E+00  0.10007E+01 -0.16048E-17
 0.67200E+00  0.10007E+01  0.25956E-16
 0.67300E+00  0.10007E+01  0.12992E-16
 0.67400E+00  0.10007E+01 -0.15331E-16
 0.67500E+00  0.10007E+01  0.45063E-17
 0.67600E+00  0.10007E+01  0.13302E-16
 0.67700E+00  0.10007E+01 -0.67368E-17
 0.67800E+00  0.10007E+01  0.15610E-16
 0.67900E+00  0.10007E+01 -0.74156E-17
 0.68000E+00  0.10007E+01 -0.87581E-17
 0.68100E+00  0.10007E+01  0.38236E-17
 0.68200E+00  0.10007E+01 -0.49145E-17
 0.68300E+00  0.10007E+01  0.13981E-16
 0.68400E+00  0.10007E+01 -0.16634E-16
 0.68500E+00  0.10007E+01 -0.25397E-16
 0.68600E+00  0.10007E+01  0.54550E-17
 0.68700E+00  0.10007E+01 -0.13735E-16
 0.68800E+00  0.10007E+01 -0.13367E-16
 0.68900E+00  0.10008E+01 -0.50573E-17
 0.69000E+00  0.10008E+01  0.77907E-17
 0.69100E+00  0.10008E+01  0.12879E-16
 0.69200E+00  0.10008E+01  0.11968E-16
 0.69300E+00  0.10008E+01  0.44397E-17
 0.69400E+00  0.10008E+01  0.98065E-17
 0.69500E+00  0.10008E+01 -0.17684E-17
 0.69600E+00  0.10008E+01  0.67149E-17
 0.69700E+00  0.10008E+01 -0.94953E-17
 0.69800E+00  0.10008E+01 -0.13503E-17
 0.69900E+00  0.10008E+01  0.22050E-16
 0.70000E+00  0.10008E+01  0.29230E-16
 0.70100E+00  0.10008E+01  0.42314E-16
 0.70200E+00  0.10008E+01  0.30656E-16
 0.70300E+00  0.10008E+01  0.20568E-16
 0.70400E+00  0.10008E+01 -0.20295E-16
 0.70500E+00  0.10008E+01 -0.37760E-16
 0.70600E+00  0.10008E+01 -0.21990E-16
 0.70700E+00  0.10008E+01  0.43773E-16
 0.70800E+00  0.10008E+01  0.25314E-17
 0.70900E+00  0.10008E+01  0.22872E-16
 0.71000E+00  0.10008E+01 -0.16681E-17
 0.71100E+00  0.10008E+01 -0.13817E-16
 0.71200E+00  0.10008E+01  0.21883E-16
 0.71300E+00  0.10008E+01  0.75013E-17
 0.71400E+00  0.10009E+01 -0.22034E-16
 0.71500E+00  0.10009E+01  0.33316E-16
 0.71600E+00  0.10009E+01 -0.66969E-16
 0.71700E+00  0.10009E+01 -0.29201E-16
 0.71800E+00  0.10009E+01 -0.37072E-16
 0.71900E+00  0.10009E+01 -0.53208E-16
 0.72000E+00  0.10009E+01 -0.53402E-16
 0.72100E+00  0.10009E+01 -0.48149E-16
 0.72200E+00  0.10009E+01 -0.12513E-16
 0.72300E+00  0.10009E+01  0.21460E-16
 0.72400E+00  0.10009E+01  0.41287E-16
 0.72500E+00  0.10009E+01  0.23206E-16
 0.72600E+00  0.10009E+01 -0.37623E-16
 0.72700E+00  0.10009E+01 -0.35850E-16
 0.72800E+00  0.10009E+01  0.24539E-16
 0.72900E+00  0.10009E+01 -0.69891E-17
 0.73000E+00  0.10009E+01  0.93548E-16
 0.73100E+00  0.10009E+01  0.10072E-16
 0.73200E+00  0.10009E+01 -0.79375E-17
 0.73300E+00  0.10009E+01  0.21256E-16
 0.73400E+00  0.10009E+01 -0.34369E-16
 0.73500E+00  0.10009E+01  0.50370E-17
 0.73600E+00  0.10009E+01  0.16609E-16
 0.73700E+00  0.10010E+01 -0.24780E-17
 0.73800E+00  0.10010E+01  0.39254E-16
 0.73900E+00  0.10010E+01  0.72052E-17
 0.74000E+00  0.10010E+01 -0.18216E-16
 0.74100E+00  0.10010E+01 -0.96506E-17
 0.74200E+00  0.10010E+01  0.89295E-16
 0.74300E+00  0.10010E+01  0.55887E-16
 0.74400E+00  0.10010E+01 -0.15103E-16
 0.74500E+00  0.10010E+01  0.48763E-16
 0.74600E+00  0.10010E+01  0.10628E-15
 0.74700E+00  0.10010E+01  0.13664E-16
 0.74800E+00  0.10010E+01 -0.56846E-16
 0.74900E+00  0.10010E+01 -0.13214E-15
 0.75000E+00  0.10010E+01 -0.44796E-16
 0.75100E+00  0.10010E+01 -0.10264E-16
 0.75200E+00  0.10010E+01 -0.56169E-16
 0.75300E+00  0.10010E+01 -0.33345E-16
 0.75400E+00  0.10010E+01 -0.14869E-15
 0.75500E+00  0.10010E+01 -0.13922E-16
 0.75600E+00  0.10010E+01  0.12936E-16
 0.75700E+00  0.10010E+01  0.10674E-15
 0.75800E+00  0.10011E+01 -0.49075E-16
 0.75900E+00  0.10011E+01  0.11711E-15
 0.76000E+00  0.10011E+01 -0.30288E-16
 0.76100E+00  0.10011E+01  0.12500E-16
 0.76200E+00  0.10011E+01 -0.54236E-16
 0.76300E+00  0.10011E+01 -0.19348E-15
 0.76400E+00  0.10011E+01 -0.86606E-16
 0.76500E+00  0.10011E+01  0.32881E-16
 0.76600E+00  0.10011E+01  0.52053E-16
 0.76700E+00  0.10011E+01  0.10752E-15
 0.76800E+00  0.10011E+01 -0.15443E-15
 0.76900E+00  0.10011E+01  0.76882E-16
 0.77000E+00  0.10011E+01 -0.46565E-16
 0.77100E+00  0.10011E+01  0.36963E-16
 0.77200E+00  0.10011E+01 -0.97793E-17
 0.77300E+00  0.10011E+01  0.71723E-16
 0.77400E+00  0.10011E+01 -0.13814E-15
 0.77500E+00  0.10011E+01  0.34900E-16
 0.77600E+00  0.10011E+01 -0.11158E-15
 0.77700E+00  0.10011E+01 -0.90983E-16
 0.77800E+00  0.10011E+01 -0.77028E-16
 0.77900E+00  0.10012E+01  0.74087E-16
 0.78000E+00  0.10012E+01 -0.21437E-15
 0.78100E+00  0.10012E+01 -0.54628E-16
 0.78200E+00  0.10012E+01  0.14592E-15
 0.78300E+00  0.10012E+01  0.76525E-16
 0.78400E+00  0.10012E+01  0.37117E-17
 0.78500E+00  0.10012E+01  0.11742E-15
 0.78600E+00  0.10012E+01 -0.14816E-15
 0.78700E+00  0.10012E+01 -0.21999E-16
 0.78800E+00  0.10012E+01 -0.89054E-16
 0.78900E+00  0.10012E+01 -0.21557E-15
 0.79000E+00  0.10012E+01 -0.64048E-16
 0.79100E+00  0.10012E+01  0.36693E-16
 0.79200E+00  0.10012E+01  0.14202E-15
 0.79300E+00  0.10012E+01 -0.15623E-15
 0.79400E+00  0.10012E+01  0.89955E-16
 0.79500E+00  0.10012E+01  0.17759E-15
 0.79600E+00  0.10012E+01  0.66940E-16
 0.79700E+00  0.10012E+01 -0.14011E-15
 0.79800E+00  0.10012E+01  0.24949E-17
 0.79900E+00  0.10012E+01  0.56036E-16
 0.80000E+00  0.10012E+01  0.20838E-16
 0.80100E+00  0.10013E+01  0.50280E-16
 0.80200E+00  0.10013E+01  0.70254E-16
 0.80300E+00  0.10013E+01 -0.11149E-15
 0.80400E+00  0.10013E+01  0.43493E-17
 0.80500E+00  0.10013E+01 -0.35780E-15
 0.80600E+00  0.10013E+01 -0.22249E-15
 0.80700E+00  0.10013E+01 -0.31837E-15
 0.80800E+00  0.10013E+01  0.16339E-15
 0.80900E+00  0.10013E+01  0.18174E-15
 0.81000E+00  0.10013E+01 -0.21715E-15
 0.81100E+00  0.10013E+01 -0.85142E-16
 0.81200E+00  0.10013E+01  0.18524E-16
 0.81300E+00  0.10013E+01  0.15789E-15
 0.81400E+00  0.10013E+01  0.13980E-15
 0.81500E+00  0.10013E+01  0.10349E-16
 0.81600E+00  0.10013E+01 -0.12395E-15
 0.81700E+00  0.10013E+01  0.33142E-16
 0.81800E+00  0.10013E+01 -0.69340E-16
 0.81900E+00  0.10013E+01 -0.13114E-15
 0.82000E+00  0.10013E+01 -0.10873E-15
 0.82100E+00  0.10013E+01  0.13580E-15
 0.82200E+00  0.10013E+01  0.21794E-15
 0.82300E+00  0.10013E+01 -0.23509E-15
 0.82400E+00  0.10013E+01 -0.18905E-15
 0.82500E+00  0.10013E+01 -0.97830E-16
 0.82600E+00  0.10013E+01  0.87904E-16
 0.82700E+00  0.10014E+01  0.63214E-16
 0.82800E+00  0.10014E+01 -0.29599E-15
 0.82900E+00  0.10014E+01 -0.20622E-15
 0.83000E+00  0.10014E+01 -0.22039E-15
 0.83100E+00  0.10014E+01  0.14022E-15
 0.83200E+00  0.10014E+01 -0.13328E-15
 0.83300E+00  0.10014E+01  0.29656E-15
 0.83400E+00  0.10014E+01 -0.23574E-15
 0.83500E+00  0.10014E+01  0.24647E-15
 0.83600E+00  0.10014E+01  0.13414E-15
 0.83700E+00  0.10014E+01 -0.36711E-15
 0.83800E+00  0.10014E+01  0.16625E-15
 0.83900E+00  0.10014E+01 -0.45215E-15
 0.84000E+00  0.10014E+01 -0.74547E-17
 0.84100E+00  0.10014E+01  0.34768E-15
 0.84200E+00  0.10014E+01  0.25364E-15
 0.84300E+00  0.10014E+01  0.72343E-17
 0.84400E+00  0.10014E+01 -0.20203E-15
 0.84500E+00  0.10014E+01  0.82252E-18
 0.84600E+00  0.10014E+01 -0.11781E-15
 0.84700E+00  0.10014E+01  0.38195E-15
 0.84800E+00  0.10014E+01 -0.57087E-16
 0.84900E+00  0.10014E+01  0.39056E-15
 0.85000E+00  0.10014E+01 -0.11061E-15
 0.85100E+00  0.10014E+01 -0.83744E-16
 0.85200E+00  0.10014E+01 -0.11065E-15
 0.85300E+00  0.10014E+01 -0.17367E-15
 0.85400E+00  0.10014E+01  0.44133E-15
 0.85500E+00  0.10014E+01 -0.31465E-16
 0.85600E+00  0.10014E+01 -0.58189E-16
 0.85700E+00  0.10014E+01 -0.30658E-16
 0.85800E+00  0.10014E+01  0.62921E-16
 0.85900E+00  0.10014E+01 -0.51228E-15
 0.86000E+00  0.10014E+01 -0.30585E-16
 0.86100E+00  0.10014E+01  0.21690E-15
 0.86200E+00  0.10015E+01 -0.45356E-15
 0.86300E+00  0.10015E+01 -0.21756E-15
 0.86400E+00  0.10015E+01 -0.21974E-15
 0.86500E+00  0.10015E+01  0.75550E-16
 0.86600E+00  0.10015E+01  0.56504E-16
 0.86700E+00  0.10015E+01 -0.27339E-16
 0.86800E+00  0.10015E+01 -0.37668E-15
 0.86900E+00  0.10015E+01  0.10722E-15
 0.87000E+00  0.10015E+01 -0.23101E-15
 0.87100E+00  0.10015E+01 -0.31792E-15
 0.87200E+00  0.10015E+01 -0.23936E-15
 0.87300E+00  0.10015E+01  0.51733E-15
 0.87400E+00  0.10015E+01 -0.14227E-15
 0.87500E+00  0.10015E+01  0.13766E-15
 0.87600E+00  0.10015E+01  0.16173E-15
 0.87700E+00  0.10015E+01 -0.63563E-16
 0.87800E+00  0.10015E+01  0.54685E-15
 0.87900E+00  0.10015E+01  0.22775E-15
 0.88000E+00  0.10015E+01 -0.66605E-15
 0.88100E+00  0.10015E+01  0.13829E-15
 0.88200E+00  0.10015E+01  0.67585E-16
 0.88300E+00  0.10015E+01  0.54738E-15
 0.88400E+00  0.10015E+01  0.20527E-15
 0.88500E+00  0.10015E+01 -0.16252E-15
 0.88600E+00  0.10015E+01 -0.29214E-15
 0.88700E+00  0.10015E+01 -0.20509E-15
 0.88800E+00  0.10015E+01 -0.48332E-15
 0.88900E+00  0.10015E+01  0.27211E-15
 0.89000E+00  0.10015E+01  0.39811E-15
 0.89100E+00  0.10015E+01  0.35626E-15
 0.89200E+00  0.10015E+01 -0.93396E-15
 0.89300E+00  0.10015E+01  0.28669E-15
 0.89400E+00  0.10015E+01 -0.15673E-15
 0.89500E+00  0.10015E+01 -0.48130E-15
 0.89600E+00  0.10015E+01  0.32039E-15
 0.89700E+00  0.10015E+01  0.22055E-15
 0.89800E+00  0.10015E+01 -0.71046E-15
 0.89900E+00  0.10015E+01  0.69580E-16
 0.90000E+00  0.10015E+01 -0.56060E-15
 0.90100E+00  0.10015E+01 -0.48768E-15
 0.90200E+00  0.10015E+01 -0.46592E-15
 0.90300E+00  0.10015E+01  0.24226E-16
 0.90400E+00  0.10015E+01 -0.37685E-15
 0.90500E+00  0.10016E+01 -0.22235E-15
 0.90600E+00  0.10016E+01 -0.10369E-15
 0.90700E+00  0.10016E+01  0.78708E-16
 0.90800E+00  0.10016E+01 -0.11214E-15
 0.90900E+00  0.10016E+01 -0.57263E-15
 0.91000E+00  0.10016E+01 -0.37629E-15
 0.91100E+00  0.10016E+01 -0.16918E-15
 0.91200E+00  0.10016E+01 -0.62155E-15
 0.91300E+00  0.10016E+01 -0.63825E-15
 0.91400E+00  0.10016E+01 -0.33479E-15
 0.91500E+00  0.10016E+01  0.12744E-15
 0.91600E+00  0.10016E+01  0.31959E-16
 0.91700E+00  0.10016E+01 -0.59871E-15
 0.91800E+00  0.10016E+01  0.29666E-15
 0.91900E+00  0.10016E+01 -0.41240E-15
 0.92000E+00  0.10016E+01 -0.39499E-15
 0.92100E+00  0.10016E+01 -0.22909E-15
 0.92200E+00  0.10016E+01  0.53491E-15
 0.92300E+00  0.10016E+01 -0.35256E-15
 0.92400E+00  0.10016E+01 -0.54314E-15
 0.92500E+00  0.10016E+01  0.21733E-15
 0.92600E+00  0.10016E+01 -0.13704E-15
 0.92700E+00  0.10016E+01 -0.18381E-15
 0.92800E+00  0.10016E+01 -0.50974E-16
 0.92900E+00  0.10016E+01  0.40691E-15
 0.93000E+00  0.10016E+01 -0.26363E-15
 0.93100E+00  0.10016E+01  0.83487E-16
 0.93200E+00  0.10016E+01  0.47043E-16
 0.93300E+00  0.10016E+01 -0.27552E-15
 0.93400E+00  0.10016E+01 -0.55319E-17
 0.93500E+00  0.10016E+01 -0.39937E-15
 0.93600E+00  0.10017E+01 -0.18051E-15
 0.93700E+00  0.10017E+01  0.33354E-16
 0.93800E+00  0.10017E+01  0.57820E-16
 0.93900E+00  0.10017E+01  0.26996E-15
 0.94000E+00  0.10017E+01  0.20348E-15
 0.94100E+00  0.10017E+01 -0.40380E-15
 0.94200E+00  0.10017E+01  0.44074E-15
 0.94300E+00  0.10017E+01 -0.41144E-16
 0.94400E+00  0.10017E+01  0.39570E-15
 0.94500E+00  0.10017E+01 -0.24217E-15
 0.94600E+00  0.10017E+01  0.21280E-15
 0.94700E+00  0.10017E+01 -0.39484E-15
 0.94800E+00  0.10017E+01 -0.76488E-16
 0.94900E+00  0.10017E+01 -0.31208E-15
 0.95000E+00  0.10017E+01  0.20587E-15
 0.95100E+00  0.10017E+01  0.16049E-15
 0.95200E+00  0.10017E+01 -0.19491E-16
 0.95300E+00  0.10017E+01  0.21205E-15
 0.95400E+00  0.10017E+01  0.16150E-15
 0.95500E+00  0.10017E+01  0.18956E-15
 0.95600E+00  0.10017E+01 -0.16627E-15
 0.95700E+00  0.10017E+01 -0.87796E-15
 0.95800E+00  0.10017E+01  0.52768E-15
 0.95900E+00  0.10018E+01 -0.47538E-15
 0.96000E+00  0.10018E+01 -0.33592E-15
 0.96100E+00  0.10018E+01 -0.60778E-15
 0.96200E+00  0.10018E+01  0.26369E-15
 0.96300E+00  0.10018E+01  0.80644E-15
 0.96400E+00  0.10018E+01 -0.15410E-15
 0.96500E+00  0.10018E+01 -0.59110E-15
 0.96600E+00  0.10018E+01  0.82408E-16
 0.96700E+00  0.10018E+01  0.59621E-15
 0.96800E+00  0.10018E+01  0.71572E-15
 0.96900E+00  0.10018E+01  0.18607E-18
 0.97000E+00  0.10018E+01 -0.43704E-15
 0.97100E+00  0.10018E+01  0.10425E-15
 0.97200E+00  0.10018E+01  0.39728E-15
 0.97300E+00  0.10018E+01  0.96692E-15
 0.97400E+00  0.10018E+01  0.41605E-15
 0.97500E+00  0.10018E+01 -0.26980E-15
 0.97600E+00  0.10018E+01 -0.31706E-15
 0.97700E+00  0.10018E+01  0.28981E-15
 0.97800E+00  0.10018E+01 -0.10579E-15
 0.97900E+00  0.10019E+01 -0.41910E-15
 0.98000E+00  0.10019E+01  0.72567E-15
 0.98100E+00  0.10019E+01 -0.75583E-16
 0.98200E+00  0.10019E+01  0.31669E-15
 0.98300E+00  0.10019E+01  0.16477E-15
 0.98400E+00  0.10019E+01 -0.48820E-16
 0.98500E+00  0.10019E+01  0.27005E-15
 0.98600E+00  0.10019E+01 -0.33366E-15
 0.98700E+00  0.10019E+01 -0.28502E-16
 0.98800E+00  0.10019E+01 -0.45330E-15
 0.98900E+00  0.10019E+01  0.19456E-15
 0.99000E+00  0.10019E+01  0.13524E-15
 0.99100E+00  0.10019E+01  0.46472E-15
 0.99200E+00  0.10019E+01  0.29680E-15
 0.99300E+00  0.10019E+01 -0.67997E-15
 0.99400E+00  0.10019E+01 -0.16059E-15
 0.99500E+00  0.10020E+01  0.83264E-16
 0.99600E+00  0.10020E+01  0.98659E-16
 0.99700E+00  0.10020E+01 -0.25787E-16
 0.99800E+00  0.10020E+01  0.77319E-15
 0.99900E+00  0.10020E+01  0.23295E-15
 0.10000E+01  0.10020E+01 -0.31739E-15
 0.10010E+01  0.10020E+01 -0.27822E-16
 0.10020E+01  0.10020E+01  0.23271E-15
 0.10030E+01  0.10020E+01  0.29344E-15
 0.10040E+01  0.10020E+01  0.34582E-15
 0.10050E+01  0.10020E+01  0.33812E-15
 0.10060E+01  0.10020E+01  0.74709E-15
 0.10070E+01  0.10020E+01  0.49328E-15
 0.10080E+01  0.10020E+01 -0.55593E-15
 0.10090E+01  0.10020E+01  0.38100E-16
 0.10100E+01  0.10020E+01 -0.33721E-15
 0.10110E+01  0.10021E+01  0.34674E-15
 0.10120E+01  0.10021E+01 -0.85750E-15
 0.10130E+01  0.10021E+01  0.73564E-16
 0.10140E+01  0.10021E+01 -0.25675E-15
 0.10150E+01  0.10021E+01  0.29859E-15
 0.10160E+01  0.10021E+01  0.46926E-15
 0.10170E+01  0.10021E+01 -0.34200E-15
 0.10180E+01  0.10021E+01  0.18035E-15
 0.10190E+01  0.10021E+01  0.36916E-15
 0.10200E+01  0.10021E+01 -0.42865E-15
 0.10210E+01  0.10021E+01 -0.88404E-15
 0.10220E+01  0.10021E+01 -0.54537E-15
 0.10230E+01  0.10021E+01 -0.32752E-16
 0.10240E+01  0.10021E+01  0.51046E-15
 0.10250E+01  0.10022E+01 -0.12308E-15
 0.10260E+01  0.10022E+01 -0.35008E-16
 0.10270E+01  0.10022E+01 -0.56415E-15
 0.10280E+01  0.10022E+01  0.14507E-15
 0.10290E+01  0.10022E+01  0.37713E-15
 0.10300E+01  0.10022E+01 -0.13451E-15
 0.10310E+01  0.10022E+01 -0.56864E-15
 0.10320E+01  0.10022E+01 -0.45911E-15
 0.10330E+01  0.10022E+01 -0.47423E-15
 0.10340E+01  0.10022E+01 -0.43606E-15
 0.10350E+01  0.10022E+01  0.22619E-15
 0.10360E+01  0.10022E+01  0.48955E-16
 0.10370E+01  0.10022E+01 -0.13957E-15
 0.10380E+01  0.10022E+01  0.35770E-15
 0.10390E+01  0.10023E+01  0.30644E-16
 0.10400E+01  0.10023E+01  0.82534E-16
 0.10410E+01  0.10023E+01  0.99135E-15
 0.10420E+01  0.10023E+01 -0.11809E-17
 0.10430E+01  0.10023E+01  0.17314E-15
 0.10440E+01  0.10023E+01  0.23601E-15
 0.10450E+01  0.10023E+01  0.31760E-15
 0.10460E+01  0.10023E+01  0.15862E-15
 0.10470E+01  0.10023E+01  0.62818E-15
 0.10480E+01  0.10023E+01  0.56077E-15
 0.10490E+01  0.10023E+01 -0.19043E-15
 0.10500E+01  0.10023E+01 -0.11197E-15
 0.10510E+01  0.10023E+01  0.33743E-15
 0.10520E+01  0.10024E+01 -0.90075E-15
 0.10530E+01  0.10024E+01  0.35739E-15
 0.10540E+01  0.10024E+01  0.77284E-15
 0.10550E+01  0.10024E+01  0.36049E-15
 0.10560E+01  0.10024E+01  0.22674E-15
 0.10570E+01  0.10024E+01  0.60189E-15
 0.10580E+01  0.10024E+01 -0.25273E-15
 0.10590E+01  0.10024E+01  0.93483E-15
 0.10600E+01  0.10024E+01  0.27632E-15
 0.10610E+01  0.10024E+01 -0.38672E-15
 0.10620E+01  0.10024E+01 -0.58699E-16
 0.10630E+01  0.10024E+01  0.45900E-15
 0.10640E+01  0.10024E+01  0.30270E-16
 0.10650E+01  0.10025E+01  0.20723E-15
 0.10660E+01  0.10025E+01  0.25773E-16
 0.10670E+01  0.10025E+01 -0.83172E-15
 0.10680E+01  0.10025E+01 -0.41708E-16
 0.10690E+01  0.10025E+01 -0.70548E-15
 0.10700E+01  0.10025E+01  0.16679E-15
 0.10710E+01  0.10025E+01 -0.86369E-16
 0.10720E+01  0.10025E+01 -0.37957E-15
 0.10730E+01  0.10025E+01  0.90856E-16
 0.10740E+01  0.10025E+01 -0.67155E-15
 0.10750E+01  0.10025E+01 -0.27034E-15
 0.10760E+01  0.10025E+01  0.33335E-15
 0.10770E+01  0.10025E+01 -0.65554E-15
 0.10780E+01  0.10026E+01  0.27850E-15
 0.10790E+01  0.10026E+01  0.22073E-15
 0.10800E+01  0.10026E+01 -0.64770E-15
 0.10810E+01  0.10026E+01 -0.63938E-16
 0.10820E+01  0.10026E+01 -0.49435E-15
 0.10830E+01  0.10026E+01 -0.45030E-15
 0.10840E+01  0.10026E+01  0.14772E-15
 0.10850E+01  0.10026E+01  0.12336E-14
 0.10860E+01  0.10026E+01  0.16861E-15
 0.10870E+01  0.10026E+01  0.24574E-15
 0.10880E+01  0.10026E+01 -0.88487E-15
 0.10890E+01  0.10026E+01  0.21690E-15
 0.10900E+01  0.10026E+01  0.43872E-15
 0.10910E+01  0.10027E+01  0.27328E-15
 0.10920E+01  0.10027E+01  0.24426E-15
 0.10930E+01  0.10027E+01  0.27901E-15
 0.10940E+01  0.10027E+01  0.52163E-15
 0.10950E+01  0.10027E+01  0.22164E-15
 0.10960E+01  0.10027E+01  0.72461E-15
 0.10970E+01  0.10027E+01 -0.27280E-15
 0.10980E+01  0.10027E+01  0.36879E-15
 0.10990E+01  0.10027E+01 -0.25859E-15
 0.11000E+01  0.10027E+01 -0.19331E-15
 0.11010E+01  0.10027E+01  0.18168E-16
 0.11020E+01  0.10027E+01  0.10117E-15
 0.11030E+01  0.10028E+01 -0.62338E-15
 0.11040E+01  0.10028E+01 -0.12148E-14
 0.11050E+01  0.10028E+01 -0.27443E-15
 0.11060E+01  0.10028E+01 -0.12919E-15
 0.11070E+01  0.10028E+01  0.41944E-15
 0.11080E+01  0.10028E+01 -0.28308E-15
 0.11090E+01  0.10028E+01 -0.18244E-15
 0.11100E+01  0.10028E+01 -0.85090E-15
 0.11110E+01  0.10028E+01  0.55223E-15
 0.11120E+01  0.10028E+01  0.91445E-16
 0.11130E+01  0.10028E+01  0.61287E-15
 0.11140E+01  0.10028E+01  0.34190E-16
 0.11150E+01  0.10028E+01  0.26620E-15
 0.11160E+01  0.10029E+01 -0.23544E-15
 0.11170E+01  0.10029E+01 -0.22738E-15
 0.11180E+01  0.10029E+01 -0.90692E-15
 0.11190E+01  0.10029E+01  0.53076E-15
 0.11200E+01  0.10029E+01  0.24859E-15
 0.11210E+01  0.10029E+01  0.66099E-15
 0.11220E+01  0.10029E+01  0.45840E-16
 0.11230E+01  0.10029E+01  0.43315E-15
 0.11240E+01  0.10029E+01  0.22290E-16
 0.11250E+01  0.10029E+01  0.33718E-15
 0.11260E+01  0.10029E+01  0.56331E-15
 0.11270E+01  0.10029E+01 -0.47757E-18
 0.11280E+01  0.10029E+01 -0.70443E-15
 0.11290E+01  0.10030E+01  0.20858E-15
 0.11300E+01  0.10030E+01  0.41726E-15
 0.11310E+01  0.10030E+01 -0.33594E-15
 0.11320E+01  0.10030E+01  0.42576E-16
 0.11330E+01  0.10030E+01  0.27732E-15
 0.11340E+01  0.10030E+01 -0.12457E-15
 0.11350E+01  0.10030E+01 -0.28979E-15
 0.11360E+01  0.10030E+01  0.66614E-15
 0.11370E+01  0.10030E+01 -0.49156E-16
 0.11380E+01  0.10030E+01  0.28722E-15
 0.11390E+01  0.10030E+01 -0.60069E-15
 0.11400E+01  0.10030E+01  0.44650E-15
 0.11410E+01  0.10030E+01 -0.80681E-15
 0.11420E+01  0.10031E+01  0.36309E-15
 0.11430E+01  0.10031E+01  0.10457E-16
 0.11440E+01  0.10031E+01 -0.11023E-15
 0.11450E+01  0.10031E+01  0.43434E-15
 0.11460E+01  0.10031E+01  0.30923E-15
 0.11470E+01  0.10031E+01  0.72269E-15
 0.11480E+01  0.10031E+01 -0.45273E-15
 0.11490E+01  0.10031E+01  0.31600E-15
 0.11500E+01  0.10031E+01  0.65252E-16
 0.11510E+01  0.10031E+01 -0.24462E-15
 0.11520E+01  0.10031E+01 -0.17617E-15
 0.11530E+01  0.10031E+01  0.67135E-15
 0.11540E+01  0.10031E+01 -0.11024E-15
 0.11550E+01  0.10031E+01  0.12904E-14
 0.11560E+01  0.10031E+01 -0.43047E-16
 0.11570E+01  0.10032E+01  0.34524E-15
 0.11580E+01  0.10032E+01 -0.81201E-15
 0.11590E+01  0.10032E+01  0.35648E-15
 0.11600E+01  0.10032E+01 -0.31619E-15
 0.11610E+01  0.10032E+01 -0.57559E-15
 0.11620E+01  0.10032E+01 -0.46074E-15
 0.11630E+01  0.10032E+01 -0.79003E-15
 0.11640E+01  0.10032E+01  0.35184E-15
 0.11650E+01  0.10032E+01  0.62834E-15
 0.11660E+01  0.10032E+01  0.63486E-15
 0.11670E+01  0.10032E+01 -0.84622E-16
 0.11680E+01  0.10032E+01 -0.81370E-16
 0.11690E+01  0.10032E+01 -0.24615E-15
 0.11700E+01  0.10032E+01 -0.14656E-15
 0.11710E+01  0.10032E+01 -0.46170E-15
 0.11720E+01  0.10032E+01 -0.11529E-15
 0.11730E+01  0.10033E+01  0.33747E-15
 0.11740E+01  0.10033E+01  0.12152E-15
 0.11750E+01  0.10033E+01  0.23447E-15
 0.11760E+01  0.10033E+01  0.21741E-15
 0.11770E+01  0.10033E+01  0.84290E-15
 0.11780E+01  0.10033E+01  0.11418E-14
 0.11790E+01  0.10033E+01  0.48261E-15
 0.11800E+01  0.10033E+01 -0.15162E-15
 0.11810E+01  0.10033E+01 -0.89100E-15
 0.11820E+01  0.10033E+01  0.18405E-15
 0.11830E+01  0.10033E+01 -0.91657E-15
 0.11840E+01  0.10033E+01 -0.28891E-15
 0.11850E+01  0.10033E+01 -0.78403E-15
 0.11860E+01  0.10033E+01  0.62354E-15
 0.11870E+01  0.10033E+01  0.14041E-15
 0.11880E+01  0.10033E+01 -0.25227E-15
 0.11890E+01  0.10033E+01  0.22289E-15
 0.11900E+01  0.10033E+01 -0.56459E-15
 0.11910E+01  0.10033E+01  0.47786E-15
 0.11920E+01  0.10034E+01  0.15245E-15
 0.11930E+01  0.10034E+01 -0.93669E-16
 0.11940E+01  0.10034E+01  0.22523E-15
 0.11950E+01  0.10034E+01 -0.13303E-15
 0.11960E+01  0.10034E+01 -0.81647E-15
 0.11970E+01  0.10034E+01 -0.41990E-15
 0.11980E+01  0.10034E+01 -0.10541E-14
 0.11990E+01  0.10034E+01 -0.22779E-15
 0.12000E+01  0.10034E+01 -0.14580E-17
 0.12010E+01  0.10034E+01  0.10781E-14
 0.12020E+01  0.10034E+01 -0.88396E-15
 0.12030E+01  0.10034E+01 -0.95167E-15
 0.12040E+01  0.10034E+01  0.69646E-15
 0.12050E+01  0.10034E+01 -0.51351E-16
 0.12060E+01  0.10034E+01  0.54420E-15
 0.12070E+01  0.10034E+01  0.36236E-16
 0.12080E+01  0.10034E+01  0.91881E-15
 0.12090E+01  0.10034E+01 -0.35684E-16
 0.12100E+01  0.10035E+01 -0.38684E-15
 0.12110E+01  0.10034E+01 -0.22780E-15
 0.12120E+01  0.10034E+01  0.19765E-15
 0.12130E+01  0.10034E+01  0.63111E-15
 0.12140E+01  0.10034E+01 -0.89355E-15
 0.12150E+01  0.10034E+01  0.18652E-16
 0.12160E+01  0.10034E+01 -0.29301E-15
 0.12170E+01  0.10034E+01  0.25462E-15
 0.12180E+01  0.10034E+01  0.17168E-15
 0.12190E+01  0.10034E+01 -0.22458E-15
 0.12200E+01  0.10035E+01 -0.18460E-15
 0.12210E+01  0.10035E+01 -0.74908E-15
 0.12220E+01  0.10035E+01  0.16280E-16
 0.12230E+01  0.10035E+01  0.66892E-16
 0.12240E+01  0.10035E+01 -0.35429E-15
 0.12250E+01  0.10035E+01  0.37181E-15
 0.12260E+01  0.10035E+01 -0.13607E-15
 0.12270E+01  0.10035E+01  0.58121E-15
 0.12280E+01  0.10035E+01 -0.83914E-15
 0.12290E+01  0.10035E+01  0.11201E-16
 0.12300E+01  0.10035E+01 -0.79142E-15
 0.12310E+01  0.10035E+01  0.68614E-15
 0.12320E+01  0.10035E+01  0.47437E-15
 0.12330E+01  0.10035E+01  0.81081E-15
 0.12340E+01  0.10035E+01 -0.41533E-15
 0.12350E+01  0.10035E+01 -0.41384E-15
 0.12360E+01  0.10035E+01 -0.22387E-15
 0.12370E+01  0.10035E+01  0.30466E-16
 0.12380E+01  0.10035E+01 -0.22614E-15
 0.12390E+01  0.10035E+01 -0.10964E-15
 0.12400E+01  0.10035E+01  0.98852E-16
 0.12410E+01  0.10035E+01 -0.78361E-16
 0.12420E+01  0.10035E+01  0.42718E-16
 0.12430E+01  0.10035E+01 -0.10969E-15
 0.12440E+01  0.10035E+01  0.66174E-15
 0.12450E+01  0.10035E+01 -0.25845E-15
 0.12460E+01  0.10035E+01  0.52568E-15
 0.12470E+01  0.10035E+01  0.38598E-16
 0.12480E+01  0.10035E+01  0.75894E-15
 0.12490E+01  0.10035E+01  0.36028E-15
 0.12500E+01  0.10035E+01 -0.98120E-16
 0.12510E+01  0.10035E+01  0.18453E-15
 0.12520E+01  0.10035E+01  0.36624E-15
 0.12530E+01  0.10035E+01  0.76978E-17
 0.12540E+01  0.10035E+01 -0.16805E-15
 0.12550E+01  0.10035E+01  0.12208E-15
 0.12560E+01  0.10035E+01  0.22660E-15
 0.12570E+01  0.10035E+01 -0.62103E-15
 0.12580E+01  0.10111E+01 -0.81532E-16
 0.12590E+01  0.10112E+01  0.59154E-15
 0.12600E+01  0.10112E+01  0.17347E-16
 0.12610E+01  0.10112E+01 -0.15959E-15
 0.12620E+01  0.10112E+01 -0.21164E-15
 0.12630E+01  0.10112E+01 -0.17087E-15
 0.12640E+01  0.10112E+01  0.33827E-16
 0.12650E+01  0.10112E+01 -0.14138E-15
 0.12660E+01  0.10112E+01  0.13010E-15
 0.12670E+01  0.10112E+01 -0.22378E-15
 0.12680E+01  0.10112E+01 -0.46317E-15
 0.12690E+01  0.10112E+01 -0.43715E-15
 0.12700E+01  0.10113E+01 -0.20773E-15
 0.12710E+01  0.10113E+01 -0.43368E-16
 0.12720E+01  0.10113E+01 -0.58850E-15
 0.12730E+01  0.10113E+01 -0.11102E-15
 0.12740E+01  0.10113E+01 -0.63751E-16
 0.12750E+01  0.10113E+01 -0.30358E-15
 0.12760E+01  0.10113E+01  0.80665E-16
 0.12770E+01  0.10113E+01  0.64358E-15
 0.12780E+01  0.10113E+01  0.54514E-15
 0.12790E+01  0.10113E+01  0.16393E-15
 0.12800E+01  0.10113E+01 -0.36863E-16
 0.12810E+01  0.10114E+01 -0.43802E-15
 0.12820E+01  0.10114E+01  0.16133E-15
 0.12830E+01  0.10114E+01  0.15439E-15
 0.12840E+01  0.10114E+01 -0.26108E-15
 0.12850E+01  0.10114E+01 -0.12707E-15
 0.12860E+01  0.10114E+01 -0.24416E-15
 0.12870E+01  0.10114E+01 -0.59414E-15
 0.12880E+01  0.10114E+01 -0.46838E-16
 0.12890E+01  0.10114E+01  0.57723E-15
 0.12900E+01  0.10114E+01 -0.37253E-15
 0.12910E+01  0.10114E+01 -0.21684E-18
 0.12920E+01  0.10114E+01  0.13834E-15
 0.12930E+01  0.10115E+01  0.43802E-16
 0.12940E+01  0.10115E+01  0.33589E-15
 0.12950E+01  0.10115E+01  0.33263E-15
 0.12960E+01  0.10115E+01  0.65486E-16
 0.12970E+01  0.10115E+01 -0.33654E-15
 0.12980E+01  0.10115E+01  0.10018E-15
 0.12990E+01  0.10115E+01 -0.10126E-15
 0.13000E+01  0.10115E+01  0.34478E-16
 0.13010E+01  0.10115E+01 -0.25804E-16
 0.13020E+01  0.10115E+01  0.14940E-15
 0.13030E+01  0.10115E+01 -0.69389E-16
 0.13040E+01  0.10115E+01  0.18453E-15
 0.13050E+01  0.10115E+01  0.19667E-15
 0.13060E+01  0.10116E+01 -0.18583E-15
 0.13070E+01  0.10116E+01 -0.46599E-15
 0.13080E+01  0.10116E+01  0.65486E-16
 0.13090E+01  0.10116E+01 -0.35128E-16
 0.13100E+01  0.10116E+01 -0.65919E-16
 0.13110E+01  0.10116E+01 -0.16046E-16
 0.13120E+01  0.10116E+01 -0.13943E-15
 0.13130E+01  0.10116E+01 -0.14723E-15
 0.13140E+01  0.10116E+01 -0.39031E-15
 0.13150E+01  0.10116E+01 -0.33307E-15
 0.13160E+01  0.10116E+01  0.25153E-16
 0.13170E+01  0.10116E+01 -0.15743E-15
 0.13180E+01  0.10116E+01 -0.27344E-15
 0.13190E+01  0.10116E+01  0.17434E-15
 0.13200E+01  0.10116E+01 -0.32049E-15
 0.13210E+01  0.10117E+01 -0.37513E-16
 0.13220E+01  0.10117E+01  0.85652E-16
 0.13230E+01  0.10117E+01 -0.45536E-16
 0.13240E+01  0.10117E+01  0.12924E-15
 0.13250E+01  0.10117E+01 -0.68023E-15
 0.13260E+01  0.10117E+01 -0.26520E-15
 0.13270E+01  0.10117E+01 -0.14572E-15
 0.13280E+01  0.10117E+01  0.10820E-15
 0.13290E+01  0.10117E+01  0.37730E-16
 0.13300E+01  0.10117E+01 -0.19017E-15
 0.13310E+01  0.10117E+01 -0.11493E-16
 0.13320E+01  0.10117E+01  0.36321E-15
 0.13330E+01  0.10117E+01 -0.12512E-15
 0.13340E+01  0.10117E+01 -0.65052E-17
 0.13350E+01  0.10117E+01 -0.93025E-16
 0.13360E+01  0.10117E+01 -0.28796E-15
 0.13370E+01  0.10118E+01  0.56162E-16
 0.13380E+01  0.10118E+01  0.46838E-16
 0.13390E+01  0.10118E+01 -0.26823E-15
 0.13400E+01  0.10118E+01 -0.15168E-15
 0.13410E+01  0.10118E+01  0.16664E-15
 0.13420E+01  0.10118E+01 -0.87929E-16
 0.13430E+01  0.10118E+01 -0.18106E-15
 0.13440E+01  0.10118E+01 -0.16100E-15
 0.13450E+01  0.10118E+01 -0.16914E-15
 0.13460E+01  0.10118E+01 -0.11319E-15
 0.13470E+01  0.10118E+01 -0.26053E-15
 0.13480E+01  0.10118E+01  0.14648E-15
 0.13490E+01  0.10118E+01 -0.76870E-16
 0.13500E+01  0.10118E+01  0.62667E-16
 0.13510E+01  0.10118E+01 -0.16610E-15
 0.13520E+01  0.10118E+01 -0.34131E-15
 0.13530E+01  0.10118E+01 -0.93350E-16
 0.13540E+01  0.10118E+01 -0.11091E-15
 0.13550E+01  0.10119E+01 -0.29187E-15
 0.13560E+01  0.10119E+01  0.87170E-16
 0.13570E+01  0.10119E+01  0.25229E-15
 0.13580E+01  0.10119E+01  0.95735E-16
 0.13590E+01  0.10119E+01 -0.32743E-16
 0.13600E+01  0.10119E+01 -0.58547E-17
 0.13610E+01  0.10119E+01  0.26845E-15
 0.13620E+01  0.10119E+01 -0.13422E-15
 0.13630E+01  0.10119E+01  0.89013E-16
 0.13640E+01  0.10119E+01 -0.20795E-15
 0.13650E+01  0.10119E+01  0.20090E-15
 0.13660E+01  0.10119E+01 -0.90097E-16
 0.13670E+01  0.10119E+01  0.13986E-15
 0.13680E+01  0.10119E+01 -0.81098E-16
 0.13690E+01  0.10119E+01 -0.95410E-17
 0.13700E+01  0.10119E+01 -0.45688E-15
 0.13710E+01  0.10119E+01  0.12219E-15
 0.13720E+01  0.10119E+01  0.22009E-16
 0.13730E+01  0.10120E+01  0.34694E-15
 0.13740E+01  0.10120E+01  0.25587E-16
 0.13750E+01  0.10120E+01  0.56487E-16
 0.13760E+01  0.10120E+01  0.27224E-15
 0.13770E+01  0.10120E+01  0.27376E-15
 0.13780E+01  0.10120E+01 -0.49873E-17
 0.13790E+01  0.10120E+01  0.79797E-16
 0.13800E+01  0.10120E+01  0.73834E-16
 0.13810E+01  0.10120E+01 -0.40983E-16
 0.13820E+01  0.10120E+01  0.12653E-15
 0.13830E+01  0.10120E+01  0.73509E-16
 0.13840E+01  0.10120E+01  0.12251E-16
 0.13850E+01  0.10120E+01  0.37351E-15
 0.13860E+01  0.10120E+01 -0.17011E-15
 0.13870E+01  0.10120E+01  0.20144E-15
 0.13880E+01  0.10120E+01  0.13997E-15
 0.13890E+01  0.10121E+01 -0.38706E-16
 0.13900E+01  0.10121E+01 -0.91019E-16
 0.13910E+01  0.10121E+01  0.75786E-16
 0.13920E+01  0.10121E+01  0.13466E-15
 0.13930E+01  0.10121E+01  0.15450E-16
 0.13940E+01  0.10121E+01 -0.27430E-16
 0.13950E+01  0.10121E+01  0.55294E-17
 0.13960E+01  0.10121E+01  0.10289E-15
 0.13970E+01  0.10121E+01  0.65703E-16
 0.13980E+01  0.10121E+01  0.18974E-17
 0.13990E+01  0.10122E+01  0.11498E-15
 0.14000E+01  0.10122E+01 -0.91127E-16
 0.14010E+01  0.10122E+01  0.68738E-16
 0.14020E+01  0.10122E+01 -0.20340E-15
 0.14030E+01  0.10122E+01 -0.53885E-16
 0.14040E+01  0.10122E+01 -0.11167E-16
 0.14050E+01  0.10122E+01 -0.28406E-16
 0.14060E+01  0.10123E+01  0.10490E-15
 0.14070E+01  0.10123E+01  0.21917E-15
 0.14080E+01  0.10123E+01 -0.18431E-15
 0.14090E+01  0.10123E+01  0.91507E-16
 0.14100E+01  0.10124E+01 -0.83700E-16
 0.14110E+01  0.10124E+01  0.21576E-16
 0.14120E+01  0.10124E+01  0.24319E-15
 0.14130E+01  0.10125E+01  0.67763E-16
 0.14140E+01  0.10125E+01  0.60173E-16
 0.14150E+01  0.10126E+01 -0.15119E-15
 0.14160E+01  0.10126E+01 -0.90422E-16
 0.14170E+01  0.10127E+01 -0.15650E-15
 0.14180E+01  0.10128E+01  0.62342E-16
 0.14190E+01  0.10129E+01 -0.24189E-15
 0.14200E+01  0.10131E+01  0.18757E-15
 0.14210E+01  0.10132E+01 -0.12826E-15
 0.14220E+01  0.10134E+01  0.12636E-15
 0.14230E+01  0.10137E+01 -0.57896E-16
 0.14240E+01  0.10141E+01  0.27647E-17
 0.14250E+01  0.10146E+01 -0.86302E-16
 0.14260E+01  0.10153E+01 -0.11319E-15
 0.14270E+01  0.10164E+01  0.78821E-16
 0.14280E+01  0.10180E+01  0.54915E-16
 0.14290E+01  0.10209E+01  0.10289E-15
 0.14300E+01  0.10262E+01  0.60065E-16
 0.14310E+01  0.10384E+01  0.12674E-15
 0.14320E+01  0.10747E+01 -0.51229E-16
 0.14330E+01  0.12516E+01 -0.24622E-15
 0.14340E+01  0.34503E+01 -0.27159E-16
 0.14350E+01  0.20900E+03  0.16231E-15
 0.14360E+01  0.26820E+07 -0.15211E-15
 0.14370E+01  0.38667E+17 -0.36429E-16
 0.14380E+01  0.21745E+47 -0.14995E-15
 0.14390E+01  0.43492+139  0.11259E-15
 0.14400E+01     Infinity          NaN
