-0.2244042E+01  0.2473566E+00  0.1802878E+00
-0.1978250E+01 -0.3912014E+00 -0.7544316E+00
-0.1777891E+01  0.4712916E+00  0.1828470E+01
-0.1598028E+01  0.2935124E+00 -0.2318629E+01
-0.1423301E+01 -0.8863640E+00  0.1678858E+01
-0.1268143E+01  0.8373092E+00 -0.3787379E+00
-0.1014110E+01  0.5181700E-01 -0.4265123E-01
-0.5333608E+00  0.1692235E+00  0.3086649E+00
 0.1422165E+00 -0.2346153E+00  0.3367431E+00
 0.9681044E+00 -0.1836393E+00 -0.3006569E+00
 0.1878379E+01  0.1430226E+00  0.1463186E+00
 0.2786344E+01 -0.3665646E-01 -0.7415828E-01
 0.3604993E+01  0.1063120E-01  0.2058255E-01
 0.4286627E+01 -0.4339232E-02  0.9514936E-04
 0.4861373E+01 -0.1111272E-03 -0.1316412E-03
 0.5344144E+01  0.1672919E-04 -0.4465524E-04
