 0.0000000E+00  0.8514030E-05  0.3031500E-03  0.5124487E-02  0.4294871E-01  0.1770845E+00  0.3596174E+00  0.3596174E+00  0.1770845E+00  0.4294871E-01  0.5124487E-02  0.3031500E-03  0.8514030E-05
 0.2000000E+00  0.8530879E-05  0.3031984E-03  0.5126337E-02  0.4295874E-01  0.1771009E+00  0.3596119E+00  0.3596067E+00  0.1771002E+00  0.4296468E-01  0.5128936E-02  0.3035694E-03  0.8560820E-05
 0.4000000E+00  0.8579293E-05  0.3033244E-03  0.5131795E-02  0.4298901E-01  0.1771507E+00  0.3595948E+00  0.3595736E+00  0.1771479E+00  0.4301289E-01  0.5142165E-02  0.3047918E-03  0.8694958E-05
 0.6000000E+00  0.8655507E-05  0.3035370E-03  0.5140868E-02  0.4303959E-01  0.1772341E+00  0.3595661E+00  0.3595182E+00  0.1772277E+00  0.4309338E-01  0.5164205E-02  0.3068377E-03  0.8909007E-05
 0.8000000E+00  0.8753639E-05  0.3038514E-03  0.5153568E-02  0.4311060E-01  0.1773511E+00  0.3595258E+00  0.3594403E+00  0.1773395E+00  0.4320619E-01  0.5195107E-02  0.3097408E-03  0.9192147E-05
 0.1000000E+01  0.8866240E-05  0.3042879E-03  0.5169913E-02  0.4320224E-01  0.1775015E+00  0.3594738E+00  0.3593402E+00  0.1774831E+00  0.4335140E-01  0.5234944E-02  0.3135467E-03  0.9532010E-05
 0.1200000E+01  0.8984912E-05  0.3048715E-03  0.5189929E-02  0.4331472E-01  0.1776856E+00  0.3594101E+00  0.3592177E+00  0.1776585E+00  0.4352911E-01  0.5283814E-02  0.3183118E-03  0.9916505E-05
 0.1400000E+01  0.9100938E-05  0.3056311E-03  0.5213649E-02  0.4344833E-01  0.1779033E+00  0.3593347E+00  0.3590730E+00  0.1778654E+00  0.4373944E-01  0.5341838E-02  0.3241015E-03  0.1033534E-04
 0.1600000E+01  0.9205851E-05  0.3065982E-03  0.5241117E-02  0.4360341E-01  0.1781547E+00  0.3592475E+00  0.3589060E+00  0.1781037E+00  0.4398251E-01  0.5409166E-02  0.3309887E-03  0.1078117E-04
 0.1800000E+01  0.9291937E-05  0.3078059E-03  0.5272390E-02  0.4378033E-01  0.1784398E+00  0.3591486E+00  0.3587168E+00  0.1783731E+00  0.4425849E-01  0.5485973E-02  0.3390521E-03  0.1125037E-04
 0.2000000E+01  0.9352660E-05  0.3092873E-03  0.5307539E-02  0.4397954E-01  0.1787586E+00  0.3590377E+00  0.3585055E+00  0.1786733E+00  0.4456755E-01  0.5572468E-02  0.3483744E-03  0.1174358E-04
 0.2200000E+01  0.9383034E-05  0.3110746E-03  0.5346653E-02  0.4420152E-01  0.1791113E+00  0.3589150E+00  0.3582722E+00  0.1790041E+00  0.4490987E-01  0.5668887E-02  0.3590416E-03  0.1226599E-04
 0.2400000E+01  0.9379971E-05  0.3131967E-03  0.5389838E-02  0.4444681E-01  0.1794978E+00  0.3587802E+00  0.3580168E+00  0.1793652E+00  0.4528566E-01  0.5775506E-02  0.3711417E-03  0.1282745E-04
 0.2600000E+01  0.9342604E-05  0.3156787E-03  0.5437228E-02  0.4471601E-01  0.1799183E+00  0.3586333E+00  0.3577395E+00  0.1797562E+00  0.4569514E-01  0.5892631E-02  0.3847650E-03  0.1344228E-04
 0.2800000E+01  0.9272626E-05  0.3185400E-03  0.5488978E-02  0.4500975E-01  0.1803728E+00  0.3584743E+00  0.3574404E+00  0.1801767E+00  0.4613852E-01  0.6020608E-02  0.4000042E-03  0.1412880E-04
 0.3000000E+01  0.9174609E-05  0.3217932E-03  0.5545278E-02  0.4532874E-01  0.1808615E+00  0.3583030E+00  0.3571195E+00  0.1806263E+00  0.4661606E-01  0.6159821E-02  0.4169556E-03  0.1490860E-04
 0.3200000E+01  0.9056306E-05  0.3254436E-03  0.5606348E-02  0.4567371E-01  0.1813844E+00  0.3581192E+00  0.3567770E+00  0.1811047E+00  0.4712800E-01  0.6310694E-02  0.4357204E-03  0.1580542E-04
 0.3400000E+01  0.8928839E-05  0.3294884E-03  0.5672447E-02  0.4604548E-01  0.1819417E+00  0.3579230E+00  0.3564131E+00  0.1816112E+00  0.4767460E-01  0.6473691E-02  0.4564069E-03  0.1684393E-04
 0.3600000E+01  0.8806664E-05  0.3339172E-03  0.5743876E-02  0.4644489E-01  0.1825334E+00  0.3577140E+00  0.3560278E+00  0.1821455E+00  0.4825612E-01  0.6649318E-02  0.4791328E-03  0.1804844E-04
 0.3800000E+01  0.8707110E-05  0.3387117E-03  0.5820982E-02  0.4687286E-01  0.1831598E+00  0.3574922E+00  0.3556212E+00  0.1827071E+00  0.4887283E-01  0.6838121E-02  0.5040278E-03  0.1944191E-04
 0.4000000E+01  0.8649278E-05  0.3438476E-03  0.5904161E-02  0.4733033E-01  0.1838209E+00  0.3572574E+00  0.3551937E+00  0.1832953E+00  0.4952502E-01  0.7040693E-02  0.5312367E-03  0.2104535E-04
 0.4200000E+01  0.8652125E-05  0.3492960E-03  0.5993863E-02  0.4781833E-01  0.1845169E+00  0.3570094E+00  0.3547453E+00  0.1839097E+00  0.5021295E-01  0.7257664E-02  0.5609222E-03  0.2287772E-04
 0.4400000E+01  0.8731805E-05  0.3550254E-03  0.6090598E-02  0.4833794E-01  0.1852480E+00  0.3567480E+00  0.3542762E+00  0.1845496E+00  0.5093692E-01  0.7489710E-02  0.5932673E-03  0.2495637E-04
 0.4600000E+01  0.8898700E-05  0.3610056E-03  0.6194937E-02  0.4889027E-01  0.1860143E+00  0.3564729E+00  0.3537868E+00  0.1852144E+00  0.5169720E-01  0.7737549E-02  0.6284790E-03  0.2729787E-04
 0.4800000E+01  0.9154908E-05  0.3672108E-03  0.6307519E-02  0.4947651E-01  0.1868162E+00  0.3561839E+00  0.3532771E+00  0.1859035E+00  0.5249409E-01  0.8001940E-02  0.6667900E-03  0.2991913E-04
 0.5000000E+01  0.9492904E-05  0.3736250E-03  0.6429052E-02  0.5009792E-01  0.1876537E+00  0.3558807E+00  0.3527476E+00  0.1866162E+00  0.5332786E-01  0.8283685E-02  0.7084616E-03  0.3283868E-04
 0.5200000E+01  0.9895644E-05  0.3802478E-03  0.6560317E-02  0.5075581E-01  0.1885271E+00  0.3555630E+00  0.3521985E+00  0.1873517E+00  0.5419881E-01  0.8583630E-02  0.7537857E-03  0.3607797E-04
 0.5400000E+01  0.1033775E-04  0.3871014E-03  0.6702174E-02  0.5145153E-01  0.1894368E+00  0.3552305E+00  0.3516301E+00  0.1881094E+00  0.5510722E-01  0.8902659E-02  0.8030868E-03  0.3966280E-04
 0.5600000E+01  0.1078711E-04  0.3942392E-03  0.6855558E-02  0.5218653E-01  0.1903829E+00  0.3548828E+00  0.3510427E+00  0.1888885E+00  0.5605339E-01  0.9241703E-02  0.8567231E-03  0.4362459E-04
 0.5800000E+01  0.1120637E-04  0.4017559E-03  0.7021491E-02  0.5296233E-01  0.1913657E+00  0.3545194E+00  0.3504369E+00  0.1896882E+00  0.5703759E-01  0.9601732E-02  0.9150886E-03  0.4800173E-04
 0.6000000E+01  0.1155394E-04  0.4097987E-03  0.7201073E-02  0.5378049E-01  0.1923857E+00  0.3541400E+00  0.3498129E+00  0.1905077E+00  0.5806013E-01  0.9983761E-02  0.9786133E-03  0.5284078E-04
 0.6200000E+01  0.1178445E-04  0.4185804E-03  0.7395489E-02  0.5464268E-01  0.1934432E+00  0.3537440E+00  0.3491712E+00  0.1913460E+00  0.5912127E-01  0.1038885E-01  0.1047765E-02  0.5819761E-04
 0.6400000E+01  0.1184895E-04  0.4283924E-03  0.7606012E-02  0.5555062E-01  0.1945385E+00  0.3533310E+00  0.3485125E+00  0.1922024E+00  0.6022133E-01  0.1081810E-01  0.1123048E-02  0.6413838E-04
 0.6600000E+01  0.1169473E-04  0.4396181E-03  0.7833996E-02  0.5650614E-01  0.1956721E+00  0.3529003E+00  0.3478371E+00  0.1930758E+00  0.6136059E-01  0.1127267E-01  0.1205008E-02  0.7074043E-04
 0.6800000E+01  0.1126498E-04  0.4527439E-03  0.8080883E-02  0.5751115E-01  0.1968444E+00  0.3524513E+00  0.3471458E+00  0.1939654E+00  0.6253934E-01  0.1175376E-01  0.1294225E-02  0.7809291E-04
 0.7000000E+01  0.1049848E-04  0.4683660E-03  0.8348198E-02  0.5856765E-01  0.1980559E+00  0.3519833E+00  0.3464391E+00  0.1948700E+00  0.6375789E-01  0.1226261E-01  0.1391323E-02  0.8629723E-04
 0.7200000E+01  0.9329217E-05  0.4871905E-03  0.8637551E-02  0.5967774E-01  0.1993073E+00  0.3514955E+00  0.3457178E+00  0.1957886E+00  0.6501653E-01  0.1280054E-01  0.1496963E-02  0.9546733E-04
 0.7400000E+01  0.7686188E-05  0.5100249E-03  0.8950637E-02  0.6084365E-01  0.2005990E+00  0.3509872E+00  0.3449826E+00  0.1967201E+00  0.6631559E-01  0.1336890E-01  0.1611848E-02  0.1057298E-03
 0.7600000E+01  0.5494355E-05  0.5377597E-03  0.9289237E-02  0.6206770E-01  0.2019317E+00  0.3504574E+00  0.3442345E+00  0.1976634E+00  0.6765538E-01  0.1396912E-01  0.1736720E-02  0.1172236E-03
 0.7800000E+01  0.2686462E-05  0.5713429E-03  0.9655215E-02  0.6335236E-01  0.2033062E+00  0.3499051E+00  0.3434742E+00  0.1986171E+00  0.6903624E-01  0.1460268E-01  0.1872366E-02  0.1301004E-03
 0.8000000E+01  0.1086441E-05  0.6117500E-03  0.1005052E-01  0.6470020E-01  0.2047232E+00  0.3493292E+00  0.3427029E+00  0.1995800E+00  0.7045851E-01  0.1527115E-01  0.2019615E-02  0.1445238E-03
 0.8200000E+01  0.5358738E-05  0.6599568E-03  0.1047721E-01  0.6611398E-01  0.2061835E+00  0.3487286E+00  0.3419216E+00  0.2005508E+00  0.7192256E-01  0.1597614E-01  0.2179342E-02  0.1606696E-03
 0.8400000E+01  0.1067303E-04  0.7169189E-03  0.1093740E-01  0.6759657E-01  0.2076881E+00  0.3481020E+00  0.3411315E+00  0.2015280E+00  0.7342876E-01  0.1671937E-01  0.2352468E-02  0.1787258E-03
 0.8600000E+01  0.1704656E-04  0.7835619E-03  0.1143334E-01  0.6915105E-01  0.2092380E+00  0.3474480E+00  0.3403338E+00  0.2025100E+00  0.7497753E-01  0.1750264E-01  0.2539963E-02  0.1988921E-03
 0.8800000E+01  0.2459814E-04  0.8607839E-03  0.1196735E-01  0.7078064E-01  0.2108343E+00  0.3467650E+00  0.3395299E+00  0.2034952E+00  0.7656930E-01  0.1832782E-01  0.2742849E-02  0.2213807E-03
 0.9000000E+01  0.3346134E-04  0.9494646E-03  0.1254188E-01  0.7248880E-01  0.2124783E+00  0.3460514E+00  0.3387214E+00  0.2044820E+00  0.7820454E-01  0.1919690E-01  0.2962200E-02  0.2464162E-03
 0.9200000E+01  0.4378133E-04  0.1050482E-02  0.1315950E-01  0.7427918E-01  0.2141712E+00  0.3453053E+00  0.3379099E+00  0.2054685E+00  0.7988376E-01  0.2011196E-01  0.3199149E-02  0.2742363E-03
 0.9400000E+01  0.5571494E-04  0.1164730E-02  0.1382289E-01  0.7615564E-01  0.2159147E+00  0.3445248E+00  0.3370972E+00  0.2064528E+00  0.8160752E-01  0.2107521E-01  0.3454886E-02  0.3050919E-03
 0.9600000E+01  0.6943128E-04  0.1293133E-02  0.1453488E-01  0.7812232E-01  0.2177102E+00  0.3437077E+00  0.3362851E+00  0.2074327E+00  0.8337641E-01  0.2208897E-01  0.3730665E-02  0.3392483E-03
 0.9800000E+01  0.8511239E-04  0.1436666E-02  0.1529846E-01  0.8018361E-01  0.2195598E+00  0.3428517E+00  0.3354758E+00  0.2084062E+00  0.8519112E-01  0.2315568E-01  0.4027806E-02  0.3769853E-03
 0.1000000E+02  0.1029541E-03  0.1596363E-02  0.1611674E-01  0.8234420E-01  0.2214653E+00  0.3419541E+00  0.3346714E+00  0.2093707E+00  0.8705237E-01  0.2427796E-01  0.4347701E-02  0.4185986E-03
 0.1020000E+02  0.1231669E-03  0.1773330E-02  0.1699305E-01  0.8460907E-01  0.2234291E+00  0.3410122E+00  0.3338746E+00  0.2103238E+00  0.8896099E-01  0.2545853E-01  0.4691814E-02  0.4644003E-03
 0.1040000E+02  0.1459768E-03  0.1968754E-02  0.1793088E-01  0.8698356E-01  0.2254535E+00  0.3400229E+00  0.3330878E+00  0.2112628E+00  0.9091791E-01  0.2670030E-01  0.5061690E-02  0.5147198E-03
 0.1060000E+02  0.1716264E-03  0.2183909E-02  0.1893395E-01  0.8947337E-01  0.2275414E+00  0.3389830E+00  0.3323139E+00  0.2121847E+00  0.9292413E-01  0.2800635E-01  0.5458953E-02  0.5699049E-03
 0.1080000E+02  0.2003757E-03  0.2420165E-02  0.2000618E-01  0.9208458E-01  0.2296958E+00  0.3378887E+00  0.3315561E+00  0.2130863E+00  0.9498081E-01  0.2937996E-01  0.5885319E-02  0.6303226E-03
 0.1100000E+02  0.2325035E-03  0.2678994E-02  0.2115174E-01  0.9482370E-01  0.2319201E+00  0.3367361E+00  0.3308177E+00  0.2139645E+00  0.9708925E-01  0.3082457E-01  0.6342595E-02  0.6963605E-03
 0.1120000E+02  0.2683084E-03  0.2961976E-02  0.2237505E-01  0.9769769E-01  0.2342181E+00  0.3355209E+00  0.3301022E+00  0.2148153E+00  0.9925088E-01  0.3234388E-01  0.6832687E-02  0.7684275E-03
 0.1140000E+02  0.3081097E-03  0.3270803E-02  0.2368082E-01  0.1007140E+00  0.2365940E+00  0.3342385E+00  0.3294137E+00  0.2156351E+00  0.1014674E+00  0.3394179E-01  0.7357603E-02  0.8469551E-03
 0.1160000E+02  0.3522491E-03  0.3607291E-02  0.2507405E-01  0.1038807E+00  0.2390526E+00  0.3328838E+00  0.3287563E+00  0.2164195E+00  0.1037405E+00  0.3562245E-01  0.7919464E-02  0.9323985E-03
 0.1180000E+02  0.4010918E-03  0.3973378E-02  0.2656005E-01  0.1072062E+00  0.2415991E+00  0.3314512E+00  0.3281346E+00  0.2171640E+00  0.1060724E+00  0.3739027E-01  0.8520503E-02  0.1025238E-02
 0.1200000E+02  0.4550278E-03  0.4371142E-02  0.2814448E-01  0.1106998E+00  0.2442394E+00  0.3299347E+00  0.3275534E+00  0.2178636E+00  0.1084655E+00  0.3924996E-01  0.9163079E-02  0.1125980E-02
 0.1220000E+02  0.5144735E-03  0.4802799E-02  0.2983338E-01  0.1143713E+00  0.2469801E+00  0.3283278E+00  0.3270183E+00  0.2185130E+00  0.1109223E+00  0.4120649E-01  0.9849679E-02  0.1235159E-02
 0.1240000E+02  0.5798730E-03  0.5270715E-02  0.3163316E-01  0.1182312E+00  0.2498284E+00  0.3266233E+00  0.3265348E+00  0.2191065E+00  0.1134458E+00  0.4326520E-01  0.1058293E-01  0.1353338E-02
 0.1260000E+02  0.6516998E-03  0.5777414E-02  0.3355066E-01  0.1222908E+00  0.2527926E+00  0.3248135E+00  0.3261091E+00  0.2196379E+00  0.1160396E+00  0.4543173E-01  0.1136559E-01  0.1481110E-02
 0.1280000E+02  0.7304585E-03  0.6325588E-02  0.3559314E-01  0.1265623E+00  0.2558819E+00  0.3228899E+00  0.3257481E+00  0.2201004E+00  0.1187074E+00  0.4771211E-01  0.1220059E-01  0.1619101E-02
 0.1300000E+02  0.8166863E-03  0.6918102E-02  0.3776837E-01  0.1310586E+00  0.2591064E+00  0.3208436E+00  0.3254588E+00  0.2204868E+00  0.1214535E+00  0.5011274E-01  0.1309101E-01  0.1767970E-02
 0.1320000E+02  0.9109547E-03  0.7558009E-02  0.4008460E-01  0.1357938E+00  0.2624777E+00  0.3186645E+00  0.3252491E+00  0.2207892E+00  0.1242828E+00  0.5264046E-01  0.1404011E-01  0.1928412E-02
 0.1340000E+02  0.1013872E-02  0.8248557E-02  0.4255061E-01  0.1407827E+00  0.2660086E+00  0.3163418E+00  0.3251273E+00  0.2209990E+00  0.1272009E+00  0.5530252E-01  0.1505130E-01  0.2101158E-02
 0.1360000E+02  0.1126083E-02  0.8993198E-02  0.4517576E-01  0.1460413E+00  0.2697132E+00  0.3138641E+00  0.3251025E+00  0.2211071E+00  0.1302139E+00  0.5810668E-01  0.1612823E-01  0.2286978E-02
 0.1380000E+02  0.1248275E-02  0.9795604E-02  0.4797002E-01  0.1515870E+00  0.2736077E+00  0.3112185E+00  0.3251844E+00  0.2211034E+00  0.1333289E+00  0.6106117E-01  0.1727472E-01  0.2486684E-02
 0.1400000E+02  0.1381175E-02  0.1065968E-01  0.5094398E-01  0.1574379E+00  0.2777096E+00  0.3083915E+00  0.3253835E+00  0.2209773E+00  0.1365537E+00  0.6417477E-01  0.1849479E-01  0.2701129E-02
 0.1420000E+02  0.1525556E-02  0.1158956E-01  0.5410892E-01  0.1636140E+00  0.2820390E+00  0.3053683E+00  0.3257111E+00  0.2207170E+00  0.1398973E+00  0.6745684E-01  0.1979271E-01  0.2931213E-02
 0.1440000E+02  0.1682235E-02  0.1258964E-01  0.5747684E-01  0.1701363E+00  0.2866177E+00  0.3021328E+00  0.3261794E+00  0.2203099E+00  0.1433694E+00  0.7091734E-01  0.2117298E-01  0.3177883E-02
 0.1460000E+02  0.1852079E-02  0.1366458E-01  0.6106048E-01  0.1770273E+00  0.2914704E+00  0.2986680E+00  0.3268016E+00  0.2197423E+00  0.1469813E+00  0.7456688E-01  0.2264035E-01  0.3442134E-02
 0.1480000E+02  0.2036004E-02  0.1481933E-01  0.6487341E-01  0.1843114E+00  0.2966242E+00  0.2949552E+00  0.3275916E+00  0.2189995E+00  0.1507455E+00  0.7841675E-01  0.2419982E-01  0.3725014E-02
 0.1500000E+02  0.2234979E-02  0.1605911E-01  0.6893002E-01  0.1920144E+00  0.3021093E+00  0.2909746E+00  0.3285649E+00  0.2180656E+00  0.1546758E+00  0.8247899E-01  0.2585669E-01  0.4027627E-02
 0.1520000E+02  0.2450027E-02  0.1738948E-01  0.7324560E-01  0.2001640E+00  0.3079591E+00  0.2867048E+00  0.3297377E+00  0.2169232E+00  0.1587877E+00  0.8676641E-01  0.2761655E-01  0.4351133E-02
 0.1540000E+02  0.2682229E-02  0.1881628E-01  0.7783640E-01  0.2087897E+00  0.3142103E+00  0.2821230E+00  0.3311277E+00  0.2155537E+00  0.1630987E+00  0.9129264E-01  0.2948529E-01  0.4696752E-02
 0.1560000E+02  0.2932723E-02  0.2034572E-01  0.8271963E-01  0.2179231E+00  0.3209036E+00  0.2772049E+00  0.3327539E+00  0.2139372E+00  0.1676278E+00  0.9607223E-01  0.3146915E-01  0.5065770E-02
 0.1580000E+02  0.3202710E-02  0.2198435E-01  0.8791355E-01  0.2275980E+00  0.3280835E+00  0.2719248E+00  0.3346369E+00  0.2120519E+00  0.1723965E+00  0.1011206E+00  0.3357470E-01  0.5459537E-02
 0.1600000E+02  0.3493450E-02  0.2373907E-01  0.9343752E-01  0.2378503E+00  0.3357989E+00  0.2662558E+00  0.3367988E+00  0.2098745E+00  0.1774282E+00  0.1064543E+00  0.3580888E-01  0.5879474E-02
 0.1620000E+02  0.3806273E-02  0.2561719E-01  0.9931203E-01  0.2487183E+00  0.3441032E+00  0.2601694E+00  0.3392634E+00  0.2073799E+00  0.1827491E+00  0.1120908E+00  0.3817903E-01  0.6327076E-02
 0.1640000E+02  0.4142570E-02  0.2762638E-01  0.1055588E+00  0.2602429E+00  0.3530548E+00  0.2536367E+00  0.3420565E+00  0.2045413E+00  0.1883879E+00  0.1180488E+00  0.4069290E-01  0.6803914E-02
 0.1660000E+02  0.4503805E-02  0.2977474E-01  0.1122008E+00  0.2724677E+00  0.3627169E+00  0.2466282E+00  0.3452059E+00  0.2013299E+00  0.1943760E+00  0.1243482E+00  0.4335866E-01  0.7311641E-02
 0.1680000E+02  0.4891507E-02  0.3207077E-01  0.1192622E+00  0.2854387E+00  0.3731583E+00  0.2391148E+00  0.3487417E+00  0.1977148E+00  0.2007480E+00  0.1310100E+00  0.4618495E-01  0.7851995E-02
 0.1700000E+02  0.5307279E-02  0.3452344E-01  0.1267687E+00  0.2992053E+00  0.3844530E+00  0.2310688E+00  0.3526963E+00  0.1936633E+00  0.2075418E+00  0.1380568E+00  0.4918089E-01  0.8426803E-02
 0.1720000E+02  0.5752796E-02  0.3714213E-01  0.1347473E+00  0.3138196E+00  0.3966810E+00  0.2224658E+00  0.3571051E+00  0.1891409E+00  0.2147984E+00  0.1455126E+00  0.5235613E-01  0.9037986E-02
 0.1740000E+02  0.6229802E-02  0.3993669E-01  0.1432265E+00  0.3293371E+00  0.4099281E+00  0.2132873E+00  0.3620062E+00  0.1841112E+00  0.2225628E+00  0.1534028E+00  0.5572084E-01  0.9687564E-02
 0.1760000E+02  0.6740117E-02  0.4291745E-01  0.1522364E+00  0.3458165E+00  0.4242861E+00  0.2035245E+00  0.3674411E+00  0.1785365E+00  0.2308834E+00  0.1617546E+00  0.5928577E-01  0.1037766E-01
 0.1780000E+02  0.7285635E-02  0.4609520E-01  0.1618085E+00  0.3633201E+00  0.4398531E+00  0.1931850E+00  0.3734549E+00  0.1723782E+00  0.2398130E+00  0.1705969E+00  0.6306229E-01  0.1111051E-01
 0.1800000E+02  0.7868318E-02  0.4948122E-01  0.1719762E+00  0.3819139E+00  0.4567335E+00  0.1823021E+00  0.3800966E+00  0.1655980E+00  0.2494082E+00  0.1799603E+00  0.6706238E-01  0.1188845E-01
 0.1820000E+02  0.8490204E-02  0.5308729E-01  0.1827742E+00  0.4016674E+00  0.4750381E+00  0.1709507E+00  0.3874195E+00  0.1581595E+00  0.2597303E+00  0.1898776E+00  0.7129872E-01  0.1271396E-01
 0.1840000E+02  0.9153397E-02  0.5692565E-01  0.1942392E+00  0.4226543E+00  0.4948843E+00  0.1592720E+00  0.3954820E+00  0.1500308E+00  0.2708450E+00  0.2003836E+00  0.7578470E-01  0.1358961E-01
 0.1860000E+02  0.9860073E-02  0.6100907E-01  0.2064095E+00  0.4449522E+00  0.5163964E+00  0.1475135E+00  0.4043476E+00  0.1411897E+00  0.2828227E+00  0.2115153E+00  0.8053446E-01  0.1451815E-01
 0.1880000E+02  0.1061247E-01  0.6535080E-01  0.2193252E+00  0.4686431E+00  0.5397050E+00  0.1360908E+00  0.4140858E+00  0.1316312E+00  0.2957390E+00  0.2233120E+00  0.8556295E-01  0.1550242E-01
 0.1900000E+02  0.1141289E-01  0.6996454E-01  0.2330283E+00  0.4938130E+00  0.5649482E+00  0.1256771E+00  0.4247728E+00  0.1213828E+00  0.3096745E+00  0.2358158E+00  0.9088593E-01  0.1654544E-01
 0.1920000E+02  0.1226369E-01  0.7486451E-01  0.2475624E+00  0.5205527E+00  0.5922710E+00  0.1173043E+00  0.4364918E+00  0.1105303E+00  0.3247155E+00  0.2490711E+00  0.9652008E-01  0.1765036E-01
 0.1940000E+02  0.1316727E-01  0.8006535E-01  0.2629731E+00  0.5489573E+00  0.6218257E+00  0.1124003E+00  0.4493340E+00  0.9926899E-01  0.3409538E+00  0.2631255E+00  0.1024830E+00  0.1882050E-01
 0.1960000E+02  0.1412610E-01  0.8558217E-01  0.2793077E+00  0.5791266E+00  0.6537721E+00  0.1125931E+00  0.4633996E+00  0.8799974E-01  0.3584874E+00  0.2780295E+00  0.1087933E+00  0.2005934E-01
 0.1980000E+02  0.1514265E-01  0.9143047E-01  0.2966154E+00  0.6111651E+00  0.6882780E+00  0.1191893E+00  0.4787983E+00  0.7751154E-01  0.3774206E+00  0.2938368E+00  0.1154707E+00  0.2137055E-01
 0.2000000E+02  0.1621947E-01  0.9762613E-01  0.3149471E+00  0.6451821E+00  0.7255189E+00  0.1326638E+00  0.4956503E+00  0.6926673E-01  0.3978647E+00  0.3106045E+00  0.1225358E+00  0.2275796E-01
 0.2020000E+02  0.1735907E-01  0.1041854E+00  0.3343553E+00  0.6812918E+00  0.7656789E+00  0.1526823E+00  0.5140878E+00  0.6557189E-01  0.4199379E+00  0.3283935E+00  0.1300106E+00  0.2422562E-01
 0.2040000E+02  0.1856402E-01  0.1111248E+00  0.3548943E+00  0.7196131E+00  0.8089506E+00  0.1785623E+00  0.5342553E+00  0.6885804E-01  0.4437663E+00  0.3472684E+00  0.1379183E+00  0.2577775E-01
 0.2060000E+02  0.1983685E-01  0.1184612E+00  0.3766198E+00  0.7602696E+00  0.8555352E+00  0.2096719E+00  0.5563115E+00  0.8000735E-01  0.4694840E+00  0.3672981E+00  0.1462832E+00  0.2741879E-01
 0.2080000E+02  0.2118008E-01  0.1262115E+00  0.3995892E+00  0.8033899E+00  0.9056435E+00  0.2455826E+00  0.5804300E+00  0.9806453E-01  0.4972341E+00  0.3885558E+00  0.1551311E+00  0.2915341E-01
 0.2100000E+02  0.2259621E-01  0.1343928E+00  0.4238610E+00  0.8491071E+00  0.9594954E+00  0.2860707E+00  0.6068008E+00  0.1216420E+00  0.5271691E+00  0.4111192E+00  0.1644894E+00  0.3098650E-01
 0.2120000E+02  0.2408766E-01  0.1430223E+00  0.4494948E+00  0.8975589E+00  0.1017320E+01  0.3310740E+00  0.6356319E+00  0.1497839E+00  0.5594512E+00  0.4350712E+00  0.1743867E+00  0.3292318E-01
 0.2140000E+02  0.2565681E-01  0.1521170E+00  0.4765515E+00  0.9488870E+00  0.1079358E+01  0.3806487E+00  0.6671501E+00  0.1820063E+00  0.5942540E+00  0.4604999E+00  0.1848533E+00  0.3496882E-01
 0.2160000E+02  0.2730592E-01  0.1616940E+00  0.5050924E+00  0.1003238E+01  0.1145858E+01  0.4349379E+00  0.7016030E+00  0.2181374E+00  0.6317623E+00  0.4874987E+00  0.1959213E+00  0.3712907E-01
 0.2180000E+02  0.2903714E-01  0.1717698E+00  0.5351796E+00  0.1060761E+01  0.1217080E+01  0.4941502E+00  0.7392607E+00  0.2581932E+00  0.6721735E+00  0.5161672E+00  0.2076243E+00  0.3940982E-01
 0.2200000E+02  0.3085250E-01  0.1823610E+00  0.5668751E+00  0.1121609E+01  0.1293293E+01  0.5585457E+00  0.7804169E+00  0.3023062E+00  0.7156984E+00  0.5466110E+00  0.2199980E+00  0.4181724E-01
 0.2220000E+02  0.3275383E-01  0.1934831E+00  0.6002411E+00  0.1185939E+01  0.1374777E+01  0.6284275E+00  0.8253908E+00  0.3506872E+00  0.7625619E+00  0.5789425E+00  0.2330799E+00  0.4435781E-01
 0.2240000E+02  0.3474279E-01  0.2051515E+00  0.6353392E+00  0.1253910E+01  0.1461822E+01  0.7041361E+00  0.8745294E+00  0.4036052E+00  0.8130046E+00  0.6132809E+00  0.2469095E+00  0.4703829E-01
 0.2260000E+02  0.3682080E-01  0.2173805E+00  0.6722301E+00  0.1325681E+01  0.1554727E+01  0.7860457E+00  0.9282085E+00  0.4613761E+00  0.8672830E+00  0.6497528E+00  0.2615284E+00  0.4986577E-01
 0.2280000E+02  0.3898904E-01  0.2301833E+00  0.7109733E+00  0.1401415E+01  0.1653800E+01  0.8745622E+00  0.9868353E+00  0.5243579E+00  0.9256715E+00  0.6884926E+00  0.2769805E+00  0.5284762E-01
 0.2300000E+02  0.4124838E-01  0.2435723E+00  0.7516263E+00  0.1481274E+01  0.1759359E+01  0.9701218E+00  0.1050850E+01  0.5929479E+00  0.9884628E+00  0.7296430E+00  0.2933118E+00  0.5599158E-01
 0.2320000E+02  0.4359938E-01  0.2575582E+00  0.7942445E+00  0.1565418E+01  0.1871728E+01  0.1073190E+01  0.1120729E+01  0.6675816E+00  0.1055969E+01  0.7733552E+00  0.3105710E+00  0.5930572E-01
 0.2340000E+02  0.4604225E-01  0.2721503E+00  0.8388801E+00  0.1654008E+01  0.1991240E+01  0.1184262E+01  0.1196984E+01  0.7487336E+00  0.1128525E+01  0.8197894E+00  0.3288089E+00  0.6279843E-01
 0.2360000E+02  0.4857677E-01  0.2873561E+00  0.8855819E+00  0.1747201E+01  0.2118233E+01  0.1303860E+01  0.1280170E+01  0.8369182E+00  0.1206486E+01  0.8691157E+00  0.3480794E+00  0.6647850E-01
 0.2380000E+02  0.5120231E-01  0.3031810E+00  0.9343945E+00  0.1845151E+01  0.2253050E+01  0.1432536E+01  0.1370880E+01  0.9326908E+00  0.1290231E+01  0.9215137E+00  0.3684386E+00  0.7035504E-01
 0.2400000E+02  0.5391777E-01  0.3196282E+00  0.9853573E+00  0.1948005E+01  0.2396039E+01  0.1570869E+01  0.1469754E+01  0.1036650E+01  0.1380166E+01  0.9771738E+00  0.3899455E+00  0.7443757E-01
 0.2420000E+02  0.5672154E-01  0.3366984E+00  0.1038504E+01  0.2055905E+01  0.2547549E+01  0.1719467E+01  0.1577478E+01  0.1149439E+01  0.1476720E+01  0.1036297E+01  0.4126623E+00  0.7873595E-01
 0.2440000E+02  0.5961145E-01  0.3543896E+00  0.1093862E+01  0.2168984E+01  0.2707928E+01  0.1878963E+01  0.1694786E+01  0.1271749E+01  0.1580353E+01  0.1099097E+01  0.4366536E+00  0.8326044E-01
 0.2460000E+02  0.6258476E-01  0.3726967E+00  0.1151451E+01  0.2287364E+01  0.2877524E+01  0.2050019E+01  0.1822467E+01  0.1404319E+01  0.1691552E+01  0.1165797E+01  0.4619875E+00  0.8802168E-01
 0.2480000E+02  0.6563812E-01  0.3916112E+00  0.1211283E+01  0.2411156E+01  0.3056680E+01  0.2233320E+01  0.1961360E+01  0.1547941E+01  0.1810835E+01  0.1236635E+01  0.4887351E+00  0.9303070E-01
 0.2500000E+02  0.6876751E-01  0.4111215E+00  0.1273359E+01  0.2540458E+01  0.3245731E+01  0.2429579E+01  0.2112362E+01  0.1703459E+01  0.1938751E+01  0.1311860E+01  0.5169704E+00  0.9829888E-01
 0.2520000E+02  0.7196825E-01  0.4312119E+00  0.1337672E+01  0.2675349E+01  0.3445005E+01  0.2639529E+01  0.2276429E+01  0.1871775E+01  0.2075885E+01  0.1391735E+01  0.5467710E+00  0.1038380E+00
 0.2540000E+02  0.7523493E-01  0.4518626E+00  0.1404202E+01  0.2815893E+01  0.3654815E+01  0.2863928E+01  0.2454578E+01  0.2053848E+01  0.2222852E+01  0.1476537E+01  0.5782176E+00  0.1096603E+00
 0.2560000E+02  0.7856145E-01  0.4730499E+00  0.1472919E+01  0.2962131E+01  0.3875460E+01  0.3103552E+01  0.2647886E+01  0.2250698E+01  0.2380308E+01  0.1566557E+01  0.6113943E+00  0.1157781E+00
 0.2580000E+02  0.8194094E-01  0.4947452E+00  0.1543778E+01  0.3114081E+01  0.4107217E+01  0.3359195E+01  0.2857499E+01  0.2463407E+01  0.2548941E+01  0.1662099E+01  0.6463884E+00  0.1222045E+00
 0.2600000E+02  0.8536576E-01  0.5169157E+00  0.1616721E+01  0.3271737E+01  0.4350342E+01  0.3631667E+01  0.3084624E+01  0.2693122E+01  0.2729479E+01  0.1763484E+01  0.6832907E+00  0.1289526E+00
 0.2620000E+02  0.8882753E-01  0.5395234E+00  0.1691674E+01  0.3435063E+01  0.4605062E+01  0.3921788E+01  0.3330539E+01  0.2941055E+01  0.2922691E+01  0.1871046E+01  0.7221951E+00  0.1360358E+00
 0.2640000E+02  0.9231710E-01  0.5625254E+00  0.1768548E+01  0.3603994E+01  0.4871574E+01  0.4230389E+01  0.3596589E+01  0.3208486E+01  0.3129384E+01  0.1985136E+01  0.7631992E+00  0.1434681E+00
 0.2660000E+02  0.9582456E-01  0.5858737E+00  0.1847238E+01  0.3778431E+01  0.5150037E+01  0.4558305E+01  0.3884186E+01  0.3496764E+01  0.3350404E+01  0.2106117E+01  0.8064034E+00  0.1512635E+00
 0.2680000E+02  0.9933927E-01  0.6095153E+00  0.1927620E+01  0.3958239E+01  0.5440569E+01  0.4906372E+01  0.4194813E+01  0.3807306E+01  0.3586640E+01  0.2234373E+01  0.8519114E+00  0.1594363E+00
 0.2700000E+02  0.1028499E+00  0.6333917E+00  0.2009553E+01  0.4143245E+01  0.5743246E+01  0.5275421E+01  0.4530019E+01  0.4141600E+01  0.3839024E+01  0.2370297E+01  0.8998302E+00  0.1680009E+00
 0.2720000E+02  0.1063444E+00  0.6574395E+00  0.2092876E+01  0.4333235E+01  0.6058088E+01  0.5666275E+01  0.4891419E+01  0.4501201E+01  0.4108526E+01  0.2514303E+01  0.9502692E+00  0.1769721E+00
 0.2740000E+02  0.1098101E+00  0.6815900E+00  0.2177411E+01  0.4527952E+01  0.6385065E+01  0.6079741E+01  0.5280695E+01  0.4887734E+01  0.4396160E+01  0.2666815E+01  0.1003341E+01  0.1863645E+00
 0.2760000E+02  0.1132339E+00  0.7057697E+00  0.2262959E+01  0.4727094E+01  0.6724082E+01  0.6516606E+01  0.5699587E+01  0.5302891E+01  0.4702980E+01  0.2828277E+01  0.1059160E+01  0.1961930E+00
 0.2780000E+02  0.1166019E+00  0.7299002E+00  0.2349302E+01  0.4930313E+01  0.7074982E+01  0.6977628E+01  0.6149896E+01  0.5748430E+01  0.5030078E+01  0.2999143E+01  0.1117845E+01  0.2064722E+00
 0.2800000E+02  0.1199002E+00  0.7538988E+00  0.2436202E+01  0.5137210E+01  0.7437536E+01  0.7463533E+01  0.6633474E+01  0.6226171E+01  0.5378587E+01  0.3179882E+01  0.1179513E+01  0.2172168E+00
 0.2820000E+02  0.1231142E+00  0.7776784E+00  0.2523403E+01  0.5347338E+01  0.7811442E+01  0.7975003E+01  0.7152222E+01  0.6737990E+01  0.5749677E+01  0.3370978E+01  0.1244286E+01  0.2284414E+00
 0.2840000E+02  0.1262292E+00  0.8011484E+00  0.2610629E+01  0.5560200E+01  0.8196319E+01  0.8512671E+01  0.7708080E+01  0.7285821E+01  0.6144550E+01  0.3572924E+01  0.1312287E+01  0.2401601E+00
 0.2860000E+02  0.1292305E+00  0.8242147E+00  0.2697586E+01  0.5775244E+01  0.8591702E+01  0.9077113E+01  0.8303020E+01  0.7871644E+01  0.6564443E+01  0.3786225E+01  0.1383638E+01  0.2523868E+00
 0.2880000E+02  0.1321033E+00  0.8467807E+00  0.2783964E+01  0.5991871E+01  0.8997041E+01  0.9668838E+01  0.8939039E+01  0.8497480E+01  0.7010620E+01  0.4011398E+01  0.1458464E+01  0.2651350E+00
 0.2900000E+02  0.1348330E+00  0.8687476E+00  0.2869437E+01  0.6209429E+01  0.9411698E+01  0.1028828E+02  0.9618144E+01  0.9165385E+01  0.7484372E+01  0.4248966E+01  0.1536888E+01  0.2784175E+00
 0.2920000E+02  0.1374051E+00  0.8900154E+00  0.2953663E+01  0.6427215E+01  0.9834941E+01  0.1093580E+02  0.1034234E+02  0.9877440E+01  0.7987007E+01  0.4499459E+01  0.1619033E+01  0.2922467E+00
 0.2940000E+02  0.1398059E+00  0.9104833E+00  0.3036289E+01  0.6644482E+01  0.1026595E+02  0.1161164E+02  0.1111362E+02  0.1063574E+02  0.8519852E+01  0.4763412E+01  0.1705022E+01  0.3066340E+00
 0.2960000E+02  0.1420218E+00  0.9300507E+00  0.3116952E+01  0.6860432E+01  0.1070380E+02  0.1231597E+02  0.1193394E+02  0.1144237E+02  0.9084241E+01  0.5041364E+01  0.1794975E+01  0.3215899E+00
 0.2980000E+02  0.1440403E+00  0.9486185E+00  0.3195278E+01  0.7074229E+01  0.1114750E+02  0.1304885E+02  0.1280523E+02  0.1229943E+02  0.9681511E+01  0.5333853E+01  0.1889011E+01  0.3371242E+00
 0.3000000E+02  0.1458497E+00  0.9660891E+00  0.3270891E+01  0.7284995E+01  0.1159593E+02  0.1381018E+02  0.1372932E+02  0.1320897E+02  0.1031300E+02  0.5641416E+01  0.1987246E+01  0.3532452E+00
 0.3020000E+02  0.1474393E+00  0.9823684E+00  0.3343410E+01  0.7491818E+01  0.1204791E+02  0.1459979E+02  0.1470799E+02  0.1417300E+02  0.1098001E+02  0.5964583E+01  0.2089791E+01  0.3699601E+00
 0.3040000E+02  0.1487995E+00  0.9973660E+00  0.3412454E+01  0.7693759E+01  0.1250217E+02  0.1541734E+02  0.1574289E+02  0.1519347E+02  0.1168386E+02  0.6303879E+01  0.2196754E+01  0.3872747E+00
 0.3060000E+02  0.1499223E+00  0.1010997E+01  0.3477645E+01  0.7889851E+01  0.1295734E+02  0.1626236E+02  0.1683553E+02  0.1627227E+02  0.1242580E+02  0.6659816E+01  0.2308238E+01  0.4051935E+00
 0.3080000E+02  0.1508008E+00  0.1023181E+01  0.3538615E+01  0.8079116E+01  0.1341200E+02  0.1713422E+02  0.1798730E+02  0.1741115E+02  0.1320706E+02  0.7032891E+01  0.2424339E+01  0.4237189E+00
 0.3100000E+02  0.1514301E+00  0.1033847E+01  0.3595002E+01  0.8260562E+01  0.1386465E+02  0.1803214E+02  0.1919937E+02  0.1861177E+02  0.1402880E+02  0.7423583E+01  0.2545147E+01  0.4428520E+00
 0.3120000E+02  0.1518067E+00  0.1042930E+01  0.3646462E+01  0.8433197E+01  0.1431374E+02  0.1895519E+02  0.2047273E+02  0.1987561E+02  0.1489212E+02  0.7832348E+01  0.2670747E+01  0.4625919E+00
 0.3140000E+02  0.1519290E+00  0.1050375E+01  0.3692667E+01  0.8596038E+01  0.1475766E+02  0.1990225E+02  0.2180811E+02  0.2120400E+02  0.1579803E+02  0.8259614E+01  0.2801211E+01  0.4829356E+00
 0.3160000E+02  0.1517973E+00  0.1056136E+01  0.3733311E+01  0.8748115E+01  0.1519477E+02  0.2087204E+02  0.2320600E+02  0.2259807E+02  0.1674746E+02  0.8705777E+01  0.2936606E+01  0.5038784E+00
 0.3180000E+02  0.1514139E+00  0.1060178E+01  0.3768112E+01  0.8888486E+01  0.1562341E+02  0.2186313E+02  0.2466658E+02  0.2405869E+02  0.1774120E+02  0.9171196E+01  0.3076989E+01  0.5254131E+00
 0.3200000E+02  0.1507830E+00  0.1062476E+01  0.3796819E+01  0.9016243E+01  0.1604190E+02  0.2287388E+02  0.2618969E+02  0.2558650E+02  0.1877994E+02  0.9656189E+01  0.3222404E+01  0.5475309E+00
 0.3220000E+02  0.1499107E+00  0.1063018E+01  0.3819211E+01  0.9130523E+01  0.1644857E+02  0.2390249E+02  0.2777486E+02  0.2718185E+02  0.1986421E+02  0.1016102E+02  0.3372887E+01  0.5702203E+00
 0.3240000E+02  0.1488052E+00  0.1061805E+01  0.3835104E+01  0.9230520E+01  0.1684178E+02  0.2494699E+02  0.2942120E+02  0.2884476E+02  0.2099437E+02  0.1068591E+02  0.3528458E+01  0.5934680E+00
 0.3260000E+02  0.1474765E+00  0.1058847E+01  0.3844351E+01  0.9315490E+01  0.1721990E+02  0.2600524E+02  0.3112744E+02  0.3057491E+02  0.2217062E+02  0.1123101E+02  0.3689129E+01  0.6172585E+00
 0.3280000E+02  0.1459366E+00  0.1054169E+01  0.3846847E+01  0.9384765E+01  0.1758137E+02  0.2707491E+02  0.3289186E+02  0.3237161E+02  0.2339294E+02  0.1179641E+02  0.3854894E+01  0.6415740E+00
 0.3300000E+02  0.1441992E+00  0.1047808E+01  0.3842529E+01  0.9437762E+01  0.1792470E+02  0.2815353E+02  0.3471230E+02  0.3423376E+02  0.2466110E+02  0.1238213E+02  0.4025737E+01  0.6663952E+00
 0.3320000E+02  0.1422794E+00  0.1039813E+01  0.3831378E+01  0.9473987E+01  0.1824845E+02  0.2923845E+02  0.3658609E+02  0.3615983E+02  0.2597464E+02  0.1298809E+02  0.4201623E+01  0.6917003E+00
 0.3340000E+02  0.1401941E+00  0.1030245E+01  0.3813421E+01  0.9493048E+01  0.1855132E+02  0.3032690E+02  0.3851011E+02  0.3814781E+02  0.2733282E+02  0.1361415E+02  0.4382503E+01  0.7174663E+00
 0.3360000E+02  0.1379613E+00  0.1019175E+01  0.3788732E+01  0.9494660E+01  0.1883211E+02  0.3141592E+02  0.4048070E+02  0.4019525E+02  0.2873466E+02  0.1426007E+02  0.4568311E+01  0.7436684E+00
 0.3380000E+02  0.1356001E+00  0.1006688E+01  0.3757430E+01  0.9478650E+01  0.1908973E+02  0.3250246E+02  0.4249369E+02  0.4229916E+02  0.3017886E+02  0.1492550E+02  0.4758965E+01  0.7702805E+00
 0.3400000E+02  0.1331306E+00  0.9928744E+00  0.3719680E+01  0.9444962E+01  0.1932324E+02  0.3358333E+02  0.4454440E+02  0.4445604E+02  0.3166383E+02  0.1560997E+02  0.4954363E+01  0.7972752E+00
 0.3420000E+02  0.1305733E+00  0.9778362E+00  0.3675693E+01  0.9393661E+01  0.1953186E+02  0.3465522E+02  0.4662760E+02  0.4666187E+02  0.3318765E+02  0.1631294E+02  0.5154384E+01  0.8246245E+00
 0.3440000E+02  0.1279491E+00  0.9616820E+00  0.3625721E+01  0.9324933E+01  0.1971495E+02  0.3571475E+02  0.4873755E+02  0.4891207E+02  0.3474807E+02  0.1703369E+02  0.5358886E+01  0.8522995E+00
 0.3460000E+02  0.1252792E+00  0.9445267E+00  0.3570057E+01  0.9239089E+01  0.1987203E+02  0.3675843E+02  0.5086803E+02  0.5120150E+02  0.3634248E+02  0.1777141E+02  0.5567706E+01  0.8802711E+00
 0.3480000E+02  0.1225843E+00  0.9264901E+00  0.3509032E+01  0.9136558E+01  0.2000281E+02  0.3778273E+02  0.5301229E+02  0.5352449E+02  0.3796791E+02  0.1852514E+02  0.5780660E+01  0.9085101E+00
 0.3500000E+02  0.1198848E+00  0.9076957E+00  0.3443011E+01  0.9017890E+01  0.2010715E+02  0.3878406E+02  0.5516314E+02  0.5587483E+02  0.3962106E+02  0.1929379E+02  0.5997536E+01  0.9369871E+00
 0.3520000E+02  0.1172002E+00  0.8882688E+00  0.3372390E+01  0.8883747E+01  0.2018506E+02  0.3975880E+02  0.5731295E+02  0.5824574E+02  0.4129822E+02  0.2007609E+02  0.6218099E+01  0.9656733E+00
 0.3540000E+02  0.1145490E+00  0.8683355E+00  0.3297589E+01  0.8734898E+01  0.2023674E+02  0.4070330E+02  0.5945370E+02  0.6062997E+02  0.4299533E+02  0.2087067E+02  0.6442087E+01  0.9945405E+00
 0.3560000E+02  0.1119484E+00  0.8480206E+00  0.3219052E+01  0.8572214E+01  0.2026253E+02  0.4161396E+02  0.6157701E+02  0.6301976E+02  0.4470797E+02  0.2167595E+02  0.6669206E+01  0.1023561E+01
 0.3580000E+02  0.1094139E+00  0.8274466E+00  0.3137239E+01  0.8396652E+01  0.2026291E+02  0.4248718E+02  0.6367420E+02  0.6540690E+02  0.4643136E+02  0.2249023E+02  0.6899135E+01  0.1052707E+01
 0.3600000E+02  0.1069593E+00  0.8067323E+00  0.3052619E+01  0.8209253E+01  0.2023847E+02  0.4331942E+02  0.6573636E+02  0.6778274E+02  0.4816036E+02  0.2331162E+02  0.7131517E+01  0.1081953E+01
 0.3620000E+02  0.1045964E+00  0.7859912E+00  0.2965671E+01  0.8011122E+01  0.2018997E+02  0.4410720E+02  0.6775438E+02  0.7013830E+02  0.4988952E+02  0.2413810E+02  0.7365963E+01  0.1111273E+01
 0.3640000E+02  0.1023348E+00  0.7653304E+00  0.2876874E+01  0.7803423E+01  0.2011820E+02  0.4484716E+02  0.6971907E+02  0.7246424E+02  0.5161306E+02  0.2496747E+02  0.7602045E+01  0.1140641E+01
 0.3660000E+02  0.1001819E+00  0.7448498E+00  0.2786701E+01  0.7587358E+01  0.2002408E+02  0.4553603E+02  0.7162115E+02  0.7475100E+02  0.5332494E+02  0.2579736E+02  0.7839300E+01  0.1170031E+01
 0.3680000E+02  0.9814296E-01  0.7246407E+00  0.2695619E+01  0.7364158E+01  0.1990857E+02  0.4617072E+02  0.7345144E+02  0.7698878E+02  0.5501883E+02  0.2662529E+02  0.8077221E+01  0.1199419E+01
 0.3700000E+02  0.9622076E-01  0.7047855E+00  0.2604081E+01  0.7135065E+01  0.1977267E+02  0.4674827E+02  0.7520081E+02  0.7916769E+02  0.5668820E+02  0.2744859E+02  0.8315264E+01  0.1228776E+01
 0.3720000E+02  0.9441600E-01  0.6853567E+00  0.2512522E+01  0.6901323E+01  0.1961743E+02  0.4726593E+02  0.7686039E+02  0.8127779E+02  0.5832635E+02  0.2826449E+02  0.8552840E+01  0.1258075E+01
 0.3740000E+02  0.9272726E-01  0.6664169E+00  0.2421355E+01  0.6664156E+01  0.1944387E+02  0.4772115E+02  0.7842154E+02  0.8330915E+02  0.5992641E+02  0.2907008E+02  0.8789319E+01  0.1287284E+01
 0.3760000E+02  0.9115122E-01  0.6480184E+00  0.2330968E+01  0.6424759E+01  0.1925303E+02  0.4811164E+02  0.7987600E+02  0.8525197E+02  0.6148144E+02  0.2986232E+02  0.9024025E+01  0.1316371E+01
 0.3780000E+02  0.8968283E-01  0.6302031E+00  0.2241723E+01  0.6184287E+01  0.1904590E+02  0.4843533E+02  0.8121595E+02  0.8709665E+02  0.6298445E+02  0.3063811E+02  0.9256243E+01  0.1345296E+01
 0.3800000E+02  0.8831557E-01  0.6130028E+00  0.2153949E+01  0.5943836E+01  0.1882346E+02  0.4869045E+02  0.8243408E+02  0.8883386E+02  0.6442847E+02  0.3139425E+02  0.9485213E+01  0.1374019E+01
 0.3820000E+02  0.8704168E-01  0.5964397E+00  0.2067947E+01  0.5704437E+01  0.1858662E+02  0.4887552E+02  0.8352367E+02  0.9045465E+02  0.6580657E+02  0.3212749E+02  0.9710138E+01  0.1402491E+01
 0.3840000E+02  0.8585248E-01  0.5805262E+00  0.1983980E+01  0.5467046E+01  0.1833625E+02  0.4898937E+02  0.8447865E+02  0.9195051E+02  0.6711199E+02  0.3283454E+02  0.9930183E+01  0.1430656E+01
 0.3860000E+02  0.8473858E-01  0.5652663E+00  0.1902280E+01  0.5232536E+01  0.1807315E+02  0.4903115E+02  0.8529367E+02  0.9331347E+02  0.6833811E+02  0.3351210E+02  0.1014448E+02  0.1458455E+01
 0.3880000E+02  0.8369017E-01  0.5506559E+00  0.1823045E+01  0.5001689E+01  0.1779807E+02  0.4900035E+02  0.8596415E+02  0.9453616E+02  0.6947858E+02  0.3415689E+02  0.1035212E+02  0.1485817E+01
 0.3900000E+02  0.8269725E-01  0.5366837E+00  0.1746439E+01  0.4775193E+01  0.1751171E+02  0.4889681E+02  0.8648632E+02  0.9561191E+02  0.7052735E+02  0.3476566E+02  0.1055220E+02  0.1512664E+01
 0.3920000E+02  0.8174987E-01  0.5233319E+00  0.1672593E+01  0.4553640E+01  0.1721471E+02  0.4872071E+02  0.8685726E+02  0.9653478E+02  0.7147872E+02  0.3533523E+02  0.1074376E+02  0.1538910E+01
 0.3940000E+02  0.8083827E-01  0.5105773E+00  0.1601606E+01  0.4337525E+01  0.1690765E+02  0.4847259E+02  0.8707494E+02  0.9729965E+02  0.7232740E+02  0.3586254E+02  0.1092587E+02  0.1564461E+01
 0.3960000E+02  0.7995309E-01  0.4983923E+00  0.1533549E+01  0.4127246E+01  0.1659108E+02  0.4815335E+02  0.8713822E+02  0.9790223E+02  0.7306859E+02  0.3634462E+02  0.1109755E+02  0.1589212E+01
 0.3980000E+02  0.7908550E-01  0.4867453E+00  0.1468464E+01  0.3923110E+01  0.1626554E+02  0.4776424E+02  0.8704688E+02  0.9833917E+02  0.7369797E+02  0.3677867E+02  0.1125785E+02  0.1613053E+01
 0.4000000E+02  0.7822728E-01  0.4756023E+00  0.1406366E+01  0.3725336E+01  0.1593151E+02  0.4730683E+02  0.8680158E+02  0.9860800E+02  0.7421180E+02  0.3716208E+02  0.1140585E+02  0.1635863E+01
 0.4020000E+02  0.7737090E-01  0.4649270E+00  0.1347248E+01  0.3534059E+01  0.1558949E+02  0.4678304E+02  0.8640390E+02  0.9870725E+02  0.7460693E+02  0.3749243E+02  0.1154062E+02  0.1657518E+01
 0.4040000E+02  0.7650962E-01  0.4546824E+00  0.1291081E+01  0.3349343E+01  0.1523996E+02  0.4619510E+02  0.8585628E+02  0.9863638E+02  0.7488085E+02  0.3776756E+02  0.1166128E+02  0.1677886E+01
 0.4060000E+02  0.7563748E-01  0.4448308E+00  0.1237817E+01  0.3171182E+01  0.1488343E+02  0.4554555E+02  0.8516200E+02  0.9839585E+02  0.7503168E+02  0.3798554E+02  0.1176698E+02  0.1696830E+01
 0.4080000E+02  0.7474932E-01  0.4353347E+00  0.1187393E+01  0.2999517E+01  0.1452040E+02  0.4483720E+02  0.8432515E+02  0.9798705E+02  0.7505823E+02  0.3814473E+02  0.1185694E+02  0.1714214E+01
 0.4100000E+02  0.7384081E-01  0.4261576E+00  0.1139730E+01  0.2834238E+01  0.1415141E+02  0.4407311E+02  0.8335057E+02  0.9741232E+02  0.7496000E+02  0.3824381E+02  0.1193041E+02  0.1729897E+01
 0.4120000E+02  0.7290842E-01  0.4172644E+00  0.1094739E+01  0.2675197E+01  0.1377702E+02  0.4325658E+02  0.8224382E+02  0.9667494E+02  0.7473717E+02  0.3828173E+02  0.1198673E+02  0.1743741E+01
 0.4140000E+02  0.7194938E-01  0.4086215E+00  0.1052318E+01  0.2522219E+01  0.1339782E+02  0.4239111E+02  0.8101108E+02  0.9577902E+02  0.7439063E+02  0.3825780E+02  0.1202532E+02  0.1755609E+01
 0.4160000E+02  0.7096167E-01  0.4001976E+00  0.1012361E+01  0.2375105E+01  0.1301444E+02  0.4148038E+02  0.7965913E+02  0.9472954E+02  0.7392192E+02  0.3817166E+02  0.1204568E+02  0.1765369E+01
 0.4180000E+02  0.6994400E-01  0.3919638E+00  0.9747535E+00  0.2233646E+01  0.1262753E+02  0.4052821E+02  0.7819525E+02  0.9353225E+02  0.7333327E+02  0.3802327E+02  0.1204739E+02  0.1772897E+01
 0.4200000E+02  0.6889570E-01  0.3838936E+00  0.9393785E+00  0.2097623E+01  0.1223780E+02  0.3953853E+02  0.7662717E+02  0.9219360E+02  0.7262756E+02  0.3781297E+02  0.1203014E+02  0.1778075E+01
 0.4220000E+02  0.6781672E-01  0.3759635E+00  0.9061154E+00  0.1966823E+01  0.1184595E+02  0.3851538E+02  0.7496298E+02  0.9072073E+02  0.7180825E+02  0.3754141E+02  0.1199372E+02  0.1780796E+01
 0.4240000E+02  0.6670758E-01  0.3681525E+00  0.8748427E+00  0.1841034E+01  0.1145275E+02  0.3746281E+02  0.7321106E+02  0.8912132E+02  0.7087941E+02  0.3720959E+02  0.1193802E+02  0.1780964E+01
 0.4260000E+02  0.6556927E-01  0.3604425E+00  0.8454390E+00  0.1720054E+01  0.1105895E+02  0.3638495E+02  0.7138001E+02  0.8740359E+02  0.6984563E+02  0.3681884E+02  0.1186306E+02  0.1778497E+01
 0.4280000E+02  0.6440325E-01  0.3528183E+00  0.8177843E+00  0.1603696E+01  0.1066533E+02  0.3528587E+02  0.6947859E+02  0.8557619E+02  0.6871202E+02  0.3637081E+02  0.1176894E+02  0.1773327E+01
 0.4300000E+02  0.6321133E-01  0.3452673E+00  0.7917605E+00  0.1491783E+01  0.1027270E+02  0.3416964E+02  0.6751562E+02  0.8364813E+02  0.6748410E+02  0.3586744E+02  0.1165589E+02  0.1765403E+01
 0.4320000E+02  0.6199567E-01  0.3377793E+00  0.7672530E+00  0.1384157E+01  0.9881840E+01  0.3304026E+02  0.6549991E+02  0.8162868E+02  0.6616782E+02  0.3531095E+02  0.1152423E+02  0.1754689E+01
 0.4340000E+02  0.6075868E-01  0.3303468E+00  0.7441508E+00  0.1280673E+01  0.9493547E+01  0.3190164E+02  0.6344023E+02  0.7952732E+02  0.6476944E+02  0.3470385E+02  0.1137442E+02  0.1741166E+01
 0.4360000E+02  0.5950300E-01  0.3229642E+00  0.7223474E+00  0.1181205E+01  0.9108599E+01  0.3075758E+02  0.6134523E+02  0.7735365E+02  0.6329554E+02  0.3404886E+02  0.1120699E+02  0.1724836E+01
 0.4380000E+02  0.5823143E-01  0.3156283E+00  0.7017412E+00  0.1085638E+01  0.8727761E+01  0.2961178E+02  0.5922337E+02  0.7511732E+02  0.6175290E+02  0.3334893E+02  0.1102259E+02  0.1705715E+01
 0.4400000E+02  0.5694687E-01  0.3083375E+00  0.6822359E+00  0.9938729E+00  0.8351770E+01  0.2846774E+02  0.5708289E+02  0.7282796E+02  0.6014849E+02  0.3260720E+02  0.1082193E+02  0.1683840E+01
 0.4420000E+02  0.5565231E-01  0.3010919E+00  0.6637408E+00  0.9058218E+00  0.7981337E+01  0.2732885E+02  0.5493173E+02  0.7049509E+02  0.5848938E+02  0.3182696E+02  0.1060584E+02  0.1659266E+01
 0.4440000E+02  0.5435074E-01  0.2938929E+00  0.6461706E+00  0.8214081E+00  0.7617138E+01  0.2619828E+02  0.5277754E+02  0.6812808E+02  0.5678272E+02  0.3101163E+02  0.1037521E+02  0.1632062E+01
 0.4460000E+02  0.5304517E-01  0.2867431E+00  0.6294459E+00  0.7405636E+00  0.7259809E+01  0.2507903E+02  0.5062758E+02  0.6573611E+02  0.5503565E+02  0.3016477E+02  0.1013101E+02  0.1602317E+01
 0.4480000E+02  0.5173854E-01  0.2796462E+00  0.6134929E+00  0.6632281E+00  0.6909943E+01  0.2397389E+02  0.4848876E+02  0.6332805E+02  0.5325528E+02  0.2928996E+02  0.9874254E+01  0.1570135E+01
 0.4500000E+02  0.5043372E-01  0.2726066E+00  0.5982433E+00  0.5893471E+00  0.6568089E+01  0.2288546E+02  0.4636754E+02  0.6091248E+02  0.5144860E+02  0.2839086E+02  0.9606029E+01  0.1535635E+01
 0.4520000E+02  0.4913350E-01  0.2656291E+00  0.5836343E+00  0.5188708E+00  0.6234743E+01  0.2181612E+02  0.4426997E+02  0.5849761E+02  0.4962250E+02  0.2747115E+02  0.9327449E+01  0.1498948E+01
 0.4540000E+02  0.4784051E-01  0.2587192E+00  0.5696081E+00  0.4517539E+00  0.5910354E+01  0.2076802E+02  0.4220165E+02  0.5609124E+02  0.4778366E+02  0.2653448E+02  0.9039665E+01  0.1460219E+01
 0.4560000E+02  0.4655728E-01  0.2518824E+00  0.5561119E+00  0.3879544E+00  0.5595317E+01  0.1974312E+02  0.4016770E+02  0.5370075E+02  0.4593856E+02  0.2558447E+02  0.8743852E+01  0.1419603E+01
 0.4580000E+02  0.4528616E-01  0.2451245E+00  0.5430977E+00  0.3274360E+00  0.5289973E+01  0.1874315E+02  0.3817281E+02  0.5133307E+02  0.4409340E+02  0.2462470E+02  0.8441197E+01  0.1377266E+01
 0.4600000E+02  0.4402934E-01  0.2384511E+00  0.5305215E+00  0.2701706E+00  0.4994612E+01  0.1776963E+02  0.3622117E+02  0.4899464E+02  0.4225413E+02  0.2365863E+02  0.8132892E+01  0.1333379E+01
 0.4620000E+02  0.4278884E-01  0.2318677E+00  0.5183438E+00  0.2161489E+00  0.4709470E+01  0.1682388E+02  0.3431654E+02  0.4669141E+02  0.4042635E+02  0.2268965E+02  0.7820123E+01  0.1288121E+01
 0.4640000E+02  0.4156650E-01  0.2253797E+00  0.5065287E+00  0.1654060E+00  0.4434732E+01  0.1590701E+02  0.3246219E+02  0.4442883E+02  0.3861538E+02  0.2172102E+02  0.7504063E+01  0.1241676E+01
 0.4660000E+02  0.4036399E-01  0.2189920E+00  0.4950438E+00  0.1181053E+00  0.4170531E+01  0.1501994E+02  0.3066098E+02  0.4221185E+02  0.3682614E+02  0.2075583E+02  0.7185865E+01  0.1194229E+01
 0.4680000E+02  0.3918279E-01  0.2127093E+00  0.4838600E+00  0.7488463E-01  0.3916955E+01  0.1416339E+02  0.2891530E+02  0.4004491E+02  0.3506321E+02  0.1979706E+02  0.6866649E+01  0.1145969E+01
 0.4700000E+02  0.3802420E-01  0.2065359E+00  0.4729514E+00  0.3911076E-01  0.3674041E+01  0.1333793E+02  0.2722715E+02  0.3793193E+02  0.3333081E+02  0.1884749E+02  0.6547503E+01  0.1097083E+01
 0.4720000E+02  0.3688938E-01  0.2004756E+00  0.4622946E+00  0.3134097E-01  0.3441786E+01  0.1254393E+02  0.2559812E+02  0.3587636E+02  0.3163276E+02  0.1790972E+02  0.6229468E+01  0.1047756E+01
 0.4740000E+02  0.3577928E-01  0.1945317E+00  0.4518688E+00  0.5748214E-01  0.3220142E+01  0.1178161E+02  0.2402942E+02  0.3388116E+02  0.2997250E+02  0.1698619E+02  0.5913541E+01  0.9981738E+00
 0.4760000E+02  0.3469473E-01  0.1887070E+00  0.4416559E+00  0.8889651E-01  0.3009024E+01  0.1105106E+02  0.2252189E+02  0.3194882E+02  0.2835311E+02  0.1607912E+02  0.5600665E+01  0.9485142E+00
 0.4780000E+02  0.3363639E-01  0.1830041E+00  0.4316395E+00  0.1193736E+00  0.2808311E+01  0.1035220E+02  0.2107605E+02  0.3008137E+02  0.2677728E+02  0.1519056E+02  0.5291725E+01  0.8989519E+00
 0.4800000E+02  0.3260477E-01  0.1774249E+00  0.4218055E+00  0.1479240E+00  0.2617848E+01  0.9684842E+01  0.1969208E+02  0.2828042E+02  0.2524734E+02  0.1432232E+02  0.4987547E+01  0.8496554E+00
 0.4820000E+02  0.3160027E-01  0.1719709E+00  0.4121417E+00  0.1743296E+00  0.2437453E+01  0.9048688E+01  0.1836991E+02  0.2654717E+02  0.2376525E+02  0.1347606E+02  0.4688894E+01  0.8007858E+00
 0.4840000E+02  0.3062315E-01  0.1666432E+00  0.4026374E+00  0.1985624E+00  0.2266912E+01  0.8443320E+01  0.1710915E+02  0.2488243E+02  0.2233264E+02  0.1265320E+02  0.4396467E+01  0.7524972E+00
 0.4860000E+02  0.2967356E-01  0.1614425E+00  0.3932835E+00  0.2206599E+00  0.2105993E+01  0.7868234E+01  0.1590921E+02  0.2328665E+02  0.2095079E+02  0.1185499E+02  0.4110896E+01  0.7049354E+00
 0.4880000E+02  0.2875155E-01  0.1563691E+00  0.3840725E+00  0.2406873E+00  0.1954439E+01  0.7322841E+01  0.1476926E+02  0.2175994E+02  0.1962068E+02  0.1108248E+02  0.3832752E+01  0.6582378E+00
 0.4900000E+02  0.2785708E-01  0.1514230E+00  0.3749979E+00  0.2587232E+00  0.1811977E+01  0.6806477E+01  0.1368826E+02  0.2030212E+02  0.1834298E+02  0.1033654E+02  0.3562535E+01  0.6125336E+00
 0.4920000E+02  0.2699000E-01  0.1466039E+00  0.3660548E+00  0.2748536E+00  0.1678318E+01  0.6318418E+01  0.1266504E+02  0.1891269E+02  0.1711809E+02  0.9617870E+01  0.3300683E+01  0.5679435E+00
 0.4940000E+02  0.2615011E-01  0.1419110E+00  0.3572389E+00  0.2891684E+00  0.1553160E+01  0.5857886E+01  0.1169823E+02  0.1759093E+02  0.1594614E+02  0.8926977E+01  0.3047571E+01  0.5245803E+00
 0.4960000E+02  0.2533714E-01  0.1373435E+00  0.3485473E+00  0.3017594E+00  0.1436193E+01  0.5424058E+01  0.1078636E+02  0.1633587E+02  0.1482700E+02  0.8264226E+01  0.2803509E+01  0.4825494E+00
 0.4980000E+02  0.2455075E-01  0.1329003E+00  0.3399777E+00  0.3127197E+00  0.1327098E+01  0.5016076E+01  0.9927835E+01  0.1514634E+02  0.1376035E+02  0.7629824E+01  0.2568754E+01  0.4419502E+00
 0.5000000E+02  0.2379054E-01  0.1285800E+00  0.3315286E+00  0.3221421E+00  0.1225550E+01  0.4633057E+01  0.9120981E+01  0.1402099E+02  0.1274564E+02  0.7023837E+01  0.2343502E+01  0.4028773E+00
 0.5020000E+02  0.2305609E-01  0.1243810E+00  0.3231993E+00  0.3301190E+00  0.1131222E+01  0.4274097E+01  0.8364046E+01  0.1295830E+02  0.1178215E+02  0.6446199E+01  0.2127899E+01  0.3654227E+00
 0.5040000E+02  0.2234693E-01  0.1203019E+00  0.3149897E+00  0.3367416E+00  0.1043783E+01  0.3938280E+01  0.7655226E+01  0.1195665E+02  0.1086898E+02  0.5896723E+01  0.1922043E+01  0.3296793E+00
 0.5060000E+02  0.2166255E-01  0.1163406E+00  0.3069000E+00  0.3420995E+00  0.9629045E+00  0.3624686E+01  0.6992676E+01  0.1101429E+02  0.1000512E+02  0.5375110E+01  0.1725989E+01  0.2957448E+00
 0.5080000E+02  0.2100242E-01  0.1124954E+00  0.2989310E+00  0.3462805E+00  0.8882574E+00  0.3332395E+01  0.6374533E+01  0.1012938E+02  0.9189389E+01  0.4880961E+01  0.1539753E+01  0.2637283E+00
 0.5100000E+02  0.2036598E-01  0.1087642E+00  0.2910837E+00  0.3493700E+00  0.8195163E+00  0.3060495E+01  0.5798922E+01  0.9300026E+01  0.8420531E+01  0.4413789E+01  0.1363322E+01  0.2337587E+00
 0.5120000E+02  0.1975268E-01  0.1051449E+00  0.2833595E+00  0.3514511E+00  0.7563589E+00  0.2808084E+01  0.5263975E+01  0.8524283E+01  0.7697185E+01  0.3973025E+01  0.1196662E+01  0.2059974E+00
 0.5140000E+02  0.1916191E-01  0.1016354E+00  0.2757601E+00  0.3526040E+00  0.6984673E+00  0.2574277E+01  0.4767843E+01  0.7800176E+01  0.7017923E+01  0.3558034E+01  0.1039731E+01  0.1806545E+00
 0.5160000E+02  0.1859310E-01  0.9823357E-01  0.2682870E+00  0.3529062E+00  0.6455293E+00  0.2358209E+01  0.4308702E+01  0.7125721E+01  0.6381256E+01  0.3168118E+01  0.8925003E+00  0.1580092E+00
 0.5180000E+02  0.1804564E-01  0.9493714E-01  0.2609421E+00  0.3524321E+00  0.5972379E+00  0.2159037E+01  0.3884773E+01  0.6498939E+01  0.5785657E+01  0.2802534E+01  0.7549865E+00  0.1384283E+00
 0.5200000E+02  0.1751892E-01  0.9174390E-01  0.2537272E+00  0.3512527E+00  0.5532931E+00  0.1975944E+01  0.3494326E+01  0.5917872E+01  0.5229569E+01  0.2460494E+01  0.6273134E+00  0.1223664E+00
 0.5220000E+02  0.1701235E-01  0.8865160E-01  0.2466443E+00  0.3494361E+00  0.5134013E+00  0.1808141E+01  0.3135692E+01  0.5380597E+01  0.4711427E+01  0.2141183E+01  0.5098304E+00  0.1103113E+00
 0.5240000E+02  0.1652531E-01  0.8565799E-01  0.2396949E+00  0.3470469E+00  0.4772766E+00  0.1654862E+01  0.2807273E+01  0.4885238E+01  0.4229665E+01  0.1843766E+01  0.4033697E+00  0.1026339E+00
 0.5260000E+02  0.1605721E-01  0.8276082E-01  0.2328809E+00  0.3441464E+00  0.4446409E+00  0.1515372E+01  0.2507550E+01  0.4429980E+01  0.3782735E+01  0.1567399E+01  0.3098390E+00  0.9936541E-01
 0.5280000E+02  0.1560744E-01  0.7995784E-01  0.2262039E+00  0.3407925E+00  0.4152248E+00  0.1388959E+01  0.2235095E+01  0.4013071E+01  0.3369123E+01  0.1311242E+01  0.2335993E+00  0.1000533E+00
 0.5300000E+02  0.1517542E-01  0.7724682E-01  0.2196651E+00  0.3370396E+00  0.3887680E+00  0.1274930E+01  0.1988578E+01  0.3632840E+01  0.2987363E+01  0.1074484E+01  0.1837612E+00  0.1038560E+00
 0.5320000E+02  0.1476055E-01  0.7462556E-01  0.2132661E+00  0.3329391E+00  0.3650205E+00  0.1172609E+01  0.1766772E+01  0.3287687E+01  0.2636054E+01  0.8563797E+00  0.1717925E+00  0.1098090E+00
 0.5340000E+02  0.1436226E-01  0.7209185E-01  0.2070077E+00  0.3285388E+00  0.3437434E+00  0.1081329E+01  0.1568559E+01  0.2976091E+01  0.2313889E+01  0.6563375E+00  0.1955409E+00  0.1170539E+00
 0.5360000E+02  0.1397998E-01  0.6964351E-01  0.2008909E+00  0.3238834E+00  0.3247099E+00  0.1000424E+01  0.1392926E+01  0.2696595E+01  0.2019678E+01  0.4741626E+00  0.2384405E+00  0.1249313E+00
 0.5380000E+02  0.1361314E-01  0.6727840E-01  0.1949164E+00  0.3190144E+00  0.3077062E+00  0.9292219E+00  0.1238951E+01  0.2447789E+01  0.1752392E+01  0.3109445E+00  0.2876129E+00  0.1329761E+00
 0.5400000E+02  0.1326118E-01  0.6499438E-01  0.1890847E+00  0.3139702E+00  0.2925324E+00  0.8670353E+00  0.1105775E+01  0.2228278E+01  0.1511213E+01  0.1737879E+00  0.3370377E+00  0.1408751E+00
 0.5420000E+02  0.1292357E-01  0.6278934E-01  0.1833960E+00  0.3087862E+00  0.2790035E+00  0.8131583E+00  0.9925388E+00  0.2036642E+01  0.1295610E+01  0.1079475E+00  0.3841759E+00  0.1484248E+00
 0.5440000E+02  0.1259976E-01  0.6066122E-01  0.1778502E+00  0.3034949E+00  0.2669493E+00  0.7668644E+00  0.8983064E+00  0.1871378E+01  0.1105433E+01  0.1716490E+00  0.4279629E+00  0.1554966E+00
 0.5460000E+02  0.1228924E-01  0.5860795E-01  0.1724473E+00  0.2981260E+00  0.2562151E+00  0.7274095E+00  0.8219546E+00  0.1730845E+01  0.9410281E+00  0.2719527E+00  0.4679806E+00  0.1620135E+00
 0.5480000E+02  0.1199148E-01  0.5662751E-01  0.1671867E+00  0.2927066E+00  0.2466614E+00  0.6940407E+00  0.7620729E+00  0.1613211E+01  0.8033205E+00  0.3703056E+00  0.5041157E+00  0.1679331E+00
 0.5500000E+02  0.1170598E-01  0.5471791E-01  0.1620679E+00  0.2872613E+00  0.2381635E+00  0.6660091E+00  0.7169051E+00  0.1516424E+01  0.6937372E+00  0.4608766E+00  0.5364086E+00  0.1732375E+00
 0.5520000E+02  0.1143224E-01  0.5287717E-01  0.1570900E+00  0.2818119E+00  0.2306104E+00  0.6425852E+00  0.6843749E+00  0.1438221E+01  0.6137086E+00  0.5426762E+00  0.5649809E+00  0.1779246E+00
 0.5540000E+02  0.1116979E-01  0.5110334E-01  0.1522520E+00  0.2763783E+00  0.2239046E+00  0.6230751E+00  0.6622054E+00  0.1376176E+01  0.5635337E+00  0.6157703E+00  0.5899976E+00  0.1820043E+00
 0.5560000E+02  0.1091815E-01  0.4939451E-01  0.1475527E+00  0.2709781E+00  0.2179600E+00  0.6068346E+00  0.6480960E+00  0.1327792E+01  0.5410064E+00  0.6805379E+00  0.6116464E+00  0.1854940E+00
 0.5580000E+02  0.1067686E-01  0.4774878E-01  0.1429906E+00  0.2656267E+00  0.2127016E+00  0.5932806E+00  0.6398994E+00  0.1290610E+01  0.5410400E+00  0.7374635E+00  0.6301261E+00  0.1884165E+00
 0.5600000E+02  0.1044546E-01  0.4616430E-01  0.1385642E+00  0.2603376E+00  0.2080633E+00  0.5818968E+00  0.6357480E+00  0.1262312E+01  0.5569615E+00  0.7870635E+00  0.6456391E+00  0.1907982E+00
 0.5620000E+02  0.1022352E-01  0.4463921E-01  0.1342717E+00  0.2551227E+00  0.2039875E+00  0.5722367E+00  0.6341132E+00  0.1240807E+01  0.5823863E+00  0.8298561E+00  0.6583871E+00  0.1926676E+00
 0.5640000E+02  0.1001061E-01  0.4317171E-01  0.1301113E+00  0.2499919E+00  0.2004231E+00  0.5639217E+00  0.6338064E+00  0.1224280E+01  0.6123217E+00  0.8663474E+00  0.6685679E+00  0.1940549E+00
 0.5660000E+02  0.9806319E-02  0.4176001E-01  0.1260810E+00  0.2449538E+00  0.1973248E+00  0.5566370E+00  0.6339445E+00  0.1211211E+01  0.6433246E+00  0.8970249E+00  0.6763735E+00  0.1949905E+00
 0.5680000E+02  0.9610237E-02  0.4040234E-01  0.1221786E+00  0.2400154E+00  0.1946522E+00  0.5501258E+00  0.6338996E+00  0.1200367E+01  0.6732044E+00  0.9223540E+00  0.6819893E+00  0.1955050E+00
 0.5700000E+02  0.9421974E-02  0.3909696E-01  0.1184019E+00  0.2351824E+00  0.1923686E+00  0.5441821E+00  0.6332470E+00  0.1190775E+01  0.7006521E+00  0.9427765E+00  0.6855926E+00  0.1956289E+00
 0.5720000E+02  0.9241151E-02  0.3784217E-01  0.1147485E+00  0.2304594E+00  0.1904404E+00  0.5386437E+00  0.6317179E+00  0.1181692E+01  0.7249427E+00  0.9587097E+00  0.6873528E+00  0.1953918E+00
 0.5740000E+02  0.9067402E-02  0.3663628E-01  0.1112161E+00  0.2258497E+00  0.1888369E+00  0.5333856E+00  0.6291604E+00  0.1172567E+01  0.7457266E+00  0.9705470E+00  0.6874307E+00  0.1948226E+00
 0.5760000E+02  0.8900373E-02  0.3547763E-01  0.1078020E+00  0.2213557E+00  0.1875291E+00  0.5283134E+00  0.6255079E+00  0.1163003E+01  0.7628932E+00  0.9786577E+00  0.6859784E+00  0.1939493E+00
 0.5780000E+02  0.8739722E-02  0.3436457E-01  0.1045038E+00  0.2169790E+00  0.1864901E+00  0.5233575E+00  0.6207554E+00  0.1152730E+01  0.7764816E+00  0.9833876E+00  0.6831396E+00  0.1927986E+00
 0.5800000E+02  0.8585121E-02  0.3329551E-01  0.1013189E+00  0.2127203E+00  0.1856945E+00  0.5184690E+00  0.6149406E+00  0.1141575E+01  0.7866237E+00  0.9850603E+00  0.6790495E+00  0.1913963E+00
 0.5820000E+02  0.8436256E-02  0.3226886E-01  0.9824449E-01  0.2085796E+00  0.1851181E+00  0.5136147E+00  0.6081303E+00  0.1129444E+01  0.7935069E+00  0.9839772E+00  0.6738348E+00  0.1897666E+00
 0.5840000E+02  0.8292824E-02  0.3128307E-01  0.9527796E-01  0.2045562E+00  0.1847382E+00  0.5087744E+00  0.6004102E+00  0.1116297E+01  0.7973498E+00  0.9804189E+00  0.6676143E+00  0.1879328E+00
 0.5860000E+02  0.8154538E-02  0.3033660E-01  0.9241657E-01  0.2006489E+00  0.1845332E+00  0.5039372E+00  0.5918775E+00  0.1102139E+01  0.7983862E+00  0.9746463E+00  0.6604989E+00  0.1859167E+00
 0.5880000E+02  0.8021122E-02  0.2942796E-01  0.8965757E-01  0.1968562E+00  0.1844827E+00  0.4990999E+00  0.5826351E+00  0.1087004E+01  0.7968546E+00  0.9669007E+00  0.6525917E+00  0.1837389E+00
 0.5900000E+02  0.7892315E-02  0.2855567E-01  0.8699820E-01  0.1931761E+00  0.1845676E+00  0.4942648E+00  0.5727875E+00  0.1070951E+01  0.7929910E+00  0.9574060E+00  0.6439888E+00  0.1814187E+00
 0.5920000E+02  0.7767868E-02  0.2771829E-01  0.8443572E-01  0.1896061E+00  0.1847698E+00  0.4894379E+00  0.5624382E+00  0.1054052E+01  0.7870247E+00  0.9463683E+00  0.6347792E+00  0.1789743E+00
 0.5940000E+02  0.7647547E-02  0.2691442E-01  0.8196735E-01  0.1861438E+00  0.1850725E+00  0.4846282E+00  0.5516878E+00  0.1036389E+01  0.7791753E+00  0.9339781E+00  0.6250454E+00  0.1764226E+00
 0.5960000E+02  0.7531130E-02  0.2614266E-01  0.7959038E-01  0.1827862E+00  0.1854601E+00  0.4798463E+00  0.5406321E+00  0.1018049E+01  0.7696507E+00  0.9204103E+00  0.6148632E+00  0.1737792E+00
 0.5980000E+02  0.7418408E-02  0.2540167E-01  0.7730205E-01  0.1795305E+00  0.1859181E+00  0.4751038E+00  0.5293615E+00  0.9991204E+00  0.7586464E+00  0.9058256E+00  0.6043029E+00  0.1710588E+00
 0.6000000E+02  0.7309185E-02  0.2469013E-01  0.7509968E-01  0.1763734E+00  0.1864332E+00  0.4704129E+00  0.5179606E+00  0.9796922E+00  0.7463450E+00  0.8903711E+00  0.5934288E+00  0.1682750E+00
 0.6020000E+02  0.7203279E-02  0.2400676E-01  0.7298057E-01  0.1733120E+00  0.1869932E+00  0.4657855E+00  0.5065074E+00  0.9598510E+00  0.7329158E+00  0.8741813E+00  0.5822999E+00  0.1654403E+00
 0.6040000E+02  0.7100519E-02  0.2335031E-01  0.7094208E-01  0.1703429E+00  0.1875871E+00  0.4612333E+00  0.4950738E+00  0.9396797E+00  0.7185156E+00  0.8573791E+00  0.5709701E+00  0.1625661E+00
 0.6060000E+02  0.7000747E-02  0.2271956E-01  0.6898158E-01  0.1674630E+00  0.1882049E+00  0.4567673E+00  0.4837248E+00  0.9192574E+00  0.7032885E+00  0.8400762E+00  0.5594889E+00  0.1596631E+00
 0.6080000E+02  0.6903818E-02  0.2211333E-01  0.6709650E-01  0.1646690E+00  0.1888376E+00  0.4523980E+00  0.4725195E+00  0.8986579E+00  0.6873668E+00  0.8223739E+00  0.5479008E+00  0.1567409E+00
 0.6100000E+02  0.6809598E-02  0.2153047E-01  0.6528429E-01  0.1619580E+00  0.1894773E+00  0.4481346E+00  0.4615107E+00  0.8779504E+00  0.6708713E+00  0.8043643E+00  0.5362467E+00  0.1538083E+00
 0.6120000E+02  0.6717963E-02  0.2096989E-01  0.6354245E-01  0.1593267E+00  0.1901168E+00  0.4439857E+00  0.4507451E+00  0.8571984E+00  0.6539120E+00  0.7861304E+00  0.5245633E+00  0.1508735E+00
 0.6140000E+02  0.6628802E-02  0.2043051E-01  0.6186852E-01  0.1567722E+00  0.1907499E+00  0.4399585E+00  0.4402638E+00  0.8364603E+00  0.6365888E+00  0.7677471E+00  0.5128837E+00  0.1479436E+00
 0.6160000E+02  0.6542014E-02  0.1991130E-01  0.6026008E-01  0.1542917E+00  0.1913713E+00  0.4360597E+00  0.4301026E+00  0.8157890E+00  0.6189921E+00  0.7492814E+00  0.5012377E+00  0.1450254E+00
 0.6180000E+02  0.6457509E-02  0.1941127E-01  0.5871477E-01  0.1518823E+00  0.1919763E+00  0.4322946E+00  0.4202917E+00  0.7952327E+00  0.6012033E+00  0.7307938E+00  0.4896520E+00  0.1421247E+00
 0.6200000E+02  0.6375205E-02  0.1892945E-01  0.5723027E-01  0.1495414E+00  0.1925609E+00  0.4286677E+00  0.4108569E+00  0.7748345E+00  0.5832958E+00  0.7123378E+00  0.4781504E+00  0.1392469E+00
 0.6220000E+02  0.6295031E-02  0.1846495E-01  0.5580432E-01  0.1472663E+00  0.1931217E+00  0.4251827E+00  0.4018189E+00  0.7546328E+00  0.5653351E+00  0.6939613E+00  0.4667539E+00  0.1363966E+00
 0.6240000E+02  0.6216925E-02  0.1801687E-01  0.5443468E-01  0.1450548E+00  0.1936561E+00  0.4218421E+00  0.3931943E+00  0.7346619E+00  0.5473798E+00  0.6757066E+00  0.4554811E+00  0.1335782E+00
 0.6260000E+02  0.6140833E-02  0.1758438E-01  0.5311919E-01  0.1429044E+00  0.1941617E+00  0.4186479E+00  0.3849955E+00  0.7149519E+00  0.5294820E+00  0.6576108E+00  0.4443485E+00  0.1307954E+00
 0.6280000E+02  0.6066709E-02  0.1716669E-01  0.5185573E-01  0.1408130E+00  0.1946367E+00  0.4156011E+00  0.3772310E+00  0.6955290E+00  0.5116877E+00  0.6397068E+00  0.4333702E+00  0.1280513E+00
 0.6300000E+02  0.5994514E-02  0.1676302E-01  0.5064222E-01  0.1387785E+00  0.1950800E+00  0.4127023E+00  0.3699057E+00  0.6764162E+00  0.4940375E+00  0.6220228E+00  0.4225586E+00  0.1253488E+00
 0.6320000E+02  0.5924216E-02  0.1637265E-01  0.4947666E-01  0.1367990E+00  0.1954903E+00  0.4099511E+00  0.3630212E+00  0.6576329E+00  0.4765671E+00  0.6045837E+00  0.4119242E+00  0.1226905E+00
 0.6340000E+02  0.5855791E-02  0.1599491E-01  0.4835705E-01  0.1348726E+00  0.1958673E+00  0.4073467E+00  0.3565760E+00  0.6391961E+00  0.4593074E+00  0.5874104E+00  0.4014760E+00  0.1200782E+00
 0.6360000E+02  0.5789219E-02  0.1562913E-01  0.4728149E-01  0.1329976E+00  0.1962104E+00  0.4048878E+00  0.3505658E+00  0.6211196E+00  0.4422853E+00  0.5705209E+00  0.3912215E+00  0.1175139E+00
 0.6380000E+02  0.5724485E-02  0.1527470E-01  0.4624811E-01  0.1311725E+00  0.1965198E+00  0.4025725E+00  0.3449838E+00  0.6034153E+00  0.4255240E+00  0.5539304E+00  0.3811667E+00  0.1149989E+00
 0.6400000E+02  0.5661580E-02  0.1493105E-01  0.4525508E-01  0.1293956E+00  0.1967955E+00  0.4003985E+00  0.3398208E+00  0.5860925E+00  0.4090429E+00  0.5376513E+00  0.3713166E+00  0.1125344E+00
 0.6420000E+02  0.5600499E-02  0.1459764E-01  0.4430064E-01  0.1276656E+00  0.1970379E+00  0.3983632E+00  0.3350658E+00  0.5691590E+00  0.3928588E+00  0.5216937E+00  0.3616750E+00  0.1101213E+00
 0.6440000E+02  0.5541239E-02  0.1427394E-01  0.4338305E-01  0.1259811E+00  0.1972477E+00  0.3964636E+00  0.3307059E+00  0.5526205E+00  0.3769855E+00  0.5060657E+00  0.3522448E+00  0.1077602E+00
 0.6460000E+02  0.5483801E-02  0.1395949E-01  0.4250065E-01  0.1243410E+00  0.1974255E+00  0.3946964E+00  0.3267267E+00  0.5364815E+00  0.3614342E+00  0.4907733E+00  0.3430278E+00  0.1054517E+00
 0.6480000E+02  0.5428189E-02  0.1365383E-01  0.4165181E-01  0.1227439E+00  0.1975721E+00  0.3930581E+00  0.3231128E+00  0.5207451E+00  0.3462140E+00  0.4758211E+00  0.3340252E+00  0.1031960E+00
 0.6500000E+02  0.5374407E-02  0.1335655E-01  0.4083495E-01  0.1211889E+00  0.1976886E+00  0.3915449E+00  0.3198476E+00  0.5054130E+00  0.3313320E+00  0.4612120E+00  0.3252373E+00  0.1009932E+00
 0.6520000E+02  0.5322460E-02  0.1306726E-01  0.4004854E-01  0.1196749E+00  0.1977759E+00  0.3901530E+00  0.3169139E+00  0.4904863E+00  0.3167936E+00  0.4469475E+00  0.3166639E+00  0.9884328E-01
 0.6540000E+02  0.5272357E-02  0.1278561E-01  0.3929109E-01  0.1182008E+00  0.1978352E+00  0.3888782E+00  0.3142941E+00  0.4759650E+00  0.3026024E+00  0.4330280E+00  0.3083041E+00  0.9674600E-01
 0.6560000E+02  0.5224102E-02  0.1251126E-01  0.3856116E-01  0.1167658E+00  0.1978678E+00  0.3877164E+00  0.3119700E+00  0.4618484E+00  0.2887609E+00  0.4194529E+00  0.3001567E+00  0.9470106E-01
 0.6580000E+02  0.5177702E-02  0.1224390E-01  0.3785736E-01  0.1153690E+00  0.1978748E+00  0.3866633E+00  0.3099237E+00  0.4481354E+00  0.2752703E+00  0.4062205E+00  0.2922197E+00  0.9270801E-01
 0.6600000E+02  0.5133161E-02  0.1198326E-01  0.3717834E-01  0.1140094E+00  0.1978575E+00  0.3857145E+00  0.3081371E+00  0.4348242E+00  0.2621307E+00  0.3933286E+00  0.2844910E+00  0.9076634E-01
 0.6620000E+02  0.5090483E-02  0.1172906E-01  0.3652280E-01  0.1126863E+00  0.1978172E+00  0.3848657E+00  0.3065925E+00  0.4219126E+00  0.2493414E+00  0.3807740E+00  0.2769681E+00  0.8887543E-01
 0.6640000E+02  0.5049669E-02  0.1148109E-01  0.3588948E-01  0.1113990E+00  0.1977554E+00  0.3841125E+00  0.3052724E+00  0.4093983E+00  0.2369009E+00  0.3685531E+00  0.2696480E+00  0.8703457E-01
 0.6660000E+02  0.5010716E-02  0.1123911E-01  0.3527716E-01  0.1101465E+00  0.1976733E+00  0.3834503E+00  0.3041600E+00  0.3972786E+00  0.2248071E+00  0.3566617E+00  0.2625278E+00  0.8524302E-01
 0.6680000E+02  0.4973621E-02  0.1100294E-01  0.3468468E-01  0.1089282E+00  0.1975722E+00  0.3828750E+00  0.3032387E+00  0.3855506E+00  0.2130574E+00  0.3450952E+00  0.2556040E+00  0.8349994E-01
 0.6700000E+02  0.4938376E-02  0.1077239E-01  0.3411090E-01  0.1077433E+00  0.1974537E+00  0.3823819E+00  0.3024929E+00  0.3742115E+00  0.2016488E+00  0.3338486E+00  0.2488732E+00  0.8180448E-01
 0.6720000E+02  0.4904969E-02  0.1054730E-01  0.3355474E-01  0.1065910E+00  0.1973191E+00  0.3819668E+00  0.3019075E+00  0.3632582E+00  0.1905780E+00  0.3229167E+00  0.2423316E+00  0.8015571E-01
 0.6740000E+02  0.4873386E-02  0.1032754E-01  0.3301516E-01  0.1054707E+00  0.1971696E+00  0.3816255E+00  0.3014682E+00  0.3526877E+00  0.1798417E+00  0.3122939E+00  0.2359755E+00  0.7855270E-01
 0.6760000E+02  0.4843608E-02  0.1011295E-01  0.3249116E-01  0.1043817E+00  0.1970068E+00  0.3813536E+00  0.3011612E+00  0.3424970E+00  0.1694361E+00  0.3019747E+00  0.2298009E+00  0.7699446E-01
 0.6780000E+02  0.4815610E-02  0.9903445E-02  0.3198177E-01  0.1033231E+00  0.1968319E+00  0.3811469E+00  0.3009739E+00  0.3326831E+00  0.1593579E+00  0.2919530E+00  0.2238039E+00  0.7548000E-01
 0.6800000E+02  0.4789366E-02  0.9698901E-02  0.3148609E-01  0.1022943E+00  0.1966463E+00  0.3810014E+00  0.3008940E+00  0.3232429E+00  0.1496036E+00  0.2822231E+00  0.2179804E+00  0.7400829E-01
 0.6820000E+02  0.4764845E-02  0.9499232E-02  0.3100323E-01  0.1012944E+00  0.1964514E+00  0.3809131E+00  0.3009103E+00  0.3141737E+00  0.1401701E+00  0.2727790E+00  0.2123263E+00  0.7257831E-01
 0.6840000E+02  0.4742009E-02  0.9304355E-02  0.3053236E-01  0.1003229E+00  0.1962484E+00  0.3808780E+00  0.3010121E+00  0.3054723E+00  0.1310547E+00  0.2636145E+00  0.2068375E+00  0.7118900E-01
 0.6860000E+02  0.4720820E-02  0.9114198E-02  0.3007269E-01  0.9937892E-01  0.1960388E+00  0.3808923E+00  0.3011894E+00  0.2971360E+00  0.1222552E+00  0.2547238E+00  0.2015098E+00  0.6983933E-01
 0.6880000E+02  0.4701233E-02  0.8928697E-02  0.2962346E-01  0.9846167E-01  0.1958238E+00  0.3809521E+00  0.3014330E+00  0.2891619E+00  0.1137701E+00  0.2461009E+00  0.1963390E+00  0.6852823E-01
 0.6900000E+02  0.4683201E-02  0.8747794E-02  0.2918394E-01  0.9757042E-01  0.1956047E+00  0.3810539E+00  0.3017344E+00  0.2815470E+00  0.1055989E+00  0.2377396E+00  0.1913211E+00  0.6725466E-01
 0.6920000E+02  0.4666672E-02  0.8571440E-02  0.2875347E-01  0.9670437E-01  0.1953828E+00  0.3811942E+00  0.3020854E+00  0.2742882E+00  0.9774223E-01  0.2296342E+00  0.1864519E+00  0.6601755E-01
 0.6940000E+02  0.4651593E-02  0.8399590E-02  0.2833141E-01  0.9586272E-01  0.1951594E+00  0.3813693E+00  0.3024789E+00  0.2673826E+00  0.9020233E-01  0.2217789E+00  0.1817272E+00  0.6481587E-01
 0.6960000E+02  0.4637905E-02  0.8232202E-02  0.2791716E-01  0.9504466E-01  0.1949358E+00  0.3815761E+00  0.3029078E+00  0.2608267E+00  0.8298349E-01  0.2141679E+00  0.1771431E+00  0.6364858E-01
 0.6980000E+02  0.4625551E-02  0.8069242E-02  0.2751015E-01  0.9424938E-01  0.1947132E+00  0.3818113E+00  0.3033658E+00  0.2546172E+00  0.7609266E-01  0.2067954E+00  0.1726955E+00  0.6251463E-01
 0.7000000E+02  0.4614467E-02  0.7910674E-02  0.2710986E-01  0.9347603E-01  0.1944929E+00  0.3820716E+00  0.3038472E+00  0.2487503E+00  0.6954022E-01  0.1996561E+00  0.1683804E+00  0.6141302E-01
 0.7020000E+02  0.4604590E-02  0.7756466E-02  0.2671581E-01  0.9272377E-01  0.1942762E+00  0.3823541E+00  0.3043465E+00  0.2432219E+00  0.6334110E-01  0.1927444E+00  0.1641938E+00  0.6034272E-01
 0.7040000E+02  0.4595858E-02  0.7606587E-02  0.2632753E-01  0.9199175E-01  0.1940642E+00  0.3826558E+00  0.3048588E+00  0.2380275E+00  0.5751613E-01  0.1860550E+00  0.1601319E+00  0.5930274E-01
 0.7060000E+02  0.4588204E-02  0.7461006E-02  0.2594463E-01  0.9127911E-01  0.1938583E+00  0.3829740E+00  0.3053794E+00  0.2331624E+00  0.5209378E-01  0.1795828E+00  0.1561908E+00  0.5829210E-01
 0.7080000E+02  0.4581564E-02  0.7319691E-02  0.2556672E-01  0.9058496E-01  0.1936597E+00  0.3833058E+00  0.3059041E+00  0.2286211E+00  0.4711220E-01  0.1733224E+00  0.1523667E+00  0.5730982E-01
 0.7100000E+02  0.4575872E-02  0.7182607E-02  0.2519346E-01  0.8990843E-01  0.1934695E+00  0.3836486E+00  0.3064291E+00  0.2243978E+00  0.4262115E-01  0.1672691E+00  0.1486559E+00  0.5635494E-01
 0.7120000E+02  0.4571066E-02  0.7049720E-02  0.2482454E-01  0.8924863E-01  0.1932892E+00  0.3839999E+00  0.3069508E+00  0.2204861E+00  0.3868308E-01  0.1614178E+00  0.1450547E+00  0.5542654E-01
 0.7140000E+02  0.4567082E-02  0.6920991E-02  0.2445971E-01  0.8860468E-01  0.1931198E+00  0.3843573E+00  0.3074658E+00  0.2168788E+00  0.3537138E-01  0.1557638E+00  0.1415594E+00  0.5452368E-01
 0.7160000E+02  0.4563859E-02  0.6796378E-02  0.2409871E-01  0.8797569E-01  0.1929626E+00  0.3847185E+00  0.3079712E+00  0.2135684E+00  0.3276328E-01  0.1503024E+00  0.1381666E+00  0.5364545E-01
 0.7180000E+02  0.4561339E-02  0.6675835E-02  0.2374136E-01  0.8736075E-01  0.1928189E+00  0.3850811E+00  0.3084642E+00  0.2105466E+00  0.3092479E-01  0.1450289E+00  0.1348726E+00  0.5279096E-01
 0.7200000E+02  0.4559466E-02  0.6559311E-02  0.2338749E-01  0.8675898E-01  0.1926898E+00  0.3854431E+00  0.3089423E+00  0.2078044E+00  0.2988923E-01  0.1399388E+00  0.1316741E+00  0.5195934E-01
 0.7220000E+02  0.4558186E-02  0.6446749E-02  0.2303696E-01  0.8616949E-01  0.1925767E+00  0.3858023E+00  0.3094031E+00  0.2053325E+00  0.2963810E-01  0.1350277E+00  0.1285677E+00  0.5114974E-01
 0.7240000E+02  0.4557450E-02  0.6338088E-02  0.2268969E-01  0.8559140E-01  0.1924808E+00  0.3861569E+00  0.3098445E+00  0.2031207E+00  0.3009646E-01  0.1302912E+00  0.1255500E+00  0.5036130E-01
 0.7260000E+02  0.4557211E-02  0.6233260E-02  0.2234561E-01  0.8502382E-01  0.1924032E+00  0.3865049E+00  0.3102645E+00  0.2011585E+00  0.3114763E-01  0.1257249E+00  0.1226178E+00  0.4959322E-01
 0.7280000E+02  0.4557428E-02  0.6132191E-02  0.2200469E-01  0.8446590E-01  0.1923453E+00  0.3868445E+00  0.3106613E+00  0.1994350E+00  0.3265833E-01  0.1213245E+00  0.1197678E+00  0.4884468E-01
 0.7300000E+02  0.4558063E-02  0.6034802E-02  0.2166695E-01  0.8391677E-01  0.1923082E+00  0.3871741E+00  0.3110335E+00  0.1979387E+00  0.3450097E-01  0.1170858E+00  0.1169968E+00  0.4811489E-01
 0.7320000E+02  0.4559082E-02  0.5941006E-02  0.2133242E-01  0.8337559E-01  0.1922932E+00  0.3874919E+00  0.3113794E+00  0.1966580E+00  0.3656615E-01  0.1130044E+00  0.1143018E+00  0.4740310E-01
 0.7340000E+02  0.4560457E-02  0.5850708E-02  0.2100117E-01  0.8284152E-01  0.1923016E+00  0.3877964E+00  0.3116978E+00  0.1955808E+00  0.3876616E-01  0.1090761E+00  0.1116798E+00  0.4670854E-01
 0.7360000E+02  0.4562163E-02  0.5763811E-02  0.2067332E-01  0.8231375E-01  0.1923345E+00  0.3880862E+00  0.3119874E+00  0.1946951E+00  0.4103344E-01  0.1052968E+00  0.1091276E+00  0.4603048E-01
 0.7380000E+02  0.4564182E-02  0.5680209E-02  0.2034899E-01  0.8179149E-01  0.1923932E+00  0.3883598E+00  0.3122473E+00  0.1939888E+00  0.4331699E-01  0.1016620E+00  0.1066424E+00  0.4536820E-01
 0.7400000E+02  0.4566499E-02  0.5599789E-02  0.2002837E-01  0.8127395E-01  0.1924790E+00  0.3886159E+00  0.3124765E+00  0.1934497E+00  0.4557871E-01  0.9816742E-01  0.1042213E+00  0.4472101E-01
 0.7420000E+02  0.4569107E-02  0.5522434E-02  0.1971165E-01  0.8076038E-01  0.1925930E+00  0.3888532E+00  0.3126741E+00  0.1930657E+00  0.4779017E-01  0.9480875E-01  0.1018614E+00  0.4408821E-01
 0.7440000E+02  0.4572001E-02  0.5448023E-02  0.1939907E-01  0.8025004E-01  0.1927365E+00  0.3890705E+00  0.3128395E+00  0.1928249E+00  0.4993017E-01  0.9158155E-01  0.9955992E-01  0.4346915E-01
 0.7460000E+02  0.4575181E-02  0.5376427E-02  0.1909088E-01  0.7974224E-01  0.1929107E+00  0.3892667E+00  0.3129720E+00  0.1927157E+00  0.5198282E-01  0.8848132E-01  0.9731418E-01  0.4286318E-01
 0.7480000E+02  0.4578654E-02  0.5307516E-02  0.1878739E-01  0.7923629E-01  0.1931167E+00  0.3894408E+00  0.3130711E+00  0.1927266E+00  0.5393623E-01  0.8550348E-01  0.9512147E-01  0.4226966E-01
 0.7500000E+02  0.4582431E-02  0.5241156E-02  0.1848891E-01  0.7873155E-01  0.1933558E+00  0.3895916E+00  0.3131364E+00  0.1928467E+00  0.5578145E-01  0.8264337E-01  0.9297916E-01  0.4168797E-01
 0.7520000E+02  0.4586526E-02  0.5177207E-02  0.1819577E-01  0.7822740E-01  0.1936292E+00  0.3897183E+00  0.3131677E+00  0.1930651E+00  0.5751175E-01  0.7989625E-01  0.9088466E-01  0.4111753E-01
 0.7540000E+02  0.4590959E-02  0.5115532E-02  0.1790836E-01  0.7772324E-01  0.1939379E+00  0.3898199E+00  0.3131647E+00  0.1933718E+00  0.5912210E-01  0.7725727E-01  0.8883545E-01  0.4055775E-01
 0.7560000E+02  0.4595752E-02  0.5055988E-02  0.1762707E-01  0.7721854E-01  0.1942832E+00  0.3898956E+00  0.3131272E+00  0.1937568E+00  0.6060877E-01  0.7472148E-01  0.8682905E-01  0.4000807E-01
 0.7580000E+02  0.4600934E-02  0.4998435E-02  0.1735229E-01  0.7671279E-01  0.1946662E+00  0.3899446E+00  0.3130554E+00  0.1942109E+00  0.6196901E-01  0.7228384E-01  0.8486303E-01  0.3946793E-01
 0.7600000E+02  0.4606534E-02  0.4942730E-02  0.1708446E-01  0.7620551E-01  0.1950879E+00  0.3899661E+00  0.3129492E+00  0.1947251E+00  0.6320088E-01  0.6993921E-01  0.8293503E-01  0.3893682E-01
 0.7620000E+02  0.4612586E-02  0.4888733E-02  0.1682402E-01  0.7569628E-01  0.1955495E+00  0.3899596E+00  0.3128088E+00  0.1952911E+00  0.6430304E-01  0.6768235E-01  0.8104272E-01  0.3841421E-01
 0.7640000E+02  0.4619124E-02  0.4836306E-02  0.1657141E-01  0.7518470E-01  0.1960520E+00  0.3899242E+00  0.3126344E+00  0.1959010E+00  0.6527467E-01  0.6550797E-01  0.7918383E-01  0.3789961E-01
 0.7660000E+02  0.4626188E-02  0.4785313E-02  0.1632707E-01  0.7467045E-01  0.1965964E+00  0.3898594E+00  0.3124265E+00  0.1965474E+00  0.6611535E-01  0.6341067E-01  0.7735614E-01  0.3739254E-01
 0.7680000E+02  0.4633816E-02  0.4735620E-02  0.1609147E-01  0.7415323E-01  0.1971837E+00  0.3897646E+00  0.3121855E+00  0.1972234E+00  0.6682501E-01  0.6138502E-01  0.7555750E-01  0.3689254E-01
 0.7700000E+02  0.4642049E-02  0.4687097E-02  0.1586505E-01  0.7363281E-01  0.1978148E+00  0.3896393E+00  0.3119119E+00  0.1979225E+00  0.6740387E-01  0.5942554E-01  0.7378578E-01  0.3639917E-01
 0.7720000E+02  0.4650927E-02  0.4639621E-02  0.1564823E-01  0.7310902E-01  0.1984907E+00  0.3894830E+00  0.3116064E+00  0.1986389E+00  0.6785242E-01  0.5752673E-01  0.7203893E-01  0.3591200E-01
 0.7740000E+02  0.4660491E-02  0.4593071E-02  0.1544142E-01  0.7258172E-01  0.1992124E+00  0.3892953E+00  0.3112696E+00  0.1993670E+00  0.6817140E-01  0.5568308E-01  0.7031495E-01  0.3543061E-01
 0.7760000E+02  0.4670781E-02  0.4547334E-02  0.1524502E-01  0.7205087E-01  0.1999805E+00  0.3890756E+00  0.3109025E+00  0.2001017E+00  0.6836178E-01  0.5388910E-01  0.6861189E-01  0.3495462E-01
 0.7780000E+02  0.4681835E-02  0.4502302E-02  0.1505936E-01  0.7151646E-01  0.2007959E+00  0.3888236E+00  0.3105060E+00  0.2008384E+00  0.6842475E-01  0.5213937E-01  0.6692785E-01  0.3448365E-01
 0.7800000E+02  0.4693691E-02  0.4457873E-02  0.1488477E-01  0.7097858E-01  0.2016594E+00  0.3885390E+00  0.3100811E+00  0.2015730E+00  0.6836175E-01  0.5042850E-01  0.6526100E-01  0.3401735E-01
 0.7820000E+02  0.4706383E-02  0.4413953E-02  0.1472149E-01  0.7043738E-01  0.2025717E+00  0.3882213E+00  0.3096290E+00  0.2023015E+00  0.6817448E-01  0.4875122E-01  0.6360955E-01  0.3355537E-01
 0.7840000E+02  0.4719942E-02  0.4370455E-02  0.1456974E-01  0.6989310E-01  0.2035335E+00  0.3878702E+00  0.3091510E+00  0.2030205E+00  0.6786491E-01  0.4710240E-01  0.6197179E-01  0.3309742E-01
 0.7860000E+02  0.4734396E-02  0.4327300E-02  0.1442964E-01  0.6934604E-01  0.2045453E+00  0.3874854E+00  0.3086485E+00  0.2037270E+00  0.6743534E-01  0.4547704E-01  0.6034605E-01  0.3264317E-01
 0.7880000E+02  0.4749768E-02  0.4284415E-02  0.1430128E-01  0.6879662E-01  0.2056077E+00  0.3870667E+00  0.3081228E+00  0.2044183E+00  0.6688840E-01  0.4387035E-01  0.5873071E-01  0.3219237E-01
 0.7900000E+02  0.4766078E-02  0.4241735E-02  0.1418463E-01  0.6824534E-01  0.2067214E+00  0.3866136E+00  0.3075758E+00  0.2050920E+00  0.6622717E-01  0.4227776E-01  0.5712424E-01  0.3174474E-01
 0.7920000E+02  0.4783339E-02  0.4199205E-02  0.1407960E-01  0.6769281E-01  0.2078866E+00  0.3861260E+00  0.3070091E+00  0.2057460E+00  0.6545520E-01  0.4069497E-01  0.5552515E-01  0.3130007E-01
 0.7940000E+02  0.4801560E-02  0.4156776E-02  0.1398601E-01  0.6713974E-01  0.2091039E+00  0.3856035E+00  0.3064245E+00  0.2063786E+00  0.6457662E-01  0.3911800E-01  0.5393201E-01  0.3085812E-01
 0.7960000E+02  0.4820743E-02  0.4114407E-02  0.1390359E-01  0.6658697E-01  0.2103735E+00  0.3850460E+00  0.3058242E+00  0.2069883E+00  0.6359623E-01  0.3754324E-01  0.5234348E-01  0.3041871E-01
 0.7980000E+02  0.4840884E-02  0.4072063E-02  0.1383196E-01  0.6603547E-01  0.2116959E+00  0.3844530E+00  0.3052102E+00  0.2075739E+00  0.6251965E-01  0.3596751E-01  0.5075826E-01  0.2998167E-01
 0.8000000E+02  0.4861973E-02  0.4029719E-02  0.1377066E-01  0.6548632E-01  0.2130712E+00  0.3838244E+00  0.3045848E+00  0.2081347E+00  0.6135348E-01  0.3438817E-01  0.4917512E-01  0.2954687E-01
 0.8020000E+02  0.4883993E-02  0.3987355E-02  0.1371913E-01  0.6494077E-01  0.2144996E+00  0.3831598E+00  0.3039504E+00  0.2086699E+00  0.6010548E-01  0.3280320E-01  0.4759292E-01  0.2911418E-01
 0.8040000E+02  0.4906919E-02  0.3944958E-02  0.1367672E-01  0.6440020E-01  0.2159814E+00  0.3824589E+00  0.3033097E+00  0.2091791E+00  0.5878482E-01  0.3121136E-01  0.4601057E-01  0.2868351E-01
 0.8060000E+02  0.4930721E-02  0.3902521E-02  0.1364267E-01  0.6386619E-01  0.2175165E+00  0.3817214E+00  0.3026654E+00  0.2096623E+00  0.5740236E-01  0.2961241E-01  0.4442709E-01  0.2825479E-01
 0.8080000E+02  0.4955361E-02  0.3860043E-02  0.1361617E-01  0.6334045E-01  0.2191051E+00  0.3809469E+00  0.3020202E+00  0.2101194E+00  0.5597099E-01  0.2800732E-01  0.4284155E-01  0.2782801E-01
 0.8100000E+02  0.4980793E-02  0.3817526E-02  0.1359629E-01  0.6282492E-01  0.2207470E+00  0.3801352E+00  0.3013774E+00  0.2105507E+00  0.5450601E-01  0.2639870E-01  0.4125313E-01  0.2740315E-01
 0.8120000E+02  0.5006966E-02  0.3774980E-02  0.1358203E-01  0.6232169E-01  0.2224424E+00  0.3792856E+00  0.3007401E+00  0.2109568E+00  0.5302564E-01  0.2479130E-01  0.3966110E-01  0.2698024E-01
 0.8140000E+02  0.5033820E-02  0.3732415E-02  0.1357233E-01  0.6183308E-01  0.2241910E+00  0.3783979E+00  0.3001117E+00  0.2113382E+00  0.5155146E-01  0.2319278E-01  0.3806484E-01  0.2655935E-01
 0.8160000E+02  0.5061292E-02  0.3689845E-02  0.1356605E-01  0.6136165E-01  0.2259928E+00  0.3774715E+00  0.2994958E+00  0.2116959E+00  0.5010900E-01  0.2161471E-01  0.3646384E-01  0.2614058E-01
 0.8180000E+02  0.5089309E-02  0.3647286E-02  0.1356200E-01  0.6091014E-01  0.2278474E+00  0.3765058E+00  0.2988961E+00  0.2120308E+00  0.4872823E-01  0.2007413E-01  0.3485774E-01  0.2572406E-01
 0.8200000E+02  0.5117794E-02  0.3604754E-02  0.1355892E-01  0.6048156E-01  0.2297548E+00  0.3755003E+00  0.2983166E+00  0.2123441E+00  0.4744391E-01  0.1859554E-01  0.3324633E-01  0.2530998E-01
 0.8220000E+02  0.5146664E-02  0.3562267E-02  0.1355551E-01  0.6007915E-01  0.2317146E+00  0.3744542E+00  0.2977613E+00  0.2126372E+00  0.4629579E-01  0.1721351E-01  0.3162957E-01  0.2489855E-01
 0.8240000E+02  0.5175833E-02  0.3519840E-02  0.1355044E-01  0.5970640E-01  0.2337266E+00  0.3733668E+00  0.2972346E+00  0.2129113E+00  0.4532826E-01  0.1597558E-01  0.3000766E-01  0.2449005E-01
 0.8260000E+02  0.5205206E-02  0.3477488E-02  0.1354231E-01  0.5936705E-01  0.2357903E+00  0.3722374E+00  0.2967410E+00  0.2131682E+00  0.4458940E-01  0.1494424E-01  0.2838108E-01  0.2408479E-01
 0.8280000E+02  0.5234687E-02  0.3435221E-02  0.1352970E-01  0.5906510E-01  0.2379055E+00  0.3710648E+00  0.2962853E+00  0.2134093E+00  0.4412916E-01  0.1419550E-01  0.2675062E-01  0.2368312E-01
 0.8300000E+02  0.5264177E-02  0.3393046E-02  0.1351116E-01  0.5880479E-01  0.2400717E+00  0.3698482E+00  0.2958722E+00  0.2136365E+00  0.4399669E-01  0.1381014E-01  0.2511755E-01  0.2328548E-01
 0.8320000E+02  0.5293572E-02  0.3350966E-02  0.1348522E-01  0.5859060E-01  0.2422886E+00  0.3685864E+00  0.2955070E+00  0.2138515E+00  0.4423698E-01  0.1385619E-01  0.2348371E-01  0.2289234E-01
 0.8340000E+02  0.5322765E-02  0.3308978E-02  0.1345036E-01  0.5842724E-01  0.2445557E+00  0.3672782E+00  0.2951950E+00  0.2140561E+00  0.4488737E-01  0.1436879E-01  0.2185174E-01  0.2250422E-01
 0.8360000E+02  0.5351650E-02  0.3267073E-02  0.1340507E-01  0.5831962E-01  0.2468726E+00  0.3659221E+00  0.2949416E+00  0.2142522E+00  0.4597466E-01  0.1534092E-01  0.2022536E-01  0.2212173E-01
 0.8380000E+02  0.5380117E-02  0.3225236E-02  0.1334779E-01  0.5827284E-01  0.2492388E+00  0.3645166E+00  0.2947527E+00  0.2144416E+00  0.4751356E-01  0.1673185E-01  0.1860986E-01  0.2174553E-01
 0.8400000E+02  0.5408057E-02  0.3183445E-02  0.1327695E-01  0.5829218E-01  0.2516540E+00  0.3630602E+00  0.2946343E+00  0.2146262E+00  0.4950677E-01  0.1848546E-01  0.1701279E-01  0.2137635E-01
 0.8420000E+02  0.5435359E-02  0.3141673E-02  0.1319097E-01  0.5838300E-01  0.2541177E+00  0.3615509E+00  0.2945925E+00  0.2148077E+00  0.5194665E-01  0.2054607E-01  0.1544503E-01  0.2101499E-01
 0.8440000E+02  0.5461916E-02  0.3099885E-02  0.1308825E-01  0.5855078E-01  0.2566295E+00  0.3599867E+00  0.2946337E+00  0.2149880E+00  0.5481779E-01  0.2286659E-01  0.1392253E-01  0.2066234E-01
 0.8460000E+02  0.5487620E-02  0.3058044E-02  0.1296714E-01  0.5880101E-01  0.2591889E+00  0.3583655E+00  0.2947645E+00  0.2151686E+00  0.5809992E-01  0.2541055E-01  0.1246898E-01  0.2031933E-01
 0.8480000E+02  0.5512364E-02  0.3016108E-02  0.1282602E-01  0.5913919E-01  0.2617957E+00  0.3566848E+00  0.2949918E+00  0.2153513E+00  0.6177055E-01  0.2815110E-01  0.1111978E-01  0.1998700E-01
 0.8500000E+02  0.5536047E-02  0.2974036E-02  0.1266323E-01  0.5957075E-01  0.2644496E+00  0.3549420E+00  0.2953227E+00  0.2155373E+00  0.6580698E-01  0.3106912E-01  0.9927335E-02  0.1966644E-01
 0.8520000E+02  0.5558568E-02  0.2931791E-02  0.1247707E-01  0.6010103E-01  0.2671501E+00  0.3531344E+00  0.2957645E+00  0.2157282E+00  0.7018776E-01  0.3415138E-01  0.8965787E-02  0.1935885E-01
 0.8540000E+02  0.5579834E-02  0.2889339E-02  0.1226587E-01  0.6073522E-01  0.2698972E+00  0.3512587E+00  0.2963247E+00  0.2159249E+00  0.7489350E-01  0.3738912E-01  0.8328370E-02  0.1906547E-01
 0.8560000E+02  0.5599753E-02  0.2846665E-02  0.1202789E-01  0.6147830E-01  0.2726907E+00  0.3493116E+00  0.2970112E+00  0.2161285E+00  0.7990733E-01  0.4077687E-01  0.8105829E-02  0.1878763E-01
 0.8580000E+02  0.5618242E-02  0.2803770E-02  0.1176142E-01  0.6233505E-01  0.2755305E+00  0.3472896E+00  0.2978318E+00  0.2163399E+00  0.8521500E-01  0.4431179E-01  0.8345621E-02  0.1852671E-01
 0.8600000E+02  0.5635222E-02  0.2760687E-02  0.1146471E-01  0.6330999E-01  0.2784166E+00  0.3451887E+00  0.2987950E+00  0.2165597E+00  0.9080488E-01  0.4799300E-01  0.9024817E-02  0.1828416E-01
 0.8620000E+02  0.5650623E-02  0.2717486E-02  0.1113600E-01  0.6440736E-01  0.2813492E+00  0.3430046E+00  0.2999092E+00  0.2167883E+00  0.9666778E-01  0.5182131E-01  0.1006810E-01  0.1806146E-01
 0.8640000E+02  0.5664384E-02  0.2674294E-02  0.1077356E-01  0.6563114E-01  0.2843286E+00  0.3407329E+00  0.3011833E+00  0.2170260E+00  0.1027969E+00  0.5579892E-01  0.1138846E-01  0.1786015E-01
 0.8660000E+02  0.5676450E-02  0.2631308E-02  0.1037562E-01  0.6698501E-01  0.2873551E+00  0.3383687E+00  0.3026265E+00  0.2172730E+00  0.1091874E+00  0.5992929E-01  0.1291332E-01  0.1768177E-01
 0.8680000E+02  0.5686779E-02  0.2588815E-02  0.9940469E-02  0.6847243E-01  0.2904293E+00  0.3359066E+00  0.3042481E+00  0.2175292E+00  0.1158367E+00  0.6421701E-01  0.1459053E-01  0.1752788E-01
 0.8700000E+02  0.5695339E-02  0.2547215E-02  0.9466439E-02  0.7009657E-01  0.2935521E+00  0.3333413E+00  0.3060581E+00  0.2177947E+00  0.1227439E+00  0.6866780E-01  0.1638508E-01  0.1740002E-01
 0.8720000E+02  0.5702110E-02  0.2507051E-02  0.8951948E-02  0.7186043E-01  0.2967243E+00  0.3306666E+00  0.3080665E+00  0.2180691E+00  0.1299101E+00  0.7328846E-01  0.1827420E-01  0.1729970E-01
 0.8740000E+02  0.5707085E-02  0.2469035E-02  0.8395577E-02  0.7376681E-01  0.2999472E+00  0.3278762E+00  0.3102840E+00  0.2183527E+00  0.1373381E+00  0.7808692E-01  0.2024344E-01  0.1722840E-01
 0.8760000E+02  0.5710273E-02  0.2434086E-02  0.7796184E-02  0.7581838E-01  0.3032222E+00  0.3249634E+00  0.3127216E+00  0.2186455E+00  0.1450324E+00  0.8307229E-01  0.2228402E-01  0.1718750E-01
 0.8780000E+02  0.5711697E-02  0.2403361E-02  0.7153102E-02  0.7801774E-01  0.3065510E+00  0.3219212E+00  0.3153910E+00  0.2189479E+00  0.1529994E+00  0.8825487E-01  0.2439108E-01  0.1717833E-01
 0.8800000E+02  0.5711396E-02  0.2378285E-02  0.6466515E-02  0.8036741E-01  0.3099358E+00  0.3187419E+00  0.3183041E+00  0.2192609E+00  0.1612471E+00  0.9364631E-01  0.2656267E-01  0.1720212E-01
 0.8820000E+02  0.5709430E-02  0.2360577E-02  0.5738186E-02  0.8286995E-01  0.3133790E+00  0.3154177E+00  0.3214739E+00  0.2195861E+00  0.1697858E+00  0.9925963E-01  0.2879903E-01  0.1726000E-01
 0.8840000E+02  0.5705878E-02  0.2352253E-02  0.4973005E-02  0.8552793E-01  0.3168834E+00  0.3119402E+00  0.3249137E+00  0.2199262E+00  0.1786275E+00  0.1051094E+00  0.3110225E-01  0.1735301E-01
 0.8860000E+02  0.5700837E-02  0.2355609E-02  0.4182537E-02  0.8834405E-01  0.3204522E+00  0.3083010E+00  0.3286379E+00  0.2202849E+00  0.1877865E+00  0.1112117E+00  0.3347596E-01  0.1748208E-01
 0.8880000E+02  0.5694433E-02  0.2373174E-02  0.3394031E-02  0.9132111E-01  0.3240893E+00  0.3044909E+00  0.3326615E+00  0.2206677E+00  0.1972792E+00  0.1175844E+00  0.3592529E-01  0.1764806E-01
 0.8900000E+02  0.5686811E-02  0.2407621E-02  0.2674825E-02  0.9446211E-01  0.3277989E+00  0.3005010E+00  0.3370007E+00  0.2210822E+00  0.2071248E+00  0.1242475E+00  0.3845674E-01  0.1785175E-01
 0.8920000E+02  0.5678145E-02  0.2461651E-02  0.2189112E-02  0.9777023E-01  0.3315858E+00  0.2963216E+00  0.3416728E+00  0.2215386E+00  0.2173449E+00  0.1312226E+00  0.4107824E-01  0.1809388E-01
 0.8940000E+02  0.5668637E-02  0.2537858E-02  0.2208148E-02  0.1012489E+00  0.3354557E+00  0.2919434E+00  0.3466960E+00  0.2220503E+00  0.2279643E+00  0.1385339E+00  0.4379910E-01  0.1837521E-01
 0.8960000E+02  0.5658519E-02  0.2638602E-02  0.2811712E-02  0.1049019E+00  0.3394147E+00  0.2873568E+00  0.3520902E+00  0.2226346E+00  0.2390106E+00  0.1462077E+00  0.4663014E-01  0.1869650E-01
 0.8980000E+02  0.5648056E-02  0.2765910E-02  0.3800392E-02  0.1087331E+00  0.3434698E+00  0.2825526E+00  0.3578767E+00  0.2233138E+00  0.2505151E+00  0.1542727E+00  0.4958371E-01  0.1905860E-01
 0.9000000E+02  0.5637543E-02  0.2921429E-02  0.5011617E-02  0.1127469E+00  0.3476289E+00  0.2775216E+00  0.3640783E+00  0.2241157E+00  0.2625128E+00  0.1627606E+00  0.5267375E-01  0.1946247E-01
 0.9020000E+02  0.5627316E-02  0.3106436E-02  0.6374010E-02  0.1169481E+00  0.3519007E+00  0.2722556E+00  0.3707195E+00  0.2250751E+00  0.2750426E+00  0.1717057E+00  0.5591590E-01  0.1990926E-01
 0.9040000E+02  0.5617743E-02  0.3321887E-02  0.7858816E-02  0.1213415E+00  0.3562950E+00  0.2667471E+00  0.3778271E+00  0.2262345E+00  0.2881477E+00  0.1811454E+00  0.5932754E-01  0.2040029E-01
 0.9060000E+02  0.5609233E-02  0.3568501E-02  0.9454428E-02  0.1259327E+00  0.3608225E+00  0.2609904E+00  0.3854296E+00  0.2276456E+00  0.3018761E+00  0.1911203E+00  0.6292789E-01  0.2093720E-01
 0.9080000E+02  0.5602236E-02  0.3846848E-02  0.1115665E-01  0.1307275E+00  0.3654952E+00  0.2549813E+00  0.3935581E+00  0.2293704E+00  0.3162808E+00  0.2016743E+00  0.6673804E-01  0.2152191E-01
 0.9100000E+02  0.5597238E-02  0.4157428E-02  0.1296485E-01  0.1357322E+00  0.3703264E+00  0.2487186E+00  0.4022458E+00  0.2314827E+00  0.3314198E+00  0.2128548E+00  0.7078105E-01  0.2215672E-01
 0.9120000E+02  0.5594769E-02  0.4500740E-02  0.1488027E-01  0.1409534E+00  0.3753305E+00  0.2422050E+00  0.4115288E+00  0.2340686E+00  0.3473572E+00  0.2247129E+00  0.7508192E-01  0.2284437E-01
 0.9140000E+02  0.5595399E-02  0.4877333E-02  0.1690526E-01  0.1463983E+00  0.3805236E+00  0.2354477E+00  0.4214458E+00  0.2372280E+00  0.3641630E+00  0.2373038E+00  0.7966773E-01  0.2358801E-01
 0.9160000E+02  0.5599734E-02  0.5287833E-02  0.1904289E-01  0.1520744E+00  0.3859231E+00  0.2284611E+00  0.4320387E+00  0.2410744E+00  0.3819135E+00  0.2506864E+00  0.8456755E-01  0.2439133E-01
 0.9180000E+02  0.5608420E-02  0.5732969E-02  0.2129672E-01  0.1579899E+00  0.3915481E+00  0.2212680E+00  0.4433523E+00  0.2457358E+00  0.4006917E+00  0.2649241E+00  0.8981256E-01  0.2525854E-01
 0.9200000E+02  0.5622135E-02  0.6213581E-02  0.2367068E-01  0.1641534E+00  0.3974194E+00  0.2139031E+00  0.4554348E+00  0.2513531E+00  0.4205877E+00  0.2800843E+00  0.9543596E-01  0.2619444E-01
 0.9220000E+02  0.5641588E-02  0.6730623E-02  0.2616902E-01  0.1705738E+00  0.4035595E+00  0.2064164E+00  0.4683378E+00  0.2580797E+00  0.4416991E+00  0.2962394E+00  0.1014731E+00  0.2720442E-01
 0.9240000E+02  0.5667512E-02  0.7285163E-02  0.2879625E-01  0.1772607E+00  0.4099927E+00  0.1988782E+00  0.4821165E+00  0.2660793E+00  0.4641310E+00  0.3134661E+00  0.1079612E+00  0.2829449E-01
 0.9260000E+02  0.5700658E-02  0.7878385E-02  0.3155711E-01  0.1842243E+00  0.4167454E+00  0.1913847E+00  0.4968300E+00  0.2755234E+00  0.4879964E+00  0.3318461E+00  0.1149399E+00  0.2947131E-01
 0.9280000E+02  0.5741789E-02  0.8511580E-02  0.3445659E-01  0.1914752E+00  0.4238459E+00  0.1840661E+00  0.5125411E+00  0.2865890E+00  0.5134169E+00  0.3514661E+00  0.1224505E+00  0.3074220E-01
 0.9300000E+02  0.5791673E-02  0.9186143E-02  0.3749988E-01  0.1990244E+00  0.4313244E+00  0.1770945E+00  0.5293167E+00  0.2994553E+00  0.5405223E+00  0.3724181E+00  0.1305367E+00  0.3211514E-01
 0.9320000E+02  0.5851071E-02  0.9903575E-02  0.4069238E-01  0.2068838E+00  0.4392134E+00  0.1706934E+00  0.5472277E+00  0.3143022E+00  0.5694512E+00  0.3947992E+00  0.1392441E+00  0.3359876E-01
 0.9340000E+02  0.5920733E-02  0.1066547E-01  0.4403971E-01  0.2150655E+00  0.4475471E+00  0.1651450E+00  0.5663492E+00  0.3313076E+00  0.6003515E+00  0.4187122E+00  0.1486206E+00  0.3520236E-01
 0.9360000E+02  0.6001384E-02  0.1147354E-01  0.4754772E-01  0.2235823E+00  0.4563622E+00  0.1607924E+00  0.5867606E+00  0.3506468E+00  0.6333800E+00  0.4442657E+00  0.1587160E+00  0.3693589E-01
 0.9380000E+02  0.6093721E-02  0.1232955E-01  0.5122244E-01  0.2324476E+00  0.4656970E+00  0.1580315E+00  0.6085457E+00  0.3724922E+00  0.6687033E+00  0.4715740E+00  0.1695825E+00  0.3880991E-01
 0.9400000E+02  0.6198404E-02  0.1323540E-01  0.5507014E-01  0.2416753E+00  0.4755922E+00  0.1572868E+00  0.6317927E+00  0.3970137E+00  0.7064976E+00  0.5007576E+00  0.1812744E+00  0.4083562E-01
 0.9420000E+02  0.6316049E-02  0.1419307E-01  0.5909729E-01  0.2512798E+00  0.4860901E+00  0.1589705E+00  0.6565941E+00  0.4243804E+00  0.7469491E+00  0.5319433E+00  0.1938485E+00  0.4302481E-01
 0.9440000E+02  0.6447225E-02  0.1520461E-01  0.6331060E-01  0.2612761E+00  0.4972350E+00  0.1634310E+00  0.6830470E+00  0.4547615E+00  0.7902545E+00  0.5652645E+00  0.2073638E+00  0.4538987E-01
 0.9460000E+02  0.6592451E-02  0.1627220E-01  0.6771697E-01  0.2716797E+00  0.5090727E+00  0.1709091E+00  0.7112530E+00  0.4883288E+00  0.8366206E+00  0.6008609E+00  0.2218818E+00  0.4794374E-01
 0.9480000E+02  0.6752196E-02  0.1739808E-01  0.7232357E-01  0.2825068E+00  0.5216508E+00  0.1815188E+00  0.7413184E+00  0.5252584E+00  0.8862654E+00  0.6388797E+00  0.2374665E+00  0.5069990E-01
 0.9500000E+02  0.6926877E-02  0.1858460E-01  0.7713774E-01  0.2937737E+00  0.5350182E+00  0.1952592E+00  0.7733537E+00  0.5657327E+00  0.9394177E+00  0.6794747E+00  0.2541847E+00  0.5367238E-01
 0.9520000E+02  0.7116866E-02  0.1983419E-01  0.8216709E-01  0.3054977E+00  0.5492247E+00  0.2120490E+00  0.8074744E+00  0.6099417E+00  0.9963180E+00  0.7228073E+00  0.2721056E+00  0.5687572E-01
 0.9540000E+02  0.7322491E-02  0.2114940E-01  0.8741944E-01  0.3176962E+00  0.5643215E+00  0.2317659E+00  0.8438003E+00  0.6580854E+00  0.1057218E+01  0.7690466E+00  0.2913014E+00  0.6032498E-01
 0.9560000E+02  0.7544042E-02  0.2253284E-01  0.9290284E-01  0.3303872E+00  0.5803600E+00  0.2542793E+00  0.8824559E+00  0.7103742E+00  0.1122383E+01  0.8183691E+00  0.3118470E+00  0.6403570E-01
 0.9580000E+02  0.7781777E-02  0.2398726E-01  0.9862555E-01  0.3435890E+00  0.5973925E+00  0.2794719E+00  0.9235703E+00  0.7670306E+00  0.1192088E+01  0.8709595E+00  0.3338204E+00  0.6802393E-01
 0.9600000E+02  0.8035929E-02  0.2551547E-01  0.1045961E+00  0.3573203E+00  0.6154713E+00  0.3072494E+00  0.9672773E+00  0.8282903E+00  0.1266624E+01  0.9270105E+00  0.3573025E+00  0.7230621E-01
 0.9620000E+02  0.8306712E-02  0.2712039E-01  0.1108231E+00  0.3716002E+00  0.6346483E+00  0.3375437E+00  0.1013715E+01  0.8944023E+00  0.1346293E+01  0.9867233E+00  0.3823770E+00  0.7689955E-01
 0.9640000E+02  0.8594331E-02  0.2880507E-01  0.1173156E+00  0.3864479E+00  0.6549755E+00  0.3703123E+00  0.1063027E+01  0.9656305E+00  0.1431411E+01  0.1050307E+01  0.4091309E+00  0.8182144E-01
 0.9660000E+02  0.8898983E-02  0.3057262E-01  0.1240827E+00  0.4018829E+00  0.6765035E+00  0.4055348E+00  0.1115360E+01  0.1042254E+01  0.1522308E+01  0.1117981E+01  0.4376541E+00  0.8708984E-01
 0.9680000E+02  0.9220870E-02  0.3242628E-01  0.1311337E+00  0.4179246E+00  0.6992823E+00  0.4432097E+00  0.1170866E+01  0.1124566E+01  0.1619329E+01  0.1189971E+01  0.4680398E+00  0.9272315E-01
 0.9700000E+02  0.9560198E-02  0.3436939E-01  0.1384781E+00  0.4345927E+00  0.7233602E+00  0.4833506E+00  0.1229703E+01  0.1212879E+01  0.1722832E+01  0.1266512E+01  0.5003839E+00  0.9874024E-01
 0.9720000E+02  0.9917191E-02  0.3640541E-01  0.1461257E+00  0.4519066E+00  0.7487837E+00  0.5259836E+00  0.1292031E+01  0.1307520E+01  0.1833192E+01  0.1347850E+01  0.5347854E+00  0.1051604E+00
 0.9740000E+02  0.1029209E-01  0.3853789E-01  0.1540863E+00  0.4698856E+00  0.7755969E+00  0.5711440E+00  0.1358017E+01  0.1408832E+01  0.1950798E+01  0.1434237E+01  0.5713464E+00  0.1120032E+00
 0.9760000E+02  0.1068515E-01  0.4077050E-01  0.1623699E+00  0.4885487E+00  0.8038416E+00  0.6188744E+00  0.1427830E+01  0.1517177E+01  0.2076053E+01  0.1525935E+01  0.6101714E+00  0.1192888E+00
 0.9780000E+02  0.1109667E-01  0.4310702E-01  0.1709867E+00  0.5079145E+00  0.8335561E+00  0.6692224E+00  0.1501647E+01  0.1632935E+01  0.2209379E+01  0.1623214E+01  0.6513679E+00  0.1270376E+00
 0.9800000E+02  0.1152697E-01  0.4555135E-01  0.1799470E+00  0.5280008E+00  0.8647755E+00  0.7222389E+00  0.1579646E+01  0.1756504E+01  0.2351211E+01  0.1726354E+01  0.6950457E+00  0.1352702E+00
 0.9820000E+02  0.1197641E-01  0.4810749E-01  0.1892611E+00  0.5488247E+00  0.8975306E+00  0.7779767E+00  0.1662012E+01  0.1888299E+01  0.2502001E+01  0.1835641E+01  0.7413170E+00  0.1440076E+00
 0.9840000E+02  0.1244537E-01  0.5077957E-01  0.1989394E+00  0.5704026E+00  0.9318477E+00  0.8364888E+00  0.1748933E+01  0.2028756E+01  0.2662216E+01  0.1951370E+01  0.7902958E+00  0.1532707E+00
 0.9860000E+02  0.1293429E-01  0.5357183E-01  0.2089924E+00  0.5927494E+00  0.9677479E+00  0.8978273E+00  0.1840605E+01  0.2178328E+01  0.2832340E+01  0.2073843E+01  0.8420982E+00  0.1630809E+00
 0.9880000E+02  0.1344365E-01  0.5648861E-01  0.2194306E+00  0.6158788E+00  0.1005246E+01  0.9620423E+00  0.1937225E+01  0.2337488E+01  0.3012873E+01  0.2203371E+01  0.8968413E+00  0.1734593E+00
 0.9900000E+02  0.1397396E-01  0.5953440E-01  0.2302643E+00  0.6398028E+00  0.1044352E+01  0.1029180E+01  0.2038997E+01  0.2506729E+01  0.3204328E+01  0.2340267E+01  0.9546436E+00  0.1844270E+00
 0.9920000E+02  0.1452578E-01  0.6271378E-01  0.2415040E+00  0.6645318E+00  0.1085066E+01  0.1099284E+01  0.2146130E+01  0.2686564E+01  0.3407235E+01  0.2484856E+01  0.1015624E+01  0.1960051E+00
 0.9940000E+02  0.1509973E-01  0.6603146E-01  0.2531599E+00  0.6900738E+00  0.1127383E+01  0.1172390E+01  0.2258841E+01  0.2877525E+01  0.3622139E+01  0.2637461E+01  0.1079901E+01  0.2082141E+00
 0.9960000E+02  0.1569647E-01  0.6949227E-01  0.2652422E+00  0.7164343E+00  0.1171286E+01  0.1248528E+01  0.2377349E+01  0.3080166E+01  0.3849598E+01  0.2798416E+01  0.1147594E+01  0.2210745E+00
 0.9980000E+02  0.1631671E-01  0.7310115E-01  0.2777608E+00  0.7436163E+00  0.1216750E+01  0.1327720E+01  0.2501885E+01  0.3295060E+01  0.4090183E+01  0.2968053E+01  0.1218820E+01  0.2346058E+00
 0.1000000E+03  0.1696123E-01  0.7686315E-01  0.2907253E+00  0.7716197E+00  0.1263741E+01  0.1409981E+01  0.2632683E+01  0.3522801E+01  0.4344480E+01  0.3146708E+01  0.1293695E+01  0.2488271E+00
