 0.2000000E+00  0.8168594E-06  0.2943210E-02  0.0000000E+00  0.2944027E-02
 0.4000000E+00  0.3267204E-05  0.2942579E-02  0.0000000E+00  0.2945846E-02
 0.6000000E+00  0.7350334E-05  0.2941528E-02  0.0000000E+00  0.2948878E-02
 0.8000000E+00  0.1306508E-04  0.2940056E-02  0.0000000E+00  0.2953121E-02
 0.1000000E+01  0.2040981E-04  0.2938165E-02  0.0000000E+00  0.2958574E-02
 0.1200000E+01  0.2938243E-04  0.2935854E-02  0.0000000E+00  0.2965237E-02
 0.1400000E+01  0.3998036E-04  0.2933125E-02  0.0000000E+00  0.2973106E-02
 0.1600000E+01  0.5220059E-04  0.2929979E-02  0.0000000E+00  0.2982180E-02
 0.1800000E+01  0.6603961E-04  0.2926417E-02  0.0000000E+00  0.2992456E-02
 0.2000000E+01  0.8149348E-04  0.2922439E-02  0.0000000E+00  0.3003932E-02
 0.2200000E+01  0.9855778E-04  0.2918047E-02  0.0000000E+00  0.3016605E-02
 0.2400000E+01  0.1172276E-03  0.2913243E-02  0.0000000E+00  0.3030470E-02
 0.2600000E+01  0.1374977E-03  0.2908027E-02  0.0000000E+00  0.3045525E-02
 0.2800000E+01  0.1593622E-03  0.2902402E-02  0.0000000E+00  0.3061765E-02
 0.3000000E+01  0.1828149E-03  0.2896370E-02  0.0000000E+00  0.3079185E-02
 0.3200000E+01  0.2078492E-03  0.2889932E-02  0.0000000E+00  0.3097781E-02
 0.3400000E+01  0.2344577E-03  0.2883091E-02  0.0000000E+00  0.3117548E-02
 0.3600000E+01  0.2626331E-03  0.2875848E-02  0.0000000E+00  0.3138481E-02
 0.3800000E+01  0.2923671E-03  0.2868206E-02  0.0000000E+00  0.3160573E-02
 0.4000000E+01  0.3236515E-03  0.2860167E-02  0.0000000E+00  0.3183819E-02
 0.4200000E+01  0.3564771E-03  0.2851735E-02  0.0000000E+00  0.3208212E-02
 0.4400000E+01  0.3908348E-03  0.2842911E-02  0.0000000E+00  0.3233746E-02
 0.4600000E+01  0.4267146E-03  0.2833699E-02  0.0000000E+00  0.3260413E-02
 0.4800000E+01  0.4641064E-03  0.2824101E-02  0.0000000E+00  0.3288207E-02
 0.5000000E+01  0.5029996E-03  0.2814121E-02  0.0000000E+00  0.3317120E-02
 0.5200000E+01  0.5433831E-03  0.2803761E-02  0.0000000E+00  0.3347144E-02
 0.5400000E+01  0.5852453E-03  0.2793025E-02  0.0000000E+00  0.3378271E-02
 0.5600000E+01  0.6285744E-03  0.2781917E-02  0.0000000E+00  0.3410491E-02
 0.5800000E+01  0.6733581E-03  0.2770440E-02  0.0000000E+00  0.3443798E-02
 0.6000000E+01  0.7195837E-03  0.2758597E-02  0.0000000E+00  0.3478180E-02
 0.6200000E+01  0.7672380E-03  0.2746392E-02  0.0000000E+00  0.3513630E-02
 0.6400000E+01  0.8163075E-03  0.2733830E-02  0.0000000E+00  0.3550137E-02
 0.6600000E+01  0.8667783E-03  0.2720913E-02  0.0000000E+00  0.3587692E-02
 0.6800000E+01  0.9186361E-03  0.2707647E-02  0.0000000E+00  0.3626283E-02
 0.7000000E+01  0.9718661E-03  0.2694036E-02  0.0000000E+00  0.3665902E-02
 0.7200000E+01  0.1026453E-02  0.2680082E-02  0.0000000E+00  0.3706536E-02
 0.7400000E+01  0.1082382E-02  0.2665792E-02  0.0000000E+00  0.3748175E-02
 0.7600000E+01  0.1139637E-02  0.2651170E-02  0.0000000E+00  0.3790807E-02
 0.7800000E+01  0.1198202E-02  0.2636219E-02  0.0000000E+00  0.3834421E-02
 0.8000000E+01  0.1258060E-02  0.2620945E-02  0.0000000E+00  0.3879005E-02
 0.8200000E+01  0.1319194E-02  0.2605353E-02  0.0000000E+00  0.3924547E-02
 0.8400000E+01  0.1381588E-02  0.2589447E-02  0.0000000E+00  0.3971035E-02
 0.8600000E+01  0.1445223E-02  0.2573232E-02  0.0000000E+00  0.4018455E-02
 0.8800000E+01  0.1510081E-02  0.2556714E-02  0.0000000E+00  0.4066794E-02
 0.9000000E+01  0.1576144E-02  0.2539897E-02  0.0000000E+00  0.4116041E-02
 0.9200000E+01  0.1643395E-02  0.2522786E-02  0.0000000E+00  0.4166181E-02
 0.9400000E+01  0.1711813E-02  0.2505388E-02  0.0000000E+00  0.4217200E-02
 0.9600000E+01  0.1781379E-02  0.2487706E-02  0.0000000E+00  0.4269085E-02
 0.9800000E+01  0.1852075E-02  0.2469748E-02  0.0000000E+00  0.4321822E-02
 0.1000000E+02  0.1923879E-02  0.2451517E-02  0.0000000E+00  0.4375396E-02
 0.1020000E+02  0.1996773E-02  0.2433021E-02  0.0000000E+00  0.4429793E-02
 0.1040000E+02  0.2070735E-02  0.2414263E-02  0.0000000E+00  0.4484998E-02
 0.1060000E+02  0.2145745E-02  0.2395251E-02  0.0000000E+00  0.4540996E-02
 0.1080000E+02  0.2221781E-02  0.2375990E-02  0.0000000E+00  0.4597771E-02
 0.1100000E+02  0.2298824E-02  0.2356485E-02  0.0000000E+00  0.4655309E-02
 0.1120000E+02  0.2376850E-02  0.2336743E-02  0.0000000E+00  0.4713593E-02
 0.1140000E+02  0.2455839E-02  0.2316770E-02  0.0000000E+00  0.4772609E-02
 0.1160000E+02  0.2535768E-02  0.2296571E-02  0.0000000E+00  0.4832339E-02
 0.1180000E+02  0.2616615E-02  0.2276153E-02  0.0000000E+00  0.4892768E-02
 0.1200000E+02  0.2698357E-02  0.2255521E-02  0.0000000E+00  0.4953878E-02
 0.1220000E+02  0.2780972E-02  0.2234683E-02  0.0000000E+00  0.5015655E-02
 0.1240000E+02  0.2864437E-02  0.2213644E-02  0.0000000E+00  0.5078080E-02
 0.1260000E+02  0.2948728E-02  0.2192410E-02  0.0000000E+00  0.5141138E-02
 0.1280000E+02  0.3033823E-02  0.2170987E-02  0.0000000E+00  0.5204810E-02
 0.1300000E+02  0.3119697E-02  0.2149383E-02  0.0000000E+00  0.5269080E-02
 0.1320000E+02  0.3206326E-02  0.2127603E-02  0.0000000E+00  0.5333930E-02
 0.1340000E+02  0.3293688E-02  0.2105654E-02  0.0000000E+00  0.5399342E-02
 0.1360000E+02  0.3381757E-02  0.2083543E-02  0.0000000E+00  0.5465300E-02
 0.1380000E+02  0.3470509E-02  0.2061275E-02  0.0000000E+00  0.5531784E-02
 0.1400000E+02  0.3559921E-02  0.2038857E-02  0.0000000E+00  0.5598778E-02
 0.1420000E+02  0.3649966E-02  0.2016296E-02  0.0000000E+00  0.5666262E-02
 0.1440000E+02  0.3740620E-02  0.1993599E-02  0.0000000E+00  0.5734219E-02
 0.1460000E+02  0.3831859E-02  0.1970771E-02  0.0000000E+00  0.5802630E-02
 0.1480000E+02  0.3923658E-02  0.1947820E-02  0.0000000E+00  0.5871478E-02
 0.1500000E+02  0.4015990E-02  0.1924752E-02  0.0000000E+00  0.5940742E-02
 0.1520000E+02  0.4108831E-02  0.1901573E-02  0.0000000E+00  0.6010404E-02
 0.1540000E+02  0.4202155E-02  0.1878291E-02  0.0000000E+00  0.6080447E-02
 0.1560000E+02  0.4295937E-02  0.1854912E-02  0.0000000E+00  0.6150850E-02
 0.1580000E+02  0.4390151E-02  0.1831443E-02  0.0000000E+00  0.6221594E-02
 0.1600000E+02  0.4484771E-02  0.1807890E-02  0.0000000E+00  0.6292661E-02
 0.1620000E+02  0.4579772E-02  0.1784260E-02  0.0000000E+00  0.6364032E-02
 0.1640000E+02  0.4675127E-02  0.1760559E-02  0.0000000E+00  0.6435687E-02
 0.1660000E+02  0.4770811E-02  0.1736795E-02  0.0000000E+00  0.6507606E-02
 0.1680000E+02  0.4866797E-02  0.1712974E-02  0.0000000E+00  0.6579771E-02
 0.1700000E+02  0.4963060E-02  0.1689102E-02  0.0000000E+00  0.6652162E-02
 0.1720000E+02  0.5059573E-02  0.1665187E-02  0.0000000E+00  0.6724760E-02
 0.1740000E+02  0.5156310E-02  0.1641234E-02  0.0000000E+00  0.6797544E-02
 0.1760000E+02  0.5253245E-02  0.1617251E-02  0.0000000E+00  0.6870496E-02
 0.1780000E+02  0.5350351E-02  0.1593244E-02  0.0000000E+00  0.6943595E-02
 0.1800000E+02  0.5447602E-02  0.1569220E-02  0.0000000E+00  0.7016822E-02
 0.1820000E+02  0.5544973E-02  0.1545185E-02  0.0000000E+00  0.7090158E-02
 0.1840000E+02  0.5642436E-02  0.1521146E-02  0.0000000E+00  0.7163583E-02
 0.1860000E+02  0.5739966E-02  0.1497110E-02  0.0000000E+00  0.7237076E-02
 0.1880000E+02  0.5837536E-02  0.1473082E-02  0.0000000E+00  0.7310618E-02
 0.1900000E+02  0.5935120E-02  0.1449070E-02  0.0000000E+00  0.7384190E-02
 0.1920000E+02  0.6032692E-02  0.1425080E-02  0.0000000E+00  0.7457771E-02
 0.1940000E+02  0.6130225E-02  0.1401118E-02  0.0000000E+00  0.7531343E-02
 0.1960000E+02  0.6227693E-02  0.1377191E-02  0.0000000E+00  0.7604884E-02
 0.1980000E+02  0.6325071E-02  0.1353305E-02  0.0000000E+00  0.7678376E-02
 0.2000000E+02  0.6422332E-02  0.1329467E-02  0.0000000E+00  0.7751798E-02
 0.2020000E+02  0.6519450E-02  0.1305682E-02  0.0000000E+00  0.7825132E-02
 0.2040000E+02  0.6616399E-02  0.1281958E-02  0.0000000E+00  0.7898357E-02
 0.2060000E+02  0.6713154E-02  0.1258299E-02  0.0000000E+00  0.7971453E-02
 0.2080000E+02  0.6809688E-02  0.1234714E-02  0.0000000E+00  0.8044402E-02
 0.2100000E+02  0.6905977E-02  0.1211207E-02  0.0000000E+00  0.8117184E-02
 0.2120000E+02  0.7001993E-02  0.1187785E-02  0.0000000E+00  0.8189779E-02
 0.2140000E+02  0.7097713E-02  0.1164454E-02  0.0000000E+00  0.8262167E-02
 0.2160000E+02  0.7193110E-02  0.1141220E-02  0.0000000E+00  0.8334330E-02
 0.2180000E+02  0.7288159E-02  0.1118089E-02  0.0000000E+00  0.8406248E-02
 0.2200000E+02  0.7382836E-02  0.1095067E-02  0.0000000E+00  0.8477902E-02
 0.2220000E+02  0.7477114E-02  0.1072159E-02  0.0000000E+00  0.8549273E-02
 0.2240000E+02  0.7570970E-02  0.1049373E-02  0.0000000E+00  0.8620342E-02
 0.2260000E+02  0.7664378E-02  0.1026712E-02  0.0000000E+00  0.8691090E-02
 0.2280000E+02  0.7757313E-02  0.1004184E-02  0.0000000E+00  0.8761497E-02
 0.2300000E+02  0.7849753E-02  0.9817935E-03  0.0000000E+00  0.8831546E-02
 0.2320000E+02  0.7941671E-02  0.9595466E-03  0.0000000E+00  0.8901217E-02
 0.2340000E+02  0.8033044E-02  0.9374487E-03  0.0000000E+00  0.8970493E-02
 0.2360000E+02  0.8123848E-02  0.9155053E-03  0.0000000E+00  0.9039353E-02
 0.2380000E+02  0.8214059E-02  0.8937220E-03  0.0000000E+00  0.9107781E-02
 0.2400000E+02  0.8303654E-02  0.8721041E-03  0.0000000E+00  0.9175759E-02
 0.2420000E+02  0.8392610E-02  0.8506569E-03  0.0000000E+00  0.9243267E-02
 0.2440000E+02  0.8480902E-02  0.8293858E-03  0.0000000E+00  0.9310288E-02
 0.2460000E+02  0.8568508E-02  0.8082958E-03  0.0000000E+00  0.9376804E-02
 0.2480000E+02  0.8655405E-02  0.7873923E-03  0.0000000E+00  0.9442797E-02
 0.2500000E+02  0.8741571E-02  0.7666802E-03  0.0000000E+00  0.9508251E-02
 0.2520000E+02  0.8826983E-02  0.7461646E-03  0.0000000E+00  0.9573148E-02
 0.2540000E+02  0.8911619E-02  0.7258505E-03  0.0000000E+00  0.9637470E-02
 0.2560000E+02  0.8995457E-02  0.7057427E-03  0.0000000E+00  0.9701200E-02
 0.2580000E+02  0.9078476E-02  0.6858460E-03  0.0000000E+00  0.9764322E-02
 0.2600000E+02  0.9160653E-02  0.6661653E-03  0.0000000E+00  0.9826818E-02
 0.2620000E+02  0.9241968E-02  0.6467051E-03  0.0000000E+00  0.9888673E-02
 0.2640000E+02  0.9322400E-02  0.6274702E-03  0.0000000E+00  0.9949870E-02
 0.2660000E+02  0.9401927E-02  0.6084650E-03  0.0000000E+00  0.1001039E-01
 0.2680000E+02  0.9480530E-02  0.5896940E-03  0.0000000E+00  0.1007022E-01
 0.2700000E+02  0.9558189E-02  0.5711617E-03  0.0000000E+00  0.1012935E-01
 0.2720000E+02  0.9634882E-02  0.5528723E-03  0.0000000E+00  0.1018775E-01
 0.2740000E+02  0.9710592E-02  0.5348301E-03  0.0000000E+00  0.1024542E-01
 0.2760000E+02  0.9785297E-02  0.5170393E-03  0.0000000E+00  0.1030234E-01
 0.2780000E+02  0.9858980E-02  0.4995039E-03  0.0000000E+00  0.1035848E-01
 0.2800000E+02  0.9931621E-02  0.4822282E-03  0.0000000E+00  0.1041385E-01
 0.2820000E+02  0.1000320E-01  0.4652159E-03  0.0000000E+00  0.1046842E-01
 0.2840000E+02  0.1007370E-01  0.4484710E-03  0.0000000E+00  0.1052218E-01
 0.2860000E+02  0.1014311E-01  0.4319973E-03  0.0000000E+00  0.1057511E-01
 0.2880000E+02  0.1021140E-01  0.4157985E-03  0.0000000E+00  0.1062720E-01
 0.2900000E+02  0.1027856E-01  0.3998783E-03  0.0000000E+00  0.1067844E-01
 0.2920000E+02  0.1034457E-01  0.3842402E-03  0.0000000E+00  0.1072881E-01
 0.2940000E+02  0.1040942E-01  0.3688878E-03  0.0000000E+00  0.1077831E-01
 0.2960000E+02  0.1047308E-01  0.3538245E-03  0.0000000E+00  0.1082691E-01
 0.2980000E+02  0.1053555E-01  0.3390536E-03  0.0000000E+00  0.1087460E-01
 0.3000000E+02  0.1059680E-01  0.3245784E-03  0.0000000E+00  0.1092138E-01
 0.3020000E+02  0.1065683E-01  0.3104021E-03  0.0000000E+00  0.1096723E-01
 0.3040000E+02  0.1071561E-01  0.2965278E-03  0.0000000E+00  0.1101214E-01
 0.3060000E+02  0.1077313E-01  0.2829586E-03  0.0000000E+00  0.1105609E-01
 0.3080000E+02  0.1082938E-01  0.2696973E-03  0.0000000E+00  0.1109907E-01
 0.3100000E+02  0.1088434E-01  0.2567469E-03  0.0000000E+00  0.1114108E-01
 0.3120000E+02  0.1093800E-01  0.2441101E-03  0.0000000E+00  0.1118211E-01
 0.3140000E+02  0.1099034E-01  0.2317897E-03  0.0000000E+00  0.1122213E-01
 0.3160000E+02  0.1104136E-01  0.2197883E-03  0.0000000E+00  0.1126114E-01
 0.3180000E+02  0.1109103E-01  0.2081085E-03  0.0000000E+00  0.1129914E-01
 0.3200000E+02  0.1113935E-01  0.1967527E-03  0.0000000E+00  0.1133611E-01
 0.3220000E+02  0.1118631E-01  0.1857233E-03  0.0000000E+00  0.1137204E-01
 0.3240000E+02  0.1123189E-01  0.1750227E-03  0.0000000E+00  0.1140692E-01
 0.3260000E+02  0.1127609E-01  0.1646530E-03  0.0000000E+00  0.1144074E-01
 0.3280000E+02  0.1131888E-01  0.1546165E-03  0.0000000E+00  0.1147350E-01
 0.3300000E+02  0.1136026E-01  0.1449152E-03  0.0000000E+00  0.1150518E-01
 0.3320000E+02  0.1140023E-01  0.1355510E-03  0.0000000E+00  0.1153578E-01
 0.3340000E+02  0.1143876E-01  0.1265260E-03  0.0000000E+00  0.1156529E-01
 0.3360000E+02  0.1147586E-01  0.1178418E-03  0.0000000E+00  0.1159370E-01
 0.3380000E+02  0.1151150E-01  0.1095004E-03  0.0000000E+00  0.1162101E-01
 0.3400000E+02  0.1154570E-01  0.1015033E-03  0.0000000E+00  0.1164720E-01
 0.3420000E+02  0.1157842E-01  0.9385209E-04  0.0000000E+00  0.1167227E-01
 0.3440000E+02  0.1160967E-01  0.8654834E-04  0.0000000E+00  0.1169622E-01
 0.3460000E+02  0.1163944E-01  0.7959346E-04  0.0000000E+00  0.1171904E-01
 0.3480000E+02  0.1166772E-01  0.7298877E-04  0.0000000E+00  0.1174071E-01
 0.3500000E+02  0.1169451E-01  0.6673556E-04  0.0000000E+00  0.1176125E-01
 0.3520000E+02  0.1171980E-01  0.6083499E-04  0.0000000E+00  0.1178063E-01
 0.3540000E+02  0.1174358E-01  0.5528817E-04  0.0000000E+00  0.1179886E-01
 0.3560000E+02  0.1176584E-01  0.5009612E-04  0.0000000E+00  0.1181594E-01
 0.3580000E+02  0.1178659E-01  0.4525978E-04  0.0000000E+00  0.1183185E-01
 0.3600000E+02  0.1180581E-01  0.4078001E-04  0.0000000E+00  0.1184659E-01
 0.3620000E+02  0.1182350E-01  0.3665760E-04  0.0000000E+00  0.1186016E-01
 0.3640000E+02  0.1183966E-01  0.3289323E-04  0.0000000E+00  0.1187256E-01
 0.3660000E+02  0.1185429E-01  0.2948752E-04  0.0000000E+00  0.1188378E-01
 0.3680000E+02  0.1186738E-01  0.2644102E-04  0.0000000E+00  0.1189382E-01
 0.3700000E+02  0.1187892E-01  0.2375418E-04  0.0000000E+00  0.1190268E-01
 0.3720000E+02  0.1188892E-01  0.2142738E-04  0.0000000E+00  0.1191035E-01
 0.3740000E+02  0.1189737E-01  0.1946092E-04  0.0000000E+00  0.1191683E-01
 0.3760000E+02  0.1190427E-01  0.1785502E-04  0.0000000E+00  0.1192213E-01
 0.3780000E+02  0.1190963E-01  0.1660980E-04  0.0000000E+00  0.1192624E-01
 0.3800000E+02  0.1191343E-01  0.1572534E-04  0.0000000E+00  0.1192915E-01
 0.3820000E+02  0.1191568E-01  0.1520161E-04  0.0000000E+00  0.1193088E-01
 0.3840000E+02  0.1191637E-01  0.1503851E-04  0.0000000E+00  0.1193141E-01
 0.3860000E+02  0.1191552E-01  0.1523587E-04  0.0000000E+00  0.1193075E-01
 0.3880000E+02  0.1191311E-01  0.1579341E-04  0.0000000E+00  0.1192890E-01
 0.3900000E+02  0.1190915E-01  0.1671082E-04  0.0000000E+00  0.1192586E-01
 0.3920000E+02  0.1190364E-01  0.1798766E-04  0.0000000E+00  0.1192163E-01
 0.3940000E+02  0.1189658E-01  0.1962344E-04  0.0000000E+00  0.1191621E-01
 0.3960000E+02  0.1188798E-01  0.2161760E-04  0.0000000E+00  0.1190960E-01
 0.3980000E+02  0.1187784E-01  0.2396948E-04  0.0000000E+00  0.1190181E-01
 0.4000000E+02  0.1186615E-01  0.2667835E-04  0.0000000E+00  0.1189283E-01
 0.4020000E+02  0.1185293E-01  0.2974340E-04  0.0000000E+00  0.1188267E-01
 0.4040000E+02  0.1183817E-01  0.3316375E-04  0.0000000E+00  0.1187133E-01
 0.4060000E+02  0.1182188E-01  0.3693844E-04  0.0000000E+00  0.1185882E-01
 0.4080000E+02  0.1180407E-01  0.4106642E-04  0.0000000E+00  0.1184514E-01
 0.4100000E+02  0.1178474E-01  0.4554658E-04  0.0000000E+00  0.1183029E-01
 0.4120000E+02  0.1176389E-01  0.5037773E-04  0.0000000E+00  0.1181427E-01
 0.4140000E+02  0.1174154E-01  0.5555858E-04  0.0000000E+00  0.1179710E-01
 0.4160000E+02  0.1171768E-01  0.6108780E-04  0.0000000E+00  0.1177876E-01
 0.4180000E+02  0.1169232E-01  0.6696397E-04  0.0000000E+00  0.1175928E-01
 0.4200000E+02  0.1166547E-01  0.7318557E-04  0.0000000E+00  0.1173865E-01
 0.4220000E+02  0.1163714E-01  0.7975104E-04  0.0000000E+00  0.1171689E-01
 0.4240000E+02  0.1160733E-01  0.8665873E-04  0.0000000E+00  0.1169398E-01
 0.4260000E+02  0.1157605E-01  0.9390690E-04  0.0000000E+00  0.1166995E-01
 0.4280000E+02  0.1154331E-01  0.1014938E-03  0.0000000E+00  0.1164480E-01
 0.4300000E+02  0.1150912E-01  0.1094174E-03  0.0000000E+00  0.1161854E-01
 0.4320000E+02  0.1147349E-01  0.1176759E-03  0.0000000E+00  0.1159116E-01
 0.4340000E+02  0.1143642E-01  0.1262673E-03  0.0000000E+00  0.1156269E-01
 0.4360000E+02  0.1139793E-01  0.1351894E-03  0.0000000E+00  0.1153312E-01
 0.4380000E+02  0.1135802E-01  0.1444400E-03  0.0000000E+00  0.1150246E-01
 0.4400000E+02  0.1131671E-01  0.1540169E-03  0.0000000E+00  0.1147073E-01
 0.4420000E+02  0.1127401E-01  0.1639178E-03  0.0000000E+00  0.1143792E-01
 0.4440000E+02  0.1122992E-01  0.1741403E-03  0.0000000E+00  0.1140406E-01
 0.4460000E+02  0.1118446E-01  0.1846820E-03  0.0000000E+00  0.1136915E-01
 0.4480000E+02  0.1113765E-01  0.1955402E-03  0.0000000E+00  0.1133319E-01
 0.4500000E+02  0.1108949E-01  0.2067124E-03  0.0000000E+00  0.1129620E-01
 0.4520000E+02  0.1103999E-01  0.2181959E-03  0.0000000E+00  0.1125818E-01
 0.4540000E+02  0.1098917E-01  0.2299879E-03  0.0000000E+00  0.1121916E-01
 0.4560000E+02  0.1093704E-01  0.2420856E-03  0.0000000E+00  0.1117913E-01
 0.4580000E+02  0.1088362E-01  0.2544862E-03  0.0000000E+00  0.1113810E-01
 0.4600000E+02  0.1082891E-01  0.2671866E-03  0.0000000E+00  0.1109610E-01
 0.4620000E+02  0.1077294E-01  0.2801838E-03  0.0000000E+00  0.1105312E-01
 0.4640000E+02  0.1071571E-01  0.2934747E-03  0.0000000E+00  0.1100918E-01
 0.4660000E+02  0.1065724E-01  0.3070561E-03  0.0000000E+00  0.1096430E-01
 0.4680000E+02  0.1059755E-01  0.3209248E-03  0.0000000E+00  0.1091848E-01
 0.4700000E+02  0.1053665E-01  0.3350775E-03  0.0000000E+00  0.1087173E-01
 0.4720000E+02  0.1047456E-01  0.3495108E-03  0.0000000E+00  0.1082407E-01
 0.4740000E+02  0.1041130E-01  0.3642212E-03  0.0000000E+00  0.1077552E-01
 0.4760000E+02  0.1034687E-01  0.3792052E-03  0.0000000E+00  0.1072607E-01
 0.4780000E+02  0.1028129E-01  0.3944593E-03  0.0000000E+00  0.1067575E-01
 0.4800000E+02  0.1021459E-01  0.4099799E-03  0.0000000E+00  0.1062457E-01
 0.4820000E+02  0.1014678E-01  0.4257630E-03  0.0000000E+00  0.1057255E-01
 0.4840000E+02  0.1007788E-01  0.4418051E-03  0.0000000E+00  0.1051969E-01
 0.4860000E+02  0.1000790E-01  0.4581023E-03  0.0000000E+00  0.1046601E-01
 0.4880000E+02  0.9936868E-02  0.4746506E-03  0.0000000E+00  0.1041152E-01
 0.4900000E+02  0.9864795E-02  0.4914462E-03  0.0000000E+00  0.1035624E-01
 0.4920000E+02  0.9791700E-02  0.5084849E-03  0.0000000E+00  0.1030018E-01
 0.4940000E+02  0.9717604E-02  0.5257626E-03  0.0000000E+00  0.1024337E-01
 0.4960000E+02  0.9642525E-02  0.5432753E-03  0.0000000E+00  0.1018580E-01
 0.4980000E+02  0.9566483E-02  0.5610186E-03  0.0000000E+00  0.1012750E-01
 0.5000000E+02  0.9489497E-02  0.5789884E-03  0.0000000E+00  0.1006849E-01
 0.5020000E+02  0.9411587E-02  0.5971802E-03  0.0000000E+00  0.1000877E-01
 0.5040000E+02  0.9332774E-02  0.6155897E-03  0.0000000E+00  0.9948363E-02
 0.5060000E+02  0.9253076E-02  0.6342125E-03  0.0000000E+00  0.9887288E-02
 0.5080000E+02  0.9172515E-02  0.6530440E-03  0.0000000E+00  0.9825559E-02
 0.5100000E+02  0.9091111E-02  0.6720796E-03  0.0000000E+00  0.9763191E-02
 0.5120000E+02  0.9008886E-02  0.6913147E-03  0.0000000E+00  0.9700201E-02
 0.5140000E+02  0.8925860E-02  0.7107446E-03  0.0000000E+00  0.9636605E-02
 0.5160000E+02  0.8842055E-02  0.7303647E-03  0.0000000E+00  0.9572420E-02
 0.5180000E+02  0.8757493E-02  0.7501701E-03  0.0000000E+00  0.9507663E-02
 0.5200000E+02  0.8672195E-02  0.7701559E-03  0.0000000E+00  0.9442351E-02
 0.5220000E+02  0.8586183E-02  0.7903173E-03  0.0000000E+00  0.9376500E-02
 0.5240000E+02  0.8499480E-02  0.8106493E-03  0.0000000E+00  0.9310129E-02
 0.5260000E+02  0.8412107E-02  0.8311470E-03  0.0000000E+00  0.9243254E-02
 0.5280000E+02  0.8324088E-02  0.8518052E-03  0.0000000E+00  0.9175893E-02
 0.5300000E+02  0.8235445E-02  0.8726190E-03  0.0000000E+00  0.9108064E-02
 0.5320000E+02  0.8146200E-02  0.8935830E-03  0.0000000E+00  0.9039783E-02
 0.5340000E+02  0.8056378E-02  0.9146923E-03  0.0000000E+00  0.8971070E-02
 0.5360000E+02  0.7966001E-02  0.9359414E-03  0.0000000E+00  0.8901942E-02
 0.5380000E+02  0.7875092E-02  0.9573252E-03  0.0000000E+00  0.8832417E-02
 0.5400000E+02  0.7783676E-02  0.9788383E-03  0.0000000E+00  0.8762514E-02
 0.5420000E+02  0.7691775E-02  0.1000475E-02  0.0000000E+00  0.8692250E-02
 0.5440000E+02  0.7599414E-02  0.1022231E-02  0.0000000E+00  0.8621645E-02
 0.5460000E+02  0.7506616E-02  0.1044100E-02  0.0000000E+00  0.8550716E-02
 0.5480000E+02  0.7413406E-02  0.1066076E-02  0.0000000E+00  0.8479482E-02
 0.5500000E+02  0.7319808E-02  0.1088154E-02  0.0000000E+00  0.8407962E-02
 0.5520000E+02  0.7225845E-02  0.1110329E-02  0.0000000E+00  0.8336175E-02
 0.5540000E+02  0.7131543E-02  0.1132595E-02  0.0000000E+00  0.8264138E-02
 0.5560000E+02  0.7036926E-02  0.1154946E-02  0.0000000E+00  0.8191872E-02
 0.5580000E+02  0.6942019E-02  0.1177376E-02  0.0000000E+00  0.8119395E-02
 0.5600000E+02  0.6846845E-02  0.1199881E-02  0.0000000E+00  0.8046726E-02
 0.5620000E+02  0.6751431E-02  0.1222454E-02  0.0000000E+00  0.7973885E-02
 0.5640000E+02  0.6655800E-02  0.1245089E-02  0.0000000E+00  0.7900889E-02
 0.5660000E+02  0.6559978E-02  0.1267781E-02  0.0000000E+00  0.7827759E-02
 0.5680000E+02  0.6463990E-02  0.1290523E-02  0.0000000E+00  0.7754513E-02
 0.5700000E+02  0.6367860E-02  0.1313311E-02  0.0000000E+00  0.7681171E-02
 0.5720000E+02  0.6271615E-02  0.1336137E-02  0.0000000E+00  0.7607752E-02
 0.5740000E+02  0.6175278E-02  0.1358997E-02  0.0000000E+00  0.7534275E-02
 0.5760000E+02  0.6078875E-02  0.1381884E-02  0.0000000E+00  0.7460759E-02
 0.5780000E+02  0.5982432E-02  0.1404792E-02  0.0000000E+00  0.7387224E-02
 0.5800000E+02  0.5885973E-02  0.1427716E-02  0.0000000E+00  0.7313689E-02
 0.5820000E+02  0.5789524E-02  0.1450649E-02  0.0000000E+00  0.7240173E-02
 0.5840000E+02  0.5693109E-02  0.1473586E-02  0.0000000E+00  0.7166695E-02
 0.5860000E+02  0.5596756E-02  0.1496520E-02  0.0000000E+00  0.7093275E-02
 0.5880000E+02  0.5500487E-02  0.1519445E-02  0.0000000E+00  0.7019932E-02
 0.5900000E+02  0.5404330E-02  0.1542356E-02  0.0000000E+00  0.6946686E-02
 0.5920000E+02  0.5308309E-02  0.1565246E-02  0.0000000E+00  0.6873555E-02
 0.5940000E+02  0.5212449E-02  0.1588110E-02  0.0000000E+00  0.6800558E-02
 0.5960000E+02  0.5116775E-02  0.1610940E-02  0.0000000E+00  0.6727715E-02
 0.5980000E+02  0.5021313E-02  0.1633732E-02  0.0000000E+00  0.6655046E-02
 0.6000000E+02  0.4926088E-02  0.1656479E-02  0.0000000E+00  0.6582568E-02
 0.6020000E+02  0.4831125E-02  0.1679176E-02  0.0000000E+00  0.6510301E-02
 0.6040000E+02  0.4736449E-02  0.1701815E-02  0.0000000E+00  0.6438264E-02
 0.6060000E+02  0.4642084E-02  0.1724391E-02  0.0000000E+00  0.6366475E-02
 0.6080000E+02  0.4548057E-02  0.1746898E-02  0.0000000E+00  0.6294955E-02
 0.6100000E+02  0.4454391E-02  0.1769330E-02  0.0000000E+00  0.6223721E-02
 0.6120000E+02  0.4361111E-02  0.1791681E-02  0.0000000E+00  0.6152792E-02
 0.6140000E+02  0.4268242E-02  0.1813945E-02  0.0000000E+00  0.6082187E-02
 0.6160000E+02  0.4175809E-02  0.1836115E-02  0.0000000E+00  0.6011924E-02
 0.6180000E+02  0.4083836E-02  0.1858186E-02  0.0000000E+00  0.5942022E-02
 0.6200000E+02  0.3992347E-02  0.1880152E-02  0.0000000E+00  0.5872499E-02
 0.6220000E+02  0.3901367E-02  0.1902007E-02  0.0000000E+00  0.5803374E-02
 0.6240000E+02  0.3810920E-02  0.1923744E-02  0.0000000E+00  0.5734664E-02
 0.6260000E+02  0.3721029E-02  0.1945358E-02  0.0000000E+00  0.5666388E-02
 0.6280000E+02  0.3631719E-02  0.1966844E-02  0.0000000E+00  0.5598563E-02
 0.6300000E+02  0.3543014E-02  0.1988194E-02  0.0000000E+00  0.5531208E-02
 0.6320000E+02  0.3454936E-02  0.2009403E-02  0.0000000E+00  0.5464339E-02
 0.6340000E+02  0.3367510E-02  0.2030466E-02  0.0000000E+00  0.5397976E-02
 0.6360000E+02  0.3280758E-02  0.2051376E-02  0.0000000E+00  0.5332134E-02
 0.6380000E+02  0.3194704E-02  0.2072128E-02  0.0000000E+00  0.5266832E-02
 0.6400000E+02  0.3109371E-02  0.2092716E-02  0.0000000E+00  0.5202087E-02
 0.6420000E+02  0.3024781E-02  0.2113134E-02  0.0000000E+00  0.5137915E-02
 0.6440000E+02  0.2940957E-02  0.2133377E-02  0.0000000E+00  0.5074334E-02
 0.6460000E+02  0.2857921E-02  0.2153438E-02  0.0000000E+00  0.5011359E-02
 0.6480000E+02  0.2775696E-02  0.2173313E-02  0.0000000E+00  0.4949009E-02
 0.6500000E+02  0.2694303E-02  0.2192996E-02  0.0000000E+00  0.4887299E-02
 0.6520000E+02  0.2613765E-02  0.2212480E-02  0.0000000E+00  0.4826245E-02
 0.6540000E+02  0.2534102E-02  0.2231761E-02  0.0000000E+00  0.4765863E-02
 0.6560000E+02  0.2455337E-02  0.2250834E-02  0.0000000E+00  0.4706170E-02
 0.6580000E+02  0.2377489E-02  0.2269692E-02  0.0000000E+00  0.4647181E-02
 0.6600000E+02  0.2300581E-02  0.2288331E-02  0.0000000E+00  0.4588912E-02
 0.6620000E+02  0.2224633E-02  0.2306745E-02  0.0000000E+00  0.4531378E-02
 0.6640000E+02  0.2149664E-02  0.2324929E-02  0.0000000E+00  0.4474593E-02
 0.6660000E+02  0.2075696E-02  0.2342878E-02  0.0000000E+00  0.4418574E-02
 0.6680000E+02  0.2002748E-02  0.2360587E-02  0.0000000E+00  0.4363334E-02
 0.6700000E+02  0.1930839E-02  0.2378050E-02  0.0000000E+00  0.4308889E-02
 0.6720000E+02  0.1859989E-02  0.2395263E-02  0.0000000E+00  0.4255252E-02
 0.6740000E+02  0.1790218E-02  0.2412220E-02  0.0000000E+00  0.4202438E-02
 0.6760000E+02  0.1721543E-02  0.2428918E-02  0.0000000E+00  0.4150461E-02
 0.6780000E+02  0.1653984E-02  0.2445350E-02  0.0000000E+00  0.4099334E-02
 0.6800000E+02  0.1587558E-02  0.2461513E-02  0.0000000E+00  0.4049071E-02
 0.6820000E+02  0.1522283E-02  0.2477402E-02  0.0000000E+00  0.3999685E-02
 0.6840000E+02  0.1458178E-02  0.2493011E-02  0.0000000E+00  0.3951189E-02
 0.6860000E+02  0.1395258E-02  0.2508337E-02  0.0000000E+00  0.3903596E-02
 0.6880000E+02  0.1333542E-02  0.2523376E-02  0.0000000E+00  0.3856918E-02
 0.6900000E+02  0.1273046E-02  0.2538122E-02  0.0000000E+00  0.3811168E-02
 0.6920000E+02  0.1213786E-02  0.2552571E-02  0.0000000E+00  0.3766357E-02
 0.6940000E+02  0.1155779E-02  0.2566720E-02  0.0000000E+00  0.3722498E-02
 0.6960000E+02  0.1099039E-02  0.2580564E-02  0.0000000E+00  0.3679603E-02
 0.6980000E+02  0.1043582E-02  0.2594099E-02  0.0000000E+00  0.3637681E-02
 0.7000000E+02  0.9894242E-03  0.2607321E-02  0.0000000E+00  0.3596745E-02
 0.7020000E+02  0.9365790E-03  0.2620227E-02  0.0000000E+00  0.3556806E-02
 0.7040000E+02  0.8850610E-03  0.2632812E-02  0.0000000E+00  0.3517873E-02
 0.7060000E+02  0.8348843E-03  0.2645072E-02  0.0000000E+00  0.3479957E-02
 0.7080000E+02  0.7860623E-03  0.2657005E-02  0.0000000E+00  0.3443068E-02
 0.7100000E+02  0.7386083E-03  0.2668607E-02  0.0000000E+00  0.3407215E-02
 0.7120000E+02  0.6925352E-03  0.2679874E-02  0.0000000E+00  0.3372409E-02
 0.7140000E+02  0.6478554E-03  0.2690803E-02  0.0000000E+00  0.3338659E-02
 0.7160000E+02  0.6045812E-03  0.2701391E-02  0.0000000E+00  0.3305972E-02
 0.7180000E+02  0.5627242E-03  0.2711634E-02  0.0000000E+00  0.3274359E-02
 0.7200000E+02  0.5222958E-03  0.2721530E-02  0.0000000E+00  0.3243826E-02
 0.7220000E+02  0.4833069E-03  0.2731076E-02  0.0000000E+00  0.3214383E-02
 0.7240000E+02  0.4457682E-03  0.2740269E-02  0.0000000E+00  0.3186037E-02
 0.7260000E+02  0.4096899E-03  0.2749105E-02  0.0000000E+00  0.3158795E-02
 0.7280000E+02  0.3750817E-03  0.2757583E-02  0.0000000E+00  0.3132665E-02
 0.7300000E+02  0.3419531E-03  0.2765701E-02  0.0000000E+00  0.3107654E-02
 0.7320000E+02  0.3103131E-03  0.2773454E-02  0.0000000E+00  0.3083767E-02
 0.7340000E+02  0.2801702E-03  0.2780842E-02  0.0000000E+00  0.3061012E-02
 0.7360000E+02  0.2515327E-03  0.2787862E-02  0.0000000E+00  0.3039395E-02
 0.7380000E+02  0.2244084E-03  0.2794512E-02  0.0000000E+00  0.3018921E-02
 0.7400000E+02  0.1988046E-03  0.2800790E-02  0.0000000E+00  0.2999595E-02
 0.7420000E+02  0.1747283E-03  0.2806694E-02  0.0000000E+00  0.2981423E-02
 0.7440000E+02  0.1521861E-03  0.2812223E-02  0.0000000E+00  0.2964409E-02
 0.7460000E+02  0.1311841E-03  0.2817374E-02  0.0000000E+00  0.2948558E-02
 0.7480000E+02  0.1117280E-03  0.2822146E-02  0.0000000E+00  0.2933874E-02
 0.7500000E+02  0.9382304E-04  0.2826538E-02  0.0000000E+00  0.2920362E-02
 0.7520000E+02  0.7747422E-04  0.2830549E-02  0.0000000E+00  0.2908023E-02
 0.7540000E+02  0.6268592E-04  0.2834177E-02  0.0000000E+00  0.2896863E-02
 0.7560000E+02  0.4946219E-04  0.2837421E-02  0.0000000E+00  0.2886883E-02
 0.7580000E+02  0.3780662E-04  0.2840280E-02  0.0000000E+00  0.2878086E-02
 0.7600000E+02  0.2772238E-04  0.2842753E-02  0.0000000E+00  0.2870475E-02
 0.7620000E+02  0.1921223E-04  0.2844840E-02  0.0000000E+00  0.2864052E-02
 0.7640000E+02  0.1227847E-04  0.2846540E-02  0.0000000E+00  0.2858818E-02
 0.7660000E+02  0.6922995E-05  0.2847852E-02  0.0000000E+00  0.2854775E-02
 0.7680000E+02  0.3147261E-05  0.2848776E-02  0.0000000E+00  0.2851923E-02
 0.7700000E+02  0.9522933E-06  0.2849312E-02  0.0000000E+00  0.2850264E-02
 0.7720000E+02  0.3386871E-06  0.2849460E-02  0.0000000E+00  0.2849798E-02
 0.7740000E+02  0.1306606E-05  0.2849219E-02  0.0000000E+00  0.2850526E-02
 0.7760000E+02  0.3855783E-05  0.2848590E-02  0.0000000E+00  0.2852445E-02
 0.7780000E+02  0.7985520E-05  0.2847572E-02  0.0000000E+00  0.2855558E-02
 0.7800000E+02  0.1369469E-04  0.2846167E-02  0.0000000E+00  0.2859862E-02
 0.7820000E+02  0.2098172E-04  0.2844374E-02  0.0000000E+00  0.2865356E-02
 0.7840000E+02  0.2984464E-04  0.2842194E-02  0.0000000E+00  0.2872039E-02
 0.7860000E+02  0.4028102E-04  0.2839628E-02  0.0000000E+00  0.2879909E-02
 0.7880000E+02  0.5228800E-04  0.2836676E-02  0.0000000E+00  0.2888964E-02
 0.7900000E+02  0.6586233E-04  0.2833340E-02  0.0000000E+00  0.2899202E-02
 0.7920000E+02  0.8100028E-04  0.2829620E-02  0.0000000E+00  0.2910620E-02
 0.7940000E+02  0.9769774E-04  0.2825518E-02  0.0000000E+00  0.2923215E-02
 0.7960000E+02  0.1159501E-03  0.2821034E-02  0.0000000E+00  0.2936984E-02
 0.7980000E+02  0.1357525E-03  0.2816170E-02  0.0000000E+00  0.2951922E-02
 0.8000000E+02  0.1570995E-03  0.2810927E-02  0.0000000E+00  0.2968027E-02
 0.8020000E+02  0.1799852E-03  0.2805308E-02  0.0000000E+00  0.2985293E-02
 0.8040000E+02  0.2044034E-03  0.2799313E-02  0.0000000E+00  0.3003717E-02
 0.8060000E+02  0.2303475E-03  0.2792945E-02  0.0000000E+00  0.3023292E-02
 0.8080000E+02  0.2578104E-03  0.2786205E-02  0.0000000E+00  0.3044015E-02
 0.8100000E+02  0.2867846E-03  0.2779095E-02  0.0000000E+00  0.3065880E-02
 0.8120000E+02  0.3172623E-03  0.2771618E-02  0.0000000E+00  0.3088881E-02
 0.8140000E+02  0.3492351E-03  0.2763776E-02  0.0000000E+00  0.3113011E-02
 0.8160000E+02  0.3826943E-03  0.2755571E-02  0.0000000E+00  0.3138265E-02
 0.8180000E+02  0.4176308E-03  0.2747005E-02  0.0000000E+00  0.3164636E-02
 0.8200000E+02  0.4540352E-03  0.2738081E-02  0.0000000E+00  0.3192116E-02
 0.8220000E+02  0.4918975E-03  0.2728802E-02  0.0000000E+00  0.3220699E-02
 0.8240000E+02  0.5312074E-03  0.2719170E-02  0.0000000E+00  0.3250378E-02
 0.8260000E+02  0.5719543E-03  0.2709189E-02  0.0000000E+00  0.3281143E-02
 0.8280000E+02  0.6141271E-03  0.2698860E-02  0.0000000E+00  0.3312987E-02
 0.8300000E+02  0.6577143E-03  0.2688188E-02  0.0000000E+00  0.3345903E-02
 0.8320000E+02  0.7027040E-03  0.2677176E-02  0.0000000E+00  0.3379880E-02
 0.8340000E+02  0.7490842E-03  0.2665826E-02  0.0000000E+00  0.3414910E-02
 0.8360000E+02  0.7968421E-03  0.2654142E-02  0.0000000E+00  0.3450984E-02
 0.8380000E+02  0.8459649E-03  0.2642127E-02  0.0000000E+00  0.3488092E-02
 0.8400000E+02  0.8964391E-03  0.2629785E-02  0.0000000E+00  0.3526224E-02
 0.8420000E+02  0.9482512E-03  0.2617120E-02  0.0000000E+00  0.3565371E-02
 0.8440000E+02  0.1001387E-02  0.2604135E-02  0.0000000E+00  0.3605523E-02
 0.8460000E+02  0.1055832E-02  0.2590835E-02  0.0000000E+00  0.3646667E-02
 0.8480000E+02  0.1111572E-02  0.2577222E-02  0.0000000E+00  0.3688794E-02
 0.8500000E+02  0.1168592E-02  0.2563301E-02  0.0000000E+00  0.3731893E-02
 0.8520000E+02  0.1226875E-02  0.2549076E-02  0.0000000E+00  0.3775952E-02
 0.8540000E+02  0.1286407E-02  0.2534552E-02  0.0000000E+00  0.3820959E-02
 0.8560000E+02  0.1347172E-02  0.2519732E-02  0.0000000E+00  0.3866903E-02
 0.8580000E+02  0.1409152E-02  0.2504620E-02  0.0000000E+00  0.3913772E-02
 0.8600000E+02  0.1472331E-02  0.2489222E-02  0.0000000E+00  0.3961553E-02
 0.8620000E+02  0.1536693E-02  0.2473541E-02  0.0000000E+00  0.4010233E-02
 0.8640000E+02  0.1602219E-02  0.2457582E-02  0.0000000E+00  0.4059801E-02
 0.8660000E+02  0.1668892E-02  0.2441350E-02  0.0000000E+00  0.4110241E-02
 0.8680000E+02  0.1736694E-02  0.2424849E-02  0.0000000E+00  0.4161543E-02
 0.8700000E+02  0.1805607E-02  0.2408085E-02  0.0000000E+00  0.4213691E-02
 0.8720000E+02  0.1875612E-02  0.2391061E-02  0.0000000E+00  0.4266672E-02
 0.8740000E+02  0.1946690E-02  0.2373783E-02  0.0000000E+00  0.4320473E-02
 0.8760000E+02  0.2018823E-02  0.2356256E-02  0.0000000E+00  0.4375079E-02
 0.8780000E+02  0.2091990E-02  0.2338485E-02  0.0000000E+00  0.4430475E-02
 0.8800000E+02  0.2166173E-02  0.2320474E-02  0.0000000E+00  0.4486647E-02
 0.8820000E+02  0.2241351E-02  0.2302230E-02  0.0000000E+00  0.4543581E-02
 0.8840000E+02  0.2317504E-02  0.2283757E-02  0.0000000E+00  0.4601260E-02
 0.8860000E+02  0.2394611E-02  0.2265060E-02  0.0000000E+00  0.4659671E-02
 0.8880000E+02  0.2472653E-02  0.2246145E-02  0.0000000E+00  0.4718798E-02
 0.8900000E+02  0.2551607E-02  0.2227017E-02  0.0000000E+00  0.4778624E-02
 0.8920000E+02  0.2631453E-02  0.2207682E-02  0.0000000E+00  0.4839136E-02
 0.8940000E+02  0.2712170E-02  0.2188145E-02  0.0000000E+00  0.4900315E-02
 0.8960000E+02  0.2793736E-02  0.2168411E-02  0.0000000E+00  0.4962147E-02
 0.8980000E+02  0.2876128E-02  0.2148486E-02  0.0000000E+00  0.5024615E-02
 0.9000000E+02  0.2959326E-02  0.2128376E-02  0.0000000E+00  0.5087702E-02
 0.9020000E+02  0.3043307E-02  0.2108086E-02  0.0000000E+00  0.5151393E-02
 0.9040000E+02  0.3128047E-02  0.2087622E-02  0.0000000E+00  0.5215670E-02
 0.9060000E+02  0.3213526E-02  0.2066990E-02  0.0000000E+00  0.5280516E-02
 0.9080000E+02  0.3299719E-02  0.2046195E-02  0.0000000E+00  0.5345915E-02
 0.9100000E+02  0.3386605E-02  0.2025244E-02  0.0000000E+00  0.5411848E-02
 0.9120000E+02  0.3474159E-02  0.2004141E-02  0.0000000E+00  0.5478300E-02
 0.9140000E+02  0.3562359E-02  0.1982893E-02  0.0000000E+00  0.5545252E-02
 0.9160000E+02  0.3651180E-02  0.1961506E-02  0.0000000E+00  0.5612686E-02
 0.9180000E+02  0.3740601E-02  0.1939985E-02  0.0000000E+00  0.5680585E-02
 0.9200000E+02  0.3830595E-02  0.1918337E-02  0.0000000E+00  0.5748932E-02
 0.9220000E+02  0.3921141E-02  0.1896567E-02  0.0000000E+00  0.5817708E-02
 0.9240000E+02  0.4012213E-02  0.1874681E-02  0.0000000E+00  0.5886895E-02
 0.9260000E+02  0.4103788E-02  0.1852686E-02  0.0000000E+00  0.5956475E-02
 0.9280000E+02  0.4195841E-02  0.1830588E-02  0.0000000E+00  0.6026429E-02
 0.9300000E+02  0.4288348E-02  0.1808392E-02  0.0000000E+00  0.6096740E-02
 0.9320000E+02  0.4381285E-02  0.1786104E-02  0.0000000E+00  0.6167388E-02
 0.9340000E+02  0.4474626E-02  0.1763730E-02  0.0000000E+00  0.6238356E-02
 0.9360000E+02  0.4568347E-02  0.1741277E-02  0.0000000E+00  0.6309624E-02
 0.9380000E+02  0.4662424E-02  0.1718751E-02  0.0000000E+00  0.6381175E-02
 0.9400000E+02  0.4756831E-02  0.1696157E-02  0.0000000E+00  0.6452988E-02
 0.9420000E+02  0.4851544E-02  0.1673502E-02  0.0000000E+00  0.6525046E-02
 0.9440000E+02  0.4946537E-02  0.1650792E-02  0.0000000E+00  0.6597329E-02
 0.9460000E+02  0.5041786E-02  0.1628032E-02  0.0000000E+00  0.6669818E-02
 0.9480000E+02  0.5137265E-02  0.1605229E-02  0.0000000E+00  0.6742495E-02
 0.9500000E+02  0.5232950E-02  0.1582390E-02  0.0000000E+00  0.6815340E-02
 0.9520000E+02  0.5328815E-02  0.1559519E-02  0.0000000E+00  0.6888334E-02
 0.9540000E+02  0.5424835E-02  0.1536623E-02  0.0000000E+00  0.6961458E-02
 0.9560000E+02  0.5520984E-02  0.1513709E-02  0.0000000E+00  0.7034693E-02
 0.9580000E+02  0.5617239E-02  0.1490781E-02  0.0000000E+00  0.7108020E-02
 0.9600000E+02  0.5713572E-02  0.1467847E-02  0.0000000E+00  0.7181419E-02
 0.9620000E+02  0.5809959E-02  0.1444912E-02  0.0000000E+00  0.7254871E-02
 0.9640000E+02  0.5906375E-02  0.1421982E-02  0.0000000E+00  0.7328357E-02
 0.9660000E+02  0.6002794E-02  0.1399064E-02  0.0000000E+00  0.7401858E-02
 0.9680000E+02  0.6099192E-02  0.1376162E-02  0.0000000E+00  0.7475354E-02
 0.9700000E+02  0.6195543E-02  0.1353284E-02  0.0000000E+00  0.7548826E-02
 0.9720000E+02  0.6291821E-02  0.1330435E-02  0.0000000E+00  0.7622256E-02
 0.9740000E+02  0.6388002E-02  0.1307620E-02  0.0000000E+00  0.7695622E-02
 0.9760000E+02  0.6484060E-02  0.1284847E-02  0.0000000E+00  0.7768907E-02
 0.9780000E+02  0.6579971E-02  0.1262120E-02  0.0000000E+00  0.7842092E-02
 0.9800000E+02  0.6675710E-02  0.1239446E-02  0.0000000E+00  0.7915156E-02
 0.9820000E+02  0.6771251E-02  0.1216831E-02  0.0000000E+00  0.7988081E-02
 0.9840000E+02  0.6866569E-02  0.1194279E-02  0.0000000E+00  0.8060849E-02
 0.9860000E+02  0.6961640E-02  0.1171798E-02  0.0000000E+00  0.8133438E-02
 0.9880000E+02  0.7056440E-02  0.1149392E-02  0.0000000E+00  0.8205832E-02
 0.9900000E+02  0.7150942E-02  0.1127068E-02  0.0000000E+00  0.8278010E-02
 0.9920000E+02  0.7245124E-02  0.1104830E-02  0.0000000E+00  0.8349954E-02
 0.9940000E+02  0.7338960E-02  0.1082686E-02  0.0000000E+00  0.8421646E-02
 0.9960000E+02  0.7432426E-02  0.1060639E-02  0.0000000E+00  0.8493065E-02
 0.9980000E+02  0.7525497E-02  0.1038697E-02  0.0000000E+00  0.8564194E-02
 0.1000000E+03  0.7618151E-02  0.1016863E-02  0.0000000E+00  0.8635014E-02
