 0.2000000E+00  0.2301687E+00  0.1780117E+00  0.1309910E+00  0.8860064E-01  0.5038476E-01  0.1593226E-01 -0.1512745E-01 -0.4312849E-01 -0.6837206E-01 -0.9112970E-01 -0.1116462E+00 -0.1301423E+00
 0.4000000E+00  0.4603103E+00  0.3560046E+00  0.2619694E+00  0.1771936E+00  0.1007656E+00  0.3186341E-01 -0.3025395E-01 -0.8625453E-01 -0.1367406E+00 -0.1822552E+00 -0.2232878E+00 -0.2602797E+00
 0.6000000E+00  0.6903978E+00  0.5339596E+00  0.3929228E+00  0.2657714E+00  0.1511386E+00  0.4779232E-01 -0.4537854E-01 -0.1293757E+00 -0.2051021E+00 -0.2733722E+00 -0.3349200E+00 -0.3904073E+00
 0.8000000E+00  0.9204040E+00  0.7118581E+00  0.5238386E+00  0.3543262E+00  0.2014999E+00  0.6371789E-01 -0.6050026E-01 -0.1724894E+00 -0.2734531E+00 -0.3644766E+00 -0.4465383E+00 -0.5205203E+00
 0.1000000E+01  0.1150302E+01  0.8896810E+00  0.6547043E+00  0.4428504E+00  0.2518455E+00  0.7963898E-01 -0.7561815E-01 -0.2155933E+00 -0.3417901E+00 -0.4555641E+00 -0.5581379E+00 -0.6506136E+00
 0.1200000E+01  0.1380064E+01  0.1067410E+01  0.7855074E+00  0.5313365E+00  0.3021715E+00  0.9555450E-01 -0.9073127E-01 -0.2586850E+00 -0.4101095E+00 -0.5466305E+00 -0.6697142E+00 -0.7806824E+00
 0.1400000E+01  0.1609665E+01  0.1245025E+01  0.9162354E+00  0.6197767E+00  0.3524740E+00  0.1114633E+00 -0.1058387E+00 -0.3017619E+00 -0.4784078E+00 -0.6376716E+00 -0.7812625E+00 -0.9107219E+00
 0.1600000E+01  0.1839076E+01  0.1422508E+01  0.1046876E+01  0.7081636E+00  0.4027492E+00  0.1273643E+00 -0.1209393E+00 -0.3448216E+00 -0.5466815E+00 -0.7286832E+00 -0.8927783E+00 -0.1040727E+01
 0.1800000E+01  0.2068271E+01  0.1599841E+01  0.1177416E+01  0.7964894E+00  0.4529930E+00  0.1432564E+00 -0.1360324E+00 -0.3878617E+00 -0.6149272E+00 -0.8196610E+00 -0.1004257E+01 -0.1170693E+01
 0.2000000E+01  0.2297223E+01  0.1777004E+01  0.1307844E+01  0.8847466E+00  0.5032016E+00  0.1591385E+00 -0.1511169E+00 -0.4308796E+00 -0.6831413E+00 -0.9106008E+00 -0.1115693E+01 -0.1300615E+01
 0.2200000E+01  0.2525906E+01  0.1953979E+01  0.1438147E+01  0.9729275E+00  0.5533712E+00  0.1750093E+00 -0.1661918E+00 -0.4738730E+00 -0.7513202E+00 -0.1001498E+01 -0.1227083E+01 -0.1430488E+01
 0.2400000E+01  0.2754292E+01  0.2130747E+01  0.1568313E+01  0.1061025E+01  0.6034977E+00  0.1908680E+00 -0.1812562E+00 -0.5168394E+00 -0.8194606E+00 -0.1092350E+01 -0.1338422E+01 -0.1560307E+01
 0.2600000E+01  0.2982355E+01  0.2307290E+01  0.1698329E+01  0.1149030E+01  0.6535774E+00  0.2067132E+00 -0.1963091E+00 -0.5597764E+00 -0.8875588E+00 -0.1183150E+01 -0.1449704E+01 -0.1690067E+01
 0.2800000E+01  0.3210068E+01  0.2483589E+01  0.1828182E+01  0.1236937E+01  0.7036063E+00  0.2225440E+00 -0.2113497E+00 -0.6026814E+00 -0.9556113E+00 -0.1273896E+01 -0.1560926E+01 -0.1819763E+01
 0.3000000E+01  0.3437406E+01  0.2659625E+01  0.1957862E+01  0.1324738E+01  0.7535805E+00  0.2383592E+00 -0.2263768E+00 -0.6455520E+00 -0.1023615E+01 -0.1364582E+01 -0.1672083E+01 -0.1949391E+01
 0.3200000E+01  0.3664341E+01  0.2835380E+01  0.2087355E+01  0.1412424E+01  0.8034963E+00  0.2541577E+00 -0.2413897E+00 -0.6883859E+00 -0.1091566E+01 -0.1455206E+01 -0.1783169E+01 -0.2078945E+01
 0.3400000E+01  0.3890848E+01  0.3010836E+01  0.2216649E+01  0.1499989E+01  0.8533497E+00  0.2699383E+00 -0.2563873E+00 -0.7311805E+00 -0.1159460E+01 -0.1545761E+01 -0.1894181E+01 -0.2208421E+01
 0.3600000E+01  0.4116901E+01  0.3185975E+01  0.2345731E+01  0.1587425E+01  0.9031368E+00  0.2857001E+00 -0.2713687E+00 -0.7739334E+00 -0.1227295E+01 -0.1636245E+01 -0.2005114E+01 -0.2337813E+01
 0.3800000E+01  0.4342473E+01  0.3360777E+01  0.2474591E+01  0.1674724E+01  0.9528538E+00  0.3014418E+00 -0.2863330E+00 -0.8166421E+00 -0.1295067E+01 -0.1726653E+01 -0.2115963E+01 -0.2467116E+01
 0.4000000E+01  0.4567538E+01  0.3535226E+01  0.2603215E+01  0.1761880E+01  0.1002497E+01  0.3171625E+00 -0.3012791E+00 -0.8593042E+00 -0.1362772E+01 -0.1816981E+01 -0.2226723E+01 -0.2596327E+01
 0.4200000E+01  0.4792071E+01  0.3709302E+01  0.2731591E+01  0.1848884E+01  0.1052062E+01  0.3328609E+00 -0.3162062E+00 -0.9019173E+00 -0.1430407E+01 -0.1907224E+01 -0.2337389E+01 -0.2725439E+01
 0.4400000E+01  0.5016047E+01  0.3882988E+01  0.2859708E+01  0.1935730E+01  0.1101546E+01  0.3485360E+00 -0.3311133E+00 -0.9444789E+00 -0.1497968E+01 -0.1997379E+01 -0.2447958E+01 -0.2854448E+01
 0.4600000E+01  0.5239439E+01  0.4056266E+01  0.2987553E+01  0.2022409E+01  0.1150944E+01  0.3641867E+00 -0.3459995E+00 -0.9869866E+00 -0.1565452E+01 -0.2087441E+01 -0.2558423E+01 -0.2983349E+01
 0.4800000E+01  0.5462224E+01  0.4229118E+01  0.3115115E+01  0.2108915E+01  0.1200254E+01  0.3798119E+00 -0.3608638E+00 -0.1029438E+01 -0.1632855E+01 -0.2177405E+01 -0.2668781E+01 -0.3112137E+01
 0.5000000E+01  0.5684374E+01  0.4401526E+01  0.3242381E+01  0.2195240E+01  0.1249470E+01  0.3954105E+00 -0.3757052E+00 -0.1071830E+01 -0.1700174E+01 -0.2267268E+01 -0.2779027E+01 -0.3240806E+01
 0.5200000E+01  0.5905866E+01  0.4573473E+01  0.3369339E+01  0.2281377E+01  0.1298589E+01  0.4109815E+00 -0.3905229E+00 -0.1114162E+01 -0.1767405E+01 -0.2357026E+01 -0.2889157E+01 -0.3369353E+01
 0.5400000E+01  0.6126675E+01  0.4744941E+01  0.3495979E+01  0.2367318E+01  0.1347608E+01  0.4265236E+00 -0.4053159E+00 -0.1156429E+01 -0.1834545E+01 -0.2446673E+01 -0.2999164E+01 -0.3497771E+01
 0.5600000E+01  0.6346776E+01  0.4915913E+01  0.3622287E+01  0.2453057E+01  0.1396522E+01  0.4420359E+00 -0.4200833E+00 -0.1198631E+01 -0.1901591E+01 -0.2536207E+01 -0.3109045E+01 -0.3626057E+01
 0.5800000E+01  0.6566145E+01  0.5086371E+01  0.3748253E+01  0.2538586E+01  0.1445329E+01  0.4575173E+00 -0.4348241E+00 -0.1240764E+01 -0.1968538E+01 -0.2625622E+01 -0.3218795E+01 -0.3754205E+01
 0.6000000E+01  0.6784757E+01  0.5256299E+01  0.3873865E+01  0.2623897E+01  0.1494023E+01  0.4729666E+00 -0.4495373E+00 -0.1282826E+01 -0.2035383E+01 -0.2714914E+01 -0.3328410E+01 -0.3882209E+01
 0.6200000E+01  0.7002588E+01  0.5425678E+01  0.3999111E+01  0.2708985E+01  0.1542602E+01  0.4883829E+00 -0.4642221E+00 -0.1324814E+01 -0.2102123E+01 -0.2804080E+01 -0.3437884E+01 -0.4010066E+01
 0.6400000E+01  0.7219616E+01  0.5594493E+01  0.4123980E+01  0.2793841E+01  0.1591062E+01  0.5037650E+00 -0.4788776E+00 -0.1366727E+01 -0.2168755E+01 -0.2893115E+01 -0.3547213E+01 -0.4137769E+01
 0.6600000E+01  0.7435815E+01  0.5762725E+01  0.4248460E+01  0.2878458E+01  0.1639398E+01  0.5191118E+00 -0.4935027E+00 -0.1408562E+01 -0.2235274E+01 -0.2982014E+01 -0.3656391E+01 -0.4265315E+01
 0.6800000E+01  0.7651163E+01  0.5930360E+01  0.4372540E+01  0.2962830E+01  0.1687608E+01  0.5344223E+00 -0.5080966E+00 -0.1450316E+01 -0.2301677E+01 -0.3070774E+01 -0.3765415E+01 -0.4392698E+01
 0.7000000E+01  0.7865637E+01  0.6097379E+01  0.4496209E+01  0.3046949E+01  0.1735688E+01  0.5496954E+00 -0.5226583E+00 -0.1491986E+01 -0.2367961E+01 -0.3159389E+01 -0.3874280E+01 -0.4519912E+01
 0.7200000E+01  0.8079213E+01  0.6263766E+01  0.4619455E+01  0.3130809E+01  0.1783633E+01  0.5649301E+00 -0.5371869E+00 -0.1533572E+01 -0.2434123E+01 -0.3247857E+01 -0.3982981E+01 -0.4646953E+01
 0.7400000E+01  0.8291868E+01  0.6429505E+01  0.4742267E+01  0.3214401E+01  0.1831441E+01  0.5801253E+00 -0.5516815E+00 -0.1575069E+01 -0.2500158E+01 -0.3336173E+01 -0.4091512E+01 -0.4773817E+01
 0.7600000E+01  0.8503581E+01  0.6594580E+01  0.4864635E+01  0.3297721E+01  0.1879108E+01  0.5952800E+00 -0.5661412E+00 -0.1616476E+01 -0.2566064E+01 -0.3424332E+01 -0.4199870E+01 -0.4900497E+01
 0.7800000E+01  0.8714329E+01  0.6758975E+01  0.4986547E+01  0.3380760E+01  0.1926629E+01  0.6103930E+00 -0.5805650E+00 -0.1657791E+01 -0.2631836E+01 -0.3512330E+01 -0.4308050E+01 -0.5026989E+01
 0.8000000E+01  0.8924090E+01  0.6922674E+01  0.5107992E+01  0.3463512E+01  0.1974002E+01  0.6254633E+00 -0.5949520E+00 -0.1699010E+01 -0.2697471E+01 -0.3600162E+01 -0.4416046E+01 -0.5153287E+01
 0.8200000E+01  0.9132842E+01  0.7085661E+01  0.5228960E+01  0.3545969E+01  0.2021223E+01  0.6404899E+00 -0.6093014E+00 -0.1740132E+01 -0.2762967E+01 -0.3687826E+01 -0.4523854E+01 -0.5279387E+01
 0.8400000E+01  0.9340563E+01  0.7247920E+01  0.5349439E+01  0.3628126E+01  0.2068289E+01  0.6554718E+00 -0.6236121E+00 -0.1781154E+01 -0.2828318E+01 -0.3775316E+01 -0.4631470E+01 -0.5405284E+01
 0.8600000E+01  0.9547233E+01  0.7409436E+01  0.5469420E+01  0.3709975E+01  0.2115195E+01  0.6704079E+00 -0.6378833E+00 -0.1822073E+01 -0.2893523E+01 -0.3862628E+01 -0.4738888E+01 -0.5530972E+01
 0.8800000E+01  0.9752830E+01  0.7570194E+01  0.5588891E+01  0.3791511E+01  0.2161938E+01  0.6852971E+00 -0.6521141E+00 -0.1862888E+01 -0.2958576E+01 -0.3949757E+01 -0.4846103E+01 -0.5656446E+01
 0.9000000E+01  0.9957334E+01  0.7730178E+01  0.5707842E+01  0.3872725E+01  0.2208515E+01  0.7001385E+00 -0.6663036E+00 -0.1903596E+01 -0.3023476E+01 -0.4036701E+01 -0.4953112E+01 -0.5781701E+01
 0.9200000E+01  0.1016072E+02  0.7889374E+01  0.5826263E+01  0.3953611E+01  0.2254922E+01  0.7149310E+00 -0.6804508E+00 -0.1944194E+01 -0.3088218E+01 -0.4123453E+01 -0.5059908E+01 -0.5906733E+01
 0.9400000E+01  0.1036298E+02  0.8047766E+01  0.5944143E+01  0.4034164E+01  0.2301156E+01  0.7296735E+00 -0.6945548E+00 -0.1984681E+01 -0.3152799E+01 -0.4210011E+01 -0.5166488E+01 -0.6031535E+01
 0.9600000E+01  0.1056408E+02  0.8205340E+01  0.6061472E+01  0.4114376E+01  0.2347214E+01  0.7443651E+00 -0.7086149E+00 -0.2025053E+01 -0.3217215E+01 -0.4296369E+01 -0.5272846E+01 -0.6156103E+01
 0.9800000E+01  0.1076401E+02  0.8362081E+01  0.6178240E+01  0.4194242E+01  0.2393091E+01  0.7590047E+00 -0.7226299E+00 -0.2065308E+01 -0.3281463E+01 -0.4382524E+01 -0.5378978E+01 -0.6280431E+01
 0.1000000E+02  0.1096274E+02  0.8517976E+01  0.6294437E+01  0.4273753E+01  0.2438784E+01  0.7735914E+00 -0.7365992E+00 -0.2105445E+01 -0.3345540E+01 -0.4468471E+01 -0.5484879E+01 -0.6404515E+01
 0.1020000E+02  0.1116027E+02  0.8673009E+01  0.6410053E+01  0.4352905E+01  0.2484291E+01  0.7881241E+00 -0.7505216E+00 -0.2145460E+01 -0.3409441E+01 -0.4554206E+01 -0.5590543E+01 -0.6528350E+01
 0.1040000E+02  0.1135656E+02  0.8827168E+01  0.6525078E+01  0.4431691E+01  0.2529607E+01  0.8026018E+00 -0.7643965E+00 -0.2185351E+01 -0.3473164E+01 -0.4639724E+01 -0.5695967E+01 -0.6651929E+01
 0.1060000E+02  0.1155160E+02  0.8980437E+01  0.6639502E+01  0.4510105E+01  0.2574729E+01  0.8170235E+00 -0.7782229E+00 -0.2225117E+01 -0.3536705E+01 -0.4725022E+01 -0.5801144E+01 -0.6775248E+01
 0.1080000E+02  0.1174538E+02  0.9132804E+01  0.6753317E+01  0.4588140E+01  0.2619654E+01  0.8313882E+00 -0.7919998E+00 -0.2264754E+01 -0.3600060E+01 -0.4810094E+01 -0.5906072E+01 -0.6898302E+01
 0.1100000E+02  0.1193786E+02  0.9284255E+01  0.6866511E+01  0.4665791E+01  0.2664379E+01  0.8456950E+00 -0.8057265E+00 -0.2304260E+01 -0.3663227E+01 -0.4894938E+01 -0.6010743E+01 -0.7021085E+01
 0.1120000E+02  0.1212905E+02  0.9434776E+01  0.6979077E+01  0.4743050E+01  0.2708900E+01  0.8599428E+00 -0.8194020E+00 -0.2343633E+01 -0.3726200E+01 -0.4979547E+01 -0.6115155E+01 -0.7143592E+01
 0.1140000E+02  0.1231891E+02  0.9584355E+01  0.7091004E+01  0.4819913E+01  0.2753214E+01  0.8741306E+00 -0.8330254E+00 -0.2382870E+01 -0.3788979E+01 -0.5063919E+01 -0.6219301E+01 -0.7265818E+01
 0.1160000E+02  0.1250744E+02  0.9732979E+01  0.7202283E+01  0.4896373E+01  0.2797318E+01  0.8882575E+00 -0.8465959E+00 -0.2421970E+01 -0.3851557E+01 -0.5148049E+01 -0.6323177E+01 -0.7387757E+01
 0.1180000E+02  0.1269461E+02  0.9880634E+01  0.7312905E+01  0.4972424E+01  0.2841208E+01  0.9023226E+00 -0.8601127E+00 -0.2460930E+01 -0.3913933E+01 -0.5231932E+01 -0.6426778E+01 -0.7509405E+01
 0.1200000E+02  0.1288042E+02  0.1002731E+02  0.7422862E+01  0.5048061E+01  0.2884882E+01  0.9163247E+00 -0.8735748E+00 -0.2499747E+01 -0.3976103E+01 -0.5315565E+01 -0.6530098E+01 -0.7630756E+01
 0.1220000E+02  0.1306483E+02  0.1017299E+02  0.7532143E+01  0.5123276E+01  0.2928336E+01  0.9302631E+00 -0.8869813E+00 -0.2538419E+01 -0.4038062E+01 -0.5398942E+01 -0.6633135E+01 -0.7751805E+01
 0.1240000E+02  0.1324784E+02  0.1031767E+02  0.7640741E+01  0.5198066E+01  0.2971566E+01  0.9441366E+00 -0.9003315E+00 -0.2576944E+01 -0.4099809E+01 -0.5482060E+01 -0.6735881E+01 -0.7872546E+01
 0.1260000E+02  0.1342944E+02  0.1046133E+02  0.7748647E+01  0.5272423E+01  0.3014570E+01  0.9579445E+00 -0.9136244E+00 -0.2615319E+01 -0.4161339E+01 -0.5564914E+01 -0.6838333E+01 -0.7992974E+01
 0.1280000E+02  0.1360960E+02  0.1060396E+02  0.7855852E+01  0.5346343E+01  0.3057345E+01  0.9716856E+00 -0.9268592E+00 -0.2653543E+01 -0.4222649E+01 -0.5647500E+01 -0.6940485E+01 -0.8113084E+01
 0.1300000E+02  0.1378831E+02  0.1074555E+02  0.7962348E+01  0.5419820E+01  0.3099888E+01  0.9853591E+00 -0.9400351E+00 -0.2691613E+01 -0.4283735E+01 -0.5729814E+01 -0.7042332E+01 -0.8232870E+01
 0.1320000E+02  0.1396556E+02  0.1088609E+02  0.8068126E+01  0.5492847E+01  0.3142195E+01  0.9989641E+00 -0.9531511E+00 -0.2729526E+01 -0.4344594E+01 -0.5811851E+01 -0.7143870E+01 -0.8352327E+01
 0.1340000E+02  0.1414133E+02  0.1102556E+02  0.8173178E+01  0.5565420E+01  0.3184264E+01  0.1012500E+01 -0.9662065E+00 -0.2767280E+01 -0.4405223E+01 -0.5893607E+01 -0.7245094E+01 -0.8471450E+01
 0.1360000E+02  0.1431561E+02  0.1116396E+02  0.8277496E+01  0.5637533E+01  0.3226091E+01  0.1025965E+01 -0.9792004E+00 -0.2804874E+01 -0.4465618E+01 -0.5975078E+01 -0.7345998E+01 -0.8590232E+01
 0.1380000E+02  0.1448838E+02  0.1130128E+02  0.8381072E+01  0.5709182E+01  0.3267673E+01  0.1039358E+01 -0.9921319E+00 -0.2842304E+01 -0.4525775E+01 -0.6056260E+01 -0.7446578E+01 -0.8708670E+01
 0.1400000E+02  0.1465964E+02  0.1143750E+02  0.8483898E+01  0.5780359E+01  0.3309008E+01  0.1052680E+01 -0.1005000E+01 -0.2879569E+01 -0.4585692E+01 -0.6137147E+01 -0.7546828E+01 -0.8826757E+01
 0.1420000E+02  0.1482937E+02  0.1157261E+02  0.8585966E+01  0.5851061E+01  0.3350092E+01  0.1065928E+01 -0.1017805E+01 -0.2916666E+01 -0.4645364E+01 -0.6217736E+01 -0.7646744E+01 -0.8944488E+01
 0.1440000E+02  0.1499755E+02  0.1170661E+02  0.8687269E+01  0.5921282E+01  0.3390923E+01  0.1079102E+01 -0.1030544E+01 -0.2953593E+01 -0.4704789E+01 -0.6298022E+01 -0.7746321E+01 -0.9061857E+01
 0.1460000E+02  0.1516418E+02  0.1183948E+02  0.8787799E+01  0.5991016E+01  0.3431497E+01  0.1092202E+01 -0.1043218E+01 -0.2990347E+01 -0.4763962E+01 -0.6378001E+01 -0.7845553E+01 -0.9178859E+01
 0.1480000E+02  0.1532924E+02  0.1197122E+02  0.8887548E+01  0.6060260E+01  0.3471812E+01  0.1105225E+01 -0.1055825E+01 -0.3026927E+01 -0.4822881E+01 -0.6457669E+01 -0.7944436E+01 -0.9295489E+01
 0.1500000E+02  0.1549272E+02  0.1210181E+02  0.8986510E+01  0.6129007E+01  0.3511866E+01  0.1118172E+01 -0.1068365E+01 -0.3063330E+01 -0.4881543E+01 -0.6537022E+01 -0.8042964E+01 -0.9411740E+01
 0.1520000E+02  0.1565461E+02  0.1223124E+02  0.9084677E+01  0.6197253E+01  0.3551654E+01  0.1131041E+01 -0.1080837E+01 -0.3099554E+01 -0.4939942E+01 -0.6616054E+01 -0.8141133E+01 -0.9527608E+01
 0.1540000E+02  0.1581490E+02  0.1235952E+02  0.9182043E+01  0.6264993E+01  0.3591175E+01  0.1143831E+01 -0.1093240E+01 -0.3135596E+01 -0.4998077E+01 -0.6694762E+01 -0.8238938E+01 -0.9643087E+01
 0.1560000E+02  0.1597357E+02  0.1248661E+02  0.9278599E+01  0.6332222E+01  0.3630425E+01  0.1156543E+01 -0.1105573E+01 -0.3171455E+01 -0.5055944E+01 -0.6773142E+01 -0.8336373E+01 -0.9758171E+01
 0.1580000E+02  0.1613062E+02  0.1261253E+02  0.9374339E+01  0.6398936E+01  0.3669402E+01  0.1169174E+01 -0.1117836E+01 -0.3207128E+01 -0.5113539E+01 -0.6851188E+01 -0.8433433E+01 -0.9872855E+01
 0.1600000E+02  0.1628604E+02  0.1273726E+02  0.9469258E+01  0.6465129E+01  0.3708104E+01  0.1181724E+01 -0.1130027E+01 -0.3242613E+01 -0.5170860E+01 -0.6928897E+01 -0.8530114E+01 -0.9987133E+01
 0.1620000E+02  0.1643981E+02  0.1286078E+02  0.9563347E+01  0.6530797E+01  0.3746527E+01  0.1194192E+01 -0.1142146E+01 -0.3277907E+01 -0.5227901E+01 -0.7006264E+01 -0.8626409E+01 -0.1010100E+02
 0.1640000E+02  0.1659193E+02  0.1298310E+02  0.9656600E+01  0.6595936E+01  0.3784668E+01  0.1206577E+01 -0.1154193E+01 -0.3313009E+01 -0.5284661E+01 -0.7083286E+01 -0.8722315E+01 -0.1021445E+02
 0.1660000E+02  0.1674239E+02  0.1310421E+02  0.9749012E+01  0.6660541E+01  0.3822526E+01  0.1218878E+01 -0.1166165E+01 -0.3347917E+01 -0.5341136E+01 -0.7159956E+01 -0.8817826E+01 -0.1032748E+02
 0.1680000E+02  0.1689118E+02  0.1322409E+02  0.9840576E+01  0.6724607E+01  0.3860097E+01  0.1231096E+01 -0.1178063E+01 -0.3382627E+01 -0.5397323E+01 -0.7236273E+01 -0.8912938E+01 -0.1044007E+02
 0.1700000E+02  0.1703829E+02  0.1334274E+02  0.9931286E+01  0.6788130E+01  0.3897380E+01  0.1243228E+01 -0.1189886E+01 -0.3417139E+01 -0.5453217E+01 -0.7312229E+01 -0.9007643E+01 -0.1055224E+02
 0.1720000E+02  0.1718371E+02  0.1346015E+02  0.1002114E+02  0.6851106E+01  0.3934371E+01  0.1255273E+01 -0.1201632E+01 -0.3451449E+01 -0.5508816E+01 -0.7387823E+01 -0.9101939E+01 -0.1066396E+02
 0.1740000E+02  0.1732743E+02  0.1357632E+02  0.1011012E+02  0.6913531E+01  0.3971067E+01  0.1267232E+01 -0.1213302E+01 -0.3485555E+01 -0.5564116E+01 -0.7463049E+01 -0.9195819E+01 -0.1077524E+02
 0.1760000E+02  0.1746945E+02  0.1369124E+02  0.1019823E+02  0.6975401E+01  0.4007468E+01  0.1279104E+01 -0.1224894E+01 -0.3519456E+01 -0.5619114E+01 -0.7537902E+01 -0.9289279E+01 -0.1088607E+02
 0.1780000E+02  0.1760977E+02  0.1380489E+02  0.1028546E+02  0.7036710E+01  0.4043569E+01  0.1290887E+01 -0.1236408E+01 -0.3553150E+01 -0.5673807E+01 -0.7612379E+01 -0.9382313E+01 -0.1099644E+02
 0.1800000E+02  0.1774836E+02  0.1391729E+02  0.1037182E+02  0.7097456E+01  0.4079369E+01  0.1302580E+01 -0.1247843E+01 -0.3586633E+01 -0.5728191E+01 -0.7686475E+01 -0.9474916E+01 -0.1110635E+02
 0.1820000E+02  0.1788523E+02  0.1402841E+02  0.1045728E+02  0.7157635E+01  0.4114865E+01  0.1314184E+01 -0.1259198E+01 -0.3619904E+01 -0.5782263E+01 -0.7760186E+01 -0.9567083E+01 -0.1121579E+02
 0.1840000E+02  0.1802037E+02  0.1413825E+02  0.1054185E+02  0.7217241E+01  0.4150055E+01  0.1325696E+01 -0.1270472E+01 -0.3652961E+01 -0.5836019E+01 -0.7833507E+01 -0.9658809E+01 -0.1132476E+02
 0.1860000E+02  0.1815377E+02  0.1424681E+02  0.1062552E+02  0.7276272E+01  0.4184937E+01  0.1337117E+01 -0.1281665E+01 -0.3685802E+01 -0.5889456E+01 -0.7906434E+01 -0.9750088E+01 -0.1143324E+02
 0.1880000E+02  0.1828543E+02  0.1435407E+02  0.1070829E+02  0.7334725E+01  0.4219507E+01  0.1348446E+01 -0.1292775E+01 -0.3718424E+01 -0.5942571E+01 -0.7978962E+01 -0.9840916E+01 -0.1154124E+02
 0.1900000E+02  0.1841534E+02  0.1446005E+02  0.1079015E+02  0.7392594E+01  0.4253765E+01  0.1359682E+01 -0.1303803E+01 -0.3750826E+01 -0.5995361E+01 -0.8051088E+01 -0.9931288E+01 -0.1164875E+02
 0.1920000E+02  0.1854350E+02  0.1456472E+02  0.1087109E+02  0.7449876E+01  0.4287707E+01  0.1370823E+01 -0.1314747E+01 -0.3783005E+01 -0.6047822E+01 -0.8122807E+01 -0.1002120E+02 -0.1175576E+02
 0.1940000E+02  0.1866990E+02  0.1466809E+02  0.1095112E+02  0.7506569E+01  0.4321332E+01  0.1381870E+01 -0.1325607E+01 -0.3814959E+01 -0.6099950E+01 -0.8194114E+01 -0.1011064E+02 -0.1186227E+02
 0.1960000E+02  0.1879453E+02  0.1477014E+02  0.1103023E+02  0.7562668E+01  0.4354637E+01  0.1392822E+01 -0.1336382E+01 -0.3846686E+01 -0.6151743E+01 -0.8265006E+01 -0.1019961E+02 -0.1196827E+02
 0.1980000E+02  0.1891740E+02  0.1487088E+02  0.1110841E+02  0.7618170E+01  0.4387621E+01  0.1403678E+01 -0.1347071E+01 -0.3878185E+01 -0.6203197E+01 -0.8335477E+01 -0.1028810E+02 -0.1207375E+02
 0.2000000E+02  0.1903850E+02  0.1497030E+02  0.1118565E+02  0.7673071E+01  0.4420280E+01  0.1414437E+01 -0.1357674E+01 -0.3909452E+01 -0.6254309E+01 -0.8405524E+01 -0.1037611E+02 -0.1217871E+02
 0.2020000E+02  0.1915782E+02  0.1506840E+02  0.1126197E+02  0.7727369E+01  0.4452613E+01  0.1425098E+01 -0.1368190E+01 -0.3940486E+01 -0.6305076E+01 -0.8475142E+01 -0.1046363E+02 -0.1228315E+02
 0.2040000E+02  0.1927536E+02  0.1516516E+02  0.1133734E+02  0.7781060E+01  0.4484618E+01  0.1435661E+01 -0.1378617E+01 -0.3971285E+01 -0.6355494E+01 -0.8544326E+01 -0.1055066E+02 -0.1238705E+02
 0.2060000E+02  0.1939112E+02  0.1526059E+02  0.1141177E+02  0.7834140E+01  0.4516293E+01  0.1446126E+01 -0.1388956E+01 -0.4001847E+01 -0.6405560E+01 -0.8613073E+01 -0.1063719E+02 -0.1249041E+02
 0.2080000E+02  0.1950510E+02  0.1535469E+02  0.1148525E+02  0.7886608E+01  0.4547636E+01  0.1456491E+01 -0.1399206E+01 -0.4032170E+01 -0.6455271E+01 -0.8681378E+01 -0.1072321E+02 -0.1259323E+02
 0.2100000E+02  0.1961728E+02  0.1544744E+02  0.1155779E+02  0.7938459E+01  0.4578644E+01  0.1466755E+01 -0.1409366E+01 -0.4062251E+01 -0.6504623E+01 -0.8749237E+01 -0.1080873E+02 -0.1269550E+02
 0.2120000E+02  0.1972768E+02  0.1553886E+02  0.1162936E+02  0.7989691E+01  0.4609317E+01  0.1476919E+01 -0.1419436E+01 -0.4092089E+01 -0.6553614E+01 -0.8816644E+01 -0.1089373E+02 -0.1279720E+02
 0.2140000E+02  0.1983628E+02  0.1562892E+02  0.1169999E+02  0.8040301E+01  0.4639651E+01  0.1486981E+01 -0.1429414E+01 -0.4121682E+01 -0.6602239E+01 -0.8883597E+01 -0.1097821E+02 -0.1289835E+02
 0.2160000E+02  0.1994309E+02  0.1571763E+02  0.1176965E+02  0.8090286E+01  0.4669646E+01  0.1496940E+01 -0.1439300E+01 -0.4151027E+01 -0.6650496E+01 -0.8950090E+01 -0.1106217E+02 -0.1299893E+02
 0.2180000E+02  0.2004810E+02  0.1580499E+02  0.1183834E+02  0.8139643E+01  0.4699299E+01  0.1506797E+01 -0.1449093E+01 -0.4180123E+01 -0.6698382E+01 -0.9016120E+01 -0.1114559E+02 -0.1309893E+02
 0.2200000E+02  0.2015131E+02  0.1589100E+02  0.1190607E+02  0.8188370E+01  0.4728609E+01  0.1516550E+01 -0.1458793E+01 -0.4208968E+01 -0.6745893E+01 -0.9081681E+01 -0.1122848E+02 -0.1319835E+02
 0.2220000E+02  0.2025273E+02  0.1597564E+02  0.1197283E+02  0.8236464E+01  0.4757573E+01  0.1526199E+01 -0.1468399E+01 -0.4237560E+01 -0.6793025E+01 -0.9146769E+01 -0.1131083E+02 -0.1329718E+02
 0.2240000E+02  0.2035234E+02  0.1605892E+02  0.1203861E+02  0.8283922E+01  0.4786190E+01  0.1535743E+01 -0.1477911E+01 -0.4265896E+01 -0.6839777E+01 -0.9211381E+01 -0.1139264E+02 -0.1339542E+02
 0.2260000E+02  0.2045016E+02  0.1614084E+02  0.1210342E+02  0.8330742E+01  0.4814458E+01  0.1545182E+01 -0.1487327E+01 -0.4293975E+01 -0.6886144E+01 -0.9275512E+01 -0.1147389E+02 -0.1349306E+02
 0.2280000E+02  0.2054617E+02  0.1622140E+02  0.1216725E+02  0.8376922E+01  0.4842376E+01  0.1554515E+01 -0.1496648E+01 -0.4321796E+01 -0.6932124E+01 -0.9339157E+01 -0.1155458E+02 -0.1359009E+02
 0.2300000E+02  0.2064038E+02  0.1630059E+02  0.1223010E+02  0.8422459E+01  0.4869942E+01  0.1563741E+01 -0.1505871E+01 -0.4349355E+01 -0.6977713E+01 -0.9402312E+01 -0.1163471E+02 -0.1368651E+02
 0.2320000E+02  0.2073279E+02  0.1637840E+02  0.1229197E+02  0.8467351E+01  0.4897154E+01  0.1572860E+01 -0.1514998E+01 -0.4376651E+01 -0.7022908E+01 -0.9464973E+01 -0.1171428E+02 -0.1378231E+02
 0.2340000E+02  0.2082339E+02  0.1645485E+02  0.1235285E+02  0.8511596E+01  0.4924011E+01  0.1581871E+01 -0.1524027E+01 -0.4403683E+01 -0.7067705E+01 -0.9527135E+01 -0.1179327E+02 -0.1387749E+02
 0.2360000E+02  0.2091220E+02  0.1652993E+02  0.1241274E+02  0.8555191E+01  0.4950511E+01  0.1590773E+01 -0.1532958E+01 -0.4430447E+01 -0.7112103E+01 -0.9588794E+01 -0.1187168E+02 -0.1397204E+02
 0.2380000E+02  0.2099921E+02  0.1660363E+02  0.1247165E+02  0.8598134E+01  0.4976652E+01  0.1599567E+01 -0.1541789E+01 -0.4456943E+01 -0.7156097E+01 -0.9649946E+01 -0.1194951E+02 -0.1406595E+02
 0.2400000E+02  0.2108441E+02  0.1667596E+02  0.1252956E+02  0.8640424E+01  0.5002434E+01  0.1608251E+01 -0.1550522E+01 -0.4483169E+01 -0.7199684E+01 -0.9710586E+01 -0.1202674E+02 -0.1415921E+02
 0.2420000E+02  0.2116782E+02  0.1674691E+02  0.1258647E+02  0.8682058E+01  0.5027854E+01  0.1616825E+01 -0.1559153E+01 -0.4509122E+01 -0.7242862E+01 -0.9770711E+01 -0.1210339E+02 -0.1425183E+02
 0.2440000E+02  0.2124944E+02  0.1681649E+02  0.1264240E+02  0.8723035E+01  0.5052912E+01  0.1625288E+01 -0.1567684E+01 -0.4534801E+01 -0.7285627E+01 -0.9830315E+01 -0.1217943E+02 -0.1434379E+02
 0.2460000E+02  0.2132925E+02  0.1688469E+02  0.1269732E+02  0.8763353E+01  0.5077605E+01  0.1633640E+01 -0.1576114E+01 -0.4560204E+01 -0.7327976E+01 -0.9889395E+01 -0.1225487E+02 -0.1443508E+02
 0.2480000E+02  0.2140728E+02  0.1695151E+02  0.1275125E+02  0.8803009E+01  0.5101933E+01  0.1641881E+01 -0.1584442E+01 -0.4585329E+01 -0.7369906E+01 -0.9947946E+01 -0.1232970E+02 -0.1452571E+02
 0.2500000E+02  0.2148351E+02  0.1701695E+02  0.1280418E+02  0.8842003E+01  0.5125894E+01  0.1650009E+01 -0.1592667E+01 -0.4610175E+01 -0.7411414E+01 -0.1000596E+02 -0.1240391E+02 -0.1461567E+02
 0.2520000E+02  0.2155795E+02  0.1708102E+02  0.1285610E+02  0.8880332E+01  0.5149486E+01  0.1658024E+01 -0.1600789E+01 -0.4634739E+01 -0.7452496E+01 -0.1006344E+02 -0.1247750E+02 -0.1470494E+02
 0.2540000E+02  0.2163061E+02  0.1714371E+02  0.1290702E+02  0.8917996E+01  0.5172709E+01  0.1665926E+01 -0.1608808E+01 -0.4659020E+01 -0.7493151E+01 -0.1012038E+02 -0.1255046E+02 -0.1479352E+02
 0.2560000E+02  0.2170148E+02  0.1720503E+02  0.1295694E+02  0.8954992E+01  0.5195562E+01  0.1673714E+01 -0.1616722E+01 -0.4683015E+01 -0.7533374E+01 -0.1017677E+02 -0.1262279E+02 -0.1488141E+02
 0.2580000E+02  0.2177057E+02  0.1726497E+02  0.1300586E+02  0.8991319E+01  0.5218042E+01  0.1681388E+01 -0.1624532E+01 -0.4706724E+01 -0.7573162E+01 -0.1023262E+02 -0.1269448E+02 -0.1496860E+02
 0.2600000E+02  0.2183788E+02  0.1732353E+02  0.1305377E+02  0.9026975E+01  0.5240150E+01  0.1688948E+01 -0.1632236E+01 -0.4730144E+01 -0.7612514E+01 -0.1028790E+02 -0.1276553E+02 -0.1505508E+02
 0.2620000E+02  0.2190342E+02  0.1738071E+02  0.1310067E+02  0.9061961E+01  0.5261883E+01  0.1696392E+01 -0.1639834E+01 -0.4753274E+01 -0.7651425E+01 -0.1034263E+02 -0.1283593E+02 -0.1514085E+02
 0.2640000E+02  0.2196718E+02  0.1743652E+02  0.1314657E+02  0.9096273E+01  0.5283241E+01  0.1703720E+01 -0.1647326E+01 -0.4776112E+01 -0.7689892E+01 -0.1039680E+02 -0.1290567E+02 -0.1522589E+02
 0.2660000E+02  0.2202917E+02  0.1749096E+02  0.1319146E+02  0.9129912E+01  0.5304222E+01  0.1710932E+01 -0.1654711E+01 -0.4798656E+01 -0.7727913E+01 -0.1045040E+02 -0.1297476E+02 -0.1531021E+02
 0.2680000E+02  0.2208940E+02  0.1754402E+02  0.1323534E+02  0.9162875E+01  0.5324826E+01  0.1718028E+01 -0.1661989E+01 -0.4820905E+01 -0.7765485E+01 -0.1050342E+02 -0.1304318E+02 -0.1539380E+02
 0.2700000E+02  0.2214787E+02  0.1759572E+02  0.1327821E+02  0.9195162E+01  0.5345052E+01  0.1725007E+01 -0.1669158E+01 -0.4842857E+01 -0.7802604E+01 -0.1055587E+02 -0.1311093E+02 -0.1547665E+02
 0.2720000E+02  0.2220458E+02  0.1764604E+02  0.1332007E+02  0.9226772E+01  0.5364897E+01  0.1731868E+01 -0.1676220E+01 -0.4864509E+01 -0.7839269E+01 -0.1060774E+02 -0.1317800E+02 -0.1555875E+02
 0.2740000E+02  0.2225954E+02  0.1769499E+02  0.1336093E+02  0.9257704E+01  0.5384363E+01  0.1738611E+01 -0.1683172E+01 -0.4885862E+01 -0.7875475E+01 -0.1065903E+02 -0.1324439E+02 -0.1564010E+02
 0.2760000E+02  0.2231275E+02  0.1774258E+02  0.1340078E+02  0.9287956E+01  0.5403447E+01  0.1745236E+01 -0.1690015E+01 -0.4906912E+01 -0.7911219E+01 -0.1070973E+02 -0.1331010E+02 -0.1572069E+02
 0.2780000E+02  0.2236421E+02  0.1778880E+02  0.1343961E+02  0.9317529E+01  0.5422149E+01  0.1751743E+01 -0.1696748E+01 -0.4927658E+01 -0.7946500E+01 -0.1075983E+02 -0.1337511E+02 -0.1580051E+02
 0.2800000E+02  0.2241394E+02  0.1783365E+02  0.1347744E+02  0.9346422E+01  0.5440468E+01  0.1758130E+01 -0.1703371E+01 -0.4948099E+01 -0.7981314E+01 -0.1080934E+02 -0.1343942E+02 -0.1587956E+02
 0.2820000E+02  0.2246193E+02  0.1787715E+02  0.1351426E+02  0.9374633E+01  0.5458402E+01  0.1764398E+01 -0.1709882E+01 -0.4968233E+01 -0.8015658E+01 -0.1085825E+02 -0.1350303E+02 -0.1595783E+02
 0.2840000E+02  0.2250819E+02  0.1791928E+02  0.1355007E+02  0.9402162E+01  0.5475952E+01  0.1770546E+01 -0.1716283E+01 -0.4988059E+01 -0.8049529E+01 -0.1090655E+02 -0.1356593E+02 -0.1603532E+02
 0.2860000E+02  0.2255272E+02  0.1796006E+02  0.1358488E+02  0.9429009E+01  0.5493117E+01  0.1776574E+01 -0.1722571E+01 -0.5007574E+01 -0.8082925E+01 -0.1095424E+02 -0.1362812E+02 -0.1611201E+02
 0.2880000E+02  0.2259554E+02  0.1799948E+02  0.1361867E+02  0.9455172E+01  0.5509895E+01  0.1782481E+01 -0.1728748E+01 -0.5026778E+01 -0.8115843E+01 -0.1100132E+02 -0.1368959E+02 -0.1618790E+02
 0.2900000E+02  0.2263664E+02  0.1803755E+02  0.1365146E+02  0.9480652E+01  0.5526286E+01  0.1788267E+01 -0.1734811E+01 -0.5045668E+01 -0.8148279E+01 -0.1104778E+02 -0.1375033E+02 -0.1626299E+02
 0.2920000E+02  0.2267603E+02  0.1807427E+02  0.1368324E+02  0.9505449E+01  0.5542289E+01  0.1793932E+01 -0.1740762E+01 -0.5064244E+01 -0.8180231E+01 -0.1109362E+02 -0.1381035E+02 -0.1633727E+02
 0.2940000E+02  0.2271372E+02  0.1810964E+02  0.1371402E+02  0.9529561E+01  0.5557905E+01  0.1799475E+01 -0.1746599E+01 -0.5082503E+01 -0.8211697E+01 -0.1113883E+02 -0.1386962E+02 -0.1641072E+02
 0.2960000E+02  0.2274971E+02  0.1814367E+02  0.1374379E+02  0.9552988E+01  0.5573131E+01  0.1804897E+01 -0.1752322E+01 -0.5100445E+01 -0.8242673E+01 -0.1118341E+02 -0.1392816E+02 -0.1648335E+02
 0.2980000E+02  0.2278401E+02  0.1817635E+02  0.1377256E+02  0.9575731E+01  0.5587968E+01  0.1810196E+01 -0.1757930E+01 -0.5118067E+01 -0.8273157E+01 -0.1122736E+02 -0.1398595E+02 -0.1655515E+02
 0.3000000E+02  0.2281662E+02  0.1820770E+02  0.1380032E+02  0.9597789E+01  0.5602415E+01  0.1815373E+01 -0.1763424E+01 -0.5135368E+01 -0.8303146E+01 -0.1127067E+02 -0.1404298E+02 -0.1662611E+02
 0.3020000E+02  0.2284756E+02  0.1823771E+02  0.1382709E+02  0.9619162E+01  0.5616471E+01  0.1820426E+01 -0.1768802E+01 -0.5152348E+01 -0.8332638E+01 -0.1131334E+02 -0.1409926E+02 -0.1669623E+02
 0.3040000E+02  0.2287682E+02  0.1826638E+02  0.1385285E+02  0.9639850E+01  0.5630136E+01  0.1825357E+01 -0.1774065E+01 -0.5169004E+01 -0.8361628E+01 -0.1135536E+02 -0.1415478E+02 -0.1676549E+02
 0.3060000E+02  0.2290441E+02  0.1829373E+02  0.1387761E+02  0.9659853E+01  0.5643410E+01  0.1830164E+01 -0.1779212E+01 -0.5185334E+01 -0.8390116E+01 -0.1139673E+02 -0.1420952E+02 -0.1683389E+02
 0.3080000E+02  0.2293035E+02  0.1831975E+02  0.1390137E+02  0.9679171E+01  0.5656291E+01  0.1834847E+01 -0.1784243E+01 -0.5201339E+01 -0.8418099E+01 -0.1143745E+02 -0.1426349E+02 -0.1690143E+02
 0.3100000E+02  0.2295463E+02  0.1834445E+02  0.1392414E+02  0.9697803E+01  0.5668781E+01  0.1839407E+01 -0.1789157E+01 -0.5217015E+01 -0.8445572E+01 -0.1147750E+02 -0.1431669E+02 -0.1696809E+02
 0.3120000E+02  0.2297726E+02  0.1836783E+02  0.1394591E+02  0.9715751E+01  0.5680877E+01  0.1843842E+01 -0.1793953E+01 -0.5232362E+01 -0.8472535E+01 -0.1151690E+02 -0.1436910E+02 -0.1703387E+02
 0.3140000E+02  0.2299825E+02  0.1838990E+02  0.1396669E+02  0.9733015E+01  0.5692581E+01  0.1848153E+01 -0.1798632E+01 -0.5247379E+01 -0.8498985E+01 -0.1155563E+02 -0.1442071E+02 -0.1709877E+02
 0.3160000E+02  0.2301761E+02  0.1841065E+02  0.1398647E+02  0.9749594E+01  0.5703891E+01  0.1852338E+01 -0.1803194E+01 -0.5262064E+01 -0.8524918E+01 -0.1159369E+02 -0.1447154E+02 -0.1716277E+02
 0.3180000E+02  0.2303534E+02  0.1843010E+02  0.1400527E+02  0.9765489E+01  0.5714807E+01  0.1856399E+01 -0.1807637E+01 -0.5276415E+01 -0.8550332E+01 -0.1163107E+02 -0.1452156E+02 -0.1722588E+02
 0.3200000E+02  0.2305146E+02  0.1844824E+02  0.1402307E+02  0.9780701E+01  0.5725330E+01  0.1860335E+01 -0.1811961E+01 -0.5290432E+01 -0.8575226E+01 -0.1166778E+02 -0.1457078E+02 -0.1728808E+02
 0.3220000E+02  0.2306596E+02  0.1846509E+02  0.1403989E+02  0.9795229E+01  0.5735458E+01  0.1864146E+01 -0.1816167E+01 -0.5304114E+01 -0.8599595E+01 -0.1170380E+02 -0.1461918E+02 -0.1734936E+02
 0.3240000E+02  0.2307885E+02  0.1848064E+02  0.1405573E+02  0.9809075E+01  0.5745192E+01  0.1867830E+01 -0.1820253E+01 -0.5317458E+01 -0.8623439E+01 -0.1173914E+02 -0.1466677E+02 -0.1740973E+02
 0.3260000E+02  0.2309015E+02  0.1849490E+02  0.1407058E+02  0.9822238E+01  0.5754532E+01  0.1871389E+01 -0.1824220E+01 -0.5330464E+01 -0.8646754E+01 -0.1177379E+02 -0.1471353E+02 -0.1746917E+02
 0.3280000E+02  0.2309986E+02  0.1850787E+02  0.1408444E+02  0.9834720E+01  0.5763477E+01  0.1874822E+01 -0.1828068E+01 -0.5343131E+01 -0.8669537E+01 -0.1180774E+02 -0.1475947E+02 -0.1752767E+02
 0.3300000E+02  0.2310798E+02  0.1851956E+02  0.1409733E+02  0.9846521E+01  0.5772027E+01  0.1878129E+01 -0.1831795E+01 -0.5355456E+01 -0.8691787E+01 -0.1184100E+02 -0.1480457E+02 -0.1758523E+02
 0.3320000E+02  0.2311453E+02  0.1852997E+02  0.1410925E+02  0.9857641E+01  0.5780183E+01  0.1881309E+01 -0.1835401E+01 -0.5367440E+01 -0.8713501E+01 -0.1187355E+02 -0.1484884E+02 -0.1764185E+02
 0.3340000E+02  0.2311951E+02  0.1853910E+02  0.1412018E+02  0.9868082E+01  0.5787943E+01  0.1884363E+01 -0.1838887E+01 -0.5379081E+01 -0.8734677E+01 -0.1190540E+02 -0.1489226E+02 -0.1769751E+02
 0.3360000E+02  0.2312293E+02  0.1854697E+02  0.1413015E+02  0.9877844E+01  0.5795309E+01  0.1887291E+01 -0.1842252E+01 -0.5390377E+01 -0.8755312E+01 -0.1193654E+02 -0.1493484E+02 -0.1775222E+02
 0.3380000E+02  0.2312480E+02  0.1855358E+02  0.1413914E+02  0.9886928E+01  0.5802279E+01  0.1890091E+01 -0.1845496E+01 -0.5401328E+01 -0.8775404E+01 -0.1196697E+02 -0.1497656E+02 -0.1780595E+02
 0.3400000E+02  0.2312512E+02  0.1855892E+02  0.1414717E+02  0.9895335E+01  0.5808855E+01  0.1892765E+01 -0.1848618E+01 -0.5411933E+01 -0.8794951E+01 -0.1199668E+02 -0.1501742E+02 -0.1785871E+02
 0.3420000E+02  0.2312391E+02  0.1856301E+02  0.1415423E+02  0.9903065E+01  0.5815036E+01  0.1895311E+01 -0.1851619E+01 -0.5422190E+01 -0.8813950E+01 -0.1202567E+02 -0.1505741E+02 -0.1791049E+02
 0.3440000E+02  0.2312117E+02  0.1856586E+02  0.1416033E+02  0.9910120E+01  0.5820823E+01  0.1897731E+01 -0.1854497E+01 -0.5432098E+01 -0.8832399E+01 -0.1205394E+02 -0.1509654E+02 -0.1796128E+02
 0.3460000E+02  0.2311690E+02  0.1856745E+02  0.1416547E+02  0.9916501E+01  0.5826214E+01  0.1900023E+01 -0.1857253E+01 -0.5441657E+01 -0.8850297E+01 -0.1208148E+02 -0.1513479E+02 -0.1801108E+02
 0.3480000E+02  0.2311113E+02  0.1856781E+02  0.1416965E+02  0.9922209E+01  0.5831212E+01  0.1902187E+01 -0.1859887E+01 -0.5450864E+01 -0.8867639E+01 -0.1210829E+02 -0.1517216E+02 -0.1805988E+02
 0.3500000E+02  0.2310385E+02  0.1856693E+02  0.1417288E+02  0.9927245E+01  0.5835815E+01  0.1904225E+01 -0.1862398E+01 -0.5459720E+01 -0.8884426E+01 -0.1213437E+02 -0.1520865E+02 -0.1810766E+02
 0.3520000E+02  0.2309507E+02  0.1856482E+02  0.1417516E+02  0.9931609E+01  0.5840024E+01  0.1906134E+01 -0.1864786E+01 -0.5468224E+01 -0.8900653E+01 -0.1215970E+02 -0.1524425E+02 -0.1815444E+02
 0.3540000E+02  0.2308481E+02  0.1856149E+02  0.1417648E+02  0.9935304E+01  0.5843839E+01  0.1907916E+01 -0.1867051E+01 -0.5476373E+01 -0.8916320E+01 -0.1218430E+02 -0.1527895E+02 -0.1820019E+02
 0.3560000E+02  0.2307307E+02  0.1855694E+02  0.1417686E+02  0.9938330E+01  0.5847260E+01  0.1909571E+01 -0.1869193E+01 -0.5484168E+01 -0.8931424E+01 -0.1220815E+02 -0.1531275E+02 -0.1824491E+02
 0.3580000E+02  0.2305985E+02  0.1855118E+02  0.1417630E+02  0.9940689E+01  0.5850288E+01  0.1911097E+01 -0.1871211E+01 -0.5491607E+01 -0.8945963E+01 -0.1223125E+02 -0.1534564E+02 -0.1828860E+02
 0.3600000E+02  0.2304517E+02  0.1854421E+02  0.1417480E+02  0.9942382E+01  0.5852924E+01  0.1912496E+01 -0.1873105E+01 -0.5498689E+01 -0.8959936E+01 -0.1225360E+02 -0.1537763E+02 -0.1833125E+02
 0.3620000E+02  0.2302904E+02  0.1853603E+02  0.1417236E+02  0.9943410E+01  0.5855166E+01  0.1913767E+01 -0.1874876E+01 -0.5505414E+01 -0.8973339E+01 -0.1227519E+02 -0.1540870E+02 -0.1837285E+02
 0.3640000E+02  0.2301146E+02  0.1852666E+02  0.1416898E+02  0.9943775E+01  0.5857016E+01  0.1914910E+01 -0.1876522E+01 -0.5511780E+01 -0.8986171E+01 -0.1229602E+02 -0.1543884E+02 -0.1841339E+02
 0.3660000E+02  0.2299244E+02  0.1851610E+02  0.1416468E+02  0.9943478E+01  0.5858475E+01  0.1915925E+01 -0.1878044E+01 -0.5517788E+01 -0.8998430E+01 -0.1231610E+02 -0.1546807E+02 -0.1845287E+02
 0.3680000E+02  0.2297200E+02  0.1850435E+02  0.1415945E+02  0.9942521E+01  0.5859542E+01  0.1916812E+01 -0.1879442E+01 -0.5523435E+01 -0.9010114E+01 -0.1233540E+02 -0.1549636E+02 -0.1849129E+02
 0.3700000E+02  0.2295013E+02  0.1849141E+02  0.1415329E+02  0.9940905E+01  0.5860217E+01  0.1917572E+01 -0.1880716E+01 -0.5528721E+01 -0.9021222E+01 -0.1235394E+02 -0.1552371E+02 -0.1852863E+02
 0.3720000E+02  0.2292685E+02  0.1847731E+02  0.1414621E+02  0.9938632E+01  0.5860502E+01  0.1918203E+01 -0.1881864E+01 -0.5533646E+01 -0.9031751E+01 -0.1237170E+02 -0.1555013E+02 -0.1856488E+02
 0.3740000E+02  0.2290217E+02  0.1846203E+02  0.1413822E+02  0.9935703E+01  0.5860397E+01  0.1918707E+01 -0.1882888E+01 -0.5538208E+01 -0.9041699E+01 -0.1238869E+02 -0.1557560E+02 -0.1860005E+02
 0.3760000E+02  0.2287609E+02  0.1844559E+02  0.1412931E+02  0.9932120E+01  0.5859903E+01  0.1919083E+01 -0.1883787E+01 -0.5542408E+01 -0.9051065E+01 -0.1240490E+02 -0.1560012E+02 -0.1863413E+02
 0.3780000E+02  0.2284863E+02  0.1842800E+02  0.1411949E+02  0.9927885E+01  0.5859019E+01  0.1919330E+01 -0.1884561E+01 -0.5546243E+01 -0.9059847E+01 -0.1242033E+02 -0.1562369E+02 -0.1866710E+02
 0.3800000E+02  0.2281979E+02  0.1840925E+02  0.1410876E+02  0.9922999E+01  0.5857747E+01  0.1919450E+01 -0.1885210E+01 -0.5549714E+01 -0.9068043E+01 -0.1243497E+02 -0.1564630E+02 -0.1869897E+02
 0.3820000E+02  0.2278958E+02  0.1838935E+02  0.1409713E+02  0.9917464E+01  0.5856087E+01  0.1919443E+01 -0.1885734E+01 -0.5552819E+01 -0.9075652E+01 -0.1244883E+02 -0.1566794E+02 -0.1872972E+02
 0.3840000E+02  0.2275801E+02  0.1836832E+02  0.1408460E+02  0.9911283E+01  0.5854040E+01  0.1919307E+01 -0.1886132E+01 -0.5555559E+01 -0.9082671E+01 -0.1246189E+02 -0.1568861E+02 -0.1875935E+02
 0.3860000E+02  0.2272508E+02  0.1834615E+02  0.1407117E+02  0.9904456E+01  0.5851606E+01  0.1919044E+01 -0.1886405E+01 -0.5557932E+01 -0.9089100E+01 -0.1247416E+02 -0.1570831E+02 -0.1878785E+02
 0.3880000E+02  0.2269082E+02  0.1832285E+02  0.1405685E+02  0.9896985E+01  0.5848786E+01  0.1918654E+01 -0.1886553E+01 -0.5559937E+01 -0.9094936E+01 -0.1248564E+02 -0.1572703E+02 -0.1881522E+02
 0.3900000E+02  0.2265522E+02  0.1829843E+02  0.1404164E+02  0.9888874E+01  0.5845580E+01  0.1918136E+01 -0.1886575E+01 -0.5561575E+01 -0.9100178E+01 -0.1249631E+02 -0.1574477E+02 -0.1884145E+02
 0.3920000E+02  0.2261830E+02  0.1827290E+02  0.1402554E+02  0.9880122E+01  0.5841990E+01  0.1917490E+01 -0.1886471E+01 -0.5562845E+01 -0.9104824E+01 -0.1250618E+02 -0.1576152E+02 -0.1886653E+02
 0.3940000E+02  0.2258006E+02  0.1824625E+02  0.1400856E+02  0.9870733E+01  0.5838017E+01  0.1916717E+01 -0.1886242E+01 -0.5563746E+01 -0.9108874E+01 -0.1251524E+02 -0.1577728E+02 -0.1889047E+02
 0.3960000E+02  0.2254051E+02  0.1821850E+02  0.1399070E+02  0.9860709E+01  0.5833660E+01  0.1915817E+01 -0.1885888E+01 -0.5564278E+01 -0.9112325E+01 -0.1252350E+02 -0.1579205E+02 -0.1891324E+02
 0.3980000E+02  0.2249966E+02  0.1818966E+02  0.1397197E+02  0.9850051E+01  0.5828921E+01  0.1914790E+01 -0.1885407E+01 -0.5564439E+01 -0.9115175E+01 -0.1253094E+02 -0.1580581E+02 -0.1893484E+02
 0.4000000E+02  0.2245753E+02  0.1815972E+02  0.1395237E+02  0.9838761E+01  0.5823800E+01  0.1913636E+01 -0.1884801E+01 -0.5564231E+01 -0.9117425E+01 -0.1253757E+02 -0.1581856E+02 -0.1895528E+02
 0.4020000E+02  0.2241411E+02  0.1812869E+02  0.1393191E+02  0.9826842E+01  0.5818298E+01  0.1912355E+01 -0.1884069E+01 -0.5563651E+01 -0.9119071E+01 -0.1254338E+02 -0.1583031E+02 -0.1897453E+02
 0.4040000E+02  0.2236942E+02  0.1809659E+02  0.1391058E+02  0.9814296E+01  0.5812417E+01  0.1910948E+01 -0.1883212E+01 -0.5562701E+01 -0.9120114E+01 -0.1254837E+02 -0.1584104E+02 -0.1899261E+02
 0.4060000E+02  0.2232347E+02  0.1806341E+02  0.1388839E+02  0.9801125E+01  0.5806157E+01  0.1909414E+01 -0.1882228E+01 -0.5561378E+01 -0.9120551E+01 -0.1255254E+02 -0.1585076E+02 -0.1900949E+02
 0.4080000E+02  0.2227626E+02  0.1802917E+02  0.1386535E+02  0.9787331E+01  0.5799519E+01  0.1907753E+01 -0.1881119E+01 -0.5559684E+01 -0.9120381E+01 -0.1255589E+02 -0.1585945E+02 -0.1902518E+02
 0.4100000E+02  0.2222781E+02  0.1799386E+02  0.1384145E+02  0.9772916E+01  0.5792503E+01  0.1905966E+01 -0.1879885E+01 -0.5557618E+01 -0.9119603E+01 -0.1255840E+02 -0.1586712E+02 -0.1903966E+02
 0.4120000E+02  0.2217812E+02  0.1795751E+02  0.1381671E+02  0.9757883E+01  0.5785112E+01  0.1904054E+01 -0.1878524E+01 -0.5555179E+01 -0.9118217E+01 -0.1256009E+02 -0.1587375E+02 -0.1905293E+02
 0.4140000E+02  0.2212721E+02  0.1792010E+02  0.1379113E+02  0.9742233E+01  0.5777345E+01  0.1902015E+01 -0.1877039E+01 -0.5552367E+01 -0.9116220E+01 -0.1256095E+02 -0.1587935E+02 -0.1906500E+02
 0.4160000E+02  0.2207507E+02  0.1788165E+02  0.1376471E+02  0.9725970E+01  0.5769204E+01  0.1899851E+01 -0.1875427E+01 -0.5549181E+01 -0.9113612E+01 -0.1256097E+02 -0.1588392E+02 -0.1907584E+02
 0.4180000E+02  0.2202172E+02  0.1784217E+02  0.1373746E+02  0.9709096E+01  0.5760690E+01  0.1897561E+01 -0.1873690E+01 -0.5545623E+01 -0.9110391E+01 -0.1256015E+02 -0.1588743E+02 -0.1908545E+02
 0.4200000E+02  0.2196718E+02  0.1780166E+02  0.1370938E+02  0.9691613E+01  0.5751803E+01  0.1895146E+01 -0.1871828E+01 -0.5541690E+01 -0.9106557E+01 -0.1255850E+02 -0.1588991E+02 -0.1909384E+02
 0.4220000E+02  0.2191143E+02  0.1776012E+02  0.1368047E+02  0.9673522E+01  0.5742545E+01  0.1892605E+01 -0.1869840E+01 -0.5537384E+01 -0.9102109E+01 -0.1255600E+02 -0.1589133E+02 -0.1910098E+02
 0.4240000E+02  0.2185451E+02  0.1771758E+02  0.1365074E+02  0.9654828E+01  0.5732918E+01  0.1889940E+01 -0.1867727E+01 -0.5532704E+01 -0.9097045E+01 -0.1255266E+02 -0.1589170E+02 -0.1910688E+02
 0.4260000E+02  0.2179641E+02  0.1767402E+02  0.1362019E+02  0.9635532E+01  0.5722921E+01  0.1887151E+01 -0.1865489E+01 -0.5527650E+01 -0.9091365E+01 -0.1254847E+02 -0.1589101E+02 -0.1911154E+02
 0.4280000E+02  0.2173714E+02  0.1762945E+02  0.1358883E+02  0.9615637E+01  0.5712556E+01  0.1884237E+01 -0.1863125E+01 -0.5522221E+01 -0.9085068E+01 -0.1254344E+02 -0.1588925E+02 -0.1911493E+02
 0.4300000E+02  0.2167672E+02  0.1758389E+02  0.1355666E+02  0.9595144E+01  0.5701824E+01  0.1881198E+01 -0.1860637E+01 -0.5516418E+01 -0.9078153E+01 -0.1253755E+02 -0.1588643E+02 -0.1911707E+02
 0.4320000E+02  0.2161515E+02  0.1753735E+02  0.1352369E+02  0.9574058E+01  0.5690727E+01  0.1878036E+01 -0.1858024E+01 -0.5510240E+01 -0.9070619E+01 -0.1253082E+02 -0.1588255E+02 -0.1911794E+02
 0.4340000E+02  0.2155244E+02  0.1748981E+02  0.1348992E+02  0.9552380E+01  0.5679266E+01  0.1874751E+01 -0.1855286E+01 -0.5503689E+01 -0.9062466E+01 -0.1252323E+02 -0.1587759E+02 -0.1911754E+02
 0.4360000E+02  0.2148859E+02  0.1744130E+02  0.1345535E+02  0.9530113E+01  0.5667441E+01  0.1871342E+01 -0.1852423E+01 -0.5496762E+01 -0.9053693E+01 -0.1251478E+02 -0.1587155E+02 -0.1911587E+02
 0.4380000E+02  0.2142363E+02  0.1739182E+02  0.1341999E+02  0.9507260E+01  0.5655254E+01  0.1867809E+01 -0.1849436E+01 -0.5489461E+01 -0.9044299E+01 -0.1250548E+02 -0.1586444E+02 -0.1911291E+02
 0.4400000E+02  0.2135755E+02  0.1734138E+02  0.1338385E+02  0.9483823E+01  0.5642707E+01  0.1864154E+01 -0.1846325E+01 -0.5481786E+01 -0.9034283E+01 -0.1249531E+02 -0.1585624E+02 -0.1910867E+02
 0.4420000E+02  0.2129036E+02  0.1728997E+02  0.1334692E+02  0.9459804E+01  0.5629799E+01  0.1860377E+01 -0.1843090E+01 -0.5473736E+01 -0.9023646E+01 -0.1248429E+02 -0.1584696E+02 -0.1910313E+02
 0.4440000E+02  0.2122208E+02  0.1723762E+02  0.1330922E+02  0.9435208E+01  0.5616534E+01  0.1856477E+01 -0.1839730E+01 -0.5465312E+01 -0.9012386E+01 -0.1247241E+02 -0.1583658E+02 -0.1909629E+02
 0.4460000E+02  0.2115272E+02  0.1718432E+02  0.1327074E+02  0.9410035E+01  0.5602912E+01  0.1852456E+01 -0.1836247E+01 -0.5456514E+01 -0.9000503E+01 -0.1245965E+02 -0.1582512E+02 -0.1908816E+02
 0.4480000E+02  0.2108227E+02  0.1713008E+02  0.1323150E+02  0.9384290E+01  0.5588933E+01  0.1848312E+01 -0.1832640E+01 -0.5447341E+01 -0.8987997E+01 -0.1244604E+02 -0.1581256E+02 -0.1907871E+02
 0.4500000E+02  0.2101075E+02  0.1707491E+02  0.1319149E+02  0.9357974E+01  0.5574601E+01  0.1844048E+01 -0.1828909E+01 -0.5437795E+01 -0.8974868E+01 -0.1243156E+02 -0.1579890E+02 -0.1906795E+02
 0.4520000E+02  0.2093817E+02  0.1701882E+02  0.1315072E+02  0.9331091E+01  0.5559916E+01  0.1839662E+01 -0.1825055E+01 -0.5427876E+01 -0.8961114E+01 -0.1241620E+02 -0.1578414E+02 -0.1905588E+02
 0.4540000E+02  0.2086454E+02  0.1696181E+02  0.1310920E+02  0.9303643E+01  0.5544878E+01  0.1835156E+01 -0.1821079E+01 -0.5417583E+01 -0.8946735E+01 -0.1239998E+02 -0.1576827E+02 -0.1904248E+02
 0.4560000E+02  0.2078986E+02  0.1690388E+02  0.1306692E+02  0.9275634E+01  0.5529491E+01  0.1830530E+01 -0.1816979E+01 -0.5406916E+01 -0.8931733E+01 -0.1238289E+02 -0.1575130E+02 -0.1902776E+02
 0.4580000E+02  0.2071415E+02  0.1684505E+02  0.1302390E+02  0.9247065E+01  0.5513755E+01  0.1825784E+01 -0.1812757E+01 -0.5395877E+01 -0.8916105E+01 -0.1236493E+02 -0.1573322E+02 -0.1901170E+02
 0.4600000E+02  0.2063740E+02  0.1678532E+02  0.1298014E+02  0.9217941E+01  0.5497671E+01  0.1820918E+01 -0.1808412E+01 -0.5384466E+01 -0.8899853E+01 -0.1234609E+02 -0.1571403E+02 -0.1899431E+02
 0.4620000E+02  0.2055964E+02  0.1672470E+02  0.1293564E+02  0.9188263E+01  0.5481242E+01  0.1815933E+01 -0.1803946E+01 -0.5372682E+01 -0.8882975E+01 -0.1232637E+02 -0.1569372E+02 -0.1897558E+02
 0.4640000E+02  0.2048087E+02  0.1666319E+02  0.1289041E+02  0.9158035E+01  0.5464467E+01  0.1810829E+01 -0.1799357E+01 -0.5360526E+01 -0.8865472E+01 -0.1230579E+02 -0.1567230E+02 -0.1895551E+02
 0.4660000E+02  0.2040110E+02  0.1660080E+02  0.1284446E+02  0.9127260E+01  0.5447350E+01  0.1805607E+01 -0.1794647E+01 -0.5347999E+01 -0.8847345E+01 -0.1228432E+02 -0.1564975E+02 -0.1893408E+02
 0.4680000E+02  0.2032033E+02  0.1653754E+02  0.1279778E+02  0.9095940E+01  0.5429891E+01  0.1800267E+01 -0.1789816E+01 -0.5335101E+01 -0.8828592E+01 -0.1226198E+02 -0.1562609E+02 -0.1891131E+02
 0.4700000E+02  0.2023858E+02  0.1647341E+02  0.1275038E+02  0.9064078E+01  0.5412093E+01  0.1794809E+01 -0.1784863E+01 -0.5321832E+01 -0.8809214E+01 -0.1223876E+02 -0.1560130E+02 -0.1888717E+02
 0.4720000E+02  0.2015585E+02  0.1640843E+02  0.1270227E+02  0.9031679E+01  0.5393955E+01  0.1789234E+01 -0.1779790E+01 -0.5308194E+01 -0.8789212E+01 -0.1221466E+02 -0.1557538E+02 -0.1886168E+02
 0.4740000E+02  0.2007215E+02  0.1634258E+02  0.1265345E+02  0.8998743E+01  0.5375481E+01  0.1783542E+01 -0.1774596E+01 -0.5294185E+01 -0.8768585E+01 -0.1218968E+02 -0.1554834E+02 -0.1883482E+02
 0.4760000E+02  0.1998750E+02  0.1627590E+02  0.1260393E+02  0.8965276E+01  0.5356671E+01  0.1777734E+01 -0.1769282E+01 -0.5279808E+01 -0.8747334E+01 -0.1216382E+02 -0.1552016E+02 -0.1880659E+02
 0.4780000E+02  0.1990189E+02  0.1620837E+02  0.1255371E+02  0.8931279E+01  0.5337527E+01  0.1771809E+01 -0.1763849E+01 -0.5265062E+01 -0.8725458E+01 -0.1213709E+02 -0.1549086E+02 -0.1877699E+02
 0.4800000E+02  0.1981533E+02  0.1614001E+02  0.1250279E+02  0.8896755E+01  0.5318051E+01  0.1765769E+01 -0.1758295E+01 -0.5249949E+01 -0.8702959E+01 -0.1210947E+02 -0.1546042E+02 -0.1874601E+02
 0.4820000E+02  0.1972784E+02  0.1607082E+02  0.1245119E+02  0.8861708E+01  0.5298244E+01  0.1759614E+01 -0.1752623E+01 -0.5234468E+01 -0.8679837E+01 -0.1208097E+02 -0.1542884E+02 -0.1871365E+02
 0.4840000E+02  0.1963943E+02  0.1600081E+02  0.1239890E+02  0.8826142E+01  0.5278108E+01  0.1753345E+01 -0.1746832E+01 -0.5218621E+01 -0.8656092E+01 -0.1205158E+02 -0.1539613E+02 -0.1867991E+02
 0.4860000E+02  0.1955009E+02  0.1592998E+02  0.1234593E+02  0.8790058E+01  0.5257645E+01  0.1746961E+01 -0.1740922E+01 -0.5202408E+01 -0.8631725E+01 -0.1202132E+02 -0.1536228E+02 -0.1864479E+02
 0.4880000E+02  0.1945984E+02  0.1585835E+02  0.1229228E+02  0.8753460E+01  0.5236856E+01  0.1740463E+01 -0.1734894E+01 -0.5185829E+01 -0.8606736E+01 -0.1199017E+02 -0.1532729E+02 -0.1860827E+02
 0.4900000E+02  0.1936869E+02  0.1578592E+02  0.1223796E+02  0.8716351E+01  0.5215743E+01  0.1733852E+01 -0.1728748E+01 -0.5168887E+01 -0.8581125E+01 -0.1195814E+02 -0.1529116E+02 -0.1857036E+02
 0.4920000E+02  0.1927665E+02  0.1571269E+02  0.1218298E+02  0.8678734E+01  0.5194307E+01  0.1727128E+01 -0.1722485E+01 -0.5151580E+01 -0.8554894E+01 -0.1192523E+02 -0.1525388E+02 -0.1853106E+02
 0.4940000E+02  0.1918372E+02  0.1563867E+02  0.1212734E+02  0.8640613E+01  0.5172551E+01  0.1720292E+01 -0.1716104E+01 -0.5133911E+01 -0.8528044E+01 -0.1189144E+02 -0.1521546E+02 -0.1849036E+02
 0.4960000E+02  0.1908991E+02  0.1556387E+02  0.1207104E+02  0.8601991E+01  0.5150475E+01  0.1713344E+01 -0.1709607E+01 -0.5115880E+01 -0.8500574E+01 -0.1185676E+02 -0.1517590E+02 -0.1844826E+02
 0.4980000E+02  0.1899523E+02  0.1548829E+02  0.1201409E+02  0.8562870E+01  0.5128083E+01  0.1706285E+01 -0.1702994E+01 -0.5097487E+01 -0.8472487E+01 -0.1182121E+02 -0.1513519E+02 -0.1840476E+02
 0.5000000E+02  0.1889969E+02  0.1541195E+02  0.1195649E+02  0.8523255E+01  0.5105375E+01  0.1699115E+01 -0.1696265E+01 -0.5078734E+01 -0.8443782E+01 -0.1178477E+02 -0.1509334E+02 -0.1835985E+02
 0.5020000E+02  0.1880329E+02  0.1533484E+02  0.1189825E+02  0.8483148E+01  0.5082352E+01  0.1691835E+01 -0.1689421E+01 -0.5059622E+01 -0.8414460E+01 -0.1174745E+02 -0.1505034E+02 -0.1831353E+02
 0.5040000E+02  0.1870605E+02  0.1525698E+02  0.1183938E+02  0.8442552E+01  0.5059018E+01  0.1684444E+01 -0.1682461E+01 -0.5040152E+01 -0.8384524E+01 -0.1170925E+02 -0.1500619E+02 -0.1826581E+02
 0.5060000E+02  0.1860797E+02  0.1517836E+02  0.1177987E+02  0.8401471E+01  0.5035374E+01  0.1676945E+01 -0.1675387E+01 -0.5020324E+01 -0.8353973E+01 -0.1167018E+02 -0.1496090E+02 -0.1821667E+02
 0.5080000E+02  0.1850905E+02  0.1509901E+02  0.1171973E+02  0.8359909E+01  0.5011421E+01  0.1669336E+01 -0.1668199E+01 -0.5000140E+01 -0.8322809E+01 -0.1163022E+02 -0.1491446E+02 -0.1816611E+02
 0.5100000E+02  0.1840931E+02  0.1501891E+02  0.1165897E+02  0.8317867E+01  0.4987162E+01  0.1661620E+01 -0.1660897E+01 -0.4979600E+01 -0.8291032E+01 -0.1158938E+02 -0.1486687E+02 -0.1811414E+02
 0.5120000E+02  0.1830876E+02  0.1493808E+02  0.1159760E+02  0.8275350E+01  0.4962597E+01  0.1653795E+01 -0.1653481E+01 -0.4958706E+01 -0.8258645E+01 -0.1154767E+02 -0.1481813E+02 -0.1806076E+02
 0.5140000E+02  0.1820740E+02  0.1485653E+02  0.1153561E+02  0.8232362E+01  0.4937730E+01  0.1645864E+01 -0.1645953E+01 -0.4937459E+01 -0.8225648E+01 -0.1150508E+02 -0.1476824E+02 -0.1800595E+02
 0.5160000E+02  0.1810524E+02  0.1477427E+02  0.1147301E+02  0.8188904E+01  0.4912562E+01  0.1637826E+01 -0.1638313E+01 -0.4915860E+01 -0.8192043E+01 -0.1146161E+02 -0.1471720E+02 -0.1794972E+02
 0.5180000E+02  0.1800229E+02  0.1469128E+02  0.1140981E+02  0.8144981E+01  0.4887094E+01  0.1629681E+01 -0.1630561E+01 -0.4893910E+01 -0.8157832E+01 -0.1141727E+02 -0.1466502E+02 -0.1789208E+02
 0.5200000E+02  0.1789855E+02  0.1460760E+02  0.1134601E+02  0.8100596E+01  0.4861329E+01  0.1621432E+01 -0.1622698E+01 -0.4871610E+01 -0.8123014E+01 -0.1137206E+02 -0.1461168E+02 -0.1783301E+02
 0.5220000E+02  0.1779404E+02  0.1452321E+02  0.1128162E+02  0.8055752E+01  0.4835268E+01  0.1613077E+01 -0.1614723E+01 -0.4848962E+01 -0.8087593E+01 -0.1132597E+02 -0.1455720E+02 -0.1777251E+02
 0.5240000E+02  0.1768876E+02  0.1443813E+02  0.1121664E+02  0.8010452E+01  0.4808914E+01  0.1604618E+01 -0.1606639E+01 -0.4825966E+01 -0.8051569E+01 -0.1127902E+02 -0.1450158E+02 -0.1771059E+02
 0.5260000E+02  0.1758271E+02  0.1435237E+02  0.1115108E+02  0.7964701E+01  0.4782268E+01  0.1596056E+01 -0.1598444E+01 -0.4802624E+01 -0.8014945E+01 -0.1123119E+02 -0.1444480E+02 -0.1764725E+02
 0.5280000E+02  0.1747591E+02  0.1426592E+02  0.1108494E+02  0.7918501E+01  0.4755332E+01  0.1587390E+01 -0.1590140E+01 -0.4778938E+01 -0.7977721E+01 -0.1118250E+02 -0.1438689E+02 -0.1758248E+02
 0.5300000E+02  0.1736837E+02  0.1417880E+02  0.1101822E+02  0.7871856E+01  0.4728109E+01  0.1578622E+01 -0.1581728E+01 -0.4754908E+01 -0.7939900E+01 -0.1113294E+02 -0.1432782E+02 -0.1751629E+02
 0.5320000E+02  0.1726008E+02  0.1409101E+02  0.1095093E+02  0.7824768E+01  0.4700599E+01  0.1569751E+01 -0.1573207E+01 -0.4730536E+01 -0.7901483E+01 -0.1108251E+02 -0.1426762E+02 -0.1744867E+02
 0.5340000E+02  0.1715107E+02  0.1400256E+02  0.1088308E+02  0.7777243E+01  0.4672806E+01  0.1560780E+01 -0.1564579E+01 -0.4705824E+01 -0.7862473E+01 -0.1103123E+02 -0.1420627E+02 -0.1737962E+02
 0.5360000E+02  0.1704132E+02  0.1391346E+02  0.1081467E+02  0.7729282E+01  0.4644731E+01  0.1551707E+01 -0.1555843E+01 -0.4680773E+01 -0.7822871E+01 -0.1097908E+02 -0.1414378E+02 -0.1730914E+02
 0.5380000E+02  0.1693087E+02  0.1382370E+02  0.1074571E+02  0.7680890E+01  0.4616376E+01  0.1542535E+01 -0.1547001E+01 -0.4655383E+01 -0.7782678E+01 -0.1092607E+02 -0.1408015E+02 -0.1723725E+02
 0.5400000E+02  0.1681970E+02  0.1373331E+02  0.1067620E+02  0.7632069E+01  0.4587742E+01  0.1533263E+01 -0.1538053E+01 -0.4629658E+01 -0.7741898E+01 -0.1087221E+02 -0.1401538E+02 -0.1716392E+02
 0.5420000E+02  0.1670783E+02  0.1364227E+02  0.1060614E+02  0.7582824E+01  0.4558833E+01  0.1523892E+01 -0.1528999E+01 -0.4603598E+01 -0.7700532E+01 -0.1081749E+02 -0.1394948E+02 -0.1708917E+02
 0.5440000E+02  0.1659526E+02  0.1355060E+02  0.1053554E+02  0.7533157E+01  0.4529650E+01  0.1514423E+01 -0.1519841E+01 -0.4577204E+01 -0.7658582E+01 -0.1076192E+02 -0.1388244E+02 -0.1701300E+02
 0.5460000E+02  0.1648201E+02  0.1345831E+02  0.1046440E+02  0.7483073E+01  0.4500195E+01  0.1504856E+01 -0.1510578E+01 -0.4550479E+01 -0.7616051E+01 -0.1070550E+02 -0.1381428E+02 -0.1693540E+02
 0.5480000E+02  0.1636807E+02  0.1336540E+02  0.1039274E+02  0.7432574E+01  0.4470470E+01  0.1495192E+01 -0.1501212E+01 -0.4523424E+01 -0.7572940E+01 -0.1064823E+02 -0.1374498E+02 -0.1685639E+02
 0.5500000E+02  0.1625346E+02  0.1327188E+02  0.1032055E+02  0.7381665E+01  0.4440477E+01  0.1485433E+01 -0.1491742E+01 -0.4496041E+01 -0.7529252E+01 -0.1059011E+02 -0.1367455E+02 -0.1677595E+02
 0.5520000E+02  0.1613819E+02  0.1317775E+02  0.1024784E+02  0.7330348E+01  0.4410218E+01  0.1475577E+01 -0.1482170E+01 -0.4468331E+01 -0.7484990E+01 -0.1053116E+02 -0.1360299E+02 -0.1669409E+02
 0.5540000E+02  0.1602225E+02  0.1308302E+02  0.1017461E+02  0.7278627E+01  0.4379696E+01  0.1465627E+01 -0.1472497E+01 -0.4440296E+01 -0.7440155E+01 -0.1047136E+02 -0.1353032E+02 -0.1661082E+02
 0.5560000E+02  0.1590567E+02  0.1298770E+02  0.1010087E+02  0.7226506E+01  0.4348912E+01  0.1455582E+01 -0.1462722E+01 -0.4411937E+01 -0.7394751E+01 -0.1041073E+02 -0.1345652E+02 -0.1652613E+02
 0.5580000E+02  0.1578844E+02  0.1289179E+02  0.1002663E+02  0.7173988E+01  0.4317868E+01  0.1445444E+01 -0.1452847E+01 -0.4383257E+01 -0.7348780E+01 -0.1034926E+02 -0.1338161E+02 -0.1644003E+02
 0.5600000E+02  0.1567057E+02  0.1279529E+02  0.9951886E+01  0.7121076E+01  0.4286568E+01  0.1435212E+01 -0.1442871E+01 -0.4354257E+01 -0.7302244E+01 -0.1028696E+02 -0.1330558E+02 -0.1635252E+02
 0.5620000E+02  0.1555206E+02  0.1269822E+02  0.9876645E+01  0.7067775E+01  0.4255011E+01  0.1424889E+01 -0.1432797E+01 -0.4324939E+01 -0.7255146E+01 -0.1022384E+02 -0.1322843E+02 -0.1626359E+02
 0.5640000E+02  0.1543294E+02  0.1260058E+02  0.9800912E+01  0.7014087E+01  0.4223202E+01  0.1414474E+01 -0.1422624E+01 -0.4295305E+01 -0.7207489E+01 -0.1015989E+02 -0.1315018E+02 -0.1617326E+02
 0.5660000E+02  0.1531320E+02  0.1250238E+02  0.9724693E+01  0.6960017E+01  0.4191141E+01  0.1403968E+01 -0.1412353E+01 -0.4265357E+01 -0.7159275E+01 -0.1009512E+02 -0.1307083E+02 -0.1608153E+02
 0.5680000E+02  0.1519284E+02  0.1240362E+02  0.9647991E+01  0.6905567E+01  0.4158832E+01  0.1393372E+01 -0.1401985E+01 -0.4235097E+01 -0.7110508E+01 -0.1002953E+02 -0.1299037E+02 -0.1598840E+02
 0.5700000E+02  0.1507188E+02  0.1230430E+02  0.9570812E+01  0.6850742E+01  0.4126276E+01  0.1382687E+01 -0.1391520E+01 -0.4204526E+01 -0.7061190E+01 -0.9963120E+01 -0.1290881E+02 -0.1589387E+02
 0.5720000E+02  0.1495033E+02  0.1220444E+02  0.9493162E+01  0.6795544E+01  0.4093475E+01  0.1371913E+01 -0.1380959E+01 -0.4173646E+01 -0.7011325E+01 -0.9895905E+01 -0.1282616E+02 -0.1579795E+02
 0.5740000E+02  0.1482819E+02  0.1210403E+02  0.9415043E+01  0.6739978E+01  0.4060432E+01  0.1361050E+01 -0.1370304E+01 -0.4142460E+01 -0.6960915E+01 -0.9827882E+01 -0.1274242E+02 -0.1570063E+02
 0.5760000E+02  0.1470546E+02  0.1200310E+02  0.9336462E+01  0.6684047E+01  0.4027148E+01  0.1350101E+01 -0.1359554E+01 -0.4110969E+01 -0.6909963E+01 -0.9759056E+01 -0.1265759E+02 -0.1560193E+02
 0.5780000E+02  0.1458215E+02  0.1190163E+02  0.9257424E+01  0.6627754E+01  0.3993626E+01  0.1339065E+01 -0.1348710E+01 -0.4079176E+01 -0.6858473E+01 -0.9689430E+01 -0.1257168E+02 -0.1550185E+02
 0.5800000E+02  0.1445828E+02  0.1179964E+02  0.9177932E+01  0.6571104E+01  0.3959869E+01  0.1327943E+01 -0.1337773E+01 -0.4047083E+01 -0.6806447E+01 -0.9619008E+01 -0.1248469E+02 -0.1540038E+02
 0.5820000E+02  0.1433384E+02  0.1169713E+02  0.9097992E+01  0.6514099E+01  0.3925877E+01  0.1316736E+01 -0.1326744E+01 -0.4014691E+01 -0.6753889E+01 -0.9547795E+01 -0.1239663E+02 -0.1529755E+02
 0.5840000E+02  0.1420885E+02  0.1159412E+02  0.9017609E+01  0.6456744E+01  0.3891655E+01  0.1305445E+01 -0.1315623E+01 -0.3982003E+01 -0.6700803E+01 -0.9475795E+01 -0.1230750E+02 -0.1519334E+02
 0.5860000E+02  0.1408330E+02  0.1149059E+02  0.8936787E+01  0.6399041E+01  0.3857202E+01  0.1294071E+01 -0.1304411E+01 -0.3949021E+01 -0.6647191E+01 -0.9403012E+01 -0.1221730E+02 -0.1508777E+02
 0.5880000E+02  0.1395722E+02  0.1138657E+02  0.8855531E+01  0.6340995E+01  0.3822523E+01  0.1282613E+01 -0.1293110E+01 -0.3915747E+01 -0.6593058E+01 -0.9329450E+01 -0.1212605E+02 -0.1498083E+02
 0.5900000E+02  0.1383059E+02  0.1128205E+02  0.8773847E+01  0.6282608E+01  0.3787619E+01  0.1271073E+01 -0.1281719E+01 -0.3882183E+01 -0.6538405E+01 -0.9255113E+01 -0.1203374E+02 -0.1487255E+02
 0.5920000E+02  0.1370344E+02  0.1117705E+02  0.8691738E+01  0.6223886E+01  0.3752493E+01  0.1259452E+01 -0.1270239E+01 -0.3848332E+01 -0.6483238E+01 -0.9180008E+01 -0.1194038E+02 -0.1476291E+02
 0.5940000E+02  0.1357576E+02  0.1107156E+02  0.8609210E+01  0.6164831E+01  0.3717146E+01  0.1247751E+01 -0.1258672E+01 -0.3814196E+01 -0.6427560E+01 -0.9104137E+01 -0.1184598E+02 -0.1465193E+02
 0.5960000E+02  0.1344756E+02  0.1096559E+02  0.8526267E+01  0.6105446E+01  0.3681581E+01  0.1235969E+01 -0.1247017E+01 -0.3779777E+01 -0.6371374E+01 -0.9027506E+01 -0.1175054E+02 -0.1453961E+02
 0.5980000E+02  0.1331885E+02  0.1085916E+02  0.8442914E+01  0.6045736E+01  0.3645800E+01  0.1224109E+01 -0.1235277E+01 -0.3745077E+01 -0.6314684E+01 -0.8950120E+01 -0.1165407E+02 -0.1442595E+02
 0.6000000E+02  0.1318964E+02  0.1075226E+02  0.8359156E+01  0.5985705E+01  0.3609806E+01  0.1212171E+01 -0.1223451E+01 -0.3710100E+01 -0.6257494E+01 -0.8871984E+01 -0.1155657E+02 -0.1431097E+02
 0.6020000E+02  0.1305993E+02  0.1064490E+02  0.8274998E+01  0.5925355E+01  0.3573600E+01  0.1200155E+01 -0.1211540E+01 -0.3674846E+01 -0.6199808E+01 -0.8793103E+01 -0.1145805E+02 -0.1419467E+02
 0.6040000E+02  0.1292973E+02  0.1053709E+02  0.8190444E+01  0.5864690E+01  0.3537185E+01  0.1188062E+01 -0.1199546E+01 -0.3639319E+01 -0.6141630E+01 -0.8713481E+01 -0.1135851E+02 -0.1407706E+02
 0.6060000E+02  0.1279904E+02  0.1042882E+02  0.8105500E+01  0.5803714E+01  0.3500564E+01  0.1175893E+01 -0.1187468E+01 -0.3603521E+01 -0.6082963E+01 -0.8633125E+01 -0.1125797E+02 -0.1395814E+02
 0.6080000E+02  0.1266788E+02  0.1032012E+02  0.8020169E+01  0.5742431E+01  0.3463738E+01  0.1163650E+01 -0.1175309E+01 -0.3567454E+01 -0.6023811E+01 -0.8552040E+01 -0.1115642E+02 -0.1383792E+02
 0.6100000E+02  0.1253624E+02  0.1021098E+02  0.7934457E+01  0.5680844E+01  0.3426711E+01  0.1151332E+01 -0.1163068E+01 -0.3531121E+01 -0.5964179E+01 -0.8470230E+01 -0.1105388E+02 -0.1371641E+02
 0.6120000E+02  0.1240413E+02  0.1010140E+02  0.7848369E+01  0.5618957E+01  0.3389483E+01  0.1138941E+01 -0.1150746E+01 -0.3494525E+01 -0.5904071E+01 -0.8387703E+01 -0.1095035E+02 -0.1359361E+02
 0.6140000E+02  0.1227156E+02  0.9991405E+01  0.7761909E+01  0.5556774E+01  0.3352058E+01  0.1126477E+01 -0.1138344E+01 -0.3457667E+01 -0.5843491E+01 -0.8304462E+01 -0.1084584E+02 -0.1346954E+02
 0.6160000E+02  0.1213854E+02  0.9880986E+01  0.7675081E+01  0.5494298E+01  0.3314438E+01  0.1113941E+01 -0.1125864E+01 -0.3420551E+01 -0.5782443E+01 -0.8220515E+01 -0.1074036E+02 -0.1334419E+02
 0.6180000E+02  0.1200507E+02  0.9770152E+01  0.7587892E+01  0.5431532E+01  0.3276625E+01  0.1101334E+01 -0.1113306E+01 -0.3383179E+01 -0.5720931E+01 -0.8135866E+01 -0.1063390E+02 -0.1321759E+02
 0.6200000E+02  0.1187115E+02  0.9658909E+01  0.7500344E+01  0.5368481E+01  0.3238622E+01  0.1088657E+01 -0.1100670E+01 -0.3345554E+01 -0.5658960E+01 -0.8050523E+01 -0.1052649E+02 -0.1308973E+02
 0.6220000E+02  0.1173681E+02  0.9547263E+01  0.7412444E+01  0.5305149E+01  0.3200431E+01  0.1075911E+01 -0.1087958E+01 -0.3307678E+01 -0.5596535E+01 -0.7964490E+01 -0.1041812E+02 -0.1296062E+02
 0.6240000E+02  0.1160203E+02  0.9435218E+01  0.7324196E+01  0.5241538E+01  0.3162053E+01  0.1063096E+01 -0.1075171E+01 -0.3269554E+01 -0.5533659E+01 -0.7877775E+01 -0.1030881E+02 -0.1283028E+02
 0.6260000E+02  0.1146682E+02  0.9322781E+01  0.7235604E+01  0.5177652E+01  0.3123493E+01  0.1050213E+01 -0.1062309E+01 -0.3231184E+01 -0.5470337E+01 -0.7790383E+01 -0.1019856E+02 -0.1269871E+02
 0.6280000E+02  0.1133120E+02  0.9209957E+01  0.7146673E+01  0.5113496E+01  0.3084751E+01  0.1037264E+01 -0.1049373E+01 -0.3192572E+01 -0.5406574E+01 -0.7702321E+01 -0.1008738E+02 -0.1256593E+02
 0.6300000E+02  0.1119517E+02  0.9096752E+01  0.7057408E+01  0.5049072E+01  0.3045831E+01  0.1024248E+01 -0.1036364E+01 -0.3153720E+01 -0.5342374E+01 -0.7613595E+01 -0.9975279E+01 -0.1243193E+02
 0.6320000E+02  0.1105873E+02  0.8983170E+01  0.6967814E+01  0.4984385E+01  0.3006734E+01  0.1011168E+01 -0.1023284E+01 -0.3114631E+01 -0.5277743E+01 -0.7524211E+01 -0.9862265E+01 -0.1229674E+02
 0.6340000E+02  0.1092189E+02  0.8869217E+01  0.6877895E+01  0.4919437E+01  0.2967464E+01  0.9980227E+00 -0.1010132E+01 -0.3075307E+01 -0.5212684E+01 -0.7434177E+01 -0.9748346E+01 -0.1216036E+02
 0.6360000E+02  0.1078466E+02  0.8754900E+01  0.6787656E+01  0.4854234E+01  0.2928022E+01  0.9848142E+00 -0.9969102E+00 -0.3035752E+01 -0.5147202E+01 -0.7343499E+01 -0.9633531E+01 -0.1202280E+02
 0.6380000E+02  0.1064703E+02  0.8640222E+01  0.6697102E+01  0.4788778E+01  0.2888411E+01  0.9715430E+00 -0.9836191E+00 -0.2995968E+01 -0.5081303E+01 -0.7252183E+01 -0.9517827E+01 -0.1188407E+02
 0.6400000E+02  0.1050903E+02  0.8525190E+01  0.6606237E+01  0.4723073E+01  0.2848633E+01  0.9582100E+00 -0.9702595E+00 -0.2955958E+01 -0.5014991E+01 -0.7160238E+01 -0.9401245E+01 -0.1174418E+02
 0.6420000E+02  0.1037065E+02  0.8409809E+01  0.6515066E+01  0.4657123E+01  0.2808691E+01  0.9448161E+00 -0.9568326E+00 -0.2915725E+01 -0.4948271E+01 -0.7067669E+01 -0.9283792E+01 -0.1160314E+02
 0.6440000E+02  0.1023190E+02  0.8294084E+01  0.6423593E+01  0.4590931E+01  0.2768587E+01  0.9313622E+00 -0.9433391E+00 -0.2875272E+01 -0.4881149E+01 -0.6974483E+01 -0.9165479E+01 -0.1146096E+02
 0.6460000E+02  0.1009278E+02  0.8178021E+01  0.6331824E+01  0.4524502E+01  0.2728323E+01  0.9178491E+00 -0.9297800E+00 -0.2834601E+01 -0.4813628E+01 -0.6880689E+01 -0.9046313E+01 -0.1131766E+02
 0.6480000E+02  0.9953303E+01  0.8061624E+01  0.6239763E+01  0.4457838E+01  0.2687902E+01  0.9042776E+00 -0.9161562E+00 -0.2793717E+01 -0.4745715E+01 -0.6786293E+01 -0.8926306E+01 -0.1117324E+02
 0.6500000E+02  0.9813473E+01  0.7944901E+01  0.6147415E+01  0.4390944E+01  0.2647327E+01  0.8906487E+00 -0.9024686E+00 -0.2752621E+01 -0.4677414E+01 -0.6691303E+01 -0.8805465E+01 -0.1102772E+02
 0.6520000E+02  0.9673296E+01  0.7827854E+01  0.6054784E+01  0.4323823E+01  0.2606599E+01  0.8769633E+00 -0.8887183E+00 -0.2711316E+01 -0.4608731E+01 -0.6595726E+01 -0.8683801E+01 -0.1088111E+02
 0.6540000E+02  0.9532776E+01  0.7710491E+01  0.5961874E+01  0.4256479E+01  0.2565722E+01  0.8632221E+00 -0.8749061E+00 -0.2669806E+01 -0.4539670E+01 -0.6499569E+01 -0.8561324E+01 -0.1073342E+02
 0.6560000E+02  0.9391920E+01  0.7592816E+01  0.5868691E+01  0.4188915E+01  0.2524697E+01  0.8494262E+00 -0.8610329E+00 -0.2628094E+01 -0.4470237E+01 -0.6402840E+01 -0.8438043E+01 -0.1058466E+02
 0.6580000E+02  0.9250734E+01  0.7474835E+01  0.5775240E+01  0.4121136E+01  0.2483527E+01  0.8355763E+00 -0.8470998E+00 -0.2586182E+01 -0.4400438E+01 -0.6305547E+01 -0.8313969E+01 -0.1043484E+02
 0.6600000E+02  0.9109222E+01  0.7356552E+01  0.5681524E+01  0.4053144E+01  0.2442214E+01  0.8216734E+00 -0.8331077E+00 -0.2544075E+01 -0.4330278E+01 -0.6207698E+01 -0.8189112E+01 -0.1028399E+02
 0.6620000E+02  0.8967391E+01  0.7237973E+01  0.5587549E+01  0.3984945E+01  0.2400762E+01  0.8077184E+00 -0.8190576E+00 -0.2501774E+01 -0.4259761E+01 -0.6109301E+01 -0.8063481E+01 -0.1013210E+02
 0.6640000E+02  0.8825246E+01  0.7119104E+01  0.5493318E+01  0.3916540E+01  0.2359172E+01  0.7937121E+00 -0.8049504E+00 -0.2459283E+01 -0.4188895E+01 -0.6010363E+01 -0.7937089E+01 -0.9979192E+01
 0.6660000E+02  0.8682793E+01  0.6999949E+01  0.5398837E+01  0.3847934E+01  0.2317447E+01  0.7796555E+00 -0.7907871E+00 -0.2416605E+01 -0.4117683E+01 -0.5910892E+01 -0.7809944E+01 -0.9825282E+01
 0.6680000E+02  0.8540038E+01  0.6880514E+01  0.5304111E+01  0.3779132E+01  0.2275589E+01  0.7655494E+00 -0.7765687E+00 -0.2373743E+01 -0.4046132E+01 -0.5810898E+01 -0.7682059E+01 -0.9670381E+01
 0.6700000E+02  0.8396985E+01  0.6760804E+01  0.5209143E+01  0.3710135E+01  0.2233601E+01  0.7513948E+00 -0.7622962E+00 -0.2330701E+01 -0.3974247E+01 -0.5710387E+01 -0.7553443E+01 -0.9514502E+01
 0.6720000E+02  0.8253641E+01  0.6640824E+01  0.5113938E+01  0.3640949E+01  0.2191485E+01  0.7371926E+00 -0.7479705E+00 -0.2287481E+01 -0.3902034E+01 -0.5609368E+01 -0.7424108E+01 -0.9357660E+01
 0.6740000E+02  0.8110010E+01  0.6520579E+01  0.5018502E+01  0.3571576E+01  0.2149244E+01  0.7229436E+00 -0.7335926E+00 -0.2244087E+01 -0.3829499E+01 -0.5507849E+01 -0.7294065E+01 -0.9199868E+01
 0.6760000E+02  0.7966099E+01  0.6400075E+01  0.4922838E+01  0.3502021E+01  0.2106880E+01  0.7086488E+00 -0.7191636E+00 -0.2200522E+01 -0.3756647E+01 -0.5405840E+01 -0.7163326E+01 -0.9041140E+01
 0.6780000E+02  0.7821913E+01  0.6279316E+01  0.4826952E+01  0.3432287E+01  0.2064395E+01  0.6943091E+00 -0.7046844E+00 -0.2156789E+01 -0.3683484E+01 -0.5303348E+01 -0.7031901E+01 -0.8881490E+01
 0.6800000E+02  0.7677457E+01  0.6158309E+01  0.4730847E+01  0.3362377E+01  0.2021793E+01  0.6799255E+00 -0.6901561E+00 -0.2112891E+01 -0.3610016E+01 -0.5200382E+01 -0.6899802E+01 -0.8720934E+01
 0.6820000E+02  0.7532737E+01  0.6037057E+01  0.4634528E+01  0.3292297E+01  0.1979075E+01  0.6654987E+00 -0.6755795E+00 -0.2068833E+01 -0.3536249E+01 -0.5096950E+01 -0.6767041E+01 -0.8559485E+01
 0.6840000E+02  0.7387758E+01  0.5915566E+01  0.4538001E+01  0.3222048E+01  0.1936245E+01  0.6510298E+00 -0.6609559E+00 -0.2024616E+01 -0.3462188E+01 -0.4993062E+01 -0.6633630E+01 -0.8397159E+01
 0.6860000E+02  0.7242526E+01  0.5793842E+01  0.4441268E+01  0.3151636E+01  0.1893304E+01  0.6365197E+00 -0.6462861E+00 -0.1980245E+01 -0.3387840E+01 -0.4888726E+01 -0.6499580E+01 -0.8233970E+01
 0.6880000E+02  0.7097045E+01  0.5671888E+01  0.4344336E+01  0.3081063E+01  0.1850255E+01  0.6219692E+00 -0.6315711E+00 -0.1935722E+01 -0.3313210E+01 -0.4783952E+01 -0.6364903E+01 -0.8069934E+01
 0.6900000E+02  0.6951322E+01  0.5549712E+01  0.4247208E+01  0.3010333E+01  0.1807101E+01  0.6073794E+00 -0.6168121E+00 -0.1891052E+01 -0.3238305E+01 -0.4678747E+01 -0.6229612E+01 -0.7905065E+01
 0.6920000E+02  0.6805362E+01  0.5427316E+01  0.4149890E+01  0.2939451E+01  0.1763844E+01  0.5927512E+00 -0.6020100E+00 -0.1846237E+01 -0.3163130E+01 -0.4573122E+01 -0.6093719E+01 -0.7739381E+01
 0.6940000E+02  0.6659170E+01  0.5304707E+01  0.4052385E+01  0.2868419E+01  0.1720486E+01  0.5780854E+00 -0.5871659E+00 -0.1801280E+01 -0.3087692E+01 -0.4467084E+01 -0.5957235E+01 -0.7572896E+01
 0.6960000E+02  0.6512751E+01  0.5181890E+01  0.3954698E+01  0.2797241E+01  0.1677031E+01  0.5633830E+00 -0.5722807E+00 -0.1756186E+01 -0.3011997E+01 -0.4360644E+01 -0.5820174E+01 -0.7405626E+01
 0.6980000E+02  0.6366110E+01  0.5058870E+01  0.3856835E+01  0.2725922E+01  0.1633480E+01  0.5486450E+00 -0.5573556E+00 -0.1710957E+01 -0.2936050E+01 -0.4253810E+01 -0.5682549E+01 -0.7237587E+01
 0.7000000E+02  0.6219254E+01  0.4935651E+01  0.3758798E+01  0.2654465E+01  0.1589836E+01  0.5338723E+00 -0.5423915E+00 -0.1665597E+01 -0.2859858E+01 -0.4146592E+01 -0.5544371E+01 -0.7068796E+01
 0.7020000E+02  0.6072187E+01  0.4812239E+01  0.3660593E+01  0.2582873E+01  0.1546102E+01  0.5190658E+00 -0.5273895E+00 -0.1620109E+01 -0.2783428E+01 -0.4038999E+01 -0.5405653E+01 -0.6899268E+01
 0.7040000E+02  0.5924914E+01  0.4688639E+01  0.3562225E+01  0.2511150E+01  0.1502280E+01  0.5042265E+00 -0.5123507E+00 -0.1574497E+01 -0.2706765E+01 -0.3931041E+01 -0.5266409E+01 -0.6729022E+01
 0.7060000E+02  0.5777441E+01  0.4564856E+01  0.3463697E+01  0.2439301E+01  0.1458373E+01  0.4893553E+00 -0.4972761E+00 -0.1528765E+01 -0.2629875E+01 -0.3822726E+01 -0.5126651E+01 -0.6558072E+01
 0.7080000E+02  0.5629774E+01  0.4440895E+01  0.3365015E+01  0.2367328E+01  0.1414383E+01  0.4744531E+00 -0.4821667E+00 -0.1482915E+01 -0.2552766E+01 -0.3714065E+01 -0.4986392E+01 -0.6386436E+01
 0.7100000E+02  0.5481916E+01  0.4316761E+01  0.3266183E+01  0.2295235E+01  0.1370313E+01  0.4595210E+00 -0.4670236E+00 -0.1436951E+01 -0.2475443E+01 -0.3605067E+01 -0.4845646E+01 -0.6214131E+01
 0.7120000E+02  0.5333874E+01  0.4192458E+01  0.3167205E+01  0.2223027E+01  0.1326165E+01  0.4445598E+00 -0.4518478E+00 -0.1390877E+01 -0.2397912E+01 -0.3495742E+01 -0.4704425E+01 -0.6041174E+01
 0.7140000E+02  0.5185652E+01  0.4067992E+01  0.3068086E+01  0.2150706E+01  0.1281941E+01  0.4295704E+00 -0.4366405E+00 -0.1344696E+01 -0.2320181E+01 -0.3386099E+01 -0.4562744E+01 -0.5867583E+01
 0.7160000E+02  0.5037256E+01  0.3943369E+01  0.2968831E+01  0.2078277E+01  0.1237645E+01  0.4145540E+00 -0.4214026E+00 -0.1298412E+01 -0.2242255E+01 -0.3276148E+01 -0.4420615E+01 -0.5693374E+01
 0.7180000E+02  0.4888692E+01  0.3818592E+01  0.2869443E+01  0.2005742E+01  0.1193279E+01  0.3995113E+00 -0.4061352E+00 -0.1252028E+01 -0.2164141E+01 -0.3165899E+01 -0.4278052E+01 -0.5518566E+01
 0.7200000E+02  0.4739963E+01  0.3693667E+01  0.2769928E+01  0.1933107E+01  0.1148845E+01  0.3844434E+00 -0.3908394E+00 -0.1205548E+01 -0.2085845E+01 -0.3055361E+01 -0.4135069E+01 -0.5343175E+01
 0.7220000E+02  0.4591076E+01  0.3568598E+01  0.2670290E+01  0.1860374E+01  0.1104346E+01  0.3693511E+00 -0.3755163E+00 -0.1158975E+01 -0.2007374E+01 -0.2944545E+01 -0.3991679E+01 -0.5167221E+01
 0.7240000E+02  0.4442035E+01  0.3443392E+01  0.2570534E+01  0.1787548E+01  0.1059785E+01  0.3542356E+00 -0.3601670E+00 -0.1112313E+01 -0.1928735E+01 -0.2833460E+01 -0.3847896E+01 -0.4990720E+01
 0.7260000E+02  0.4292845E+01  0.3318052E+01  0.2470663E+01  0.1714632E+01  0.1015163E+01  0.3390976E+00 -0.3447924E+00 -0.1065566E+01 -0.1849934E+01 -0.2722117E+01 -0.3703733E+01 -0.4813691E+01
 0.7280000E+02  0.4143513E+01  0.3192584E+01  0.2370683E+01  0.1641629E+01  0.9704843E+00  0.3239383E+00 -0.3293937E+00 -0.1018736E+01 -0.1770977E+01 -0.2610526E+01 -0.3559206E+01 -0.4636152E+01
 0.7300000E+02  0.3994042E+01  0.3066992E+01  0.2270598E+01  0.1568543E+01  0.9257504E+00  0.3087584E+00 -0.3139719E+00 -0.9718283E+00 -0.1691871E+01 -0.2498695E+01 -0.3414327E+01 -0.4458122E+01
 0.7320000E+02  0.3844438E+01  0.2941282E+01  0.2170412E+01  0.1495379E+01  0.8809641E+00  0.2935591E+00 -0.2985282E+00 -0.9248455E+00 -0.1612622E+01 -0.2386637E+01 -0.3269111E+01 -0.4279618E+01
 0.7340000E+02  0.3694706E+01  0.2815459E+01  0.2070130E+01  0.1422140E+01  0.8361279E+00  0.2783412E+00 -0.2830636E+00 -0.8777916E+00 -0.1533238E+01 -0.2274360E+01 -0.3123572E+01 -0.4100659E+01
 0.7360000E+02  0.3544852E+01  0.2689527E+01  0.1969757E+01  0.1348829E+01  0.7912444E+00  0.2631057E+00 -0.2675792E+00 -0.8306700E+00 -0.1453725E+01 -0.2161875E+01 -0.2977723E+01 -0.3921265E+01
 0.7380000E+02  0.3394879E+01  0.2563491E+01  0.1869296E+01  0.1275450E+01  0.7463161E+00  0.2478537E+00 -0.2520760E+00 -0.7834845E+00 -0.1374089E+01 -0.2049192E+01 -0.2831580E+01 -0.3741453E+01
 0.7400000E+02  0.3244794E+01  0.2437356E+01  0.1768753E+01  0.1202007E+01  0.7013456E+00  0.2325859E+00 -0.2365553E+00 -0.7362386E+00 -0.1294338E+01 -0.1936321E+01 -0.2685157E+01 -0.3561242E+01
 0.7420000E+02  0.3094601E+01  0.2311128E+01  0.1668131E+01  0.1128504E+01  0.6563355E+00  0.2173035E+00 -0.2210179E+00 -0.6889360E+00 -0.1214477E+01 -0.1823272E+01 -0.2538467E+01 -0.3380651E+01
 0.7440000E+02  0.2944306E+01  0.2184810E+01  0.1567436E+01  0.1054945E+01  0.6112883E+00  0.2020074E+00 -0.2054651E+00 -0.6415802E+00 -0.1134515E+01 -0.1710057E+01 -0.2391526E+01 -0.3199700E+01
 0.7460000E+02  0.2793912E+01  0.2058409E+01  0.1466672E+01  0.9813319E+00  0.5662065E+00  0.1866985E+00 -0.1898979E+00 -0.5941751E+00 -0.1054456E+01 -0.1596685E+01 -0.2244347E+01 -0.3018407E+01
 0.7480000E+02  0.2643427E+01  0.1931928E+01  0.1365842E+01  0.9076699E+00  0.5210927E+00  0.1713778E+00 -0.1743174E+00 -0.5467241E+00 -0.9743085E+00 -0.1483166E+01 -0.2096946E+01 -0.2836791E+01
 0.7500000E+02  0.2492854E+01  0.1805374E+01  0.1264953E+01  0.8339624E+00  0.4759494E+00  0.1560463E+00 -0.1587247E+00 -0.4992310E+00 -0.8940788E+00 -0.1369511E+01 -0.1949336E+01 -0.2654872E+01
 0.7520000E+02  0.2342198E+01  0.1678749E+01  0.1164008E+01  0.7602130E+00  0.4307793E+00  0.1407049E+00 -0.1431209E+00 -0.4516994E+00 -0.8137737E+00 -0.1255730E+01 -0.1801532E+01 -0.2472669E+01
 0.7540000E+02  0.2191465E+01  0.1552061E+01  0.1063011E+01  0.6864255E+00  0.3855848E+00  0.1253546E+00 -0.1275070E+00 -0.4041329E+00 -0.7333998E+00 -0.1141834E+01 -0.1653550E+01 -0.2290201E+01
 0.7560000E+02  0.2040660E+01  0.1425312E+01  0.9619678E+00  0.6126036E+00  0.3403685E+00  0.1099965E+00 -0.1118843E+00 -0.3565353E+00 -0.6529641E+00 -0.1027833E+01 -0.1505403E+01 -0.2107488E+01
 0.7580000E+02  0.1889787E+01  0.1298510E+01  0.8608820E+00  0.5387510E+00  0.2951330E+00  0.9463138E-01 -0.9625367E-01 -0.3089102E+00 -0.5724733E+00 -0.9137379E+00 -0.1357106E+01 -0.1924549E+01
 0.7600000E+02  0.1738852E+01  0.1171657E+01  0.7597582E+00  0.4648714E+00  0.2498808E+00  0.7926030E-01 -0.8061633E-01 -0.2612612E+00 -0.4919341E+00 -0.7995586E+00 -0.1208674E+01 -0.1741404E+01
 0.7620000E+02  0.1587859E+01  0.1044759E+01  0.6586009E+00  0.3909685E+00  0.2046145E+00  0.6388421E-01 -0.6497335E-01 -0.2135921E+00 -0.4113533E+00 -0.6853057E+00 -0.1060122E+01 -0.1558071E+01
 0.7640000E+02  0.1436814E+01  0.9178213E+00  0.5574146E+00  0.3170460E+00  0.1593366E+00  0.4850409E-01 -0.4932582E-01 -0.1659066E+00 -0.3307378E+00 -0.5709899E+00 -0.9114641E+00 -0.1374572E+01
 0.7660000E+02  0.1285722E+01  0.7908484E+00  0.4562037E+00  0.2431075E+00  0.1140498E+00  0.3312091E-01 -0.3367483E-01 -0.1182082E+00 -0.2500944E+00 -0.4566215E+00 -0.7627156E+00 -0.1190925E+01
 0.7680000E+02  0.1134587E+01  0.6638451E+00  0.3549727E+00  0.1691569E+00  0.6875647E-01  0.1773564E-01 -0.1802148E-01 -0.7050070E-01 -0.1694299E+00 -0.3422111E+00 -0.6138911E+00 -0.1007150E+01
 0.7700000E+02  0.9834150E+00  0.5368164E+00  0.2537261E+00  0.9519787E-01  0.2345928E-01  0.2349251E-02 -0.2366878E-02 -0.2278778E-01 -0.8875102E-01 -0.2277693E+00 -0.4650055E+00 -0.8232673E+00
 0.7720000E+02  0.8322105E+00  0.4097671E+00  0.1524684E+00  0.2123403E-01 -0.2183922E-01 -0.1303729E-01  0.1328789E-01  0.2492691E-01 -0.8064671E-02 -0.1133065E+00 -0.3160735E+00 -0.6392959E+00
 0.7740000E+02  0.6809785E+00  0.2827022E+00  0.5120387E-01 -0.5273088E-01 -0.6713650E-01 -0.2842300E-01  0.2894174E-01  0.7263968E-01  0.7262236E-01  0.1166708E-02 -0.1671101E+00 -0.4552559E+00
 0.7760000E+02  0.5297242E+00  0.1556264E+00 -0.5006288E-01 -0.1266931E+00 -0.1124300E+00 -0.4380692E-01  0.4459355E-01  0.1203468E+00  0.1533033E+00  0.1156398E+00 -0.1812996E-01 -0.2711669E+00
 0.7780000E+02  0.3784523E+00  0.2854464E-01 -0.1513274E+00 -0.2006491E+00 -0.1577171E+00 -0.5918808E-01  0.6024224E-01  0.1680447E+00  0.2339712E+00  0.2301023E+00  0.1308520E+00 -0.8704876E-01
 0.7800000E+02  0.2271681E+00 -0.9853821E-01 -0.2525853E+00 -0.2745949E+00 -0.2029953E+00 -0.7456550E-01  0.7588672E-01  0.2157296E+00  0.3146194E+00  0.3445436E+00  0.2798208E+00  0.9707872E-01
 0.7820000E+02  0.7587629E-01 -0.2256173E+00 -0.3538321E+00 -0.3485270E+00 -0.2482621E+00 -0.8993821E-01  0.9152588E-01  0.2633979E+00  0.3952410E+00  0.4589532E+00  0.4287618E+00  0.2811958E+00
 0.7840000E+02 -0.7541797E-01 -0.3526877E+00 -0.4550632E+00 -0.4224417E+00 -0.2935148E+00 -0.1053052E+00  0.1071586E+00  0.3110458E+00  0.4758292E+00  0.5733206E+00  0.5776601E+00  0.4652826E+00
 0.7860000E+02 -0.2267097E+00 -0.4797446E+00 -0.5562743E+00 -0.4963351E+00 -0.3387510E+00 -0.1206656E+00  0.1227839E+00  0.3586698E+00  0.5563773E+00  0.6876353E+00  0.7265008E+00  0.6493194E+00
 0.7880000E+02 -0.3779941E+00 -0.6067832E+00 -0.6574610E+00 -0.5702037E+00 -0.3839680E+00 -0.1360184E+00  0.1384005E+00  0.4062661E+00  0.6368783E+00  0.8018867E+00  0.8752692E+00  0.8332865E+00
 0.7900000E+02 -0.5292659E+00 -0.7337985E+00 -0.7586186E+00 -0.6440437E+00 -0.4291633E+00 -0.1513626E+00  0.1540075E+00  0.4538311E+00  0.7173256E+00  0.9160645E+00  0.1023950E+01  0.1017164E+01
 0.7920000E+02 -0.6805204E+00 -0.8607856E+00 -0.8597428E+00 -0.7178514E+00 -0.4743344E+00 -0.1666972E+00  0.1696037E+00  0.5013610E+00  0.7977124E+00  0.1030158E+01  0.1172530E+01  0.1200932E+01
 0.7940000E+02 -0.8317524E+00 -0.9877398E+00 -0.9608291E+00 -0.7916231E+00 -0.5194786E+00 -0.1820213E+00  0.1851880E+00  0.5488523E+00  0.8780318E+00  0.1144157E+01  0.1320992E+01  0.1384572E+01
 0.7960000E+02 -0.9829570E+00 -0.1114656E+01 -0.1061873E+01 -0.8653551E+00 -0.5645935E+00 -0.1973339E+00  0.2007593E+00  0.5963013E+00  0.9582771E+00  0.1258051E+01  0.1469323E+01  0.1568063E+01
 0.7980000E+02 -0.1134129E+01 -0.1241530E+01 -0.1162870E+01 -0.9390436E+00 -0.6096765E+00 -0.2126340E+00  0.2163166E+00  0.6437044E+00  0.1038442E+01  0.1371829E+01  0.1617508E+01  0.1751385E+01
 0.8000000E+02 -0.1285264E+01 -0.1368356E+01 -0.1263816E+01 -0.1012685E+01 -0.6547251E+00 -0.2279208E+00  0.2318587E+00  0.6910578E+00  0.1118518E+01  0.1485481E+01  0.1765532E+01  0.1934520E+01
 0.8020000E+02 -0.1436357E+01 -0.1495129E+01 -0.1364706E+01 -0.1086276E+01 -0.6997366E+00 -0.2431931E+00  0.2473846E+00  0.7383580E+00  0.1198501E+01  0.1598997E+01  0.1913380E+01  0.2117447E+01
 0.8040000E+02 -0.1587402E+01 -0.1621845E+01 -0.1465536E+01 -0.1159812E+01 -0.7447085E+00 -0.2584501E+00  0.2628932E+00  0.7856012E+00  0.1278382E+01  0.1712366E+01  0.2061039E+01  0.2300147E+01
 0.8060000E+02 -0.1738394E+01 -0.1748499E+01 -0.1566301E+01 -0.1233290E+01 -0.7896383E+00 -0.2736907E+00  0.2783834E+00  0.8327840E+00  0.1358156E+01  0.1825578E+01  0.2208492E+01  0.2482601E+01
 0.8080000E+02 -0.1889330E+01 -0.1875085E+01 -0.1666997E+01 -0.1306706E+01 -0.8345234E+00 -0.2889140E+00  0.2938542E+00  0.8799026E+00  0.1437815E+01  0.1938623E+01  0.2355726E+01  0.2664789E+01
 0.8100000E+02 -0.2040203E+01 -0.2001600E+01 -0.1767619E+01 -0.1380056E+01 -0.8793614E+00 -0.3041191E+00  0.3093043E+00  0.9269534E+00  0.1517354E+01  0.2051490E+01  0.2502727E+01  0.2846692E+01
 0.8120000E+02 -0.2191008E+01 -0.2128038E+01 -0.1868164E+01 -0.1453337E+01 -0.9241495E+00 -0.3193050E+00  0.3247328E+00  0.9739329E+00  0.1596764E+01  0.2164169E+01  0.2649479E+01  0.3028291E+01
 0.8140000E+02 -0.2341742E+01 -0.2254393E+01 -0.1968625E+01 -0.1526545E+01 -0.9688854E+00 -0.3344708E+00  0.3401386E+00  0.1020837E+01  0.1676040E+01  0.2276650E+01  0.2795969E+01  0.3209566E+01
 0.8160000E+02 -0.2492397E+01 -0.2380662E+01 -0.2069000E+01 -0.1599676E+01 -0.1013566E+01 -0.3496153E+00  0.3555206E+00  0.1067663E+01  0.1755175E+01  0.2388923E+01  0.2942181E+01  0.3390498E+01
 0.8180000E+02 -0.2642971E+01 -0.2506840E+01 -0.2169283E+01 -0.1672726E+01 -0.1058190E+01 -0.3647378E+00  0.3708777E+00  0.1114407E+01  0.1834162E+01  0.2500977E+01  0.3088103E+01  0.3571068E+01
 0.8200000E+02 -0.2793457E+01 -0.2632921E+01 -0.2269469E+01 -0.1745693E+01 -0.1102754E+01 -0.3798373E+00  0.3862088E+00  0.1161065E+01  0.1912996E+01  0.2612803E+01  0.3233718E+01  0.3751258E+01
 0.8220000E+02 -0.2943850E+01 -0.2758900E+01 -0.2369556E+01 -0.1818571E+01 -0.1147255E+01 -0.3949127E+00  0.4015130E+00  0.1207634E+01  0.1991668E+01  0.2724389E+01  0.3379015E+01  0.3931048E+01
 0.8240000E+02 -0.3094146E+01 -0.2884773E+01 -0.2469537E+01 -0.1891358E+01 -0.1191691E+01 -0.4099632E+00  0.4167890E+00  0.1254110E+01  0.2070173E+01  0.2835727E+01  0.3523977E+01  0.4110419E+01
 0.8260000E+02 -0.3244339E+01 -0.3010534E+01 -0.2569409E+01 -0.1964050E+01 -0.1236060E+01 -0.4249878E+00  0.4320360E+00  0.1300489E+01  0.2148504E+01  0.2946807E+01  0.3668591E+01  0.4289354E+01
 0.8280000E+02 -0.3394425E+01 -0.3136180E+01 -0.2669167E+01 -0.2036643E+01 -0.1280358E+01 -0.4399855E+00  0.4472527E+00  0.1346769E+01  0.2226655E+01  0.3057617E+01  0.3812844E+01  0.4467832E+01
 0.8300000E+02 -0.3544398E+01 -0.3261704E+01 -0.2768806E+01 -0.2109133E+01 -0.1324584E+01 -0.4549554E+00  0.4624381E+00  0.1392945E+01  0.2304619E+01  0.3168149E+01  0.3956720E+01  0.4645836E+01
 0.8320000E+02 -0.3694253E+01 -0.3387102E+01 -0.2868323E+01 -0.2181516E+01 -0.1368735E+01 -0.4698965E+00  0.4775912E+00  0.1439014E+01  0.2382390E+01  0.3278392E+01  0.4100207E+01  0.4823348E+01
 0.8340000E+02 -0.3843985E+01 -0.3512369E+01 -0.2967712E+01 -0.2253790E+01 -0.1412808E+01 -0.4848080E+00  0.4927109E+00  0.1484973E+01  0.2459961E+01  0.3388337E+01  0.4243291E+01  0.5000348E+01
 0.8360000E+02 -0.3993589E+01 -0.3637500E+01 -0.3066969E+01 -0.2325949E+01 -0.1456801E+01 -0.4996887E+00  0.5077961E+00  0.1530818E+01  0.2537326E+01  0.3497973E+01  0.4385957E+01  0.5176820E+01
 0.8380000E+02 -0.4143060E+01 -0.3762490E+01 -0.3166089E+01 -0.2397991E+01 -0.1500712E+01 -0.5145379E+00  0.5228459E+00  0.1576545E+01  0.2614479E+01  0.3607292E+01  0.4528193E+01  0.5352744E+01
 0.8400000E+02 -0.4292393E+01 -0.3887334E+01 -0.3265069E+01 -0.2469912E+01 -0.1544537E+01 -0.5293545E+00  0.5378591E+00  0.1622151E+01  0.2691412E+01  0.3716284E+01  0.4669985E+01  0.5528103E+01
 0.8420000E+02 -0.4441583E+01 -0.4012027E+01 -0.3363902E+01 -0.2541708E+01 -0.1588274E+01 -0.5441376E+00  0.5528348E+00  0.1667633E+01  0.2768121E+01  0.3824938E+01  0.4811319E+01  0.5702879E+01
 0.8440000E+02 -0.4590624E+01 -0.4136565E+01 -0.3462586E+01 -0.2613376E+01 -0.1631921E+01 -0.5588863E+00  0.5677718E+00  0.1712987E+01  0.2844599E+01  0.3933245E+01  0.4952181E+01  0.5877055E+01
 0.8460000E+02 -0.4739512E+01 -0.4260941E+01 -0.3561116E+01 -0.2684911E+01 -0.1675475E+01 -0.5735997E+00  0.5826692E+00  0.1758210E+01  0.2920839E+01  0.4041196E+01  0.5092560E+01  0.6050612E+01
 0.8480000E+02 -0.4888241E+01 -0.4385152E+01 -0.3659486E+01 -0.2756310E+01 -0.1718934E+01 -0.5882767E+00  0.5975258E+00  0.1803299E+01  0.2996835E+01  0.4148781E+01  0.5232441E+01  0.6223534E+01
 0.8500000E+02 -0.5036807E+01 -0.4509191E+01 -0.3757692E+01 -0.2827569E+01 -0.1762295E+01 -0.6029165E+00  0.6123407E+00  0.1848249E+01  0.3072581E+01  0.4255992E+01  0.5371811E+01  0.6395803E+01
 0.8520000E+02 -0.5185203E+01 -0.4633055E+01 -0.3855731E+01 -0.2898685E+01 -0.1805556E+01 -0.6175182E+00  0.6271129E+00  0.1893058E+01  0.3148071E+01  0.4362817E+01  0.5510658E+01  0.6567402E+01
 0.8540000E+02 -0.5333425E+01 -0.4756738E+01 -0.3953597E+01 -0.2969653E+01 -0.1848714E+01 -0.6320807E+00  0.6418412E+00  0.1937722E+01  0.3223299E+01  0.4469250E+01  0.5648969E+01  0.6738314E+01
 0.8560000E+02 -0.5481468E+01 -0.4880235E+01 -0.4051285E+01 -0.3040471E+01 -0.1891766E+01 -0.6466033E+00  0.6565248E+00  0.1982238E+01  0.3298259E+01  0.4575279E+01  0.5786730E+01  0.6908522E+01
 0.8580000E+02 -0.5629326E+01 -0.5003541E+01 -0.4148792E+01 -0.3111135E+01 -0.1934711E+01 -0.6610849E+00  0.6711625E+00  0.2026602E+01  0.3372944E+01  0.4680896E+01  0.5923930E+01  0.7078010E+01
 0.8600000E+02 -0.5776994E+01 -0.5126651E+01 -0.4246113E+01 -0.3181640E+01 -0.1977546E+01 -0.6755246E+00  0.6857534E+00  0.2070812E+01  0.3447349E+01  0.4786092E+01  0.6060555E+01  0.7246760E+01
 0.8620000E+02 -0.5924468E+01 -0.5249560E+01 -0.4343243E+01 -0.3251983E+01 -0.2020267E+01 -0.6899215E+00  0.7002964E+00  0.2114863E+01  0.3521468E+01  0.4890858E+01  0.6196593E+01  0.7414757E+01
 0.8640000E+02 -0.6071741E+01 -0.5372263E+01 -0.4440177E+01 -0.3322160E+01 -0.2062874E+01 -0.7042747E+00  0.7147906E+00  0.2158753E+01  0.3595294E+01  0.4995184E+01  0.6332032E+01  0.7581985E+01
 0.8660000E+02 -0.6218809E+01 -0.5494755E+01 -0.4536912E+01 -0.3392168E+01 -0.2105362E+01 -0.7185833E+00  0.7292349E+00  0.2202478E+01  0.3668823E+01  0.5099063E+01  0.6466859E+01  0.7748427E+01
 0.8680000E+02 -0.6365666E+01 -0.5617030E+01 -0.4633442E+01 -0.3462003E+01 -0.2147731E+01 -0.7328464E+00  0.7436283E+00  0.2246036E+01  0.3742047E+01  0.5202485E+01  0.6601063E+01  0.7914068E+01
 0.8700000E+02 -0.6512307E+01 -0.5739085E+01 -0.4729763E+01 -0.3531662E+01 -0.2189976E+01 -0.7470630E+00  0.7579699E+00  0.2289422E+01  0.3814961E+01  0.5305442E+01  0.6734631E+01  0.8078891E+01
 0.8720000E+02 -0.6658726E+01 -0.5860913E+01 -0.4825870E+01 -0.3601140E+01 -0.2232097E+01 -0.7612322E+00  0.7722586E+00  0.2332634E+01  0.3887560E+01  0.5407924E+01  0.6867551E+01  0.8242881E+01
 0.8740000E+02 -0.6804919E+01 -0.5982509E+01 -0.4921759E+01 -0.3670434E+01 -0.2274089E+01 -0.7753532E+00  0.7864935E+00  0.2375668E+01  0.3959838E+01  0.5509923E+01  0.6999812E+01  0.8406023E+01
 0.8760000E+02 -0.6950880E+01 -0.6103869E+01 -0.5017425E+01 -0.3739540E+01 -0.2315952E+01 -0.7894250E+00  0.8006736E+00  0.2418522E+01  0.4031789E+01  0.5611432E+01  0.7131402E+01  0.8568302E+01
 0.8780000E+02 -0.7096604E+01 -0.6224987E+01 -0.5112864E+01 -0.3808454E+01 -0.2357682E+01 -0.8034468E+00  0.8147978E+00  0.2461192E+01  0.4103407E+01  0.5712440E+01  0.7262309E+01  0.8729703E+01
 0.8800000E+02 -0.7242085E+01 -0.6345858E+01 -0.5208071E+01 -0.3877173E+01 -0.2399277E+01 -0.8174176E+00  0.8288653E+00  0.2503674E+01  0.4174687E+01  0.5812941E+01  0.7392523E+01  0.8890210E+01
 0.8820000E+02 -0.7387318E+01 -0.6466477E+01 -0.5303042E+01 -0.3945694E+01 -0.2440734E+01 -0.8313365E+00  0.8428751E+00  0.2545966E+01  0.4245623E+01  0.5912925E+01  0.7522031E+01  0.9049810E+01
 0.8840000E+02 -0.7532298E+01 -0.6586839E+01 -0.5397771E+01 -0.4014012E+01 -0.2482052E+01 -0.8452026E+00  0.8568261E+00  0.2588066E+01  0.4316210E+01  0.6012385E+01  0.7650823E+01  0.9208487E+01
 0.8860000E+02 -0.7677019E+01 -0.6706938E+01 -0.5492255E+01 -0.4082123E+01 -0.2523227E+01 -0.8590151E+00  0.8707175E+00  0.2629968E+01  0.4386442E+01  0.6111312E+01  0.7778887E+01  0.9366228E+01
 0.8880000E+02 -0.7821476E+01 -0.6826770E+01 -0.5586488E+01 -0.4150025E+01 -0.2564257E+01 -0.8727731E+00  0.8845482E+00  0.2671671E+01  0.4456314E+01  0.6209698E+01  0.7906213E+01  0.9523018E+01
 0.8900000E+02 -0.7965663E+01 -0.6946330E+01 -0.5680467E+01 -0.4217713E+01 -0.2605140E+01 -0.8864757E+00  0.8983173E+00  0.2713172E+01  0.4525820E+01  0.6307536E+01  0.8032789E+01  0.9678844E+01
 0.8920000E+02 -0.8109575E+01 -0.7065611E+01 -0.5774185E+01 -0.4285183E+01 -0.2645873E+01 -0.9001219E+00  0.9120240E+00  0.2754467E+01  0.4594955E+01  0.6404818E+01  0.8158606E+01  0.9833692E+01
 0.8940000E+02 -0.8253206E+01 -0.7184609E+01 -0.5867640E+01 -0.4352433E+01 -0.2686454E+01 -0.9137110E+00  0.9256672E+00  0.2795554E+01  0.4663715E+01  0.6501535E+01  0.8283653E+01  0.9987547E+01
 0.8960000E+02 -0.8396551E+01 -0.7303319E+01 -0.5960826E+01 -0.4419458E+01 -0.2726880E+01 -0.9272420E+00  0.9392459E+00  0.2836429E+01  0.4732092E+01  0.6597680E+01  0.8407919E+01  0.1014040E+02
 0.8980000E+02 -0.8539605E+01 -0.7421736E+01 -0.6053738E+01 -0.4486254E+01 -0.2767149E+01 -0.9407141E+00  0.9527594E+00  0.2877090E+01  0.4800084E+01  0.6693245E+01  0.8531393E+01  0.1029223E+02
 0.9000000E+02 -0.8682361E+01 -0.7539853E+01 -0.6146373E+01 -0.4552819E+01 -0.2807259E+01 -0.9541265E+00  0.9662065E+00  0.2917533E+01  0.4867683E+01  0.6788223E+01  0.8654067E+01  0.1044303E+02
 0.9020000E+02 -0.8824815E+01 -0.7657666E+01 -0.6238724E+01 -0.4619147E+01 -0.2847207E+01 -0.9674781E+00  0.9795865E+00  0.2957757E+01  0.4934886E+01  0.6882607E+01  0.8775930E+01  0.1059279E+02
 0.9040000E+02 -0.8966961E+01 -0.7775170E+01 -0.6330789E+01 -0.4685237E+01 -0.2886991E+01 -0.9807683E+00  0.9928985E+00  0.2997756E+01  0.5001686E+01  0.6976389E+01  0.8896972E+01  0.1074149E+02
 0.9060000E+02 -0.9108793E+01 -0.7892360E+01 -0.6422561E+01 -0.4751083E+01 -0.2926608E+01 -0.9939960E+00  0.1006141E+01  0.3037530E+01  0.5068080E+01  0.7069562E+01  0.9017183E+01  0.1088913E+02
 0.9080000E+02 -0.9250306E+01 -0.8009229E+01 -0.6514037E+01 -0.4816682E+01 -0.2966056E+01 -0.1007161E+01  0.1019314E+01  0.3077075E+01  0.5134062E+01  0.7162118E+01  0.9136554E+01  0.1103568E+02
 0.9100000E+02 -0.9391493E+01 -0.8125773E+01 -0.6605211E+01 -0.4882031E+01 -0.3005333E+01 -0.1020261E+01  0.1032417E+01  0.3116388E+01  0.5199628E+01  0.7254051E+01  0.9255076E+01  0.1118114E+02
 0.9120000E+02 -0.9532350E+01 -0.8241987E+01 -0.6696080E+01 -0.4947126E+01 -0.3044436E+01 -0.1033296E+01  0.1045447E+01  0.3155467E+01  0.5264772E+01  0.7345353E+01  0.9372739E+01  0.1132549E+02
 0.9140000E+02 -0.9672870E+01 -0.8357864E+01 -0.6786637E+01 -0.5011963E+01 -0.3083362E+01 -0.1046266E+01  0.1058405E+01  0.3194308E+01  0.5329489E+01  0.7436019E+01  0.9489534E+01  0.1146874E+02
 0.9160000E+02 -0.9813049E+01 -0.8473400E+01 -0.6876880E+01 -0.5076538E+01 -0.3122110E+01 -0.1059169E+01  0.1071289E+01  0.3232910E+01  0.5393776E+01  0.7526040E+01  0.9605452E+01  0.1161085E+02
 0.9180000E+02 -0.9952880E+01 -0.8588590E+01 -0.6966803E+01 -0.5140849E+01 -0.3160677E+01 -0.1072005E+01  0.1084099E+01  0.3271268E+01  0.5457626E+01  0.7615410E+01  0.9720484E+01  0.1175183E+02
 0.9200000E+02 -0.1009236E+02 -0.8703427E+01 -0.7056400E+01 -0.5204890E+01 -0.3199061E+01 -0.1084772E+01  0.1096834E+01  0.3309381E+01  0.5521037E+01  0.7704122E+01  0.9834622E+01  0.1189165E+02
 0.9220000E+02 -0.1023148E+02 -0.8817907E+01 -0.7145669E+01 -0.5268659E+01 -0.3237259E+01 -0.1097471E+01  0.1109493E+01  0.3347246E+01  0.5584002E+01  0.7792171E+01  0.9947857E+01  0.1203032E+02
 0.9240000E+02 -0.1037023E+02 -0.8932025E+01 -0.7234604E+01 -0.5332152E+01 -0.3275269E+01 -0.1110099E+01  0.1122075E+01  0.3384860E+01  0.5646518E+01  0.7879549E+01  0.1006018E+02  0.1216782E+02
 0.9260000E+02 -0.1050861E+02 -0.9045774E+01 -0.7323199E+01 -0.5395365E+01 -0.3313089E+01 -0.1122656E+01  0.1134579E+01  0.3422220E+01  0.5708580E+01  0.7966251E+01  0.1017159E+02  0.1230414E+02
 0.9280000E+02 -0.1064662E+02 -0.9159149E+01 -0.7411452E+01 -0.5458295E+01 -0.3350716E+01 -0.1135142E+01  0.1147004E+01  0.3459325E+01  0.5770184E+01  0.8052269E+01  0.1028206E+02  0.1243926E+02
 0.9300000E+02 -0.1078424E+02 -0.9272145E+01 -0.7499356E+01 -0.5520938E+01 -0.3388148E+01 -0.1147556E+01  0.1159350E+01  0.3496171E+01  0.5831325E+01  0.8137599E+01  0.1039160E+02  0.1257319E+02
 0.9320000E+02 -0.1092147E+02 -0.9384757E+01 -0.7586907E+01 -0.5583290E+01 -0.3425383E+01 -0.1159896E+01  0.1171616E+01  0.3532756E+01  0.5891999E+01  0.8222233E+01  0.1050020E+02  0.1270591E+02
 0.9340000E+02 -0.1105832E+02 -0.9496978E+01 -0.7674101E+01 -0.5645348E+01 -0.3462418E+01 -0.1172163E+01  0.1183800E+01  0.3569076E+01  0.5952202E+01  0.8306166E+01  0.1060785E+02  0.1283741E+02
 0.9360000E+02 -0.1119476E+02 -0.9608804E+01 -0.7760932E+01 -0.5707107E+01 -0.3499251E+01 -0.1184354E+01  0.1195903E+01  0.3605131E+01  0.6011929E+01  0.8389392E+01  0.1071454E+02  0.1296769E+02
 0.9380000E+02 -0.1133079E+02 -0.9720229E+01 -0.7847397E+01 -0.5768565E+01 -0.3535879E+01 -0.1196470E+01  0.1207922E+01  0.3640917E+01  0.6071177E+01  0.8471905E+01  0.1082026E+02  0.1309672E+02
 0.9400000E+02 -0.1146641E+02 -0.9831247E+01 -0.7933489E+01 -0.5829718E+01 -0.3572301E+01 -0.1208509E+01  0.1219858E+01  0.3676432E+01  0.6129941E+01  0.8553700E+01  0.1092501E+02  0.1322452E+02
 0.9420000E+02 -0.1160162E+02 -0.9941853E+01 -0.8019206E+01 -0.5890561E+01 -0.3608514E+01 -0.1220472E+01  0.1231710E+01  0.3711674E+01  0.6188218E+01  0.8634771E+01  0.1102878E+02  0.1335105E+02
 0.9440000E+02 -0.1173640E+02 -0.1005204E+02 -0.8104540E+01 -0.5951093E+01 -0.3644516E+01 -0.1232356E+01  0.1243476E+01  0.3746639E+01  0.6246003E+01  0.8715112E+01  0.1113156E+02  0.1347633E+02
 0.9460000E+02 -0.1187075E+02 -0.1016181E+02 -0.8189489E+01 -0.6011307E+01 -0.3680305E+01 -0.1244162E+01  0.1255157E+01  0.3781326E+01  0.6303292E+01  0.8794718E+01  0.1123335E+02  0.1360033E+02
 0.9480000E+02 -0.1200466E+02 -0.1027114E+02 -0.8274047E+01 -0.6071203E+01 -0.3715878E+01 -0.1255888E+01  0.1266751E+01  0.3815733E+01  0.6360082E+01  0.8873584E+01  0.1133413E+02  0.1372306E+02
 0.9500000E+02 -0.1213813E+02 -0.1038004E+02 -0.8358210E+01 -0.6130774E+01 -0.3751232E+01 -0.1267533E+01  0.1278257E+01  0.3849856E+01  0.6416369E+01  0.8951705E+01  0.1143391E+02  0.1384450E+02
 0.9520000E+02 -0.1227116E+02 -0.1048851E+02 -0.8441972E+01 -0.6190019E+01 -0.3786367E+01 -0.1279098E+01  0.1289674E+01  0.3883694E+01  0.6472149E+01  0.9029076E+01  0.1153268E+02  0.1396465E+02
 0.9540000E+02 -0.1240373E+02 -0.1059652E+02 -0.8525330E+01 -0.6248933E+01 -0.3821279E+01 -0.1290581E+01  0.1301003E+01  0.3917245E+01  0.6527419E+01  0.9105691E+01  0.1163043E+02  0.1408350E+02
 0.9560000E+02 -0.1253584E+02 -0.1070409E+02 -0.8608277E+01 -0.6307513E+01 -0.3855966E+01 -0.1301981E+01  0.1312242E+01  0.3950506E+01  0.6582174E+01  0.9181546E+01  0.1172715E+02  0.1420104E+02
 0.9580000E+02 -0.1266748E+02 -0.1081119E+02 -0.8690810E+01 -0.6365755E+01 -0.3890426E+01 -0.1313297E+01  0.1323390E+01  0.3983475E+01  0.6636412E+01  0.9256636E+01  0.1182285E+02  0.1431727E+02
 0.9600000E+02 -0.1279865E+02 -0.1091784E+02 -0.8772924E+01 -0.6423655E+01 -0.3924657E+01 -0.1324530E+01  0.1334447E+01  0.4016149E+01  0.6690128E+01  0.9330957E+01  0.1191750E+02  0.1443218E+02
 0.9620000E+02 -0.1292934E+02 -0.1102402E+02 -0.8854613E+01 -0.6481210E+01 -0.3958657E+01 -0.1335678E+01  0.1345412E+01  0.4048528E+01  0.6743320E+01  0.9404503E+01  0.1201111E+02  0.1454576E+02
 0.9640000E+02 -0.1305954E+02 -0.1112972E+02 -0.8935874E+01 -0.6538417E+01 -0.3992423E+01 -0.1346740E+01  0.1356284E+01  0.4080608E+01  0.6795983E+01  0.9477270E+01  0.1210368E+02  0.1465801E+02
 0.9660000E+02 -0.1318925E+02 -0.1123494E+02 -0.9016701E+01 -0.6595271E+01 -0.4025953E+01 -0.1357716E+01  0.1367063E+01  0.4112388E+01  0.6848115E+01  0.9549255E+01  0.1219519E+02  0.1476892E+02
 0.9680000E+02 -0.1331846E+02 -0.1133968E+02 -0.9097089E+01 -0.6651770E+01 -0.4059245E+01 -0.1368605E+01  0.1377747E+01  0.4143865E+01  0.6899713E+01  0.9620451E+01  0.1228564E+02  0.1487848E+02
 0.9700000E+02 -0.1344717E+02 -0.1144392E+02 -0.9177034E+01 -0.6707909E+01 -0.4092297E+01 -0.1379406E+01  0.1388337E+01  0.4175037E+01  0.6950773E+01  0.9690857E+01  0.1237504E+02  0.1498669E+02
 0.9720000E+02 -0.1357537E+02 -0.1154767E+02 -0.9256531E+01 -0.6763685E+01 -0.4125107E+01 -0.1390119E+01  0.1398831E+01  0.4205903E+01  0.7001291E+01  0.9760466E+01  0.1246336E+02  0.1509355E+02
 0.9740000E+02 -0.1370305E+02 -0.1165092E+02 -0.9335574E+01 -0.6819095E+01 -0.4157672E+01 -0.1400742E+01  0.1409228E+01  0.4236460E+01  0.7051266E+01  0.9829277E+01  0.1255061E+02  0.1519905E+02
 0.9760000E+02 -0.1383021E+02 -0.1175365E+02 -0.9414161E+01 -0.6874134E+01 -0.4189990E+01 -0.1411275E+01  0.1419528E+01  0.4266707E+01  0.7100693E+01  0.9897283E+01  0.1263678E+02  0.1530318E+02
 0.9780000E+02 -0.1395683E+02 -0.1185588E+02 -0.9492284E+01 -0.6928800E+01 -0.4222060E+01 -0.1421718E+01  0.1429731E+01  0.4296641E+01  0.7149571E+01  0.9964482E+01  0.1272187E+02  0.1540595E+02
 0.9800000E+02 -0.1408292E+02 -0.1195758E+02 -0.9569940E+01 -0.6983089E+01 -0.4253878E+01 -0.1432070E+01  0.1439835E+01  0.4326261E+01  0.7197895E+01  0.1003087E+02  0.1280588E+02  0.1550733E+02
 0.9820000E+02 -0.1420847E+02 -0.1205876E+02 -0.9647124E+01 -0.7036997E+01 -0.4285443E+01 -0.1442329E+01  0.1449841E+01  0.4355564E+01  0.7245664E+01  0.1009644E+02  0.1288880E+02  0.1560734E+02
 0.9840000E+02 -0.1433346E+02 -0.1215940E+02 -0.9723831E+01 -0.7090520E+01 -0.4316753E+01 -0.1452496E+01  0.1459746E+01  0.4384550E+01  0.7292874E+01  0.1016120E+02  0.1297062E+02  0.1570597E+02
 0.9860000E+02 -0.1445790E+02 -0.1225951E+02 -0.9800056E+01 -0.7143656E+01 -0.4347806E+01 -0.1462569E+01  0.1469552E+01  0.4413215E+01  0.7339522E+01  0.1022513E+02  0.1305135E+02  0.1580321E+02
 0.9880000E+02 -0.1458178E+02 -0.1235907E+02 -0.9875794E+01 -0.7196400E+01 -0.4378599E+01 -0.1472549E+01  0.1479256E+01  0.4441559E+01  0.7385607E+01  0.1028824E+02  0.1313097E+02  0.1589906E+02
 0.9900000E+02 -0.1470509E+02 -0.1245808E+02 -0.9951041E+01 -0.7248750E+01 -0.4409131E+01 -0.1482433E+01  0.1488859E+01  0.4469580E+01  0.7431125E+01  0.1035052E+02  0.1320949E+02  0.1599351E+02
 0.9920000E+02 -0.1482781E+02 -0.1255654E+02 -0.1002579E+02 -0.7300701E+01 -0.4439399E+01 -0.1492222E+01  0.1498359E+01  0.4497275E+01  0.7476073E+01  0.1041197E+02  0.1328690E+02  0.1608657E+02
 0.9940000E+02 -0.1494996E+02 -0.1265443E+02 -0.1010004E+02 -0.7352250E+01 -0.4469402E+01 -0.1501915E+01  0.1507757E+01  0.4524644E+01  0.7520450E+01  0.1047259E+02  0.1336320E+02  0.1617822E+02
 0.9960000E+02 -0.1507152E+02 -0.1275176E+02 -0.1017378E+02 -0.7403394E+01 -0.4499136E+01 -0.1511512E+01  0.1517051E+01  0.4551684E+01  0.7564253E+01  0.1053237E+02  0.1343839E+02  0.1626847E+02
 0.9980000E+02 -0.1519248E+02 -0.1284851E+02 -0.1024702E+02 -0.7454129E+01 -0.4528601E+01 -0.1521011E+01  0.1526241E+01  0.4578395E+01  0.7607479E+01  0.1059131E+02  0.1351246E+02  0.1635732E+02
 0.1000000E+03 -0.1531283E+02 -0.1294469E+02 -0.1031973E+02 -0.7504452E+01 -0.4557794E+01 -0.1530412E+01  0.1535326E+01  0.4604773E+01  0.7650127E+01  0.1064940E+02  0.1358541E+02  0.1644476E+02
