 0.2000000E+00  0.8410081E+00  0.9426419E+00  0.1044276E+01  0.1145911E+01  0.1247546E+01  0.1349182E+01  0.1450818E+01  0.1552454E+01  0.1654091E+01  0.1755728E+01  0.1857365E+01  0.1959003E+01
 0.4000000E+00  0.8410833E+00  0.9427000E+00  0.1044319E+01  0.1145940E+01  0.1247563E+01  0.1349187E+01  0.1450813E+01  0.1552440E+01  0.1654069E+01  0.1755698E+01  0.1857329E+01  0.1958960E+01
 0.6000000E+00  0.8412086E+00  0.9427970E+00  0.1044390E+01  0.1145988E+01  0.1247590E+01  0.1349196E+01  0.1450805E+01  0.1552417E+01  0.1654032E+01  0.1755649E+01  0.1857268E+01  0.1958889E+01
 0.8000000E+00  0.8413841E+00  0.9429327E+00  0.1044490E+01  0.1146056E+01  0.1247629E+01  0.1349208E+01  0.1450793E+01  0.1552384E+01  0.1653979E+01  0.1755579E+01  0.1857183E+01  0.1958790E+01
 0.1000000E+01  0.8416097E+00  0.9431071E+00  0.1044619E+01  0.1146143E+01  0.1247678E+01  0.1349224E+01  0.1450779E+01  0.1552342E+01  0.1653912E+01  0.1755490E+01  0.1857074E+01  0.1958663E+01
 0.1200000E+01  0.8418853E+00  0.9433203E+00  0.1044775E+01  0.1146249E+01  0.1247738E+01  0.1349243E+01  0.1450760E+01  0.1552290E+01  0.1653831E+01  0.1755381E+01  0.1856940E+01  0.1958507E+01
 0.1400000E+01  0.8422110E+00  0.9435722E+00  0.1044961E+01  0.1146374E+01  0.1247810E+01  0.1349265E+01  0.1450739E+01  0.1552229E+01  0.1653734E+01  0.1755252E+01  0.1856782E+01  0.1958322E+01
 0.1600000E+01  0.8425867E+00  0.9438628E+00  0.1045175E+01  0.1146519E+01  0.1247892E+01  0.1349291E+01  0.1450714E+01  0.1552159E+01  0.1653622E+01  0.1755103E+01  0.1856599E+01  0.1958110E+01
 0.1800000E+01  0.8430123E+00  0.9441921E+00  0.1045417E+01  0.1146683E+01  0.1247985E+01  0.1349321E+01  0.1450686E+01  0.1552079E+01  0.1653496E+01  0.1754934E+01  0.1856393E+01  0.1957869E+01
 0.2000000E+01  0.8434879E+00  0.9445599E+00  0.1045688E+01  0.1146866E+01  0.1248089E+01  0.1349354E+01  0.1450655E+01  0.1551990E+01  0.1653354E+01  0.1754746E+01  0.1856162E+01  0.1957600E+01
 0.2200000E+01  0.8440133E+00  0.9449663E+00  0.1045987E+01  0.1147068E+01  0.1248204E+01  0.1349390E+01  0.1450620E+01  0.1551891E+01  0.1653198E+01  0.1754537E+01  0.1855907E+01  0.1957302E+01
 0.2400000E+01  0.8445885E+00  0.9454113E+00  0.1046314E+01  0.1147290E+01  0.1248330E+01  0.1349430E+01  0.1450583E+01  0.1551783E+01  0.1653027E+01  0.1754309E+01  0.1855627E+01  0.1956976E+01
 0.2600000E+01  0.8452134E+00  0.9458947E+00  0.1046670E+01  0.1147531E+01  0.1248467E+01  0.1349473E+01  0.1450541E+01  0.1551666E+01  0.1652841E+01  0.1754062E+01  0.1855323E+01  0.1956622E+01
 0.2800000E+01  0.8458879E+00  0.9464166E+00  0.1047054E+01  0.1147790E+01  0.1248615E+01  0.1349520E+01  0.1450497E+01  0.1551539E+01  0.1652640E+01  0.1753794E+01  0.1854995E+01  0.1956240E+01
 0.3000000E+01  0.8466121E+00  0.9469769E+00  0.1047467E+01  0.1148069E+01  0.1248774E+01  0.1349570E+01  0.1450449E+01  0.1551403E+01  0.1652424E+01  0.1753506E+01  0.1854643E+01  0.1955829E+01
 0.3200000E+01  0.8473857E+00  0.9475755E+00  0.1047907E+01  0.1148368E+01  0.1248944E+01  0.1349624E+01  0.1450398E+01  0.1551258E+01  0.1652194E+01  0.1753199E+01  0.1854267E+01  0.1955391E+01
 0.3400000E+01  0.8482087E+00  0.9482123E+00  0.1048376E+01  0.1148685E+01  0.1249124E+01  0.1349681E+01  0.1450344E+01  0.1551103E+01  0.1651949E+01  0.1752872E+01  0.1853866E+01  0.1954924E+01
 0.3600000E+01  0.8490810E+00  0.9488874E+00  0.1048873E+01  0.1149021E+01  0.1249315E+01  0.1349742E+01  0.1450287E+01  0.1550939E+01  0.1651689E+01  0.1752526E+01  0.1853442E+01  0.1954428E+01
 0.3800000E+01  0.8500025E+00  0.9496005E+00  0.1049398E+01  0.1149377E+01  0.1249518E+01  0.1349805E+01  0.1450226E+01  0.1550766E+01  0.1651414E+01  0.1752159E+01  0.1852993E+01  0.1953905E+01
 0.4000000E+01  0.8509731E+00  0.9503517E+00  0.1049952E+01  0.1149751E+01  0.1249731E+01  0.1349873E+01  0.1450162E+01  0.1550583E+01  0.1651125E+01  0.1751773E+01  0.1852520E+01  0.1953353E+01
 0.4200000E+01  0.8519927E+00  0.9511409E+00  0.1050533E+01  0.1150144E+01  0.1249954E+01  0.1349944E+01  0.1450095E+01  0.1550392E+01  0.1650820E+01  0.1751368E+01  0.1852022E+01  0.1952774E+01
 0.4400000E+01  0.8530611E+00  0.9519680E+00  0.1051142E+01  0.1150557E+01  0.1250189E+01  0.1350018E+01  0.1450024E+01  0.1550191E+01  0.1650501E+01  0.1750942E+01  0.1851501E+01  0.1952166E+01
 0.4600000E+01  0.8541783E+00  0.9528328E+00  0.1051779E+01  0.1150988E+01  0.1250434E+01  0.1350096E+01  0.1449950E+01  0.1549980E+01  0.1650168E+01  0.1750497E+01  0.1850956E+01  0.1951530E+01
 0.4800000E+01  0.8553441E+00  0.9537354E+00  0.1052443E+01  0.1151438E+01  0.1250690E+01  0.1350177E+01  0.1449873E+01  0.1549760E+01  0.1649819E+01  0.1750033E+01  0.1850386E+01  0.1950866E+01
 0.5000000E+01  0.8565583E+00  0.9546755E+00  0.1053136E+01  0.1151907E+01  0.1250957E+01  0.1350261E+01  0.1449793E+01  0.1549532E+01  0.1649456E+01  0.1749549E+01  0.1849793E+01  0.1950174E+01
 0.5200000E+01  0.8578209E+00  0.9556532E+00  0.1053856E+01  0.1152394E+01  0.1251235E+01  0.1350349E+01  0.1449710E+01  0.1549293E+01  0.1649078E+01  0.1749045E+01  0.1849175E+01  0.1949454E+01
 0.5400000E+01  0.8591316E+00  0.9566683E+00  0.1054604E+01  0.1152901E+01  0.1251523E+01  0.1350440E+01  0.1449623E+01  0.1549046E+01  0.1648686E+01  0.1748522E+01  0.1848534E+01  0.1948706E+01
 0.5600000E+01  0.8604904E+00  0.9577207E+00  0.1055380E+01  0.1153426E+01  0.1251822E+01  0.1350535E+01  0.1449533E+01  0.1548790E+01  0.1648279E+01  0.1747979E+01  0.1847869E+01  0.1947930E+01
 0.5800000E+01  0.8618971E+00  0.9588103E+00  0.1056182E+01  0.1153970E+01  0.1252132E+01  0.1350633E+01  0.1449440E+01  0.1548524E+01  0.1647857E+01  0.1747417E+01  0.1847179E+01  0.1947126E+01
 0.6000000E+01  0.8633514E+00  0.9599369E+00  0.1057013E+01  0.1154532E+01  0.1252452E+01  0.1350734E+01  0.1449344E+01  0.1548249E+01  0.1647421E+01  0.1746835E+01  0.1846466E+01  0.1946294E+01
 0.6200000E+01  0.8648533E+00  0.9611006E+00  0.1057870E+01  0.1155113E+01  0.1252783E+01  0.1350839E+01  0.1449244E+01  0.1547965E+01  0.1646971E+01  0.1746234E+01  0.1845729E+01  0.1945434E+01
 0.6400000E+01  0.8664026E+00  0.9623010E+00  0.1058755E+01  0.1155712E+01  0.1253124E+01  0.1350947E+01  0.1449141E+01  0.1547672E+01  0.1646505E+01  0.1745613E+01  0.1844968E+01  0.1944547E+01
 0.6600000E+01  0.8679991E+00  0.9635382E+00  0.1059667E+01  0.1156330E+01  0.1253476E+01  0.1351058E+01  0.1449035E+01  0.1547369E+01  0.1646026E+01  0.1744973E+01  0.1844183E+01  0.1943631E+01
 0.6800000E+01  0.8696425E+00  0.9648120E+00  0.1060606E+01  0.1156966E+01  0.1253838E+01  0.1351173E+01  0.1448926E+01  0.1547058E+01  0.1645531E+01  0.1744314E+01  0.1843375E+01  0.1942688E+01
 0.7000000E+01  0.8713328E+00  0.9661222E+00  0.1061572E+01  0.1157621E+01  0.1254211E+01  0.1351291E+01  0.1448814E+01  0.1546737E+01  0.1645023E+01  0.1743635E+01  0.1842543E+01  0.1941717E+01
 0.7200000E+01  0.8730698E+00  0.9674687E+00  0.1062565E+01  0.1158294E+01  0.1254595E+01  0.1351413E+01  0.1448699E+01  0.1546408E+01  0.1644500E+01  0.1742937E+01  0.1841687E+01  0.1940719E+01
 0.7400000E+01  0.8748531E+00  0.9688515E+00  0.1063585E+01  0.1158985E+01  0.1254988E+01  0.1351537E+01  0.1448580E+01  0.1546069E+01  0.1643962E+01  0.1742220E+01  0.1840807E+01  0.1939692E+01
 0.7600000E+01  0.8766827E+00  0.9702702E+00  0.1064632E+01  0.1159695E+01  0.1255393E+01  0.1351665E+01  0.1448458E+01  0.1545722E+01  0.1643410E+01  0.1741483E+01  0.1839904E+01  0.1938639E+01
 0.7800000E+01  0.8785583E+00  0.9717249E+00  0.1065705E+01  0.1160422E+01  0.1255807E+01  0.1351797E+01  0.1448333E+01  0.1545365E+01  0.1642844E+01  0.1740728E+01  0.1838977E+01  0.1937557E+01
 0.8000000E+01  0.8804797E+00  0.9732153E+00  0.1066805E+01  0.1161168E+01  0.1256232E+01  0.1351931E+01  0.1448205E+01  0.1544999E+01  0.1642263E+01  0.1739953E+01  0.1838027E+01  0.1936448E+01
 0.8200000E+01  0.8824467E+00  0.9747412E+00  0.1067931E+01  0.1161931E+01  0.1256667E+01  0.1352069E+01  0.1448074E+01  0.1544625E+01  0.1641669E+01  0.1739159E+01  0.1837053E+01  0.1935312E+01
 0.8400000E+01  0.8844591E+00  0.9763026E+00  0.1069083E+01  0.1162713E+01  0.1257113E+01  0.1352210E+01  0.1447940E+01  0.1544241E+01  0.1641060E+01  0.1738346E+01  0.1836056E+01  0.1934148E+01
 0.8600000E+01  0.8865166E+00  0.9778993E+00  0.1070261E+01  0.1163512E+01  0.1257569E+01  0.1352355E+01  0.1447802E+01  0.1543848E+01  0.1640436E+01  0.1737514E+01  0.1835035E+01  0.1932957E+01
 0.8800000E+01  0.8886190E+00  0.9795311E+00  0.1071466E+01  0.1164329E+01  0.1258034E+01  0.1352503E+01  0.1447662E+01  0.1543447E+01  0.1639799E+01  0.1736663E+01  0.1833991E+01  0.1931738E+01
 0.9000000E+01  0.8907661E+00  0.9811978E+00  0.1072697E+01  0.1165164E+01  0.1258511E+01  0.1352653E+01  0.1447518E+01  0.1543037E+01  0.1639147E+01  0.1735793E+01  0.1832923E+01  0.1930492E+01
 0.9200000E+01  0.8929577E+00  0.9828993E+00  0.1073953E+01  0.1166017E+01  0.1258997E+01  0.1352808E+01  0.1447372E+01  0.1542618E+01  0.1638481E+01  0.1734904E+01  0.1831833E+01  0.1929219E+01
 0.9400000E+01  0.8951934E+00  0.9846354E+00  0.1075235E+01  0.1166887E+01  0.1259493E+01  0.1352965E+01  0.1447222E+01  0.1542190E+01  0.1637801E+01  0.1733996E+01  0.1830719E+01  0.1927918E+01
 0.9600000E+01  0.8974731E+00  0.9864059E+00  0.1076543E+01  0.1167775E+01  0.1259999E+01  0.1353126E+01  0.1447069E+01  0.1541753E+01  0.1637108E+01  0.1733070E+01  0.1829581E+01  0.1926590E+01
 0.9800000E+01  0.8997964E+00  0.9882106E+00  0.1077876E+01  0.1168680E+01  0.1260516E+01  0.1353289E+01  0.1446913E+01  0.1541307E+01  0.1636400E+01  0.1732124E+01  0.1828421E+01  0.1925236E+01
 0.1000000E+02  0.9021632E+00  0.9900494E+00  0.1079235E+01  0.1169602E+01  0.1261042E+01  0.1353456E+01  0.1446754E+01  0.1540853E+01  0.1635678E+01  0.1731160E+01  0.1827238E+01  0.1923854E+01
 0.1020000E+02  0.9045731E+00  0.9919221E+00  0.1080619E+01  0.1170542E+01  0.1261578E+01  0.1353626E+01  0.1446592E+01  0.1540390E+01  0.1634942E+01  0.1730177E+01  0.1826031E+01  0.1922445E+01
 0.1040000E+02  0.9070259E+00  0.9938285E+00  0.1082028E+01  0.1171499E+01  0.1262125E+01  0.1353800E+01  0.1446427E+01  0.1539918E+01  0.1634192E+01  0.1729176E+01  0.1824802E+01  0.1921009E+01
 0.1060000E+02  0.9095214E+00  0.9957683E+00  0.1083462E+01  0.1172473E+01  0.1262681E+01  0.1353976E+01  0.1446259E+01  0.1539438E+01  0.1633429E+01  0.1728156E+01  0.1823549E+01  0.1919547E+01
 0.1080000E+02  0.9120592E+00  0.9977415E+00  0.1084921E+01  0.1173464E+01  0.1263246E+01  0.1354156E+01  0.1446088E+01  0.1538949E+01  0.1632651E+01  0.1727117E+01  0.1822274E+01  0.1918057E+01
 0.1100000E+02  0.9146391E+00  0.9997477E+00  0.1086405E+01  0.1174472E+01  0.1263822E+01  0.1354338E+01  0.1445914E+01  0.1538451E+01  0.1631860E+01  0.1726060E+01  0.1820976E+01  0.1916541E+01
 0.1120000E+02  0.9172608E+00  0.1001787E+01  0.1087913E+01  0.1175497E+01  0.1264407E+01  0.1354524E+01  0.1445737E+01  0.1537944E+01  0.1631055E+01  0.1724984E+01  0.1819655E+01  0.1914998E+01
 0.1140000E+02  0.9199240E+00  0.1003859E+01  0.1089446E+01  0.1176539E+01  0.1265002E+01  0.1354713E+01  0.1445557E+01  0.1537430E+01  0.1630236E+01  0.1723890E+01  0.1818311E+01  0.1913428E+01
 0.1160000E+02  0.9226284E+00  0.1005963E+01  0.1091003E+01  0.1177597E+01  0.1265607E+01  0.1354905E+01  0.1445374E+01  0.1536906E+01  0.1629404E+01  0.1722778E+01  0.1816945E+01  0.1911832E+01
 0.1180000E+02  0.9253738E+00  0.1008100E+01  0.1092584E+01  0.1178672E+01  0.1266221E+01  0.1355100E+01  0.1445188E+01  0.1536374E+01  0.1628558E+01  0.1721647E+01  0.1815556E+01  0.1910209E+01
 0.1200000E+02  0.9281598E+00  0.1010268E+01  0.1094189E+01  0.1179764E+01  0.1266845E+01  0.1355298E+01  0.1444999E+01  0.1535834E+01  0.1627699E+01  0.1720498E+01  0.1814145E+01  0.1908560E+01
 0.1220000E+02  0.9309861E+00  0.1012469E+01  0.1095818E+01  0.1180872E+01  0.1267478E+01  0.1355499E+01  0.1444807E+01  0.1535285E+01  0.1626826E+01  0.1719331E+01  0.1812711E+01  0.1906884E+01
 0.1240000E+02  0.9338524E+00  0.1014701E+01  0.1097471E+01  0.1181996E+01  0.1268121E+01  0.1355704E+01  0.1444613E+01  0.1534728E+01  0.1625939E+01  0.1718145E+01  0.1811255E+01  0.1905182E+01
 0.1260000E+02  0.9367584E+00  0.1016964E+01  0.1099147E+01  0.1183137E+01  0.1268773E+01  0.1355911E+01  0.1444415E+01  0.1534162E+01  0.1625039E+01  0.1716942E+01  0.1809776E+01  0.1903454E+01
 0.1280000E+02  0.9397039E+00  0.1019259E+01  0.1100847E+01  0.1184293E+01  0.1269435E+01  0.1356121E+01  0.1444214E+01  0.1533588E+01  0.1624126E+01  0.1715721E+01  0.1808275E+01  0.1901700E+01
 0.1300000E+02  0.9426884E+00  0.1021585E+01  0.1102570E+01  0.1185466E+01  0.1270105E+01  0.1356334E+01  0.1444011E+01  0.1533006E+01  0.1623199E+01  0.1714481E+01  0.1806752E+01  0.1899919E+01
 0.1320000E+02  0.9457118E+00  0.1023941E+01  0.1104317E+01  0.1186655E+01  0.1270785E+01  0.1356550E+01  0.1443805E+01  0.1532416E+01  0.1622259E+01  0.1713224E+01  0.1805206E+01  0.1898112E+01
 0.1340000E+02  0.9487735E+00  0.1026328E+01  0.1106086E+01  0.1187859E+01  0.1271474E+01  0.1356769E+01  0.1443596E+01  0.1531817E+01  0.1621306E+01  0.1711949E+01  0.1803639E+01  0.1896280E+01
 0.1360000E+02  0.9518735E+00  0.1028745E+01  0.1107878E+01  0.1189080E+01  0.1272173E+01  0.1356991E+01  0.1443384E+01  0.1531210E+01  0.1620340E+01  0.1710656E+01  0.1802049E+01  0.1894421E+01
 0.1380000E+02  0.9550112E+00  0.1031192E+01  0.1109693E+01  0.1190316E+01  0.1272880E+01  0.1357216E+01  0.1443169E+01  0.1530595E+01  0.1619360E+01  0.1709345E+01  0.1800438E+01  0.1892537E+01
 0.1400000E+02  0.9581864E+00  0.1033669E+01  0.1111530E+01  0.1191567E+01  0.1273596E+01  0.1357444E+01  0.1442952E+01  0.1529971E+01  0.1618368E+01  0.1708017E+01  0.1798805E+01  0.1890626E+01
 0.1420000E+02  0.9613987E+00  0.1036176E+01  0.1113389E+01  0.1192835E+01  0.1274322E+01  0.1357675E+01  0.1442731E+01  0.1529340E+01  0.1617362E+01  0.1706671E+01  0.1797150E+01  0.1888691E+01
 0.1440000E+02  0.9646479E+00  0.1038712E+01  0.1115271E+01  0.1194117E+01  0.1275056E+01  0.1357909E+01  0.1442508E+01  0.1528700E+01  0.1616344E+01  0.1705308E+01  0.1795473E+01  0.1886729E+01
 0.1460000E+02  0.9679335E+00  0.1041277E+01  0.1117175E+01  0.1195415E+01  0.1275799E+01  0.1358145E+01  0.1442282E+01  0.1528053E+01  0.1615312E+01  0.1703927E+01  0.1793774E+01  0.1884742E+01
 0.1480000E+02  0.9712552E+00  0.1043871E+01  0.1119100E+01  0.1196727E+01  0.1276551E+01  0.1358385E+01  0.1442054E+01  0.1527397E+01  0.1614268E+01  0.1702529E+01  0.1792054E+01  0.1882730E+01
 0.1500000E+02  0.9746128E+00  0.1046493E+01  0.1121047E+01  0.1198055E+01  0.1277312E+01  0.1358627E+01  0.1441822E+01  0.1526734E+01  0.1613211E+01  0.1701113E+01  0.1790313E+01  0.1880692E+01
 0.1520000E+02  0.9780057E+00  0.1049144E+01  0.1123016E+01  0.1199398E+01  0.1278082E+01  0.1358872E+01  0.1441588E+01  0.1526063E+01  0.1612141E+01  0.1699680E+01  0.1788550E+01  0.1878629E+01
 0.1540000E+02  0.9814338E+00  0.1051822E+01  0.1125005E+01  0.1200755E+01  0.1278860E+01  0.1359120E+01  0.1441351E+01  0.1525383E+01  0.1611058E+01  0.1698230E+01  0.1786766E+01  0.1876540E+01
 0.1560000E+02  0.9848967E+00  0.1054529E+01  0.1127016E+01  0.1202128E+01  0.1279646E+01  0.1359370E+01  0.1441112E+01  0.1524696E+01  0.1609963E+01  0.1696763E+01  0.1784960E+01  0.1874427E+01
 0.1580000E+02  0.9883939E+00  0.1057263E+01  0.1129048E+01  0.1203515E+01  0.1280442E+01  0.1359624E+01  0.1440869E+01  0.1524002E+01  0.1608855E+01  0.1695279E+01  0.1783133E+01  0.1872288E+01
 0.1600000E+02  0.9919251E+00  0.1060024E+01  0.1131101E+01  0.1204916E+01  0.1281245E+01  0.1359880E+01  0.1440625E+01  0.1523299E+01  0.1607735E+01  0.1693778E+01  0.1781285E+01  0.1870125E+01
 0.1620000E+02  0.9954901E+00  0.1062813E+01  0.1133174E+01  0.1206332E+01  0.1282057E+01  0.1360139E+01  0.1440377E+01  0.1522589E+01  0.1606602E+01  0.1692260E+01  0.1779416E+01  0.1867937E+01
 0.1640000E+02  0.9990883E+00  0.1065628E+01  0.1135268E+01  0.1207762E+01  0.1282878E+01  0.1360400E+01  0.1440127E+01  0.1521871E+01  0.1605457E+01  0.1690725E+01  0.1777526E+01  0.1865724E+01
 0.1660000E+02  0.1002720E+01  0.1068470E+01  0.1137382E+01  0.1209206E+01  0.1283706E+01  0.1360664E+01  0.1439874E+01  0.1521145E+01  0.1604300E+01  0.1689174E+01  0.1775616E+01  0.1863486E+01
 0.1680000E+02  0.1006383E+01  0.1071338E+01  0.1139516E+01  0.1210664E+01  0.1284543E+01  0.1360931E+01  0.1439619E+01  0.1520412E+01  0.1603130E+01  0.1687606E+01  0.1773684E+01  0.1861224E+01
 0.1700000E+02  0.1010079E+01  0.1074232E+01  0.1141670E+01  0.1212136E+01  0.1285388E+01  0.1361201E+01  0.1439361E+01  0.1519671E+01  0.1601948E+01  0.1686021E+01  0.1771732E+01  0.1858937E+01
 0.1720000E+02  0.1013807E+01  0.1077152E+01  0.1143843E+01  0.1213621E+01  0.1286241E+01  0.1361473E+01  0.1439100E+01  0.1518923E+01  0.1600754E+01  0.1684419E+01  0.1769759E+01  0.1856626E+01
 0.1740000E+02  0.1017567E+01  0.1080097E+01  0.1146036E+01  0.1215121E+01  0.1287103E+01  0.1361748E+01  0.1438837E+01  0.1518167E+01  0.1599548E+01  0.1682802E+01  0.1767766E+01  0.1854290E+01
 0.1760000E+02  0.1021357E+01  0.1083067E+01  0.1148248E+01  0.1216634E+01  0.1287972E+01  0.1362025E+01  0.1438572E+01  0.1517404E+01  0.1598329E+01  0.1681168E+01  0.1765753E+01  0.1851931E+01
 0.1780000E+02  0.1025179E+01  0.1086063E+01  0.1150480E+01  0.1218160E+01  0.1288849E+01  0.1362305E+01  0.1438304E+01  0.1516634E+01  0.1597099E+01  0.1679517E+01  0.1763719E+01  0.1849547E+01
 0.1800000E+02  0.1029030E+01  0.1089082E+01  0.1152730E+01  0.1219700E+01  0.1289734E+01  0.1362587E+01  0.1438033E+01  0.1515856E+01  0.1595857E+01  0.1677851E+01  0.1761664E+01  0.1847139E+01
 0.1820000E+02  0.1032912E+01  0.1092127E+01  0.1154999E+01  0.1221253E+01  0.1290626E+01  0.1362873E+01  0.1437760E+01  0.1515071E+01  0.1594603E+01  0.1676168E+01  0.1759590E+01  0.1844708E+01
 0.1840000E+02  0.1036823E+01  0.1095195E+01  0.1157286E+01  0.1222819E+01  0.1291527E+01  0.1363160E+01  0.1437484E+01  0.1514279E+01  0.1593338E+01  0.1674469E+01  0.1757496E+01  0.1842252E+01
 0.1860000E+02  0.1040764E+01  0.1098287E+01  0.1159592E+01  0.1224397E+01  0.1292434E+01  0.1363450E+01  0.1437206E+01  0.1513479E+01  0.1592060E+01  0.1672755E+01  0.1755382E+01  0.1839773E+01
 0.1880000E+02  0.1044733E+01  0.1101403E+01  0.1161916E+01  0.1225989E+01  0.1293350E+01  0.1363743E+01  0.1436926E+01  0.1512673E+01  0.1590771E+01  0.1671024E+01  0.1753247E+01  0.1837271E+01
 0.1900000E+02  0.1048731E+01  0.1104541E+01  0.1164258E+01  0.1227593E+01  0.1294273E+01  0.1364038E+01  0.1436643E+01  0.1511859E+01  0.1589471E+01  0.1669278E+01  0.1751094E+01  0.1834744E+01
 0.1920000E+02  0.1052757E+01  0.1107703E+01  0.1166618E+01  0.1229210E+01  0.1295203E+01  0.1364335E+01  0.1436358E+01  0.1511038E+01  0.1588159E+01  0.1667516E+01  0.1748920E+01  0.1832195E+01
 0.1940000E+02  0.1056811E+01  0.1110888E+01  0.1168995E+01  0.1230839E+01  0.1296141E+01  0.1364635E+01  0.1436070E+01  0.1510211E+01  0.1586836E+01  0.1665739E+01  0.1746727E+01  0.1829622E+01
 0.1960000E+02  0.1060892E+01  0.1114094E+01  0.1171389E+01  0.1232481E+01  0.1297086E+01  0.1364937E+01  0.1435780E+01  0.1509376E+01  0.1585501E+01  0.1663946E+01  0.1744515E+01  0.1827026E+01
 0.1980000E+02  0.1065000E+01  0.1117323E+01  0.1173801E+01  0.1234135E+01  0.1298039E+01  0.1365242E+01  0.1435488E+01  0.1508535E+01  0.1584155E+01  0.1662138E+01  0.1742283E+01  0.1824407E+01
 0.2000000E+02  0.1069135E+01  0.1120574E+01  0.1176230E+01  0.1235800E+01  0.1298998E+01  0.1365549E+01  0.1435193E+01  0.1507686E+01  0.1582798E+01  0.1660314E+01  0.1740032E+01  0.1821765E+01
 0.2020000E+02  0.1073296E+01  0.1123846E+01  0.1178675E+01  0.1237478E+01  0.1299965E+01  0.1365858E+01  0.1434896E+01  0.1506831E+01  0.1581430E+01  0.1658475E+01  0.1737762E+01  0.1819101E+01
 0.2040000E+02  0.1077482E+01  0.1127140E+01  0.1181137E+01  0.1239167E+01  0.1300938E+01  0.1366170E+01  0.1434597E+01  0.1505969E+01  0.1580051E+01  0.1656621E+01  0.1735473E+01  0.1816413E+01
 0.2060000E+02  0.1081694E+01  0.1130454E+01  0.1183615E+01  0.1240868E+01  0.1301919E+01  0.1366484E+01  0.1434296E+01  0.1505101E+01  0.1578661E+01  0.1654752E+01  0.1733165E+01  0.1813703E+01
 0.2080000E+02  0.1085932E+01  0.1133789E+01  0.1186109E+01  0.1242581E+01  0.1302906E+01  0.1366800E+01  0.1433992E+01  0.1504226E+01  0.1577260E+01  0.1652868E+01  0.1730838E+01  0.1810971E+01
 0.2100000E+02  0.1090193E+01  0.1137144E+01  0.1188619E+01  0.1244305E+01  0.1303900E+01  0.1367118E+01  0.1433686E+01  0.1503344E+01  0.1575848E+01  0.1650969E+01  0.1728492E+01  0.1808216E+01
 0.2120000E+02  0.1094479E+01  0.1140520E+01  0.1191145E+01  0.1246040E+01  0.1304901E+01  0.1367439E+01  0.1433378E+01  0.1502456E+01  0.1574426E+01  0.1649056E+01  0.1726128E+01  0.1805439E+01
 0.2140000E+02  0.1098789E+01  0.1143915E+01  0.1193687E+01  0.1247786E+01  0.1305909E+01  0.1367762E+01  0.1433067E+01  0.1501561E+01  0.1572993E+01  0.1647128E+01  0.1723745E+01  0.1802640E+01
 0.2160000E+02  0.1103122E+01  0.1147330E+01  0.1196243E+01  0.1249543E+01  0.1306923E+01  0.1368087E+01  0.1432755E+01  0.1500660E+01  0.1571549E+01  0.1645185E+01  0.1721345E+01  0.1799819E+01
 0.2180000E+02  0.1107479E+01  0.1150764E+01  0.1198815E+01  0.1251311E+01  0.1307943E+01  0.1368414E+01  0.1432440E+01  0.1499752E+01  0.1570095E+01  0.1643228E+01  0.1718925E+01  0.1796976E+01
 0.2200000E+02  0.1111858E+01  0.1154216E+01  0.1201401E+01  0.1253090E+01  0.1308970E+01  0.1368744E+01  0.1432124E+01  0.1498838E+01  0.1568630E+01  0.1641256E+01  0.1716488E+01  0.1794111E+01
 0.2220000E+02  0.1116259E+01  0.1157688E+01  0.1204003E+01  0.1254879E+01  0.1310004E+01  0.1369075E+01  0.1431805E+01  0.1497918E+01  0.1567155E+01  0.1639271E+01  0.1714033E+01  0.1791225E+01
 0.2240000E+02  0.1120682E+01  0.1161177E+01  0.1206618E+01  0.1256679E+01  0.1311043E+01  0.1369409E+01  0.1431484E+01  0.1496992E+01  0.1565670E+01  0.1637271E+01  0.1711560E+01  0.1788317E+01
 0.2260000E+02  0.1125127E+01  0.1164685E+01  0.1209248E+01  0.1258489E+01  0.1312089E+01  0.1369744E+01  0.1431161E+01  0.1496059E+01  0.1564175E+01  0.1635257E+01  0.1709069E+01  0.1785388E+01
 0.2280000E+02  0.1129593E+01  0.1168210E+01  0.1211892E+01  0.1260309E+01  0.1313141E+01  0.1370082E+01  0.1430836E+01  0.1495121E+01  0.1562670E+01  0.1633229E+01  0.1706560E+01  0.1782438E+01
 0.2300000E+02  0.1134080E+01  0.1171753E+01  0.1214550E+01  0.1262139E+01  0.1314199E+01  0.1370421E+01  0.1430509E+01  0.1494176E+01  0.1561155E+01  0.1631188E+01  0.1704034E+01  0.1779467E+01
 0.2320000E+02  0.1138587E+01  0.1175313E+01  0.1217221E+01  0.1263979E+01  0.1315263E+01  0.1370763E+01  0.1430179E+01  0.1493226E+01  0.1559630E+01  0.1629133E+01  0.1701491E+01  0.1776475E+01
 0.2340000E+02  0.1143113E+01  0.1178889E+01  0.1219906E+01  0.1265828E+01  0.1316333E+01  0.1371107E+01  0.1429848E+01  0.1492269E+01  0.1558095E+01  0.1627064E+01  0.1698930E+01  0.1773462E+01
 0.2360000E+02  0.1147660E+01  0.1182483E+01  0.1222603E+01  0.1267687E+01  0.1317409E+01  0.1371452E+01  0.1429515E+01  0.1491307E+01  0.1556550E+01  0.1624981E+01  0.1696352E+01  0.1770428E+01
 0.2380000E+02  0.1152225E+01  0.1186092E+01  0.1225314E+01  0.1269556E+01  0.1318490E+01  0.1371800E+01  0.1429180E+01  0.1490339E+01  0.1554996E+01  0.1622886E+01  0.1693757E+01  0.1767374E+01
 0.2400000E+02  0.1156810E+01  0.1189717E+01  0.1228038E+01  0.1271434E+01  0.1319577E+01  0.1372149E+01  0.1428844E+01  0.1489365E+01  0.1553432E+01  0.1620777E+01  0.1691145E+01  0.1764299E+01
 0.2420000E+02  0.1161412E+01  0.1193358E+01  0.1230774E+01  0.1273321E+01  0.1320670E+01  0.1372501E+01  0.1428505E+01  0.1488385E+01  0.1551859E+01  0.1618654E+01  0.1688517E+01  0.1761204E+01
 0.2440000E+02  0.1166033E+01  0.1197014E+01  0.1233522E+01  0.1275217E+01  0.1321768E+01  0.1372854E+01  0.1428164E+01  0.1487400E+01  0.1550276E+01  0.1616519E+01  0.1685872E+01  0.1758089E+01
 0.2460000E+02  0.1170671E+01  0.1200685E+01  0.1236282E+01  0.1277121E+01  0.1322871E+01  0.1373209E+01  0.1427822E+01  0.1486410E+01  0.1548684E+01  0.1614371E+01  0.1683210E+01  0.1754954E+01
 0.2480000E+02  0.1175327E+01  0.1204371E+01  0.1239054E+01  0.1279035E+01  0.1323980E+01  0.1373566E+01  0.1427478E+01  0.1485413E+01  0.1547083E+01  0.1612210E+01  0.1680532E+01  0.1751799E+01
 0.2500000E+02  0.1179999E+01  0.1208072E+01  0.1241838E+01  0.1280957E+01  0.1325094E+01  0.1373924E+01  0.1427131E+01  0.1484412E+01  0.1545473E+01  0.1610037E+01  0.1677837E+01  0.1748625E+01
 0.2520000E+02  0.1184687E+01  0.1211786E+01  0.1244633E+01  0.1282888E+01  0.1326214E+01  0.1374285E+01  0.1426784E+01  0.1483404E+01  0.1543854E+01  0.1607850E+01  0.1675127E+01  0.1745431E+01
 0.2540000E+02  0.1189392E+01  0.1215514E+01  0.1247440E+01  0.1284827E+01  0.1327338E+01  0.1374647E+01  0.1426434E+01  0.1482392E+01  0.1542226E+01  0.1605652E+01  0.1672401E+01  0.1742217E+01
 0.2560000E+02  0.1194112E+01  0.1219256E+01  0.1250257E+01  0.1286774E+01  0.1328468E+01  0.1375011E+01  0.1426083E+01  0.1481374E+01  0.1540589E+01  0.1603441E+01  0.1669659E+01  0.1738985E+01
 0.2580000E+02  0.1198848E+01  0.1223011E+01  0.1253086E+01  0.1288728E+01  0.1329602E+01  0.1375376E+01  0.1425729E+01  0.1480352E+01  0.1538943E+01  0.1601217E+01  0.1666901E+01  0.1735733E+01
 0.2600000E+02  0.1203598E+01  0.1226779E+01  0.1255924E+01  0.1290691E+01  0.1330741E+01  0.1375743E+01  0.1425375E+01  0.1479324E+01  0.1537289E+01  0.1598982E+01  0.1664127E+01  0.1732463E+01
 0.2620000E+02  0.1208363E+01  0.1230559E+01  0.1258773E+01  0.1292662E+01  0.1331885E+01  0.1376112E+01  0.1425018E+01  0.1478291E+01  0.1535626E+01  0.1596735E+01  0.1661338E+01  0.1729173E+01
 0.2640000E+02  0.1213142E+01  0.1234352E+01  0.1261633E+01  0.1294640E+01  0.1333034E+01  0.1376482E+01  0.1424660E+01  0.1477252E+01  0.1533955E+01  0.1594475E+01  0.1658534E+01  0.1725865E+01
 0.2660000E+02  0.1217935E+01  0.1238157E+01  0.1264502E+01  0.1296625E+01  0.1334187E+01  0.1376854E+01  0.1424300E+01  0.1476209E+01  0.1532275E+01  0.1592204E+01  0.1655715E+01  0.1722539E+01
 0.2680000E+02  0.1222741E+01  0.1241973E+01  0.1267380E+01  0.1298618E+01  0.1335345E+01  0.1377228E+01  0.1423939E+01  0.1475162E+01  0.1530588E+01  0.1589922E+01  0.1652881E+01  0.1719194E+01
 0.2700000E+02  0.1227560E+01  0.1245801E+01  0.1270269E+01  0.1300618E+01  0.1336507E+01  0.1377603E+01  0.1423576E+01  0.1474109E+01  0.1528892E+01  0.1587628E+01  0.1650032E+01  0.1715832E+01
 0.2720000E+02  0.1232391E+01  0.1249640E+01  0.1273166E+01  0.1302624E+01  0.1337674E+01  0.1377979E+01  0.1423212E+01  0.1473051E+01  0.1527188E+01  0.1585322E+01  0.1647168E+01  0.1712451E+01
 0.2740000E+02  0.1237235E+01  0.1253490E+01  0.1276072E+01  0.1304638E+01  0.1338845E+01  0.1378358E+01  0.1422846E+01  0.1471989E+01  0.1525476E+01  0.1583006E+01  0.1644290E+01  0.1709052E+01
 0.2760000E+02  0.1242090E+01  0.1257350E+01  0.1278988E+01  0.1306658E+01  0.1340020E+01  0.1378737E+01  0.1422478E+01  0.1470923E+01  0.1523756E+01  0.1580678E+01  0.1641397E+01  0.1705636E+01
 0.2780000E+02  0.1246957E+01  0.1261221E+01  0.1281912E+01  0.1308685E+01  0.1341199E+01  0.1379118E+01  0.1422110E+01  0.1469851E+01  0.1522029E+01  0.1578339E+01  0.1638490E+01  0.1702202E+01
 0.2800000E+02  0.1251835E+01  0.1265101E+01  0.1284844E+01  0.1310718E+01  0.1342383E+01  0.1379500E+01  0.1421739E+01  0.1468775E+01  0.1520294E+01  0.1575990E+01  0.1635569E+01  0.1698751E+01
 0.2820000E+02  0.1256723E+01  0.1268991E+01  0.1287784E+01  0.1312757E+01  0.1343570E+01  0.1379884E+01  0.1421367E+01  0.1467695E+01  0.1518551E+01  0.1573629E+01  0.1632634E+01  0.1695283E+01
 0.2840000E+02  0.1261622E+01  0.1272891E+01  0.1290732E+01  0.1314803E+01  0.1344761E+01  0.1380269E+01  0.1420994E+01  0.1466611E+01  0.1516801E+01  0.1571258E+01  0.1629686E+01  0.1691798E+01
 0.2860000E+02  0.1266531E+01  0.1276799E+01  0.1293688E+01  0.1316854E+01  0.1345956E+01  0.1380655E+01  0.1420620E+01  0.1465522E+01  0.1515044E+01  0.1568877E+01  0.1626723E+01  0.1688296E+01
 0.2880000E+02  0.1271449E+01  0.1280716E+01  0.1296651E+01  0.1318911E+01  0.1347155E+01  0.1381043E+01  0.1420244E+01  0.1464429E+01  0.1513279E+01  0.1566485E+01  0.1623747E+01  0.1684778E+01
 0.2900000E+02  0.1276376E+01  0.1284642E+01  0.1299622E+01  0.1320974E+01  0.1348357E+01  0.1381432E+01  0.1419866E+01  0.1463331E+01  0.1511508E+01  0.1564084E+01  0.1620758E+01  0.1681243E+01
 0.2920000E+02  0.1281312E+01  0.1288576E+01  0.1302600E+01  0.1323042E+01  0.1349563E+01  0.1381822E+01  0.1419488E+01  0.1462230E+01  0.1509729E+01  0.1561672E+01  0.1617756E+01  0.1677691E+01
 0.2940000E+02  0.1286257E+01  0.1292517E+01  0.1305584E+01  0.1325116E+01  0.1350772E+01  0.1382214E+01  0.1419108E+01  0.1461125E+01  0.1507943E+01  0.1559250E+01  0.1614741E+01  0.1674124E+01
 0.2960000E+02  0.1291209E+01  0.1296466E+01  0.1308575E+01  0.1327195E+01  0.1351984E+01  0.1382606E+01  0.1418727E+01  0.1460016E+01  0.1506151E+01  0.1556818E+01  0.1611713E+01  0.1670541E+01
 0.2980000E+02  0.1296169E+01  0.1300423E+01  0.1311573E+01  0.1329278E+01  0.1353200E+01  0.1383000E+01  0.1418344E+01  0.1458902E+01  0.1504352E+01  0.1554377E+01  0.1608672E+01  0.1666942E+01
 0.3000000E+02  0.1301137E+01  0.1304386E+01  0.1314576E+01  0.1331367E+01  0.1354419E+01  0.1383395E+01  0.1417961E+01  0.1457786E+01  0.1502546E+01  0.1551926E+01  0.1605619E+01  0.1663327E+01
 0.3020000E+02  0.1306111E+01  0.1308356E+01  0.1317586E+01  0.1333460E+01  0.1355641E+01  0.1383791E+01  0.1417576E+01  0.1456665E+01  0.1500734E+01  0.1549466E+01  0.1602553E+01  0.1659697E+01
 0.3040000E+02  0.1311092E+01  0.1312333E+01  0.1320601E+01  0.1335558E+01  0.1356866E+01  0.1384188E+01  0.1417190E+01  0.1455541E+01  0.1498915E+01  0.1546997E+01  0.1599475E+01  0.1656052E+01
 0.3060000E+02  0.1316079E+01  0.1316316E+01  0.1323622E+01  0.1337661E+01  0.1358094E+01  0.1384587E+01  0.1416803E+01  0.1454413E+01  0.1497090E+01  0.1544518E+01  0.1596385E+01  0.1652392E+01
 0.3080000E+02  0.1321072E+01  0.1320304E+01  0.1326648E+01  0.1339767E+01  0.1359325E+01  0.1384986E+01  0.1416415E+01  0.1453281E+01  0.1495260E+01  0.1542031E+01  0.1593284E+01  0.1648717E+01
 0.3100000E+02  0.1326070E+01  0.1324298E+01  0.1329679E+01  0.1341878E+01  0.1360559E+01  0.1385386E+01  0.1416025E+01  0.1452146E+01  0.1493423E+01  0.1539535E+01  0.1590171E+01  0.1645028E+01
 0.3120000E+02  0.1331074E+01  0.1328297E+01  0.1332715E+01  0.1343993E+01  0.1361795E+01  0.1385787E+01  0.1415635E+01  0.1451008E+01  0.1491580E+01  0.1537030E+01  0.1587046E+01  0.1641324E+01
 0.3140000E+02  0.1336082E+01  0.1332301E+01  0.1335756E+01  0.1346111E+01  0.1363034E+01  0.1386190E+01  0.1415244E+01  0.1449866E+01  0.1489731E+01  0.1534516E+01  0.1583910E+01  0.1637606E+01
 0.3160000E+02  0.1341095E+01  0.1336310E+01  0.1338801E+01  0.1348234E+01  0.1364276E+01  0.1386593E+01  0.1414851E+01  0.1448722E+01  0.1487876E+01  0.1531995E+01  0.1580762E+01  0.1633873E+01
 0.3180000E+02  0.1346111E+01  0.1340323E+01  0.1341850E+01  0.1350360E+01  0.1365520E+01  0.1386997E+01  0.1414458E+01  0.1447574E+01  0.1486016E+01  0.1529465E+01  0.1577604E+01  0.1630127E+01
 0.3200000E+02  0.1351132E+01  0.1344340E+01  0.1344903E+01  0.1352489E+01  0.1366766E+01  0.1387401E+01  0.1414064E+01  0.1446422E+01  0.1484151E+01  0.1526927E+01  0.1574435E+01  0.1626368E+01
 0.3220000E+02  0.1356156E+01  0.1348362E+01  0.1347960E+01  0.1354621E+01  0.1368014E+01  0.1387807E+01  0.1413669E+01  0.1445268E+01  0.1482280E+01  0.1524381E+01  0.1571255E+01  0.1622595E+01
 0.3240000E+02  0.1361182E+01  0.1352386E+01  0.1351021E+01  0.1356757E+01  0.1369265E+01  0.1388214E+01  0.1413272E+01  0.1444111E+01  0.1480404E+01  0.1521827E+01  0.1568065E+01  0.1618808E+01
 0.3260000E+02  0.1366212E+01  0.1356414E+01  0.1354084E+01  0.1358895E+01  0.1370518E+01  0.1388621E+01  0.1412875E+01  0.1442951E+01  0.1478522E+01  0.1519266E+01  0.1564864E+01  0.1615009E+01
 0.3280000E+02  0.1371243E+01  0.1360445E+01  0.1357151E+01  0.1361037E+01  0.1371772E+01  0.1389029E+01  0.1412478E+01  0.1441789E+01  0.1476636E+01  0.1516697E+01  0.1561654E+01  0.1611196E+01
 0.3300000E+02  0.1376277E+01  0.1364478E+01  0.1360221E+01  0.1363181E+01  0.1373029E+01  0.1389438E+01  0.1412079E+01  0.1440623E+01  0.1474745E+01  0.1514121E+01  0.1558433E+01  0.1607371E+01
 0.3320000E+02  0.1381312E+01  0.1368514E+01  0.1363294E+01  0.1365327E+01  0.1374287E+01  0.1389848E+01  0.1411679E+01  0.1439455E+01  0.1472849E+01  0.1511537E+01  0.1555203E+01  0.1603534E+01
 0.3340000E+02  0.1386348E+01  0.1372552E+01  0.1366369E+01  0.1367476E+01  0.1375547E+01  0.1390258E+01  0.1411279E+01  0.1438285E+01  0.1470948E+01  0.1508947E+01  0.1551963E+01  0.1599684E+01
 0.3360000E+02  0.1391386E+01  0.1376592E+01  0.1369447E+01  0.1369627E+01  0.1376809E+01  0.1390669E+01  0.1410878E+01  0.1437111E+01  0.1469043E+01  0.1506350E+01  0.1548714E+01  0.1595823E+01
 0.3380000E+02  0.1396424E+01  0.1380634E+01  0.1372526E+01  0.1371780E+01  0.1378073E+01  0.1391080E+01  0.1410476E+01  0.1435936E+01  0.1467133E+01  0.1503746E+01  0.1545456E+01  0.1591949E+01
 0.3400000E+02  0.1401462E+01  0.1384677E+01  0.1375607E+01  0.1373935E+01  0.1379337E+01  0.1391492E+01  0.1410074E+01  0.1434758E+01  0.1465219E+01  0.1501136E+01  0.1542188E+01  0.1588064E+01
 0.3420000E+02  0.1406500E+01  0.1388720E+01  0.1378690E+01  0.1376091E+01  0.1380604E+01  0.1391905E+01  0.1409671E+01  0.1433578E+01  0.1463301E+01  0.1498519E+01  0.1538912E+01  0.1584168E+01
 0.3440000E+02  0.1411537E+01  0.1392765E+01  0.1381775E+01  0.1378250E+01  0.1381871E+01  0.1392318E+01  0.1409267E+01  0.1432395E+01  0.1461379E+01  0.1495896E+01  0.1535628E+01  0.1580260E+01
 0.3460000E+02  0.1416574E+01  0.1396810E+01  0.1384860E+01  0.1380410E+01  0.1383140E+01  0.1392732E+01  0.1408863E+01  0.1431211E+01  0.1459453E+01  0.1493267E+01  0.1532334E+01  0.1576342E+01
 0.3480000E+02  0.1421610E+01  0.1400855E+01  0.1387947E+01  0.1382571E+01  0.1384410E+01  0.1393146E+01  0.1408458E+01  0.1430024E+01  0.1457523E+01  0.1490632E+01  0.1529033E+01  0.1572412E+01
 0.3500000E+02  0.1426644E+01  0.1404900E+01  0.1391034E+01  0.1384733E+01  0.1385681E+01  0.1393560E+01  0.1408053E+01  0.1428836E+01  0.1455589E+01  0.1487991E+01  0.1525723E+01  0.1568472E+01
 0.3520000E+02  0.1431677E+01  0.1408945E+01  0.1394122E+01  0.1386896E+01  0.1386953E+01  0.1393976E+01  0.1407646E+01  0.1427645E+01  0.1453651E+01  0.1485344E+01  0.1522406E+01  0.1564522E+01
 0.3540000E+02  0.1436707E+01  0.1412990E+01  0.1397211E+01  0.1389060E+01  0.1388225E+01  0.1394391E+01  0.1407240E+01  0.1426453E+01  0.1451710E+01  0.1482692E+01  0.1519081E+01  0.1560562E+01
 0.3560000E+02  0.1441736E+01  0.1417033E+01  0.1400299E+01  0.1391225E+01  0.1389499E+01  0.1394807E+01  0.1406833E+01  0.1425259E+01  0.1449766E+01  0.1480035E+01  0.1515749E+01  0.1556592E+01
 0.3580000E+02  0.1446761E+01  0.1421075E+01  0.1403388E+01  0.1393391E+01  0.1390773E+01  0.1395223E+01  0.1406426E+01  0.1424064E+01  0.1447819E+01  0.1477373E+01  0.1512409E+01  0.1552612E+01
 0.3600000E+02  0.1451783E+01  0.1425116E+01  0.1406476E+01  0.1395557E+01  0.1392048E+01  0.1395640E+01  0.1406018E+01  0.1422866E+01  0.1445868E+01  0.1474706E+01  0.1509062E+01  0.1548623E+01
 0.3620000E+02  0.1456802E+01  0.1429155E+01  0.1409564E+01  0.1397723E+01  0.1393323E+01  0.1396056E+01  0.1405609E+01  0.1421668E+01  0.1443915E+01  0.1472034E+01  0.1505709E+01  0.1544625E+01
 0.3640000E+02  0.1461818E+01  0.1433193E+01  0.1412652E+01  0.1399889E+01  0.1394599E+01  0.1396473E+01  0.1405201E+01  0.1420467E+01  0.1441958E+01  0.1469357E+01  0.1502348E+01  0.1540618E+01
 0.3660000E+02  0.1466829E+01  0.1437228E+01  0.1415738E+01  0.1402056E+01  0.1395876E+01  0.1396891E+01  0.1404792E+01  0.1419266E+01  0.1439999E+01  0.1466676E+01  0.1498981E+01  0.1536602E+01
 0.3680000E+02  0.1471836E+01  0.1441261E+01  0.1418824E+01  0.1404222E+01  0.1397152E+01  0.1397308E+01  0.1404382E+01  0.1418063E+01  0.1438038E+01  0.1463991E+01  0.1495608E+01  0.1532577E+01
 0.3700000E+02  0.1476838E+01  0.1445291E+01  0.1421908E+01  0.1406388E+01  0.1398429E+01  0.1397726E+01  0.1403973E+01  0.1416859E+01  0.1436073E+01  0.1461301E+01  0.1492229E+01  0.1528545E+01
 0.3720000E+02  0.1481836E+01  0.1449318E+01  0.1424991E+01  0.1408553E+01  0.1399705E+01  0.1398144E+01  0.1403563E+01  0.1415654E+01  0.1434107E+01  0.1458608E+01  0.1488844E+01  0.1524504E+01
 0.3740000E+02  0.1486828E+01  0.1453342E+01  0.1428072E+01  0.1410718E+01  0.1400982E+01  0.1398562E+01  0.1403153E+01  0.1414448E+01  0.1432138E+01  0.1455911E+01  0.1485454E+01  0.1520455E+01
 0.3760000E+02  0.1491815E+01  0.1457362E+01  0.1431151E+01  0.1412883E+01  0.1402259E+01  0.1398980E+01  0.1402742E+01  0.1413241E+01  0.1430167E+01  0.1453210E+01  0.1482058E+01  0.1516399E+01
 0.3780000E+02  0.1496796E+01  0.1461379E+01  0.1434228E+01  0.1415046E+01  0.1403536E+01  0.1399398E+01  0.1402332E+01  0.1412033E+01  0.1428194E+01  0.1450505E+01  0.1478656E+01  0.1512336E+01
 0.3800000E+02  0.1501771E+01  0.1465392E+01  0.1437303E+01  0.1417208E+01  0.1404812E+01  0.1399816E+01  0.1401921E+01  0.1410824E+01  0.1426219E+01  0.1447798E+01  0.1475250E+01  0.1508266E+01
 0.3820000E+02  0.1506739E+01  0.1469400E+01  0.1440376E+01  0.1419370E+01  0.1406088E+01  0.1400234E+01  0.1401511E+01  0.1409615E+01  0.1424243E+01  0.1445087E+01  0.1471839E+01  0.1504188E+01
 0.3840000E+02  0.1511701E+01  0.1473405E+01  0.1443446E+01  0.1421530E+01  0.1407364E+01  0.1400653E+01  0.1401100E+01  0.1408405E+01  0.1422265E+01  0.1442374E+01  0.1468423E+01  0.1500105E+01
 0.3860000E+02  0.1516655E+01  0.1477404E+01  0.1446513E+01  0.1423688E+01  0.1408639E+01  0.1401071E+01  0.1400689E+01  0.1407194E+01  0.1420285E+01  0.1439657E+01  0.1465003E+01  0.1496015E+01
 0.3880000E+02  0.1521603E+01  0.1481398E+01  0.1449577E+01  0.1425845E+01  0.1409913E+01  0.1401489E+01  0.1400278E+01  0.1405983E+01  0.1418305E+01  0.1436938E+01  0.1461579E+01  0.1491918E+01
 0.3900000E+02  0.1526542E+01  0.1485388E+01  0.1452638E+01  0.1428001E+01  0.1411187E+01  0.1401907E+01  0.1399867E+01  0.1404772E+01  0.1416323E+01  0.1434217E+01  0.1458150E+01  0.1487816E+01
 0.3920000E+02  0.1531474E+01  0.1489372E+01  0.1455695E+01  0.1430154E+01  0.1412460E+01  0.1402324E+01  0.1399456E+01  0.1403560E+01  0.1414339E+01  0.1431493E+01  0.1454718E+01  0.1483709E+01
 0.3940000E+02  0.1536398E+01  0.1493350E+01  0.1458749E+01  0.1432306E+01  0.1413733E+01  0.1402742E+01  0.1399045E+01  0.1402348E+01  0.1412355E+01  0.1428768E+01  0.1451283E+01  0.1479596E+01
 0.3960000E+02  0.1541313E+01  0.1497322E+01  0.1461799E+01  0.1434455E+01  0.1415004E+01  0.1403160E+01  0.1398634E+01  0.1401136E+01  0.1410370E+01  0.1426040E+01  0.1447844E+01  0.1475478E+01
 0.3980000E+02  0.1546219E+01  0.1501288E+01  0.1464845E+01  0.1436602E+01  0.1416275E+01  0.1403577E+01  0.1398223E+01  0.1399923E+01  0.1408385E+01  0.1423311E+01  0.1444402E+01  0.1471355E+01
 0.4000000E+02  0.1551117E+01  0.1505248E+01  0.1467887E+01  0.1438747E+01  0.1417544E+01  0.1403994E+01  0.1397812E+01  0.1398711E+01  0.1406399E+01  0.1420580E+01  0.1440957E+01  0.1467227E+01
 0.4020000E+02  0.1556005E+01  0.1509201E+01  0.1470924E+01  0.1440889E+01  0.1418812E+01  0.1404411E+01  0.1397402E+01  0.1397499E+01  0.1404412E+01  0.1417848E+01  0.1437509E+01  0.1463095E+01
 0.4040000E+02  0.1560883E+01  0.1513147E+01  0.1473957E+01  0.1443029E+01  0.1420079E+01  0.1404827E+01  0.1396991E+01  0.1396287E+01  0.1402425E+01  0.1415115E+01  0.1434059E+01  0.1458959E+01
 0.4060000E+02  0.1565751E+01  0.1517086E+01  0.1476986E+01  0.1445166E+01  0.1421345E+01  0.1405243E+01  0.1396581E+01  0.1395075E+01  0.1400438E+01  0.1412380E+01  0.1430607E+01  0.1454820E+01
 0.4080000E+02  0.1570610E+01  0.1521017E+01  0.1480009E+01  0.1447299E+01  0.1422609E+01  0.1405659E+01  0.1396171E+01  0.1393864E+01  0.1398451E+01  0.1409645E+01  0.1427152E+01  0.1450677E+01
 0.4100000E+02  0.1575458E+01  0.1524941E+01  0.1483027E+01  0.1449430E+01  0.1423872E+01  0.1406075E+01  0.1395762E+01  0.1392653E+01  0.1396464E+01  0.1406909E+01  0.1423696E+01  0.1446530E+01
 0.4120000E+02  0.1580295E+01  0.1528858E+01  0.1486040E+01  0.1451558E+01  0.1425133E+01  0.1406490E+01  0.1395352E+01  0.1391442E+01  0.1394478E+01  0.1404173E+01  0.1420239E+01  0.1442381E+01
 0.4140000E+02  0.1585121E+01  0.1532766E+01  0.1489047E+01  0.1453682E+01  0.1426392E+01  0.1406904E+01  0.1394943E+01  0.1390232E+01  0.1392491E+01  0.1401437E+01  0.1416780E+01  0.1438228E+01
 0.4160000E+02  0.1589936E+01  0.1536666E+01  0.1492049E+01  0.1455803E+01  0.1427650E+01  0.1407318E+01  0.1394534E+01  0.1389023E+01  0.1390506E+01  0.1398700E+01  0.1413320E+01  0.1434073E+01
 0.4180000E+02  0.1594740E+01  0.1540558E+01  0.1495045E+01  0.1457920E+01  0.1428906E+01  0.1407732E+01  0.1394126E+01  0.1387814E+01  0.1388520E+01  0.1395964E+01  0.1409859E+01  0.1429916E+01
 0.4200000E+02  0.1599532E+01  0.1544440E+01  0.1498035E+01  0.1460033E+01  0.1430160E+01  0.1408145E+01  0.1393718E+01  0.1386606E+01  0.1386536E+01  0.1393227E+01  0.1406397E+01  0.1425757E+01
 0.4220000E+02  0.1604312E+01  0.1548314E+01  0.1501019E+01  0.1462143E+01  0.1431412E+01  0.1408558E+01  0.1393310E+01  0.1385399E+01  0.1384552E+01  0.1390492E+01  0.1402935E+01  0.1421597E+01
 0.4240000E+02  0.1609079E+01  0.1552179E+01  0.1503996E+01  0.1464248E+01  0.1432662E+01  0.1408970E+01  0.1392903E+01  0.1384194E+01  0.1382570E+01  0.1387756E+01  0.1399473E+01  0.1417435E+01
 0.4260000E+02  0.1613834E+01  0.1556034E+01  0.1506967E+01  0.1466350E+01  0.1433910E+01  0.1409381E+01  0.1392496E+01  0.1382989E+01  0.1380589E+01  0.1385022E+01  0.1396011E+01  0.1413271E+01
 0.4280000E+02  0.1618577E+01  0.1559880E+01  0.1509930E+01  0.1468447E+01  0.1435156E+01  0.1409792E+01  0.1392090E+01  0.1381785E+01  0.1378609E+01  0.1382289E+01  0.1392549E+01  0.1409107E+01
 0.4300000E+02  0.1623306E+01  0.1563716E+01  0.1512888E+01  0.1470539E+01  0.1436399E+01  0.1410202E+01  0.1391685E+01  0.1380583E+01  0.1376630E+01  0.1379557E+01  0.1389087E+01  0.1404943E+01
 0.4320000E+02  0.1628022E+01  0.1567542E+01  0.1515837E+01  0.1472627E+01  0.1437641E+01  0.1410612E+01  0.1391280E+01  0.1379381E+01  0.1374653E+01  0.1376826E+01  0.1385627E+01  0.1400777E+01
 0.4340000E+02  0.1632724E+01  0.1571357E+01  0.1518780E+01  0.1474711E+01  0.1438879E+01  0.1411021E+01  0.1390875E+01  0.1378182E+01  0.1372678E+01  0.1374097E+01  0.1382167E+01  0.1396612E+01
 0.4360000E+02  0.1637413E+01  0.1575162E+01  0.1521715E+01  0.1476790E+01  0.1440115E+01  0.1411429E+01  0.1390471E+01  0.1376983E+01  0.1370704E+01  0.1371369E+01  0.1378708E+01  0.1392447E+01
 0.4380000E+02  0.1642087E+01  0.1578957E+01  0.1524643E+01  0.1478863E+01  0.1441349E+01  0.1411836E+01  0.1390068E+01  0.1375787E+01  0.1368733E+01  0.1368644E+01  0.1375251E+01  0.1388283E+01
 0.4400000E+02  0.1646747E+01  0.1582740E+01  0.1527563E+01  0.1480932E+01  0.1442579E+01  0.1412243E+01  0.1389665E+01  0.1374591E+01  0.1366763E+01  0.1365920E+01  0.1371796E+01  0.1384119E+01
 0.4420000E+02  0.1651393E+01  0.1586513E+01  0.1530475E+01  0.1482996E+01  0.1443807E+01  0.1412648E+01  0.1389263E+01  0.1373398E+01  0.1364796E+01  0.1363199E+01  0.1368342E+01  0.1379957E+01
 0.4440000E+02  0.1656024E+01  0.1590274E+01  0.1533378E+01  0.1485054E+01  0.1445032E+01  0.1413053E+01  0.1388862E+01  0.1372206E+01  0.1362832E+01  0.1360480E+01  0.1364891E+01  0.1375796E+01
 0.4460000E+02  0.1660640E+01  0.1594024E+01  0.1536274E+01  0.1487107E+01  0.1446254E+01  0.1413457E+01  0.1388462E+01  0.1371017E+01  0.1360869E+01  0.1357764E+01  0.1361442E+01  0.1371636E+01
 0.4480000E+02  0.1665241E+01  0.1597762E+01  0.1539161E+01  0.1489154E+01  0.1447474E+01  0.1413860E+01  0.1388062E+01  0.1369829E+01  0.1358910E+01  0.1355051E+01  0.1357996E+01  0.1367479E+01
 0.4500000E+02  0.1669826E+01  0.1601488E+01  0.1542039E+01  0.1491196E+01  0.1448690E+01  0.1414263E+01  0.1387663E+01  0.1368643E+01  0.1356953E+01  0.1352341E+01  0.1354552E+01  0.1363323E+01
 0.4520000E+02  0.1674396E+01  0.1605202E+01  0.1544909E+01  0.1493232E+01  0.1449903E+01  0.1414664E+01  0.1387265E+01  0.1367459E+01  0.1354999E+01  0.1349635E+01  0.1351112E+01  0.1359170E+01
 0.4540000E+02  0.1678950E+01  0.1608903E+01  0.1547769E+01  0.1495262E+01  0.1451112E+01  0.1415064E+01  0.1386868E+01  0.1366278E+01  0.1353048E+01  0.1346931E+01  0.1347674E+01  0.1355020E+01
 0.4560000E+02  0.1683487E+01  0.1612592E+01  0.1550621E+01  0.1497286E+01  0.1452319E+01  0.1415463E+01  0.1386472E+01  0.1365099E+01  0.1351101E+01  0.1344232E+01  0.1344241E+01  0.1350873E+01
 0.4580000E+02  0.1688008E+01  0.1616269E+01  0.1553463E+01  0.1499303E+01  0.1453522E+01  0.1415862E+01  0.1386076E+01  0.1363922E+01  0.1349157E+01  0.1341536E+01  0.1340811E+01  0.1346729E+01
 0.4600000E+02  0.1692513E+01  0.1619932E+01  0.1556296E+01  0.1501315E+01  0.1454721E+01  0.1416259E+01  0.1385682E+01  0.1362748E+01  0.1347216E+01  0.1338844E+01  0.1337386E+01  0.1342589E+01
 0.4620000E+02  0.1697001E+01  0.1623583E+01  0.1559119E+01  0.1503320E+01  0.1455917E+01  0.1416655E+01  0.1385288E+01  0.1361576E+01  0.1345279E+01  0.1336156E+01  0.1333964E+01  0.1338453E+01
 0.4640000E+02  0.1701471E+01  0.1627220E+01  0.1561932E+01  0.1505318E+01  0.1457109E+01  0.1417050E+01  0.1384896E+01  0.1360407E+01  0.1343345E+01  0.1333473E+01  0.1330547E+01  0.1334321E+01
 0.4660000E+02  0.1705925E+01  0.1630843E+01  0.1564735E+01  0.1507310E+01  0.1458298E+01  0.1417444E+01  0.1384504E+01  0.1359240E+01  0.1341416E+01  0.1330794E+01  0.1327135E+01  0.1330193E+01
 0.4680000E+02  0.1710361E+01  0.1634453E+01  0.1567529E+01  0.1509295E+01  0.1459483E+01  0.1417837E+01  0.1384114E+01  0.1358076E+01  0.1339490E+01  0.1328121E+01  0.1323728E+01  0.1326071E+01
 0.4700000E+02  0.1714779E+01  0.1638049E+01  0.1570312E+01  0.1511274E+01  0.1460664E+01  0.1418229E+01  0.1383724E+01  0.1356916E+01  0.1337569E+01  0.1325452E+01  0.1320327E+01  0.1321953E+01
 0.4720000E+02  0.1719179E+01  0.1641631E+01  0.1573084E+01  0.1513245E+01  0.1461841E+01  0.1418619E+01  0.1383336E+01  0.1355758E+01  0.1335652E+01  0.1322788E+01  0.1316931E+01  0.1317841E+01
 0.4740000E+02  0.1723561E+01  0.1645199E+01  0.1575846E+01  0.1515209E+01  0.1463014E+01  0.1419008E+01  0.1382949E+01  0.1354603E+01  0.1333739E+01  0.1320129E+01  0.1313540E+01  0.1313735E+01
 0.4760000E+02  0.1727925E+01  0.1648752E+01  0.1578598E+01  0.1517166E+01  0.1464183E+01  0.1419396E+01  0.1382563E+01  0.1353451E+01  0.1331831E+01  0.1317476E+01  0.1310156E+01  0.1309634E+01
 0.4780000E+02  0.1732270E+01  0.1652290E+01  0.1581338E+01  0.1519115E+01  0.1465348E+01  0.1419783E+01  0.1382178E+01  0.1352302E+01  0.1329928E+01  0.1314829E+01  0.1306778E+01  0.1305540E+01
 0.4800000E+02  0.1736597E+01  0.1655814E+01  0.1584068E+01  0.1521057E+01  0.1466509E+01  0.1420168E+01  0.1381794E+01  0.1351157E+01  0.1328029E+01  0.1312188E+01  0.1303406E+01  0.1301453E+01
 0.4820000E+02  0.1740904E+01  0.1659323E+01  0.1586786E+01  0.1522992E+01  0.1467666E+01  0.1420552E+01  0.1381412E+01  0.1350015E+01  0.1326136E+01  0.1309553E+01  0.1300041E+01  0.1297372E+01
 0.4840000E+02  0.1745193E+01  0.1662817E+01  0.1589493E+01  0.1524919E+01  0.1468818E+01  0.1420935E+01  0.1381031E+01  0.1348876E+01  0.1324247E+01  0.1306924E+01  0.1296683E+01  0.1293299E+01
 0.4860000E+02  0.1749462E+01  0.1666295E+01  0.1592189E+01  0.1526838E+01  0.1469965E+01  0.1421316E+01  0.1380651E+01  0.1347741E+01  0.1322364E+01  0.1304302E+01  0.1293333E+01  0.1289233E+01
 0.4880000E+02  0.1753711E+01  0.1669758E+01  0.1594872E+01  0.1528749E+01  0.1471109E+01  0.1421696E+01  0.1380272E+01  0.1346609E+01  0.1320486E+01  0.1301686E+01  0.1289990E+01  0.1285175E+01
 0.4900000E+02  0.1757941E+01  0.1673205E+01  0.1597545E+01  0.1530652E+01  0.1472247E+01  0.1422075E+01  0.1379895E+01  0.1345481E+01  0.1318614E+01  0.1299077E+01  0.1286654E+01  0.1281125E+01
 0.4920000E+02  0.1762151E+01  0.1676636E+01  0.1600205E+01  0.1532547E+01  0.1473381E+01  0.1422452E+01  0.1379519E+01  0.1344357E+01  0.1316747E+01  0.1296476E+01  0.1283327E+01  0.1277083E+01
 0.4940000E+02  0.1766340E+01  0.1680051E+01  0.1602853E+01  0.1534433E+01  0.1474511E+01  0.1422827E+01  0.1379144E+01  0.1343236E+01  0.1314886E+01  0.1293881E+01  0.1280008E+01  0.1273050E+01
 0.4960000E+02  0.1770510E+01  0.1683450E+01  0.1605489E+01  0.1536312E+01  0.1475635E+01  0.1423201E+01  0.1378771E+01  0.1342120E+01  0.1313031E+01  0.1291294E+01  0.1276697E+01  0.1269027E+01
 0.4980000E+02  0.1774658E+01  0.1686833E+01  0.1608113E+01  0.1538181E+01  0.1476755E+01  0.1423574E+01  0.1378399E+01  0.1341007E+01  0.1311183E+01  0.1288715E+01  0.1273395E+01  0.1265012E+01
 0.5000000E+02  0.1778786E+01  0.1690199E+01  0.1610724E+01  0.1540043E+01  0.1477869E+01  0.1423945E+01  0.1378029E+01  0.1339899E+01  0.1309340E+01  0.1286143E+01  0.1270102E+01  0.1261007E+01
 0.5020000E+02  0.1782893E+01  0.1693548E+01  0.1613322E+01  0.1541895E+01  0.1478979E+01  0.1424314E+01  0.1377660E+01  0.1338794E+01  0.1307503E+01  0.1283580E+01  0.1266819E+01  0.1257012E+01
 0.5040000E+02  0.1786979E+01  0.1696881E+01  0.1615908E+01  0.1543739E+01  0.1480084E+01  0.1424682E+01  0.1377293E+01  0.1337694E+01  0.1305673E+01  0.1281025E+01  0.1263545E+01  0.1253028E+01
 0.5060000E+02  0.1791044E+01  0.1700196E+01  0.1618481E+01  0.1545574E+01  0.1481184E+01  0.1425048E+01  0.1376927E+01  0.1336598E+01  0.1303850E+01  0.1278478E+01  0.1260280E+01  0.1249053E+01
 0.5080000E+02  0.1795087E+01  0.1703494E+01  0.1621041E+01  0.1547400E+01  0.1482278E+01  0.1425413E+01  0.1376563E+01  0.1335507E+01  0.1302033E+01  0.1275940E+01  0.1257026E+01  0.1245090E+01
 0.5100000E+02  0.1799109E+01  0.1706775E+01  0.1623588E+01  0.1549216E+01  0.1483367E+01  0.1425775E+01  0.1376200E+01  0.1334420E+01  0.1300224E+01  0.1273410E+01  0.1253782E+01  0.1241138E+01
 0.5120000E+02  0.1803109E+01  0.1710039E+01  0.1626121E+01  0.1551024E+01  0.1484451E+01  0.1426137E+01  0.1375839E+01  0.1333337E+01  0.1298421E+01  0.1270890E+01  0.1250548E+01  0.1237197E+01
 0.5140000E+02  0.1807087E+01  0.1713284E+01  0.1628641E+01  0.1552822E+01  0.1485530E+01  0.1426496E+01  0.1375480E+01  0.1332259E+01  0.1296625E+01  0.1268379E+01  0.1247325E+01  0.1233269E+01
 0.5160000E+02  0.1811042E+01  0.1716512E+01  0.1631148E+01  0.1554611E+01  0.1486603E+01  0.1426854E+01  0.1375122E+01  0.1331186E+01  0.1294837E+01  0.1265877E+01  0.1244113E+01  0.1229352E+01
 0.5180000E+02  0.1814975E+01  0.1719722E+01  0.1633640E+01  0.1556390E+01  0.1487670E+01  0.1427210E+01  0.1374766E+01  0.1330117E+01  0.1293056E+01  0.1263385E+01  0.1240912E+01  0.1225447E+01
 0.5200000E+02  0.1818886E+01  0.1722913E+01  0.1636119E+01  0.1558160E+01  0.1488732E+01  0.1427564E+01  0.1374412E+01  0.1329053E+01  0.1291282E+01  0.1260902E+01  0.1237723E+01  0.1221556E+01
 0.5220000E+02  0.1822774E+01  0.1726087E+01  0.1638584E+01  0.1559920E+01  0.1489788E+01  0.1427916E+01  0.1374059E+01  0.1327994E+01  0.1289516E+01  0.1258430E+01  0.1234546E+01  0.1217677E+01
 0.5240000E+02  0.1826640E+01  0.1729241E+01  0.1641035E+01  0.1561670E+01  0.1490839E+01  0.1428267E+01  0.1373708E+01  0.1326940E+01  0.1287758E+01  0.1255967E+01  0.1231380E+01  0.1213812E+01
 0.5260000E+02  0.1830482E+01  0.1732378E+01  0.1643471E+01  0.1563410E+01  0.1491884E+01  0.1428615E+01  0.1373359E+01  0.1325892E+01  0.1286008E+01  0.1253515E+01  0.1228227E+01  0.1209960E+01
 0.5280000E+02  0.1834301E+01  0.1735495E+01  0.1645894E+01  0.1565141E+01  0.1492923E+01  0.1428962E+01  0.1373012E+01  0.1324848E+01  0.1284266E+01  0.1251073E+01  0.1225086E+01  0.1206123E+01
 0.5300000E+02  0.1838097E+01  0.1738594E+01  0.1648301E+01  0.1566861E+01  0.1493956E+01  0.1429307E+01  0.1372666E+01  0.1323809E+01  0.1282532E+01  0.1248643E+01  0.1221958E+01  0.1202299E+01
 0.5320000E+02  0.1841869E+01  0.1741673E+01  0.1650695E+01  0.1568571E+01  0.1494983E+01  0.1429650E+01  0.1372322E+01  0.1322776E+01  0.1280806E+01  0.1246223E+01  0.1218843E+01  0.1198490E+01
 0.5340000E+02  0.1845617E+01  0.1744734E+01  0.1653073E+01  0.1570270E+01  0.1496004E+01  0.1429991E+01  0.1371981E+01  0.1321748E+01  0.1279089E+01  0.1243814E+01  0.1215741E+01  0.1194696E+01
 0.5360000E+02  0.1849342E+01  0.1747775E+01  0.1655437E+01  0.1571959E+01  0.1497019E+01  0.1430330E+01  0.1371641E+01  0.1320726E+01  0.1277380E+01  0.1241416E+01  0.1212653E+01  0.1190918E+01
 0.5380000E+02  0.1853043E+01  0.1750796E+01  0.1657785E+01  0.1573638E+01  0.1498028E+01  0.1430667E+01  0.1371303E+01  0.1319709E+01  0.1275680E+01  0.1239030E+01  0.1209579E+01  0.1187154E+01
 0.5400000E+02  0.1856719E+01  0.1753798E+01  0.1660119E+01  0.1575306E+01  0.1499030E+01  0.1431002E+01  0.1370967E+01  0.1318697E+01  0.1273989E+01  0.1236655E+01  0.1206518E+01  0.1183407E+01
 0.5420000E+02  0.1860371E+01  0.1756780E+01  0.1662437E+01  0.1576963E+01  0.1500027E+01  0.1431335E+01  0.1370632E+01  0.1317691E+01  0.1272307E+01  0.1234293E+01  0.1203472E+01  0.1179676E+01
 0.5440000E+02  0.1863999E+01  0.1759742E+01  0.1664740E+01  0.1578610E+01  0.1501017E+01  0.1431666E+01  0.1370300E+01  0.1316691E+01  0.1270634E+01  0.1231942E+01  0.1200440E+01  0.1175961E+01
 0.5460000E+02  0.1867602E+01  0.1762684E+01  0.1667028E+01  0.1580246E+01  0.1502000E+01  0.1431995E+01  0.1369970E+01  0.1315697E+01  0.1268970E+01  0.1229603E+01  0.1197423E+01  0.1172263E+01
 0.5480000E+02  0.1871181E+01  0.1765606E+01  0.1669300E+01  0.1581871E+01  0.1502978E+01  0.1432322E+01  0.1369642E+01  0.1314708E+01  0.1267315E+01  0.1227277E+01  0.1194421E+01  0.1168582E+01
 0.5500000E+02  0.1874734E+01  0.1768508E+01  0.1671556E+01  0.1583484E+01  0.1503948E+01  0.1432646E+01  0.1369316E+01  0.1313726E+01  0.1265670E+01  0.1224964E+01  0.1191434E+01  0.1164918E+01
 0.5520000E+02  0.1878263E+01  0.1771389E+01  0.1673797E+01  0.1585087E+01  0.1504912E+01  0.1432969E+01  0.1368992E+01  0.1312749E+01  0.1264035E+01  0.1222663E+01  0.1188462E+01  0.1161272E+01
 0.5540000E+02  0.1881766E+01  0.1774250E+01  0.1676021E+01  0.1586678E+01  0.1505870E+01  0.1433289E+01  0.1368670E+01  0.1311779E+01  0.1262409E+01  0.1220375E+01  0.1185507E+01  0.1157644E+01
 0.5560000E+02  0.1885244E+01  0.1777090E+01  0.1678230E+01  0.1588259E+01  0.1506821E+01  0.1433608E+01  0.1368351E+01  0.1310815E+01  0.1260793E+01  0.1218100E+01  0.1182567E+01  0.1154034E+01
 0.5580000E+02  0.1888697E+01  0.1779909E+01  0.1680423E+01  0.1589827E+01  0.1507765E+01  0.1433924E+01  0.1368033E+01  0.1309857E+01  0.1259187E+01  0.1215839E+01  0.1179643E+01  0.1150443E+01
 0.5600000E+02  0.1892124E+01  0.1782707E+01  0.1682599E+01  0.1591384E+01  0.1508702E+01  0.1434237E+01  0.1367718E+01  0.1308905E+01  0.1257591E+01  0.1213591E+01  0.1176736E+01  0.1146871E+01
 0.5620000E+02  0.1895525E+01  0.1785484E+01  0.1684759E+01  0.1592930E+01  0.1509633E+01  0.1434549E+01  0.1367404E+01  0.1307959E+01  0.1256005E+01  0.1211356E+01  0.1173846E+01  0.1143318E+01
 0.5640000E+02  0.1898900E+01  0.1788240E+01  0.1686902E+01  0.1594464E+01  0.1510556E+01  0.1434858E+01  0.1367093E+01  0.1307020E+01  0.1254430E+01  0.1209136E+01  0.1170972E+01  0.1139784E+01
 0.5660000E+02  0.1902249E+01  0.1790975E+01  0.1689029E+01  0.1595986E+01  0.1511473E+01  0.1435165E+01  0.1366784E+01  0.1306088E+01  0.1252865E+01  0.1206930E+01  0.1168116E+01  0.1136271E+01
 0.5680000E+02  0.1905573E+01  0.1793688E+01  0.1691140E+01  0.1597497E+01  0.1512382E+01  0.1435470E+01  0.1366478E+01  0.1305162E+01  0.1251310E+01  0.1204737E+01  0.1165277E+01  0.1132777E+01
 0.5700000E+02  0.1908869E+01  0.1796379E+01  0.1693233E+01  0.1598995E+01  0.1513285E+01  0.1435772E+01  0.1366173E+01  0.1304242E+01  0.1249766E+01  0.1202559E+01  0.1162456E+01  0.1129304E+01
 0.5720000E+02  0.1912140E+01  0.1799049E+01  0.1695310E+01  0.1600482E+01  0.1514180E+01  0.1436073E+01  0.1365871E+01  0.1303330E+01  0.1248233E+01  0.1200396E+01  0.1159652E+01  0.1125852E+01
 0.5740000E+02  0.1915384E+01  0.1801697E+01  0.1697370E+01  0.1601956E+01  0.1515068E+01  0.1436370E+01  0.1365572E+01  0.1302424E+01  0.1246711E+01  0.1198248E+01  0.1156867E+01  0.1122421E+01
 0.5760000E+02  0.1918601E+01  0.1804323E+01  0.1699412E+01  0.1603419E+01  0.1515949E+01  0.1436666E+01  0.1365274E+01  0.1301525E+01  0.1245200E+01  0.1196114E+01  0.1154100E+01  0.1119011E+01
 0.5780000E+02  0.1921791E+01  0.1806927E+01  0.1701438E+01  0.1604869E+01  0.1516823E+01  0.1436959E+01  0.1364979E+01  0.1300633E+01  0.1243701E+01  0.1193995E+01  0.1151352E+01  0.1115623E+01
 0.5800000E+02  0.1924955E+01  0.1809509E+01  0.1703446E+01  0.1606306E+01  0.1517690E+01  0.1437249E+01  0.1364687E+01  0.1299747E+01  0.1242212E+01  0.1191892E+01  0.1148622E+01  0.1112256E+01
 0.5820000E+02  0.1928091E+01  0.1812069E+01  0.1705437E+01  0.1607732E+01  0.1518549E+01  0.1437537E+01  0.1364396E+01  0.1298869E+01  0.1240735E+01  0.1189804E+01  0.1145912E+01  0.1108912E+01
 0.5840000E+02  0.1931200E+01  0.1814606E+01  0.1707410E+01  0.1609145E+01  0.1519400E+01  0.1437823E+01  0.1364109E+01  0.1297998E+01  0.1239269E+01  0.1187732E+01  0.1143221E+01  0.1105591E+01
 0.5860000E+02  0.1934282E+01  0.1817120E+01  0.1709366E+01  0.1610545E+01  0.1520244E+01  0.1438106E+01  0.1363823E+01  0.1297134E+01  0.1237815E+01  0.1185675E+01  0.1140549E+01  0.1102292E+01
 0.5880000E+02  0.1937337E+01  0.1819612E+01  0.1711304E+01  0.1611933E+01  0.1521081E+01  0.1438387E+01  0.1363540E+01  0.1296277E+01  0.1236373E+01  0.1183635E+01  0.1137898E+01  0.1099017E+01
 0.5900000E+02  0.1940364E+01  0.1822082E+01  0.1713225E+01  0.1613308E+01  0.1521910E+01  0.1438665E+01  0.1363260E+01  0.1295428E+01  0.1234942E+01  0.1181610E+01  0.1135266E+01  0.1095765E+01
 0.5920000E+02  0.1943363E+01  0.1824528E+01  0.1715127E+01  0.1614670E+01  0.1522731E+01  0.1438940E+01  0.1362982E+01  0.1294586E+01  0.1233524E+01  0.1179602E+01  0.1132654E+01  0.1092536E+01
 0.5940000E+02  0.1946335E+01  0.1826952E+01  0.1717012E+01  0.1616020E+01  0.1523545E+01  0.1439214E+01  0.1362706E+01  0.1293751E+01  0.1232117E+01  0.1177610E+01  0.1130063E+01  0.1089332E+01
 0.5960000E+02  0.1949278E+01  0.1829353E+01  0.1718879E+01  0.1617357E+01  0.1524351E+01  0.1439484E+01  0.1362433E+01  0.1292924E+01  0.1230723E+01  0.1175635E+01  0.1127493E+01  0.1086152E+01
 0.5980000E+02  0.1952194E+01  0.1831730E+01  0.1720727E+01  0.1618680E+01  0.1525149E+01  0.1439752E+01  0.1362163E+01  0.1292104E+01  0.1229341E+01  0.1173677E+01  0.1124943E+01  0.1082997E+01
 0.6000000E+02  0.1955082E+01  0.1834084E+01  0.1722557E+01  0.1619991E+01  0.1525939E+01  0.1440018E+01  0.1361895E+01  0.1291292E+01  0.1227972E+01  0.1171735E+01  0.1122415E+01  0.1079866E+01
 0.6020000E+02  0.1957941E+01  0.1836415E+01  0.1724369E+01  0.1621288E+01  0.1526722E+01  0.1440280E+01  0.1361630E+01  0.1290488E+01  0.1226615E+01  0.1169811E+01  0.1119908E+01  0.1076761E+01
 0.6040000E+02  0.1960772E+01  0.1838722E+01  0.1726163E+01  0.1622573E+01  0.1527497E+01  0.1440540E+01  0.1361367E+01  0.1289691E+01  0.1225270E+01  0.1167904E+01  0.1117422E+01  0.1073682E+01
 0.6060000E+02  0.1963575E+01  0.1841006E+01  0.1727938E+01  0.1623844E+01  0.1528263E+01  0.1440798E+01  0.1361107E+01  0.1288902E+01  0.1223939E+01  0.1166014E+01  0.1114958E+01  0.1070628E+01
 0.6080000E+02  0.1966349E+01  0.1843267E+01  0.1729695E+01  0.1625102E+01  0.1529022E+01  0.1441053E+01  0.1360850E+01  0.1288121E+01  0.1222620E+01  0.1164142E+01  0.1112517E+01  0.1067600E+01
 0.6100000E+02  0.1969095E+01  0.1845503E+01  0.1731433E+01  0.1626346E+01  0.1529772E+01  0.1441305E+01  0.1360595E+01  0.1287347E+01  0.1221314E+01  0.1162288E+01  0.1110097E+01  0.1064598E+01
 0.6120000E+02  0.1971812E+01  0.1847716E+01  0.1733152E+01  0.1627577E+01  0.1530515E+01  0.1441554E+01  0.1360343E+01  0.1286582E+01  0.1220021E+01  0.1160452E+01  0.1107700E+01  0.1061623E+01
 0.6140000E+02  0.1974500E+01  0.1849905E+01  0.1734852E+01  0.1628794E+01  0.1531249E+01  0.1441801E+01  0.1360094E+01  0.1285825E+01  0.1218741E+01  0.1158633E+01  0.1105326E+01  0.1058675E+01
 0.6160000E+02  0.1977159E+01  0.1852069E+01  0.1736534E+01  0.1629998E+01  0.1531976E+01  0.1442045E+01  0.1359847E+01  0.1285075E+01  0.1217475E+01  0.1156833E+01  0.1102975E+01  0.1055754E+01
 0.6180000E+02  0.1979789E+01  0.1854210E+01  0.1738197E+01  0.1631188E+01  0.1532694E+01  0.1442287E+01  0.1359603E+01  0.1284334E+01  0.1216222E+01  0.1155051E+01  0.1100646E+01  0.1052861E+01
 0.6200000E+02  0.1982390E+01  0.1856326E+01  0.1739840E+01  0.1632365E+01  0.1533403E+01  0.1442525E+01  0.1359362E+01  0.1283601E+01  0.1214982E+01  0.1153288E+01  0.1098341E+01  0.1049995E+01
 0.6220000E+02  0.1984961E+01  0.1858419E+01  0.1741465E+01  0.1633527E+01  0.1534105E+01  0.1442761E+01  0.1359124E+01  0.1282877E+01  0.1213756E+01  0.1151544E+01  0.1096060E+01  0.1047157E+01
 0.6240000E+02  0.1987504E+01  0.1860486E+01  0.1743070E+01  0.1634676E+01  0.1534798E+01  0.1442994E+01  0.1358888E+01  0.1282160E+01  0.1212544E+01  0.1149818E+01  0.1093802E+01  0.1044348E+01
 0.6260000E+02  0.1990017E+01  0.1862530E+01  0.1744656E+01  0.1635811E+01  0.1535482E+01  0.1443224E+01  0.1358655E+01  0.1281452E+01  0.1211345E+01  0.1148111E+01  0.1091568E+01  0.1041567E+01
 0.6280000E+02  0.1992500E+01  0.1864549E+01  0.1746223E+01  0.1636932E+01  0.1536159E+01  0.1443452E+01  0.1358425E+01  0.1280752E+01  0.1210160E+01  0.1146423E+01  0.1089358E+01  0.1038815E+01
 0.6300000E+02  0.1994954E+01  0.1866543E+01  0.1747770E+01  0.1638039E+01  0.1536827E+01  0.1443676E+01  0.1358198E+01  0.1280061E+01  0.1208989E+01  0.1144755E+01  0.1087172E+01  0.1036091E+01
 0.6320000E+02  0.1997378E+01  0.1868512E+01  0.1749298E+01  0.1639132E+01  0.1537486E+01  0.1443898E+01  0.1357973E+01  0.1279378E+01  0.1207832E+01  0.1143106E+01  0.1085012E+01  0.1033398E+01
 0.6340000E+02  0.1999773E+01  0.1870457E+01  0.1750806E+01  0.1640211E+01  0.1538137E+01  0.1444117E+01  0.1357752E+01  0.1278704E+01  0.1206690E+01  0.1141477E+01  0.1082875E+01  0.1030733E+01
 0.6360000E+02  0.2002137E+01  0.1872377E+01  0.1752295E+01  0.1641276E+01  0.1538779E+01  0.1444333E+01  0.1357533E+01  0.1278038E+01  0.1205561E+01  0.1139867E+01  0.1080764E+01  0.1028099E+01
 0.6380000E+02  0.2004472E+01  0.1874272E+01  0.1753764E+01  0.1642326E+01  0.1539412E+01  0.1444546E+01  0.1357318E+01  0.1277381E+01  0.1204447E+01  0.1138277E+01  0.1078678E+01  0.1025495E+01
 0.6400000E+02  0.2006776E+01  0.1876142E+01  0.1755213E+01  0.1643363E+01  0.1540037E+01  0.1444756E+01  0.1357105E+01  0.1276733E+01  0.1203347E+01  0.1136707E+01  0.1076617E+01  0.1022921E+01
 0.6420000E+02  0.2009051E+01  0.1877986E+01  0.1756642E+01  0.1644384E+01  0.1540654E+01  0.1444963E+01  0.1356895E+01  0.1276093E+01  0.1202262E+01  0.1135157E+01  0.1074581E+01  0.1020378E+01
 0.6440000E+02  0.2011295E+01  0.1879806E+01  0.1758052E+01  0.1645392E+01  0.1541261E+01  0.1445168E+01  0.1356688E+01  0.1275462E+01  0.1201191E+01  0.1133627E+01  0.1072572E+01  0.1017865E+01
 0.6460000E+02  0.2013509E+01  0.1881600E+01  0.1759441E+01  0.1646385E+01  0.1541860E+01  0.1445369E+01  0.1356484E+01  0.1274840E+01  0.1200135E+01  0.1132118E+01  0.1070588E+01  0.1015384E+01
 0.6480000E+02  0.2015693E+01  0.1883369E+01  0.1760811E+01  0.1647363E+01  0.1542450E+01  0.1445568E+01  0.1356283E+01  0.1274227E+01  0.1199094E+01  0.1130629E+01  0.1068630E+01  0.1012934E+01
 0.6500000E+02  0.2017846E+01  0.1885113E+01  0.1762160E+01  0.1648327E+01  0.1543031E+01  0.1445763E+01  0.1356085E+01  0.1273623E+01  0.1198067E+01  0.1129161E+01  0.1066698E+01  0.1010515E+01
 0.6520000E+02  0.2019969E+01  0.1886831E+01  0.1763489E+01  0.1649276E+01  0.1543604E+01  0.1445956E+01  0.1355889E+01  0.1273028E+01  0.1197055E+01  0.1127714E+01  0.1064793E+01  0.1008129E+01
 0.6540000E+02  0.2022061E+01  0.1888524E+01  0.1764798E+01  0.1650211E+01  0.1544167E+01  0.1446145E+01  0.1355697E+01  0.1272442E+01  0.1196059E+01  0.1126287E+01  0.1062915E+01  0.1005774E+01
 0.6560000E+02  0.2024122E+01  0.1890191E+01  0.1766087E+01  0.1651131E+01  0.1544722E+01  0.1446332E+01  0.1355508E+01  0.1271864E+01  0.1195077E+01  0.1124882E+01  0.1061063E+01  0.1003452E+01
 0.6580000E+02  0.2026153E+01  0.1891832E+01  0.1767355E+01  0.1652036E+01  0.1545267E+01  0.1446515E+01  0.1355322E+01  0.1271296E+01  0.1194111E+01  0.1123497E+01  0.1059238E+01  0.1001162E+01
 0.6600000E+02  0.2028153E+01  0.1893448E+01  0.1768603E+01  0.1652927E+01  0.1545804E+01  0.1446696E+01  0.1355139E+01  0.1270738E+01  0.1193160E+01  0.1122134E+01  0.1057440E+01  0.9989053E+00
 0.6620000E+02  0.2030122E+01  0.1895038E+01  0.1769831E+01  0.1653802E+01  0.1546331E+01  0.1446873E+01  0.1354959E+01  0.1270188E+01  0.1192224E+01  0.1120792E+01  0.1055670E+01  0.9966813E+00
 0.6640000E+02  0.2032061E+01  0.1896602E+01  0.1771038E+01  0.1654663E+01  0.1546850E+01  0.1447048E+01  0.1354782E+01  0.1269647E+01  0.1191304E+01  0.1119472E+01  0.1053927E+01  0.9944905E+00
 0.6660000E+02  0.2033968E+01  0.1898140E+01  0.1772225E+01  0.1655509E+01  0.1547359E+01  0.1447219E+01  0.1354608E+01  0.1269116E+01  0.1190399E+01  0.1118174E+01  0.1052211E+01  0.9923332E+00
 0.6680000E+02  0.2035844E+01  0.1899652E+01  0.1773390E+01  0.1656340E+01  0.1547860E+01  0.1447388E+01  0.1354438E+01  0.1268594E+01  0.1189510E+01  0.1116897E+01  0.1050524E+01  0.9902094E+00
 0.6700000E+02  0.2037689E+01  0.1901138E+01  0.1774536E+01  0.1657156E+01  0.1548351E+01  0.1447553E+01  0.1354270E+01  0.1268082E+01  0.1188636E+01  0.1115642E+01  0.1048864E+01  0.9881196E+00
 0.6720000E+02  0.2039503E+01  0.1902598E+01  0.1775660E+01  0.1657956E+01  0.1548833E+01  0.1447715E+01  0.1354106E+01  0.1267579E+01  0.1187778E+01  0.1114408E+01  0.1047233E+01  0.9860638E+00
 0.6740000E+02  0.2041285E+01  0.1904031E+01  0.1776764E+01  0.1658742E+01  0.1549306E+01  0.1447874E+01  0.1353944E+01  0.1267085E+01  0.1186936E+01  0.1113197E+01  0.1045629E+01  0.9840422E+00
 0.6760000E+02  0.2043036E+01  0.1905439E+01  0.1777847E+01  0.1659513E+01  0.1549769E+01  0.1448030E+01  0.1353786E+01  0.1266601E+01  0.1186109E+01  0.1112009E+01  0.1044054E+01  0.9820552E+00
 0.6780000E+02  0.2044756E+01  0.1906820E+01  0.1778909E+01  0.1660268E+01  0.1550224E+01  0.1448183E+01  0.1353631E+01  0.1266126E+01  0.1185299E+01  0.1110842E+01  0.1042508E+01  0.9801028E+00
 0.6800000E+02  0.2046445E+01  0.1908175E+01  0.1779950E+01  0.1661008E+01  0.1550669E+01  0.1448333E+01  0.1353479E+01  0.1265661E+01  0.1184505E+01  0.1109698E+01  0.1040990E+01  0.9781853E+00
 0.6820000E+02  0.2048102E+01  0.1909503E+01  0.1780970E+01  0.1661733E+01  0.1551105E+01  0.1448479E+01  0.1353330E+01  0.1265206E+01  0.1183726E+01  0.1108576E+01  0.1039502E+01  0.9763029E+00
 0.6840000E+02  0.2049727E+01  0.1910805E+01  0.1781970E+01  0.1662443E+01  0.1551531E+01  0.1448623E+01  0.1353184E+01  0.1264760E+01  0.1182964E+01  0.1107477E+01  0.1038042E+01  0.9744558E+00
 0.6860000E+02  0.2051321E+01  0.1912081E+01  0.1782948E+01  0.1663137E+01  0.1551948E+01  0.1448763E+01  0.1353042E+01  0.1264324E+01  0.1182217E+01  0.1106400E+01  0.1036611E+01  0.9726441E+00
 0.6880000E+02  0.2052883E+01  0.1913330E+01  0.1783905E+01  0.1663816E+01  0.1552356E+01  0.1448900E+01  0.1352903E+01  0.1263897E+01  0.1181488E+01  0.1105347E+01  0.1035210E+01  0.9708680E+00
 0.6900000E+02  0.2054413E+01  0.1914552E+01  0.1784841E+01  0.1664480E+01  0.1552754E+01  0.1449034E+01  0.1352767E+01  0.1263480E+01  0.1180774E+01  0.1104316E+01  0.1033838E+01  0.9691278E+00
 0.6920000E+02  0.2055912E+01  0.1915748E+01  0.1785755E+01  0.1665128E+01  0.1553143E+01  0.1449165E+01  0.1352634E+01  0.1263073E+01  0.1180077E+01  0.1103308E+01  0.1032496E+01  0.9674236E+00
 0.6940000E+02  0.2057378E+01  0.1916917E+01  0.1786649E+01  0.1665760E+01  0.1553523E+01  0.1449292E+01  0.1352505E+01  0.1262676E+01  0.1179396E+01  0.1102323E+01  0.1031183E+01  0.9657556E+00
 0.6960000E+02  0.2058813E+01  0.1918059E+01  0.1787521E+01  0.1666377E+01  0.1553893E+01  0.1449416E+01  0.1352378E+01  0.1262288E+01  0.1178731E+01  0.1101362E+01  0.1029900E+01  0.9641239E+00
 0.6980000E+02  0.2060216E+01  0.1919175E+01  0.1788372E+01  0.1666979E+01  0.1554254E+01  0.1449538E+01  0.1352255E+01  0.1261911E+01  0.1178083E+01  0.1100423E+01  0.1028647E+01  0.9625288E+00
 0.7000000E+02  0.2061587E+01  0.1920264E+01  0.1789202E+01  0.1667565E+01  0.1554605E+01  0.1449656E+01  0.1352135E+01  0.1261543E+01  0.1177452E+01  0.1099508E+01  0.1027424E+01  0.9609704E+00
 0.7020000E+02  0.2062926E+01  0.1921326E+01  0.1790010E+01  0.1668136E+01  0.1554946E+01  0.1449770E+01  0.1352019E+01  0.1261185E+01  0.1176837E+01  0.1098617E+01  0.1026231E+01  0.9594488E+00
 0.7040000E+02  0.2064233E+01  0.1922361E+01  0.1790797E+01  0.1668691E+01  0.1555279E+01  0.1449882E+01  0.1351906E+01  0.1260837E+01  0.1176239E+01  0.1097748E+01  0.1025068E+01  0.9579642E+00
 0.7060000E+02  0.2065508E+01  0.1923369E+01  0.1791562E+01  0.1669230E+01  0.1555601E+01  0.1449990E+01  0.1351796E+01  0.1260499E+01  0.1175658E+01  0.1096904E+01  0.1023936E+01  0.9565168E+00
 0.7080000E+02  0.2066750E+01  0.1924350E+01  0.1792306E+01  0.1669754E+01  0.1555914E+01  0.1450095E+01  0.1351689E+01  0.1260171E+01  0.1175093E+01  0.1096083E+01  0.1022835E+01  0.9551067E+00
 0.7100000E+02  0.2067961E+01  0.1925304E+01  0.1793028E+01  0.1670261E+01  0.1556217E+01  0.1450197E+01  0.1351586E+01  0.1259853E+01  0.1174545E+01  0.1095285E+01  0.1021764E+01  0.9537341E+00
 0.7120000E+02  0.2069139E+01  0.1926230E+01  0.1793729E+01  0.1670754E+01  0.1556511E+01  0.1450295E+01  0.1351485E+01  0.1259545E+01  0.1174015E+01  0.1094512E+01  0.1020723E+01  0.9523991E+00
 0.7140000E+02  0.2070285E+01  0.1927130E+01  0.1794408E+01  0.1671230E+01  0.1556795E+01  0.1450390E+01  0.1351389E+01  0.1259247E+01  0.1173501E+01  0.1093762E+01  0.1019714E+01  0.9511018E+00
 0.7160000E+02  0.2071398E+01  0.1928003E+01  0.1795066E+01  0.1671691E+01  0.1557070E+01  0.1450482E+01  0.1351295E+01  0.1258959E+01  0.1173004E+01  0.1093037E+01  0.1018735E+01  0.9498424E+00
 0.7180000E+02  0.2072480E+01  0.1928849E+01  0.1795702E+01  0.1672136E+01  0.1557334E+01  0.1450571E+01  0.1351205E+01  0.1258681E+01  0.1172524E+01  0.1092335E+01  0.1017788E+01  0.9486211E+00
 0.7200000E+02  0.2073529E+01  0.1929667E+01  0.1796316E+01  0.1672565E+01  0.1557590E+01  0.1450656E+01  0.1351118E+01  0.1258413E+01  0.1172061E+01  0.1091657E+01  0.1016871E+01  0.9474379E+00
 0.7220000E+02  0.2074545E+01  0.1930458E+01  0.1796909E+01  0.1672978E+01  0.1557835E+01  0.1450738E+01  0.1351035E+01  0.1258156E+01  0.1171615E+01  0.1091003E+01  0.1015986E+01  0.9462929E+00
 0.7240000E+02  0.2075529E+01  0.1931222E+01  0.1797480E+01  0.1673375E+01  0.1558071E+01  0.1450817E+01  0.1350955E+01  0.1257908E+01  0.1171186E+01  0.1090374E+01  0.1015132E+01  0.9451864E+00
 0.7260000E+02  0.2076480E+01  0.1931958E+01  0.1798029E+01  0.1673757E+01  0.1558297E+01  0.1450893E+01  0.1350878E+01  0.1257671E+01  0.1170774E+01  0.1089769E+01  0.1014309E+01  0.9441184E+00
 0.7280000E+02  0.2077399E+01  0.1932668E+01  0.1798556E+01  0.1674122E+01  0.1558513E+01  0.1450965E+01  0.1350804E+01  0.1257444E+01  0.1170380E+01  0.1089188E+01  0.1013518E+01  0.9430890E+00
 0.7300000E+02  0.2078286E+01  0.1933349E+01  0.1799062E+01  0.1674472E+01  0.1558720E+01  0.1451034E+01  0.1350734E+01  0.1257227E+01  0.1170003E+01  0.1088631E+01  0.1012758E+01  0.9420983E+00
 0.7320000E+02  0.2079140E+01  0.1934004E+01  0.1799546E+01  0.1674806E+01  0.1558916E+01  0.1451100E+01  0.1350668E+01  0.1257020E+01  0.1169643E+01  0.1088099E+01  0.1012030E+01  0.9411465E+00
 0.7340000E+02  0.2079961E+01  0.1934631E+01  0.1800007E+01  0.1675124E+01  0.1559104E+01  0.1451162E+01  0.1350604E+01  0.1256824E+01  0.1169300E+01  0.1087591E+01  0.1011334E+01  0.9402336E+00
 0.7360000E+02  0.2080750E+01  0.1935231E+01  0.1800448E+01  0.1675426E+01  0.1559281E+01  0.1451221E+01  0.1350544E+01  0.1256638E+01  0.1168975E+01  0.1087108E+01  0.1010669E+01  0.9393597E+00
 0.7380000E+02  0.2081506E+01  0.1935803E+01  0.1800866E+01  0.1675711E+01  0.1559448E+01  0.1451277E+01  0.1350488E+01  0.1256462E+01  0.1168667E+01  0.1086650E+01  0.1010037E+01  0.9385250E+00
 0.7400000E+02  0.2082229E+01  0.1936348E+01  0.1801262E+01  0.1675981E+01  0.1559606E+01  0.1451329E+01  0.1350434E+01  0.1256297E+01  0.1168376E+01  0.1086215E+01  0.1009436E+01  0.9377295E+00
 0.7420000E+02  0.2082920E+01  0.1936865E+01  0.1801636E+01  0.1676235E+01  0.1559754E+01  0.1451378E+01  0.1350385E+01  0.1256141E+01  0.1168103E+01  0.1085806E+01  0.1008867E+01  0.9369733E+00
 0.7440000E+02  0.2083577E+01  0.1937355E+01  0.1801989E+01  0.1676473E+01  0.1559892E+01  0.1451424E+01  0.1350338E+01  0.1255996E+01  0.1167847E+01  0.1085421E+01  0.1008330E+01  0.9362564E+00
 0.7460000E+02  0.2084202E+01  0.1937817E+01  0.1802319E+01  0.1676695E+01  0.1560020E+01  0.1451466E+01  0.1350295E+01  0.1255862E+01  0.1167608E+01  0.1085061E+01  0.1007825E+01  0.9355791E+00
 0.7480000E+02  0.2084795E+01  0.1938252E+01  0.1802628E+01  0.1676901E+01  0.1560139E+01  0.1451505E+01  0.1350255E+01  0.1255737E+01  0.1167387E+01  0.1084725E+01  0.1007352E+01  0.9349413E+00
 0.7500000E+02  0.2085354E+01  0.1938659E+01  0.1802915E+01  0.1677090E+01  0.1560247E+01  0.1451541E+01  0.1350219E+01  0.1255624E+01  0.1167184E+01  0.1084414E+01  0.1006911E+01  0.9343430E+00
 0.7520000E+02  0.2085881E+01  0.1939038E+01  0.1803179E+01  0.1677264E+01  0.1560346E+01  0.1451573E+01  0.1350186E+01  0.1255520E+01  0.1166998E+01  0.1084128E+01  0.1006502E+01  0.9337845E+00
 0.7540000E+02  0.2086375E+01  0.1939390E+01  0.1803422E+01  0.1677422E+01  0.1560435E+01  0.1451602E+01  0.1350157E+01  0.1255427E+01  0.1166829E+01  0.1083867E+01  0.1006126E+01  0.9332656E+00
 0.7560000E+02  0.2086836E+01  0.1939715E+01  0.1803642E+01  0.1677563E+01  0.1560514E+01  0.1451628E+01  0.1350131E+01  0.1255344E+01  0.1166678E+01  0.1083631E+01  0.1005782E+01  0.9327866E+00
 0.7580000E+02  0.2087264E+01  0.1940011E+01  0.1803841E+01  0.1677689E+01  0.1560583E+01  0.1451650E+01  0.1350108E+01  0.1255271E+01  0.1166545E+01  0.1083419E+01  0.1005470E+01  0.9323474E+00
 0.7600000E+02  0.2087659E+01  0.1940280E+01  0.1804017E+01  0.1677798E+01  0.1560643E+01  0.1451669E+01  0.1350089E+01  0.1255209E+01  0.1166429E+01  0.1083233E+01  0.1005190E+01  0.9319480E+00
 0.7620000E+02  0.2088022E+01  0.1940522E+01  0.1804172E+01  0.1677891E+01  0.1560692E+01  0.1451684E+01  0.1350073E+01  0.1255158E+01  0.1166330E+01  0.1083071E+01  0.1004943E+01  0.9315886E+00
 0.7640000E+02  0.2088351E+01  0.1940736E+01  0.1804304E+01  0.1677968E+01  0.1560732E+01  0.1451697E+01  0.1350060E+01  0.1255116E+01  0.1166249E+01  0.1082934E+01  0.1004729E+01  0.9312691E+00
 0.7660000E+02  0.2088648E+01  0.1940922E+01  0.1804415E+01  0.1678029E+01  0.1560762E+01  0.1451705E+01  0.1350051E+01  0.1255085E+01  0.1166186E+01  0.1082822E+01  0.1004546E+01  0.9309897E+00
 0.7680000E+02  0.2088911E+01  0.1941080E+01  0.1804503E+01  0.1678074E+01  0.1560782E+01  0.1451711E+01  0.1350046E+01  0.1255065E+01  0.1166140E+01  0.1082735E+01  0.1004396E+01  0.9307502E+00
 0.7700000E+02  0.2089142E+01  0.1941211E+01  0.1804570E+01  0.1678103E+01  0.1560792E+01  0.1451713E+01  0.1350043E+01  0.1255055E+01  0.1166112E+01  0.1082673E+01  0.1004279E+01  0.9305508E+00
 0.7720000E+02  0.2089340E+01  0.1941314E+01  0.1804614E+01  0.1678116E+01  0.1560792E+01  0.1451712E+01  0.1350045E+01  0.1255055E+01  0.1166102E+01  0.1082636E+01  0.1004194E+01  0.9303915E+00
 0.7740000E+02  0.2089505E+01  0.1941390E+01  0.1804636E+01  0.1678112E+01  0.1560782E+01  0.1451708E+01  0.1350049E+01  0.1255065E+01  0.1166109E+01  0.1082624E+01  0.1004141E+01  0.9302723E+00
 0.7760000E+02  0.2089637E+01  0.1941437E+01  0.1804636E+01  0.1678093E+01  0.1560762E+01  0.1451700E+01  0.1350057E+01  0.1255086E+01  0.1166133E+01  0.1082637E+01  0.1004121E+01  0.9301931E+00
 0.7780000E+02  0.2089735E+01  0.1941457E+01  0.1804614E+01  0.1678057E+01  0.1560733E+01  0.1451688E+01  0.1350069E+01  0.1255118E+01  0.1166176E+01  0.1082674E+01  0.1004133E+01  0.9301541E+00
 0.7800000E+02  0.2089801E+01  0.1941450E+01  0.1804570E+01  0.1678005E+01  0.1560694E+01  0.1451674E+01  0.1350084E+01  0.1255160E+01  0.1166235E+01  0.1082737E+01  0.1004178E+01  0.9301552E+00
 0.7820000E+02  0.2089834E+01  0.1941414E+01  0.1804504E+01  0.1677937E+01  0.1560645E+01  0.1451656E+01  0.1350102E+01  0.1255212E+01  0.1166313E+01  0.1082824E+01  0.1004255E+01  0.9301964E+00
 0.7840000E+02  0.2089835E+01  0.1941351E+01  0.1804416E+01  0.1677853E+01  0.1560586E+01  0.1451635E+01  0.1350123E+01  0.1255274E+01  0.1166408E+01  0.1082937E+01  0.1004365E+01  0.9302777E+00
 0.7860000E+02  0.2089802E+01  0.1941261E+01  0.1804306E+01  0.1677753E+01  0.1560517E+01  0.1451610E+01  0.1350148E+01  0.1255347E+01  0.1166520E+01  0.1083074E+01  0.1004507E+01  0.9303991E+00
 0.7880000E+02  0.2089736E+01  0.1941142E+01  0.1804174E+01  0.1677637E+01  0.1560438E+01  0.1451582E+01  0.1350177E+01  0.1255431E+01  0.1166650E+01  0.1083236E+01  0.1004681E+01  0.9305607E+00
 0.7900000E+02  0.2089637E+01  0.1940996E+01  0.1804019E+01  0.1677505E+01  0.1560349E+01  0.1451551E+01  0.1350209E+01  0.1255524E+01  0.1166798E+01  0.1083424E+01  0.1004888E+01  0.9307622E+00
 0.7920000E+02  0.2089505E+01  0.1940823E+01  0.1803843E+01  0.1677356E+01  0.1560251E+01  0.1451516E+01  0.1350244E+01  0.1255628E+01  0.1166963E+01  0.1083636E+01  0.1005127E+01  0.9310039E+00
 0.7940000E+02  0.2089340E+01  0.1940621E+01  0.1803645E+01  0.1677192E+01  0.1560143E+01  0.1451478E+01  0.1350283E+01  0.1255743E+01  0.1167145E+01  0.1083872E+01  0.1005399E+01  0.9312855E+00
 0.7960000E+02  0.2089143E+01  0.1940392E+01  0.1803424E+01  0.1677012E+01  0.1560025E+01  0.1451437E+01  0.1350325E+01  0.1255868E+01  0.1167345E+01  0.1084134E+01  0.1005703E+01  0.9316071E+00
 0.7980000E+02  0.2088912E+01  0.1940136E+01  0.1803182E+01  0.1676815E+01  0.1559897E+01  0.1451392E+01  0.1350370E+01  0.1256003E+01  0.1167563E+01  0.1084421E+01  0.1006039E+01  0.9319687E+00
 0.8000000E+02  0.2088649E+01  0.1939851E+01  0.1802918E+01  0.1676602E+01  0.1559759E+01  0.1451344E+01  0.1350419E+01  0.1256148E+01  0.1167798E+01  0.1084732E+01  0.1006408E+01  0.9323703E+00
 0.8020000E+02  0.2088352E+01  0.1939539E+01  0.1802631E+01  0.1676374E+01  0.1559611E+01  0.1451293E+01  0.1350471E+01  0.1256304E+01  0.1168050E+01  0.1085068E+01  0.1006808E+01  0.9328117E+00
 0.8040000E+02  0.2088023E+01  0.1939200E+01  0.1802323E+01  0.1676129E+01  0.1559454E+01  0.1451238E+01  0.1350527E+01  0.1256470E+01  0.1168320E+01  0.1085429E+01  0.1007241E+01  0.9332929E+00
 0.8060000E+02  0.2087660E+01  0.1938833E+01  0.1801993E+01  0.1675868E+01  0.1559287E+01  0.1451180E+01  0.1350586E+01  0.1256646E+01  0.1168607E+01  0.1085814E+01  0.1007706E+01  0.9338139E+00
 0.8080000E+02  0.2087265E+01  0.1938438E+01  0.1801641E+01  0.1675592E+01  0.1559110E+01  0.1451119E+01  0.1350648E+01  0.1256833E+01  0.1168912E+01  0.1086224E+01  0.1008204E+01  0.9343746E+00
 0.8100000E+02  0.2086837E+01  0.1938016E+01  0.1801266E+01  0.1675299E+01  0.1558923E+01  0.1451054E+01  0.1350714E+01  0.1257029E+01  0.1169234E+01  0.1086659E+01  0.1008733E+01  0.9349750E+00
 0.8120000E+02  0.2086376E+01  0.1937566E+01  0.1800870E+01  0.1674990E+01  0.1558727E+01  0.1450986E+01  0.1350783E+01  0.1257237E+01  0.1169573E+01  0.1087118E+01  0.1009294E+01  0.9356150E+00
 0.8140000E+02  0.2085882E+01  0.1937088E+01  0.1800452E+01  0.1674666E+01  0.1558521E+01  0.1450915E+01  0.1350855E+01  0.1257454E+01  0.1169929E+01  0.1087602E+01  0.1009887E+01  0.9362945E+00
 0.8160000E+02  0.2085356E+01  0.1936583E+01  0.1800013E+01  0.1674325E+01  0.1558305E+01  0.1450841E+01  0.1350931E+01  0.1257681E+01  0.1170303E+01  0.1088110E+01  0.1010512E+01  0.9370134E+00
 0.8180000E+02  0.2084796E+01  0.1936051E+01  0.1799551E+01  0.1673969E+01  0.1558079E+01  0.1450763E+01  0.1351010E+01  0.1257919E+01  0.1170694E+01  0.1088643E+01  0.1011169E+01  0.9377718E+00
 0.8200000E+02  0.2084204E+01  0.1935491E+01  0.1799067E+01  0.1673596E+01  0.1557844E+01  0.1450682E+01  0.1351093E+01  0.1258167E+01  0.1171102E+01  0.1089200E+01  0.1011858E+01  0.9385694E+00
 0.8220000E+02  0.2083579E+01  0.1934904E+01  0.1798562E+01  0.1673208E+01  0.1557599E+01  0.1450597E+01  0.1351178E+01  0.1258425E+01  0.1171528E+01  0.1089781E+01  0.1012578E+01  0.9394063E+00
 0.8240000E+02  0.2082922E+01  0.1934289E+01  0.1798035E+01  0.1672804E+01  0.1557344E+01  0.1450510E+01  0.1351268E+01  0.1258693E+01  0.1171970E+01  0.1090387E+01  0.1013330E+01  0.9402823E+00
 0.8260000E+02  0.2082231E+01  0.1933647E+01  0.1797486E+01  0.1672384E+01  0.1557079E+01  0.1450419E+01  0.1351360E+01  0.1258971E+01  0.1172430E+01  0.1091017E+01  0.1014114E+01  0.9411973E+00
 0.8280000E+02  0.2081508E+01  0.1932977E+01  0.1796915E+01  0.1671948E+01  0.1556805E+01  0.1450325E+01  0.1351456E+01  0.1259260E+01  0.1172906E+01  0.1091671E+01  0.1014929E+01  0.9421513E+00
 0.8300000E+02  0.2080752E+01  0.1932280E+01  0.1796323E+01  0.1671497E+01  0.1556521E+01  0.1450227E+01  0.1351555E+01  0.1259558E+01  0.1173400E+01  0.1092349E+01  0.1015775E+01  0.9431440E+00
 0.8320000E+02  0.2079964E+01  0.1931556E+01  0.1795709E+01  0.1671029E+01  0.1556228E+01  0.1450126E+01  0.1351657E+01  0.1259867E+01  0.1173910E+01  0.1093051E+01  0.1016653E+01  0.9441755E+00
 0.8340000E+02  0.2079142E+01  0.1930805E+01  0.1795073E+01  0.1670546E+01  0.1555925E+01  0.1450022E+01  0.1351763E+01  0.1260185E+01  0.1174438E+01  0.1093777E+01  0.1017562E+01  0.9452457E+00
 0.8360000E+02  0.2078289E+01  0.1930026E+01  0.1794416E+01  0.1670047E+01  0.1555612E+01  0.1449915E+01  0.1351872E+01  0.1260514E+01  0.1174982E+01  0.1094527E+01  0.1018502E+01  0.9463543E+00
 0.8380000E+02  0.2077402E+01  0.1929220E+01  0.1793737E+01  0.1669532E+01  0.1555290E+01  0.1449805E+01  0.1351984E+01  0.1260852E+01  0.1175543E+01  0.1095301E+01  0.1019473E+01  0.9475013E+00
 0.8400000E+02  0.2076483E+01  0.1928386E+01  0.1793036E+01  0.1669002E+01  0.1554958E+01  0.1449691E+01  0.1352100E+01  0.1261201E+01  0.1176121E+01  0.1096099E+01  0.1020475E+01  0.9486866E+00
 0.8420000E+02  0.2075532E+01  0.1927526E+01  0.1792314E+01  0.1668456E+01  0.1554617E+01  0.1449574E+01  0.1352219E+01  0.1261559E+01  0.1176716E+01  0.1096921E+01  0.1021508E+01  0.9499100E+00
 0.8440000E+02  0.2074548E+01  0.1926638E+01  0.1791570E+01  0.1667895E+01  0.1554266E+01  0.1449454E+01  0.1352341E+01  0.1261927E+01  0.1177328E+01  0.1097766E+01  0.1022571E+01  0.9511715E+00
 0.8460000E+02  0.2073532E+01  0.1925723E+01  0.1790805E+01  0.1667318E+01  0.1553906E+01  0.1449330E+01  0.1352466E+01  0.1262305E+01  0.1177956E+01  0.1098635E+01  0.1023665E+01  0.9524708E+00
 0.8480000E+02  0.2072483E+01  0.1924781E+01  0.1790019E+01  0.1666725E+01  0.1553536E+01  0.1449204E+01  0.1352595E+01  0.1262693E+01  0.1178600E+01  0.1099527E+01  0.1024790E+01  0.9538079E+00
 0.8500000E+02  0.2071402E+01  0.1923813E+01  0.1789211E+01  0.1666117E+01  0.1553157E+01  0.1449074E+01  0.1352726E+01  0.1263091E+01  0.1179261E+01  0.1100442E+01  0.1025945E+01  0.9551825E+00
 0.8520000E+02  0.2070288E+01  0.1922817E+01  0.1788381E+01  0.1665493E+01  0.1552769E+01  0.1448941E+01  0.1352861E+01  0.1263499E+01  0.1179939E+01  0.1101381E+01  0.1027131E+01  0.9565947E+00
 0.8540000E+02  0.2069142E+01  0.1921794E+01  0.1787531E+01  0.1664854E+01  0.1552370E+01  0.1448805E+01  0.1353000E+01  0.1263916E+01  0.1180633E+01  0.1102343E+01  0.1028346E+01  0.9580441E+00
 0.8560000E+02  0.2067964E+01  0.1920744E+01  0.1786659E+01  0.1664199E+01  0.1551963E+01  0.1448666E+01  0.1353141E+01  0.1264343E+01  0.1181344E+01  0.1103328E+01  0.1029592E+01  0.9595307E+00
 0.8580000E+02  0.2066754E+01  0.1919667E+01  0.1785766E+01  0.1663529E+01  0.1551546E+01  0.1448523E+01  0.1353286E+01  0.1264780E+01  0.1182070E+01  0.1104337E+01  0.1030868E+01  0.9610543E+00
 0.8600000E+02  0.2065511E+01  0.1918564E+01  0.1784851E+01  0.1662843E+01  0.1551120E+01  0.1448378E+01  0.1353434E+01  0.1265226E+01  0.1182813E+01  0.1105368E+01  0.1032173E+01  0.9626147E+00
 0.8620000E+02  0.2064237E+01  0.1917434E+01  0.1783915E+01  0.1662142E+01  0.1550684E+01  0.1448229E+01  0.1353585E+01  0.1265682E+01  0.1183572E+01  0.1106422E+01  0.1033509E+01  0.9642119E+00
 0.8640000E+02  0.2062930E+01  0.1916277E+01  0.1782959E+01  0.1661426E+01  0.1550240E+01  0.1448077E+01  0.1353739E+01  0.1266148E+01  0.1184348E+01  0.1107499E+01  0.1034873E+01  0.9658455E+00
 0.8660000E+02  0.2061591E+01  0.1915093E+01  0.1781981E+01  0.1660695E+01  0.1549786E+01  0.1447922E+01  0.1353896E+01  0.1266623E+01  0.1185139E+01  0.1108599E+01  0.1036268E+01  0.9675155E+00
 0.8680000E+02  0.2060220E+01  0.1913882E+01  0.1780982E+01  0.1659948E+01  0.1549322E+01  0.1447764E+01  0.1354056E+01  0.1267107E+01  0.1185946E+01  0.1109721E+01  0.1037691E+01  0.9692217E+00
 0.8700000E+02  0.2058817E+01  0.1912645E+01  0.1779962E+01  0.1659186E+01  0.1548850E+01  0.1447603E+01  0.1354220E+01  0.1267601E+01  0.1186769E+01  0.1110866E+01  0.1039144E+01  0.9709639E+00
 0.8720000E+02  0.2057383E+01  0.1911382E+01  0.1778921E+01  0.1658409E+01  0.1548368E+01  0.1447438E+01  0.1354387E+01  0.1268105E+01  0.1187608E+01  0.1112033E+01  0.1040625E+01  0.9727418E+00
 0.8740000E+02  0.2055916E+01  0.1910091E+01  0.1777859E+01  0.1657617E+01  0.1547877E+01  0.1447271E+01  0.1354556E+01  0.1268618E+01  0.1188463E+01  0.1113222E+01  0.1042136E+01  0.9745555E+00
 0.8760000E+02  0.2054418E+01  0.1908775E+01  0.1776776E+01  0.1656810E+01  0.1547377E+01  0.1447101E+01  0.1354729E+01  0.1269140E+01  0.1189334E+01  0.1114433E+01  0.1043675E+01  0.9764045E+00
 0.8780000E+02  0.2052887E+01  0.1907432E+01  0.1775673E+01  0.1655988E+01  0.1546868E+01  0.1446927E+01  0.1354905E+01  0.1269671E+01  0.1190220E+01  0.1115667E+01  0.1045243E+01  0.9782889E+00
 0.8800000E+02  0.2051325E+01  0.1906062E+01  0.1774548E+01  0.1655151E+01  0.1546350E+01  0.1446751E+01  0.1355084E+01  0.1270212E+01  0.1191122E+01  0.1116922E+01  0.1046840E+01  0.9802083E+00
 0.8820000E+02  0.2049732E+01  0.1904667E+01  0.1773403E+01  0.1654298E+01  0.1545823E+01  0.1446571E+01  0.1355266E+01  0.1270762E+01  0.1192039E+01  0.1118200E+01  0.1048465E+01  0.9821625E+00
 0.8840000E+02  0.2048107E+01  0.1903245E+01  0.1772238E+01  0.1653431E+01  0.1545286E+01  0.1446388E+01  0.1355452E+01  0.1271322E+01  0.1192972E+01  0.1119499E+01  0.1050117E+01  0.9841515E+00
 0.8860000E+02  0.2046450E+01  0.1901797E+01  0.1771052E+01  0.1652549E+01  0.1544741E+01  0.1446203E+01  0.1355640E+01  0.1271890E+01  0.1193920E+01  0.1120820E+01  0.1051798E+01  0.9861749E+00
 0.8880000E+02  0.2044761E+01  0.1900322E+01  0.1769845E+01  0.1651653E+01  0.1544187E+01  0.1446014E+01  0.1355831E+01  0.1272468E+01  0.1194883E+01  0.1122162E+01  0.1053507E+01  0.9882325E+00
 0.8900000E+02  0.2043042E+01  0.1898822E+01  0.1768617E+01  0.1650741E+01  0.1543624E+01  0.1445822E+01  0.1356025E+01  0.1273054E+01  0.1195861E+01  0.1123525E+01  0.1055243E+01  0.9903243E+00
 0.8920000E+02  0.2041291E+01  0.1897296E+01  0.1767370E+01  0.1649815E+01  0.1543052E+01  0.1445628E+01  0.1356222E+01  0.1273650E+01  0.1196855E+01  0.1124910E+01  0.1057007E+01  0.9924498E+00
 0.8940000E+02  0.2039508E+01  0.1895743E+01  0.1766101E+01  0.1648874E+01  0.1542471E+01  0.1445430E+01  0.1356423E+01  0.1274254E+01  0.1197864E+01  0.1126316E+01  0.1058798E+01  0.9946090E+00
 0.8960000E+02  0.2037694E+01  0.1894165E+01  0.1764813E+01  0.1647918E+01  0.1541881E+01  0.1445230E+01  0.1356626E+01  0.1274868E+01  0.1198887E+01  0.1127743E+01  0.1060616E+01  0.9968016E+00
 0.8980000E+02  0.2035850E+01  0.1892561E+01  0.1763504E+01  0.1646948E+01  0.1541283E+01  0.1445026E+01  0.1356832E+01  0.1275490E+01  0.1199925E+01  0.1129191E+01  0.1062461E+01  0.9990274E+00
 0.9000000E+02  0.2033974E+01  0.1890931E+01  0.1762175E+01  0.1645964E+01  0.1540676E+01  0.1444820E+01  0.1357041E+01  0.1276122E+01  0.1200979E+01  0.1130659E+01  0.1064334E+01  0.1001286E+01
 0.9020000E+02  0.2032066E+01  0.1889276E+01  0.1760826E+01  0.1644965E+01  0.1540060E+01  0.1444610E+01  0.1357253E+01  0.1276762E+01  0.1202046E+01  0.1132149E+01  0.1066232E+01  0.1003578E+01
 0.9040000E+02  0.2030128E+01  0.1887595E+01  0.1759457E+01  0.1643951E+01  0.1539435E+01  0.1444398E+01  0.1357468E+01  0.1277410E+01  0.1203129E+01  0.1133658E+01  0.1068157E+01  0.1005902E+01
 0.9060000E+02  0.2028159E+01  0.1885888E+01  0.1758067E+01  0.1642923E+01  0.1538802E+01  0.1444183E+01  0.1357686E+01  0.1278068E+01  0.1204226E+01  0.1135188E+01  0.1070109E+01  0.1008258E+01
 0.9080000E+02  0.2026159E+01  0.1884156E+01  0.1756658E+01  0.1641881E+01  0.1538160E+01  0.1443965E+01  0.1357906E+01  0.1278734E+01  0.1205337E+01  0.1136739E+01  0.1072086E+01  0.1010646E+01
 0.9100000E+02  0.2024129E+01  0.1882398E+01  0.1755229E+01  0.1640824E+01  0.1537509E+01  0.1443744E+01  0.1358130E+01  0.1279408E+01  0.1206463E+01  0.1138309E+01  0.1074090E+01  0.1013066E+01
 0.9120000E+02  0.2022067E+01  0.1880615E+01  0.1753780E+01  0.1639754E+01  0.1536850E+01  0.1443520E+01  0.1358356E+01  0.1280092E+01  0.1207603E+01  0.1139899E+01  0.1076119E+01  0.1015518E+01
 0.9140000E+02  0.2019975E+01  0.1878807E+01  0.1752311E+01  0.1638669E+01  0.1536183E+01  0.1443294E+01  0.1358585E+01  0.1280783E+01  0.1208757E+01  0.1141510E+01  0.1078174E+01  0.1018001E+01
 0.9160000E+02  0.2017852E+01  0.1876973E+01  0.1750823E+01  0.1637570E+01  0.1535507E+01  0.1443065E+01  0.1358817E+01  0.1281484E+01  0.1209925E+01  0.1143139E+01  0.1080254E+01  0.1020515E+01
 0.9180000E+02  0.2015699E+01  0.1875115E+01  0.1749315E+01  0.1636457E+01  0.1534822E+01  0.1442832E+01  0.1359052E+01  0.1282192E+01  0.1211107E+01  0.1144789E+01  0.1082359E+01  0.1023060E+01
 0.9200000E+02  0.2013516E+01  0.1873231E+01  0.1747787E+01  0.1635330E+01  0.1534130E+01  0.1442598E+01  0.1359290E+01  0.1282909E+01  0.1212303E+01  0.1146458E+01  0.1084489E+01  0.1025636E+01
 0.9220000E+02  0.2011302E+01  0.1871323E+01  0.1746240E+01  0.1634189E+01  0.1533428E+01  0.1442360E+01  0.1359530E+01  0.1283634E+01  0.1213513E+01  0.1148146E+01  0.1086644E+01  0.1028242E+01
 0.9240000E+02  0.2009058E+01  0.1869389E+01  0.1744674E+01  0.1633034E+01  0.1532719E+01  0.1442119E+01  0.1359773E+01  0.1284367E+01  0.1214736E+01  0.1149853E+01  0.1088824E+01  0.1030878E+01
 0.9260000E+02  0.2006783E+01  0.1867431E+01  0.1743088E+01  0.1631865E+01  0.1532001E+01  0.1441876E+01  0.1360019E+01  0.1285109E+01  0.1215973E+01  0.1151579E+01  0.1091028E+01  0.1033544E+01
 0.9280000E+02  0.2004479E+01  0.1865447E+01  0.1741483E+01  0.1630683E+01  0.1531275E+01  0.1441630E+01  0.1360267E+01  0.1285859E+01  0.1217223E+01  0.1153324E+01  0.1093256E+01  0.1036239E+01
 0.9300000E+02  0.2002144E+01  0.1863440E+01  0.1739859E+01  0.1629487E+01  0.1530541E+01  0.1441381E+01  0.1360519E+01  0.1286616E+01  0.1218487E+01  0.1155088E+01  0.1095508E+01  0.1038964E+01
 0.9320000E+02  0.1999780E+01  0.1861407E+01  0.1738215E+01  0.1628278E+01  0.1529799E+01  0.1441130E+01  0.1360773E+01  0.1287382E+01  0.1219764E+01  0.1156870E+01  0.1097784E+01  0.1041717E+01
 0.9340000E+02  0.1997385E+01  0.1859351E+01  0.1736553E+01  0.1627054E+01  0.1529049E+01  0.1440876E+01  0.1361029E+01  0.1288156E+01  0.1221054E+01  0.1158670E+01  0.1100083E+01  0.1044500E+01
 0.9360000E+02  0.1994961E+01  0.1857269E+01  0.1734871E+01  0.1625818E+01  0.1528290E+01  0.1440619E+01  0.1361288E+01  0.1288937E+01  0.1222358E+01  0.1160489E+01  0.1102406E+01  0.1047311E+01
 0.9380000E+02  0.1992508E+01  0.1855164E+01  0.1733171E+01  0.1624568E+01  0.1527524E+01  0.1440360E+01  0.1361550E+01  0.1289726E+01  0.1223674E+01  0.1162326E+01  0.1104752E+01  0.1050150E+01
 0.9400000E+02  0.1990024E+01  0.1853034E+01  0.1731452E+01  0.1623304E+01  0.1526750E+01  0.1440098E+01  0.1361815E+01  0.1290523E+01  0.1225003E+01  0.1164180E+01  0.1107120E+01  0.1053018E+01
 0.9420000E+02  0.1987511E+01  0.1850880E+01  0.1729714E+01  0.1622027E+01  0.1525968E+01  0.1439833E+01  0.1362082E+01  0.1291328E+01  0.1226345E+01  0.1166053E+01  0.1109512E+01  0.1055913E+01
 0.9440000E+02  0.1984969E+01  0.1848702E+01  0.1727958E+01  0.1620738E+01  0.1525177E+01  0.1439566E+01  0.1362351E+01  0.1292141E+01  0.1227700E+01  0.1167943E+01  0.1111926E+01  0.1058835E+01
 0.9460000E+02  0.1982397E+01  0.1846500E+01  0.1726183E+01  0.1619434E+01  0.1524380E+01  0.1439296E+01  0.1362624E+01  0.1292961E+01  0.1229067E+01  0.1169850E+01  0.1114362E+01  0.1061784E+01
 0.9480000E+02  0.1979797E+01  0.1844274E+01  0.1724390E+01  0.1618118E+01  0.1523574E+01  0.1439024E+01  0.1362898E+01  0.1293788E+01  0.1230446E+01  0.1171775E+01  0.1116821E+01  0.1064761E+01
 0.9500000E+02  0.1977167E+01  0.1842025E+01  0.1722578E+01  0.1616789E+01  0.1522760E+01  0.1438749E+01  0.1363175E+01  0.1294623E+01  0.1231838E+01  0.1173716E+01  0.1119301E+01  0.1067764E+01
 0.9520000E+02  0.1974508E+01  0.1839751E+01  0.1720748E+01  0.1615447E+01  0.1521939E+01  0.1438472E+01  0.1363455E+01  0.1295466E+01  0.1233242E+01  0.1175675E+01  0.1121803E+01  0.1070793E+01
 0.9540000E+02  0.1971820E+01  0.1837455E+01  0.1718899E+01  0.1614092E+01  0.1521111E+01  0.1438192E+01  0.1363737E+01  0.1296316E+01  0.1234658E+01  0.1177651E+01  0.1124326E+01  0.1073849E+01
 0.9560000E+02  0.1969103E+01  0.1835134E+01  0.1717033E+01  0.1612724E+01  0.1520274E+01  0.1437910E+01  0.1364022E+01  0.1297173E+01  0.1236086E+01  0.1179643E+01  0.1126870E+01  0.1076930E+01
 0.9580000E+02  0.1966358E+01  0.1832790E+01  0.1715149E+01  0.1611344E+01  0.1519431E+01  0.1437625E+01  0.1364309E+01  0.1298037E+01  0.1237526E+01  0.1181651E+01  0.1129436E+01  0.1080036E+01
 0.9600000E+02  0.1963584E+01  0.1830423E+01  0.1713246E+01  0.1609950E+01  0.1518579E+01  0.1437337E+01  0.1364599E+01  0.1298908E+01  0.1238978E+01  0.1183676E+01  0.1132022E+01  0.1083168E+01
 0.9620000E+02  0.1960781E+01  0.1828033E+01  0.1711326E+01  0.1608545E+01  0.1517720E+01  0.1437047E+01  0.1364891E+01  0.1299787E+01  0.1240441E+01  0.1185717E+01  0.1134628E+01  0.1086325E+01
 0.9640000E+02  0.1957950E+01  0.1825620E+01  0.1709388E+01  0.1607126E+01  0.1516854E+01  0.1436755E+01  0.1365185E+01  0.1300672E+01  0.1241916E+01  0.1187774E+01  0.1137255E+01  0.1089506E+01
 0.9660000E+02  0.1955091E+01  0.1823184E+01  0.1707432E+01  0.1605696E+01  0.1515981E+01  0.1436461E+01  0.1365482E+01  0.1301565E+01  0.1243402E+01  0.1189846E+01  0.1139902E+01  0.1092712E+01
 0.9680000E+02  0.1952203E+01  0.1820725E+01  0.1705459E+01  0.1604253E+01  0.1515100E+01  0.1436164E+01  0.1365781E+01  0.1302464E+01  0.1244900E+01  0.1191935E+01  0.1142569E+01  0.1095941E+01
 0.9700000E+02  0.1949287E+01  0.1818243E+01  0.1703469E+01  0.1602797E+01  0.1514212E+01  0.1435864E+01  0.1366082E+01  0.1303370E+01  0.1246408E+01  0.1194038E+01  0.1145255E+01  0.1099195E+01
 0.9720000E+02  0.1946344E+01  0.1815738E+01  0.1701461E+01  0.1601330E+01  0.1513317E+01  0.1435563E+01  0.1366386E+01  0.1304283E+01  0.1247928E+01  0.1196157E+01  0.1147961E+01  0.1102471E+01
 0.9740000E+02  0.1943372E+01  0.1813211E+01  0.1699435E+01  0.1599850E+01  0.1512415E+01  0.1435259E+01  0.1366691E+01  0.1305203E+01  0.1249459E+01  0.1198291E+01  0.1150686E+01  0.1105771E+01
 0.9760000E+02  0.1940373E+01  0.1810662E+01  0.1697393E+01  0.1598359E+01  0.1511505E+01  0.1434952E+01  0.1367000E+01  0.1306129E+01  0.1251001E+01  0.1200440E+01  0.1153430E+01  0.1109094E+01
 0.9780000E+02  0.1937346E+01  0.1808090E+01  0.1695333E+01  0.1596855E+01  0.1510589E+01  0.1434644E+01  0.1367310E+01  0.1307062E+01  0.1252553E+01  0.1202604E+01  0.1156192E+01  0.1112439E+01
 0.9800000E+02  0.1934292E+01  0.1805496E+01  0.1693257E+01  0.1595339E+01  0.1509666E+01  0.1434333E+01  0.1367623E+01  0.1308002E+01  0.1254116E+01  0.1204782E+01  0.1158973E+01  0.1115807E+01
 0.9820000E+02  0.1931210E+01  0.1802879E+01  0.1691163E+01  0.1593812E+01  0.1508736E+01  0.1434020E+01  0.1367937E+01  0.1308947E+01  0.1255689E+01  0.1206974E+01  0.1161772E+01  0.1119196E+01
 0.9840000E+02  0.1928100E+01  0.1800241E+01  0.1689053E+01  0.1592273E+01  0.1507798E+01  0.1433704E+01  0.1368254E+01  0.1309899E+01  0.1257273E+01  0.1209181E+01  0.1164589E+01  0.1122607E+01
 0.9860000E+02  0.1924964E+01  0.1797581E+01  0.1686926E+01  0.1590723E+01  0.1506855E+01  0.1433387E+01  0.1368573E+01  0.1310858E+01  0.1258867E+01  0.1211402E+01  0.1167423E+01  0.1126039E+01
 0.9880000E+02  0.1921801E+01  0.1794900E+01  0.1684783E+01  0.1589161E+01  0.1505904E+01  0.1433067E+01  0.1368895E+01  0.1311822E+01  0.1260471E+01  0.1213636E+01  0.1170276E+01  0.1129493E+01
 0.9900000E+02  0.1918610E+01  0.1792196E+01  0.1682623E+01  0.1587587E+01  0.1504947E+01  0.1432745E+01  0.1369218E+01  0.1312793E+01  0.1262085E+01  0.1215885E+01  0.1173145E+01  0.1132967E+01
 0.9920000E+02  0.1915393E+01  0.1789471E+01  0.1680447E+01  0.1586002E+01  0.1503983E+01  0.1432421E+01  0.1369543E+01  0.1313770E+01  0.1263709E+01  0.1218146E+01  0.1176031E+01  0.1136462E+01
 0.9940000E+02  0.1912150E+01  0.1786725E+01  0.1678255E+01  0.1584406E+01  0.1503012E+01  0.1432095E+01  0.1369871E+01  0.1314753E+01  0.1265343E+01  0.1220421E+01  0.1178934E+01  0.1139976E+01
 0.9960000E+02  0.1908879E+01  0.1783957E+01  0.1676046E+01  0.1582799E+01  0.1502035E+01  0.1431767E+01  0.1370200E+01  0.1315741E+01  0.1266986E+01  0.1222710E+01  0.1181854E+01  0.1143511E+01
 0.9980000E+02  0.1905583E+01  0.1781169E+01  0.1673822E+01  0.1581180E+01  0.1501052E+01  0.1431436E+01  0.1370532E+01  0.1316736E+01  0.1268639E+01  0.1225011E+01  0.1184790E+01  0.1147065E+01
 0.1000000E+03  0.1902260E+01  0.1778359E+01  0.1671581E+01  0.1579551E+01  0.1500062E+01  0.1431104E+01  0.1370865E+01  0.1317736E+01  0.1270301E+01  0.1227324E+01  0.1187742E+01  0.1150638E+01
