 0.7177177E+00  0.1082803E-05
 0.7237237E+00  0.1405934E-05
 0.7297297E+00  0.1821273E-05
 0.7357357E+00  0.2353855E-05
 0.7417417E+00  0.3035144E-05
 0.7477477E+00  0.3904578E-05
 0.7537538E+00  0.5011462E-05
 0.7597598E+00  0.6417275E-05
 0.7657658E+00  0.8198471E-05
 0.7717718E+00  0.1044988E-04
 0.7777778E+00  0.1328881E-04
 0.7837838E+00  0.1686000E-04
 0.7897898E+00  0.2134153E-04
 0.7957958E+00  0.2695197E-04
 0.8018018E+00  0.3395879E-04
 0.8078078E+00  0.4268852E-04
 0.8138138E+00  0.5353860E-04
 0.8198198E+00  0.6699156E-04
 0.8258258E+00  0.8363161E-04
 0.8318318E+00  0.1041641E-03
 0.8378378E+00  0.1294384E-03
 0.8438438E+00  0.1604742E-03
 0.8498498E+00  0.1984929E-03
 0.8558559E+00  0.2449526E-03
 0.8618619E+00  0.3015897E-03
 0.8678679E+00  0.3704661E-03
 0.8738739E+00  0.4540230E-03
 0.8798799E+00  0.5551429E-03
 0.8858859E+00  0.6772190E-03
 0.8918919E+00  0.8242348E-03
 0.8978979E+00  0.1000853E-02
 0.9039039E+00  0.1212515E-02
 0.9099099E+00  0.1465552E-02
 0.9159159E+00  0.1767312E-02
 0.9219219E+00  0.2126289E-02
 0.9279279E+00  0.2552284E-02
 0.9339339E+00  0.3056562E-02
 0.9399399E+00  0.3652035E-02
 0.9459459E+00  0.4353454E-02
 0.9519520E+00  0.5177625E-02
 0.9579580E+00  0.6143623E-02
 0.9639640E+00  0.7273041E-02
 0.9699700E+00  0.8590232E-02
 0.9759760E+00  0.1012258E-01
 0.9819820E+00  0.1190077E-01
 0.9879880E+00  0.1395906E-01
 0.9939940E+00  0.1633559E-01
 0.1000000E+01  0.1907263E-01
 0.1006006E+01  0.2221693E-01
 0.1012012E+01  0.2581991E-01
 0.1018018E+01  0.2993801E-01
 0.1024024E+01  0.3463287E-01
 0.1030030E+01  0.3997158E-01
 0.1036036E+01  0.4602689E-01
 0.1042042E+01  0.5287729E-01
 0.1048048E+01  0.6060720E-01
 0.1054054E+01  0.6930691E-01
 0.1060060E+01  0.7907263E-01
 0.1066066E+01  0.9000637E-01
 0.1072072E+01  0.1022157E+00
 0.1078078E+01  0.1158135E+00
 0.1084084E+01  0.1309177E+00
 0.1090090E+01  0.1476505E+00
 0.1096096E+01  0.1661379E+00
 0.1102102E+01  0.1865090E+00
 0.1108108E+01  0.2088951E+00
 0.1114114E+01  0.2334286E+00
 0.1120120E+01  0.2602420E+00
 0.1126126E+01  0.2894662E+00
 0.1132132E+01  0.3212298E+00
 0.1138138E+01  0.3556569E+00
 0.1144144E+01  0.3928655E+00
 0.1150150E+01  0.4329663E+00
 0.1156156E+01  0.4760599E+00
 0.1162162E+01  0.5222356E+00
 0.1168168E+01  0.5715691E+00
 0.1174174E+01  0.6241205E+00
 0.1180180E+01  0.6799321E+00
 0.1186186E+01  0.7390265E+00
 0.1192192E+01  0.8014048E+00
 0.1198198E+01  0.8670442E+00
 0.1204204E+01  0.9358967E+00
 0.1210210E+01  0.1007887E+01
 0.1216216E+01  0.1082913E+01
 0.1222222E+01  0.1160840E+01
 0.1228228E+01  0.1241506E+01
 0.1234234E+01  0.1324715E+01
 0.1240240E+01  0.1410241E+01
 0.1246246E+01  0.1497828E+01
 0.1252252E+01  0.1587186E+01
 0.1258258E+01  0.1677996E+01
 0.1264264E+01  0.1769911E+01
 0.1270270E+01  0.1862556E+01
 0.1276276E+01  0.1955531E+01
 0.1282282E+01  0.2048413E+01
 0.1288288E+01  0.2140758E+01
 0.1294294E+01  0.2232107E+01
 0.1300300E+01  0.2321987E+01
 0.1306306E+01  0.2409916E+01
 0.1312312E+01  0.2495407E+01
 0.1318318E+01  0.2577972E+01
 0.1324324E+01  0.2657128E+01
 0.1330330E+01  0.2732399E+01
 0.1336336E+01  0.2803323E+01
 0.1342342E+01  0.2869455E+01
 0.1348348E+01  0.2930375E+01
 0.1354354E+01  0.2985688E+01
 0.1360360E+01  0.3035029E+01
 0.1366366E+01  0.3078072E+01
 0.1372372E+01  0.3114527E+01
 0.1378378E+01  0.3144146E+01
 0.1384384E+01  0.3166728E+01
 0.1390390E+01  0.3182118E+01
 0.1396396E+01  0.3190209E+01
 0.1402402E+01  0.3190946E+01
 0.1408408E+01  0.3184323E+01
 0.1414414E+01  0.3170386E+01
 0.1420420E+01  0.3149231E+01
 0.1426426E+01  0.3121005E+01
 0.1432432E+01  0.3085899E+01
 0.1438438E+01  0.3044152E+01
 0.1444444E+01  0.2996045E+01
 0.1450450E+01  0.2941898E+01
 0.1456456E+01  0.2882069E+01
 0.1462462E+01  0.2816947E+01
 0.1468468E+01  0.2746946E+01
 0.1474474E+01  0.2672508E+01
 0.1480480E+01  0.2594092E+01
 0.1486486E+01  0.2512170E+01
 0.1492492E+01  0.2427225E+01
 0.1498498E+01  0.2339744E+01
 0.1504505E+01  0.2250215E+01
 0.1510511E+01  0.2159122E+01
 0.1516517E+01  0.2066939E+01
 0.1522523E+01  0.1974129E+01
 0.1528529E+01  0.1881138E+01
 0.1534535E+01  0.1788394E+01
 0.1540541E+01  0.1696302E+01
 0.1546547E+01  0.1605242E+01
 0.1552553E+01  0.1515567E+01
 0.1558559E+01  0.1427603E+01
 0.1564565E+01  0.1341642E+01
 0.1570571E+01  0.1257951E+01
 0.1576577E+01  0.1176760E+01
 0.1582583E+01  0.1098271E+01
 0.1588589E+01  0.1022654E+01
 0.1594595E+01  0.9500467E+00
 0.1600601E+01  0.8805596E+00
 0.1606607E+01  0.8142729E+00
 0.1612613E+01  0.7512398E+00
 0.1618619E+01  0.6914880E+00
 0.1624625E+01  0.6350210E+00
 0.1630631E+01  0.5818203E+00
 0.1636637E+01  0.5318475E+00
 0.1642643E+01  0.4850458E+00
 0.1648649E+01  0.4413425E+00
 0.1654655E+01  0.4006510E+00
 0.1660661E+01  0.3628724E+00
 0.1666667E+01  0.3278983E+00
 0.1672673E+01  0.2956118E+00
 0.1678679E+01  0.2658898E+00
 0.1684685E+01  0.2386047E+00
 0.1690691E+01  0.2136258E+00
 0.1696697E+01  0.1908208E+00
 0.1702703E+01  0.1700572E+00
 0.1708709E+01  0.1512035E+00
 0.1714715E+01  0.1341300E+00
 0.1720721E+01  0.1187100E+00
 0.1726727E+01  0.1048205E+00
 0.1732733E+01  0.9234265E-01
 0.1738739E+01  0.8116257E-01
 0.1744745E+01  0.7117159E-01
 0.1750751E+01  0.6226656E-01
 0.1756757E+01  0.5435011E-01
 0.1762763E+01  0.4733074E-01
 0.1768769E+01  0.4112289E-01
 0.1774775E+01  0.3564686E-01
 0.1780781E+01  0.3082877E-01
 0.1786787E+01  0.2660043E-01
 0.1792793E+01  0.2289910E-01
 0.1798799E+01  0.1966734E-01
 0.1804805E+01  0.1685272E-01
 0.1810811E+01  0.1440761E-01
 0.1816817E+01  0.1228885E-01
 0.1822823E+01  0.1045751E-01
 0.1828829E+01  0.8878557E-02
 0.1834835E+01  0.7520626E-02
 0.1840841E+01  0.6355695E-02
 0.1846847E+01  0.5358825E-02
 0.1852853E+01  0.4507892E-02
 0.1858859E+01  0.3783336E-02
 0.1864865E+01  0.3167917E-02
 0.1870871E+01  0.2646489E-02
 0.1876877E+01  0.2205789E-02
 0.1882883E+01  0.1834236E-02
 0.1888889E+01  0.1521752E-02
 0.1894895E+01  0.1259593E-02
 0.1900901E+01  0.1040193E-02
 0.1906907E+01  0.8570280E-03
 0.1912913E+01  0.7044882E-03
 0.1918919E+01  0.5777632E-03
 0.1924925E+01  0.4727412E-03
 0.1930931E+01  0.3859176E-03
 0.1936937E+01  0.3143136E-03
 0.1942943E+01  0.2554048E-03
 0.1948949E+01  0.2070583E-03
 0.1954955E+01  0.1674763E-03
 0.1960961E+01  0.1351486E-03
 0.1966967E+01  0.1088096E-03
 0.1972973E+01  0.8740176E-04
 0.1978979E+01  0.7004391E-04
 0.1984985E+01  0.5600385E-04
 0.1990991E+01  0.4467479E-04
 0.1996997E+01  0.3555529E-04
 0.2003003E+01  0.2823209E-04
 0.2009009E+01  0.2236551E-04
 0.2015015E+01  0.1767711E-04
 0.2021021E+01  0.1393929E-04
 0.2027027E+01  0.1096646E-04
 0.2033033E+01  0.8607734E-05
 0.2039039E+01  0.6740738E-05
 0.2045045E+01  0.5266499E-05
 0.2051051E+01  0.4105183E-05
 0.2057057E+01  0.3192556E-05
 0.2063063E+01  0.2477080E-05
 0.2069069E+01  0.1917505E-05
 0.2075075E+01  0.1480906E-05
 0.2081081E+01  0.1141072E-05
