 0.1902260E+01 -0.8975507E-02 -0.1439179E-01
 0.1778359E+01 -0.7686160E-01  0.4886209E-03
 0.1671581E+01 -0.3404957E-01  0.2887245E+00
 0.1579551E+01  0.7695295E+00  0.5675612E-01
 0.1500062E+01 -0.1799678E+00 -0.1250861E+01
 0.1431104E+01 -0.8395500E+00  0.1132785E+01
 0.1370865E+01  0.2218775E+01 -0.1417058E+01
 0.1317736E+01 -0.3485716E+01  0.5098172E+00
 0.1270301E+01  0.4108949E+01 -0.1411042E+01
 0.1227324E+01 -0.2298442E+01  0.2149171E+01
 0.1187742E+01  0.4441573E+00 -0.1215060E+01
 0.1150638E+01  0.4368208E-01  0.2449628E+00
