 0.1000000E-02  0.2000746E+01 -0.7390277E+00  0.5000006E+00  0.1761719E+01
 0.2000000E-02  0.2001485E+01 -0.7397638E+00  0.4999979E+00  0.1761719E+01
 0.3000000E-02  0.2002216E+01 -0.7404905E+00  0.4999934E+00  0.1761719E+01
 0.4000000E-02  0.2002940E+01 -0.7412081E+00  0.4999870E+00  0.1761719E+01
 0.5000000E-02  0.2003657E+01 -0.7419164E+00  0.4999788E+00  0.1761719E+01
 0.6000000E-02  0.2004366E+01 -0.7426155E+00  0.4999687E+00  0.1761719E+01
 0.7000000E-02  0.2005068E+01 -0.7433054E+00  0.4999568E+00  0.1761719E+01
 0.8000000E-02  0.2005762E+01 -0.7439861E+00  0.4999430E+00  0.1761719E+01
 0.9000000E-02  0.2006450E+01 -0.7446578E+00  0.4999274E+00  0.1761719E+01
 0.1000000E-01  0.2007130E+01 -0.7453202E+00  0.4999099E+00  0.1761720E+01
 0.1100000E-01  0.2007803E+01 -0.7459736E+00  0.4998906E+00  0.1761720E+01
 0.1200000E-01  0.2008469E+01 -0.7466180E+00  0.4998694E+00  0.1761720E+01
 0.1300000E-01  0.2009127E+01 -0.7472532E+00  0.4998463E+00  0.1761720E+01
 0.1400000E-01  0.2009779E+01 -0.7478795E+00  0.4998213E+00  0.1761721E+01
 0.1500000E-01  0.2010423E+01 -0.7484967E+00  0.4997944E+00  0.1761721E+01
 0.1600000E-01  0.2011061E+01 -0.7491050E+00  0.4997656E+00  0.1761722E+01
 0.1700000E-01  0.2011691E+01 -0.7497043E+00  0.4997349E+00  0.1761722E+01
 0.1800000E-01  0.2012315E+01 -0.7502946E+00  0.4997023E+00  0.1761723E+01
 0.1900000E-01  0.2012932E+01 -0.7508761E+00  0.4996678E+00  0.1761723E+01
 0.2000000E-01  0.2013541E+01 -0.7514486E+00  0.4996314E+00  0.1761724E+01
 0.2100000E-01  0.2014144E+01 -0.7520123E+00  0.4995931E+00  0.1761725E+01
 0.2200000E-01  0.2014740E+01 -0.7525672E+00  0.4995528E+00  0.1761726E+01
 0.2300000E-01  0.2015329E+01 -0.7531132E+00  0.4995106E+00  0.1761727E+01
 0.2400000E-01  0.2015912E+01 -0.7536504E+00  0.4994665E+00  0.1761728E+01
 0.2500000E-01  0.2016487E+01 -0.7541789E+00  0.4994204E+00  0.1761729E+01
 0.2600000E-01  0.2017056E+01 -0.7546986E+00  0.4993724E+00  0.1761730E+01
 0.2700000E-01  0.2017619E+01 -0.7552096E+00  0.4993225E+00  0.1761731E+01
 0.2800000E-01  0.2018174E+01 -0.7557119E+00  0.4992706E+00  0.1761733E+01
 0.2900000E-01  0.2018723E+01 -0.7562055E+00  0.4992167E+00  0.1761734E+01
 0.3000000E-01  0.2019266E+01 -0.7566904E+00  0.4991609E+00  0.1761736E+01
 0.3100000E-01  0.2019802E+01 -0.7571668E+00  0.4991031E+00  0.1761738E+01
 0.3200000E-01  0.2020331E+01 -0.7576345E+00  0.4990433E+00  0.1761740E+01
 0.3300000E-01  0.2020854E+01 -0.7580936E+00  0.4989816E+00  0.1761742E+01
 0.3400000E-01  0.2021370E+01 -0.7585442E+00  0.4989178E+00  0.1761744E+01
 0.3500000E-01  0.2021880E+01 -0.7589863E+00  0.4988521E+00  0.1761746E+01
 0.3600000E-01  0.2022384E+01 -0.7594198E+00  0.4987845E+00  0.1761749E+01
 0.3700000E-01  0.2022881E+01 -0.7598449E+00  0.4987148E+00  0.1761751E+01
 0.3800000E-01  0.2023372E+01 -0.7602615E+00  0.4986431E+00  0.1761754E+01
 0.3900000E-01  0.2023857E+01 -0.7606697E+00  0.4985695E+00  0.1761757E+01
 0.4000000E-01  0.2024335E+01 -0.7610695E+00  0.4984938E+00  0.1761760E+01
 0.4100000E-01  0.2024807E+01 -0.7614609E+00  0.4984161E+00  0.1761763E+01
 0.4200000E-01  0.2025273E+01 -0.7618439E+00  0.4983364E+00  0.1761766E+01
 0.4300000E-01  0.2025733E+01 -0.7622187E+00  0.4982548E+00  0.1761769E+01
 0.4400000E-01  0.2026187E+01 -0.7625851E+00  0.4981711E+00  0.1761773E+01
 0.4500000E-01  0.2026634E+01 -0.7629432E+00  0.4980853E+00  0.1761777E+01
 0.4600000E-01  0.2027076E+01 -0.7632931E+00  0.4979976E+00  0.1761781E+01
 0.4700000E-01  0.2027511E+01 -0.7636347E+00  0.4979079E+00  0.1761785E+01
 0.4800000E-01  0.2027941E+01 -0.7639682E+00  0.4978161E+00  0.1761789E+01
 0.4900000E-01  0.2028364E+01 -0.7642935E+00  0.4977223E+00  0.1761793E+01
 0.5000000E-01  0.2028782E+01 -0.7646106E+00  0.4976264E+00  0.1761798E+01
 0.5100000E-01  0.2029194E+01 -0.7649196E+00  0.4975285E+00  0.1761803E+01
 0.5200000E-01  0.2029600E+01 -0.7652205E+00  0.4974286E+00  0.1761808E+01
 0.5300000E-01  0.2030000E+01 -0.7655133E+00  0.4973266E+00  0.1761813E+01
 0.5400000E-01  0.2030394E+01 -0.7657981E+00  0.4972226E+00  0.1761818E+01
 0.5500000E-01  0.2030782E+01 -0.7660749E+00  0.4971166E+00  0.1761824E+01
 0.5600000E-01  0.2031165E+01 -0.7663436E+00  0.4970085E+00  0.1761830E+01
 0.5700000E-01  0.2031542E+01 -0.7666044E+00  0.4968984E+00  0.1761836E+01
 0.5800000E-01  0.2031913E+01 -0.7668573E+00  0.4967862E+00  0.1761842E+01
 0.5900000E-01  0.2032279E+01 -0.7671022E+00  0.4966719E+00  0.1761848E+01
 0.6000000E-01  0.2032639E+01 -0.7673393E+00  0.4965556E+00  0.1761855E+01
 0.6100000E-01  0.2032993E+01 -0.7675685E+00  0.4964372E+00  0.1761862E+01
 0.6200000E-01  0.2033342E+01 -0.7677898E+00  0.4963168E+00  0.1761869E+01
 0.6300000E-01  0.2033685E+01 -0.7680034E+00  0.4961943E+00  0.1761876E+01
 0.6400000E-01  0.2034023E+01 -0.7682092E+00  0.4960698E+00  0.1761884E+01
 0.6500000E-01  0.2034355E+01 -0.7684072E+00  0.4959431E+00  0.1761891E+01
 0.6600000E-01  0.2034682E+01 -0.7685974E+00  0.4958145E+00  0.1761899E+01
 0.6700000E-01  0.2035004E+01 -0.7687800E+00  0.4956837E+00  0.1761908E+01
 0.6800000E-01  0.2035320E+01 -0.7689549E+00  0.4955509E+00  0.1761916E+01
 0.6900000E-01  0.2035631E+01 -0.7691222E+00  0.4954160E+00  0.1761925E+01
 0.7000000E-01  0.2035937E+01 -0.7692818E+00  0.4952790E+00  0.1761934E+01
 0.7100000E-01  0.2036237E+01 -0.7694339E+00  0.4951399E+00  0.1761943E+01
 0.7200000E-01  0.2036532E+01 -0.7695784E+00  0.4949988E+00  0.1761953E+01
 0.7300000E-01  0.2036822E+01 -0.7697153E+00  0.4948556E+00  0.1761963E+01
 0.7400000E-01  0.2037107E+01 -0.7698447E+00  0.4947103E+00  0.1761973E+01
 0.7500000E-01  0.2037387E+01 -0.7699667E+00  0.4945630E+00  0.1761983E+01
 0.7600000E-01  0.2037661E+01 -0.7700812E+00  0.4944135E+00  0.1761993E+01
 0.7700000E-01  0.2037931E+01 -0.7701882E+00  0.4942620E+00  0.1762004E+01
 0.7800000E-01  0.2038195E+01 -0.7702879E+00  0.4941084E+00  0.1762015E+01
 0.7900000E-01  0.2038454E+01 -0.7703802E+00  0.4939527E+00  0.1762027E+01
 0.8000000E-01  0.2038709E+01 -0.7704651E+00  0.4937949E+00  0.1762039E+01
 0.8100000E-01  0.2038958E+01 -0.7705427E+00  0.4936350E+00  0.1762051E+01
 0.8200000E-01  0.2039203E+01 -0.7706130E+00  0.4934731E+00  0.1762063E+01
 0.8300000E-01  0.2039442E+01 -0.7706761E+00  0.4933091E+00  0.1762075E+01
 0.8400000E-01  0.2039677E+01 -0.7707319E+00  0.4931429E+00  0.1762088E+01
 0.8500000E-01  0.2039907E+01 -0.7707805E+00  0.4929747E+00  0.1762102E+01
 0.8600000E-01  0.2040133E+01 -0.7708220E+00  0.4928044E+00  0.1762115E+01
 0.8700000E-01  0.2040353E+01 -0.7708562E+00  0.4926321E+00  0.1762129E+01
 0.8800000E-01  0.2040569E+01 -0.7708834E+00  0.4924576E+00  0.1762143E+01
 0.8900000E-01  0.2040780E+01 -0.7709034E+00  0.4922811E+00  0.1762157E+01
 0.9000000E-01  0.2040986E+01 -0.7709164E+00  0.4921024E+00  0.1762172E+01
 0.9100000E-01  0.2041188E+01 -0.7709224E+00  0.4919217E+00  0.1762187E+01
 0.9200000E-01  0.2041385E+01 -0.7709213E+00  0.4917389E+00  0.1762202E+01
 0.9300000E-01  0.2041577E+01 -0.7709132E+00  0.4915540E+00  0.1762218E+01
 0.9400000E-01  0.2041765E+01 -0.7708982E+00  0.4913670E+00  0.1762234E+01
 0.9500000E-01  0.2041949E+01 -0.7708763E+00  0.4911780E+00  0.1762251E+01
 0.9600000E-01  0.2042128E+01 -0.7708474E+00  0.4909868E+00  0.1762267E+01
 0.9700000E-01  0.2042302E+01 -0.7708117E+00  0.4907936E+00  0.1762284E+01
 0.9800000E-01  0.2042473E+01 -0.7707691E+00  0.4905983E+00  0.1762302E+01
 0.9900000E-01  0.2042638E+01 -0.7707197E+00  0.4904009E+00  0.1762319E+01
 0.1000000E+00  0.2042800E+01 -0.7706636E+00  0.4902014E+00  0.1762338E+01
 0.1010000E+00  0.2042957E+01 -0.7706006E+00  0.4899999E+00  0.1762356E+01
 0.1020000E+00  0.2043109E+01 -0.7705309E+00  0.4897962E+00  0.1762375E+01
 0.1030000E+00  0.2043258E+01 -0.7704546E+00  0.4895905E+00  0.1762394E+01
 0.1040000E+00  0.2043402E+01 -0.7703715E+00  0.4893827E+00  0.1762413E+01
 0.1050000E+00  0.2043542E+01 -0.7702818E+00  0.4891729E+00  0.1762433E+01
 0.1060000E+00  0.2043678E+01 -0.7701855E+00  0.4889609E+00  0.1762453E+01
 0.1070000E+00  0.2043810E+01 -0.7700826E+00  0.4887469E+00  0.1762474E+01
 0.1080000E+00  0.2043937E+01 -0.7699731E+00  0.4885308E+00  0.1762495E+01
 0.1090000E+00  0.2044061E+01 -0.7698571E+00  0.4883127E+00  0.1762516E+01
 0.1100000E+00  0.2044180E+01 -0.7697346E+00  0.4880924E+00  0.1762538E+01
 0.1110000E+00  0.2044296E+01 -0.7696056E+00  0.4878702E+00  0.1762560E+01
 0.1120000E+00  0.2044407E+01 -0.7694702E+00  0.4876458E+00  0.1762583E+01
 0.1130000E+00  0.2044515E+01 -0.7693283E+00  0.4874194E+00  0.1762606E+01
 0.1140000E+00  0.2044618E+01 -0.7691801E+00  0.4871909E+00  0.1762629E+01
 0.1150000E+00  0.2044718E+01 -0.7690254E+00  0.4869604E+00  0.1762653E+01
 0.1160000E+00  0.2044813E+01 -0.7688645E+00  0.4867278E+00  0.1762677E+01
 0.1170000E+00  0.2044905E+01 -0.7686972E+00  0.4864931E+00  0.1762701E+01
 0.1180000E+00  0.2044993E+01 -0.7685237E+00  0.4862564E+00  0.1762726E+01
 0.1190000E+00  0.2045077E+01 -0.7683439E+00  0.4860177E+00  0.1762751E+01
 0.1200000E+00  0.2045158E+01 -0.7681579E+00  0.4857769E+00  0.1762777E+01
 0.1210000E+00  0.2045235E+01 -0.7679657E+00  0.4855340E+00  0.1762803E+01
 0.1220000E+00  0.2045308E+01 -0.7677674E+00  0.4852891E+00  0.1762829E+01
 0.1230000E+00  0.2045377E+01 -0.7675629E+00  0.4850422E+00  0.1762856E+01
 0.1240000E+00  0.2045443E+01 -0.7673522E+00  0.4847932E+00  0.1762884E+01
 0.1250000E+00  0.2045505E+01 -0.7671356E+00  0.4845422E+00  0.1762911E+01
 0.1260000E+00  0.2045563E+01 -0.7669128E+00  0.4842892E+00  0.1762940E+01
 0.1270000E+00  0.2045618E+01 -0.7666841E+00  0.4840341E+00  0.1762968E+01
 0.1280000E+00  0.2045669E+01 -0.7664493E+00  0.4837770E+00  0.1762997E+01
 0.1290000E+00  0.2045717E+01 -0.7662086E+00  0.4835179E+00  0.1763027E+01
 0.1300000E+00  0.2045762E+01 -0.7659620E+00  0.4832567E+00  0.1763056E+01
 0.1310000E+00  0.2045803E+01 -0.7657094E+00  0.4829936E+00  0.1763087E+01
 0.1320000E+00  0.2045840E+01 -0.7654510E+00  0.4827284E+00  0.1763118E+01
 0.1330000E+00  0.2045874E+01 -0.7651867E+00  0.4824612E+00  0.1763149E+01
 0.1340000E+00  0.2045905E+01 -0.7649166E+00  0.4821920E+00  0.1763180E+01
 0.1350000E+00  0.2045932E+01 -0.7646407E+00  0.4819208E+00  0.1763212E+01
 0.1360000E+00  0.2045956E+01 -0.7643591E+00  0.4816476E+00  0.1763245E+01
 0.1370000E+00  0.2045977E+01 -0.7640717E+00  0.4813724E+00  0.1763278E+01
 0.1380000E+00  0.2045995E+01 -0.7637786E+00  0.4810952E+00  0.1763311E+01
 0.1390000E+00  0.2046009E+01 -0.7634798E+00  0.4808160E+00  0.1763345E+01
 0.1400000E+00  0.2046020E+01 -0.7631754E+00  0.4805348E+00  0.1763380E+01
 0.1410000E+00  0.2046028E+01 -0.7628654E+00  0.4802517E+00  0.1763415E+01
 0.1420000E+00  0.2046033E+01 -0.7625497E+00  0.4799665E+00  0.1763450E+01
 0.1430000E+00  0.2046035E+01 -0.7622285E+00  0.4796794E+00  0.1763486E+01
 0.1440000E+00  0.2046033E+01 -0.7619018E+00  0.4793903E+00  0.1763522E+01
 0.1450000E+00  0.2046029E+01 -0.7615696E+00  0.4790993E+00  0.1763558E+01
 0.1460000E+00  0.2046021E+01 -0.7612319E+00  0.4788062E+00  0.1763596E+01
 0.1470000E+00  0.2046011E+01 -0.7608887E+00  0.4785113E+00  0.1763633E+01
 0.1480000E+00  0.2045997E+01 -0.7605401E+00  0.4782143E+00  0.1763671E+01
 0.1490000E+00  0.2045981E+01 -0.7601862E+00  0.4779155E+00  0.1763710E+01
 0.1500000E+00  0.2045961E+01 -0.7598268E+00  0.4776146E+00  0.1763749E+01
 0.1510000E+00  0.2045939E+01 -0.7594622E+00  0.4773118E+00  0.1763789E+01
 0.1520000E+00  0.2045914E+01 -0.7590922E+00  0.4770071E+00  0.1763829E+01
 0.1530000E+00  0.2045886E+01 -0.7587170E+00  0.4767005E+00  0.1763869E+01
 0.1540000E+00  0.2045855E+01 -0.7583365E+00  0.4763919E+00  0.1763910E+01
 0.1550000E+00  0.2045821E+01 -0.7579507E+00  0.4760814E+00  0.1763952E+01
 0.1560000E+00  0.2045785E+01 -0.7575598E+00  0.4757690E+00  0.1763994E+01
 0.1570000E+00  0.2045745E+01 -0.7571638E+00  0.4754547E+00  0.1764036E+01
 0.1580000E+00  0.2045704E+01 -0.7567626E+00  0.4751384E+00  0.1764079E+01
 0.1590000E+00  0.2045659E+01 -0.7563562E+00  0.4748203E+00  0.1764123E+01
 0.1600000E+00  0.2045612E+01 -0.7559449E+00  0.4745002E+00  0.1764167E+01
 0.1610000E+00  0.2045562E+01 -0.7555284E+00  0.4741783E+00  0.1764212E+01
 0.1620000E+00  0.2045509E+01 -0.7551070E+00  0.4738545E+00  0.1764257E+01
 0.1630000E+00  0.2045454E+01 -0.7546805E+00  0.4735288E+00  0.1764302E+01
 0.1640000E+00  0.2045396E+01 -0.7542491E+00  0.4732012E+00  0.1764348E+01
 0.1650000E+00  0.2045336E+01 -0.7538127E+00  0.4728717E+00  0.1764395E+01
 0.1660000E+00  0.2045273E+01 -0.7533715E+00  0.4725404E+00  0.1764442E+01
 0.1670000E+00  0.2045208E+01 -0.7529254E+00  0.4722072E+00  0.1764490E+01
 0.1680000E+00  0.2045140E+01 -0.7524744E+00  0.4718721E+00  0.1764538E+01
 0.1690000E+00  0.2045070E+01 -0.7520186E+00  0.4715352E+00  0.1764586E+01
 0.1700000E+00  0.2044997E+01 -0.7515580E+00  0.4711965E+00  0.1764636E+01
 0.1710000E+00  0.2044922E+01 -0.7510926E+00  0.4708559E+00  0.1764685E+01
 0.1720000E+00  0.2044845E+01 -0.7506225E+00  0.4705134E+00  0.1764736E+01
 0.1730000E+00  0.2044765E+01 -0.7501477E+00  0.4701692E+00  0.1764787E+01
 0.1740000E+00  0.2044683E+01 -0.7496682E+00  0.4698231E+00  0.1764838E+01
 0.1750000E+00  0.2044599E+01 -0.7491840E+00  0.4694752E+00  0.1764890E+01
 0.1760000E+00  0.2044512E+01 -0.7486952E+00  0.4691255E+00  0.1764942E+01
 0.1770000E+00  0.2044423E+01 -0.7482019E+00  0.4687740E+00  0.1764995E+01
 0.1780000E+00  0.2044332E+01 -0.7477039E+00  0.4684206E+00  0.1765049E+01
 0.1790000E+00  0.2044239E+01 -0.7472015E+00  0.4680655E+00  0.1765103E+01
 0.1800000E+00  0.2044143E+01 -0.7466945E+00  0.4677086E+00  0.1765157E+01
 0.1810000E+00  0.2044045E+01 -0.7461830E+00  0.4673499E+00  0.1765212E+01
 0.1820000E+00  0.2043946E+01 -0.7456670E+00  0.4669895E+00  0.1765268E+01
 0.1830000E+00  0.2043844E+01 -0.7451467E+00  0.4666272E+00  0.1765324E+01
 0.1840000E+00  0.2043740E+01 -0.7446219E+00  0.4662632E+00  0.1765381E+01
 0.1850000E+00  0.2043634E+01 -0.7440928E+00  0.4658975E+00  0.1765439E+01
 0.1860000E+00  0.2043526E+01 -0.7435593E+00  0.4655300E+00  0.1765496E+01
 0.1870000E+00  0.2043416E+01 -0.7430215E+00  0.4651607E+00  0.1765555E+01
 0.1880000E+00  0.2043304E+01 -0.7424794E+00  0.4647898E+00  0.1765614E+01
 0.1890000E+00  0.2043190E+01 -0.7419331E+00  0.4644170E+00  0.1765674E+01
 0.1900000E+00  0.2043074E+01 -0.7413825E+00  0.4640426E+00  0.1765734E+01
 0.1910000E+00  0.2042956E+01 -0.7408277E+00  0.4636664E+00  0.1765794E+01
 0.1920000E+00  0.2042836E+01 -0.7402687E+00  0.4632886E+00  0.1765856E+01
 0.1930000E+00  0.2042714E+01 -0.7397056E+00  0.4629090E+00  0.1765918E+01
 0.1940000E+00  0.2042591E+01 -0.7391384E+00  0.4625277E+00  0.1765980E+01
 0.1950000E+00  0.2042465E+01 -0.7385671E+00  0.4621448E+00  0.1766043E+01
 0.1960000E+00  0.2042338E+01 -0.7379917E+00  0.4617601E+00  0.1766107E+01
 0.1970000E+00  0.2042209E+01 -0.7374122E+00  0.4613738E+00  0.1766171E+01
 0.1980000E+00  0.2042079E+01 -0.7368288E+00  0.4609858E+00  0.1766236E+01
 0.1990000E+00  0.2041946E+01 -0.7362413E+00  0.4605961E+00  0.1766301E+01
 0.2000000E+00  0.2041812E+01 -0.7356499E+00  0.4602048E+00  0.1766367E+01
 0.2010000E+00  0.2041676E+01 -0.7350546E+00  0.4598119E+00  0.1766433E+01
 0.2020000E+00  0.2041538E+01 -0.7344554E+00  0.4594173E+00  0.1766500E+01
 0.2030000E+00  0.2041399E+01 -0.7338523E+00  0.4590210E+00  0.1766568E+01
 0.2040000E+00  0.2041258E+01 -0.7332453E+00  0.4586231E+00  0.1766636E+01
 0.2050000E+00  0.2041116E+01 -0.7326345E+00  0.4582237E+00  0.1766705E+01
 0.2060000E+00  0.2040972E+01 -0.7320200E+00  0.4578226E+00  0.1766775E+01
 0.2070000E+00  0.2040826E+01 -0.7314016E+00  0.4574198E+00  0.1766845E+01
 0.2080000E+00  0.2040679E+01 -0.7307796E+00  0.4570155E+00  0.1766915E+01
 0.2090000E+00  0.2040531E+01 -0.7301538E+00  0.4566096E+00  0.1766986E+01
 0.2100000E+00  0.2040380E+01 -0.7295243E+00  0.4562021E+00  0.1767058E+01
 0.2110000E+00  0.2040229E+01 -0.7288912E+00  0.4557931E+00  0.1767131E+01
 0.2120000E+00  0.2040076E+01 -0.7282544E+00  0.4553825E+00  0.1767204E+01
 0.2130000E+00  0.2039921E+01 -0.7276140E+00  0.4549703E+00  0.1767277E+01
 0.2140000E+00  0.2039765E+01 -0.7269701E+00  0.4545565E+00  0.1767351E+01
 0.2150000E+00  0.2039608E+01 -0.7263226E+00  0.4541412E+00  0.1767426E+01
 0.2160000E+00  0.2039449E+01 -0.7256716E+00  0.4537244E+00  0.1767502E+01
 0.2170000E+00  0.2039289E+01 -0.7250171E+00  0.4533060E+00  0.1767578E+01
 0.2180000E+00  0.2039127E+01 -0.7243591E+00  0.4528861E+00  0.1767654E+01
 0.2190000E+00  0.2038964E+01 -0.7236976E+00  0.4524647E+00  0.1767731E+01
 0.2200000E+00  0.2038800E+01 -0.7230328E+00  0.4520418E+00  0.1767809E+01
 0.2210000E+00  0.2038635E+01 -0.7223646E+00  0.4516174E+00  0.1767888E+01
 0.2220000E+00  0.2038468E+01 -0.7216930E+00  0.4511915E+00  0.1767967E+01
 0.2230000E+00  0.2038300E+01 -0.7210180E+00  0.4507641E+00  0.1768046E+01
 0.2240000E+00  0.2038131E+01 -0.7203398E+00  0.4503353E+00  0.1768127E+01
 0.2250000E+00  0.2037961E+01 -0.7196582E+00  0.4499049E+00  0.1768208E+01
 0.2260000E+00  0.2037790E+01 -0.7189734E+00  0.4494731E+00  0.1768289E+01
 0.2270000E+00  0.2037617E+01 -0.7182854E+00  0.4490399E+00  0.1768371E+01
 0.2280000E+00  0.2037443E+01 -0.7175942E+00  0.4486052E+00  0.1768454E+01
 0.2290000E+00  0.2037268E+01 -0.7168998E+00  0.4481691E+00  0.1768537E+01
 0.2300000E+00  0.2037092E+01 -0.7162022E+00  0.4477315E+00  0.1768622E+01
 0.2310000E+00  0.2036915E+01 -0.7155015E+00  0.4472925E+00  0.1768706E+01
 0.2320000E+00  0.2036737E+01 -0.7147978E+00  0.4468521E+00  0.1768791E+01
 0.2330000E+00  0.2036558E+01 -0.7140909E+00  0.4464103E+00  0.1768877E+01
 0.2340000E+00  0.2036378E+01 -0.7133810E+00  0.4459671E+00  0.1768964E+01
 0.2350000E+00  0.2036196E+01 -0.7126681E+00  0.4455225E+00  0.1769051E+01
 0.2360000E+00  0.2036014E+01 -0.7119521E+00  0.4450766E+00  0.1769139E+01
 0.2370000E+00  0.2035831E+01 -0.7112332E+00  0.4446292E+00  0.1769227E+01
 0.2380000E+00  0.2035647E+01 -0.7105114E+00  0.4441805E+00  0.1769316E+01
 0.2390000E+00  0.2035462E+01 -0.7097866E+00  0.4437305E+00  0.1769406E+01
 0.2400000E+00  0.2035276E+01 -0.7090590E+00  0.4432791E+00  0.1769496E+01
 0.2410000E+00  0.2035089E+01 -0.7083285E+00  0.4428263E+00  0.1769587E+01
 0.2420000E+00  0.2034901E+01 -0.7075951E+00  0.4423723E+00  0.1769678E+01
 0.2430000E+00  0.2034713E+01 -0.7068589E+00  0.4419169E+00  0.1769771E+01
 0.2440000E+00  0.2034523E+01 -0.7061200E+00  0.4414602E+00  0.1769863E+01
 0.2450000E+00  0.2034333E+01 -0.7053782E+00  0.4410021E+00  0.1769957E+01
 0.2460000E+00  0.2034142E+01 -0.7046337E+00  0.4405428E+00  0.1770051E+01
 0.2470000E+00  0.2033950E+01 -0.7038866E+00  0.4400822E+00  0.1770146E+01
 0.2480000E+00  0.2033757E+01 -0.7031367E+00  0.4396203E+00  0.1770241E+01
 0.2490000E+00  0.2033564E+01 -0.7023841E+00  0.4391572E+00  0.1770337E+01
 0.2500000E+00  0.2033370E+01 -0.7016290E+00  0.4386928E+00  0.1770434E+01
 0.2510000E+00  0.2033175E+01 -0.7008712E+00  0.4382271E+00  0.1770531E+01
 0.2520000E+00  0.2032980E+01 -0.7001108E+00  0.4377602E+00  0.1770629E+01
 0.2530000E+00  0.2032783E+01 -0.6993479E+00  0.4372920E+00  0.1770728E+01
 0.2540000E+00  0.2032587E+01 -0.6985824E+00  0.4368226E+00  0.1770827E+01
 0.2550000E+00  0.2032389E+01 -0.6978144E+00  0.4363520E+00  0.1770927E+01
 0.2560000E+00  0.2032191E+01 -0.6970439E+00  0.4358802E+00  0.1771027E+01
 0.2570000E+00  0.2031992E+01 -0.6962710E+00  0.4354072E+00  0.1771128E+01
 0.2580000E+00  0.2031793E+01 -0.6954956E+00  0.4349329E+00  0.1771230E+01
 0.2590000E+00  0.2031593E+01 -0.6947178E+00  0.4344575E+00  0.1771333E+01
 0.2600000E+00  0.2031392E+01 -0.6939376E+00  0.4339810E+00  0.1771436E+01
 0.2610000E+00  0.2031191E+01 -0.6931551E+00  0.4335032E+00  0.1771540E+01
 0.2620000E+00  0.2030990E+01 -0.6923702E+00  0.4330243E+00  0.1771644E+01
 0.2630000E+00  0.2030788E+01 -0.6915830E+00  0.4325442E+00  0.1771749E+01
 0.2640000E+00  0.2030585E+01 -0.6907935E+00  0.4320630E+00  0.1771855E+01
 0.2650000E+00  0.2030382E+01 -0.6900017E+00  0.4315806E+00  0.1771961E+01
 0.2660000E+00  0.2030179E+01 -0.6892077E+00  0.4310972E+00  0.1772068E+01
 0.2670000E+00  0.2029975E+01 -0.6884115E+00  0.4306126E+00  0.1772176E+01
 0.2680000E+00  0.2029770E+01 -0.6876131E+00  0.4301269E+00  0.1772284E+01
 0.2690000E+00  0.2029566E+01 -0.6868125E+00  0.4296401E+00  0.1772393E+01
 0.2700000E+00  0.2029360E+01 -0.6860098E+00  0.4291522E+00  0.1772503E+01
 0.2710000E+00  0.2029155E+01 -0.6852050E+00  0.4286632E+00  0.1772613E+01
 0.2720000E+00  0.2028949E+01 -0.6843980E+00  0.4281731E+00  0.1772724E+01
 0.2730000E+00  0.2028743E+01 -0.6835890E+00  0.4276820E+00  0.1772836E+01
 0.2740000E+00  0.2028536E+01 -0.6827780E+00  0.4271898E+00  0.1772948E+01
 0.2750000E+00  0.2028329E+01 -0.6819649E+00  0.4266966E+00  0.1773061E+01
 0.2760000E+00  0.2028122E+01 -0.6811498E+00  0.4262024E+00  0.1773175E+01
 0.2770000E+00  0.2027914E+01 -0.6803328E+00  0.4257071E+00  0.1773289E+01
 0.2780000E+00  0.2027707E+01 -0.6795138E+00  0.4252107E+00  0.1773404E+01
 0.2790000E+00  0.2027499E+01 -0.6786928E+00  0.4247134E+00  0.1773519E+01
 0.2800000E+00  0.2027290E+01 -0.6778700E+00  0.4242151E+00  0.1773635E+01
 0.2810000E+00  0.2027082E+01 -0.6770452E+00  0.4237157E+00  0.1773752E+01
 0.2820000E+00  0.2026873E+01 -0.6762186E+00  0.4232154E+00  0.1773870E+01
 0.2830000E+00  0.2026664E+01 -0.6753902E+00  0.4227141E+00  0.1773988E+01
 0.2840000E+00  0.2026455E+01 -0.6745600E+00  0.4222119E+00  0.1774107E+01
 0.2850000E+00  0.2026246E+01 -0.6737280E+00  0.4217086E+00  0.1774227E+01
 0.2860000E+00  0.2026037E+01 -0.6728942E+00  0.4212045E+00  0.1774347E+01
 0.2870000E+00  0.2025827E+01 -0.6720586E+00  0.4206993E+00  0.1774468E+01
 0.2880000E+00  0.2025617E+01 -0.6712214E+00  0.4201933E+00  0.1774589E+01
 0.2890000E+00  0.2025408E+01 -0.6703824E+00  0.4196863E+00  0.1774711E+01
 0.2900000E+00  0.2025198E+01 -0.6695418E+00  0.4191784E+00  0.1774834E+01
 0.2910000E+00  0.2024988E+01 -0.6686996E+00  0.4186696E+00  0.1774958E+01
 0.2920000E+00  0.2024778E+01 -0.6678557E+00  0.4181599E+00  0.1775082E+01
 0.2930000E+00  0.2024568E+01 -0.6670102E+00  0.4176492E+00  0.1775207E+01
 0.2940000E+00  0.2024358E+01 -0.6661631E+00  0.4171378E+00  0.1775332E+01
 0.2950000E+00  0.2024148E+01 -0.6653144E+00  0.4166254E+00  0.1775459E+01
 0.2960000E+00  0.2023938E+01 -0.6644642E+00  0.4161122E+00  0.1775586E+01
 0.2970000E+00  0.2023728E+01 -0.6636126E+00  0.4155981E+00  0.1775713E+01
 0.2980000E+00  0.2023517E+01 -0.6627594E+00  0.4150832E+00  0.1775841E+01
 0.2990000E+00  0.2023307E+01 -0.6619047E+00  0.4145674E+00  0.1775970E+01
 0.3000000E+00  0.2023097E+01 -0.6610486E+00  0.4140508E+00  0.1776100E+01
 0.3010000E+00  0.2022888E+01 -0.6601911E+00  0.4135334E+00  0.1776230E+01
 0.3020000E+00  0.2022678E+01 -0.6593322E+00  0.4130151E+00  0.1776361E+01
 0.3030000E+00  0.2022468E+01 -0.6584719E+00  0.4124961E+00  0.1776492E+01
 0.3040000E+00  0.2022258E+01 -0.6576102E+00  0.4119763E+00  0.1776625E+01
 0.3050000E+00  0.2022049E+01 -0.6567472E+00  0.4114556E+00  0.1776757E+01
 0.3060000E+00  0.2021840E+01 -0.6558829E+00  0.4109342E+00  0.1776891E+01
 0.3070000E+00  0.2021630E+01 -0.6550173E+00  0.4104121E+00  0.1777025E+01
 0.3080000E+00  0.2021421E+01 -0.6541504E+00  0.4098891E+00  0.1777160E+01
 0.3090000E+00  0.2021212E+01 -0.6532823E+00  0.4093654E+00  0.1777296E+01
 0.3100000E+00  0.2021004E+01 -0.6524130E+00  0.4088410E+00  0.1777432E+01
 0.3110000E+00  0.2020795E+01 -0.6515424E+00  0.4083159E+00  0.1777569E+01
 0.3120000E+00  0.2020587E+01 -0.6506707E+00  0.4077900E+00  0.1777706E+01
 0.3130000E+00  0.2020379E+01 -0.6497978E+00  0.4072634E+00  0.1777845E+01
 0.3140000E+00  0.2020171E+01 -0.6489238E+00  0.4067360E+00  0.1777984E+01
 0.3150000E+00  0.2019964E+01 -0.6480486E+00  0.4062080E+00  0.1778123E+01
 0.3160000E+00  0.2019756E+01 -0.6471724E+00  0.4056793E+00  0.1778263E+01
 0.3170000E+00  0.2019549E+01 -0.6462950E+00  0.4051499E+00  0.1778404E+01
 0.3180000E+00  0.2019343E+01 -0.6454167E+00  0.4046198E+00  0.1778546E+01
 0.3190000E+00  0.2019136E+01 -0.6445373E+00  0.4040891E+00  0.1778688E+01
 0.3200000E+00  0.2018930E+01 -0.6436568E+00  0.4035577E+00  0.1778831E+01
 0.3210000E+00  0.2018725E+01 -0.6427754E+00  0.4030256E+00  0.1778975E+01
 0.3220000E+00  0.2018519E+01 -0.6418931E+00  0.4024929E+00  0.1779119E+01
 0.3230000E+00  0.2018314E+01 -0.6410097E+00  0.4019596E+00  0.1779264E+01
 0.3240000E+00  0.2018109E+01 -0.6401255E+00  0.4014256E+00  0.1779410E+01
 0.3250000E+00  0.2017905E+01 -0.6392403E+00  0.4008911E+00  0.1779556E+01
 0.3260000E+00  0.2017701E+01 -0.6383543E+00  0.4003559E+00  0.1779703E+01
 0.3270000E+00  0.2017498E+01 -0.6374674E+00  0.3998201E+00  0.1779850E+01
 0.3280000E+00  0.2017295E+01 -0.6365796E+00  0.3992838E+00  0.1779999E+01
 0.3290000E+00  0.2017092E+01 -0.6356910E+00  0.3987468E+00  0.1780148E+01
 0.3300000E+00  0.2016890E+01 -0.6348016E+00  0.3982093E+00  0.1780297E+01
 0.3310000E+00  0.2016688E+01 -0.6339115E+00  0.3976712E+00  0.1780448E+01
 0.3320000E+00  0.2016487E+01 -0.6330205E+00  0.3971325E+00  0.1780599E+01
 0.3330000E+00  0.2016286E+01 -0.6321289E+00  0.3965933E+00  0.1780750E+01
 0.3340000E+00  0.2016086E+01 -0.6312365E+00  0.3960536E+00  0.1780903E+01
 0.3350000E+00  0.2015886E+01 -0.6303434E+00  0.3955133E+00  0.1781056E+01
 0.3360000E+00  0.2015686E+01 -0.6294496E+00  0.3949725E+00  0.1781209E+01
 0.3370000E+00  0.2015488E+01 -0.6285551E+00  0.3944312E+00  0.1781364E+01
 0.3380000E+00  0.2015289E+01 -0.6276600E+00  0.3938894E+00  0.1781519E+01
 0.3390000E+00  0.2015092E+01 -0.6267643E+00  0.3933470E+00  0.1781674E+01
 0.3400000E+00  0.2014895E+01 -0.6258680E+00  0.3928042E+00  0.1781831E+01
 0.3410000E+00  0.2014698E+01 -0.6249711E+00  0.3922609E+00  0.1781988E+01
 0.3420000E+00  0.2014502E+01 -0.6240737E+00  0.3917171E+00  0.1782146E+01
 0.3430000E+00  0.2014307E+01 -0.6231757E+00  0.3911729E+00  0.1782304E+01
 0.3440000E+00  0.2014112E+01 -0.6222771E+00  0.3906281E+00  0.1782463E+01
 0.3450000E+00  0.2013918E+01 -0.6213781E+00  0.3900830E+00  0.1782623E+01
 0.3460000E+00  0.2013724E+01 -0.6204786E+00  0.3895374E+00  0.1782783E+01
 0.3470000E+00  0.2013531E+01 -0.6195786E+00  0.3889913E+00  0.1782944E+01
 0.3480000E+00  0.2013339E+01 -0.6186782E+00  0.3884449E+00  0.1783106E+01
 0.3490000E+00  0.2013148E+01 -0.6177774E+00  0.3878980E+00  0.1783268E+01
 0.3500000E+00  0.2012957E+01 -0.6168761E+00  0.3873507E+00  0.1783431E+01
 0.3510000E+00  0.2012766E+01 -0.6159744E+00  0.3868029E+00  0.1783595E+01
 0.3520000E+00  0.2012577E+01 -0.6150724E+00  0.3862548E+00  0.1783759E+01
 0.3530000E+00  0.2012388E+01 -0.6141701E+00  0.3857063E+00  0.1783924E+01
 0.3540000E+00  0.2012200E+01 -0.6132674E+00  0.3851575E+00  0.1784090E+01
 0.3550000E+00  0.2012013E+01 -0.6123643E+00  0.3846082E+00  0.1784257E+01
 0.3560000E+00  0.2011826E+01 -0.6114610E+00  0.3840586E+00  0.1784424E+01
 0.3570000E+00  0.2011640E+01 -0.6105575E+00  0.3835086E+00  0.1784591E+01
 0.3580000E+00  0.2011455E+01 -0.6096536E+00  0.3829583E+00  0.1784760E+01
 0.3590000E+00  0.2011271E+01 -0.6087495E+00  0.3824076E+00  0.1784929E+01
 0.3600000E+00  0.2011087E+01 -0.6078452E+00  0.3818566E+00  0.1785099E+01
 0.3610000E+00  0.2010904E+01 -0.6069407E+00  0.3813053E+00  0.1785269E+01
 0.3620000E+00  0.2010722E+01 -0.6060361E+00  0.3807537E+00  0.1785440E+01
 0.3630000E+00  0.2010541E+01 -0.6051312E+00  0.3802017E+00  0.1785612E+01
 0.3640000E+00  0.2010361E+01 -0.6042262E+00  0.3796495E+00  0.1785784E+01
 0.3650000E+00  0.2010181E+01 -0.6033211E+00  0.3790969E+00  0.1785957E+01
 0.3660000E+00  0.2010003E+01 -0.6024159E+00  0.3785441E+00  0.1786131E+01
 0.3670000E+00  0.2009825E+01 -0.6015105E+00  0.3779909E+00  0.1786305E+01
 0.3680000E+00  0.2009648E+01 -0.6006051E+00  0.3774376E+00  0.1786480E+01
 0.3690000E+00  0.2009472E+01 -0.5996997E+00  0.3768839E+00  0.1786656E+01
 0.3700000E+00  0.2009297E+01 -0.5987942E+00  0.3763300E+00  0.1786832E+01
 0.3710000E+00  0.2009122E+01 -0.5978887E+00  0.3757758E+00  0.1787009E+01
 0.3720000E+00  0.2008949E+01 -0.5969832E+00  0.3752214E+00  0.1787187E+01
 0.3730000E+00  0.2008777E+01 -0.5960777E+00  0.3746667E+00  0.1787366E+01
 0.3740000E+00  0.2008605E+01 -0.5951722E+00  0.3741118E+00  0.1787545E+01
 0.3750000E+00  0.2008434E+01 -0.5942668E+00  0.3735567E+00  0.1787724E+01
 0.3760000E+00  0.2008265E+01 -0.5933614E+00  0.3730014E+00  0.1787905E+01
 0.3770000E+00  0.2008096E+01 -0.5924562E+00  0.3724459E+00  0.1788086E+01
 0.3780000E+00  0.2007928E+01 -0.5915510E+00  0.3718902E+00  0.1788267E+01
 0.3790000E+00  0.2007761E+01 -0.5906459E+00  0.3713343E+00  0.1788450E+01
 0.3800000E+00  0.2007596E+01 -0.5897410E+00  0.3707782E+00  0.1788633E+01
 0.3810000E+00  0.2007431E+01 -0.5888363E+00  0.3702219E+00  0.1788816E+01
 0.3820000E+00  0.2007267E+01 -0.5879317E+00  0.3696654E+00  0.1789001E+01
 0.3830000E+00  0.2007104E+01 -0.5870273E+00  0.3691088E+00  0.1789186E+01
 0.3840000E+00  0.2006942E+01 -0.5861231E+00  0.3685520E+00  0.1789371E+01
 0.3850000E+00  0.2006782E+01 -0.5852191E+00  0.3679951E+00  0.1789558E+01
 0.3860000E+00  0.2006622E+01 -0.5843154E+00  0.3674380E+00  0.1789745E+01
 0.3870000E+00  0.2006463E+01 -0.5834119E+00  0.3668808E+00  0.1789932E+01
 0.3880000E+00  0.2006306E+01 -0.5825086E+00  0.3663235E+00  0.1790120E+01
 0.3890000E+00  0.2006149E+01 -0.5816057E+00  0.3657661E+00  0.1790309E+01
 0.3900000E+00  0.2005994E+01 -0.5807031E+00  0.3652085E+00  0.1790499E+01
 0.3910000E+00  0.2005839E+01 -0.5798008E+00  0.3646508E+00  0.1790689E+01
 0.3920000E+00  0.2005686E+01 -0.5788988E+00  0.3640930E+00  0.1790880E+01
 0.3930000E+00  0.2005534E+01 -0.5779972E+00  0.3635352E+00  0.1791072E+01
 0.3940000E+00  0.2005383E+01 -0.5770959E+00  0.3629772E+00  0.1791264E+01
 0.3950000E+00  0.2005233E+01 -0.5761951E+00  0.3624192E+00  0.1791457E+01
 0.3960000E+00  0.2005084E+01 -0.5752946E+00  0.3618610E+00  0.1791650E+01
 0.3970000E+00  0.2004936E+01 -0.5743946E+00  0.3613029E+00  0.1791844E+01
 0.3980000E+00  0.2004789E+01 -0.5734949E+00  0.3607446E+00  0.1792039E+01
 0.3990000E+00  0.2004644E+01 -0.5725958E+00  0.3601863E+00  0.1792235E+01
 0.4000000E+00  0.2004500E+01 -0.5716971E+00  0.3596280E+00  0.1792431E+01
 0.4010000E+00  0.2004357E+01 -0.5707989E+00  0.3590696E+00  0.1792628E+01
 0.4020000E+00  0.2004215E+01 -0.5699011E+00  0.3585112E+00  0.1792825E+01
 0.4030000E+00  0.2004074E+01 -0.5690039E+00  0.3579527E+00  0.1793023E+01
 0.4040000E+00  0.2003935E+01 -0.5681072E+00  0.3573942E+00  0.1793222E+01
 0.4050000E+00  0.2003796E+01 -0.5672111E+00  0.3568358E+00  0.1793421E+01
 0.4060000E+00  0.2003659E+01 -0.5663155E+00  0.3562773E+00  0.1793621E+01
 0.4070000E+00  0.2003524E+01 -0.5654205E+00  0.3557188E+00  0.1793822E+01
 0.4080000E+00  0.2003389E+01 -0.5645260E+00  0.3551603E+00  0.1794023E+01
 0.4090000E+00  0.2003256E+01 -0.5636322E+00  0.3546018E+00  0.1794225E+01
 0.4100000E+00  0.2003123E+01 -0.5627390E+00  0.3540433E+00  0.1794428E+01
 0.4110000E+00  0.2002993E+01 -0.5618464E+00  0.3534849E+00  0.1794631E+01
 0.4120000E+00  0.2002863E+01 -0.5609545E+00  0.3529265E+00  0.1794835E+01
 0.4130000E+00  0.2002735E+01 -0.5600632E+00  0.3523681E+00  0.1795040E+01
 0.4140000E+00  0.2002608E+01 -0.5591726E+00  0.3518098E+00  0.1795245E+01
 0.4150000E+00  0.2002482E+01 -0.5582827E+00  0.3512515E+00  0.1795451E+01
 0.4160000E+00  0.2002357E+01 -0.5573936E+00  0.3506932E+00  0.1795657E+01
 0.4170000E+00  0.2002234E+01 -0.5565051E+00  0.3501351E+00  0.1795864E+01
 0.4180000E+00  0.2002112E+01 -0.5556174E+00  0.3495770E+00  0.1796072E+01
 0.4190000E+00  0.2001992E+01 -0.5547304E+00  0.3490189E+00  0.1796280E+01
 0.4200000E+00  0.2001873E+01 -0.5538442E+00  0.3484610E+00  0.1796490E+01
 0.4210000E+00  0.2001755E+01 -0.5529587E+00  0.3479031E+00  0.1796699E+01
 0.4220000E+00  0.2001638E+01 -0.5520741E+00  0.3473453E+00  0.1796910E+01
 0.4230000E+00  0.2001523E+01 -0.5511902E+00  0.3467876E+00  0.1797121E+01
 0.4240000E+00  0.2001409E+01 -0.5503072E+00  0.3462301E+00  0.1797332E+01
 0.4250000E+00  0.2001297E+01 -0.5494251E+00  0.3456726E+00  0.1797545E+01
 0.4260000E+00  0.2001186E+01 -0.5485437E+00  0.3451152E+00  0.1797757E+01
 0.4270000E+00  0.2001076E+01 -0.5476633E+00  0.3445580E+00  0.1797971E+01
 0.4280000E+00  0.2000968E+01 -0.5467837E+00  0.3440009E+00  0.1798185E+01
 0.4290000E+00  0.2000861E+01 -0.5459050E+00  0.3434439E+00  0.1798400E+01
 0.4300000E+00  0.2000756E+01 -0.5450272E+00  0.3428870E+00  0.1798616E+01
 0.4310000E+00  0.2000652E+01 -0.5441503E+00  0.3423303E+00  0.1798832E+01
 0.4320000E+00  0.2000549E+01 -0.5432744E+00  0.3417738E+00  0.1799048E+01
 0.4330000E+00  0.2000448E+01 -0.5423994E+00  0.3412174E+00  0.1799266E+01
 0.4340000E+00  0.2000348E+01 -0.5415253E+00  0.3406611E+00  0.1799484E+01
 0.4350000E+00  0.2000250E+01 -0.5406523E+00  0.3401050E+00  0.1799703E+01
 0.4360000E+00  0.2000153E+01 -0.5397802E+00  0.3395491E+00  0.1799922E+01
 0.4370000E+00  0.2000057E+01 -0.5389091E+00  0.3389934E+00  0.1800142E+01
 0.4380000E+00  0.1999964E+01 -0.5380390E+00  0.3384378E+00  0.1800362E+01
 0.4390000E+00  0.1999871E+01 -0.5371700E+00  0.3378825E+00  0.1800584E+01
 0.4400000E+00  0.1999780E+01 -0.5363020E+00  0.3373273E+00  0.1800805E+01
 0.4410000E+00  0.1999691E+01 -0.5354350E+00  0.3367723E+00  0.1801028E+01
 0.4420000E+00  0.1999603E+01 -0.5345691E+00  0.3362175E+00  0.1801251E+01
 0.4430000E+00  0.1999516E+01 -0.5337043E+00  0.3356630E+00  0.1801475E+01
 0.4440000E+00  0.1999431E+01 -0.5328406E+00  0.3351086E+00  0.1801699E+01
 0.4450000E+00  0.1999348E+01 -0.5319780E+00  0.3345545E+00  0.1801924E+01
 0.4460000E+00  0.1999266E+01 -0.5311165E+00  0.3340006E+00  0.1802150E+01
 0.4470000E+00  0.1999185E+01 -0.5302561E+00  0.3334469E+00  0.1802376E+01
 0.4480000E+00  0.1999106E+01 -0.5293968E+00  0.3328934E+00  0.1802603E+01
 0.4490000E+00  0.1999029E+01 -0.5285387E+00  0.3323402E+00  0.1802830E+01
 0.4500000E+00  0.1998953E+01 -0.5276818E+00  0.3317873E+00  0.1803058E+01
 0.4510000E+00  0.1998879E+01 -0.5268261E+00  0.3312345E+00  0.1803287E+01
 0.4520000E+00  0.1998806E+01 -0.5259715E+00  0.3306821E+00  0.1803517E+01
 0.4530000E+00  0.1998735E+01 -0.5251181E+00  0.3301299E+00  0.1803747E+01
 0.4540000E+00  0.1998665E+01 -0.5242660E+00  0.3295779E+00  0.1803977E+01
 0.4550000E+00  0.1998597E+01 -0.5234150E+00  0.3290263E+00  0.1804209E+01
 0.4560000E+00  0.1998531E+01 -0.5225653E+00  0.3284749E+00  0.1804441E+01
 0.4570000E+00  0.1998466E+01 -0.5217169E+00  0.3279237E+00  0.1804673E+01
 0.4580000E+00  0.1998403E+01 -0.5208697E+00  0.3273729E+00  0.1804906E+01
 0.4590000E+00  0.1998341E+01 -0.5200238E+00  0.3268224E+00  0.1805140E+01
 0.4600000E+00  0.1998281E+01 -0.5191792E+00  0.3262721E+00  0.1805374E+01
 0.4610000E+00  0.1998223E+01 -0.5183358E+00  0.3257221E+00  0.1805609E+01
 0.4620000E+00  0.1998166E+01 -0.5174938E+00  0.3251725E+00  0.1805845E+01
 0.4630000E+00  0.1998111E+01 -0.5166531E+00  0.3246231E+00  0.1806081E+01
 0.4640000E+00  0.1998058E+01 -0.5158137E+00  0.3240741E+00  0.1806318E+01
 0.4650000E+00  0.1998006E+01 -0.5149756E+00  0.3235254E+00  0.1806556E+01
 0.4660000E+00  0.1997956E+01 -0.5141390E+00  0.3229770E+00  0.1806794E+01
 0.4670000E+00  0.1997907E+01 -0.5133036E+00  0.3224289E+00  0.1807033E+01
 0.4680000E+00  0.1997861E+01 -0.5124697E+00  0.3218812E+00  0.1807272E+01
 0.4690000E+00  0.1997815E+01 -0.5116371E+00  0.3213338E+00  0.1807512E+01
 0.4700000E+00  0.1997772E+01 -0.5108059E+00  0.3207867E+00  0.1807753E+01
 0.4710000E+00  0.1997730E+01 -0.5099761E+00  0.3202400E+00  0.1807994E+01
 0.4720000E+00  0.1997690E+01 -0.5091478E+00  0.3196936E+00  0.1808236E+01
 0.4730000E+00  0.1997651E+01 -0.5083208E+00  0.3191476E+00  0.1808478E+01
 0.4740000E+00  0.1997615E+01 -0.5074953E+00  0.3186019E+00  0.1808721E+01
 0.4750000E+00  0.1997580E+01 -0.5066713E+00  0.3180566E+00  0.1808965E+01
 0.4760000E+00  0.1997546E+01 -0.5058487E+00  0.3175117E+00  0.1809209E+01
 0.4770000E+00  0.1997515E+01 -0.5050276E+00  0.3169671E+00  0.1809454E+01
 0.4780000E+00  0.1997485E+01 -0.5042080E+00  0.3164229E+00  0.1809700E+01
 0.4790000E+00  0.1997457E+01 -0.5033898E+00  0.3158791E+00  0.1809946E+01
 0.4800000E+00  0.1997430E+01 -0.5025732E+00  0.3153356E+00  0.1810193E+01
 0.4810000E+00  0.1997406E+01 -0.5017580E+00  0.3147926E+00  0.1810440E+01
 0.4820000E+00  0.1997383E+01 -0.5009444E+00  0.3142499E+00  0.1810688E+01
 0.4830000E+00  0.1997361E+01 -0.5001323E+00  0.3137077E+00  0.1810937E+01
 0.4840000E+00  0.1997342E+01 -0.4993218E+00  0.3131658E+00  0.1811186E+01
 0.4850000E+00  0.1997324E+01 -0.4985128E+00  0.3126243E+00  0.1811436E+01
 0.4860000E+00  0.1997308E+01 -0.4977053E+00  0.3120833E+00  0.1811686E+01
 0.4870000E+00  0.1997294E+01 -0.4968995E+00  0.3115426E+00  0.1811937E+01
 0.4880000E+00  0.1997282E+01 -0.4960952E+00  0.3110024E+00  0.1812189E+01
 0.4890000E+00  0.1997271E+01 -0.4952925E+00  0.3104626E+00  0.1812441E+01
 0.4900000E+00  0.1997262E+01 -0.4944914E+00  0.3099232E+00  0.1812694E+01
 0.4910000E+00  0.1997255E+01 -0.4936919E+00  0.3093842E+00  0.1812948E+01
 0.4920000E+00  0.1997250E+01 -0.4928940E+00  0.3088457E+00  0.1813202E+01
 0.4930000E+00  0.1997247E+01 -0.4920977E+00  0.3083076E+00  0.1813457E+01
 0.4940000E+00  0.1997245E+01 -0.4913031E+00  0.3077699E+00  0.1813712E+01
 0.4950000E+00  0.1997245E+01 -0.4905101E+00  0.3072327E+00  0.1813968E+01
 0.4960000E+00  0.1997247E+01 -0.4897188E+00  0.3066959E+00  0.1814224E+01
 0.4970000E+00  0.1997251E+01 -0.4889292E+00  0.3061595E+00  0.1814482E+01
 0.4980000E+00  0.1997257E+01 -0.4881412E+00  0.3056237E+00  0.1814739E+01
 0.4990000E+00  0.1997264E+01 -0.4873549E+00  0.3050882E+00  0.1814998E+01
 0.5000000E+00  0.1997274E+01 -0.4865703E+00  0.3045533E+00  0.1815257E+01
 0.5010000E+00  0.1997285E+01 -0.4857874E+00  0.3040188E+00  0.1815516E+01
 0.5020000E+00  0.1997298E+01 -0.4850061E+00  0.3034847E+00  0.1815776E+01
 0.5030000E+00  0.1997313E+01 -0.4842266E+00  0.3029511E+00  0.1816037E+01
 0.5040000E+00  0.1997330E+01 -0.4834489E+00  0.3024180E+00  0.1816299E+01
 0.5050000E+00  0.1997348E+01 -0.4826728E+00  0.3018854E+00  0.1816561E+01
 0.5060000E+00  0.1997369E+01 -0.4818985E+00  0.3013533E+00  0.1816823E+01
 0.5070000E+00  0.1997391E+01 -0.4811260E+00  0.3008216E+00  0.1817087E+01
 0.5080000E+00  0.1997415E+01 -0.4803552E+00  0.3002905E+00  0.1817350E+01
 0.5090000E+00  0.1997441E+01 -0.4795862E+00  0.2997598E+00  0.1817615E+01
 0.5100000E+00  0.1997469E+01 -0.4788189E+00  0.2992296E+00  0.1817880E+01
 0.5110000E+00  0.1997499E+01 -0.4780534E+00  0.2986999E+00  0.1818145E+01
 0.5120000E+00  0.1997531E+01 -0.4772898E+00  0.2981707E+00  0.1818412E+01
 0.5130000E+00  0.1997564E+01 -0.4765279E+00  0.2976420E+00  0.1818679E+01
 0.5140000E+00  0.1997600E+01 -0.4757678E+00  0.2971138E+00  0.1818946E+01
 0.5150000E+00  0.1997637E+01 -0.4750095E+00  0.2965862E+00  0.1819214E+01
 0.5160000E+00  0.1997677E+01 -0.4742531E+00  0.2960590E+00  0.1819483E+01
 0.5170000E+00  0.1997718E+01 -0.4734985E+00  0.2955324E+00  0.1819752E+01
 0.5180000E+00  0.1997761E+01 -0.4727457E+00  0.2950062E+00  0.1820022E+01
 0.5190000E+00  0.1997806E+01 -0.4719947E+00  0.2944806E+00  0.1820292E+01
 0.5200000E+00  0.1997853E+01 -0.4712456E+00  0.2939556E+00  0.1820563E+01
 0.5210000E+00  0.1997902E+01 -0.4704984E+00  0.2934310E+00  0.1820835E+01
 0.5220000E+00  0.1997953E+01 -0.4697530E+00  0.2929070E+00  0.1821107E+01
 0.5230000E+00  0.1998006E+01 -0.4690096E+00  0.2923835E+00  0.1821380E+01
 0.5240000E+00  0.1998061E+01 -0.4682679E+00  0.2918606E+00  0.1821653E+01
 0.5250000E+00  0.1998117E+01 -0.4675282E+00  0.2913382E+00  0.1821927E+01
 0.5260000E+00  0.1998176E+01 -0.4667904E+00  0.2908163E+00  0.1822202E+01
 0.5270000E+00  0.1998237E+01 -0.4660544E+00  0.2902950E+00  0.1822477E+01
 0.5280000E+00  0.1998299E+01 -0.4653204E+00  0.2897742E+00  0.1822753E+01
 0.5290000E+00  0.1998364E+01 -0.4645883E+00  0.2892540E+00  0.1823030E+01
 0.5300000E+00  0.1998430E+01 -0.4638581E+00  0.2887343E+00  0.1823307E+01
 0.5310000E+00  0.1998499E+01 -0.4631298E+00  0.2882152E+00  0.1823584E+01
 0.5320000E+00  0.1998569E+01 -0.4624035E+00  0.2876967E+00  0.1823862E+01
 0.5330000E+00  0.1998642E+01 -0.4616791E+00  0.2871787E+00  0.1824141E+01
 0.5340000E+00  0.1998716E+01 -0.4609567E+00  0.2866612E+00  0.1824421E+01
 0.5350000E+00  0.1998793E+01 -0.4602362E+00  0.2861444E+00  0.1824701E+01
 0.5360000E+00  0.1998871E+01 -0.4595177E+00  0.2856281E+00  0.1824981E+01
 0.5370000E+00  0.1998951E+01 -0.4588011E+00  0.2851124E+00  0.1825263E+01
 0.5380000E+00  0.1999034E+01 -0.4580865E+00  0.2845972E+00  0.1825544E+01
 0.5390000E+00  0.1999118E+01 -0.4573739E+00  0.2840827E+00  0.1825827E+01
 0.5400000E+00  0.1999204E+01 -0.4566632E+00  0.2835687E+00  0.1826110E+01
 0.5410000E+00  0.1999293E+01 -0.4559546E+00  0.2830553E+00  0.1826393E+01
 0.5420000E+00  0.1999383E+01 -0.4552480E+00  0.2825425E+00  0.1826678E+01
 0.5430000E+00  0.1999475E+01 -0.4545433E+00  0.2820303E+00  0.1826962E+01
 0.5440000E+00  0.1999570E+01 -0.4538407E+00  0.2815186E+00  0.1827248E+01
 0.5450000E+00  0.1999666E+01 -0.4531400E+00  0.2810076E+00  0.1827534E+01
 0.5460000E+00  0.1999765E+01 -0.4524414E+00  0.2804971E+00  0.1827820E+01
 0.5470000E+00  0.1999865E+01 -0.4517449E+00  0.2799873E+00  0.1828107E+01
 0.5480000E+00  0.1999968E+01 -0.4510503E+00  0.2794780E+00  0.1828395E+01
 0.5490000E+00  0.2000072E+01 -0.4503578E+00  0.2789694E+00  0.1828684E+01
 0.5500000E+00  0.2000179E+01 -0.4496673E+00  0.2784613E+00  0.1828973E+01
 0.5510000E+00  0.2000287E+01 -0.4489789E+00  0.2779539E+00  0.1829262E+01
 0.5520000E+00  0.2000398E+01 -0.4482925E+00  0.2774471E+00  0.1829552E+01
 0.5530000E+00  0.2000510E+01 -0.4476082E+00  0.2769409E+00  0.1829843E+01
 0.5540000E+00  0.2000625E+01 -0.4469259E+00  0.2764352E+00  0.1830134E+01
 0.5550000E+00  0.2000742E+01 -0.4462457E+00  0.2759303E+00  0.1830426E+01
 0.5560000E+00  0.2000861E+01 -0.4455676E+00  0.2754259E+00  0.1830719E+01
 0.5570000E+00  0.2000981E+01 -0.4448915E+00  0.2749221E+00  0.1831012E+01
 0.5580000E+00  0.2001104E+01 -0.4442175E+00  0.2744190E+00  0.1831306E+01
 0.5590000E+00  0.2001229E+01 -0.4435456E+00  0.2739165E+00  0.1831600E+01
 0.5600000E+00  0.2001356E+01 -0.4428758E+00  0.2734146E+00  0.1831895E+01
 0.5610000E+00  0.2001485E+01 -0.4422081E+00  0.2729134E+00  0.1832190E+01
 0.5620000E+00  0.2001616E+01 -0.4415425E+00  0.2724127E+00  0.1832487E+01
 0.5630000E+00  0.2001749E+01 -0.4408790E+00  0.2719127E+00  0.1832783E+01
 0.5640000E+00  0.2001885E+01 -0.4402176E+00  0.2714134E+00  0.1833081E+01
 0.5650000E+00  0.2002022E+01 -0.4395583E+00  0.2709147E+00  0.1833378E+01
 0.5660000E+00  0.2002161E+01 -0.4389011E+00  0.2704166E+00  0.1833677E+01
 0.5670000E+00  0.2002303E+01 -0.4382461E+00  0.2699191E+00  0.1833976E+01
 0.5680000E+00  0.2002446E+01 -0.4375931E+00  0.2694223E+00  0.1834276E+01
 0.5690000E+00  0.2002592E+01 -0.4369423E+00  0.2689262E+00  0.1834576E+01
 0.5700000E+00  0.2002740E+01 -0.4362936E+00  0.2684307E+00  0.1834877E+01
 0.5710000E+00  0.2002890E+01 -0.4356471E+00  0.2679358E+00  0.1835178E+01
 0.5720000E+00  0.2003041E+01 -0.4350027E+00  0.2674416E+00  0.1835480E+01
 0.5730000E+00  0.2003195E+01 -0.4343604E+00  0.2669480E+00  0.1835783E+01
 0.5740000E+00  0.2003351E+01 -0.4337203E+00  0.2664551E+00  0.1836086E+01
 0.5750000E+00  0.2003510E+01 -0.4330823E+00  0.2659628E+00  0.1836390E+01
 0.5760000E+00  0.2003670E+01 -0.4324465E+00  0.2654712E+00  0.1836695E+01
 0.5770000E+00  0.2003832E+01 -0.4318129E+00  0.2649803E+00  0.1837000E+01
 0.5780000E+00  0.2003997E+01 -0.4311814E+00  0.2644900E+00  0.1837305E+01
 0.5790000E+00  0.2004163E+01 -0.4305520E+00  0.2640004E+00  0.1837612E+01
 0.5800000E+00  0.2004332E+01 -0.4299249E+00  0.2635114E+00  0.1837918E+01
 0.5810000E+00  0.2004503E+01 -0.4292999E+00  0.2630231E+00  0.1838226E+01
 0.5820000E+00  0.2004675E+01 -0.4286771E+00  0.2625355E+00  0.1838534E+01
 0.5830000E+00  0.2004850E+01 -0.4280564E+00  0.2620485E+00  0.1838842E+01
 0.5840000E+00  0.2005027E+01 -0.4274379E+00  0.2615622E+00  0.1839152E+01
 0.5850000E+00  0.2005207E+01 -0.4268216E+00  0.2610766E+00  0.1839462E+01
 0.5860000E+00  0.2005388E+01 -0.4262075E+00  0.2605916E+00  0.1839772E+01
 0.5870000E+00  0.2005571E+01 -0.4255956E+00  0.2601073E+00  0.1840083E+01
 0.5880000E+00  0.2005757E+01 -0.4249859E+00  0.2596237E+00  0.1840395E+01
 0.5890000E+00  0.2005944E+01 -0.4243783E+00  0.2591408E+00  0.1840707E+01
 0.5900000E+00  0.2006134E+01 -0.4237730E+00  0.2586585E+00  0.1841020E+01
 0.5910000E+00  0.2006326E+01 -0.4231698E+00  0.2581770E+00  0.1841333E+01
 0.5920000E+00  0.2006520E+01 -0.4225689E+00  0.2576961E+00  0.1841647E+01
 0.5930000E+00  0.2006716E+01 -0.4219701E+00  0.2572159E+00  0.1841962E+01
 0.5940000E+00  0.2006914E+01 -0.4213736E+00  0.2567363E+00  0.1842277E+01
 0.5950000E+00  0.2007115E+01 -0.4207792E+00  0.2562575E+00  0.1842593E+01
 0.5960000E+00  0.2007317E+01 -0.4201871E+00  0.2557793E+00  0.1842909E+01
 0.5970000E+00  0.2007522E+01 -0.4195972E+00  0.2553019E+00  0.1843226E+01
 0.5980000E+00  0.2007728E+01 -0.4190095E+00  0.2548251E+00  0.1843544E+01
 0.5990000E+00  0.2007937E+01 -0.4184239E+00  0.2543490E+00  0.1843862E+01
 0.6000000E+00  0.2008148E+01 -0.4178407E+00  0.2538736E+00  0.1844181E+01
 0.6010000E+00  0.2008361E+01 -0.4172596E+00  0.2533989E+00  0.1844501E+01
 0.6020000E+00  0.2008577E+01 -0.4166807E+00  0.2529249E+00  0.1844821E+01
 0.6030000E+00  0.2008794E+01 -0.4161041E+00  0.2524516E+00  0.1845141E+01
 0.6040000E+00  0.2009013E+01 -0.4155297E+00  0.2519790E+00  0.1845463E+01
 0.6050000E+00  0.2009235E+01 -0.4149575E+00  0.2515070E+00  0.1845785E+01
 0.6060000E+00  0.2009459E+01 -0.4143875E+00  0.2510358E+00  0.1846107E+01
 0.6070000E+00  0.2009685E+01 -0.4138198E+00  0.2505653E+00  0.1846430E+01
 0.6080000E+00  0.2009913E+01 -0.4132543E+00  0.2500955E+00  0.1846754E+01
 0.6090000E+00  0.2010143E+01 -0.4126910E+00  0.2496263E+00  0.1847078E+01
 0.6100000E+00  0.2010375E+01 -0.4121299E+00  0.2491579E+00  0.1847403E+01
 0.6110000E+00  0.2010610E+01 -0.4115711E+00  0.2486902E+00  0.1847729E+01
 0.6120000E+00  0.2010846E+01 -0.4110145E+00  0.2482232E+00  0.1848055E+01
 0.6130000E+00  0.2011085E+01 -0.4104601E+00  0.2477569E+00  0.1848382E+01
 0.6140000E+00  0.2011326E+01 -0.4099080E+00  0.2472913E+00  0.1848709E+01
 0.6150000E+00  0.2011569E+01 -0.4093581E+00  0.2468264E+00  0.1849037E+01
 0.6160000E+00  0.2011814E+01 -0.4088104E+00  0.2463622E+00  0.1849365E+01
 0.6170000E+00  0.2012061E+01 -0.4082650E+00  0.2458988E+00  0.1849695E+01
 0.6180000E+00  0.2012310E+01 -0.4077218E+00  0.2454360E+00  0.1850025E+01
 0.6190000E+00  0.2012562E+01 -0.4071808E+00  0.2449740E+00  0.1850355E+01
 0.6200000E+00  0.2012815E+01 -0.4066421E+00  0.2445126E+00  0.1850686E+01
 0.6210000E+00  0.2013071E+01 -0.4061056E+00  0.2440520E+00  0.1851018E+01
 0.6220000E+00  0.2013329E+01 -0.4055713E+00  0.2435921E+00  0.1851350E+01
 0.6230000E+00  0.2013589E+01 -0.4050393E+00  0.2431329E+00  0.1851683E+01
 0.6240000E+00  0.2013852E+01 -0.4045095E+00  0.2426744E+00  0.1852016E+01
 0.6250000E+00  0.2014116E+01 -0.4039819E+00  0.2422167E+00  0.1852351E+01
 0.6260000E+00  0.2014382E+01 -0.4034566E+00  0.2417596E+00  0.1852685E+01
 0.6270000E+00  0.2014651E+01 -0.4029335E+00  0.2413033E+00  0.1853021E+01
 0.6280000E+00  0.2014922E+01 -0.4024127E+00  0.2408477E+00  0.1853357E+01
 0.6290000E+00  0.2015195E+01 -0.4018941E+00  0.2403929E+00  0.1853693E+01
 0.6300000E+00  0.2015470E+01 -0.4013777E+00  0.2399387E+00  0.1854031E+01
 0.6310000E+00  0.2015747E+01 -0.4008636E+00  0.2394853E+00  0.1854369E+01
 0.6320000E+00  0.2016026E+01 -0.4003516E+00  0.2390326E+00  0.1854707E+01
 0.6330000E+00  0.2016308E+01 -0.3998420E+00  0.2385806E+00  0.1855046E+01
 0.6340000E+00  0.2016591E+01 -0.3993345E+00  0.2381293E+00  0.1855386E+01
 0.6350000E+00  0.2016877E+01 -0.3988293E+00  0.2376788E+00  0.1855726E+01
 0.6360000E+00  0.2017165E+01 -0.3983263E+00  0.2372290E+00  0.1856067E+01
 0.6370000E+00  0.2017455E+01 -0.3978256E+00  0.2367799E+00  0.1856409E+01
 0.6380000E+00  0.2017747E+01 -0.3973270E+00  0.2363315E+00  0.1856751E+01
 0.6390000E+00  0.2018041E+01 -0.3968307E+00  0.2358839E+00  0.1857094E+01
 0.6400000E+00  0.2018337E+01 -0.3963366E+00  0.2354370E+00  0.1857438E+01
 0.6410000E+00  0.2018636E+01 -0.3958448E+00  0.2349908E+00  0.1857782E+01
 0.6420000E+00  0.2018936E+01 -0.3953552E+00  0.2345454E+00  0.1858127E+01
 0.6430000E+00  0.2019239E+01 -0.3948678E+00  0.2341006E+00  0.1858472E+01
 0.6440000E+00  0.2019544E+01 -0.3943826E+00  0.2336567E+00  0.1858818E+01
 0.6450000E+00  0.2019851E+01 -0.3938996E+00  0.2332134E+00  0.1859165E+01
 0.6460000E+00  0.2020160E+01 -0.3934189E+00  0.2327709E+00  0.1859512E+01
 0.6470000E+00  0.2020471E+01 -0.3929404E+00  0.2323291E+00  0.1859860E+01
 0.6480000E+00  0.2020785E+01 -0.3924641E+00  0.2318880E+00  0.1860209E+01
 0.6490000E+00  0.2021100E+01 -0.3919900E+00  0.2314477E+00  0.1860558E+01
 0.6500000E+00  0.2021418E+01 -0.3915181E+00  0.2310081E+00  0.1860908E+01
 0.6510000E+00  0.2021738E+01 -0.3910484E+00  0.2305693E+00  0.1861259E+01
 0.6520000E+00  0.2022060E+01 -0.3905809E+00  0.2301312E+00  0.1861610E+01
 0.6530000E+00  0.2022384E+01 -0.3901157E+00  0.2296938E+00  0.1861962E+01
 0.6540000E+00  0.2022710E+01 -0.3896526E+00  0.2292571E+00  0.1862314E+01
 0.6550000E+00  0.2023038E+01 -0.3891918E+00  0.2288212E+00  0.1862667E+01
 0.6560000E+00  0.2023368E+01 -0.3887331E+00  0.2283860E+00  0.1863021E+01
 0.6570000E+00  0.2023701E+01 -0.3882767E+00  0.2279516E+00  0.1863375E+01
 0.6580000E+00  0.2024035E+01 -0.3878224E+00  0.2275179E+00  0.1863731E+01
 0.6590000E+00  0.2024372E+01 -0.3873703E+00  0.2270849E+00  0.1864086E+01
 0.6600000E+00  0.2024710E+01 -0.3869204E+00  0.2266527E+00  0.1864443E+01
 0.6610000E+00  0.2025051E+01 -0.3864727E+00  0.2262212E+00  0.1864800E+01
 0.6620000E+00  0.2025394E+01 -0.3860272E+00  0.2257905E+00  0.1865157E+01
 0.6630000E+00  0.2025739E+01 -0.3855839E+00  0.2253604E+00  0.1865516E+01
 0.6640000E+00  0.2026086E+01 -0.3851428E+00  0.2249312E+00  0.1865875E+01
 0.6650000E+00  0.2026436E+01 -0.3847038E+00  0.2245026E+00  0.1866235E+01
 0.6660000E+00  0.2026787E+01 -0.3842670E+00  0.2240749E+00  0.1866595E+01
 0.6670000E+00  0.2027140E+01 -0.3838323E+00  0.2236478E+00  0.1866956E+01
 0.6680000E+00  0.2027496E+01 -0.3833999E+00  0.2232215E+00  0.1867318E+01
 0.6690000E+00  0.2027854E+01 -0.3829696E+00  0.2227959E+00  0.1867680E+01
 0.6700000E+00  0.2028213E+01 -0.3825414E+00  0.2223711E+00  0.1868043E+01
 0.6710000E+00  0.2028575E+01 -0.3821154E+00  0.2219470E+00  0.1868407E+01
 0.6720000E+00  0.2028939E+01 -0.3816916E+00  0.2215237E+00  0.1868771E+01
 0.6730000E+00  0.2029305E+01 -0.3812699E+00  0.2211010E+00  0.1869136E+01
 0.6740000E+00  0.2029673E+01 -0.3808504E+00  0.2206792E+00  0.1869502E+01
 0.6750000E+00  0.2030043E+01 -0.3804330E+00  0.2202581E+00  0.1869868E+01
 0.6760000E+00  0.2030415E+01 -0.3800177E+00  0.2198377E+00  0.1870235E+01
 0.6770000E+00  0.2030789E+01 -0.3796046E+00  0.2194180E+00  0.1870603E+01
 0.6780000E+00  0.2031166E+01 -0.3791936E+00  0.2189992E+00  0.1870971E+01
 0.6790000E+00  0.2031544E+01 -0.3787848E+00  0.2185810E+00  0.1871340E+01
 0.6800000E+00  0.2031924E+01 -0.3783780E+00  0.2181636E+00  0.1871710E+01
 0.6810000E+00  0.2032307E+01 -0.3779734E+00  0.2177469E+00  0.1872080E+01
 0.6820000E+00  0.2032691E+01 -0.3775709E+00  0.2173310E+00  0.1872452E+01
 0.6830000E+00  0.2033078E+01 -0.3771705E+00  0.2169158E+00  0.1872823E+01
 0.6840000E+00  0.2033467E+01 -0.3767722E+00  0.2165014E+00  0.1873196E+01
 0.6850000E+00  0.2033857E+01 -0.3763760E+00  0.2160877E+00  0.1873569E+01
 0.6860000E+00  0.2034250E+01 -0.3759820E+00  0.2156747E+00  0.1873943E+01
 0.6870000E+00  0.2034645E+01 -0.3755900E+00  0.2152625E+00  0.1874318E+01
 0.6880000E+00  0.2035042E+01 -0.3752001E+00  0.2148511E+00  0.1874693E+01
 0.6890000E+00  0.2035441E+01 -0.3748123E+00  0.2144404E+00  0.1875069E+01
 0.6900000E+00  0.2035842E+01 -0.3744265E+00  0.2140304E+00  0.1875445E+01
 0.6910000E+00  0.2036245E+01 -0.3740429E+00  0.2136212E+00  0.1875823E+01
 0.6920000E+00  0.2036649E+01 -0.3736613E+00  0.2132127E+00  0.1876201E+01
 0.6930000E+00  0.2037056E+01 -0.3732817E+00  0.2128049E+00  0.1876580E+01
 0.6940000E+00  0.2037465E+01 -0.3729043E+00  0.2123979E+00  0.1876959E+01
 0.6950000E+00  0.2037877E+01 -0.3725289E+00  0.2119917E+00  0.1877339E+01
 0.6960000E+00  0.2038290E+01 -0.3721555E+00  0.2115862E+00  0.1877720E+01
 0.6970000E+00  0.2038705E+01 -0.3717842E+00  0.2111814E+00  0.1878102E+01
 0.6980000E+00  0.2039122E+01 -0.3714149E+00  0.2107774E+00  0.1878484E+01
 0.6990000E+00  0.2039541E+01 -0.3710477E+00  0.2103741E+00  0.1878867E+01
 0.7000000E+00  0.2039962E+01 -0.3706824E+00  0.2099716E+00  0.1879251E+01
 0.7010000E+00  0.2040385E+01 -0.3703193E+00  0.2095698E+00  0.1879635E+01
 0.7020000E+00  0.2040810E+01 -0.3699581E+00  0.2091687E+00  0.1880021E+01
 0.7030000E+00  0.2041237E+01 -0.3695989E+00  0.2087684E+00  0.1880407E+01
 0.7040000E+00  0.2041666E+01 -0.3692418E+00  0.2083688E+00  0.1880793E+01
 0.7050000E+00  0.2042097E+01 -0.3688866E+00  0.2079700E+00  0.1881181E+01
 0.7060000E+00  0.2042530E+01 -0.3685335E+00  0.2075719E+00  0.1881569E+01
 0.7070000E+00  0.2042965E+01 -0.3681823E+00  0.2071746E+00  0.1881957E+01
 0.7080000E+00  0.2043402E+01 -0.3678331E+00  0.2067780E+00  0.1882347E+01
 0.7090000E+00  0.2043841E+01 -0.3674859E+00  0.2063822E+00  0.1882737E+01
 0.7100000E+00  0.2044282E+01 -0.3671406E+00  0.2059871E+00  0.1883128E+01
 0.7110000E+00  0.2044725E+01 -0.3667974E+00  0.2055927E+00  0.1883520E+01
 0.7120000E+00  0.2045170E+01 -0.3664560E+00  0.2051991E+00  0.1883913E+01
 0.7130000E+00  0.2045616E+01 -0.3661167E+00  0.2048062E+00  0.1884306E+01
 0.7140000E+00  0.2046065E+01 -0.3657793E+00  0.2044141E+00  0.1884700E+01
 0.7150000E+00  0.2046516E+01 -0.3654438E+00  0.2040227E+00  0.1885095E+01
 0.7160000E+00  0.2046968E+01 -0.3651102E+00  0.2036320E+00  0.1885490E+01
 0.7170000E+00  0.2047423E+01 -0.3647786E+00  0.2032421E+00  0.1885886E+01
 0.7180000E+00  0.2047879E+01 -0.3644489E+00  0.2028529E+00  0.1886284E+01
 0.7190000E+00  0.2048338E+01 -0.3641211E+00  0.2024645E+00  0.1886681E+01
 0.7200000E+00  0.2048798E+01 -0.3637952E+00  0.2020768E+00  0.1887080E+01
 0.7210000E+00  0.2049260E+01 -0.3634712E+00  0.2016899E+00  0.1887479E+01
 0.7220000E+00  0.2049725E+01 -0.3631491E+00  0.2013037E+00  0.1887879E+01
 0.7230000E+00  0.2050191E+01 -0.3628289E+00  0.2009182E+00  0.1888280E+01
 0.7240000E+00  0.2050659E+01 -0.3625106E+00  0.2005335E+00  0.1888682E+01
 0.7250000E+00  0.2051129E+01 -0.3621941E+00  0.2001495E+00  0.1889084E+01
 0.7260000E+00  0.2051600E+01 -0.3618795E+00  0.1997662E+00  0.1889487E+01
 0.7270000E+00  0.2052074E+01 -0.3615667E+00  0.1993837E+00  0.1889891E+01
 0.7280000E+00  0.2052550E+01 -0.3612558E+00  0.1990020E+00  0.1890296E+01
 0.7290000E+00  0.2053027E+01 -0.3609468E+00  0.1986209E+00  0.1890701E+01
 0.7300000E+00  0.2053507E+01 -0.3606396E+00  0.1982406E+00  0.1891108E+01
 0.7310000E+00  0.2053988E+01 -0.3603341E+00  0.1978611E+00  0.1891515E+01
 0.7320000E+00  0.2054471E+01 -0.3600306E+00  0.1974823E+00  0.1891923E+01
 0.7330000E+00  0.2054956E+01 -0.3597288E+00  0.1971042E+00  0.1892331E+01
 0.7340000E+00  0.2055443E+01 -0.3594288E+00  0.1967268E+00  0.1892741E+01
 0.7350000E+00  0.2055931E+01 -0.3591306E+00  0.1963502E+00  0.1893151E+01
 0.7360000E+00  0.2056422E+01 -0.3588342E+00  0.1959744E+00  0.1893562E+01
 0.7370000E+00  0.2056914E+01 -0.3585396E+00  0.1955992E+00  0.1893974E+01
 0.7380000E+00  0.2057408E+01 -0.3582468E+00  0.1952248E+00  0.1894387E+01
 0.7390000E+00  0.2057905E+01 -0.3579557E+00  0.1948512E+00  0.1894800E+01
 0.7400000E+00  0.2058402E+01 -0.3576663E+00  0.1944782E+00  0.1895214E+01
 0.7410000E+00  0.2058902E+01 -0.3573788E+00  0.1941061E+00  0.1895629E+01
 0.7420000E+00  0.2059404E+01 -0.3570929E+00  0.1937346E+00  0.1896045E+01
 0.7430000E+00  0.2059907E+01 -0.3568088E+00  0.1933639E+00  0.1896462E+01
 0.7440000E+00  0.2060412E+01 -0.3565264E+00  0.1929939E+00  0.1896880E+01
 0.7450000E+00  0.2060919E+01 -0.3562457E+00  0.1926246E+00  0.1897298E+01
 0.7460000E+00  0.2061428E+01 -0.3559667E+00  0.1922561E+00  0.1897718E+01
 0.7470000E+00  0.2061939E+01 -0.3556894E+00  0.1918883E+00  0.1898138E+01
 0.7480000E+00  0.2062451E+01 -0.3554138E+00  0.1915212E+00  0.1898559E+01
 0.7490000E+00  0.2062965E+01 -0.3551398E+00  0.1911549E+00  0.1898980E+01
 0.7500000E+00  0.2063481E+01 -0.3548676E+00  0.1907893E+00  0.1899403E+01
 0.7510000E+00  0.2063999E+01 -0.3545969E+00  0.1904244E+00  0.1899826E+01
 0.7520000E+00  0.2064519E+01 -0.3543280E+00  0.1900603E+00  0.1900251E+01
 0.7530000E+00  0.2065040E+01 -0.3540607E+00  0.1896969E+00  0.1900676E+01
 0.7540000E+00  0.2065563E+01 -0.3537950E+00  0.1893342E+00  0.1901102E+01
 0.7550000E+00  0.2066088E+01 -0.3535309E+00  0.1889723E+00  0.1901529E+01
 0.7560000E+00  0.2066614E+01 -0.3532684E+00  0.1886111E+00  0.1901957E+01
 0.7570000E+00  0.2067143E+01 -0.3530076E+00  0.1882506E+00  0.1902386E+01
 0.7580000E+00  0.2067673E+01 -0.3527483E+00  0.1878908E+00  0.1902815E+01
 0.7590000E+00  0.2068204E+01 -0.3524906E+00  0.1875318E+00  0.1903246E+01
 0.7600000E+00  0.2068738E+01 -0.3522345E+00  0.1871735E+00  0.1903677E+01
 0.7610000E+00  0.2069273E+01 -0.3519799E+00  0.1868159E+00  0.1904109E+01
 0.7620000E+00  0.2069810E+01 -0.3517269E+00  0.1864590E+00  0.1904542E+01
 0.7630000E+00  0.2070349E+01 -0.3514755E+00  0.1861029E+00  0.1904976E+01
 0.7640000E+00  0.2070889E+01 -0.3512256E+00  0.1857475E+00  0.1905411E+01
 0.7650000E+00  0.2071431E+01 -0.3509772E+00  0.1853928E+00  0.1905847E+01
 0.7660000E+00  0.2071975E+01 -0.3507303E+00  0.1850388E+00  0.1906284E+01
 0.7670000E+00  0.2072521E+01 -0.3504849E+00  0.1846856E+00  0.1906721E+01
 0.7680000E+00  0.2073068E+01 -0.3502410E+00  0.1843331E+00  0.1907160E+01
 0.7690000E+00  0.2073617E+01 -0.3499986E+00  0.1839813E+00  0.1907599E+01
 0.7700000E+00  0.2074167E+01 -0.3497577E+00  0.1836302E+00  0.1908040E+01
 0.7710000E+00  0.2074719E+01 -0.3495182E+00  0.1832799E+00  0.1908481E+01
 0.7720000E+00  0.2075273E+01 -0.3492802E+00  0.1829303E+00  0.1908923E+01
 0.7730000E+00  0.2075829E+01 -0.3490436E+00  0.1825813E+00  0.1909367E+01
 0.7740000E+00  0.2076386E+01 -0.3488085E+00  0.1822332E+00  0.1909811E+01
 0.7750000E+00  0.2076945E+01 -0.3485748E+00  0.1818857E+00  0.1910256E+01
 0.7760000E+00  0.2077505E+01 -0.3483424E+00  0.1815389E+00  0.1910702E+01
 0.7770000E+00  0.2078068E+01 -0.3481115E+00  0.1811929E+00  0.1911149E+01
 0.7780000E+00  0.2078631E+01 -0.3478820E+00  0.1808476E+00  0.1911597E+01
 0.7790000E+00  0.2079197E+01 -0.3476538E+00  0.1805030E+00  0.1912046E+01
 0.7800000E+00  0.2079764E+01 -0.3474271E+00  0.1801591E+00  0.1912496E+01
 0.7810000E+00  0.2080332E+01 -0.3472016E+00  0.1798160E+00  0.1912947E+01
 0.7820000E+00  0.2080903E+01 -0.3469775E+00  0.1794735E+00  0.1913399E+01
 0.7830000E+00  0.2081475E+01 -0.3467548E+00  0.1791318E+00  0.1913852E+01
 0.7840000E+00  0.2082048E+01 -0.3465333E+00  0.1787908E+00  0.1914305E+01
 0.7850000E+00  0.2082623E+01 -0.3463132E+00  0.1784505E+00  0.1914760E+01
 0.7860000E+00  0.2083200E+01 -0.3460944E+00  0.1781109E+00  0.1915216E+01
 0.7870000E+00  0.2083778E+01 -0.3458769E+00  0.1777720E+00  0.1915673E+01
 0.7880000E+00  0.2084358E+01 -0.3456606E+00  0.1774338E+00  0.1916131E+01
 0.7890000E+00  0.2084939E+01 -0.3454456E+00  0.1770964E+00  0.1916590E+01
 0.7900000E+00  0.2085522E+01 -0.3452318E+00  0.1767596E+00  0.1917050E+01
 0.7910000E+00  0.2086106E+01 -0.3450193E+00  0.1764236E+00  0.1917511E+01
 0.7920000E+00  0.2086692E+01 -0.3448081E+00  0.1760883E+00  0.1917973E+01
 0.7930000E+00  0.2087280E+01 -0.3445980E+00  0.1757536E+00  0.1918436E+01
 0.7940000E+00  0.2087869E+01 -0.3443891E+00  0.1754197E+00  0.1918900E+01
 0.7950000E+00  0.2088460E+01 -0.3441815E+00  0.1750865E+00  0.1919365E+01
 0.7960000E+00  0.2089052E+01 -0.3439750E+00  0.1747540E+00  0.1919831E+01
 0.7970000E+00  0.2089646E+01 -0.3437697E+00  0.1744222E+00  0.1920298E+01
 0.7980000E+00  0.2090241E+01 -0.3435655E+00  0.1740912E+00  0.1920766E+01
 0.7990000E+00  0.2090837E+01 -0.3433625E+00  0.1737608E+00  0.1921236E+01
 0.8000000E+00  0.2091436E+01 -0.3431606E+00  0.1734311E+00  0.1921706E+01
