 0.10000E-02  0.10000E+01 -0.19304E-17
 0.20000E-02  0.10000E+01  0.90087E-17
 0.30000E-02  0.10000E+01 -0.24668E-17
 0.40000E-02  0.10000E+01 -0.83242E-17
 0.50000E-02  0.10000E+01 -0.59778E-17
 0.60000E-02  0.10000E+01 -0.10685E-17
 0.70000E-02  0.10000E+01  0.12907E-17
 0.80000E-02  0.10000E+01  0.97678E-17
 0.90000E-02  0.10000E+01 -0.16593E-17
 0.10000E-01  0.10000E+01 -0.10860E-16
 0.11000E-01  0.10000E+01  0.69264E-17
 0.12000E-01  0.10000E+01  0.81827E-17
 0.13000E-01  0.10000E+01 -0.17682E-17
 0.14000E-01  0.10000E+01 -0.12039E-16
 0.15000E-01  0.10000E+01 -0.79219E-17
 0.16000E-01  0.10000E+01  0.47910E-17
 0.17000E-01  0.10000E+01  0.93101E-19
 0.18000E-01  0.10000E+01 -0.12595E-16
 0.19000E-01  0.10000E+01 -0.14581E-17
 0.20000E-01  0.10000E+01  0.43682E-17
 0.21000E-01  0.10000E+01 -0.81388E-17
 0.22000E-01  0.10000E+01  0.33489E-17
 0.23000E-01  0.10000E+01 -0.53305E-17
 0.24000E-01  0.10000E+01  0.26107E-17
 0.25000E-01  0.10000E+01 -0.10149E-18
 0.26000E-01  0.10000E+01 -0.75602E-18
 0.27000E-01  0.10000E+01  0.18551E-16
 0.28000E-01  0.10000E+01  0.54533E-18
 0.29000E-01  0.10000E+01  0.76211E-17
 0.30000E-01  0.10000E+01 -0.11661E-17
 0.31000E-01  0.10000E+01 -0.42116E-17
 0.32000E-01  0.10000E+01  0.13028E-16
 0.33000E-01  0.10000E+01  0.84636E-17
 0.34000E-01  0.10000E+01 -0.94336E-17
 0.35000E-01  0.10000E+01 -0.91049E-17
 0.36000E-01  0.10000E+01  0.85844E-17
 0.37000E-01  0.10000E+01  0.97100E-18
 0.38000E-01  0.10000E+01 -0.10470E-17
 0.39000E-01  0.10000E+01 -0.33506E-17
 0.40000E-01  0.10000E+01  0.39958E-17
 0.41000E-01  0.10000E+01 -0.64380E-17
 0.42000E-01  0.10000E+01 -0.10036E-17
 0.43000E-01  0.10000E+01  0.11338E-17
 0.44000E-01  0.10000E+01  0.24905E-17
 0.45000E-01  0.10000E+01  0.30675E-17
 0.46000E-01  0.10000E+01  0.53713E-17
 0.47000E-01  0.10000E+01 -0.96996E-17
 0.48000E-01  0.10000E+01 -0.77430E-17
 0.49000E-01  0.10000E+01 -0.16693E-17
 0.50000E-01  0.10000E+01  0.39123E-17
 0.51000E-01  0.10000E+01  0.14233E-17
 0.52000E-01  0.10000E+01  0.68078E-17
 0.53000E-01  0.10000E+01  0.21890E-17
 0.54000E-01  0.10000E+01  0.50221E-17
 0.55000E-01  0.10000E+01  0.35188E-17
 0.56000E-01  0.10000E+01 -0.56003E-17
 0.57000E-01  0.10000E+01 -0.15075E-17
 0.58000E-01  0.10000E+01 -0.92324E-17
 0.59000E-01  0.10000E+01  0.66406E-18
 0.60000E-01  0.10000E+01 -0.39297E-17
 0.61000E-01  0.10000E+01 -0.91514E-17
 0.62000E-01  0.10000E+01 -0.87569E-19
 0.63000E-01  0.10000E+01 -0.17134E-17
 0.64000E-01  0.10000E+01 -0.36806E-17
 0.65000E-01  0.10000E+01 -0.89186E-17
 0.66000E-01  0.10000E+01  0.44880E-17
 0.67000E-01  0.10000E+01  0.55233E-17
 0.68000E-01  0.10000E+01  0.13403E-16
 0.69000E-01  0.10000E+01  0.28479E-17
 0.70000E-01  0.10000E+01  0.12961E-17
 0.71000E-01  0.10000E+01  0.64779E-17
 0.72000E-01  0.10000E+01  0.45433E-17
 0.73000E-01  0.10000E+01  0.16628E-17
 0.74000E-01  0.10000E+01 -0.51732E-17
 0.75000E-01  0.10000E+01 -0.31981E-17
 0.76000E-01  0.10000E+01  0.10226E-16
 0.77000E-01  0.10000E+01 -0.77793E-17
 0.78000E-01  0.10000E+01 -0.69856E-17
 0.79000E-01  0.10000E+01  0.34428E-17
 0.80000E-01  0.10000E+01  0.91667E-17
 0.81000E-01  0.10000E+01 -0.21817E-16
 0.82000E-01  0.10000E+01 -0.74817E-18
 0.83000E-01  0.10000E+01  0.11969E-16
 0.84000E-01  0.10000E+01 -0.13892E-17
 0.85000E-01  0.10000E+01  0.71826E-18
 0.86000E-01  0.10000E+01 -0.14299E-17
 0.87000E-01  0.10000E+01 -0.29020E-17
 0.88000E-01  0.10000E+01  0.18966E-17
 0.89000E-01  0.10000E+01  0.89669E-17
 0.90000E-01  0.10000E+01 -0.18126E-17
 0.91000E-01  0.10000E+01 -0.49166E-17
 0.92000E-01  0.10000E+01  0.62394E-18
 0.93000E-01  0.10000E+01 -0.51874E-17
 0.94000E-01  0.10000E+01  0.90835E-18
 0.95000E-01  0.10000E+01  0.10409E-16
 0.96000E-01  0.10000E+01 -0.18710E-17
 0.97000E-01  0.10000E+01 -0.29313E-17
 0.98000E-01  0.10000E+01  0.70571E-17
 0.99000E-01  0.10000E+01 -0.39926E-17
 0.10000E+00  0.10000E+01 -0.20941E-16
 0.10100E+00  0.10000E+01  0.78545E-17
 0.10200E+00  0.10000E+01  0.10134E-17
 0.10300E+00  0.10000E+01  0.44619E-18
 0.10400E+00  0.10000E+01  0.56244E-17
 0.10500E+00  0.10000E+01  0.11763E-16
 0.10600E+00  0.10000E+01  0.85956E-17
 0.10700E+00  0.10000E+01 -0.51097E-17
 0.10800E+00  0.10000E+01  0.80660E-17
 0.10900E+00  0.10000E+01 -0.53160E-17
 0.11000E+00  0.10000E+01  0.12968E-16
 0.11100E+00  0.10000E+01 -0.86039E-17
 0.11200E+00  0.10000E+01 -0.75784E-17
 0.11300E+00  0.10000E+01 -0.60609E-17
 0.11400E+00  0.10000E+01  0.16898E-17
 0.11500E+00  0.10000E+01  0.37303E-17
 0.11600E+00  0.10000E+01  0.57112E-17
 0.11700E+00  0.10000E+01 -0.92823E-17
 0.11800E+00  0.10000E+01  0.11975E-16
 0.11900E+00  0.10000E+01 -0.13269E-16
 0.12000E+00  0.10000E+01  0.78220E-17
 0.12100E+00  0.10000E+01 -0.23102E-17
 0.12200E+00  0.10000E+01 -0.75027E-17
 0.12300E+00  0.10000E+01  0.17596E-16
 0.12400E+00  0.10000E+01  0.58389E-17
 0.12500E+00  0.10000E+01  0.44515E-17
 0.12600E+00  0.10000E+01 -0.14708E-16
 0.12700E+00  0.10000E+01  0.69897E-17
 0.12800E+00  0.10000E+01  0.13607E-17
 0.12900E+00  0.10000E+01  0.24427E-17
 0.13000E+00  0.10000E+01 -0.11255E-16
 0.13100E+00  0.10000E+01 -0.22931E-17
 0.13200E+00  0.10000E+01  0.48258E-17
 0.13300E+00  0.10000E+01 -0.25784E-17
 0.13400E+00  0.10000E+01  0.68537E-17
 0.13500E+00  0.10000E+01 -0.87140E-17
 0.13600E+00  0.10000E+01  0.12431E-16
 0.13700E+00  0.10000E+01 -0.74317E-17
 0.13800E+00  0.10000E+01  0.88862E-17
 0.13900E+00  0.10000E+01  0.27847E-17
 0.14000E+00  0.10000E+01  0.18515E-18
 0.14100E+00  0.10000E+01 -0.91230E-17
 0.14200E+00  0.10000E+01 -0.13221E-16
 0.14300E+00  0.10000E+01 -0.74054E-17
 0.14400E+00  0.10000E+01 -0.20518E-17
 0.14500E+00  0.10000E+01  0.72372E-19
 0.14600E+00  0.10000E+01 -0.42435E-17
 0.14700E+00  0.10000E+01 -0.28167E-17
 0.14800E+00  0.10000E+01  0.41902E-17
 0.14900E+00  0.10000E+01 -0.16828E-17
 0.15000E+00  0.10000E+01 -0.10596E-16
 0.15100E+00  0.10000E+01  0.14343E-17
 0.15200E+00  0.10000E+01  0.38997E-17
 0.15300E+00  0.10000E+01  0.34204E-17
 0.15400E+00  0.10000E+01 -0.87937E-17
 0.15500E+00  0.10000E+01 -0.20295E-17
 0.15600E+00  0.10000E+01 -0.49476E-18
 0.15700E+00  0.10000E+01  0.25659E-17
 0.15800E+00  0.10000E+01  0.40636E-18
 0.15900E+00  0.10000E+01  0.24476E-17
 0.16000E+00  0.10000E+01  0.27975E-17
 0.16100E+00  0.10000E+01  0.18039E-17
 0.16200E+00  0.10000E+01 -0.10742E-16
 0.16300E+00  0.10000E+01  0.21519E-17
 0.16400E+00  0.10000E+01  0.12440E-16
 0.16500E+00  0.10000E+01  0.51340E-17
 0.16600E+00  0.10000E+01 -0.90775E-18
 0.16700E+00  0.10000E+01  0.39106E-17
 0.16800E+00  0.10000E+01 -0.81415E-17
 0.16900E+00  0.10000E+01 -0.82925E-17
 0.17000E+00  0.10000E+01 -0.54712E-17
 0.17100E+00  0.10000E+01  0.92880E-17
 0.17200E+00  0.10000E+01 -0.74982E-17
 0.17300E+00  0.10000E+01 -0.58900E-18
 0.17400E+00  0.10000E+01  0.96079E-17
 0.17500E+00  0.10000E+01  0.88236E-17
 0.17600E+00  0.10000E+01  0.25027E-17
 0.17700E+00  0.10000E+01 -0.65643E-17
 0.17800E+00  0.10000E+01 -0.59393E-17
 0.17900E+00  0.10000E+01 -0.84897E-17
 0.18000E+00  0.10000E+01  0.11527E-16
 0.18100E+00  0.10000E+01  0.51780E-17
 0.18200E+00  0.10000E+01  0.22101E-17
 0.18300E+00  0.10000E+01 -0.82192E-17
 0.18400E+00  0.10000E+01  0.62105E-17
 0.18500E+00  0.10000E+01  0.11008E-16
 0.18600E+00  0.10000E+01  0.85380E-17
 0.18700E+00  0.10000E+01  0.69720E-17
 0.18800E+00  0.10000E+01  0.45851E-17
 0.18900E+00  0.10000E+01 -0.47372E-17
 0.19000E+00  0.10000E+01 -0.68006E-17
 0.19100E+00  0.10000E+01  0.23103E-16
 0.19200E+00  0.10000E+01 -0.18975E-17
 0.19300E+00  0.10000E+01 -0.61051E-17
 0.19400E+00  0.10000E+01  0.38257E-17
 0.19500E+00  0.10000E+01  0.41337E-17
 0.19600E+00  0.10000E+01  0.11551E-16
 0.19700E+00  0.10000E+01  0.38468E-17
 0.19800E+00  0.10000E+01 -0.24684E-17
 0.19900E+00  0.10000E+01 -0.58701E-18
 0.20000E+00  0.10000E+01 -0.15727E-16
 0.20100E+00  0.10000E+01 -0.17903E-16
 0.20200E+00  0.10000E+01  0.11746E-17
 0.20300E+00  0.10000E+01 -0.36060E-17
 0.20400E+00  0.10000E+01 -0.85536E-18
 0.20500E+00  0.10000E+01  0.21397E-17
 0.20600E+00  0.10000E+01 -0.95395E-17
 0.20700E+00  0.10000E+01 -0.43717E-18
 0.20800E+00  0.10000E+01  0.33825E-17
 0.20900E+00  0.10000E+01  0.23275E-17
 0.21000E+00  0.10000E+01 -0.66642E-17
 0.21100E+00  0.10000E+01 -0.13895E-16
 0.21200E+00  0.10000E+01 -0.45898E-17
 0.21300E+00  0.10000E+01 -0.21537E-17
 0.21400E+00  0.10000E+01 -0.12066E-16
 0.21500E+00  0.10000E+01 -0.73850E-17
 0.21600E+00  0.10000E+01 -0.10008E-16
 0.21700E+00  0.10000E+01 -0.52169E-17
 0.21800E+00  0.10000E+01  0.77343E-17
 0.21900E+00  0.10000E+01  0.14179E-16
 0.22000E+00  0.10000E+01  0.16581E-17
 0.22100E+00  0.10000E+01  0.92133E-17
 0.22200E+00  0.10000E+01 -0.34306E-17
 0.22300E+00  0.10000E+01 -0.11115E-16
 0.22400E+00  0.10000E+01 -0.45788E-17
 0.22500E+00  0.10000E+01 -0.30363E-17
 0.22600E+00  0.10000E+01 -0.66693E-17
 0.22700E+00  0.10000E+01 -0.38031E-17
 0.22800E+00  0.10000E+01 -0.19827E-17
 0.22900E+00  0.10000E+01 -0.35661E-17
 0.23000E+00  0.10000E+01 -0.10661E-16
 0.23100E+00  0.10000E+01 -0.10997E-17
 0.23200E+00  0.10000E+01 -0.47443E-17
 0.23300E+00  0.10000E+01 -0.32177E-17
 0.23400E+00  0.10000E+01 -0.36054E-17
 0.23500E+00  0.10000E+01  0.46991E-17
 0.23600E+00  0.10000E+01 -0.11400E-17
 0.23700E+00  0.10000E+01 -0.10165E-16
 0.23800E+00  0.10000E+01 -0.13003E-17
 0.23900E+00  0.10000E+01 -0.22247E-17
 0.24000E+00  0.10000E+01  0.78578E-17
 0.24100E+00  0.10000E+01  0.21902E-17
 0.24200E+00  0.10000E+01  0.10558E-16
 0.24300E+00  0.10000E+01 -0.27776E-17
 0.24400E+00  0.10000E+01 -0.52089E-17
 0.24500E+00  0.10000E+01  0.68100E-17
 0.24600E+00  0.10000E+01 -0.14902E-17
 0.24700E+00  0.10000E+01  0.59282E-17
 0.24800E+00  0.10000E+01  0.28315E-17
 0.24900E+00  0.10000E+01  0.54180E-17
 0.25000E+00  0.10000E+01  0.47570E-17
 0.25100E+00  0.10000E+01 -0.89599E-17
 0.25200E+00  0.10000E+01  0.42688E-18
 0.25300E+00  0.10000E+01  0.13268E-16
 0.25400E+00  0.10000E+01  0.70240E-17
 0.25500E+00  0.10000E+01  0.11103E-16
 0.25600E+00  0.10000E+01  0.45987E-17
 0.25700E+00  0.10000E+01  0.56534E-17
 0.25800E+00  0.10000E+01 -0.82809E-17
 0.25900E+00  0.10000E+01  0.74504E-17
 0.26000E+00  0.10000E+01 -0.40264E-17
 0.26100E+00  0.10000E+01  0.17822E-17
 0.26200E+00  0.10000E+01 -0.29962E-17
 0.26300E+00  0.10000E+01 -0.37498E-17
 0.26400E+00  0.10000E+01  0.54894E-17
 0.26500E+00  0.10000E+01 -0.15531E-16
 0.26600E+00  0.10000E+01 -0.44557E-18
 0.26700E+00  0.10000E+01 -0.83182E-17
 0.26800E+00  0.10000E+01 -0.88062E-17
 0.26900E+00  0.10000E+01  0.61779E-17
 0.27000E+00  0.10000E+01 -0.19007E-17
 0.27100E+00  0.10000E+01  0.10650E-16
 0.27200E+00  0.10000E+01  0.10004E-16
 0.27300E+00  0.10000E+01 -0.30871E-17
 0.27400E+00  0.10000E+01  0.84112E-17
 0.27500E+00  0.10000E+01 -0.10340E-16
 0.27600E+00  0.10000E+01 -0.90186E-17
 0.27700E+00  0.10000E+01 -0.41575E-17
 0.27800E+00  0.10000E+01  0.30146E-17
 0.27900E+00  0.10000E+01 -0.14541E-17
 0.28000E+00  0.10000E+01  0.20348E-17
 0.28100E+00  0.10000E+01  0.10824E-16
 0.28200E+00  0.10000E+01  0.88545E-17
 0.28300E+00  0.10000E+01  0.31074E-17
 0.28400E+00  0.10000E+01  0.28031E-18
 0.28500E+00  0.10000E+01 -0.50122E-17
 0.28600E+00  0.10001E+01  0.33398E-17
 0.28700E+00  0.10001E+01  0.12391E-17
 0.28800E+00  0.10001E+01 -0.32642E-17
 0.28900E+00  0.10001E+01 -0.10985E-17
 0.29000E+00  0.10001E+01  0.56192E-17
 0.29100E+00  0.10001E+01 -0.73569E-17
 0.29200E+00  0.10001E+01 -0.42158E-17
 0.29300E+00  0.10001E+01  0.29409E-16
 0.29400E+00  0.10001E+01  0.15010E-17
 0.29500E+00  0.10001E+01 -0.12471E-17
 0.29600E+00  0.10001E+01 -0.13047E-16
 0.29700E+00  0.10001E+01 -0.13628E-16
 0.29800E+00  0.10001E+01  0.25667E-17
 0.29900E+00  0.10001E+01  0.76023E-17
 0.30000E+00  0.10001E+01  0.10595E-17
 0.30100E+00  0.10001E+01  0.60379E-17
 0.30200E+00  0.10001E+01  0.53187E-17
 0.30300E+00  0.10001E+01  0.29454E-17
 0.30400E+00  0.10001E+01  0.10888E-16
 0.30500E+00  0.10001E+01  0.75456E-17
 0.30600E+00  0.10001E+01 -0.11114E-16
 0.30700E+00  0.10001E+01  0.11795E-16
 0.30800E+00  0.10001E+01  0.14634E-16
 0.30900E+00  0.10001E+01 -0.47201E-17
 0.31000E+00  0.10001E+01 -0.27755E-17
 0.31100E+00  0.10001E+01 -0.83256E-17
 0.31200E+00  0.10001E+01 -0.99676E-17
 0.31300E+00  0.10001E+01 -0.10082E-16
 0.31400E+00  0.10001E+01  0.17917E-16
 0.31500E+00  0.10001E+01 -0.53418E-18
 0.31600E+00  0.10001E+01  0.56338E-17
 0.31700E+00  0.10001E+01  0.61877E-17
 0.31800E+00  0.10001E+01 -0.27253E-17
 0.31900E+00  0.10001E+01 -0.41985E-18
 0.32000E+00  0.10001E+01  0.41532E-18
 0.32100E+00  0.10001E+01  0.32263E-17
 0.32200E+00  0.10001E+01 -0.14615E-18
 0.32300E+00  0.10001E+01 -0.77491E-17
 0.32400E+00  0.10001E+01  0.53906E-19
 0.32500E+00  0.10001E+01  0.32522E-17
 0.32600E+00  0.10001E+01 -0.94201E-17
 0.32700E+00  0.10001E+01  0.37657E-17
 0.32800E+00  0.10001E+01 -0.12244E-16
 0.32900E+00  0.10001E+01 -0.71338E-17
 0.33000E+00  0.10001E+01  0.20395E-18
 0.33100E+00  0.10001E+01 -0.40806E-17
 0.33200E+00  0.10001E+01 -0.16809E-17
 0.33300E+00  0.10001E+01  0.34371E-17
 0.33400E+00  0.10001E+01 -0.53186E-17
 0.33500E+00  0.10001E+01 -0.29734E-17
 0.33600E+00  0.10001E+01 -0.52955E-17
 0.33700E+00  0.10001E+01 -0.16560E-17
 0.33800E+00  0.10001E+01 -0.55707E-17
 0.33900E+00  0.10001E+01  0.16820E-17
 0.34000E+00  0.10001E+01 -0.96774E-17
 0.34100E+00  0.10001E+01  0.90962E-17
 0.34200E+00  0.10001E+01 -0.92394E-17
 0.34300E+00  0.10001E+01 -0.60603E-17
 0.34400E+00  0.10001E+01 -0.28868E-17
 0.34500E+00  0.10001E+01  0.37474E-17
 0.34600E+00  0.10001E+01  0.83285E-17
 0.34700E+00  0.10001E+01 -0.56017E-17
 0.34800E+00  0.10001E+01 -0.31462E-17
 0.34900E+00  0.10001E+01 -0.53707E-18
 0.35000E+00  0.10001E+01  0.52748E-17
 0.35100E+00  0.10001E+01  0.10225E-17
 0.35200E+00  0.10001E+01 -0.13092E-16
 0.35300E+00  0.10001E+01 -0.51939E-17
 0.35400E+00  0.10001E+01 -0.92124E-17
 0.35500E+00  0.10001E+01  0.22625E-18
 0.35600E+00  0.10001E+01  0.12072E-16
 0.35700E+00  0.10001E+01  0.95777E-17
 0.35800E+00  0.10001E+01  0.49644E-18
 0.35900E+00  0.10001E+01 -0.11297E-16
 0.36000E+00  0.10001E+01 -0.65893E-18
 0.36100E+00  0.10001E+01 -0.18328E-16
 0.36200E+00  0.10001E+01 -0.19895E-17
 0.36300E+00  0.10001E+01 -0.52196E-17
 0.36400E+00  0.10001E+01 -0.99988E-17
 0.36500E+00  0.10001E+01  0.22507E-17
 0.36600E+00  0.10001E+01 -0.17653E-17
 0.36700E+00  0.10001E+01 -0.71546E-17
 0.36800E+00  0.10001E+01  0.11159E-16
 0.36900E+00  0.10001E+01  0.74369E-17
 0.37000E+00  0.10001E+01 -0.34371E-17
 0.37100E+00  0.10001E+01  0.56588E-18
 0.37200E+00  0.10001E+01  0.42704E-17
 0.37300E+00  0.10001E+01  0.55733E-17
 0.37400E+00  0.10001E+01 -0.51554E-17
 0.37500E+00  0.10001E+01  0.39109E-17
 0.37600E+00  0.10001E+01 -0.94520E-17
 0.37700E+00  0.10001E+01  0.32552E-17
 0.37800E+00  0.10001E+01  0.76858E-17
 0.37900E+00  0.10001E+01  0.50528E-17
 0.38000E+00  0.10001E+01 -0.47467E-17
 0.38100E+00  0.10001E+01 -0.84980E-17
 0.38200E+00  0.10001E+01  0.40556E-17
 0.38300E+00  0.10001E+01  0.45300E-17
 0.38400E+00  0.10001E+01  0.10411E-16
 0.38500E+00  0.10001E+01  0.11129E-16
 0.38600E+00  0.10001E+01 -0.68158E-17
 0.38700E+00  0.10001E+01 -0.86016E-18
 0.38800E+00  0.10001E+01  0.28177E-17
 0.38900E+00  0.10001E+01  0.30843E-18
 0.39000E+00  0.10001E+01  0.13579E-16
 0.39100E+00  0.10001E+01  0.14320E-17
 0.39200E+00  0.10001E+01  0.16962E-17
 0.39300E+00  0.10001E+01  0.44382E-17
 0.39400E+00  0.10001E+01 -0.14002E-17
 0.39500E+00  0.10001E+01 -0.11280E-16
 0.39600E+00  0.10001E+01 -0.35962E-17
 0.39700E+00  0.10001E+01 -0.24534E-17
 0.39800E+00  0.10001E+01 -0.50264E-17
 0.39900E+00  0.10001E+01  0.18681E-17
 0.40000E+00  0.10001E+01  0.47078E-18
 0.40100E+00  0.10001E+01 -0.33271E-18
 0.40200E+00  0.10001E+01 -0.14254E-17
 0.40300E+00  0.10001E+01 -0.21173E-18
 0.40400E+00  0.10001E+01 -0.11066E-16
 0.40500E+00  0.10001E+01 -0.10546E-16
 0.40600E+00  0.10001E+01 -0.10250E-16
 0.40700E+00  0.10001E+01 -0.56225E-17
 0.40800E+00  0.10001E+01  0.10495E-16
 0.40900E+00  0.10001E+01  0.62212E-17
 0.41000E+00  0.10001E+01 -0.54025E-17
 0.41100E+00  0.10001E+01 -0.12121E-16
 0.41200E+00  0.10001E+01 -0.14466E-16
 0.41300E+00  0.10001E+01  0.81422E-17
 0.41400E+00  0.10001E+01 -0.10692E-16
 0.41500E+00  0.10001E+01  0.37631E-17
 0.41600E+00  0.10001E+01 -0.61868E-17
 0.41700E+00  0.10001E+01  0.39152E-17
 0.41800E+00  0.10001E+01  0.73023E-17
 0.41900E+00  0.10001E+01 -0.79687E-17
 0.42000E+00  0.10001E+01  0.19625E-17
 0.42100E+00  0.10001E+01  0.12848E-16
 0.42200E+00  0.10001E+01 -0.15054E-17
 0.42300E+00  0.10001E+01 -0.61068E-18
 0.42400E+00  0.10001E+01 -0.54634E-18
 0.42500E+00  0.10001E+01 -0.15765E-16
 0.42600E+00  0.10001E+01  0.65501E-17
 0.42700E+00  0.10001E+01  0.50513E-17
 0.42800E+00  0.10001E+01  0.40027E-17
 0.42900E+00  0.10001E+01 -0.45277E-17
 0.43000E+00  0.10001E+01  0.88275E-17
 0.43100E+00  0.10001E+01  0.63272E-17
 0.43200E+00  0.10001E+01 -0.14643E-16
 0.43300E+00  0.10001E+01  0.19637E-17
 0.43400E+00  0.10001E+01  0.47881E-18
 0.43500E+00  0.10001E+01  0.49659E-17
 0.43600E+00  0.10001E+01 -0.92080E-17
 0.43700E+00  0.10001E+01  0.22690E-16
 0.43800E+00  0.10001E+01 -0.16835E-17
 0.43900E+00  0.10001E+01 -0.12788E-16
 0.44000E+00  0.10001E+01 -0.10405E-16
 0.44100E+00  0.10001E+01  0.41352E-17
 0.44200E+00  0.10001E+01  0.16111E-16
 0.44300E+00  0.10001E+01  0.74462E-18
 0.44400E+00  0.10001E+01  0.25571E-17
 0.44500E+00  0.10001E+01 -0.56904E-17
 0.44600E+00  0.10001E+01  0.16728E-17
 0.44700E+00  0.10001E+01 -0.38994E-17
 0.44800E+00  0.10001E+01  0.42098E-18
 0.44900E+00  0.10001E+01 -0.77877E-17
 0.45000E+00  0.10001E+01 -0.10131E-16
 0.45100E+00  0.10001E+01 -0.97409E-19
 0.45200E+00  0.10001E+01 -0.31702E-17
 0.45300E+00  0.10001E+01  0.10711E-16
 0.45400E+00  0.10001E+01 -0.14022E-17
 0.45500E+00  0.10001E+01  0.40898E-17
 0.45600E+00  0.10001E+01 -0.44352E-17
 0.45700E+00  0.10001E+01 -0.97096E-17
 0.45800E+00  0.10001E+01  0.12973E-16
 0.45900E+00  0.10001E+01  0.84236E-17
 0.46000E+00  0.10001E+01  0.27296E-17
 0.46100E+00  0.10001E+01  0.13859E-16
 0.46200E+00  0.10001E+01  0.23514E-17
 0.46300E+00  0.10001E+01  0.14558E-17
 0.46400E+00  0.10001E+01  0.57316E-17
 0.46500E+00  0.10001E+01 -0.56273E-17
 0.46600E+00  0.10001E+01  0.63224E-17
 0.46700E+00  0.10001E+01  0.24818E-17
 0.46800E+00  0.10001E+01  0.82568E-17
 0.46900E+00  0.10001E+01  0.29082E-17
 0.47000E+00  0.10001E+01  0.71083E-17
 0.47100E+00  0.10001E+01  0.35793E-17
 0.47200E+00  0.10002E+01 -0.93830E-17
 0.47300E+00  0.10002E+01 -0.18282E-16
 0.47400E+00  0.10002E+01 -0.75164E-17
 0.47500E+00  0.10002E+01  0.89183E-17
 0.47600E+00  0.10002E+01 -0.94220E-17
 0.47700E+00  0.10002E+01  0.38814E-17
 0.47800E+00  0.10002E+01 -0.25612E-17
 0.47900E+00  0.10002E+01  0.11451E-16
 0.48000E+00  0.10002E+01  0.17240E-16
 0.48100E+00  0.10002E+01  0.69750E-17
 0.48200E+00  0.10002E+01  0.21816E-17
 0.48300E+00  0.10002E+01 -0.65464E-17
 0.48400E+00  0.10002E+01  0.17635E-16
 0.48500E+00  0.10002E+01 -0.13006E-16
 0.48600E+00  0.10002E+01 -0.14338E-16
 0.48700E+00  0.10002E+01 -0.17992E-17
 0.48800E+00  0.10002E+01  0.25448E-17
 0.48900E+00  0.10002E+01 -0.48196E-17
 0.49000E+00  0.10002E+01 -0.97879E-17
 0.49100E+00  0.10002E+01 -0.20932E-16
 0.49200E+00  0.10002E+01  0.24604E-17
 0.49300E+00  0.10002E+01 -0.84756E-18
 0.49400E+00  0.10002E+01 -0.83797E-17
 0.49500E+00  0.10002E+01  0.97831E-17
 0.49600E+00  0.10002E+01  0.21190E-17
 0.49700E+00  0.10002E+01  0.27903E-18
 0.49800E+00  0.10002E+01 -0.71811E-17
 0.49900E+00  0.10002E+01 -0.42006E-18
 0.50000E+00  0.10002E+01  0.45124E-17
 0.50100E+00  0.10002E+01  0.35151E-17
 0.50200E+00  0.10002E+01  0.12560E-17
 0.50300E+00  0.10002E+01 -0.25761E-17
 0.50400E+00  0.10002E+01  0.13449E-17
 0.50500E+00  0.10002E+01  0.27511E-17
 0.50600E+00  0.10002E+01  0.59007E-17
 0.50700E+00  0.10002E+01 -0.31117E-17
 0.50800E+00  0.10002E+01  0.16498E-17
 0.50900E+00  0.10002E+01  0.80032E-17
 0.51000E+00  0.10002E+01 -0.40814E-17
 0.51100E+00  0.10002E+01 -0.51873E-17
 0.51200E+00  0.10002E+01 -0.40523E-17
 0.51300E+00  0.10002E+01  0.50814E-17
 0.51400E+00  0.10002E+01  0.17256E-17
 0.51500E+00  0.10002E+01  0.10918E-16
 0.51600E+00  0.10002E+01  0.52311E-17
 0.51700E+00  0.10002E+01 -0.32592E-17
 0.51800E+00  0.10002E+01  0.53227E-17
 0.51900E+00  0.10002E+01 -0.22404E-17
 0.52000E+00  0.10002E+01 -0.11571E-17
 0.52100E+00  0.10002E+01 -0.26284E-18
 0.52200E+00  0.10002E+01 -0.95390E-17
 0.52300E+00  0.10002E+01  0.65100E-17
 0.52400E+00  0.10002E+01 -0.13354E-19
 0.52500E+00  0.10002E+01  0.14955E-16
 0.52600E+00  0.10002E+01 -0.74846E-18
 0.52700E+00  0.10002E+01 -0.32976E-17
 0.52800E+00  0.10002E+01 -0.39207E-17
 0.52900E+00  0.10002E+01  0.18030E-16
 0.53000E+00  0.10002E+01  0.59591E-17
 0.53100E+00  0.10002E+01 -0.13084E-16
 0.53200E+00  0.10002E+01  0.42336E-17
 0.53300E+00  0.10002E+01  0.56385E-17
 0.53400E+00  0.10002E+01  0.14686E-17
 0.53500E+00  0.10002E+01 -0.10153E-16
 0.53600E+00  0.10002E+01 -0.17737E-16
 0.53700E+00  0.10002E+01  0.79357E-17
 0.53800E+00  0.10002E+01  0.60287E-17
 0.53900E+00  0.10002E+01 -0.12377E-16
 0.54000E+00  0.10002E+01  0.43343E-17
 0.54100E+00  0.10002E+01  0.87217E-17
 0.54200E+00  0.10002E+01 -0.29475E-17
 0.54300E+00  0.10002E+01  0.37976E-17
 0.54400E+00  0.10002E+01  0.33151E-17
 0.54500E+00  0.10002E+01 -0.11471E-16
 0.54600E+00  0.10002E+01 -0.17363E-16
 0.54700E+00  0.10002E+01 -0.14062E-16
 0.54800E+00  0.10002E+01 -0.73956E-17
 0.54900E+00  0.10002E+01 -0.58744E-17
 0.55000E+00  0.10002E+01  0.28087E-16
 0.55100E+00  0.10002E+01 -0.11874E-18
 0.55200E+00  0.10002E+01  0.11175E-16
 0.55300E+00  0.10002E+01  0.10438E-16
 0.55400E+00  0.10002E+01 -0.65869E-17
 0.55500E+00  0.10002E+01  0.76160E-18
 0.55600E+00  0.10002E+01 -0.79739E-17
 0.55700E+00  0.10002E+01 -0.28262E-17
 0.55800E+00  0.10002E+01 -0.11757E-16
 0.55900E+00  0.10002E+01  0.52916E-17
 0.56000E+00  0.10002E+01  0.17067E-16
 0.56100E+00  0.10002E+01 -0.59545E-17
 0.56200E+00  0.10002E+01  0.53064E-17
 0.56300E+00  0.10002E+01 -0.51726E-17
 0.56400E+00  0.10002E+01 -0.13560E-16
 0.56500E+00  0.10002E+01 -0.13766E-16
 0.56600E+00  0.10002E+01  0.11643E-16
 0.56700E+00  0.10003E+01  0.45458E-17
 0.56800E+00  0.10003E+01  0.67517E-17
 0.56900E+00  0.10003E+01  0.10672E-16
 0.57000E+00  0.10003E+01 -0.67599E-17
 0.57100E+00  0.10003E+01 -0.92933E-17
 0.57200E+00  0.10003E+01  0.22553E-17
 0.57300E+00  0.10003E+01  0.10092E-17
 0.57400E+00  0.10003E+01  0.56823E-17
 0.57500E+00  0.10003E+01 -0.38512E-17
 0.57600E+00  0.10003E+01 -0.54185E-17
 0.57700E+00  0.10003E+01 -0.10116E-16
 0.57800E+00  0.10003E+01  0.44277E-17
 0.57900E+00  0.10003E+01  0.90031E-17
 0.58000E+00  0.10003E+01 -0.11408E-16
 0.58100E+00  0.10003E+01  0.17339E-16
 0.58200E+00  0.10003E+01 -0.22668E-16
 0.58300E+00  0.10003E+01  0.14706E-16
 0.58400E+00  0.10003E+01  0.15019E-16
 0.58500E+00  0.10003E+01 -0.13083E-18
 0.58600E+00  0.10003E+01  0.13068E-17
 0.58700E+00  0.10003E+01 -0.66982E-17
 0.58800E+00  0.10003E+01 -0.13301E-16
 0.58900E+00  0.10003E+01  0.62184E-17
 0.59000E+00  0.10003E+01 -0.30068E-17
 0.59100E+00  0.10003E+01  0.44115E-17
 0.59200E+00  0.10003E+01  0.11552E-16
 0.59300E+00  0.10003E+01  0.61575E-17
 0.59400E+00  0.10003E+01 -0.91107E-17
 0.59500E+00  0.10003E+01 -0.77277E-17
 0.59600E+00  0.10003E+01 -0.14107E-17
 0.59700E+00  0.10003E+01 -0.29606E-16
 0.59800E+00  0.10003E+01  0.11734E-16
 0.59900E+00  0.10003E+01  0.20796E-16
 0.60000E+00  0.10003E+01 -0.11803E-16
 0.60100E+00  0.10003E+01  0.20479E-16
 0.60200E+00  0.10003E+01 -0.78198E-17
 0.60300E+00  0.10003E+01  0.12667E-16
 0.60400E+00  0.10003E+01 -0.13323E-16
 0.60500E+00  0.10003E+01 -0.38527E-16
 0.60600E+00  0.10003E+01 -0.18198E-16
 0.60700E+00  0.10003E+01  0.49745E-17
 0.60800E+00  0.10003E+01  0.14570E-16
 0.60900E+00  0.10003E+01 -0.11340E-16
 0.61000E+00  0.10003E+01 -0.33845E-17
 0.61100E+00  0.10003E+01  0.13565E-16
 0.61200E+00  0.10003E+01  0.15122E-16
 0.61300E+00  0.10003E+01 -0.66696E-17
 0.61400E+00  0.10003E+01  0.11606E-16
 0.61500E+00  0.10003E+01 -0.21823E-16
 0.61600E+00  0.10003E+01  0.35824E-16
 0.61700E+00  0.10003E+01  0.23890E-17
 0.61800E+00  0.10003E+01 -0.26148E-16
 0.61900E+00  0.10003E+01 -0.29382E-16
 0.62000E+00  0.10003E+01 -0.23648E-17
 0.62100E+00  0.10003E+01  0.65759E-17
 0.62200E+00  0.10003E+01  0.96525E-18
 0.62300E+00  0.10003E+01  0.52517E-17
 0.62400E+00  0.10003E+01  0.13565E-16
 0.62500E+00  0.10003E+01  0.23232E-16
 0.62600E+00  0.10003E+01 -0.19246E-16
 0.62700E+00  0.10003E+01 -0.71546E-17
 0.62800E+00  0.10004E+01  0.50243E-16
 0.62900E+00  0.10004E+01 -0.44165E-17
 0.63000E+00  0.10004E+01  0.35603E-16
 0.63100E+00  0.10004E+01  0.47381E-16
 0.63200E+00  0.10004E+01 -0.91655E-17
 0.63300E+00  0.10004E+01  0.22551E-16
 0.63400E+00  0.10004E+01  0.20839E-16
 0.63500E+00  0.10004E+01  0.62142E-16
 0.63600E+00  0.10004E+01  0.76962E-16
 0.63700E+00  0.10004E+01 -0.74948E-16
 0.63800E+00  0.10004E+01  0.33988E-16
 0.63900E+00  0.10004E+01  0.62378E-17
 0.64000E+00  0.10004E+01  0.42135E-16
 0.64100E+00  0.10004E+01  0.17707E-17
 0.64200E+00  0.10004E+01  0.40539E-16
 0.64300E+00  0.10004E+01  0.65842E-17
 0.64400E+00  0.10004E+01 -0.18490E-17
 0.64500E+00  0.10004E+01 -0.62298E-17
 0.64600E+00  0.10004E+01  0.15301E-16
 0.64700E+00  0.10004E+01 -0.31186E-16
 0.64800E+00  0.10004E+01  0.10019E-15
 0.64900E+00  0.10004E+01 -0.97147E-16
 0.65000E+00  0.10004E+01 -0.29715E-16
 0.65100E+00  0.10004E+01 -0.58747E-16
 0.65200E+00  0.10004E+01  0.46741E-16
 0.65300E+00  0.10004E+01 -0.18366E-16
 0.65400E+00  0.10004E+01 -0.20767E-16
 0.65500E+00  0.10004E+01 -0.96045E-16
 0.65600E+00  0.10004E+01  0.66766E-16
 0.65700E+00  0.10004E+01 -0.74672E-16
 0.65800E+00  0.10004E+01  0.14778E-18
 0.65900E+00  0.10004E+01 -0.96702E-16
 0.66000E+00  0.10004E+01 -0.75873E-17
 0.66100E+00  0.10004E+01  0.60704E-16
 0.66200E+00  0.10004E+01 -0.81746E-16
 0.66300E+00  0.10004E+01  0.85437E-16
 0.66400E+00  0.10004E+01  0.30951E-16
 0.66500E+00  0.10004E+01 -0.11532E-16
 0.66600E+00  0.10004E+01 -0.66424E-16
 0.66700E+00  0.10004E+01  0.52903E-17
 0.66800E+00  0.10004E+01 -0.22470E-15
 0.66900E+00  0.10004E+01 -0.24706E-16
 0.67000E+00  0.10004E+01 -0.99962E-16
 0.67100E+00  0.10004E+01  0.28368E-16
 0.67200E+00  0.10004E+01  0.56510E-16
 0.67300E+00  0.10004E+01  0.10298E-15
 0.67400E+00  0.10004E+01 -0.97977E-16
 0.67500E+00  0.10004E+01 -0.48255E-16
 0.67600E+00  0.10004E+01 -0.68001E-18
 0.67700E+00  0.10004E+01  0.45294E-16
 0.67800E+00  0.10004E+01 -0.40495E-16
 0.67900E+00  0.10004E+01 -0.64721E-16
 0.68000E+00  0.10004E+01 -0.33286E-17
 0.68100E+00  0.10005E+01  0.43021E-16
 0.68200E+00  0.10005E+01 -0.11439E-15
 0.68300E+00  0.10005E+01  0.10713E-15
 0.68400E+00  0.10005E+01 -0.86389E-16
 0.68500E+00  0.10005E+01  0.25286E-15
 0.68600E+00  0.10005E+01  0.31258E-15
 0.68700E+00  0.10005E+01 -0.16482E-15
 0.68800E+00  0.10005E+01  0.88645E-16
 0.68900E+00  0.10005E+01 -0.24593E-15
 0.69000E+00  0.10005E+01 -0.30727E-15
 0.69100E+00  0.10005E+01  0.28121E-16
 0.69200E+00  0.10005E+01  0.14640E-15
 0.69300E+00  0.10005E+01  0.51940E-16
 0.69400E+00  0.10005E+01 -0.37660E-15
 0.69500E+00  0.10005E+01  0.92197E-16
 0.69600E+00  0.10005E+01  0.52813E-16
 0.69700E+00  0.10005E+01 -0.37432E-15
 0.69800E+00  0.10005E+01 -0.60161E-15
 0.69900E+00  0.10005E+01  0.24936E-15
 0.70000E+00  0.10005E+01 -0.42083E-15
 0.70100E+00  0.10005E+01 -0.70529E-15
 0.70200E+00  0.10005E+01 -0.11343E-15
 0.70300E+00  0.10005E+01 -0.47142E-15
 0.70400E+00  0.10005E+01 -0.20615E-15
 0.70500E+00  0.10005E+01 -0.21875E-15
 0.70600E+00  0.10005E+01 -0.25237E-15
 0.70700E+00  0.10005E+01 -0.54210E-15
 0.70800E+00  0.10005E+01  0.20825E-15
 0.70900E+00  0.10005E+01 -0.86624E-15
 0.71000E+00  0.10005E+01 -0.12419E-15
 0.71100E+00  0.10005E+01 -0.96039E-16
 0.71200E+00  0.10005E+01 -0.11394E-14
 0.71300E+00  0.10005E+01  0.61026E-16
 0.71400E+00  0.10005E+01 -0.81414E-15
 0.71500E+00  0.10005E+01 -0.10796E-14
 0.71600E+00  0.10005E+01  0.15019E-15
 0.71700E+00  0.10005E+01  0.46236E-15
 0.71800E+00  0.10005E+01  0.12032E-14
 0.71900E+00  0.10005E+01 -0.10816E-14
 0.72000E+00  0.10005E+01 -0.71405E-15
 0.72100E+00  0.10005E+01 -0.26540E-15
 0.72200E+00  0.10005E+01 -0.28935E-15
 0.72300E+00  0.10005E+01 -0.49984E-15
 0.72400E+00  0.10005E+01  0.77296E-16
 0.72500E+00  0.10005E+01  0.10150E-15
 0.72600E+00  0.10005E+01 -0.69031E-15
 0.72700E+00  0.10005E+01  0.10270E-14
 0.72800E+00  0.10005E+01  0.34945E-15
 0.72900E+00  0.10005E+01  0.20423E-15
 0.73000E+00  0.10005E+01  0.78434E-16
 0.73100E+00  0.10005E+01 -0.45409E-16
 0.73200E+00  0.10005E+01  0.15266E-14
 0.73300E+00  0.10005E+01 -0.83358E-15
 0.73400E+00  0.10005E+01 -0.71378E-15
 0.73500E+00  0.10005E+01 -0.68231E-15
 0.73600E+00  0.10005E+01  0.55301E-15
 0.73700E+00  0.10005E+01 -0.39233E-15
 0.73800E+00  0.10005E+01 -0.10170E-14
 0.73900E+00  0.10005E+01 -0.96366E-15
 0.74000E+00  0.10005E+01  0.14138E-15
 0.74100E+00  0.10005E+01  0.80946E-15
 0.74200E+00  0.10005E+01  0.76649E-15
 0.74300E+00  0.10005E+01  0.44449E-16
 0.74400E+00  0.10005E+01  0.15623E-14
 0.74500E+00  0.10005E+01  0.14180E-14
 0.74600E+00  0.10006E+01  0.36203E-15
 0.74700E+00  0.10006E+01 -0.12850E-14
 0.74800E+00  0.10006E+01 -0.13207E-14
 0.74900E+00  0.10006E+01 -0.19722E-14
 0.75000E+00  0.10006E+01  0.13451E-14
 0.75100E+00  0.10006E+01  0.61338E-16
 0.75200E+00  0.10006E+01 -0.26261E-14
 0.75300E+00  0.10006E+01  0.16102E-14
 0.75400E+00  0.10006E+01 -0.97058E-15
 0.75500E+00  0.10006E+01 -0.19503E-14
 0.75600E+00  0.10006E+01 -0.24857E-15
 0.75700E+00  0.10006E+01 -0.14348E-14
 0.75800E+00  0.10006E+01 -0.13478E-14
 0.75900E+00  0.10006E+01  0.42420E-14
 0.76000E+00  0.10006E+01  0.10649E-14
 0.76100E+00  0.10006E+01 -0.96494E-15
 0.76200E+00  0.10006E+01  0.39962E-15
 0.76300E+00  0.10006E+01 -0.72515E-15
 0.76400E+00  0.10006E+01  0.44883E-15
 0.76500E+00  0.10006E+01 -0.20300E-14
 0.76600E+00  0.10006E+01  0.79884E-15
 0.76700E+00  0.10006E+01  0.75147E-15
 0.76800E+00  0.10007E+01  0.15356E-14
 0.76900E+00  0.10007E+01 -0.65732E-15
 0.77000E+00  0.10007E+01 -0.48567E-14
 0.77100E+00  0.10007E+01  0.13515E-14
 0.77200E+00  0.10007E+01  0.83627E-15
 0.77300E+00  0.10007E+01  0.19957E-14
 0.77400E+00  0.10007E+01  0.16226E-14
 0.77500E+00  0.10007E+01  0.59851E-14
 0.77600E+00  0.10007E+01 -0.25080E-14
 0.77700E+00  0.10007E+01  0.13786E-14
 0.77800E+00  0.10007E+01 -0.91814E-14
 0.77900E+00  0.10007E+01 -0.32526E-14
 0.78000E+00  0.10008E+01 -0.65364E-16
 0.78100E+00  0.10008E+01 -0.49176E-14
 0.78200E+00  0.10008E+01  0.18957E-14
 0.78300E+00  0.10008E+01 -0.43709E-14
 0.78400E+00  0.10008E+01 -0.10913E-14
 0.78500E+00  0.10008E+01  0.52370E-15
 0.78600E+00  0.10008E+01 -0.31612E-14
 0.78700E+00  0.10008E+01 -0.77798E-14
 0.78800E+00  0.10009E+01 -0.15585E-14
 0.78900E+00  0.10009E+01 -0.59524E-14
 0.79000E+00  0.10009E+01  0.53965E-14
 0.79100E+00  0.10009E+01 -0.23473E-14
 0.79200E+00  0.10009E+01 -0.41373E-14
 0.79300E+00  0.10009E+01  0.39672E-14
 0.79400E+00  0.10010E+01 -0.62829E-15
 0.79500E+00  0.10010E+01  0.12075E-13
 0.79600E+00  0.10010E+01  0.50147E-14
 0.79700E+00  0.10010E+01 -0.55024E-14
 0.79800E+00  0.10010E+01 -0.18815E-14
 0.79900E+00  0.10010E+01 -0.11240E-13
 0.80000E+00  0.10011E+01 -0.24258E-14
