 0.6506507E+00  0.1885911E-05
 0.6706707E+00  0.4131717E-05
 0.6906907E+00  0.8633629E-05
 0.7107107E+00  0.1726398E-04
 0.7307307E+00  0.3317762E-04
 0.7507508E+00  0.6159873E-04
 0.7707708E+00  0.1111239E-03
 0.7907908E+00  0.1958620E-03
 0.8108108E+00  0.3387875E-03
 0.8308308E+00  0.5766408E-03
 0.8508509E+00  0.9666133E-03
 0.8708709E+00  0.1595192E-02
 0.8908909E+00  0.2590383E-02
 0.9109109E+00  0.4140428E-02
 0.9309309E+00  0.6524596E-02
 0.9509510E+00  0.1016283E-01
 0.9709710E+00  0.1568806E-01
 0.9909910E+00  0.2403554E-01
 0.1011011E+01  0.3652879E-01
 0.1031031E+01  0.5492729E-01
 0.1051051E+01  0.8139632E-01
 0.1071071E+01  0.1183720E+00
 0.1091091E+01  0.1683231E+00
 0.1111111E+01  0.2334482E+00
 0.1131131E+01  0.3153721E+00
 0.1151151E+01  0.4149112E+00
 0.1171171E+01  0.5319589E+00
 0.1191191E+01  0.6655001E+00
 0.1211211E+01  0.8137297E+00
 0.1231231E+01  0.9742106E+00
 0.1251251E+01  0.1143998E+01
 0.1271271E+01  0.1319670E+01
 0.1291291E+01  0.1497251E+01
 0.1311311E+01  0.1672066E+01
 0.1331331E+01  0.1838647E+01
 0.1351351E+01  0.1990803E+01
 0.1371371E+01  0.2121956E+01
 0.1391391E+01  0.2225746E+01
 0.1411411E+01  0.2296811E+01
 0.1431431E+01  0.2331570E+01
 0.1451451E+01  0.2328796E+01
 0.1471471E+01  0.2289840E+01
 0.1491491E+01  0.2218425E+01
 0.1511512E+01  0.2120065E+01
 0.1531532E+01  0.2001230E+01
 0.1551552E+01  0.1868483E+01
 0.1571572E+01  0.1727753E+01
 0.1591592E+01  0.1583895E+01
 0.1611612E+01  0.1440579E+01
 0.1631632E+01  0.1300429E+01
 0.1651652E+01  0.1165305E+01
 0.1671672E+01  0.1036584E+01
 0.1691692E+01  0.9153407E+00
 0.1711712E+01  0.8024245E+00
 0.1731732E+01  0.6984408E+00
 0.1751752E+01  0.6037112E+00
 0.1771772E+01  0.5182579E+00
 0.1791792E+01  0.4418330E+00
 0.1811812E+01  0.3739863E+00
 0.1831832E+01  0.3141480E+00
 0.1851852E+01  0.2617022E+00
 0.1871872E+01  0.2160377E+00
 0.1891892E+01  0.1765733E+00
 0.1911912E+01  0.1427637E+00
 0.1931932E+01  0.1140942E+00
 0.1951952E+01  0.9007153E-01
 0.1971972E+01  0.7021640E-01
 0.1991992E+01  0.5405753E-01
 0.2012012E+01  0.4112894E-01
 0.2032032E+01  0.3096992E-01
 0.2052052E+01  0.2312936E-01
 0.2072072E+01  0.1717522E-01
 0.2092092E+01  0.1270849E-01
 0.2112112E+01  0.9378516E-02
 0.2132132E+01  0.6895033E-02
 0.2152152E+01  0.5033005E-02
 0.2172172E+01  0.3628674E-02
 0.2192192E+01  0.2568519E-02
 0.2212212E+01  0.1774866E-02
 0.2232232E+01  0.1192214E-02
 0.2252252E+01  0.7770973E-03
 0.2272272E+01  0.4923789E-03
 0.2292292E+01  0.3052455E-03
 0.2312312E+01  0.1873950E-03
 0.2332332E+01  0.1158984E-03
 0.2352352E+01  0.7371376E-04
 0.2372372E+01  0.4943019E-04
 0.2392392E+01  0.3630035E-04
 0.2412412E+01  0.3087550E-04
 0.2432432E+01  0.3161051E-04
 0.2452452E+01  0.3771695E-04
 0.2472472E+01  0.4839742E-04
 0.2492492E+01  0.6246286E-04
 0.2512513E+01  0.7825757E-04
 0.2532533E+01  0.9379603E-04
 0.2552553E+01  0.1070261E-03
 0.2572573E+01  0.1161463E-03
 0.2592593E+01  0.1199074E-03
 0.2612613E+01  0.1178262E-03
 0.2632633E+01  0.1102549E-03
 0.2652653E+01  0.9827860E-04
 0.2672673E+01  0.8346762E-04
 0.2692693E+01  0.6755066E-04
 0.2712713E+01  0.5209835E-04
 0.2732733E+01  0.3829278E-04
 0.2752753E+01  0.2682356E-04
 0.2772773E+01  0.1790713E-04
 0.2792793E+01  0.1139323E-04
 0.2812813E+01  0.6908446E-05
 0.2832833E+01  0.3992326E-05
 0.2852853E+01  0.2198791E-05
 0.2872873E+01  0.1154129E-05
 0.3433433E+01  0.1048632E-05
 0.3453453E+01  0.1991010E-05
 0.3473473E+01  0.3602763E-05
 0.3493493E+01  0.6213126E-05
 0.3513514E+01  0.1021167E-04
 0.3533534E+01  0.1599541E-04
 0.3553554E+01  0.2387845E-04
 0.3573574E+01  0.3397261E-04
 0.3593594E+01  0.4606424E-04
 0.3613614E+01  0.5952659E-04
 0.3633634E+01  0.7331118E-04
 0.3653654E+01  0.8604815E-04
 0.3673674E+01  0.9625536E-04
 0.3693694E+01  0.1026173E-03
 0.3713714E+01  0.1042625E-03
 0.3733734E+01  0.1009597E-03
 0.3753754E+01  0.9317077E-04
 0.3773774E+01  0.8194523E-04
 0.3793794E+01  0.6868782E-04
 0.3813814E+01  0.5487164E-04
 0.3833834E+01  0.4177613E-04
 0.3853854E+01  0.3031242E-04
 0.3873874E+01  0.2096163E-04
 0.3893894E+01  0.1381471E-04
 0.3913914E+01  0.8677018E-05
 0.3933934E+01  0.5194112E-05
 0.3953954E+01  0.2963223E-05
 0.3973974E+01  0.1611125E-05
 0.5915916E+01  0.1034707E-05
 0.5935936E+01  0.1849036E-05
 0.5955956E+01  0.3149092E-05
 0.5975976E+01  0.5111372E-05
 0.5995996E+01  0.7906818E-05
 0.6016016E+01  0.1165677E-04
 0.6036036E+01  0.1637821E-04
 0.6056056E+01  0.2193144E-04
 0.6076076E+01  0.2798851E-04
 0.6096096E+01  0.3404118E-04
 0.6116116E+01  0.3945859E-04
 0.6136136E+01  0.4359037E-04
 0.6156156E+01  0.4589355E-04
 0.6176176E+01  0.4604950E-04
 0.6196196E+01  0.4403624E-04
 0.6216216E+01  0.4013356E-04
 0.6236236E+01  0.3485919E-04
 0.6256256E+01  0.2885619E-04
 0.6276276E+01  0.2276527E-04
 0.6296296E+01  0.1711664E-04
 0.6316316E+01  0.1226526E-04
 0.6336336E+01  0.8376194E-05
 0.6356356E+01  0.5451663E-05
 0.6376376E+01  0.3381608E-05
 0.6396396E+01  0.1999078E-05
 0.6416416E+01  0.1126285E-05
