-0.2382019E+01 -0.4582533E-01  0.5173141E+00
-0.2166648E+01  0.2130881E+01 -0.3074475E+01
-0.2037694E+01 -0.7947721E+01  0.6159324E+01
-0.1939535E+01  0.1003968E+02 -0.2017704E+01
-0.1833006E+01 -0.4035399E+01 -0.1755247E+01
-0.1622473E+01  0.6339125E+00  0.2913254E+00
-0.1286300E+01  0.1493861E+00  0.3018894E-01
-0.8309777E+00  0.2219720E+00  0.2479808E+00
-0.2659165E+00 -0.9576629E-01  0.3640047E+00
 0.3916175E+00 -0.3104509E+00 -0.5929562E-01
 0.1114714E+01  0.1313339E+00 -0.1373398E+00
 0.1868026E+01 -0.3109282E-01  0.7728325E-01
 0.2611711E+01  0.1013646E-01 -0.2469931E-01
 0.3310419E+01 -0.2374611E-02  0.5812130E-02
 0.3975286E+01  0.2099594E-03 -0.9813333E-03
 0.4819002E+01 -0.1804710E-04  0.6643148E-04
