 0.1000000E+00  0.1400000E+01
 0.2000000E+00  0.1400001E+01
 0.3000000E+00  0.1400001E+01
 0.4000000E+00  0.1400003E+01
 0.5000000E+00  0.1400004E+01
 0.6000000E+00  0.1400006E+01
 0.7000000E+00  0.1400008E+01
 0.8000000E+00  0.1400010E+01
 0.9000000E+00  0.1400013E+01
 0.1000000E+01  0.1400016E+01
 0.1100000E+01  0.1400020E+01
 0.1200000E+01  0.1400023E+01
 0.1300000E+01  0.1400027E+01
 0.1400000E+01  0.1400032E+01
 0.1500000E+01  0.1400036E+01
 0.1600000E+01  0.1400041E+01
 0.1700000E+01  0.1400047E+01
 0.1800000E+01  0.1400052E+01
 0.1900000E+01  0.1400058E+01
 0.2000000E+01  0.1400064E+01
 0.2100000E+01  0.1400071E+01
 0.2200000E+01  0.1400078E+01
 0.2300000E+01  0.1400085E+01
 0.2400000E+01  0.1400093E+01
 0.2500000E+01  0.1400101E+01
 0.2600000E+01  0.1400109E+01
 0.2700000E+01  0.1400117E+01
 0.2800000E+01  0.1400126E+01
 0.2900000E+01  0.1400135E+01
 0.3000000E+01  0.1400145E+01
 0.3100000E+01  0.1400154E+01
 0.3200000E+01  0.1400165E+01
 0.3300000E+01  0.1400175E+01
 0.3400000E+01  0.1400186E+01
 0.3500000E+01  0.1400197E+01
 0.3600000E+01  0.1400208E+01
 0.3700000E+01  0.1400220E+01
 0.3800000E+01  0.1400232E+01
 0.3900000E+01  0.1400244E+01
 0.4000000E+01  0.1400257E+01
 0.4100000E+01  0.1400270E+01
 0.4200000E+01  0.1400283E+01
 0.4300000E+01  0.1400297E+01
 0.4400000E+01  0.1400311E+01
 0.4500000E+01  0.1400325E+01
 0.4600000E+01  0.1400340E+01
 0.4700000E+01  0.1400355E+01
 0.4800000E+01  0.1400370E+01
 0.4900000E+01  0.1400385E+01
 0.5000000E+01  0.1400401E+01
 0.5100000E+01  0.1400417E+01
 0.5200000E+01  0.1400434E+01
 0.5300000E+01  0.1400451E+01
 0.5400000E+01  0.1400468E+01
 0.5500000E+01  0.1400485E+01
 0.5600000E+01  0.1400503E+01
 0.5700000E+01  0.1400521E+01
 0.5800000E+01  0.1400539E+01
 0.5900000E+01  0.1400558E+01
 0.6000000E+01  0.1400577E+01
 0.6100000E+01  0.1400597E+01
 0.6200000E+01  0.1400616E+01
 0.6300000E+01  0.1400636E+01
 0.6400000E+01  0.1400656E+01
 0.6500000E+01  0.1400677E+01
 0.6600000E+01  0.1400698E+01
 0.6700000E+01  0.1400719E+01
 0.6800000E+01  0.1400741E+01
 0.6900000E+01  0.1400763E+01
 0.7000000E+01  0.1400785E+01
 0.7100000E+01  0.1400807E+01
 0.7200000E+01  0.1400830E+01
 0.7300000E+01  0.1400853E+01
 0.7400000E+01  0.1400877E+01
 0.7500000E+01  0.1400901E+01
 0.7600000E+01  0.1400925E+01
 0.7700000E+01  0.1400949E+01
 0.7800000E+01  0.1400974E+01
 0.7900000E+01  0.1400999E+01
 0.8000000E+01  0.1401024E+01
 0.8100000E+01  0.1401050E+01
 0.8200000E+01  0.1401076E+01
 0.8300000E+01  0.1401102E+01
 0.8400000E+01  0.1401129E+01
 0.8500000E+01  0.1401156E+01
 0.8600000E+01  0.1401183E+01
 0.8700000E+01  0.1401211E+01
 0.8800000E+01  0.1401238E+01
 0.8900000E+01  0.1401267E+01
 0.9000000E+01  0.1401295E+01
 0.9100000E+01  0.1401324E+01
 0.9200000E+01  0.1401353E+01
 0.9300000E+01  0.1401382E+01
 0.9400000E+01  0.1401412E+01
 0.9500000E+01  0.1401442E+01
 0.9600000E+01  0.1401473E+01
 0.9700000E+01  0.1401503E+01
 0.9800000E+01  0.1401534E+01
 0.9900000E+01  0.1401566E+01
 0.1000000E+02  0.1401597E+01
 0.1010000E+02  0.1401629E+01
 0.1020000E+02  0.1401661E+01
 0.1030000E+02  0.1401694E+01
 0.1040000E+02  0.1401727E+01
 0.1050000E+02  0.1401760E+01
 0.1060000E+02  0.1401793E+01
 0.1070000E+02  0.1401827E+01
 0.1080000E+02  0.1401861E+01
 0.1090000E+02  0.1401896E+01
 0.1100000E+02  0.1401930E+01
 0.1110000E+02  0.1401965E+01
 0.1120000E+02  0.1402001E+01
 0.1130000E+02  0.1402036E+01
 0.1140000E+02  0.1402072E+01
 0.1150000E+02  0.1402109E+01
 0.1160000E+02  0.1402145E+01
 0.1170000E+02  0.1402182E+01
 0.1180000E+02  0.1402219E+01
 0.1190000E+02  0.1402257E+01
 0.1200000E+02  0.1402295E+01
 0.1210000E+02  0.1402333E+01
 0.1220000E+02  0.1402371E+01
 0.1230000E+02  0.1402410E+01
 0.1240000E+02  0.1402449E+01
 0.1250000E+02  0.1402488E+01
 0.1260000E+02  0.1402528E+01
 0.1270000E+02  0.1402568E+01
 0.1280000E+02  0.1402608E+01
 0.1290000E+02  0.1402649E+01
 0.1300000E+02  0.1402690E+01
 0.1310000E+02  0.1402731E+01
 0.1320000E+02  0.1402772E+01
 0.1330000E+02  0.1402814E+01
 0.1340000E+02  0.1402856E+01
 0.1350000E+02  0.1402898E+01
 0.1360000E+02  0.1402941E+01
 0.1370000E+02  0.1402984E+01
 0.1380000E+02  0.1403027E+01
 0.1390000E+02  0.1403071E+01
 0.1400000E+02  0.1403115E+01
 0.1410000E+02  0.1403159E+01
 0.1420000E+02  0.1403204E+01
 0.1430000E+02  0.1403248E+01
 0.1440000E+02  0.1403294E+01
 0.1450000E+02  0.1403339E+01
 0.1460000E+02  0.1403385E+01
 0.1470000E+02  0.1403431E+01
 0.1480000E+02  0.1403477E+01
 0.1490000E+02  0.1403524E+01
 0.1500000E+02  0.1403571E+01
 0.1510000E+02  0.1403618E+01
 0.1520000E+02  0.1403665E+01
 0.1530000E+02  0.1403713E+01
 0.1540000E+02  0.1403761E+01
 0.1550000E+02  0.1403810E+01
 0.1560000E+02  0.1403858E+01
 0.1570000E+02  0.1403907E+01
 0.1580000E+02  0.1403957E+01
 0.1590000E+02  0.1404006E+01
 0.1600000E+02  0.1404056E+01
 0.1610000E+02  0.1404106E+01
 0.1620000E+02  0.1404157E+01
 0.1630000E+02  0.1404208E+01
 0.1640000E+02  0.1404259E+01
 0.1650000E+02  0.1404310E+01
 0.1660000E+02  0.1404362E+01
 0.1670000E+02  0.1404414E+01
 0.1680000E+02  0.1404466E+01
 0.1690000E+02  0.1404519E+01
 0.1700000E+02  0.1404572E+01
 0.1710000E+02  0.1404625E+01
 0.1720000E+02  0.1404678E+01
 0.1730000E+02  0.1404732E+01
 0.1740000E+02  0.1404786E+01
 0.1750000E+02  0.1404840E+01
 0.1760000E+02  0.1404895E+01
 0.1770000E+02  0.1404950E+01
 0.1780000E+02  0.1405005E+01
 0.1790000E+02  0.1405061E+01
 0.1800000E+02  0.1405116E+01
 0.1810000E+02  0.1405173E+01
 0.1820000E+02  0.1405229E+01
 0.1830000E+02  0.1405286E+01
 0.1840000E+02  0.1405343E+01
 0.1850000E+02  0.1405400E+01
 0.1860000E+02  0.1405457E+01
 0.1870000E+02  0.1405515E+01
 0.1880000E+02  0.1405573E+01
 0.1890000E+02  0.1405632E+01
 0.1900000E+02  0.1405690E+01
 0.1910000E+02  0.1405749E+01
 0.1920000E+02  0.1405809E+01
 0.1930000E+02  0.1405868E+01
 0.1940000E+02  0.1405928E+01
 0.1950000E+02  0.1405988E+01
 0.1960000E+02  0.1406049E+01
 0.1970000E+02  0.1406109E+01
 0.1980000E+02  0.1406170E+01
 0.1990000E+02  0.1406232E+01
 0.2000000E+02  0.1406293E+01
 0.2010000E+02  0.1406355E+01
 0.2020000E+02  0.1406417E+01
 0.2030000E+02  0.1406480E+01
 0.2040000E+02  0.1406542E+01
 0.2050000E+02  0.1406605E+01
 0.2060000E+02  0.1406668E+01
 0.2070000E+02  0.1406732E+01
 0.2080000E+02  0.1406796E+01
 0.2090000E+02  0.1406860E+01
 0.2100000E+02  0.1406924E+01
 0.2110000E+02  0.1406989E+01
 0.2120000E+02  0.1407054E+01
 0.2130000E+02  0.1407119E+01
 0.2140000E+02  0.1407185E+01
 0.2150000E+02  0.1407251E+01
 0.2160000E+02  0.1407317E+01
 0.2170000E+02  0.1407383E+01
 0.2180000E+02  0.1407450E+01
 0.2190000E+02  0.1407517E+01
 0.2200000E+02  0.1407584E+01
 0.2210000E+02  0.1407651E+01
 0.2220000E+02  0.1407719E+01
 0.2230000E+02  0.1407787E+01
 0.2240000E+02  0.1407855E+01
 0.2250000E+02  0.1407924E+01
 0.2260000E+02  0.1407993E+01
 0.2270000E+02  0.1408062E+01
 0.2280000E+02  0.1408131E+01
 0.2290000E+02  0.1408201E+01
 0.2300000E+02  0.1408271E+01
 0.2310000E+02  0.1408341E+01
 0.2320000E+02  0.1408412E+01
 0.2330000E+02  0.1408483E+01
 0.2340000E+02  0.1408554E+01
 0.2350000E+02  0.1408625E+01
 0.2360000E+02  0.1408697E+01
 0.2370000E+02  0.1408768E+01
 0.2380000E+02  0.1408841E+01
 0.2390000E+02  0.1408913E+01
 0.2400000E+02  0.1408986E+01
 0.2410000E+02  0.1409059E+01
 0.2420000E+02  0.1409132E+01
 0.2430000E+02  0.1409205E+01
 0.2440000E+02  0.1409279E+01
 0.2450000E+02  0.1409353E+01
 0.2460000E+02  0.1409428E+01
 0.2470000E+02  0.1409502E+01
 0.2480000E+02  0.1409577E+01
 0.2490000E+02  0.1409652E+01
 0.2500000E+02  0.1409728E+01
 0.2510000E+02  0.1409803E+01
 0.2520000E+02  0.1409879E+01
 0.2530000E+02  0.1409955E+01
 0.2540000E+02  0.1410032E+01
 0.2550000E+02  0.1410108E+01
 0.2560000E+02  0.1410185E+01
 0.2570000E+02  0.1410263E+01
 0.2580000E+02  0.1410340E+01
 0.2590000E+02  0.1410418E+01
 0.2600000E+02  0.1410496E+01
 0.2610000E+02  0.1410574E+01
 0.2620000E+02  0.1410653E+01
 0.2630000E+02  0.1410732E+01
 0.2640000E+02  0.1410811E+01
 0.2650000E+02  0.1410890E+01
 0.2660000E+02  0.1410970E+01
 0.2670000E+02  0.1411050E+01
 0.2680000E+02  0.1411130E+01
 0.2690000E+02  0.1411210E+01
 0.2700000E+02  0.1411291E+01
 0.2710000E+02  0.1411372E+01
 0.2720000E+02  0.1411453E+01
 0.2730000E+02  0.1411534E+01
 0.2740000E+02  0.1411616E+01
 0.2750000E+02  0.1411698E+01
 0.2760000E+02  0.1411780E+01
 0.2770000E+02  0.1411863E+01
 0.2780000E+02  0.1411945E+01
 0.2790000E+02  0.1412028E+01
 0.2800000E+02  0.1412112E+01
 0.2810000E+02  0.1412195E+01
 0.2820000E+02  0.1412279E+01
 0.2830000E+02  0.1412363E+01
 0.2840000E+02  0.1412447E+01
 0.2850000E+02  0.1412531E+01
 0.2860000E+02  0.1412616E+01
 0.2870000E+02  0.1412701E+01
 0.2880000E+02  0.1412786E+01
 0.2890000E+02  0.1412872E+01
 0.2900000E+02  0.1412958E+01
 0.2910000E+02  0.1413044E+01
 0.2920000E+02  0.1413130E+01
 0.2930000E+02  0.1413217E+01
 0.2940000E+02  0.1413303E+01
 0.2950000E+02  0.1413390E+01
 0.2960000E+02  0.1413478E+01
 0.2970000E+02  0.1413565E+01
 0.2980000E+02  0.1413653E+01
 0.2990000E+02  0.1413741E+01
 0.3000000E+02  0.1413829E+01
 0.3010000E+02  0.1413918E+01
 0.3020000E+02  0.1414006E+01
 0.3030000E+02  0.1414095E+01
 0.3040000E+02  0.1414185E+01
 0.3050000E+02  0.1414274E+01
 0.3060000E+02  0.1414364E+01
 0.3070000E+02  0.1414454E+01
 0.3080000E+02  0.1414544E+01
 0.3090000E+02  0.1414635E+01
 0.3100000E+02  0.1414725E+01
 0.3110000E+02  0.1414816E+01
 0.3120000E+02  0.1414907E+01
 0.3130000E+02  0.1414999E+01
 0.3140000E+02  0.1415091E+01
 0.3150000E+02  0.1415182E+01
 0.3160000E+02  0.1415275E+01
 0.3170000E+02  0.1415367E+01
 0.3180000E+02  0.1415460E+01
 0.3190000E+02  0.1415553E+01
 0.3200000E+02  0.1415646E+01
 0.3210000E+02  0.1415739E+01
 0.3220000E+02  0.1415833E+01
 0.3230000E+02  0.1415926E+01
 0.3240000E+02  0.1416021E+01
 0.3250000E+02  0.1416115E+01
 0.3260000E+02  0.1416209E+01
 0.3270000E+02  0.1416304E+01
 0.3280000E+02  0.1416399E+01
 0.3290000E+02  0.1416494E+01
 0.3300000E+02  0.1416590E+01
 0.3310000E+02  0.1416686E+01
 0.3320000E+02  0.1416782E+01
 0.3330000E+02  0.1416878E+01
 0.3340000E+02  0.1416974E+01
 0.3350000E+02  0.1417071E+01
 0.3360000E+02  0.1417168E+01
 0.3370000E+02  0.1417265E+01
 0.3380000E+02  0.1417362E+01
 0.3390000E+02  0.1417460E+01
 0.3400000E+02  0.1417558E+01
 0.3410000E+02  0.1417656E+01
 0.3420000E+02  0.1417754E+01
 0.3430000E+02  0.1417852E+01
 0.3440000E+02  0.1417951E+01
 0.3450000E+02  0.1418050E+01
 0.3460000E+02  0.1418149E+01
 0.3470000E+02  0.1418249E+01
 0.3480000E+02  0.1418348E+01
 0.3490000E+02  0.1418448E+01
 0.3500000E+02  0.1418548E+01
 0.3510000E+02  0.1418649E+01
 0.3520000E+02  0.1418749E+01
 0.3530000E+02  0.1418850E+01
 0.3540000E+02  0.1418951E+01
 0.3550000E+02  0.1419052E+01
 0.3560000E+02  0.1419154E+01
 0.3570000E+02  0.1419255E+01
 0.3580000E+02  0.1419357E+01
 0.3590000E+02  0.1419459E+01
 0.3600000E+02  0.1419562E+01
 0.3610000E+02  0.1419664E+01
 0.3620000E+02  0.1419767E+01
 0.3630000E+02  0.1419870E+01
 0.3640000E+02  0.1419973E+01
 0.3650000E+02  0.1420077E+01
 0.3660000E+02  0.1420180E+01
 0.3670000E+02  0.1420284E+01
 0.3680000E+02  0.1420388E+01
 0.3690000E+02  0.1420493E+01
 0.3700000E+02  0.1420597E+01
 0.3710000E+02  0.1420702E+01
 0.3720000E+02  0.1420807E+01
 0.3730000E+02  0.1420912E+01
 0.3740000E+02  0.1421018E+01
 0.3750000E+02  0.1421123E+01
 0.3760000E+02  0.1421229E+01
 0.3770000E+02  0.1421335E+01
 0.3780000E+02  0.1421441E+01
 0.3790000E+02  0.1421548E+01
 0.3800000E+02  0.1421654E+01
 0.3810000E+02  0.1421761E+01
 0.3820000E+02  0.1421868E+01
 0.3830000E+02  0.1421976E+01
 0.3840000E+02  0.1422083E+01
 0.3850000E+02  0.1422191E+01
 0.3860000E+02  0.1422299E+01
 0.3870000E+02  0.1422407E+01
 0.3880000E+02  0.1422516E+01
 0.3890000E+02  0.1422624E+01
 0.3900000E+02  0.1422733E+01
 0.3910000E+02  0.1422842E+01
 0.3920000E+02  0.1422951E+01
 0.3930000E+02  0.1423061E+01
 0.3940000E+02  0.1423170E+01
 0.3950000E+02  0.1423280E+01
 0.3960000E+02  0.1423390E+01
 0.3970000E+02  0.1423500E+01
 0.3980000E+02  0.1423611E+01
 0.3990000E+02  0.1423721E+01
 0.4000000E+02  0.1423832E+01
 0.4010000E+02  0.1423943E+01
 0.4020000E+02  0.1424055E+01
 0.4030000E+02  0.1424166E+01
 0.4040000E+02  0.1424278E+01
 0.4050000E+02  0.1424390E+01
 0.4060000E+02  0.1424502E+01
 0.4070000E+02  0.1424614E+01
 0.4080000E+02  0.1424727E+01
 0.4090000E+02  0.1424839E+01
 0.4100000E+02  0.1424952E+01
 0.4110000E+02  0.1425065E+01
 0.4120000E+02  0.1425178E+01
 0.4130000E+02  0.1425292E+01
 0.4140000E+02  0.1425406E+01
 0.4150000E+02  0.1425519E+01
 0.4160000E+02  0.1425634E+01
 0.4170000E+02  0.1425748E+01
 0.4180000E+02  0.1425862E+01
 0.4190000E+02  0.1425977E+01
 0.4200000E+02  0.1426092E+01
 0.4210000E+02  0.1426207E+01
 0.4220000E+02  0.1426322E+01
 0.4230000E+02  0.1426438E+01
 0.4240000E+02  0.1426553E+01
 0.4250000E+02  0.1426669E+01
 0.4260000E+02  0.1426785E+01
 0.4270000E+02  0.1426901E+01
 0.4280000E+02  0.1427018E+01
 0.4290000E+02  0.1427134E+01
 0.4300000E+02  0.1427251E+01
 0.4310000E+02  0.1427368E+01
 0.4320000E+02  0.1427485E+01
 0.4330000E+02  0.1427603E+01
 0.4340000E+02  0.1427720E+01
 0.4350000E+02  0.1427838E+01
 0.4360000E+02  0.1427956E+01
 0.4370000E+02  0.1428074E+01
 0.4380000E+02  0.1428192E+01
 0.4390000E+02  0.1428311E+01
 0.4400000E+02  0.1428429E+01
 0.4410000E+02  0.1428548E+01
 0.4420000E+02  0.1428667E+01
 0.4430000E+02  0.1428787E+01
 0.4440000E+02  0.1428906E+01
 0.4450000E+02  0.1429026E+01
 0.4460000E+02  0.1429145E+01
 0.4470000E+02  0.1429265E+01
 0.4480000E+02  0.1429386E+01
 0.4490000E+02  0.1429506E+01
 0.4500000E+02  0.1429626E+01
 0.4510000E+02  0.1429747E+01
 0.4520000E+02  0.1429868E+01
 0.4530000E+02  0.1429989E+01
 0.4540000E+02  0.1430110E+01
 0.4550000E+02  0.1430232E+01
 0.4560000E+02  0.1430353E+01
 0.4570000E+02  0.1430475E+01
 0.4580000E+02  0.1430597E+01
 0.4590000E+02  0.1430719E+01
 0.4600000E+02  0.1430842E+01
 0.4610000E+02  0.1430964E+01
 0.4620000E+02  0.1431087E+01
 0.4630000E+02  0.1431210E+01
 0.4640000E+02  0.1431333E+01
 0.4650000E+02  0.1431456E+01
 0.4660000E+02  0.1431579E+01
 0.4670000E+02  0.1431703E+01
 0.4680000E+02  0.1431827E+01
 0.4690000E+02  0.1431950E+01
 0.4700000E+02  0.1432075E+01
 0.4710000E+02  0.1432199E+01
 0.4720000E+02  0.1432323E+01
 0.4730000E+02  0.1432448E+01
 0.4740000E+02  0.1432573E+01
 0.4750000E+02  0.1432698E+01
 0.4760000E+02  0.1432823E+01
 0.4770000E+02  0.1432948E+01
 0.4780000E+02  0.1433073E+01
 0.4790000E+02  0.1433199E+01
 0.4800000E+02  0.1433325E+01
 0.4810000E+02  0.1433451E+01
 0.4820000E+02  0.1433577E+01
 0.4830000E+02  0.1433703E+01
 0.4840000E+02  0.1433830E+01
 0.4850000E+02  0.1433956E+01
 0.4860000E+02  0.1434083E+01
 0.4870000E+02  0.1434210E+01
 0.4880000E+02  0.1434337E+01
 0.4890000E+02  0.1434465E+01
 0.4900000E+02  0.1434592E+01
 0.4910000E+02  0.1434720E+01
 0.4920000E+02  0.1434847E+01
 0.4930000E+02  0.1434975E+01
 0.4940000E+02  0.1435103E+01
 0.4950000E+02  0.1435232E+01
 0.4960000E+02  0.1435360E+01
 0.4970000E+02  0.1435489E+01
 0.4980000E+02  0.1435618E+01
 0.4990000E+02  0.1435747E+01
 0.5000000E+02  0.1435876E+01
 0.5010000E+02  0.1436005E+01
 0.5020000E+02  0.1436134E+01
 0.5030000E+02  0.1436264E+01
 0.5040000E+02  0.1436394E+01
 0.5050000E+02  0.1436523E+01
 0.5060000E+02  0.1436653E+01
 0.5070000E+02  0.1436784E+01
 0.5080000E+02  0.1436914E+01
 0.5090000E+02  0.1437045E+01
 0.5100000E+02  0.1437175E+01
 0.5110000E+02  0.1437306E+01
 0.5120000E+02  0.1437437E+01
 0.5130000E+02  0.1437568E+01
 0.5140000E+02  0.1437699E+01
 0.5150000E+02  0.1437831E+01
 0.5160000E+02  0.1437962E+01
 0.5170000E+02  0.1438094E+01
 0.5180000E+02  0.1438226E+01
 0.5190000E+02  0.1438358E+01
 0.5200000E+02  0.1438490E+01
 0.5210000E+02  0.1438623E+01
 0.5220000E+02  0.1438755E+01
 0.5230000E+02  0.1438888E+01
 0.5240000E+02  0.1439021E+01
 0.5250000E+02  0.1439154E+01
 0.5260000E+02  0.1439287E+01
 0.5270000E+02  0.1439420E+01
 0.5280000E+02  0.1439553E+01
 0.5290000E+02  0.1439687E+01
 0.5300000E+02  0.1439821E+01
 0.5310000E+02  0.1439955E+01
 0.5320000E+02  0.1440089E+01
 0.5330000E+02  0.1440223E+01
 0.5340000E+02  0.1440357E+01
 0.5350000E+02  0.1440491E+01
 0.5360000E+02  0.1440626E+01
 0.5370000E+02  0.1440761E+01
 0.5380000E+02  0.1440896E+01
 0.5390000E+02  0.1441031E+01
 0.5400000E+02  0.1441166E+01
 0.5410000E+02  0.1441301E+01
 0.5420000E+02  0.1441436E+01
 0.5430000E+02  0.1441572E+01
 0.5440000E+02  0.1441708E+01
 0.5450000E+02  0.1441844E+01
 0.5460000E+02  0.1441980E+01
 0.5470000E+02  0.1442116E+01
 0.5480000E+02  0.1442252E+01
 0.5490000E+02  0.1442388E+01
 0.5500000E+02  0.1442525E+01
 0.5510000E+02  0.1442662E+01
 0.5520000E+02  0.1442798E+01
 0.5530000E+02  0.1442935E+01
 0.5540000E+02  0.1443073E+01
 0.5550000E+02  0.1443210E+01
 0.5560000E+02  0.1443347E+01
 0.5570000E+02  0.1443485E+01
 0.5580000E+02  0.1443622E+01
 0.5590000E+02  0.1443760E+01
 0.5600000E+02  0.1443898E+01
 0.5610000E+02  0.1444036E+01
 0.5620000E+02  0.1444174E+01
 0.5630000E+02  0.1444313E+01
 0.5640000E+02  0.1444451E+01
 0.5650000E+02  0.1444590E+01
 0.5660000E+02  0.1444728E+01
 0.5670000E+02  0.1444867E+01
 0.5680000E+02  0.1445006E+01
 0.5690000E+02  0.1445145E+01
 0.5700000E+02  0.1445285E+01
 0.5710000E+02  0.1445424E+01
 0.5720000E+02  0.1445563E+01
 0.5730000E+02  0.1445703E+01
 0.5740000E+02  0.1445843E+01
 0.5750000E+02  0.1445983E+01
 0.5760000E+02  0.1446123E+01
 0.5770000E+02  0.1446263E+01
 0.5780000E+02  0.1446403E+01
 0.5790000E+02  0.1446543E+01
 0.5800000E+02  0.1446684E+01
 0.5810000E+02  0.1446825E+01
 0.5820000E+02  0.1446965E+01
 0.5830000E+02  0.1447106E+01
 0.5840000E+02  0.1447247E+01
 0.5850000E+02  0.1447388E+01
 0.5860000E+02  0.1447530E+01
 0.5870000E+02  0.1447671E+01
 0.5880000E+02  0.1447813E+01
 0.5890000E+02  0.1447954E+01
 0.5900000E+02  0.1448096E+01
 0.5910000E+02  0.1448238E+01
 0.5920000E+02  0.1448380E+01
 0.5930000E+02  0.1448522E+01
 0.5940000E+02  0.1448664E+01
 0.5950000E+02  0.1448806E+01
 0.5960000E+02  0.1448949E+01
 0.5970000E+02  0.1449091E+01
 0.5980000E+02  0.1449234E+01
 0.5990000E+02  0.1449377E+01
 0.6000000E+02  0.1449520E+01
 0.6010000E+02  0.1449663E+01
 0.6020000E+02  0.1449806E+01
 0.6030000E+02  0.1449949E+01
 0.6040000E+02  0.1450093E+01
 0.6050000E+02  0.1450236E+01
 0.6060000E+02  0.1450380E+01
 0.6070000E+02  0.1450524E+01
 0.6080000E+02  0.1450668E+01
 0.6090000E+02  0.1450812E+01
 0.6100000E+02  0.1450956E+01
 0.6110000E+02  0.1451100E+01
 0.6120000E+02  0.1451244E+01
 0.6130000E+02  0.1451389E+01
 0.6140000E+02  0.1451533E+01
 0.6150000E+02  0.1451678E+01
 0.6160000E+02  0.1451822E+01
 0.6170000E+02  0.1451967E+01
 0.6180000E+02  0.1452112E+01
 0.6190000E+02  0.1452257E+01
 0.6200000E+02  0.1452403E+01
 0.6210000E+02  0.1452548E+01
 0.6220000E+02  0.1452693E+01
 0.6230000E+02  0.1452839E+01
 0.6240000E+02  0.1452984E+01
 0.6250000E+02  0.1453130E+01
 0.6260000E+02  0.1453276E+01
 0.6270000E+02  0.1453422E+01
 0.6280000E+02  0.1453568E+01
 0.6290000E+02  0.1453714E+01
 0.6300000E+02  0.1453860E+01
 0.6310000E+02  0.1454007E+01
 0.6320000E+02  0.1454153E+01
 0.6330000E+02  0.1454300E+01
 0.6340000E+02  0.1454446E+01
 0.6350000E+02  0.1454593E+01
 0.6360000E+02  0.1454740E+01
 0.6370000E+02  0.1454887E+01
 0.6380000E+02  0.1455034E+01
 0.6390000E+02  0.1455181E+01
 0.6400000E+02  0.1455328E+01
 0.6410000E+02  0.1455476E+01
 0.6420000E+02  0.1455623E+01
 0.6430000E+02  0.1455771E+01
 0.6440000E+02  0.1455918E+01
 0.6450000E+02  0.1456066E+01
 0.6460000E+02  0.1456214E+01
 0.6470000E+02  0.1456362E+01
 0.6480000E+02  0.1456510E+01
 0.6490000E+02  0.1456658E+01
 0.6500000E+02  0.1456806E+01
 0.6510000E+02  0.1456955E+01
 0.6520000E+02  0.1457103E+01
 0.6530000E+02  0.1457252E+01
 0.6540000E+02  0.1457400E+01
 0.6550000E+02  0.1457549E+01
 0.6560000E+02  0.1457698E+01
 0.6570000E+02  0.1457847E+01
 0.6580000E+02  0.1457996E+01
 0.6590000E+02  0.1458145E+01
 0.6600000E+02  0.1458294E+01
 0.6610000E+02  0.1458443E+01
 0.6620000E+02  0.1458592E+01
 0.6630000E+02  0.1458742E+01
 0.6640000E+02  0.1458891E+01
 0.6650000E+02  0.1459041E+01
 0.6660000E+02  0.1459191E+01
 0.6670000E+02  0.1459341E+01
 0.6680000E+02  0.1459490E+01
 0.6690000E+02  0.1459640E+01
 0.6700000E+02  0.1459790E+01
 0.6710000E+02  0.1459941E+01
 0.6720000E+02  0.1460091E+01
 0.6730000E+02  0.1460241E+01
 0.6740000E+02  0.1460392E+01
 0.6750000E+02  0.1460542E+01
 0.6760000E+02  0.1460693E+01
 0.6770000E+02  0.1460843E+01
 0.6780000E+02  0.1460994E+01
 0.6790000E+02  0.1461145E+01
 0.6800000E+02  0.1461296E+01
 0.6810000E+02  0.1461447E+01
 0.6820000E+02  0.1461598E+01
 0.6830000E+02  0.1461749E+01
 0.6840000E+02  0.1461900E+01
 0.6850000E+02  0.1462051E+01
 0.6860000E+02  0.1462203E+01
 0.6870000E+02  0.1462354E+01
 0.6880000E+02  0.1462506E+01
 0.6890000E+02  0.1462657E+01
 0.6900000E+02  0.1462809E+01
 0.6910000E+02  0.1462961E+01
 0.6920000E+02  0.1463113E+01
 0.6930000E+02  0.1463265E+01
 0.6940000E+02  0.1463417E+01
 0.6950000E+02  0.1463569E+01
 0.6960000E+02  0.1463721E+01
 0.6970000E+02  0.1463873E+01
 0.6980000E+02  0.1464025E+01
 0.6990000E+02  0.1464178E+01
 0.7000000E+02  0.1464330E+01
 0.7010000E+02  0.1464483E+01
 0.7020000E+02  0.1464635E+01
 0.7030000E+02  0.1464788E+01
 0.7040000E+02  0.1464941E+01
 0.7050000E+02  0.1465094E+01
 0.7060000E+02  0.1465247E+01
 0.7070000E+02  0.1465399E+01
 0.7080000E+02  0.1465553E+01
 0.7090000E+02  0.1465706E+01
 0.7100000E+02  0.1465859E+01
 0.7110000E+02  0.1466012E+01
 0.7120000E+02  0.1466165E+01
 0.7130000E+02  0.1466319E+01
 0.7140000E+02  0.1466472E+01
 0.7150000E+02  0.1466626E+01
 0.7160000E+02  0.1466779E+01
 0.7170000E+02  0.1466933E+01
 0.7180000E+02  0.1467087E+01
 0.7190000E+02  0.1467240E+01
 0.7200000E+02  0.1467394E+01
 0.7210000E+02  0.1467548E+01
 0.7220000E+02  0.1467702E+01
 0.7230000E+02  0.1467856E+01
 0.7240000E+02  0.1468010E+01
 0.7250000E+02  0.1468164E+01
 0.7260000E+02  0.1468319E+01
 0.7270000E+02  0.1468473E+01
 0.7280000E+02  0.1468627E+01
 0.7290000E+02  0.1468782E+01
 0.7300000E+02  0.1468936E+01
 0.7310000E+02  0.1469091E+01
 0.7320000E+02  0.1469245E+01
 0.7330000E+02  0.1469400E+01
 0.7340000E+02  0.1469555E+01
 0.7350000E+02  0.1469709E+01
 0.7360000E+02  0.1469864E+01
 0.7370000E+02  0.1470019E+01
 0.7380000E+02  0.1470174E+01
 0.7390000E+02  0.1470329E+01
 0.7400000E+02  0.1470484E+01
 0.7410000E+02  0.1470639E+01
 0.7420000E+02  0.1470794E+01
 0.7430000E+02  0.1470950E+01
 0.7440000E+02  0.1471105E+01
 0.7450000E+02  0.1471260E+01
 0.7460000E+02  0.1471416E+01
 0.7470000E+02  0.1471571E+01
 0.7480000E+02  0.1471727E+01
 0.7490000E+02  0.1471882E+01
 0.7500000E+02  0.1472038E+01
 0.7510000E+02  0.1472193E+01
 0.7520000E+02  0.1472349E+01
 0.7530000E+02  0.1472505E+01
 0.7540000E+02  0.1472661E+01
 0.7550000E+02  0.1472816E+01
 0.7560000E+02  0.1472972E+01
 0.7570000E+02  0.1473128E+01
 0.7580000E+02  0.1473284E+01
 0.7590000E+02  0.1473440E+01
 0.7600000E+02  0.1473596E+01
 0.7610000E+02  0.1473753E+01
 0.7620000E+02  0.1473909E+01
 0.7630000E+02  0.1474065E+01
 0.7640000E+02  0.1474221E+01
 0.7650000E+02  0.1474378E+01
 0.7660000E+02  0.1474534E+01
 0.7670000E+02  0.1474690E+01
 0.7680000E+02  0.1474847E+01
 0.7690000E+02  0.1475003E+01
 0.7700000E+02  0.1475160E+01
 0.7710000E+02  0.1475317E+01
 0.7720000E+02  0.1475473E+01
 0.7730000E+02  0.1475630E+01
 0.7740000E+02  0.1475787E+01
 0.7750000E+02  0.1475943E+01
 0.7760000E+02  0.1476100E+01
 0.7770000E+02  0.1476257E+01
 0.7780000E+02  0.1476414E+01
 0.7790000E+02  0.1476571E+01
 0.7800000E+02  0.1476728E+01
 0.7810000E+02  0.1476885E+01
 0.7820000E+02  0.1477042E+01
 0.7830000E+02  0.1477199E+01
 0.7840000E+02  0.1477356E+01
 0.7850000E+02  0.1477513E+01
 0.7860000E+02  0.1477670E+01
 0.7870000E+02  0.1477827E+01
 0.7880000E+02  0.1477985E+01
 0.7890000E+02  0.1478142E+01
 0.7900000E+02  0.1478299E+01
 0.7910000E+02  0.1478457E+01
 0.7920000E+02  0.1478614E+01
 0.7930000E+02  0.1478772E+01
 0.7940000E+02  0.1478929E+01
 0.7950000E+02  0.1479087E+01
 0.7960000E+02  0.1479244E+01
 0.7970000E+02  0.1479402E+01
 0.7980000E+02  0.1479559E+01
 0.7990000E+02  0.1479717E+01
 0.8000000E+02  0.1479874E+01
 0.8010000E+02  0.1480032E+01
 0.8020000E+02  0.1480190E+01
 0.8030000E+02  0.1480348E+01
 0.8040000E+02  0.1480505E+01
 0.8050000E+02  0.1480663E+01
 0.8060000E+02  0.1480821E+01
 0.8070000E+02  0.1480979E+01
 0.8080000E+02  0.1481137E+01
 0.8090000E+02  0.1481295E+01
 0.8100000E+02  0.1481453E+01
 0.8110000E+02  0.1481610E+01
 0.8120000E+02  0.1481768E+01
 0.8130000E+02  0.1481926E+01
 0.8140000E+02  0.1482085E+01
 0.8150000E+02  0.1482243E+01
 0.8160000E+02  0.1482401E+01
 0.8170000E+02  0.1482559E+01
 0.8180000E+02  0.1482717E+01
 0.8190000E+02  0.1482875E+01
 0.8200000E+02  0.1483033E+01
 0.8210000E+02  0.1483191E+01
 0.8220000E+02  0.1483350E+01
 0.8230000E+02  0.1483508E+01
 0.8240000E+02  0.1483666E+01
 0.8250000E+02  0.1483824E+01
 0.8260000E+02  0.1483983E+01
 0.8270000E+02  0.1484141E+01
 0.8280000E+02  0.1484299E+01
 0.8290000E+02  0.1484458E+01
 0.8300000E+02  0.1484616E+01
 0.8310000E+02  0.1484774E+01
 0.8320000E+02  0.1484933E+01
 0.8330000E+02  0.1485091E+01
 0.8340000E+02  0.1485250E+01
 0.8350000E+02  0.1485408E+01
 0.8360000E+02  0.1485566E+01
 0.8370000E+02  0.1485725E+01
 0.8380000E+02  0.1485883E+01
 0.8390000E+02  0.1486042E+01
 0.8400000E+02  0.1486200E+01
 0.8410000E+02  0.1486359E+01
 0.8420000E+02  0.1486517E+01
 0.8430000E+02  0.1486676E+01
 0.8440000E+02  0.1486834E+01
 0.8450000E+02  0.1486993E+01
 0.8460000E+02  0.1487152E+01
 0.8470000E+02  0.1487310E+01
 0.8480000E+02  0.1487469E+01
 0.8490000E+02  0.1487627E+01
 0.8500000E+02  0.1487786E+01
 0.8510000E+02  0.1487945E+01
 0.8520000E+02  0.1488103E+01
 0.8530000E+02  0.1488262E+01
 0.8540000E+02  0.1488421E+01
 0.8550000E+02  0.1488579E+01
 0.8560000E+02  0.1488738E+01
 0.8570000E+02  0.1488896E+01
 0.8580000E+02  0.1489055E+01
 0.8590000E+02  0.1489214E+01
 0.8600000E+02  0.1489372E+01
 0.8610000E+02  0.1489531E+01
 0.8620000E+02  0.1489690E+01
 0.8630000E+02  0.1489848E+01
 0.8640000E+02  0.1490007E+01
 0.8650000E+02  0.1490166E+01
 0.8660000E+02  0.1490325E+01
 0.8670000E+02  0.1490483E+01
 0.8680000E+02  0.1490642E+01
 0.8690000E+02  0.1490801E+01
 0.8700000E+02  0.1490959E+01
 0.8710000E+02  0.1491118E+01
 0.8720000E+02  0.1491277E+01
 0.8730000E+02  0.1491435E+01
 0.8740000E+02  0.1491594E+01
 0.8750000E+02  0.1491753E+01
 0.8760000E+02  0.1491911E+01
 0.8770000E+02  0.1492070E+01
 0.8780000E+02  0.1492229E+01
 0.8790000E+02  0.1492387E+01
 0.8800000E+02  0.1492546E+01
 0.8810000E+02  0.1492705E+01
 0.8820000E+02  0.1492863E+01
 0.8830000E+02  0.1493022E+01
 0.8840000E+02  0.1493181E+01
 0.8850000E+02  0.1493339E+01
 0.8860000E+02  0.1493498E+01
 0.8870000E+02  0.1493656E+01
 0.8880000E+02  0.1493815E+01
 0.8890000E+02  0.1493974E+01
 0.8900000E+02  0.1494132E+01
 0.8910000E+02  0.1494291E+01
 0.8920000E+02  0.1494449E+01
 0.8930000E+02  0.1494608E+01
 0.8940000E+02  0.1494766E+01
 0.8950000E+02  0.1494925E+01
 0.8960000E+02  0.1495083E+01
 0.8970000E+02  0.1495242E+01
 0.8980000E+02  0.1495400E+01
 0.8990000E+02  0.1495559E+01
 0.9000000E+02  0.1495717E+01
 0.9010000E+02  0.1495876E+01
 0.9020000E+02  0.1496034E+01
 0.9030000E+02  0.1496193E+01
 0.9040000E+02  0.1496351E+01
 0.9050000E+02  0.1496509E+01
 0.9060000E+02  0.1496668E+01
 0.9070000E+02  0.1496826E+01
 0.9080000E+02  0.1496985E+01
 0.9090000E+02  0.1497143E+01
 0.9100000E+02  0.1497301E+01
 0.9110000E+02  0.1497459E+01
 0.9120000E+02  0.1497618E+01
 0.9130000E+02  0.1497776E+01
 0.9140000E+02  0.1497934E+01
 0.9150000E+02  0.1498092E+01
 0.9160000E+02  0.1498251E+01
 0.9170000E+02  0.1498409E+01
 0.9180000E+02  0.1498567E+01
 0.9190000E+02  0.1498725E+01
 0.9200000E+02  0.1498883E+01
 0.9210000E+02  0.1499041E+01
 0.9220000E+02  0.1499199E+01
 0.9230000E+02  0.1499357E+01
 0.9240000E+02  0.1499515E+01
 0.9250000E+02  0.1499673E+01
 0.9260000E+02  0.1499831E+01
 0.9270000E+02  0.1499989E+01
 0.9280000E+02  0.1500147E+01
 0.9290000E+02  0.1500305E+01
 0.9300000E+02  0.1500463E+01
 0.9310000E+02  0.1500620E+01
 0.9320000E+02  0.1500778E+01
 0.9330000E+02  0.1500936E+01
 0.9340000E+02  0.1501094E+01
 0.9350000E+02  0.1501251E+01
 0.9360000E+02  0.1501409E+01
 0.9370000E+02  0.1501567E+01
 0.9380000E+02  0.1501724E+01
 0.9390000E+02  0.1501882E+01
 0.9400000E+02  0.1502039E+01
 0.9410000E+02  0.1502197E+01
 0.9420000E+02  0.1502354E+01
 0.9430000E+02  0.1502512E+01
 0.9440000E+02  0.1502669E+01
 0.9450000E+02  0.1502827E+01
 0.9460000E+02  0.1502984E+01
 0.9470000E+02  0.1503141E+01
 0.9480000E+02  0.1503299E+01
 0.9490000E+02  0.1503456E+01
 0.9500000E+02  0.1503613E+01
 0.9510000E+02  0.1503770E+01
 0.9520000E+02  0.1503927E+01
 0.9530000E+02  0.1504085E+01
 0.9540000E+02  0.1504242E+01
 0.9550000E+02  0.1504399E+01
 0.9560000E+02  0.1504556E+01
 0.9570000E+02  0.1504713E+01
 0.9580000E+02  0.1504869E+01
 0.9590000E+02  0.1505026E+01
 0.9600000E+02  0.1505183E+01
 0.9610000E+02  0.1505340E+01
 0.9620000E+02  0.1505497E+01
 0.9630000E+02  0.1505653E+01
 0.9640000E+02  0.1505810E+01
 0.9650000E+02  0.1505967E+01
 0.9660000E+02  0.1506123E+01
 0.9670000E+02  0.1506280E+01
 0.9680000E+02  0.1506436E+01
 0.9690000E+02  0.1506593E+01
 0.9700000E+02  0.1506749E+01
 0.9710000E+02  0.1506905E+01
 0.9720000E+02  0.1507062E+01
 0.9730000E+02  0.1507218E+01
 0.9740000E+02  0.1507374E+01
 0.9750000E+02  0.1507530E+01
 0.9760000E+02  0.1507686E+01
 0.9770000E+02  0.1507842E+01
 0.9780000E+02  0.1507998E+01
 0.9790000E+02  0.1508154E+01
 0.9800000E+02  0.1508310E+01
 0.9810000E+02  0.1508466E+01
 0.9820000E+02  0.1508622E+01
 0.9830000E+02  0.1508778E+01
 0.9840000E+02  0.1508934E+01
 0.9850000E+02  0.1509089E+01
 0.9860000E+02  0.1509245E+01
 0.9870000E+02  0.1509400E+01
 0.9880000E+02  0.1509556E+01
 0.9890000E+02  0.1509711E+01
 0.9900000E+02  0.1509867E+01
 0.9910000E+02  0.1510022E+01
 0.9920000E+02  0.1510177E+01
 0.9930000E+02  0.1510333E+01
 0.9940000E+02  0.1510488E+01
 0.9950000E+02  0.1510643E+01
 0.9960000E+02  0.1510798E+01
 0.9970000E+02  0.1510953E+01
 0.9980000E+02  0.1511108E+01
 0.9990000E+02  0.1511263E+01
 0.1000000E+03  0.1511418E+01
 0.1001000E+03  0.1511572E+01
 0.1002000E+03  0.1511727E+01
 0.1003000E+03  0.1511882E+01
 0.1004000E+03  0.1512036E+01
 0.1005000E+03  0.1512191E+01
 0.1006000E+03  0.1512345E+01
 0.1007000E+03  0.1512500E+01
 0.1008000E+03  0.1512654E+01
 0.1009000E+03  0.1512808E+01
 0.1010000E+03  0.1512963E+01
 0.1011000E+03  0.1513117E+01
 0.1012000E+03  0.1513271E+01
 0.1013000E+03  0.1513425E+01
 0.1014000E+03  0.1513579E+01
 0.1015000E+03  0.1513733E+01
 0.1016000E+03  0.1513887E+01
 0.1017000E+03  0.1514040E+01
 0.1018000E+03  0.1514194E+01
 0.1019000E+03  0.1514348E+01
 0.1020000E+03  0.1514501E+01
 0.1021000E+03  0.1514655E+01
 0.1022000E+03  0.1514808E+01
 0.1023000E+03  0.1514962E+01
 0.1024000E+03  0.1515115E+01
 0.1025000E+03  0.1515268E+01
 0.1026000E+03  0.1515421E+01
 0.1027000E+03  0.1515574E+01
 0.1028000E+03  0.1515727E+01
 0.1029000E+03  0.1515880E+01
 0.1030000E+03  0.1516033E+01
 0.1031000E+03  0.1516186E+01
 0.1032000E+03  0.1516339E+01
 0.1033000E+03  0.1516491E+01
 0.1034000E+03  0.1516644E+01
 0.1035000E+03  0.1516797E+01
 0.1036000E+03  0.1516949E+01
 0.1037000E+03  0.1517101E+01
 0.1038000E+03  0.1517254E+01
 0.1039000E+03  0.1517406E+01
 0.1040000E+03  0.1517558E+01
 0.1041000E+03  0.1517710E+01
 0.1042000E+03  0.1517862E+01
 0.1043000E+03  0.1518014E+01
 0.1044000E+03  0.1518166E+01
 0.1045000E+03  0.1518317E+01
 0.1046000E+03  0.1518469E+01
 0.1047000E+03  0.1518621E+01
 0.1048000E+03  0.1518772E+01
 0.1049000E+03  0.1518924E+01
 0.1050000E+03  0.1519075E+01
 0.1051000E+03  0.1519226E+01
 0.1052000E+03  0.1519377E+01
 0.1053000E+03  0.1519529E+01
 0.1054000E+03  0.1519680E+01
 0.1055000E+03  0.1519831E+01
 0.1056000E+03  0.1519981E+01
 0.1057000E+03  0.1520132E+01
 0.1058000E+03  0.1520283E+01
 0.1059000E+03  0.1520433E+01
 0.1060000E+03  0.1520584E+01
 0.1061000E+03  0.1520734E+01
 0.1062000E+03  0.1520885E+01
 0.1063000E+03  0.1521035E+01
 0.1064000E+03  0.1521185E+01
 0.1065000E+03  0.1521335E+01
 0.1066000E+03  0.1521485E+01
 0.1067000E+03  0.1521635E+01
 0.1068000E+03  0.1521785E+01
 0.1069000E+03  0.1521935E+01
 0.1070000E+03  0.1522084E+01
 0.1071000E+03  0.1522234E+01
 0.1072000E+03  0.1522383E+01
 0.1073000E+03  0.1522533E+01
 0.1074000E+03  0.1522682E+01
 0.1075000E+03  0.1522831E+01
 0.1076000E+03  0.1522980E+01
 0.1077000E+03  0.1523129E+01
 0.1078000E+03  0.1523278E+01
 0.1079000E+03  0.1523427E+01
 0.1080000E+03  0.1523576E+01
 0.1081000E+03  0.1523724E+01
 0.1082000E+03  0.1523873E+01
 0.1083000E+03  0.1524021E+01
 0.1084000E+03  0.1524170E+01
 0.1085000E+03  0.1524318E+01
 0.1086000E+03  0.1524466E+01
 0.1087000E+03  0.1524614E+01
 0.1088000E+03  0.1524762E+01
 0.1089000E+03  0.1524910E+01
 0.1090000E+03  0.1525058E+01
 0.1091000E+03  0.1525205E+01
 0.1092000E+03  0.1525353E+01
 0.1093000E+03  0.1525500E+01
 0.1094000E+03  0.1525648E+01
 0.1095000E+03  0.1525795E+01
 0.1096000E+03  0.1525942E+01
 0.1097000E+03  0.1526089E+01
 0.1098000E+03  0.1526236E+01
 0.1099000E+03  0.1526383E+01
 0.1100000E+03  0.1526530E+01
 0.1101000E+03  0.1526676E+01
 0.1102000E+03  0.1526823E+01
 0.1103000E+03  0.1526969E+01
 0.1104000E+03  0.1527116E+01
 0.1105000E+03  0.1527262E+01
 0.1106000E+03  0.1527408E+01
 0.1107000E+03  0.1527554E+01
 0.1108000E+03  0.1527700E+01
 0.1109000E+03  0.1527846E+01
 0.1110000E+03  0.1527991E+01
 0.1111000E+03  0.1528137E+01
 0.1112000E+03  0.1528282E+01
 0.1113000E+03  0.1528428E+01
 0.1114000E+03  0.1528573E+01
 0.1115000E+03  0.1528718E+01
 0.1116000E+03  0.1528863E+01
 0.1117000E+03  0.1529008E+01
 0.1118000E+03  0.1529153E+01
 0.1119000E+03  0.1529298E+01
 0.1120000E+03  0.1529442E+01
 0.1121000E+03  0.1529587E+01
 0.1122000E+03  0.1529731E+01
 0.1123000E+03  0.1529876E+01
 0.1124000E+03  0.1530020E+01
 0.1125000E+03  0.1530164E+01
 0.1126000E+03  0.1530308E+01
 0.1127000E+03  0.1530451E+01
 0.1128000E+03  0.1530595E+01
 0.1129000E+03  0.1530739E+01
 0.1130000E+03  0.1530882E+01
 0.1131000E+03  0.1531026E+01
 0.1132000E+03  0.1531169E+01
 0.1133000E+03  0.1531312E+01
 0.1134000E+03  0.1531455E+01
 0.1135000E+03  0.1531598E+01
 0.1136000E+03  0.1531740E+01
 0.1137000E+03  0.1531883E+01
 0.1138000E+03  0.1532026E+01
 0.1139000E+03  0.1532168E+01
 0.1140000E+03  0.1532310E+01
 0.1141000E+03  0.1532453E+01
 0.1142000E+03  0.1532595E+01
 0.1143000E+03  0.1532736E+01
 0.1144000E+03  0.1532878E+01
 0.1145000E+03  0.1533020E+01
 0.1146000E+03  0.1533161E+01
 0.1147000E+03  0.1533303E+01
 0.1148000E+03  0.1533444E+01
 0.1149000E+03  0.1533585E+01
 0.1150000E+03  0.1533726E+01
 0.1151000E+03  0.1533867E+01
 0.1152000E+03  0.1534008E+01
 0.1153000E+03  0.1534149E+01
 0.1154000E+03  0.1534289E+01
 0.1155000E+03  0.1534430E+01
 0.1156000E+03  0.1534570E+01
 0.1157000E+03  0.1534710E+01
 0.1158000E+03  0.1534850E+01
 0.1159000E+03  0.1534990E+01
 0.1160000E+03  0.1535130E+01
 0.1161000E+03  0.1535270E+01
 0.1162000E+03  0.1535409E+01
 0.1163000E+03  0.1535549E+01
 0.1164000E+03  0.1535688E+01
 0.1165000E+03  0.1535827E+01
 0.1166000E+03  0.1535966E+01
 0.1167000E+03  0.1536105E+01
 0.1168000E+03  0.1536244E+01
 0.1169000E+03  0.1536382E+01
 0.1170000E+03  0.1536521E+01
 0.1171000E+03  0.1536659E+01
 0.1172000E+03  0.1536797E+01
 0.1173000E+03  0.1536935E+01
 0.1174000E+03  0.1537073E+01
 0.1175000E+03  0.1537211E+01
 0.1176000E+03  0.1537349E+01
 0.1177000E+03  0.1537486E+01
 0.1178000E+03  0.1537624E+01
 0.1179000E+03  0.1537761E+01
 0.1180000E+03  0.1537898E+01
 0.1181000E+03  0.1538035E+01
 0.1182000E+03  0.1538172E+01
 0.1183000E+03  0.1538309E+01
 0.1184000E+03  0.1538445E+01
 0.1185000E+03  0.1538582E+01
 0.1186000E+03  0.1538718E+01
 0.1187000E+03  0.1538854E+01
 0.1188000E+03  0.1538990E+01
 0.1189000E+03  0.1539126E+01
 0.1190000E+03  0.1539262E+01
 0.1191000E+03  0.1539397E+01
 0.1192000E+03  0.1539533E+01
 0.1193000E+03  0.1539668E+01
 0.1194000E+03  0.1539803E+01
 0.1195000E+03  0.1539938E+01
 0.1196000E+03  0.1540073E+01
 0.1197000E+03  0.1540208E+01
 0.1198000E+03  0.1540343E+01
 0.1199000E+03  0.1540477E+01
 0.1200000E+03  0.1540611E+01
 0.1201000E+03  0.1540745E+01
 0.1202000E+03  0.1540879E+01
 0.1203000E+03  0.1541013E+01
 0.1204000E+03  0.1541147E+01
 0.1205000E+03  0.1541281E+01
 0.1206000E+03  0.1541414E+01
 0.1207000E+03  0.1541547E+01
 0.1208000E+03  0.1541680E+01
 0.1209000E+03  0.1541813E+01
 0.1210000E+03  0.1541946E+01
 0.1211000E+03  0.1542079E+01
 0.1212000E+03  0.1542211E+01
 0.1213000E+03  0.1542344E+01
 0.1214000E+03  0.1542476E+01
 0.1215000E+03  0.1542608E+01
 0.1216000E+03  0.1542740E+01
 0.1217000E+03  0.1542872E+01
 0.1218000E+03  0.1543003E+01
 0.1219000E+03  0.1543135E+01
 0.1220000E+03  0.1543266E+01
 0.1221000E+03  0.1543397E+01
 0.1222000E+03  0.1543528E+01
 0.1223000E+03  0.1543659E+01
 0.1224000E+03  0.1543790E+01
 0.1225000E+03  0.1543920E+01
 0.1226000E+03  0.1544051E+01
 0.1227000E+03  0.1544181E+01
 0.1228000E+03  0.1544311E+01
 0.1229000E+03  0.1544441E+01
 0.1230000E+03  0.1544571E+01
 0.1231000E+03  0.1544700E+01
 0.1232000E+03  0.1544830E+01
 0.1233000E+03  0.1544959E+01
 0.1234000E+03  0.1545088E+01
 0.1235000E+03  0.1545217E+01
 0.1236000E+03  0.1545346E+01
 0.1237000E+03  0.1545474E+01
 0.1238000E+03  0.1545603E+01
 0.1239000E+03  0.1545731E+01
 0.1240000E+03  0.1545859E+01
 0.1241000E+03  0.1545987E+01
 0.1242000E+03  0.1546115E+01
 0.1243000E+03  0.1546243E+01
 0.1244000E+03  0.1546370E+01
 0.1245000E+03  0.1546497E+01
 0.1246000E+03  0.1546625E+01
 0.1247000E+03  0.1546752E+01
 0.1248000E+03  0.1546878E+01
 0.1249000E+03  0.1547005E+01
 0.1250000E+03  0.1547132E+01
 0.1251000E+03  0.1547258E+01
 0.1252000E+03  0.1547384E+01
 0.1253000E+03  0.1547510E+01
 0.1254000E+03  0.1547636E+01
 0.1255000E+03  0.1547762E+01
 0.1256000E+03  0.1547887E+01
 0.1257000E+03  0.1548012E+01
 0.1258000E+03  0.1548138E+01
 0.1259000E+03  0.1548263E+01
 0.1260000E+03  0.1548387E+01
 0.1261000E+03  0.1548512E+01
 0.1262000E+03  0.1548637E+01
 0.1263000E+03  0.1548761E+01
 0.1264000E+03  0.1548885E+01
 0.1265000E+03  0.1549009E+01
 0.1266000E+03  0.1549133E+01
 0.1267000E+03  0.1549256E+01
 0.1268000E+03  0.1549380E+01
 0.1269000E+03  0.1549503E+01
 0.1270000E+03  0.1549626E+01
 0.1271000E+03  0.1549749E+01
 0.1272000E+03  0.1549872E+01
 0.1273000E+03  0.1549994E+01
 0.1274000E+03  0.1550117E+01
 0.1275000E+03  0.1550239E+01
 0.1276000E+03  0.1550361E+01
 0.1277000E+03  0.1550483E+01
 0.1278000E+03  0.1550605E+01
 0.1279000E+03  0.1550726E+01
 0.1280000E+03  0.1550848E+01
 0.1281000E+03  0.1550969E+01
 0.1282000E+03  0.1551090E+01
 0.1283000E+03  0.1551211E+01
 0.1284000E+03  0.1551331E+01
 0.1285000E+03  0.1551452E+01
 0.1286000E+03  0.1551572E+01
 0.1287000E+03  0.1551692E+01
 0.1288000E+03  0.1551812E+01
 0.1289000E+03  0.1551932E+01
 0.1290000E+03  0.1552051E+01
 0.1291000E+03  0.1552171E+01
 0.1292000E+03  0.1552290E+01
 0.1293000E+03  0.1552409E+01
 0.1294000E+03  0.1552528E+01
 0.1295000E+03  0.1552646E+01
 0.1296000E+03  0.1552765E+01
 0.1297000E+03  0.1552883E+01
 0.1298000E+03  0.1553001E+01
 0.1299000E+03  0.1553119E+01
 0.1300000E+03  0.1553237E+01
 0.1301000E+03  0.1553354E+01
 0.1302000E+03  0.1553472E+01
 0.1303000E+03  0.1553589E+01
 0.1304000E+03  0.1553706E+01
 0.1305000E+03  0.1553822E+01
 0.1306000E+03  0.1553939E+01
 0.1307000E+03  0.1554056E+01
 0.1308000E+03  0.1554172E+01
 0.1309000E+03  0.1554288E+01
 0.1310000E+03  0.1554404E+01
 0.1311000E+03  0.1554519E+01
 0.1312000E+03  0.1554635E+01
 0.1313000E+03  0.1554750E+01
 0.1314000E+03  0.1554865E+01
 0.1315000E+03  0.1554980E+01
 0.1316000E+03  0.1555095E+01
 0.1317000E+03  0.1555209E+01
 0.1318000E+03  0.1555324E+01
 0.1319000E+03  0.1555438E+01
 0.1320000E+03  0.1555552E+01
 0.1321000E+03  0.1555665E+01
 0.1322000E+03  0.1555779E+01
 0.1323000E+03  0.1555892E+01
 0.1324000E+03  0.1556006E+01
 0.1325000E+03  0.1556118E+01
 0.1326000E+03  0.1556231E+01
 0.1327000E+03  0.1556344E+01
 0.1328000E+03  0.1556456E+01
 0.1329000E+03  0.1556568E+01
 0.1330000E+03  0.1556680E+01
 0.1331000E+03  0.1556792E+01
 0.1332000E+03  0.1556904E+01
 0.1333000E+03  0.1557015E+01
 0.1334000E+03  0.1557127E+01
 0.1335000E+03  0.1557238E+01
 0.1336000E+03  0.1557348E+01
 0.1337000E+03  0.1557459E+01
 0.1338000E+03  0.1557569E+01
 0.1339000E+03  0.1557680E+01
 0.1340000E+03  0.1557790E+01
 0.1341000E+03  0.1557899E+01
 0.1342000E+03  0.1558009E+01
 0.1343000E+03  0.1558119E+01
 0.1344000E+03  0.1558228E+01
 0.1345000E+03  0.1558337E+01
 0.1346000E+03  0.1558446E+01
 0.1347000E+03  0.1558554E+01
 0.1348000E+03  0.1558663E+01
 0.1349000E+03  0.1558771E+01
 0.1350000E+03  0.1558879E+01
 0.1351000E+03  0.1558987E+01
 0.1352000E+03  0.1559094E+01
 0.1353000E+03  0.1559202E+01
 0.1354000E+03  0.1559309E+01
 0.1355000E+03  0.1559416E+01
 0.1356000E+03  0.1559523E+01
 0.1357000E+03  0.1559629E+01
 0.1358000E+03  0.1559736E+01
 0.1359000E+03  0.1559842E+01
 0.1360000E+03  0.1559948E+01
 0.1361000E+03  0.1560053E+01
 0.1362000E+03  0.1560159E+01
 0.1363000E+03  0.1560264E+01
 0.1364000E+03  0.1560370E+01
 0.1365000E+03  0.1560474E+01
 0.1366000E+03  0.1560579E+01
 0.1367000E+03  0.1560684E+01
 0.1368000E+03  0.1560788E+01
 0.1369000E+03  0.1560892E+01
 0.1370000E+03  0.1560996E+01
 0.1371000E+03  0.1561100E+01
 0.1372000E+03  0.1561203E+01
 0.1373000E+03  0.1561306E+01
 0.1374000E+03  0.1561409E+01
 0.1375000E+03  0.1561512E+01
 0.1376000E+03  0.1561615E+01
 0.1377000E+03  0.1561717E+01
 0.1378000E+03  0.1561820E+01
 0.1379000E+03  0.1561921E+01
 0.1380000E+03  0.1562023E+01
 0.1381000E+03  0.1562125E+01
 0.1382000E+03  0.1562226E+01
 0.1383000E+03  0.1562327E+01
 0.1384000E+03  0.1562428E+01
 0.1385000E+03  0.1562529E+01
 0.1386000E+03  0.1562629E+01
 0.1387000E+03  0.1562730E+01
 0.1388000E+03  0.1562830E+01
 0.1389000E+03  0.1562930E+01
 0.1390000E+03  0.1563029E+01
 0.1391000E+03  0.1563129E+01
 0.1392000E+03  0.1563228E+01
 0.1393000E+03  0.1563327E+01
 0.1394000E+03  0.1563426E+01
 0.1395000E+03  0.1563524E+01
 0.1396000E+03  0.1563622E+01
 0.1397000E+03  0.1563721E+01
 0.1398000E+03  0.1563818E+01
 0.1399000E+03  0.1563916E+01
 0.1400000E+03  0.1564014E+01
 0.1401000E+03  0.1564111E+01
 0.1402000E+03  0.1564208E+01
 0.1403000E+03  0.1564305E+01
 0.1404000E+03  0.1564401E+01
 0.1405000E+03  0.1564498E+01
 0.1406000E+03  0.1564594E+01
 0.1407000E+03  0.1564690E+01
 0.1408000E+03  0.1564785E+01
 0.1409000E+03  0.1564881E+01
 0.1410000E+03  0.1564976E+01
 0.1411000E+03  0.1565071E+01
 0.1412000E+03  0.1565166E+01
 0.1413000E+03  0.1565260E+01
 0.1414000E+03  0.1565355E+01
 0.1415000E+03  0.1565449E+01
 0.1416000E+03  0.1565543E+01
 0.1417000E+03  0.1565637E+01
 0.1418000E+03  0.1565730E+01
 0.1419000E+03  0.1565823E+01
 0.1420000E+03  0.1565916E+01
 0.1421000E+03  0.1566009E+01
 0.1422000E+03  0.1566102E+01
 0.1423000E+03  0.1566194E+01
 0.1424000E+03  0.1566286E+01
 0.1425000E+03  0.1566378E+01
 0.1426000E+03  0.1566470E+01
 0.1427000E+03  0.1566561E+01
 0.1428000E+03  0.1566652E+01
 0.1429000E+03  0.1566743E+01
 0.1430000E+03  0.1566834E+01
 0.1431000E+03  0.1566925E+01
 0.1432000E+03  0.1567015E+01
 0.1433000E+03  0.1567105E+01
 0.1434000E+03  0.1567195E+01
 0.1435000E+03  0.1567284E+01
 0.1436000E+03  0.1567374E+01
 0.1437000E+03  0.1567463E+01
 0.1438000E+03  0.1567552E+01
 0.1439000E+03  0.1567640E+01
 0.1440000E+03  0.1567729E+01
 0.1441000E+03  0.1567817E+01
 0.1442000E+03  0.1567905E+01
 0.1443000E+03  0.1567993E+01
 0.1444000E+03  0.1568080E+01
 0.1445000E+03  0.1568168E+01
 0.1446000E+03  0.1568255E+01
 0.1447000E+03  0.1568342E+01
 0.1448000E+03  0.1568428E+01
 0.1449000E+03  0.1568515E+01
 0.1450000E+03  0.1568601E+01
 0.1451000E+03  0.1568687E+01
 0.1452000E+03  0.1568772E+01
 0.1453000E+03  0.1568858E+01
 0.1454000E+03  0.1568943E+01
 0.1455000E+03  0.1569028E+01
 0.1456000E+03  0.1569113E+01
 0.1457000E+03  0.1569197E+01
 0.1458000E+03  0.1569281E+01
 0.1459000E+03  0.1569365E+01
 0.1460000E+03  0.1569449E+01
 0.1461000E+03  0.1569533E+01
 0.1462000E+03  0.1569616E+01
 0.1463000E+03  0.1569699E+01
 0.1464000E+03  0.1569782E+01
 0.1465000E+03  0.1569865E+01
 0.1466000E+03  0.1569947E+01
 0.1467000E+03  0.1570029E+01
 0.1468000E+03  0.1570111E+01
 0.1469000E+03  0.1570193E+01
 0.1470000E+03  0.1570274E+01
 0.1471000E+03  0.1570355E+01
 0.1472000E+03  0.1570436E+01
 0.1473000E+03  0.1570517E+01
 0.1474000E+03  0.1570597E+01
 0.1475000E+03  0.1570678E+01
 0.1476000E+03  0.1570758E+01
 0.1477000E+03  0.1570837E+01
 0.1478000E+03  0.1570917E+01
 0.1479000E+03  0.1570996E+01
 0.1480000E+03  0.1571075E+01
 0.1481000E+03  0.1571154E+01
 0.1482000E+03  0.1571232E+01
 0.1483000E+03  0.1571311E+01
 0.1484000E+03  0.1571389E+01
 0.1485000E+03  0.1571467E+01
 0.1486000E+03  0.1571544E+01
 0.1487000E+03  0.1571621E+01
 0.1488000E+03  0.1571699E+01
 0.1489000E+03  0.1571775E+01
 0.1490000E+03  0.1571852E+01
 0.1491000E+03  0.1571928E+01
 0.1492000E+03  0.1572004E+01
 0.1493000E+03  0.1572080E+01
 0.1494000E+03  0.1572156E+01
 0.1495000E+03  0.1572231E+01
 0.1496000E+03  0.1572306E+01
 0.1497000E+03  0.1572381E+01
 0.1498000E+03  0.1572456E+01
 0.1499000E+03  0.1572530E+01
 0.1500000E+03  0.1572604E+01
 0.1501000E+03  0.1572678E+01
 0.1502000E+03  0.1572752E+01
 0.1503000E+03  0.1572825E+01
 0.1504000E+03  0.1572899E+01
 0.1505000E+03  0.1572972E+01
 0.1506000E+03  0.1573044E+01
 0.1507000E+03  0.1573117E+01
 0.1508000E+03  0.1573189E+01
 0.1509000E+03  0.1573261E+01
 0.1510000E+03  0.1573332E+01
 0.1511000E+03  0.1573404E+01
 0.1512000E+03  0.1573475E+01
 0.1513000E+03  0.1573546E+01
 0.1514000E+03  0.1573617E+01
 0.1515000E+03  0.1573687E+01
 0.1516000E+03  0.1573757E+01
 0.1517000E+03  0.1573827E+01
 0.1518000E+03  0.1573897E+01
 0.1519000E+03  0.1573966E+01
 0.1520000E+03  0.1574036E+01
 0.1521000E+03  0.1574105E+01
 0.1522000E+03  0.1574173E+01
 0.1523000E+03  0.1574242E+01
 0.1524000E+03  0.1574310E+01
 0.1525000E+03  0.1574378E+01
 0.1526000E+03  0.1574446E+01
 0.1527000E+03  0.1574513E+01
 0.1528000E+03  0.1574580E+01
 0.1529000E+03  0.1574647E+01
 0.1530000E+03  0.1574714E+01
 0.1531000E+03  0.1574780E+01
 0.1532000E+03  0.1574847E+01
 0.1533000E+03  0.1574912E+01
 0.1534000E+03  0.1574978E+01
 0.1535000E+03  0.1575044E+01
 0.1536000E+03  0.1575109E+01
 0.1537000E+03  0.1575174E+01
 0.1538000E+03  0.1575238E+01
 0.1539000E+03  0.1575303E+01
 0.1540000E+03  0.1575367E+01
 0.1541000E+03  0.1575431E+01
 0.1542000E+03  0.1575494E+01
 0.1543000E+03  0.1575558E+01
 0.1544000E+03  0.1575621E+01
 0.1545000E+03  0.1575684E+01
 0.1546000E+03  0.1575747E+01
 0.1547000E+03  0.1575809E+01
 0.1548000E+03  0.1575871E+01
 0.1549000E+03  0.1575933E+01
 0.1550000E+03  0.1575995E+01
 0.1551000E+03  0.1576056E+01
 0.1552000E+03  0.1576117E+01
 0.1553000E+03  0.1576178E+01
 0.1554000E+03  0.1576238E+01
 0.1555000E+03  0.1576299E+01
 0.1556000E+03  0.1576359E+01
 0.1557000E+03  0.1576419E+01
 0.1558000E+03  0.1576478E+01
 0.1559000E+03  0.1576538E+01
 0.1560000E+03  0.1576597E+01
 0.1561000E+03  0.1576655E+01
 0.1562000E+03  0.1576714E+01
 0.1563000E+03  0.1576772E+01
 0.1564000E+03  0.1576830E+01
 0.1565000E+03  0.1576888E+01
 0.1566000E+03  0.1576946E+01
 0.1567000E+03  0.1577003E+01
 0.1568000E+03  0.1577060E+01
 0.1569000E+03  0.1577116E+01
 0.1570000E+03  0.1577173E+01
 0.1571000E+03  0.1577229E+01
 0.1572000E+03  0.1577285E+01
 0.1573000E+03  0.1577341E+01
 0.1574000E+03  0.1577396E+01
 0.1575000E+03  0.1577451E+01
 0.1576000E+03  0.1577506E+01
 0.1577000E+03  0.1577561E+01
 0.1578000E+03  0.1577615E+01
 0.1579000E+03  0.1577670E+01
 0.1580000E+03  0.1577723E+01
 0.1581000E+03  0.1577777E+01
 0.1582000E+03  0.1577830E+01
 0.1583000E+03  0.1577883E+01
 0.1584000E+03  0.1577936E+01
 0.1585000E+03  0.1577989E+01
 0.1586000E+03  0.1578041E+01
 0.1587000E+03  0.1578093E+01
 0.1588000E+03  0.1578145E+01
 0.1589000E+03  0.1578197E+01
 0.1590000E+03  0.1578248E+01
 0.1591000E+03  0.1578299E+01
 0.1592000E+03  0.1578350E+01
 0.1593000E+03  0.1578400E+01
 0.1594000E+03  0.1578450E+01
 0.1595000E+03  0.1578500E+01
 0.1596000E+03  0.1578550E+01
 0.1597000E+03  0.1578599E+01
 0.1598000E+03  0.1578648E+01
 0.1599000E+03  0.1578697E+01
 0.1600000E+03  0.1578746E+01
 0.1601000E+03  0.1578794E+01
 0.1602000E+03  0.1578843E+01
 0.1603000E+03  0.1578890E+01
 0.1604000E+03  0.1578938E+01
 0.1605000E+03  0.1578985E+01
 0.1606000E+03  0.1579032E+01
 0.1607000E+03  0.1579079E+01
 0.1608000E+03  0.1579126E+01
 0.1609000E+03  0.1579172E+01
 0.1610000E+03  0.1579218E+01
 0.1611000E+03  0.1579264E+01
 0.1612000E+03  0.1579309E+01
 0.1613000E+03  0.1579354E+01
 0.1614000E+03  0.1579399E+01
 0.1615000E+03  0.1579444E+01
 0.1616000E+03  0.1579488E+01
 0.1617000E+03  0.1579533E+01
 0.1618000E+03  0.1579576E+01
 0.1619000E+03  0.1579620E+01
 0.1620000E+03  0.1579663E+01
 0.1621000E+03  0.1579706E+01
 0.1622000E+03  0.1579749E+01
 0.1623000E+03  0.1579792E+01
 0.1624000E+03  0.1579834E+01
 0.1625000E+03  0.1579876E+01
 0.1626000E+03  0.1579918E+01
 0.1627000E+03  0.1579959E+01
 0.1628000E+03  0.1580001E+01
 0.1629000E+03  0.1580042E+01
 0.1630000E+03  0.1580082E+01
 0.1631000E+03  0.1580123E+01
 0.1632000E+03  0.1580163E+01
 0.1633000E+03  0.1580203E+01
 0.1634000E+03  0.1580242E+01
 0.1635000E+03  0.1580282E+01
 0.1636000E+03  0.1580321E+01
 0.1637000E+03  0.1580360E+01
 0.1638000E+03  0.1580398E+01
 0.1639000E+03  0.1580436E+01
 0.1640000E+03  0.1580474E+01
 0.1641000E+03  0.1580512E+01
 0.1642000E+03  0.1580550E+01
 0.1643000E+03  0.1580587E+01
 0.1644000E+03  0.1580624E+01
 0.1645000E+03  0.1580661E+01
 0.1646000E+03  0.1580697E+01
 0.1647000E+03  0.1580733E+01
 0.1648000E+03  0.1580769E+01
 0.1649000E+03  0.1580805E+01
 0.1650000E+03  0.1580840E+01
 0.1651000E+03  0.1580875E+01
 0.1652000E+03  0.1580910E+01
 0.1653000E+03  0.1580944E+01
 0.1654000E+03  0.1580979E+01
 0.1655000E+03  0.1581013E+01
 0.1656000E+03  0.1581046E+01
 0.1657000E+03  0.1581080E+01
 0.1658000E+03  0.1581113E+01
 0.1659000E+03  0.1581146E+01
 0.1660000E+03  0.1581179E+01
 0.1661000E+03  0.1581211E+01
 0.1662000E+03  0.1581243E+01
 0.1663000E+03  0.1581275E+01
 0.1664000E+03  0.1581307E+01
 0.1665000E+03  0.1581338E+01
 0.1666000E+03  0.1581369E+01
 0.1667000E+03  0.1581400E+01
 0.1668000E+03  0.1581430E+01
 0.1669000E+03  0.1581460E+01
 0.1670000E+03  0.1581490E+01
 0.1671000E+03  0.1581520E+01
 0.1672000E+03  0.1581549E+01
 0.1673000E+03  0.1581579E+01
 0.1674000E+03  0.1581607E+01
 0.1675000E+03  0.1581636E+01
 0.1676000E+03  0.1581664E+01
 0.1677000E+03  0.1581693E+01
 0.1678000E+03  0.1581720E+01
 0.1679000E+03  0.1581748E+01
 0.1680000E+03  0.1581775E+01
 0.1681000E+03  0.1581802E+01
 0.1682000E+03  0.1581829E+01
 0.1683000E+03  0.1581855E+01
 0.1684000E+03  0.1581881E+01
 0.1685000E+03  0.1581907E+01
 0.1686000E+03  0.1581933E+01
 0.1687000E+03  0.1581958E+01
 0.1688000E+03  0.1581983E+01
 0.1689000E+03  0.1582008E+01
 0.1690000E+03  0.1582033E+01
 0.1691000E+03  0.1582057E+01
 0.1692000E+03  0.1582081E+01
 0.1693000E+03  0.1582105E+01
 0.1694000E+03  0.1582128E+01
 0.1695000E+03  0.1582152E+01
 0.1696000E+03  0.1582174E+01
 0.1697000E+03  0.1582197E+01
 0.1698000E+03  0.1582220E+01
 0.1699000E+03  0.1582242E+01
 0.1700000E+03  0.1582263E+01
 0.1701000E+03  0.1582285E+01
 0.1702000E+03  0.1582306E+01
 0.1703000E+03  0.1582327E+01
 0.1704000E+03  0.1582348E+01
 0.1705000E+03  0.1582369E+01
 0.1706000E+03  0.1582389E+01
 0.1707000E+03  0.1582409E+01
 0.1708000E+03  0.1582428E+01
 0.1709000E+03  0.1582448E+01
 0.1710000E+03  0.1582467E+01
 0.1711000E+03  0.1582486E+01
 0.1712000E+03  0.1582504E+01
 0.1713000E+03  0.1582523E+01
 0.1714000E+03  0.1582541E+01
 0.1715000E+03  0.1582559E+01
 0.1716000E+03  0.1582576E+01
 0.1717000E+03  0.1582593E+01
 0.1718000E+03  0.1582610E+01
 0.1719000E+03  0.1582627E+01
 0.1720000E+03  0.1582643E+01
 0.1721000E+03  0.1582660E+01
 0.1722000E+03  0.1582675E+01
 0.1723000E+03  0.1582691E+01
 0.1724000E+03  0.1582706E+01
 0.1725000E+03  0.1582721E+01
 0.1726000E+03  0.1582736E+01
 0.1727000E+03  0.1582751E+01
 0.1728000E+03  0.1582765E+01
 0.1729000E+03  0.1582779E+01
 0.1730000E+03  0.1582793E+01
 0.1731000E+03  0.1582806E+01
 0.1732000E+03  0.1582819E+01
 0.1733000E+03  0.1582832E+01
 0.1734000E+03  0.1582845E+01
 0.1735000E+03  0.1582857E+01
 0.1736000E+03  0.1582869E+01
 0.1737000E+03  0.1582881E+01
 0.1738000E+03  0.1582893E+01
 0.1739000E+03  0.1582904E+01
 0.1740000E+03  0.1582915E+01
 0.1741000E+03  0.1582926E+01
 0.1742000E+03  0.1582936E+01
 0.1743000E+03  0.1582946E+01
 0.1744000E+03  0.1582956E+01
 0.1745000E+03  0.1582966E+01
 0.1746000E+03  0.1582975E+01
 0.1747000E+03  0.1582984E+01
 0.1748000E+03  0.1582993E+01
 0.1749000E+03  0.1583002E+01
 0.1750000E+03  0.1583010E+01
 0.1751000E+03  0.1583018E+01
 0.1752000E+03  0.1583026E+01
 0.1753000E+03  0.1583033E+01
 0.1754000E+03  0.1583040E+01
 0.1755000E+03  0.1583047E+01
 0.1756000E+03  0.1583054E+01
 0.1757000E+03  0.1583060E+01
 0.1758000E+03  0.1583066E+01
 0.1759000E+03  0.1583072E+01
 0.1760000E+03  0.1583078E+01
 0.1761000E+03  0.1583083E+01
 0.1762000E+03  0.1583088E+01
 0.1763000E+03  0.1583093E+01
 0.1764000E+03  0.1583097E+01
 0.1765000E+03  0.1583101E+01
 0.1766000E+03  0.1583105E+01
 0.1767000E+03  0.1583109E+01
 0.1768000E+03  0.1583112E+01
 0.1769000E+03  0.1583116E+01
 0.1770000E+03  0.1583118E+01
 0.1771000E+03  0.1583121E+01
 0.1772000E+03  0.1583123E+01
 0.1773000E+03  0.1583125E+01
 0.1774000E+03  0.1583127E+01
 0.1775000E+03  0.1583129E+01
 0.1776000E+03  0.1583130E+01
 0.1777000E+03  0.1583131E+01
 0.1778000E+03  0.1583131E+01
 0.1779000E+03  0.1583132E+01
 0.1780000E+03  0.1583132E+01
 0.1781000E+03  0.1583132E+01
 0.1782000E+03  0.1583132E+01
 0.1783000E+03  0.1583131E+01
 0.1784000E+03  0.1583130E+01
 0.1785000E+03  0.1583129E+01
 0.1786000E+03  0.1583127E+01
 0.1787000E+03  0.1583126E+01
 0.1788000E+03  0.1583124E+01
 0.1789000E+03  0.1583121E+01
 0.1790000E+03  0.1583119E+01
 0.1791000E+03  0.1583116E+01
 0.1792000E+03  0.1583113E+01
 0.1793000E+03  0.1583109E+01
 0.1794000E+03  0.1583106E+01
 0.1795000E+03  0.1583102E+01
 0.1796000E+03  0.1583098E+01
 0.1797000E+03  0.1583093E+01
 0.1798000E+03  0.1583089E+01
 0.1799000E+03  0.1583084E+01
 0.1800000E+03  0.1583078E+01
 0.1801000E+03  0.1583073E+01
 0.1802000E+03  0.1583067E+01
 0.1803000E+03  0.1583061E+01
 0.1804000E+03  0.1583055E+01
 0.1805000E+03  0.1583048E+01
 0.1806000E+03  0.1583041E+01
 0.1807000E+03  0.1583034E+01
 0.1808000E+03  0.1583027E+01
 0.1809000E+03  0.1583019E+01
 0.1810000E+03  0.1583011E+01
 0.1811000E+03  0.1583003E+01
 0.1812000E+03  0.1582995E+01
 0.1813000E+03  0.1582986E+01
 0.1814000E+03  0.1582977E+01
 0.1815000E+03  0.1582968E+01
 0.1816000E+03  0.1582958E+01
 0.1817000E+03  0.1582948E+01
 0.1818000E+03  0.1582938E+01
 0.1819000E+03  0.1582928E+01
 0.1820000E+03  0.1582917E+01
 0.1821000E+03  0.1582906E+01
 0.1822000E+03  0.1582895E+01
 0.1823000E+03  0.1582884E+01
 0.1824000E+03  0.1582872E+01
 0.1825000E+03  0.1582860E+01
 0.1826000E+03  0.1582848E+01
 0.1827000E+03  0.1582835E+01
 0.1828000E+03  0.1582823E+01
 0.1829000E+03  0.1582810E+01
 0.1830000E+03  0.1582796E+01
 0.1831000E+03  0.1582783E+01
 0.1832000E+03  0.1582769E+01
 0.1833000E+03  0.1582755E+01
 0.1834000E+03  0.1582741E+01
 0.1835000E+03  0.1582726E+01
 0.1836000E+03  0.1582711E+01
 0.1837000E+03  0.1582696E+01
 0.1838000E+03  0.1582681E+01
 0.1839000E+03  0.1582665E+01
 0.1840000E+03  0.1582649E+01
 0.1841000E+03  0.1582633E+01
 0.1842000E+03  0.1582616E+01
 0.1843000E+03  0.1582599E+01
 0.1844000E+03  0.1582582E+01
 0.1845000E+03  0.1582565E+01
 0.1846000E+03  0.1582548E+01
 0.1847000E+03  0.1582530E+01
 0.1848000E+03  0.1582512E+01
 0.1849000E+03  0.1582493E+01
 0.1850000E+03  0.1582475E+01
 0.1851000E+03  0.1582456E+01
 0.1852000E+03  0.1582437E+01
 0.1853000E+03  0.1582417E+01
 0.1854000E+03  0.1582398E+01
 0.1855000E+03  0.1582378E+01
 0.1856000E+03  0.1582358E+01
 0.1857000E+03  0.1582337E+01
 0.1858000E+03  0.1582317E+01
 0.1859000E+03  0.1582296E+01
 0.1860000E+03  0.1582274E+01
 0.1861000E+03  0.1582253E+01
 0.1862000E+03  0.1582231E+01
 0.1863000E+03  0.1582209E+01
 0.1864000E+03  0.1582187E+01
 0.1865000E+03  0.1582164E+01
 0.1866000E+03  0.1582141E+01
 0.1867000E+03  0.1582118E+01
 0.1868000E+03  0.1582095E+01
 0.1869000E+03  0.1582071E+01
 0.1870000E+03  0.1582048E+01
 0.1871000E+03  0.1582023E+01
 0.1872000E+03  0.1581999E+01
 0.1873000E+03  0.1581974E+01
 0.1874000E+03  0.1581950E+01
 0.1875000E+03  0.1581924E+01
 0.1876000E+03  0.1581899E+01
 0.1877000E+03  0.1581873E+01
 0.1878000E+03  0.1581847E+01
 0.1879000E+03  0.1581821E+01
 0.1880000E+03  0.1581795E+01
 0.1881000E+03  0.1581768E+01
 0.1882000E+03  0.1581741E+01
 0.1883000E+03  0.1581714E+01
 0.1884000E+03  0.1581686E+01
 0.1885000E+03  0.1581658E+01
 0.1886000E+03  0.1581630E+01
 0.1887000E+03  0.1581602E+01
 0.1888000E+03  0.1581573E+01
 0.1889000E+03  0.1581545E+01
 0.1890000E+03  0.1581516E+01
 0.1891000E+03  0.1581486E+01
 0.1892000E+03  0.1581457E+01
 0.1893000E+03  0.1581427E+01
 0.1894000E+03  0.1581397E+01
 0.1895000E+03  0.1581366E+01
 0.1896000E+03  0.1581336E+01
 0.1897000E+03  0.1581305E+01
 0.1898000E+03  0.1581274E+01
 0.1899000E+03  0.1581242E+01
 0.1900000E+03  0.1581211E+01
 0.1901000E+03  0.1581179E+01
 0.1902000E+03  0.1581146E+01
 0.1903000E+03  0.1581114E+01
 0.1904000E+03  0.1581081E+01
 0.1905000E+03  0.1581048E+01
 0.1906000E+03  0.1581015E+01
 0.1907000E+03  0.1580982E+01
 0.1908000E+03  0.1580948E+01
 0.1909000E+03  0.1580914E+01
 0.1910000E+03  0.1580880E+01
 0.1911000E+03  0.1580845E+01
 0.1912000E+03  0.1580811E+01
 0.1913000E+03  0.1580776E+01
 0.1914000E+03  0.1580740E+01
 0.1915000E+03  0.1580705E+01
 0.1916000E+03  0.1580669E+01
 0.1917000E+03  0.1580633E+01
 0.1918000E+03  0.1580597E+01
 0.1919000E+03  0.1580560E+01
 0.1920000E+03  0.1580523E+01
 0.1921000E+03  0.1580486E+01
 0.1922000E+03  0.1580449E+01
 0.1923000E+03  0.1580412E+01
 0.1924000E+03  0.1580374E+01
 0.1925000E+03  0.1580336E+01
 0.1926000E+03  0.1580297E+01
 0.1927000E+03  0.1580259E+01
 0.1928000E+03  0.1580220E+01
 0.1929000E+03  0.1580181E+01
 0.1930000E+03  0.1580142E+01
 0.1931000E+03  0.1580102E+01
 0.1932000E+03  0.1580062E+01
 0.1933000E+03  0.1580022E+01
 0.1934000E+03  0.1579982E+01
 0.1935000E+03  0.1579941E+01
 0.1936000E+03  0.1579901E+01
 0.1937000E+03  0.1579859E+01
 0.1938000E+03  0.1579818E+01
 0.1939000E+03  0.1579777E+01
 0.1940000E+03  0.1579735E+01
 0.1941000E+03  0.1579693E+01
 0.1942000E+03  0.1579650E+01
 0.1943000E+03  0.1579608E+01
 0.1944000E+03  0.1579565E+01
 0.1945000E+03  0.1579522E+01
 0.1946000E+03  0.1579478E+01
 0.1947000E+03  0.1579435E+01
 0.1948000E+03  0.1579391E+01
 0.1949000E+03  0.1579347E+01
 0.1950000E+03  0.1579303E+01
 0.1951000E+03  0.1579258E+01
 0.1952000E+03  0.1579213E+01
 0.1953000E+03  0.1579168E+01
 0.1954000E+03  0.1579123E+01
 0.1955000E+03  0.1579077E+01
 0.1956000E+03  0.1579032E+01
 0.1957000E+03  0.1578985E+01
 0.1958000E+03  0.1578939E+01
 0.1959000E+03  0.1578893E+01
 0.1960000E+03  0.1578846E+01
 0.1961000E+03  0.1578799E+01
 0.1962000E+03  0.1578751E+01
 0.1963000E+03  0.1578704E+01
 0.1964000E+03  0.1578656E+01
 0.1965000E+03  0.1578608E+01
 0.1966000E+03  0.1578560E+01
 0.1967000E+03  0.1578511E+01
 0.1968000E+03  0.1578463E+01
 0.1969000E+03  0.1578414E+01
 0.1970000E+03  0.1578364E+01
 0.1971000E+03  0.1578315E+01
 0.1972000E+03  0.1578265E+01
 0.1973000E+03  0.1578215E+01
 0.1974000E+03  0.1578165E+01
 0.1975000E+03  0.1578114E+01
 0.1976000E+03  0.1578064E+01
 0.1977000E+03  0.1578013E+01
 0.1978000E+03  0.1577962E+01
 0.1979000E+03  0.1577910E+01
 0.1980000E+03  0.1577858E+01
 0.1981000E+03  0.1577806E+01
 0.1982000E+03  0.1577754E+01
 0.1983000E+03  0.1577702E+01
 0.1984000E+03  0.1577649E+01
 0.1985000E+03  0.1577596E+01
 0.1986000E+03  0.1577543E+01
 0.1987000E+03  0.1577490E+01
 0.1988000E+03  0.1577436E+01
 0.1989000E+03  0.1577382E+01
 0.1990000E+03  0.1577328E+01
 0.1991000E+03  0.1577274E+01
 0.1992000E+03  0.1577219E+01
 0.1993000E+03  0.1577165E+01
 0.1994000E+03  0.1577110E+01
 0.1995000E+03  0.1577054E+01
 0.1996000E+03  0.1576999E+01
 0.1997000E+03  0.1576943E+01
 0.1998000E+03  0.1576887E+01
 0.1999000E+03  0.1576831E+01
 0.2000000E+03  0.1576774E+01
 0.2001000E+03  0.1576718E+01
 0.2002000E+03  0.1576661E+01
 0.2003000E+03  0.1576603E+01
 0.2004000E+03  0.1576546E+01
 0.2005000E+03  0.1576488E+01
 0.2006000E+03  0.1576430E+01
 0.2007000E+03  0.1576372E+01
 0.2008000E+03  0.1576314E+01
 0.2009000E+03  0.1576255E+01
 0.2010000E+03  0.1576197E+01
 0.2011000E+03  0.1576138E+01
 0.2012000E+03  0.1576078E+01
 0.2013000E+03  0.1576019E+01
 0.2014000E+03  0.1575959E+01
 0.2015000E+03  0.1575899E+01
 0.2016000E+03  0.1575839E+01
 0.2017000E+03  0.1575778E+01
 0.2018000E+03  0.1575718E+01
 0.2019000E+03  0.1575657E+01
 0.2020000E+03  0.1575595E+01
 0.2021000E+03  0.1575534E+01
 0.2022000E+03  0.1575472E+01
 0.2023000E+03  0.1575411E+01
 0.2024000E+03  0.1575348E+01
 0.2025000E+03  0.1575286E+01
 0.2026000E+03  0.1575224E+01
 0.2027000E+03  0.1575161E+01
 0.2028000E+03  0.1575098E+01
 0.2029000E+03  0.1575035E+01
 0.2030000E+03  0.1574971E+01
 0.2031000E+03  0.1574907E+01
 0.2032000E+03  0.1574843E+01
 0.2033000E+03  0.1574779E+01
 0.2034000E+03  0.1574715E+01
 0.2035000E+03  0.1574650E+01
 0.2036000E+03  0.1574585E+01
 0.2037000E+03  0.1574520E+01
 0.2038000E+03  0.1574455E+01
 0.2039000E+03  0.1574390E+01
 0.2040000E+03  0.1574324E+01
 0.2041000E+03  0.1574258E+01
 0.2042000E+03  0.1574192E+01
 0.2043000E+03  0.1574125E+01
 0.2044000E+03  0.1574059E+01
 0.2045000E+03  0.1573992E+01
 0.2046000E+03  0.1573925E+01
 0.2047000E+03  0.1573857E+01
 0.2048000E+03  0.1573790E+01
 0.2049000E+03  0.1573722E+01
 0.2050000E+03  0.1573654E+01
 0.2051000E+03  0.1573586E+01
 0.2052000E+03  0.1573517E+01
 0.2053000E+03  0.1573449E+01
 0.2054000E+03  0.1573380E+01
 0.2055000E+03  0.1573311E+01
 0.2056000E+03  0.1573241E+01
 0.2057000E+03  0.1573172E+01
 0.2058000E+03  0.1573102E+01
 0.2059000E+03  0.1573032E+01
 0.2060000E+03  0.1572962E+01
 0.2061000E+03  0.1572891E+01
 0.2062000E+03  0.1572821E+01
 0.2063000E+03  0.1572750E+01
 0.2064000E+03  0.1572679E+01
 0.2065000E+03  0.1572607E+01
 0.2066000E+03  0.1572536E+01
 0.2067000E+03  0.1572464E+01
 0.2068000E+03  0.1572392E+01
 0.2069000E+03  0.1572320E+01
 0.2070000E+03  0.1572247E+01
 0.2071000E+03  0.1572175E+01
 0.2072000E+03  0.1572102E+01
 0.2073000E+03  0.1572029E+01
 0.2074000E+03  0.1571956E+01
 0.2075000E+03  0.1571882E+01
 0.2076000E+03  0.1571808E+01
 0.2077000E+03  0.1571735E+01
 0.2078000E+03  0.1571660E+01
 0.2079000E+03  0.1571586E+01
 0.2080000E+03  0.1571511E+01
 0.2081000E+03  0.1571437E+01
 0.2082000E+03  0.1571362E+01
 0.2083000E+03  0.1571286E+01
 0.2084000E+03  0.1571211E+01
 0.2085000E+03  0.1571135E+01
 0.2086000E+03  0.1571060E+01
 0.2087000E+03  0.1570984E+01
 0.2088000E+03  0.1570907E+01
 0.2089000E+03  0.1570831E+01
 0.2090000E+03  0.1570754E+01
 0.2091000E+03  0.1570677E+01
 0.2092000E+03  0.1570600E+01
 0.2093000E+03  0.1570523E+01
 0.2094000E+03  0.1570445E+01
 0.2095000E+03  0.1570367E+01
 0.2096000E+03  0.1570289E+01
 0.2097000E+03  0.1570211E+01
 0.2098000E+03  0.1570133E+01
 0.2099000E+03  0.1570054E+01
 0.2100000E+03  0.1569976E+01
 0.2101000E+03  0.1569897E+01
 0.2102000E+03  0.1569817E+01
 0.2103000E+03  0.1569738E+01
 0.2104000E+03  0.1569658E+01
 0.2105000E+03  0.1569579E+01
 0.2106000E+03  0.1569498E+01
 0.2107000E+03  0.1569418E+01
 0.2108000E+03  0.1569338E+01
 0.2109000E+03  0.1569257E+01
 0.2110000E+03  0.1569176E+01
 0.2111000E+03  0.1569095E+01
 0.2112000E+03  0.1569014E+01
 0.2113000E+03  0.1568933E+01
 0.2114000E+03  0.1568851E+01
 0.2115000E+03  0.1568769E+01
 0.2116000E+03  0.1568687E+01
 0.2117000E+03  0.1568605E+01
 0.2118000E+03  0.1568522E+01
 0.2119000E+03  0.1568440E+01
 0.2120000E+03  0.1568357E+01
 0.2121000E+03  0.1568274E+01
 0.2122000E+03  0.1568190E+01
 0.2123000E+03  0.1568107E+01
 0.2124000E+03  0.1568023E+01
 0.2125000E+03  0.1567939E+01
 0.2126000E+03  0.1567855E+01
 0.2127000E+03  0.1567771E+01
 0.2128000E+03  0.1567686E+01
 0.2129000E+03  0.1567602E+01
 0.2130000E+03  0.1567517E+01
 0.2131000E+03  0.1567432E+01
 0.2132000E+03  0.1567347E+01
 0.2133000E+03  0.1567261E+01
 0.2134000E+03  0.1567175E+01
 0.2135000E+03  0.1567090E+01
 0.2136000E+03  0.1567004E+01
 0.2137000E+03  0.1566917E+01
 0.2138000E+03  0.1566831E+01
 0.2139000E+03  0.1566744E+01
 0.2140000E+03  0.1566657E+01
 0.2141000E+03  0.1566570E+01
 0.2142000E+03  0.1566483E+01
 0.2143000E+03  0.1566396E+01
 0.2144000E+03  0.1566308E+01
 0.2145000E+03  0.1566220E+01
 0.2146000E+03  0.1566132E+01
 0.2147000E+03  0.1566044E+01
 0.2148000E+03  0.1565956E+01
 0.2149000E+03  0.1565867E+01
 0.2150000E+03  0.1565779E+01
 0.2151000E+03  0.1565690E+01
 0.2152000E+03  0.1565601E+01
 0.2153000E+03  0.1565511E+01
 0.2154000E+03  0.1565422E+01
 0.2155000E+03  0.1565332E+01
 0.2156000E+03  0.1565242E+01
 0.2157000E+03  0.1565152E+01
 0.2158000E+03  0.1565062E+01
 0.2159000E+03  0.1564971E+01
 0.2160000E+03  0.1564881E+01
 0.2161000E+03  0.1564790E+01
 0.2162000E+03  0.1564699E+01
 0.2163000E+03  0.1564608E+01
 0.2164000E+03  0.1564516E+01
 0.2165000E+03  0.1564425E+01
 0.2166000E+03  0.1564333E+01
 0.2167000E+03  0.1564241E+01
 0.2168000E+03  0.1564149E+01
 0.2169000E+03  0.1564057E+01
 0.2170000E+03  0.1563964E+01
 0.2171000E+03  0.1563872E+01
 0.2172000E+03  0.1563779E+01
 0.2173000E+03  0.1563686E+01
 0.2174000E+03  0.1563593E+01
 0.2175000E+03  0.1563499E+01
 0.2176000E+03  0.1563406E+01
 0.2177000E+03  0.1563312E+01
 0.2178000E+03  0.1563218E+01
 0.2179000E+03  0.1563124E+01
 0.2180000E+03  0.1563030E+01
 0.2181000E+03  0.1562935E+01
 0.2182000E+03  0.1562841E+01
 0.2183000E+03  0.1562746E+01
 0.2184000E+03  0.1562651E+01
 0.2185000E+03  0.1562556E+01
 0.2186000E+03  0.1562460E+01
 0.2187000E+03  0.1562365E+01
 0.2188000E+03  0.1562269E+01
 0.2189000E+03  0.1562173E+01
 0.2190000E+03  0.1562077E+01
 0.2191000E+03  0.1561981E+01
 0.2192000E+03  0.1561884E+01
 0.2193000E+03  0.1561788E+01
 0.2194000E+03  0.1561691E+01
 0.2195000E+03  0.1561594E+01
 0.2196000E+03  0.1561497E+01
 0.2197000E+03  0.1561400E+01
 0.2198000E+03  0.1561303E+01
 0.2199000E+03  0.1561205E+01
 0.2200000E+03  0.1561107E+01
 0.2201000E+03  0.1561009E+01
 0.2202000E+03  0.1560911E+01
 0.2203000E+03  0.1560813E+01
 0.2204000E+03  0.1560714E+01
 0.2205000E+03  0.1560616E+01
 0.2206000E+03  0.1560517E+01
 0.2207000E+03  0.1560418E+01
 0.2208000E+03  0.1560319E+01
 0.2209000E+03  0.1560220E+01
 0.2210000E+03  0.1560120E+01
 0.2211000E+03  0.1560020E+01
 0.2212000E+03  0.1559921E+01
 0.2213000E+03  0.1559821E+01
 0.2214000E+03  0.1559721E+01
 0.2215000E+03  0.1559620E+01
 0.2216000E+03  0.1559520E+01
 0.2217000E+03  0.1559419E+01
 0.2218000E+03  0.1559319E+01
 0.2219000E+03  0.1559218E+01
 0.2220000E+03  0.1559116E+01
 0.2221000E+03  0.1559015E+01
 0.2222000E+03  0.1558914E+01
 0.2223000E+03  0.1558812E+01
 0.2224000E+03  0.1558710E+01
 0.2225000E+03  0.1558609E+01
 0.2226000E+03  0.1558506E+01
 0.2227000E+03  0.1558404E+01
 0.2228000E+03  0.1558302E+01
 0.2229000E+03  0.1558199E+01
 0.2230000E+03  0.1558097E+01
 0.2231000E+03  0.1557994E+01
 0.2232000E+03  0.1557891E+01
 0.2233000E+03  0.1557788E+01
 0.2234000E+03  0.1557684E+01
 0.2235000E+03  0.1557581E+01
 0.2236000E+03  0.1557477E+01
 0.2237000E+03  0.1557373E+01
 0.2238000E+03  0.1557269E+01
 0.2239000E+03  0.1557165E+01
 0.2240000E+03  0.1557061E+01
 0.2241000E+03  0.1556957E+01
 0.2242000E+03  0.1556852E+01
 0.2243000E+03  0.1556747E+01
 0.2244000E+03  0.1556642E+01
 0.2245000E+03  0.1556537E+01
 0.2246000E+03  0.1556432E+01
 0.2247000E+03  0.1556327E+01
 0.2248000E+03  0.1556221E+01
 0.2249000E+03  0.1556116E+01
 0.2250000E+03  0.1556010E+01
 0.2251000E+03  0.1555904E+01
 0.2252000E+03  0.1555798E+01
 0.2253000E+03  0.1555692E+01
 0.2254000E+03  0.1555585E+01
 0.2255000E+03  0.1555479E+01
 0.2256000E+03  0.1555372E+01
 0.2257000E+03  0.1555265E+01
 0.2258000E+03  0.1555158E+01
 0.2259000E+03  0.1555051E+01
 0.2260000E+03  0.1554944E+01
 0.2261000E+03  0.1554837E+01
 0.2262000E+03  0.1554729E+01
 0.2263000E+03  0.1554621E+01
 0.2264000E+03  0.1554513E+01
 0.2265000E+03  0.1554406E+01
 0.2266000E+03  0.1554297E+01
 0.2267000E+03  0.1554189E+01
 0.2268000E+03  0.1554081E+01
 0.2269000E+03  0.1553972E+01
 0.2270000E+03  0.1553863E+01
 0.2271000E+03  0.1553755E+01
 0.2272000E+03  0.1553646E+01
 0.2273000E+03  0.1553537E+01
 0.2274000E+03  0.1553427E+01
 0.2275000E+03  0.1553318E+01
 0.2276000E+03  0.1553208E+01
 0.2277000E+03  0.1553099E+01
 0.2278000E+03  0.1552989E+01
 0.2279000E+03  0.1552879E+01
 0.2280000E+03  0.1552769E+01
 0.2281000E+03  0.1552659E+01
 0.2282000E+03  0.1552548E+01
 0.2283000E+03  0.1552438E+01
 0.2284000E+03  0.1552327E+01
 0.2285000E+03  0.1552217E+01
 0.2286000E+03  0.1552106E+01
 0.2287000E+03  0.1551995E+01
 0.2288000E+03  0.1551884E+01
 0.2289000E+03  0.1551772E+01
 0.2290000E+03  0.1551661E+01
 0.2291000E+03  0.1551549E+01
 0.2292000E+03  0.1551438E+01
 0.2293000E+03  0.1551326E+01
 0.2294000E+03  0.1551214E+01
 0.2295000E+03  0.1551102E+01
 0.2296000E+03  0.1550990E+01
 0.2297000E+03  0.1550877E+01
 0.2298000E+03  0.1550765E+01
 0.2299000E+03  0.1550652E+01
 0.2300000E+03  0.1550540E+01
 0.2301000E+03  0.1550427E+01
 0.2302000E+03  0.1550314E+01
 0.2303000E+03  0.1550201E+01
 0.2304000E+03  0.1550088E+01
 0.2305000E+03  0.1549974E+01
 0.2306000E+03  0.1549861E+01
 0.2307000E+03  0.1549747E+01
 0.2308000E+03  0.1549633E+01
 0.2309000E+03  0.1549520E+01
 0.2310000E+03  0.1549406E+01
 0.2311000E+03  0.1549292E+01
 0.2312000E+03  0.1549177E+01
 0.2313000E+03  0.1549063E+01
 0.2314000E+03  0.1548949E+01
 0.2315000E+03  0.1548834E+01
 0.2316000E+03  0.1548719E+01
 0.2317000E+03  0.1548605E+01
 0.2318000E+03  0.1548490E+01
 0.2319000E+03  0.1548375E+01
 0.2320000E+03  0.1548260E+01
 0.2321000E+03  0.1548144E+01
 0.2322000E+03  0.1548029E+01
 0.2323000E+03  0.1547913E+01
 0.2324000E+03  0.1547798E+01
 0.2325000E+03  0.1547682E+01
 0.2326000E+03  0.1547566E+01
 0.2327000E+03  0.1547450E+01
 0.2328000E+03  0.1547334E+01
 0.2329000E+03  0.1547218E+01
 0.2330000E+03  0.1547102E+01
 0.2331000E+03  0.1546985E+01
 0.2332000E+03  0.1546869E+01
 0.2333000E+03  0.1546752E+01
 0.2334000E+03  0.1546635E+01
 0.2335000E+03  0.1546518E+01
 0.2336000E+03  0.1546402E+01
 0.2337000E+03  0.1546284E+01
 0.2338000E+03  0.1546167E+01
 0.2339000E+03  0.1546050E+01
 0.2340000E+03  0.1545933E+01
 0.2341000E+03  0.1545815E+01
 0.2342000E+03  0.1545697E+01
 0.2343000E+03  0.1545580E+01
 0.2344000E+03  0.1545462E+01
 0.2345000E+03  0.1545344E+01
 0.2346000E+03  0.1545226E+01
 0.2347000E+03  0.1545108E+01
 0.2348000E+03  0.1544989E+01
 0.2349000E+03  0.1544871E+01
 0.2350000E+03  0.1544753E+01
 0.2351000E+03  0.1544634E+01
 0.2352000E+03  0.1544515E+01
 0.2353000E+03  0.1544397E+01
 0.2354000E+03  0.1544278E+01
 0.2355000E+03  0.1544159E+01
 0.2356000E+03  0.1544040E+01
 0.2357000E+03  0.1543920E+01
 0.2358000E+03  0.1543801E+01
 0.2359000E+03  0.1543682E+01
 0.2360000E+03  0.1543562E+01
 0.2361000E+03  0.1543443E+01
 0.2362000E+03  0.1543323E+01
 0.2363000E+03  0.1543203E+01
 0.2364000E+03  0.1543083E+01
 0.2365000E+03  0.1542963E+01
 0.2366000E+03  0.1542843E+01
 0.2367000E+03  0.1542723E+01
 0.2368000E+03  0.1542603E+01
 0.2369000E+03  0.1542483E+01
 0.2370000E+03  0.1542362E+01
 0.2371000E+03  0.1542242E+01
 0.2372000E+03  0.1542121E+01
 0.2373000E+03  0.1542000E+01
 0.2374000E+03  0.1541880E+01
 0.2375000E+03  0.1541759E+01
 0.2376000E+03  0.1541638E+01
 0.2377000E+03  0.1541517E+01
 0.2378000E+03  0.1541395E+01
 0.2379000E+03  0.1541274E+01
 0.2380000E+03  0.1541153E+01
 0.2381000E+03  0.1541031E+01
 0.2382000E+03  0.1540910E+01
 0.2383000E+03  0.1540788E+01
 0.2384000E+03  0.1540666E+01
 0.2385000E+03  0.1540545E+01
 0.2386000E+03  0.1540423E+01
 0.2387000E+03  0.1540301E+01
 0.2388000E+03  0.1540179E+01
 0.2389000E+03  0.1540057E+01
 0.2390000E+03  0.1539934E+01
 0.2391000E+03  0.1539812E+01
 0.2392000E+03  0.1539690E+01
 0.2393000E+03  0.1539567E+01
 0.2394000E+03  0.1539445E+01
 0.2395000E+03  0.1539322E+01
 0.2396000E+03  0.1539199E+01
 0.2397000E+03  0.1539077E+01
 0.2398000E+03  0.1538954E+01
 0.2399000E+03  0.1538831E+01
 0.2400000E+03  0.1538708E+01
 0.2401000E+03  0.1538585E+01
 0.2402000E+03  0.1538462E+01
 0.2403000E+03  0.1538338E+01
 0.2404000E+03  0.1538215E+01
 0.2405000E+03  0.1538092E+01
 0.2406000E+03  0.1537968E+01
 0.2407000E+03  0.1537845E+01
 0.2408000E+03  0.1537721E+01
 0.2409000E+03  0.1537597E+01
 0.2410000E+03  0.1537473E+01
 0.2411000E+03  0.1537350E+01
 0.2412000E+03  0.1537226E+01
 0.2413000E+03  0.1537102E+01
 0.2414000E+03  0.1536978E+01
 0.2415000E+03  0.1536853E+01
 0.2416000E+03  0.1536729E+01
 0.2417000E+03  0.1536605E+01
 0.2418000E+03  0.1536481E+01
 0.2419000E+03  0.1536356E+01
 0.2420000E+03  0.1536232E+01
 0.2421000E+03  0.1536107E+01
 0.2422000E+03  0.1535982E+01
 0.2423000E+03  0.1535858E+01
 0.2424000E+03  0.1535733E+01
 0.2425000E+03  0.1535608E+01
 0.2426000E+03  0.1535483E+01
 0.2427000E+03  0.1535358E+01
 0.2428000E+03  0.1535233E+01
 0.2429000E+03  0.1535108E+01
 0.2430000E+03  0.1534983E+01
 0.2431000E+03  0.1534858E+01
 0.2432000E+03  0.1534732E+01
 0.2433000E+03  0.1534607E+01
 0.2434000E+03  0.1534482E+01
 0.2435000E+03  0.1534356E+01
 0.2436000E+03  0.1534231E+01
 0.2437000E+03  0.1534105E+01
 0.2438000E+03  0.1533980E+01
 0.2439000E+03  0.1533854E+01
 0.2440000E+03  0.1533728E+01
 0.2441000E+03  0.1533602E+01
 0.2442000E+03  0.1533476E+01
 0.2443000E+03  0.1533350E+01
 0.2444000E+03  0.1533224E+01
 0.2445000E+03  0.1533098E+01
 0.2446000E+03  0.1532972E+01
 0.2447000E+03  0.1532846E+01
 0.2448000E+03  0.1532720E+01
 0.2449000E+03  0.1532594E+01
 0.2450000E+03  0.1532467E+01
 0.2451000E+03  0.1532341E+01
 0.2452000E+03  0.1532214E+01
 0.2453000E+03  0.1532088E+01
 0.2454000E+03  0.1531961E+01
 0.2455000E+03  0.1531835E+01
 0.2456000E+03  0.1531708E+01
 0.2457000E+03  0.1531582E+01
 0.2458000E+03  0.1531455E+01
 0.2459000E+03  0.1531328E+01
 0.2460000E+03  0.1531201E+01
 0.2461000E+03  0.1531074E+01
 0.2462000E+03  0.1530947E+01
 0.2463000E+03  0.1530820E+01
 0.2464000E+03  0.1530693E+01
 0.2465000E+03  0.1530566E+01
 0.2466000E+03  0.1530439E+01
 0.2467000E+03  0.1530312E+01
 0.2468000E+03  0.1530185E+01
 0.2469000E+03  0.1530058E+01
 0.2470000E+03  0.1529930E+01
 0.2471000E+03  0.1529803E+01
 0.2472000E+03  0.1529676E+01
 0.2473000E+03  0.1529548E+01
 0.2474000E+03  0.1529421E+01
 0.2475000E+03  0.1529293E+01
 0.2476000E+03  0.1529166E+01
 0.2477000E+03  0.1529038E+01
 0.2478000E+03  0.1528911E+01
 0.2479000E+03  0.1528783E+01
 0.2480000E+03  0.1528655E+01
 0.2481000E+03  0.1528528E+01
 0.2482000E+03  0.1528400E+01
 0.2483000E+03  0.1528272E+01
 0.2484000E+03  0.1528144E+01
 0.2485000E+03  0.1528016E+01
 0.2486000E+03  0.1527888E+01
 0.2487000E+03  0.1527760E+01
 0.2488000E+03  0.1527632E+01
 0.2489000E+03  0.1527504E+01
 0.2490000E+03  0.1527376E+01
 0.2491000E+03  0.1527248E+01
 0.2492000E+03  0.1527120E+01
 0.2493000E+03  0.1526992E+01
 0.2494000E+03  0.1526864E+01
 0.2495000E+03  0.1526736E+01
 0.2496000E+03  0.1526608E+01
 0.2497000E+03  0.1526479E+01
 0.2498000E+03  0.1526351E+01
 0.2499000E+03  0.1526223E+01
 0.2500000E+03  0.1526094E+01
 0.2501000E+03  0.1525966E+01
 0.2502000E+03  0.1525838E+01
 0.2503000E+03  0.1525709E+01
 0.2504000E+03  0.1525581E+01
 0.2505000E+03  0.1525452E+01
 0.2506000E+03  0.1525324E+01
 0.2507000E+03  0.1525195E+01
 0.2508000E+03  0.1525067E+01
 0.2509000E+03  0.1524938E+01
 0.2510000E+03  0.1524810E+01
 0.2511000E+03  0.1524681E+01
 0.2512000E+03  0.1524552E+01
 0.2513000E+03  0.1524424E+01
 0.2514000E+03  0.1524295E+01
 0.2515000E+03  0.1524166E+01
 0.2516000E+03  0.1524038E+01
 0.2517000E+03  0.1523909E+01
 0.2518000E+03  0.1523780E+01
 0.2519000E+03  0.1523651E+01
 0.2520000E+03  0.1523523E+01
 0.2521000E+03  0.1523394E+01
 0.2522000E+03  0.1523265E+01
 0.2523000E+03  0.1523136E+01
 0.2524000E+03  0.1523007E+01
 0.2525000E+03  0.1522879E+01
 0.2526000E+03  0.1522750E+01
 0.2527000E+03  0.1522621E+01
 0.2528000E+03  0.1522492E+01
 0.2529000E+03  0.1522363E+01
 0.2530000E+03  0.1522234E+01
 0.2531000E+03  0.1522105E+01
 0.2532000E+03  0.1521976E+01
 0.2533000E+03  0.1521847E+01
 0.2534000E+03  0.1521718E+01
 0.2535000E+03  0.1521589E+01
 0.2536000E+03  0.1521460E+01
 0.2537000E+03  0.1521331E+01
 0.2538000E+03  0.1521202E+01
 0.2539000E+03  0.1521073E+01
 0.2540000E+03  0.1520944E+01
 0.2541000E+03  0.1520815E+01
 0.2542000E+03  0.1520686E+01
 0.2543000E+03  0.1520557E+01
 0.2544000E+03  0.1520428E+01
 0.2545000E+03  0.1520299E+01
 0.2546000E+03  0.1520170E+01
 0.2547000E+03  0.1520041E+01
 0.2548000E+03  0.1519912E+01
 0.2549000E+03  0.1519783E+01
 0.2550000E+03  0.1519654E+01
 0.2551000E+03  0.1519525E+01
 0.2552000E+03  0.1519396E+01
 0.2553000E+03  0.1519267E+01
 0.2554000E+03  0.1519138E+01
 0.2555000E+03  0.1519009E+01
 0.2556000E+03  0.1518880E+01
 0.2557000E+03  0.1518751E+01
 0.2558000E+03  0.1518622E+01
 0.2559000E+03  0.1518493E+01
 0.2560000E+03  0.1518364E+01
 0.2561000E+03  0.1518235E+01
 0.2562000E+03  0.1518106E+01
 0.2563000E+03  0.1517976E+01
 0.2564000E+03  0.1517847E+01
 0.2565000E+03  0.1517718E+01
 0.2566000E+03  0.1517589E+01
 0.2567000E+03  0.1517461E+01
 0.2568000E+03  0.1517332E+01
 0.2569000E+03  0.1517203E+01
 0.2570000E+03  0.1517074E+01
 0.2571000E+03  0.1516945E+01
 0.2572000E+03  0.1516816E+01
 0.2573000E+03  0.1516687E+01
 0.2574000E+03  0.1516558E+01
 0.2575000E+03  0.1516429E+01
 0.2576000E+03  0.1516300E+01
 0.2577000E+03  0.1516171E+01
 0.2578000E+03  0.1516042E+01
 0.2579000E+03  0.1515913E+01
 0.2580000E+03  0.1515785E+01
 0.2581000E+03  0.1515656E+01
 0.2582000E+03  0.1515527E+01
 0.2583000E+03  0.1515398E+01
 0.2584000E+03  0.1515269E+01
 0.2585000E+03  0.1515141E+01
 0.2586000E+03  0.1515012E+01
 0.2587000E+03  0.1514883E+01
 0.2588000E+03  0.1514754E+01
 0.2589000E+03  0.1514626E+01
 0.2590000E+03  0.1514497E+01
 0.2591000E+03  0.1514368E+01
 0.2592000E+03  0.1514240E+01
 0.2593000E+03  0.1514111E+01
 0.2594000E+03  0.1513983E+01
 0.2595000E+03  0.1513854E+01
 0.2596000E+03  0.1513726E+01
 0.2597000E+03  0.1513597E+01
 0.2598000E+03  0.1513469E+01
 0.2599000E+03  0.1513340E+01
 0.2600000E+03  0.1513212E+01
 0.2601000E+03  0.1513083E+01
 0.2602000E+03  0.1512955E+01
 0.2603000E+03  0.1512826E+01
 0.2604000E+03  0.1512698E+01
 0.2605000E+03  0.1512570E+01
 0.2606000E+03  0.1512442E+01
 0.2607000E+03  0.1512313E+01
 0.2608000E+03  0.1512185E+01
 0.2609000E+03  0.1512057E+01
 0.2610000E+03  0.1511929E+01
 0.2611000E+03  0.1511801E+01
 0.2612000E+03  0.1511672E+01
 0.2613000E+03  0.1511544E+01
 0.2614000E+03  0.1511416E+01
 0.2615000E+03  0.1511288E+01
 0.2616000E+03  0.1511160E+01
 0.2617000E+03  0.1511032E+01
 0.2618000E+03  0.1510905E+01
 0.2619000E+03  0.1510777E+01
 0.2620000E+03  0.1510649E+01
 0.2621000E+03  0.1510521E+01
 0.2622000E+03  0.1510393E+01
 0.2623000E+03  0.1510266E+01
 0.2624000E+03  0.1510138E+01
 0.2625000E+03  0.1510010E+01
 0.2626000E+03  0.1509883E+01
 0.2627000E+03  0.1509755E+01
 0.2628000E+03  0.1509628E+01
 0.2629000E+03  0.1509500E+01
 0.2630000E+03  0.1509373E+01
 0.2631000E+03  0.1509245E+01
 0.2632000E+03  0.1509118E+01
 0.2633000E+03  0.1508991E+01
 0.2634000E+03  0.1508863E+01
 0.2635000E+03  0.1508736E+01
 0.2636000E+03  0.1508609E+01
 0.2637000E+03  0.1508482E+01
 0.2638000E+03  0.1508355E+01
 0.2639000E+03  0.1508227E+01
 0.2640000E+03  0.1508100E+01
 0.2641000E+03  0.1507974E+01
 0.2642000E+03  0.1507847E+01
 0.2643000E+03  0.1507720E+01
 0.2644000E+03  0.1507593E+01
 0.2645000E+03  0.1507466E+01
 0.2646000E+03  0.1507339E+01
 0.2647000E+03  0.1507213E+01
 0.2648000E+03  0.1507086E+01
 0.2649000E+03  0.1506960E+01
 0.2650000E+03  0.1506833E+01
 0.2651000E+03  0.1506707E+01
 0.2652000E+03  0.1506580E+01
 0.2653000E+03  0.1506454E+01
 0.2654000E+03  0.1506327E+01
 0.2655000E+03  0.1506201E+01
 0.2656000E+03  0.1506075E+01
 0.2657000E+03  0.1505949E+01
 0.2658000E+03  0.1505823E+01
 0.2659000E+03  0.1505697E+01
 0.2660000E+03  0.1505571E+01
 0.2661000E+03  0.1505445E+01
 0.2662000E+03  0.1505319E+01
 0.2663000E+03  0.1505193E+01
 0.2664000E+03  0.1505067E+01
 0.2665000E+03  0.1504942E+01
 0.2666000E+03  0.1504816E+01
 0.2667000E+03  0.1504690E+01
 0.2668000E+03  0.1504565E+01
 0.2669000E+03  0.1504439E+01
 0.2670000E+03  0.1504314E+01
 0.2671000E+03  0.1504189E+01
 0.2672000E+03  0.1504063E+01
 0.2673000E+03  0.1503938E+01
 0.2674000E+03  0.1503813E+01
 0.2675000E+03  0.1503688E+01
 0.2676000E+03  0.1503563E+01
 0.2677000E+03  0.1503438E+01
 0.2678000E+03  0.1503313E+01
 0.2679000E+03  0.1503188E+01
 0.2680000E+03  0.1503064E+01
 0.2681000E+03  0.1502939E+01
 0.2682000E+03  0.1502814E+01
 0.2683000E+03  0.1502690E+01
 0.2684000E+03  0.1502565E+01
 0.2685000E+03  0.1502441E+01
 0.2686000E+03  0.1502316E+01
 0.2687000E+03  0.1502192E+01
 0.2688000E+03  0.1502068E+01
 0.2689000E+03  0.1501944E+01
 0.2690000E+03  0.1501820E+01
 0.2691000E+03  0.1501696E+01
 0.2692000E+03  0.1501572E+01
 0.2693000E+03  0.1501448E+01
 0.2694000E+03  0.1501324E+01
 0.2695000E+03  0.1501201E+01
 0.2696000E+03  0.1501077E+01
 0.2697000E+03  0.1500953E+01
 0.2698000E+03  0.1500830E+01
 0.2699000E+03  0.1500707E+01
 0.2700000E+03  0.1500583E+01
 0.2701000E+03  0.1500460E+01
 0.2702000E+03  0.1500337E+01
 0.2703000E+03  0.1500214E+01
 0.2704000E+03  0.1500091E+01
 0.2705000E+03  0.1499968E+01
 0.2706000E+03  0.1499845E+01
 0.2707000E+03  0.1499722E+01
 0.2708000E+03  0.1499600E+01
 0.2709000E+03  0.1499477E+01
 0.2710000E+03  0.1499355E+01
 0.2711000E+03  0.1499232E+01
 0.2712000E+03  0.1499110E+01
 0.2713000E+03  0.1498987E+01
 0.2714000E+03  0.1498865E+01
 0.2715000E+03  0.1498743E+01
 0.2716000E+03  0.1498621E+01
 0.2717000E+03  0.1498499E+01
 0.2718000E+03  0.1498377E+01
 0.2719000E+03  0.1498256E+01
 0.2720000E+03  0.1498134E+01
 0.2721000E+03  0.1498012E+01
 0.2722000E+03  0.1497891E+01
 0.2723000E+03  0.1497769E+01
 0.2724000E+03  0.1497648E+01
 0.2725000E+03  0.1497527E+01
 0.2726000E+03  0.1497406E+01
 0.2727000E+03  0.1497285E+01
 0.2728000E+03  0.1497164E+01
 0.2729000E+03  0.1497043E+01
 0.2730000E+03  0.1496922E+01
 0.2731000E+03  0.1496801E+01
 0.2732000E+03  0.1496681E+01
 0.2733000E+03  0.1496560E+01
 0.2734000E+03  0.1496440E+01
 0.2735000E+03  0.1496320E+01
 0.2736000E+03  0.1496199E+01
 0.2737000E+03  0.1496079E+01
 0.2738000E+03  0.1495959E+01
 0.2739000E+03  0.1495839E+01
 0.2740000E+03  0.1495720E+01
 0.2741000E+03  0.1495600E+01
 0.2742000E+03  0.1495480E+01
 0.2743000E+03  0.1495361E+01
 0.2744000E+03  0.1495241E+01
 0.2745000E+03  0.1495122E+01
 0.2746000E+03  0.1495003E+01
 0.2747000E+03  0.1494884E+01
 0.2748000E+03  0.1494765E+01
 0.2749000E+03  0.1494646E+01
 0.2750000E+03  0.1494527E+01
 0.2751000E+03  0.1494408E+01
 0.2752000E+03  0.1494289E+01
 0.2753000E+03  0.1494171E+01
 0.2754000E+03  0.1494053E+01
 0.2755000E+03  0.1493934E+01
 0.2756000E+03  0.1493816E+01
 0.2757000E+03  0.1493698E+01
 0.2758000E+03  0.1493580E+01
 0.2759000E+03  0.1493462E+01
 0.2760000E+03  0.1493344E+01
 0.2761000E+03  0.1493227E+01
 0.2762000E+03  0.1493109E+01
 0.2763000E+03  0.1492992E+01
 0.2764000E+03  0.1492874E+01
 0.2765000E+03  0.1492757E+01
 0.2766000E+03  0.1492640E+01
 0.2767000E+03  0.1492523E+01
 0.2768000E+03  0.1492406E+01
 0.2769000E+03  0.1492289E+01
 0.2770000E+03  0.1492173E+01
 0.2771000E+03  0.1492056E+01
 0.2772000E+03  0.1491939E+01
 0.2773000E+03  0.1491823E+01
 0.2774000E+03  0.1491707E+01
 0.2775000E+03  0.1491591E+01
 0.2776000E+03  0.1491475E+01
 0.2777000E+03  0.1491359E+01
 0.2778000E+03  0.1491243E+01
 0.2779000E+03  0.1491127E+01
 0.2780000E+03  0.1491012E+01
 0.2781000E+03  0.1490897E+01
 0.2782000E+03  0.1490781E+01
 0.2783000E+03  0.1490666E+01
 0.2784000E+03  0.1490551E+01
 0.2785000E+03  0.1490436E+01
 0.2786000E+03  0.1490321E+01
 0.2787000E+03  0.1490207E+01
 0.2788000E+03  0.1490092E+01
 0.2789000E+03  0.1489977E+01
 0.2790000E+03  0.1489863E+01
 0.2791000E+03  0.1489749E+01
 0.2792000E+03  0.1489635E+01
 0.2793000E+03  0.1489521E+01
 0.2794000E+03  0.1489407E+01
 0.2795000E+03  0.1489293E+01
 0.2796000E+03  0.1489180E+01
 0.2797000E+03  0.1489066E+01
 0.2798000E+03  0.1488953E+01
 0.2799000E+03  0.1488840E+01
 0.2800000E+03  0.1488727E+01
 0.2801000E+03  0.1488614E+01
 0.2802000E+03  0.1488501E+01
 0.2803000E+03  0.1488388E+01
 0.2804000E+03  0.1488275E+01
 0.2805000E+03  0.1488163E+01
 0.2806000E+03  0.1488051E+01
 0.2807000E+03  0.1487938E+01
 0.2808000E+03  0.1487826E+01
 0.2809000E+03  0.1487714E+01
 0.2810000E+03  0.1487603E+01
 0.2811000E+03  0.1487491E+01
 0.2812000E+03  0.1487379E+01
 0.2813000E+03  0.1487268E+01
 0.2814000E+03  0.1487157E+01
 0.2815000E+03  0.1487046E+01
 0.2816000E+03  0.1486935E+01
 0.2817000E+03  0.1486824E+01
 0.2818000E+03  0.1486713E+01
 0.2819000E+03  0.1486602E+01
 0.2820000E+03  0.1486492E+01
 0.2821000E+03  0.1486382E+01
 0.2822000E+03  0.1486271E+01
 0.2823000E+03  0.1486161E+01
 0.2824000E+03  0.1486051E+01
 0.2825000E+03  0.1485942E+01
 0.2826000E+03  0.1485832E+01
 0.2827000E+03  0.1485723E+01
 0.2828000E+03  0.1485613E+01
 0.2829000E+03  0.1485504E+01
 0.2830000E+03  0.1485395E+01
 0.2831000E+03  0.1485286E+01
 0.2832000E+03  0.1485177E+01
 0.2833000E+03  0.1485069E+01
 0.2834000E+03  0.1484960E+01
 0.2835000E+03  0.1484852E+01
 0.2836000E+03  0.1484743E+01
 0.2837000E+03  0.1484635E+01
 0.2838000E+03  0.1484527E+01
 0.2839000E+03  0.1484420E+01
 0.2840000E+03  0.1484312E+01
 0.2841000E+03  0.1484205E+01
 0.2842000E+03  0.1484097E+01
 0.2843000E+03  0.1483990E+01
 0.2844000E+03  0.1483883E+01
 0.2845000E+03  0.1483776E+01
 0.2846000E+03  0.1483669E+01
 0.2847000E+03  0.1483563E+01
 0.2848000E+03  0.1483456E+01
 0.2849000E+03  0.1483350E+01
 0.2850000E+03  0.1483244E+01
 0.2851000E+03  0.1483138E+01
 0.2852000E+03  0.1483032E+01
 0.2853000E+03  0.1482926E+01
 0.2854000E+03  0.1482821E+01
 0.2855000E+03  0.1482715E+01
 0.2856000E+03  0.1482610E+01
 0.2857000E+03  0.1482505E+01
 0.2858000E+03  0.1482400E+01
 0.2859000E+03  0.1482295E+01
 0.2860000E+03  0.1482191E+01
 0.2861000E+03  0.1482086E+01
 0.2862000E+03  0.1481982E+01
 0.2863000E+03  0.1481878E+01
 0.2864000E+03  0.1481774E+01
 0.2865000E+03  0.1481670E+01
 0.2866000E+03  0.1481566E+01
 0.2867000E+03  0.1481463E+01
 0.2868000E+03  0.1481359E+01
 0.2869000E+03  0.1481256E+01
 0.2870000E+03  0.1481153E+01
 0.2871000E+03  0.1481050E+01
 0.2872000E+03  0.1480947E+01
 0.2873000E+03  0.1480845E+01
 0.2874000E+03  0.1480742E+01
 0.2875000E+03  0.1480640E+01
 0.2876000E+03  0.1480538E+01
 0.2877000E+03  0.1480436E+01
 0.2878000E+03  0.1480334E+01
 0.2879000E+03  0.1480233E+01
 0.2880000E+03  0.1480131E+01
 0.2881000E+03  0.1480030E+01
 0.2882000E+03  0.1479929E+01
 0.2883000E+03  0.1479828E+01
 0.2884000E+03  0.1479727E+01
 0.2885000E+03  0.1479627E+01
 0.2886000E+03  0.1479526E+01
 0.2887000E+03  0.1479426E+01
 0.2888000E+03  0.1479326E+01
 0.2889000E+03  0.1479226E+01
 0.2890000E+03  0.1479126E+01
 0.2891000E+03  0.1479026E+01
 0.2892000E+03  0.1478927E+01
 0.2893000E+03  0.1478828E+01
 0.2894000E+03  0.1478729E+01
 0.2895000E+03  0.1478630E+01
 0.2896000E+03  0.1478531E+01
 0.2897000E+03  0.1478432E+01
 0.2898000E+03  0.1478334E+01
 0.2899000E+03  0.1478236E+01
 0.2900000E+03  0.1478138E+01
 0.2901000E+03  0.1478040E+01
 0.2902000E+03  0.1477942E+01
 0.2903000E+03  0.1477845E+01
 0.2904000E+03  0.1477747E+01
 0.2905000E+03  0.1477650E+01
 0.2906000E+03  0.1477553E+01
 0.2907000E+03  0.1477456E+01
 0.2908000E+03  0.1477360E+01
 0.2909000E+03  0.1477263E+01
 0.2910000E+03  0.1477167E+01
 0.2911000E+03  0.1477071E+01
 0.2912000E+03  0.1476975E+01
 0.2913000E+03  0.1476879E+01
 0.2914000E+03  0.1476784E+01
 0.2915000E+03  0.1476688E+01
 0.2916000E+03  0.1476593E+01
 0.2917000E+03  0.1476498E+01
 0.2918000E+03  0.1476403E+01
 0.2919000E+03  0.1476308E+01
 0.2920000E+03  0.1476214E+01
 0.2921000E+03  0.1476119E+01
 0.2922000E+03  0.1476025E+01
 0.2923000E+03  0.1475931E+01
 0.2924000E+03  0.1475838E+01
 0.2925000E+03  0.1475744E+01
 0.2926000E+03  0.1475651E+01
 0.2927000E+03  0.1475557E+01
 0.2928000E+03  0.1475464E+01
 0.2929000E+03  0.1475372E+01
 0.2930000E+03  0.1475279E+01
 0.2931000E+03  0.1475186E+01
 0.2932000E+03  0.1475094E+01
 0.2933000E+03  0.1475002E+01
 0.2934000E+03  0.1474910E+01
 0.2935000E+03  0.1474819E+01
 0.2936000E+03  0.1474727E+01
 0.2937000E+03  0.1474636E+01
 0.2938000E+03  0.1474545E+01
 0.2939000E+03  0.1474454E+01
 0.2940000E+03  0.1474363E+01
 0.2941000E+03  0.1474272E+01
 0.2942000E+03  0.1474182E+01
 0.2943000E+03  0.1474092E+01
 0.2944000E+03  0.1474002E+01
 0.2945000E+03  0.1473912E+01
 0.2946000E+03  0.1473822E+01
 0.2947000E+03  0.1473733E+01
 0.2948000E+03  0.1473644E+01
 0.2949000E+03  0.1473555E+01
 0.2950000E+03  0.1473466E+01
 0.2951000E+03  0.1473377E+01
 0.2952000E+03  0.1473289E+01
 0.2953000E+03  0.1473200E+01
 0.2954000E+03  0.1473112E+01
 0.2955000E+03  0.1473025E+01
 0.2956000E+03  0.1472937E+01
 0.2957000E+03  0.1472849E+01
 0.2958000E+03  0.1472762E+01
 0.2959000E+03  0.1472675E+01
 0.2960000E+03  0.1472588E+01
 0.2961000E+03  0.1472502E+01
 0.2962000E+03  0.1472415E+01
 0.2963000E+03  0.1472329E+01
 0.2964000E+03  0.1472243E+01
 0.2965000E+03  0.1472157E+01
 0.2966000E+03  0.1472071E+01
 0.2967000E+03  0.1471986E+01
 0.2968000E+03  0.1471901E+01
 0.2969000E+03  0.1471816E+01
 0.2970000E+03  0.1471731E+01
 0.2971000E+03  0.1471646E+01
 0.2972000E+03  0.1471562E+01
 0.2973000E+03  0.1471477E+01
 0.2974000E+03  0.1471393E+01
 0.2975000E+03  0.1471310E+01
 0.2976000E+03  0.1471226E+01
 0.2977000E+03  0.1471143E+01
 0.2978000E+03  0.1471059E+01
 0.2979000E+03  0.1470976E+01
 0.2980000E+03  0.1470894E+01
 0.2981000E+03  0.1470811E+01
 0.2982000E+03  0.1470729E+01
 0.2983000E+03  0.1470647E+01
 0.2984000E+03  0.1470565E+01
 0.2985000E+03  0.1470483E+01
 0.2986000E+03  0.1470401E+01
 0.2987000E+03  0.1470320E+01
 0.2988000E+03  0.1470239E+01
 0.2989000E+03  0.1470158E+01
 0.2990000E+03  0.1470077E+01
 0.2991000E+03  0.1469997E+01
 0.2992000E+03  0.1469917E+01
 0.2993000E+03  0.1469837E+01
 0.2994000E+03  0.1469757E+01
 0.2995000E+03  0.1469677E+01
 0.2996000E+03  0.1469598E+01
 0.2997000E+03  0.1469519E+01
 0.2998000E+03  0.1469440E+01
 0.2999000E+03  0.1469361E+01
 0.3000000E+03  0.1469282E+01
