 0.1000000E-02 -0.4994999E+01
 0.2000000E-02 -0.4989997E+01
 0.3000000E-02 -0.4984996E+01
 0.4000000E-02 -0.4979995E+01
 0.5000000E-02 -0.4974993E+01
 0.6000000E-02 -0.4969992E+01
 0.7000000E-02 -0.4964990E+01
 0.8000000E-02 -0.4959989E+01
 0.9000000E-02 -0.4954988E+01
 0.1000000E-01 -0.4949986E+01
 0.1100000E-01 -0.4944985E+01
 0.1200000E-01 -0.4939984E+01
 0.1300000E-01 -0.4934983E+01
 0.1400000E-01 -0.4929981E+01
 0.1500000E-01 -0.4924980E+01
 0.1600000E-01 -0.4919979E+01
 0.1700000E-01 -0.4914977E+01
 0.1800000E-01 -0.4909976E+01
 0.1900000E-01 -0.4904975E+01
 0.2000000E-01 -0.4899974E+01
 0.2100000E-01 -0.4894972E+01
 0.2200000E-01 -0.4889971E+01
 0.2300000E-01 -0.4884970E+01
 0.2400000E-01 -0.4879969E+01
 0.2500000E-01 -0.4874967E+01
 0.2600000E-01 -0.4869966E+01
 0.2700000E-01 -0.4864965E+01
 0.2800000E-01 -0.4859964E+01
 0.2900000E-01 -0.4854962E+01
 0.3000000E-01 -0.4849961E+01
 0.3100000E-01 -0.4844960E+01
 0.3200000E-01 -0.4839959E+01
 0.3300000E-01 -0.4834958E+01
 0.3400000E-01 -0.4829956E+01
 0.3500000E-01 -0.4824955E+01
 0.3600000E-01 -0.4819954E+01
 0.3700000E-01 -0.4814953E+01
 0.3800000E-01 -0.4809952E+01
 0.3900000E-01 -0.4804951E+01
 0.4000000E-01 -0.4799950E+01
 0.4100000E-01 -0.4794948E+01
 0.4200000E-01 -0.4789947E+01
 0.4300000E-01 -0.4784946E+01
 0.4400000E-01 -0.4779945E+01
 0.4500000E-01 -0.4774944E+01
 0.4600000E-01 -0.4769943E+01
 0.4700000E-01 -0.4764942E+01
 0.4800000E-01 -0.4759941E+01
 0.4900000E-01 -0.4754940E+01
 0.5000000E-01 -0.4749939E+01
 0.5100000E-01 -0.4744938E+01
 0.5200000E-01 -0.4739937E+01
 0.5300000E-01 -0.4734935E+01
 0.5400000E-01 -0.4729934E+01
 0.5500000E-01 -0.4724933E+01
 0.5600000E-01 -0.4719932E+01
 0.5700000E-01 -0.4714931E+01
 0.5800000E-01 -0.4709930E+01
 0.5900000E-01 -0.4704929E+01
 0.6000000E-01 -0.4699928E+01
 0.6100000E-01 -0.4694927E+01
 0.6200000E-01 -0.4689927E+01
 0.6300000E-01 -0.4684926E+01
 0.6400000E-01 -0.4679925E+01
 0.6500000E-01 -0.4674924E+01
 0.6600000E-01 -0.4669923E+01
 0.6700000E-01 -0.4664922E+01
 0.6800000E-01 -0.4659921E+01
 0.6900000E-01 -0.4654920E+01
 0.7000000E-01 -0.4649919E+01
 0.7100000E-01 -0.4644918E+01
 0.7200000E-01 -0.4639917E+01
 0.7300000E-01 -0.4634916E+01
 0.7400000E-01 -0.4629916E+01
 0.7500000E-01 -0.4624915E+01
 0.7600000E-01 -0.4619914E+01
 0.7700000E-01 -0.4614913E+01
 0.7800000E-01 -0.4609912E+01
 0.7900000E-01 -0.4604911E+01
 0.8000000E-01 -0.4599911E+01
 0.8100000E-01 -0.4594910E+01
 0.8200000E-01 -0.4589909E+01
 0.8300000E-01 -0.4584908E+01
 0.8400000E-01 -0.4579908E+01
 0.8500000E-01 -0.4574907E+01
 0.8600000E-01 -0.4569906E+01
 0.8700000E-01 -0.4564905E+01
 0.8800000E-01 -0.4559905E+01
 0.8900000E-01 -0.4554904E+01
 0.9000000E-01 -0.4549903E+01
 0.9100000E-01 -0.4544903E+01
 0.9200000E-01 -0.4539902E+01
 0.9300000E-01 -0.4534901E+01
 0.9400000E-01 -0.4529901E+01
 0.9500000E-01 -0.4524900E+01
 0.9600000E-01 -0.4519899E+01
 0.9700000E-01 -0.4514899E+01
 0.9800000E-01 -0.4509898E+01
 0.9900000E-01 -0.4504898E+01
 0.1000000E+00 -0.4499897E+01
 0.1010000E+00 -0.4494896E+01
 0.1020000E+00 -0.4489896E+01
 0.1030000E+00 -0.4484895E+01
 0.1040000E+00 -0.4479895E+01
 0.1050000E+00 -0.4474894E+01
 0.1060000E+00 -0.4469894E+01
 0.1070000E+00 -0.4464893E+01
 0.1080000E+00 -0.4459893E+01
 0.1090000E+00 -0.4454892E+01
 0.1100000E+00 -0.4449892E+01
 0.1110000E+00 -0.4444891E+01
 0.1120000E+00 -0.4439891E+01
 0.1130000E+00 -0.4434891E+01
 0.1140000E+00 -0.4429890E+01
 0.1150000E+00 -0.4424890E+01
 0.1160000E+00 -0.4419890E+01
 0.1170000E+00 -0.4414889E+01
 0.1180000E+00 -0.4409889E+01
 0.1190000E+00 -0.4404889E+01
 0.1200000E+00 -0.4399888E+01
 0.1210000E+00 -0.4394888E+01
 0.1220000E+00 -0.4389888E+01
 0.1230000E+00 -0.4384887E+01
 0.1240000E+00 -0.4379887E+01
 0.1250000E+00 -0.4374887E+01
 0.1260000E+00 -0.4369887E+01
 0.1270000E+00 -0.4364887E+01
 0.1280000E+00 -0.4359886E+01
 0.1290000E+00 -0.4354886E+01
 0.1300000E+00 -0.4349886E+01
 0.1310000E+00 -0.4344886E+01
 0.1320000E+00 -0.4339886E+01
 0.1330000E+00 -0.4334886E+01
 0.1340000E+00 -0.4329886E+01
 0.1350000E+00 -0.4324886E+01
 0.1360000E+00 -0.4319886E+01
 0.1370000E+00 -0.4314885E+01
 0.1380000E+00 -0.4309885E+01
 0.1390000E+00 -0.4304885E+01
 0.1400000E+00 -0.4299886E+01
 0.1410000E+00 -0.4294886E+01
 0.1420000E+00 -0.4289886E+01
 0.1430000E+00 -0.4284886E+01
 0.1440000E+00 -0.4279886E+01
 0.1450000E+00 -0.4274886E+01
 0.1460000E+00 -0.4269886E+01
 0.1470000E+00 -0.4264886E+01
 0.1480000E+00 -0.4259886E+01
 0.1490000E+00 -0.4254887E+01
 0.1500000E+00 -0.4249887E+01
 0.1510000E+00 -0.4244887E+01
 0.1520000E+00 -0.4239887E+01
 0.1530000E+00 -0.4234888E+01
 0.1540000E+00 -0.4229888E+01
 0.1550000E+00 -0.4224888E+01
 0.1560000E+00 -0.4219889E+01
 0.1570000E+00 -0.4214889E+01
 0.1580000E+00 -0.4209890E+01
 0.1590000E+00 -0.4204890E+01
 0.1600000E+00 -0.4199890E+01
 0.1610000E+00 -0.4194891E+01
 0.1620000E+00 -0.4189891E+01
 0.1630000E+00 -0.4184892E+01
 0.1640000E+00 -0.4179893E+01
 0.1650000E+00 -0.4174893E+01
 0.1660000E+00 -0.4169894E+01
 0.1670000E+00 -0.4164894E+01
 0.1680000E+00 -0.4159895E+01
 0.1690000E+00 -0.4154896E+01
 0.1700000E+00 -0.4149896E+01
 0.1710000E+00 -0.4144897E+01
 0.1720000E+00 -0.4139898E+01
 0.1730000E+00 -0.4134899E+01
 0.1740000E+00 -0.4129899E+01
 0.1750000E+00 -0.4124900E+01
 0.1760000E+00 -0.4119901E+01
 0.1770000E+00 -0.4114902E+01
 0.1780000E+00 -0.4109903E+01
 0.1790000E+00 -0.4104904E+01
 0.1800000E+00 -0.4099905E+01
 0.1810000E+00 -0.4094906E+01
 0.1820000E+00 -0.4089907E+01
 0.1830000E+00 -0.4084908E+01
 0.1840000E+00 -0.4079909E+01
 0.1850000E+00 -0.4074910E+01
 0.1860000E+00 -0.4069912E+01
 0.1870000E+00 -0.4064913E+01
 0.1880000E+00 -0.4059914E+01
 0.1890000E+00 -0.4054915E+01
 0.1900000E+00 -0.4049917E+01
 0.1910000E+00 -0.4044918E+01
 0.1920000E+00 -0.4039919E+01
 0.1930000E+00 -0.4034921E+01
 0.1940000E+00 -0.4029922E+01
 0.1950000E+00 -0.4024924E+01
 0.1960000E+00 -0.4019925E+01
 0.1970000E+00 -0.4014927E+01
 0.1980000E+00 -0.4009928E+01
 0.1990000E+00 -0.4004930E+01
 0.2000000E+00 -0.3999932E+01
 0.2010000E+00 -0.3994933E+01
 0.2020000E+00 -0.3989935E+01
 0.2030000E+00 -0.3984937E+01
 0.2040000E+00 -0.3979939E+01
 0.2050000E+00 -0.3974941E+01
 0.2060000E+00 -0.3969942E+01
 0.2070000E+00 -0.3964944E+01
 0.2080000E+00 -0.3959946E+01
 0.2090000E+00 -0.3954948E+01
 0.2100000E+00 -0.3949951E+01
 0.2110000E+00 -0.3944953E+01
 0.2120000E+00 -0.3939955E+01
 0.2130000E+00 -0.3934957E+01
 0.2140000E+00 -0.3929959E+01
 0.2150000E+00 -0.3924962E+01
 0.2160000E+00 -0.3919964E+01
 0.2170000E+00 -0.3914966E+01
 0.2180000E+00 -0.3909969E+01
 0.2190000E+00 -0.3904971E+01
 0.2200000E+00 -0.3899974E+01
 0.2210000E+00 -0.3894976E+01
 0.2220000E+00 -0.3889979E+01
 0.2230000E+00 -0.3884982E+01
 0.2240000E+00 -0.3879984E+01
 0.2250000E+00 -0.3874987E+01
 0.2260000E+00 -0.3869990E+01
 0.2270000E+00 -0.3864993E+01
 0.2280000E+00 -0.3859996E+01
 0.2290000E+00 -0.3854999E+01
 0.2300000E+00 -0.3850002E+01
 0.2310000E+00 -0.3845005E+01
 0.2320000E+00 -0.3840008E+01
 0.2330000E+00 -0.3835011E+01
 0.2340000E+00 -0.3830015E+01
 0.2350000E+00 -0.3825018E+01
 0.2360000E+00 -0.3820021E+01
 0.2370000E+00 -0.3815025E+01
 0.2380000E+00 -0.3810028E+01
 0.2390000E+00 -0.3805032E+01
 0.2400000E+00 -0.3800035E+01
 0.2410000E+00 -0.3795039E+01
 0.2420000E+00 -0.3790043E+01
 0.2430000E+00 -0.3785047E+01
 0.2440000E+00 -0.3780051E+01
 0.2450000E+00 -0.3775055E+01
 0.2460000E+00 -0.3770059E+01
 0.2470000E+00 -0.3765063E+01
 0.2480000E+00 -0.3760067E+01
 0.2490000E+00 -0.3755071E+01
 0.2500000E+00 -0.3750075E+01
 0.2510000E+00 -0.3745080E+01
 0.2520000E+00 -0.3740084E+01
 0.2530000E+00 -0.3735089E+01
 0.2540000E+00 -0.3730093E+01
 0.2550000E+00 -0.3725098E+01
 0.2560000E+00 -0.3720103E+01
 0.2570000E+00 -0.3715107E+01
 0.2580000E+00 -0.3710112E+01
 0.2590000E+00 -0.3705117E+01
 0.2600000E+00 -0.3700122E+01
 0.2610000E+00 -0.3695127E+01
 0.2620000E+00 -0.3690133E+01
 0.2630000E+00 -0.3685138E+01
 0.2640000E+00 -0.3680143E+01
 0.2650000E+00 -0.3675149E+01
 0.2660000E+00 -0.3670154E+01
 0.2670000E+00 -0.3665160E+01
 0.2680000E+00 -0.3660166E+01
 0.2690000E+00 -0.3655171E+01
 0.2700000E+00 -0.3650177E+01
 0.2710000E+00 -0.3645183E+01
 0.2720000E+00 -0.3640189E+01
 0.2730000E+00 -0.3635195E+01
 0.2740000E+00 -0.3630202E+01
 0.2750000E+00 -0.3625208E+01
 0.2760000E+00 -0.3620214E+01
 0.2770000E+00 -0.3615221E+01
 0.2780000E+00 -0.3610228E+01
 0.2790000E+00 -0.3605234E+01
 0.2800000E+00 -0.3600241E+01
 0.2810000E+00 -0.3595248E+01
 0.2820000E+00 -0.3590255E+01
 0.2830000E+00 -0.3585262E+01
 0.2840000E+00 -0.3580270E+01
 0.2850000E+00 -0.3575277E+01
 0.2860000E+00 -0.3570284E+01
 0.2870000E+00 -0.3565292E+01
 0.2880000E+00 -0.3560300E+01
 0.2890000E+00 -0.3555307E+01
 0.2900000E+00 -0.3550315E+01
 0.2910000E+00 -0.3545323E+01
 0.2920000E+00 -0.3540332E+01
 0.2930000E+00 -0.3535340E+01
 0.2940000E+00 -0.3530348E+01
 0.2950000E+00 -0.3525357E+01
 0.2960000E+00 -0.3520365E+01
 0.2970000E+00 -0.3515374E+01
 0.2980000E+00 -0.3510383E+01
 0.2990000E+00 -0.3505392E+01
 0.3000000E+00 -0.3500401E+01
 0.3010000E+00 -0.3495410E+01
 0.3020000E+00 -0.3490420E+01
 0.3030000E+00 -0.3485429E+01
 0.3040000E+00 -0.3480439E+01
 0.3050000E+00 -0.3475449E+01
 0.3060000E+00 -0.3470459E+01
 0.3070000E+00 -0.3465469E+01
 0.3080000E+00 -0.3460479E+01
 0.3090000E+00 -0.3455489E+01
 0.3100000E+00 -0.3450500E+01
 0.3110000E+00 -0.3445511E+01
 0.3120000E+00 -0.3440521E+01
 0.3130000E+00 -0.3435532E+01
 0.3140000E+00 -0.3430543E+01
 0.3150000E+00 -0.3425555E+01
 0.3160000E+00 -0.3420566E+01
 0.3170000E+00 -0.3415578E+01
 0.3180000E+00 -0.3410589E+01
 0.3190000E+00 -0.3405601E+01
 0.3200000E+00 -0.3400613E+01
 0.3210000E+00 -0.3395626E+01
 0.3220000E+00 -0.3390638E+01
 0.3230000E+00 -0.3385651E+01
 0.3240000E+00 -0.3380663E+01
 0.3250000E+00 -0.3375676E+01
 0.3260000E+00 -0.3370689E+01
 0.3270000E+00 -0.3365703E+01
 0.3280000E+00 -0.3360716E+01
 0.3290000E+00 -0.3355730E+01
 0.3300000E+00 -0.3350744E+01
 0.3310000E+00 -0.3345758E+01
 0.3320000E+00 -0.3340772E+01
 0.3330000E+00 -0.3335786E+01
 0.3340000E+00 -0.3330801E+01
 0.3350000E+00 -0.3325815E+01
 0.3360000E+00 -0.3320830E+01
 0.3370000E+00 -0.3315846E+01
 0.3380000E+00 -0.3310861E+01
 0.3390000E+00 -0.3305877E+01
 0.3400000E+00 -0.3300892E+01
 0.3410000E+00 -0.3295908E+01
 0.3420000E+00 -0.3290925E+01
 0.3430000E+00 -0.3285941E+01
 0.3440000E+00 -0.3280958E+01
 0.3450000E+00 -0.3275975E+01
 0.3460000E+00 -0.3270992E+01
 0.3470000E+00 -0.3266009E+01
 0.3480000E+00 -0.3261027E+01
 0.3490000E+00 -0.3256044E+01
 0.3500000E+00 -0.3251062E+01
 0.3510000E+00 -0.3246081E+01
 0.3520000E+00 -0.3241099E+01
 0.3530000E+00 -0.3236118E+01
 0.3540000E+00 -0.3231137E+01
 0.3550000E+00 -0.3226156E+01
 0.3560000E+00 -0.3221176E+01
 0.3570000E+00 -0.3216195E+01
 0.3580000E+00 -0.3211215E+01
 0.3590000E+00 -0.3206236E+01
 0.3600000E+00 -0.3201256E+01
 0.3610000E+00 -0.3196277E+01
 0.3620000E+00 -0.3191298E+01
 0.3630000E+00 -0.3186320E+01
 0.3640000E+00 -0.3181341E+01
 0.3650000E+00 -0.3176363E+01
 0.3660000E+00 -0.3171385E+01
 0.3670000E+00 -0.3166408E+01
 0.3680000E+00 -0.3161431E+01
 0.3690000E+00 -0.3156454E+01
 0.3700000E+00 -0.3151477E+01
 0.3710000E+00 -0.3146501E+01
 0.3720000E+00 -0.3141525E+01
 0.3730000E+00 -0.3136549E+01
 0.3740000E+00 -0.3131573E+01
 0.3750000E+00 -0.3126598E+01
 0.3760000E+00 -0.3121624E+01
 0.3770000E+00 -0.3116649E+01
 0.3780000E+00 -0.3111675E+01
 0.3790000E+00 -0.3106701E+01
 0.3800000E+00 -0.3101728E+01
 0.3810000E+00 -0.3096755E+01
 0.3820000E+00 -0.3091782E+01
 0.3830000E+00 -0.3086809E+01
 0.3840000E+00 -0.3081837E+01
 0.3850000E+00 -0.3076866E+01
 0.3860000E+00 -0.3071894E+01
 0.3870000E+00 -0.3066923E+01
 0.3880000E+00 -0.3061953E+01
 0.3890000E+00 -0.3056982E+01
 0.3900000E+00 -0.3052012E+01
 0.3910000E+00 -0.3047043E+01
 0.3920000E+00 -0.3042074E+01
 0.3930000E+00 -0.3037105E+01
 0.3940000E+00 -0.3032137E+01
 0.3950000E+00 -0.3027169E+01
 0.3960000E+00 -0.3022201E+01
 0.3970000E+00 -0.3017234E+01
 0.3980000E+00 -0.3012267E+01
 0.3990000E+00 -0.3007301E+01
 0.4000000E+00 -0.3002335E+01
 0.4010000E+00 -0.2997370E+01
 0.4020000E+00 -0.2992404E+01
 0.4030000E+00 -0.2987440E+01
 0.4040000E+00 -0.2982476E+01
 0.4050000E+00 -0.2977512E+01
 0.4060000E+00 -0.2972549E+01
 0.4070000E+00 -0.2967586E+01
 0.4080000E+00 -0.2962623E+01
 0.4090000E+00 -0.2957662E+01
 0.4100000E+00 -0.2952700E+01
 0.4110000E+00 -0.2947739E+01
 0.4120000E+00 -0.2942779E+01
 0.4130000E+00 -0.2937819E+01
 0.4140000E+00 -0.2932859E+01
 0.4150000E+00 -0.2927900E+01
 0.4160000E+00 -0.2922942E+01
 0.4170000E+00 -0.2917984E+01
 0.4180000E+00 -0.2913026E+01
 0.4190000E+00 -0.2908069E+01
 0.4200000E+00 -0.2903113E+01
 0.4210000E+00 -0.2898157E+01
 0.4220000E+00 -0.2893202E+01
 0.4230000E+00 -0.2888247E+01
 0.4240000E+00 -0.2883293E+01
 0.4250000E+00 -0.2878339E+01
 0.4260000E+00 -0.2873386E+01
 0.4270000E+00 -0.2868433E+01
 0.4280000E+00 -0.2863481E+01
 0.4290000E+00 -0.2858530E+01
 0.4300000E+00 -0.2853579E+01
 0.4310000E+00 -0.2848629E+01
 0.4320000E+00 -0.2843679E+01
 0.4330000E+00 -0.2838730E+01
 0.4340000E+00 -0.2833781E+01
 0.4350000E+00 -0.2828834E+01
 0.4360000E+00 -0.2823886E+01
 0.4370000E+00 -0.2818940E+01
 0.4380000E+00 -0.2813994E+01
 0.4390000E+00 -0.2809049E+01
 0.4400000E+00 -0.2804104E+01
 0.4410000E+00 -0.2799160E+01
 0.4420000E+00 -0.2794217E+01
 0.4430000E+00 -0.2789274E+01
 0.4440000E+00 -0.2784332E+01
 0.4450000E+00 -0.2779391E+01
 0.4460000E+00 -0.2774451E+01
 0.4470000E+00 -0.2769511E+01
 0.4480000E+00 -0.2764572E+01
 0.4490000E+00 -0.2759633E+01
 0.4500000E+00 -0.2754695E+01
 0.4510000E+00 -0.2749758E+01
 0.4520000E+00 -0.2744822E+01
 0.4530000E+00 -0.2739887E+01
 0.4540000E+00 -0.2734952E+01
 0.4550000E+00 -0.2730018E+01
 0.4560000E+00 -0.2725085E+01
 0.4570000E+00 -0.2720153E+01
 0.4580000E+00 -0.2715221E+01
 0.4590000E+00 -0.2710290E+01
 0.4600000E+00 -0.2705360E+01
 0.4610000E+00 -0.2700431E+01
 0.4620000E+00 -0.2695503E+01
 0.4630000E+00 -0.2690575E+01
 0.4640000E+00 -0.2685648E+01
 0.4650000E+00 -0.2680723E+01
 0.4660000E+00 -0.2675798E+01
 0.4670000E+00 -0.2670874E+01
 0.4680000E+00 -0.2665950E+01
 0.4690000E+00 -0.2661028E+01
 0.4700000E+00 -0.2656107E+01
 0.4710000E+00 -0.2651186E+01
 0.4720000E+00 -0.2646266E+01
 0.4730000E+00 -0.2641348E+01
 0.4740000E+00 -0.2636430E+01
 0.4750000E+00 -0.2631513E+01
 0.4760000E+00 -0.2626597E+01
 0.4770000E+00 -0.2621682E+01
 0.4780000E+00 -0.2616768E+01
 0.4790000E+00 -0.2611855E+01
 0.4800000E+00 -0.2606943E+01
 0.4810000E+00 -0.2602032E+01
 0.4820000E+00 -0.2597122E+01
 0.4830000E+00 -0.2592213E+01
 0.4840000E+00 -0.2587305E+01
 0.4850000E+00 -0.2582398E+01
 0.4860000E+00 -0.2577492E+01
 0.4870000E+00 -0.2572588E+01
 0.4880000E+00 -0.2567684E+01
 0.4890000E+00 -0.2562781E+01
 0.4900000E+00 -0.2557880E+01
 0.4910000E+00 -0.2552979E+01
 0.4920000E+00 -0.2548080E+01
 0.4930000E+00 -0.2543181E+01
 0.4940000E+00 -0.2538284E+01
 0.4950000E+00 -0.2533388E+01
 0.4960000E+00 -0.2528494E+01
 0.4970000E+00 -0.2523600E+01
 0.4980000E+00 -0.2518707E+01
 0.4990000E+00 -0.2513816E+01
 0.5000000E+00 -0.2508926E+01
 0.5010000E+00 -0.2504037E+01
 0.5020000E+00 -0.2499150E+01
 0.5030000E+00 -0.2494263E+01
 0.5040000E+00 -0.2489378E+01
 0.5050000E+00 -0.2484494E+01
 0.5060000E+00 -0.2479611E+01
 0.5070000E+00 -0.2474730E+01
 0.5080000E+00 -0.2469850E+01
 0.5090000E+00 -0.2464971E+01
 0.5100000E+00 -0.2460094E+01
 0.5110000E+00 -0.2455218E+01
 0.5120000E+00 -0.2450343E+01
 0.5130000E+00 -0.2445470E+01
 0.5140000E+00 -0.2440598E+01
 0.5150000E+00 -0.2435727E+01
 0.5160000E+00 -0.2430858E+01
 0.5170000E+00 -0.2425990E+01
 0.5180000E+00 -0.2421123E+01
 0.5190000E+00 -0.2416259E+01
 0.5200000E+00 -0.2411395E+01
 0.5210000E+00 -0.2406533E+01
 0.5220000E+00 -0.2401672E+01
 0.5230000E+00 -0.2396813E+01
 0.5240000E+00 -0.2391956E+01
 0.5250000E+00 -0.2387099E+01
 0.5260000E+00 -0.2382245E+01
 0.5270000E+00 -0.2377392E+01
 0.5280000E+00 -0.2372540E+01
 0.5290000E+00 -0.2367690E+01
 0.5300000E+00 -0.2362842E+01
 0.5310000E+00 -0.2357995E+01
 0.5320000E+00 -0.2353150E+01
 0.5330000E+00 -0.2348307E+01
 0.5340000E+00 -0.2343465E+01
 0.5350000E+00 -0.2338625E+01
 0.5360000E+00 -0.2333786E+01
 0.5370000E+00 -0.2328949E+01
 0.5380000E+00 -0.2324114E+01
 0.5390000E+00 -0.2319281E+01
 0.5400000E+00 -0.2314449E+01
 0.5410000E+00 -0.2309619E+01
 0.5420000E+00 -0.2304791E+01
 0.5430000E+00 -0.2299965E+01
 0.5440000E+00 -0.2295140E+01
 0.5450000E+00 -0.2290317E+01
 0.5460000E+00 -0.2285496E+01
 0.5470000E+00 -0.2280677E+01
 0.5480000E+00 -0.2275860E+01
 0.5490000E+00 -0.2271044E+01
 0.5500000E+00 -0.2266231E+01
 0.5510000E+00 -0.2261419E+01
 0.5520000E+00 -0.2256609E+01
 0.5530000E+00 -0.2251801E+01
 0.5540000E+00 -0.2246995E+01
 0.5550000E+00 -0.2242191E+01
 0.5560000E+00 -0.2237390E+01
 0.5570000E+00 -0.2232590E+01
 0.5580000E+00 -0.2227792E+01
 0.5590000E+00 -0.2222996E+01
 0.5600000E+00 -0.2218202E+01
 0.5610000E+00 -0.2213410E+01
 0.5620000E+00 -0.2208620E+01
 0.5630000E+00 -0.2203833E+01
 0.5640000E+00 -0.2199047E+01
 0.5650000E+00 -0.2194264E+01
 0.5660000E+00 -0.2189483E+01
 0.5670000E+00 -0.2184704E+01
 0.5680000E+00 -0.2179927E+01
 0.5690000E+00 -0.2175152E+01
 0.5700000E+00 -0.2170380E+01
 0.5710000E+00 -0.2165609E+01
 0.5720000E+00 -0.2160841E+01
 0.5730000E+00 -0.2156076E+01
 0.5740000E+00 -0.2151312E+01
 0.5750000E+00 -0.2146551E+01
 0.5760000E+00 -0.2141792E+01
 0.5770000E+00 -0.2137036E+01
 0.5780000E+00 -0.2132282E+01
 0.5790000E+00 -0.2127530E+01
 0.5800000E+00 -0.2122781E+01
 0.5810000E+00 -0.2118034E+01
 0.5820000E+00 -0.2113289E+01
 0.5830000E+00 -0.2108547E+01
 0.5840000E+00 -0.2103808E+01
 0.5850000E+00 -0.2099071E+01
 0.5860000E+00 -0.2094336E+01
 0.5870000E+00 -0.2089604E+01
 0.5880000E+00 -0.2084875E+01
 0.5890000E+00 -0.2080148E+01
 0.5900000E+00 -0.2075424E+01
 0.5910000E+00 -0.2070702E+01
 0.5920000E+00 -0.2065983E+01
 0.5930000E+00 -0.2061267E+01
 0.5940000E+00 -0.2056553E+01
 0.5950000E+00 -0.2051842E+01
 0.5960000E+00 -0.2047133E+01
 0.5970000E+00 -0.2042428E+01
 0.5980000E+00 -0.2037725E+01
 0.5990000E+00 -0.2033025E+01
 0.6000000E+00 -0.2028327E+01
 0.6010000E+00 -0.2023633E+01
 0.6020000E+00 -0.2018941E+01
 0.6030000E+00 -0.2014252E+01
 0.6040000E+00 -0.2009566E+01
 0.6050000E+00 -0.2004883E+01
 0.6060000E+00 -0.2000203E+01
 0.6070000E+00 -0.1995526E+01
 0.6080000E+00 -0.1990851E+01
 0.6090000E+00 -0.1986180E+01
 0.6100000E+00 -0.1981512E+01
 0.6110000E+00 -0.1976846E+01
 0.6120000E+00 -0.1972184E+01
 0.6130000E+00 -0.1967525E+01
 0.6140000E+00 -0.1962868E+01
 0.6150000E+00 -0.1958215E+01
 0.6160000E+00 -0.1953565E+01
 0.6170000E+00 -0.1948918E+01
 0.6180000E+00 -0.1944275E+01
 0.6190000E+00 -0.1939634E+01
 0.6200000E+00 -0.1934997E+01
 0.6210000E+00 -0.1930363E+01
 0.6220000E+00 -0.1925732E+01
 0.6230000E+00 -0.1921104E+01
 0.6240000E+00 -0.1916480E+01
 0.6250000E+00 -0.1911859E+01
 0.6260000E+00 -0.1907241E+01
 0.6270000E+00 -0.1902627E+01
 0.6280000E+00 -0.1898016E+01
 0.6290000E+00 -0.1893409E+01
 0.6300000E+00 -0.1888804E+01
 0.6310000E+00 -0.1884204E+01
 0.6320000E+00 -0.1879607E+01
 0.6330000E+00 -0.1875013E+01
 0.6340000E+00 -0.1870423E+01
 0.6350000E+00 -0.1865836E+01
 0.6360000E+00 -0.1861253E+01
 0.6370000E+00 -0.1856673E+01
 0.6380000E+00 -0.1852097E+01
 0.6390000E+00 -0.1847525E+01
 0.6400000E+00 -0.1842956E+01
 0.6410000E+00 -0.1838391E+01
 0.6420000E+00 -0.1833830E+01
 0.6430000E+00 -0.1829272E+01
 0.6440000E+00 -0.1824718E+01
 0.6450000E+00 -0.1820168E+01
 0.6460000E+00 -0.1815622E+01
 0.6470000E+00 -0.1811079E+01
 0.6480000E+00 -0.1806540E+01
 0.6490000E+00 -0.1802005E+01
 0.6500000E+00 -0.1797474E+01
 0.6510000E+00 -0.1792947E+01
 0.6520000E+00 -0.1788424E+01
 0.6530000E+00 -0.1783905E+01
 0.6540000E+00 -0.1779390E+01
 0.6550000E+00 -0.1774878E+01
 0.6560000E+00 -0.1770371E+01
 0.6570000E+00 -0.1765868E+01
 0.6580000E+00 -0.1761368E+01
 0.6590000E+00 -0.1756873E+01
 0.6600000E+00 -0.1752382E+01
 0.6610000E+00 -0.1747895E+01
 0.6620000E+00 -0.1743413E+01
 0.6630000E+00 -0.1738934E+01
 0.6640000E+00 -0.1734460E+01
 0.6650000E+00 -0.1729990E+01
 0.6660000E+00 -0.1725524E+01
 0.6670000E+00 -0.1721062E+01
 0.6680000E+00 -0.1716605E+01
 0.6690000E+00 -0.1712152E+01
 0.6700000E+00 -0.1707703E+01
 0.6710000E+00 -0.1703259E+01
 0.6720000E+00 -0.1698819E+01
 0.6730000E+00 -0.1694384E+01
 0.6740000E+00 -0.1689953E+01
 0.6750000E+00 -0.1685526E+01
 0.6760000E+00 -0.1681104E+01
 0.6770000E+00 -0.1676686E+01
 0.6780000E+00 -0.1672273E+01
 0.6790000E+00 -0.1667865E+01
 0.6800000E+00 -0.1663461E+01
 0.6810000E+00 -0.1659062E+01
 0.6820000E+00 -0.1654667E+01
 0.6830000E+00 -0.1650277E+01
 0.6840000E+00 -0.1645892E+01
 0.6850000E+00 -0.1641511E+01
 0.6860000E+00 -0.1637135E+01
 0.6870000E+00 -0.1632764E+01
 0.6880000E+00 -0.1628397E+01
 0.6890000E+00 -0.1624036E+01
 0.6900000E+00 -0.1619679E+01
 0.6910000E+00 -0.1615327E+01
 0.6920000E+00 -0.1610980E+01
 0.6930000E+00 -0.1606638E+01
 0.6940000E+00 -0.1602301E+01
 0.6950000E+00 -0.1597969E+01
 0.6960000E+00 -0.1593641E+01
 0.6970000E+00 -0.1589319E+01
 0.6980000E+00 -0.1585002E+01
 0.6990000E+00 -0.1580689E+01
 0.7000000E+00 -0.1576382E+01
 0.7010000E+00 -0.1572080E+01
 0.7020000E+00 -0.1567783E+01
 0.7030000E+00 -0.1563491E+01
 0.7040000E+00 -0.1559204E+01
 0.7050000E+00 -0.1554923E+01
 0.7060000E+00 -0.1550647E+01
 0.7070000E+00 -0.1546376E+01
 0.7080000E+00 -0.1542110E+01
 0.7090000E+00 -0.1537849E+01
 0.7100000E+00 -0.1533594E+01
 0.7110000E+00 -0.1529344E+01
 0.7120000E+00 -0.1525100E+01
 0.7130000E+00 -0.1520860E+01
 0.7140000E+00 -0.1516627E+01
 0.7150000E+00 -0.1512398E+01
 0.7160000E+00 -0.1508176E+01
 0.7170000E+00 -0.1503958E+01
 0.7180000E+00 -0.1499746E+01
 0.7190000E+00 -0.1495540E+01
 0.7200000E+00 -0.1491339E+01
 0.7210000E+00 -0.1487144E+01
 0.7220000E+00 -0.1482954E+01
 0.7230000E+00 -0.1478770E+01
 0.7240000E+00 -0.1474592E+01
 0.7250000E+00 -0.1470419E+01
 0.7260000E+00 -0.1466252E+01
 0.7270000E+00 -0.1462090E+01
 0.7280000E+00 -0.1457935E+01
 0.7290000E+00 -0.1453785E+01
 0.7300000E+00 -0.1449641E+01
 0.7310000E+00 -0.1445503E+01
 0.7320000E+00 -0.1441370E+01
 0.7330000E+00 -0.1437243E+01
 0.7340000E+00 -0.1433123E+01
 0.7350000E+00 -0.1429008E+01
 0.7360000E+00 -0.1424899E+01
 0.7370000E+00 -0.1420796E+01
 0.7380000E+00 -0.1416699E+01
 0.7390000E+00 -0.1412608E+01
 0.7400000E+00 -0.1408523E+01
 0.7410000E+00 -0.1404444E+01
 0.7420000E+00 -0.1400371E+01
 0.7430000E+00 -0.1396305E+01
 0.7440000E+00 -0.1392244E+01
 0.7450000E+00 -0.1388189E+01
 0.7460000E+00 -0.1384141E+01
 0.7470000E+00 -0.1380099E+01
 0.7480000E+00 -0.1376063E+01
 0.7490000E+00 -0.1372033E+01
 0.7500000E+00 -0.1368009E+01
 0.7510000E+00 -0.1363992E+01
 0.7520000E+00 -0.1359981E+01
 0.7530000E+00 -0.1355976E+01
 0.7540000E+00 -0.1351978E+01
 0.7550000E+00 -0.1347986E+01
 0.7560000E+00 -0.1344000E+01
 0.7570000E+00 -0.1340021E+01
 0.7580000E+00 -0.1336048E+01
 0.7590000E+00 -0.1332082E+01
 0.7600000E+00 -0.1328122E+01
 0.7610000E+00 -0.1324169E+01
 0.7620000E+00 -0.1320222E+01
 0.7630000E+00 -0.1316281E+01
 0.7640000E+00 -0.1312348E+01
 0.7650000E+00 -0.1308420E+01
 0.7660000E+00 -0.1304500E+01
 0.7670000E+00 -0.1300586E+01
 0.7680000E+00 -0.1296678E+01
 0.7690000E+00 -0.1292778E+01
 0.7700000E+00 -0.1288884E+01
 0.7710000E+00 -0.1284996E+01
 0.7720000E+00 -0.1281116E+01
 0.7730000E+00 -0.1277242E+01
 0.7740000E+00 -0.1273375E+01
 0.7750000E+00 -0.1269515E+01
 0.7760000E+00 -0.1265661E+01
 0.7770000E+00 -0.1261814E+01
 0.7780000E+00 -0.1257975E+01
 0.7790000E+00 -0.1254142E+01
 0.7800000E+00 -0.1250316E+01
 0.7810000E+00 -0.1246497E+01
 0.7820000E+00 -0.1242684E+01
 0.7830000E+00 -0.1238879E+01
 0.7840000E+00 -0.1235081E+01
 0.7850000E+00 -0.1231290E+01
 0.7860000E+00 -0.1227505E+01
 0.7870000E+00 -0.1223728E+01
 0.7880000E+00 -0.1219958E+01
 0.7890000E+00 -0.1216195E+01
 0.7900000E+00 -0.1212439E+01
 0.7910000E+00 -0.1208690E+01
 0.7920000E+00 -0.1204948E+01
 0.7930000E+00 -0.1201214E+01
 0.7940000E+00 -0.1197486E+01
 0.7950000E+00 -0.1193766E+01
 0.7960000E+00 -0.1190053E+01
 0.7970000E+00 -0.1186347E+01
 0.7980000E+00 -0.1182649E+01
 0.7990000E+00 -0.1178958E+01
 0.8000000E+00 -0.1175274E+01
 0.8010000E+00 -0.1171597E+01
 0.8020000E+00 -0.1167928E+01
 0.8030000E+00 -0.1164266E+01
 0.8040000E+00 -0.1160611E+01
 0.8050000E+00 -0.1156964E+01
 0.8060000E+00 -0.1153324E+01
 0.8070000E+00 -0.1149691E+01
 0.8080000E+00 -0.1146066E+01
 0.8090000E+00 -0.1142449E+01
 0.8100000E+00 -0.1138839E+01
 0.8110000E+00 -0.1135236E+01
 0.8120000E+00 -0.1131641E+01
 0.8130000E+00 -0.1128053E+01
 0.8140000E+00 -0.1124473E+01
 0.8150000E+00 -0.1120901E+01
 0.8160000E+00 -0.1117336E+01
 0.8170000E+00 -0.1113779E+01
 0.8180000E+00 -0.1110229E+01
 0.8190000E+00 -0.1106687E+01
 0.8200000E+00 -0.1103152E+01
 0.8210000E+00 -0.1099626E+01
 0.8220000E+00 -0.1096106E+01
 0.8230000E+00 -0.1092595E+01
 0.8240000E+00 -0.1089091E+01
 0.8250000E+00 -0.1085595E+01
 0.8260000E+00 -0.1082107E+01
 0.8270000E+00 -0.1078627E+01
 0.8280000E+00 -0.1075154E+01
 0.8290000E+00 -0.1071689E+01
 0.8300000E+00 -0.1068232E+01
 0.8310000E+00 -0.1064783E+01
 0.8320000E+00 -0.1061341E+01
 0.8330000E+00 -0.1057908E+01
 0.8340000E+00 -0.1054482E+01
 0.8350000E+00 -0.1051064E+01
 0.8360000E+00 -0.1047654E+01
 0.8370000E+00 -0.1044252E+01
 0.8380000E+00 -0.1040858E+01
 0.8390000E+00 -0.1037472E+01
 0.8400000E+00 -0.1034093E+01
 0.8410000E+00 -0.1030723E+01
 0.8420000E+00 -0.1027361E+01
 0.8430000E+00 -0.1024007E+01
 0.8440000E+00 -0.1020660E+01
 0.8450000E+00 -0.1017322E+01
 0.8460000E+00 -0.1013992E+01
 0.8470000E+00 -0.1010670E+01
 0.8480000E+00 -0.1007356E+01
 0.8490000E+00 -0.1004050E+01
 0.8500000E+00 -0.1000752E+01
 0.8510000E+00 -0.9974624E+00
 0.8520000E+00 -0.9941808E+00
 0.8530000E+00 -0.9909073E+00
 0.8540000E+00 -0.9876419E+00
 0.8550000E+00 -0.9843848E+00
 0.8560000E+00 -0.9811358E+00
 0.8570000E+00 -0.9778950E+00
 0.8580000E+00 -0.9746624E+00
 0.8590000E+00 -0.9714380E+00
 0.8600000E+00 -0.9682218E+00
 0.8610000E+00 -0.9650139E+00
 0.8620000E+00 -0.9618142E+00
 0.8630000E+00 -0.9586228E+00
 0.8640000E+00 -0.9554397E+00
 0.8650000E+00 -0.9522649E+00
 0.8660000E+00 -0.9490983E+00
 0.8670000E+00 -0.9459401E+00
 0.8680000E+00 -0.9427902E+00
 0.8690000E+00 -0.9396486E+00
 0.8700000E+00 -0.9365154E+00
 0.8710000E+00 -0.9333905E+00
 0.8720000E+00 -0.9302740E+00
 0.8730000E+00 -0.9271659E+00
 0.8740000E+00 -0.9240662E+00
 0.8750000E+00 -0.9209749E+00
 0.8760000E+00 -0.9178919E+00
 0.8770000E+00 -0.9148174E+00
 0.8780000E+00 -0.9117514E+00
 0.8790000E+00 -0.9086937E+00
 0.8800000E+00 -0.9056446E+00
 0.8810000E+00 -0.9026039E+00
 0.8820000E+00 -0.8995716E+00
 0.8830000E+00 -0.8965479E+00
 0.8840000E+00 -0.8935326E+00
 0.8850000E+00 -0.8905258E+00
 0.8860000E+00 -0.8875276E+00
 0.8870000E+00 -0.8845379E+00
 0.8880000E+00 -0.8815567E+00
 0.8890000E+00 -0.8785840E+00
 0.8900000E+00 -0.8756199E+00
 0.8910000E+00 -0.8726643E+00
 0.8920000E+00 -0.8697174E+00
 0.8930000E+00 -0.8667789E+00
 0.8940000E+00 -0.8638491E+00
 0.8950000E+00 -0.8609279E+00
 0.8960000E+00 -0.8580152E+00
 0.8970000E+00 -0.8551112E+00
 0.8980000E+00 -0.8522158E+00
 0.8990000E+00 -0.8493290E+00
 0.9000000E+00 -0.8464508E+00
 0.9010000E+00 -0.8435813E+00
 0.9020000E+00 -0.8407204E+00
 0.9030000E+00 -0.8378682E+00
 0.9040000E+00 -0.8350247E+00
 0.9050000E+00 -0.8321898E+00
 0.9060000E+00 -0.8293636E+00
 0.9070000E+00 -0.8265461E+00
 0.9080000E+00 -0.8237373E+00
 0.9090000E+00 -0.8209371E+00
 0.9100000E+00 -0.8181457E+00
 0.9110000E+00 -0.8153630E+00
 0.9120000E+00 -0.8125890E+00
 0.9130000E+00 -0.8098238E+00
 0.9140000E+00 -0.8070673E+00
 0.9150000E+00 -0.8043195E+00
 0.9160000E+00 -0.8015804E+00
 0.9170000E+00 -0.7988501E+00
 0.9180000E+00 -0.7961286E+00
 0.9190000E+00 -0.7934158E+00
 0.9200000E+00 -0.7907118E+00
 0.9210000E+00 -0.7880166E+00
 0.9220000E+00 -0.7853302E+00
 0.9230000E+00 -0.7826525E+00
 0.9240000E+00 -0.7799836E+00
 0.9250000E+00 -0.7773236E+00
 0.9260000E+00 -0.7746723E+00
 0.9270000E+00 -0.7720298E+00
 0.9280000E+00 -0.7693962E+00
 0.9290000E+00 -0.7667714E+00
 0.9300000E+00 -0.7641554E+00
 0.9310000E+00 -0.7615482E+00
 0.9320000E+00 -0.7589498E+00
 0.9330000E+00 -0.7563603E+00
 0.9340000E+00 -0.7537796E+00
 0.9350000E+00 -0.7512078E+00
 0.9360000E+00 -0.7486448E+00
 0.9370000E+00 -0.7460907E+00
 0.9380000E+00 -0.7435454E+00
 0.9390000E+00 -0.7410090E+00
 0.9400000E+00 -0.7384815E+00
 0.9410000E+00 -0.7359628E+00
 0.9420000E+00 -0.7334530E+00
 0.9430000E+00 -0.7309521E+00
 0.9440000E+00 -0.7284600E+00
 0.9450000E+00 -0.7259769E+00
 0.9460000E+00 -0.7235026E+00
 0.9470000E+00 -0.7210372E+00
 0.9480000E+00 -0.7185807E+00
 0.9490000E+00 -0.7161331E+00
 0.9500000E+00 -0.7136944E+00
 0.9510000E+00 -0.7112646E+00
 0.9520000E+00 -0.7088437E+00
 0.9530000E+00 -0.7064318E+00
 0.9540000E+00 -0.7040287E+00
 0.9550000E+00 -0.7016345E+00
 0.9560000E+00 -0.6992493E+00
 0.9570000E+00 -0.6968729E+00
 0.9580000E+00 -0.6945055E+00
 0.9590000E+00 -0.6921470E+00
 0.9600000E+00 -0.6897975E+00
 0.9610000E+00 -0.6874568E+00
 0.9620000E+00 -0.6851251E+00
 0.9630000E+00 -0.6828023E+00
 0.9640000E+00 -0.6804885E+00
 0.9650000E+00 -0.6781835E+00
 0.9660000E+00 -0.6758875E+00
 0.9670000E+00 -0.6736005E+00
 0.9680000E+00 -0.6713224E+00
 0.9690000E+00 -0.6690532E+00
 0.9700000E+00 -0.6667930E+00
 0.9710000E+00 -0.6645417E+00
 0.9720000E+00 -0.6622993E+00
 0.9730000E+00 -0.6600659E+00
 0.9740000E+00 -0.6578414E+00
 0.9750000E+00 -0.6556259E+00
 0.9760000E+00 -0.6534193E+00
 0.9770000E+00 -0.6512217E+00
 0.9780000E+00 -0.6490330E+00
 0.9790000E+00 -0.6468533E+00
 0.9800000E+00 -0.6446825E+00
 0.9810000E+00 -0.6425206E+00
 0.9820000E+00 -0.6403677E+00
 0.9830000E+00 -0.6382238E+00
 0.9840000E+00 -0.6360888E+00
 0.9850000E+00 -0.6339627E+00
 0.9860000E+00 -0.6318457E+00
 0.9870000E+00 -0.6297375E+00
 0.9880000E+00 -0.6276383E+00
 0.9890000E+00 -0.6255481E+00
 0.9900000E+00 -0.6234668E+00
 0.9910000E+00 -0.6213944E+00
 0.9920000E+00 -0.6193310E+00
 0.9930000E+00 -0.6172766E+00
 0.9940000E+00 -0.6152310E+00
 0.9950000E+00 -0.6131945E+00
 0.9960000E+00 -0.6111669E+00
 0.9970000E+00 -0.6091482E+00
 0.9980000E+00 -0.6071385E+00
 0.9990000E+00 -0.6051377E+00
 0.1000000E+01 -0.6031459E+00
 0.1001000E+01 -0.6011630E+00
 0.1002000E+01 -0.5991890E+00
 0.1003000E+01 -0.5972240E+00
 0.1004000E+01 -0.5952679E+00
 0.1005000E+01 -0.5933208E+00
 0.1006000E+01 -0.5913826E+00
 0.1007000E+01 -0.5894533E+00
 0.1008000E+01 -0.5875330E+00
 0.1009000E+01 -0.5856216E+00
 0.1010000E+01 -0.5837191E+00
 0.1011000E+01 -0.5818256E+00
 0.1012000E+01 -0.5799410E+00
 0.1013000E+01 -0.5780653E+00
 0.1014000E+01 -0.5761985E+00
 0.1015000E+01 -0.5743407E+00
 0.1016000E+01 -0.5724918E+00
 0.1017000E+01 -0.5706518E+00
 0.1018000E+01 -0.5688207E+00
 0.1019000E+01 -0.5669985E+00
 0.1020000E+01 -0.5651853E+00
 0.1021000E+01 -0.5633809E+00
 0.1022000E+01 -0.5615855E+00
 0.1023000E+01 -0.5597990E+00
 0.1024000E+01 -0.5580213E+00
 0.1025000E+01 -0.5562526E+00
 0.1026000E+01 -0.5544928E+00
 0.1027000E+01 -0.5527419E+00
 0.1028000E+01 -0.5509998E+00
 0.1029000E+01 -0.5492667E+00
 0.1030000E+01 -0.5475425E+00
 0.1031000E+01 -0.5458271E+00
 0.1032000E+01 -0.5441206E+00
 0.1033000E+01 -0.5424230E+00
 0.1034000E+01 -0.5407343E+00
 0.1035000E+01 -0.5390544E+00
 0.1036000E+01 -0.5373835E+00
 0.1037000E+01 -0.5357214E+00
 0.1038000E+01 -0.5340681E+00
 0.1039000E+01 -0.5324238E+00
 0.1040000E+01 -0.5307883E+00
 0.1041000E+01 -0.5291616E+00
 0.1042000E+01 -0.5275438E+00
 0.1043000E+01 -0.5259349E+00
 0.1044000E+01 -0.5243348E+00
 0.1045000E+01 -0.5227435E+00
 0.1046000E+01 -0.5211611E+00
 0.1047000E+01 -0.5195875E+00
 0.1048000E+01 -0.5180228E+00
 0.1049000E+01 -0.5164669E+00
 0.1050000E+01 -0.5149198E+00
 0.1051000E+01 -0.5133816E+00
 0.1052000E+01 -0.5118522E+00
 0.1053000E+01 -0.5103315E+00
 0.1054000E+01 -0.5088198E+00
 0.1055000E+01 -0.5073168E+00
 0.1056000E+01 -0.5058226E+00
 0.1057000E+01 -0.5043372E+00
 0.1058000E+01 -0.5028606E+00
 0.1059000E+01 -0.5013929E+00
 0.1060000E+01 -0.4999339E+00
 0.1061000E+01 -0.4984837E+00
 0.1062000E+01 -0.4970422E+00
 0.1063000E+01 -0.4956096E+00
 0.1064000E+01 -0.4941857E+00
 0.1065000E+01 -0.4927707E+00
 0.1066000E+01 -0.4913643E+00
 0.1067000E+01 -0.4899668E+00
 0.1068000E+01 -0.4885780E+00
 0.1069000E+01 -0.4871979E+00
 0.1070000E+01 -0.4858266E+00
 0.1071000E+01 -0.4844641E+00
 0.1072000E+01 -0.4831103E+00
 0.1073000E+01 -0.4817652E+00
 0.1074000E+01 -0.4804289E+00
 0.1075000E+01 -0.4791013E+00
 0.1076000E+01 -0.4777824E+00
 0.1077000E+01 -0.4764723E+00
 0.1078000E+01 -0.4751708E+00
 0.1079000E+01 -0.4738781E+00
 0.1080000E+01 -0.4725941E+00
 0.1081000E+01 -0.4713188E+00
 0.1082000E+01 -0.4700522E+00
 0.1083000E+01 -0.4687942E+00
 0.1084000E+01 -0.4675450E+00
 0.1085000E+01 -0.4663045E+00
 0.1086000E+01 -0.4650726E+00
 0.1087000E+01 -0.4638494E+00
 0.1088000E+01 -0.4626349E+00
 0.1089000E+01 -0.4614290E+00
 0.1090000E+01 -0.4602318E+00
 0.1091000E+01 -0.4590433E+00
 0.1092000E+01 -0.4578634E+00
 0.1093000E+01 -0.4566921E+00
 0.1094000E+01 -0.4555295E+00
 0.1095000E+01 -0.4543756E+00
 0.1096000E+01 -0.4532302E+00
 0.1097000E+01 -0.4520935E+00
 0.1098000E+01 -0.4509654E+00
 0.1099000E+01 -0.4498460E+00
 0.1100000E+01 -0.4487351E+00
 0.1101000E+01 -0.4476328E+00
 0.1102000E+01 -0.4465392E+00
 0.1103000E+01 -0.4454541E+00
 0.1104000E+01 -0.4443777E+00
 0.1105000E+01 -0.4433098E+00
 0.1106000E+01 -0.4422505E+00
 0.1107000E+01 -0.4411998E+00
 0.1108000E+01 -0.4401576E+00
 0.1109000E+01 -0.4391240E+00
 0.1110000E+01 -0.4380990E+00
 0.1111000E+01 -0.4370825E+00
 0.1112000E+01 -0.4360746E+00
 0.1113000E+01 -0.4350752E+00
 0.1114000E+01 -0.4340843E+00
 0.1115000E+01 -0.4331020E+00
 0.1116000E+01 -0.4321282E+00
 0.1117000E+01 -0.4311629E+00
 0.1118000E+01 -0.4302062E+00
 0.1119000E+01 -0.4292579E+00
 0.1120000E+01 -0.4283182E+00
 0.1121000E+01 -0.4273870E+00
 0.1122000E+01 -0.4264642E+00
 0.1123000E+01 -0.4255499E+00
 0.1124000E+01 -0.4246442E+00
 0.1125000E+01 -0.4237469E+00
 0.1126000E+01 -0.4228580E+00
 0.1127000E+01 -0.4219777E+00
 0.1128000E+01 -0.4211058E+00
 0.1129000E+01 -0.4202423E+00
 0.1130000E+01 -0.4193873E+00
 0.1131000E+01 -0.4185407E+00
 0.1132000E+01 -0.4177026E+00
 0.1133000E+01 -0.4168729E+00
 0.1134000E+01 -0.4160516E+00
 0.1135000E+01 -0.4152388E+00
 0.1136000E+01 -0.4144344E+00
 0.1137000E+01 -0.4136383E+00
 0.1138000E+01 -0.4128507E+00
 0.1139000E+01 -0.4120715E+00
 0.1140000E+01 -0.4113006E+00
 0.1141000E+01 -0.4105381E+00
 0.1142000E+01 -0.4097840E+00
 0.1143000E+01 -0.4090383E+00
 0.1144000E+01 -0.4083010E+00
 0.1145000E+01 -0.4075720E+00
 0.1146000E+01 -0.4068513E+00
 0.1147000E+01 -0.4061390E+00
 0.1148000E+01 -0.4054351E+00
 0.1149000E+01 -0.4047395E+00
 0.1150000E+01 -0.4040522E+00
 0.1151000E+01 -0.4033732E+00
 0.1152000E+01 -0.4027025E+00
 0.1153000E+01 -0.4020402E+00
 0.1154000E+01 -0.4013861E+00
 0.1155000E+01 -0.4007404E+00
 0.1156000E+01 -0.4001029E+00
 0.1157000E+01 -0.3994738E+00
 0.1158000E+01 -0.3988529E+00
 0.1159000E+01 -0.3982402E+00
 0.1160000E+01 -0.3976359E+00
 0.1161000E+01 -0.3970398E+00
 0.1162000E+01 -0.3964519E+00
 0.1163000E+01 -0.3958723E+00
 0.1164000E+01 -0.3953010E+00
 0.1165000E+01 -0.3947378E+00
 0.1166000E+01 -0.3941829E+00
 0.1167000E+01 -0.3936362E+00
 0.1168000E+01 -0.3930977E+00
 0.1169000E+01 -0.3925675E+00
 0.1170000E+01 -0.3920454E+00
 0.1171000E+01 -0.3915315E+00
 0.1172000E+01 -0.3910258E+00
 0.1173000E+01 -0.3905283E+00
 0.1174000E+01 -0.3900390E+00
 0.1175000E+01 -0.3895578E+00
 0.1176000E+01 -0.3890848E+00
 0.1177000E+01 -0.3886199E+00
 0.1178000E+01 -0.3881632E+00
 0.1179000E+01 -0.3877147E+00
 0.1180000E+01 -0.3872742E+00
 0.1181000E+01 -0.3868419E+00
 0.1182000E+01 -0.3864177E+00
 0.1183000E+01 -0.3860016E+00
 0.1184000E+01 -0.3855936E+00
 0.1185000E+01 -0.3851937E+00
 0.1186000E+01 -0.3848019E+00
 0.1187000E+01 -0.3844182E+00
 0.1188000E+01 -0.3840426E+00
 0.1189000E+01 -0.3836750E+00
 0.1190000E+01 -0.3833155E+00
 0.1191000E+01 -0.3829641E+00
 0.1192000E+01 -0.3826207E+00
 0.1193000E+01 -0.3822853E+00
 0.1194000E+01 -0.3819580E+00
 0.1195000E+01 -0.3816387E+00
 0.1196000E+01 -0.3813275E+00
 0.1197000E+01 -0.3810242E+00
 0.1198000E+01 -0.3807289E+00
 0.1199000E+01 -0.3804417E+00
 0.1200000E+01 -0.3801624E+00
 0.1201000E+01 -0.3798911E+00
 0.1202000E+01 -0.3796278E+00
 0.1203000E+01 -0.3793725E+00
 0.1204000E+01 -0.3791251E+00
 0.1205000E+01 -0.3788857E+00
 0.1206000E+01 -0.3786542E+00
 0.1207000E+01 -0.3784307E+00
 0.1208000E+01 -0.3782151E+00
 0.1209000E+01 -0.3780074E+00
 0.1210000E+01 -0.3778077E+00
 0.1211000E+01 -0.3776158E+00
 0.1212000E+01 -0.3774319E+00
 0.1213000E+01 -0.3772558E+00
 0.1214000E+01 -0.3770877E+00
 0.1215000E+01 -0.3769274E+00
 0.1216000E+01 -0.3767749E+00
 0.1217000E+01 -0.3766304E+00
 0.1218000E+01 -0.3764937E+00
 0.1219000E+01 -0.3763649E+00
 0.1220000E+01 -0.3762438E+00
 0.1221000E+01 -0.3761307E+00
 0.1222000E+01 -0.3760253E+00
 0.1223000E+01 -0.3759278E+00
 0.1224000E+01 -0.3758381E+00
 0.1225000E+01 -0.3757561E+00
 0.1226000E+01 -0.3756820E+00
 0.1227000E+01 -0.3756157E+00
 0.1228000E+01 -0.3755571E+00
 0.1229000E+01 -0.3755063E+00
 0.1230000E+01 -0.3754633E+00
 0.1231000E+01 -0.3754280E+00
 0.1232000E+01 -0.3754005E+00
 0.1233000E+01 -0.3753807E+00
 0.1234000E+01 -0.3753686E+00
 0.1235000E+01 -0.3753642E+00
 0.1236000E+01 -0.3753676E+00
 0.1237000E+01 -0.3753787E+00
 0.1238000E+01 -0.3753974E+00
 0.1239000E+01 -0.3754239E+00
 0.1240000E+01 -0.3754580E+00
 0.1241000E+01 -0.3754998E+00
 0.1242000E+01 -0.3755493E+00
 0.1243000E+01 -0.3756064E+00
 0.1244000E+01 -0.3756712E+00
 0.1245000E+01 -0.3757436E+00
 0.1246000E+01 -0.3758236E+00
 0.1247000E+01 -0.3759113E+00
 0.1248000E+01 -0.3760066E+00
 0.1249000E+01 -0.3761094E+00
 0.1250000E+01 -0.3762199E+00
 0.1251000E+01 -0.3763380E+00
 0.1252000E+01 -0.3764636E+00
 0.1253000E+01 -0.3765968E+00
 0.1254000E+01 -0.3767376E+00
 0.1255000E+01 -0.3768859E+00
 0.1256000E+01 -0.3770417E+00
 0.1257000E+01 -0.3772051E+00
 0.1258000E+01 -0.3773760E+00
 0.1259000E+01 -0.3775545E+00
 0.1260000E+01 -0.3777404E+00
 0.1261000E+01 -0.3779339E+00
 0.1262000E+01 -0.3781348E+00
 0.1263000E+01 -0.3783432E+00
 0.1264000E+01 -0.3785591E+00
 0.1265000E+01 -0.3787824E+00
 0.1266000E+01 -0.3790132E+00
 0.1267000E+01 -0.3792515E+00
 0.1268000E+01 -0.3794972E+00
 0.1269000E+01 -0.3797503E+00
 0.1270000E+01 -0.3800108E+00
 0.1271000E+01 -0.3802787E+00
 0.1272000E+01 -0.3805540E+00
 0.1273000E+01 -0.3808368E+00
 0.1274000E+01 -0.3811269E+00
 0.1275000E+01 -0.3814243E+00
 0.1276000E+01 -0.3817292E+00
 0.1277000E+01 -0.3820414E+00
 0.1278000E+01 -0.3823609E+00
 0.1279000E+01 -0.3826877E+00
 0.1280000E+01 -0.3830219E+00
 0.1281000E+01 -0.3833634E+00
 0.1282000E+01 -0.3837122E+00
 0.1283000E+01 -0.3840683E+00
 0.1284000E+01 -0.3844317E+00
 0.1285000E+01 -0.3848024E+00
 0.1286000E+01 -0.3851803E+00
 0.1287000E+01 -0.3855655E+00
 0.1288000E+01 -0.3859579E+00
 0.1289000E+01 -0.3863575E+00
 0.1290000E+01 -0.3867644E+00
 0.1291000E+01 -0.3871785E+00
 0.1292000E+01 -0.3875998E+00
 0.1293000E+01 -0.3880284E+00
 0.1294000E+01 -0.3884641E+00
 0.1295000E+01 -0.3889069E+00
 0.1296000E+01 -0.3893570E+00
 0.1297000E+01 -0.3898142E+00
 0.1298000E+01 -0.3902785E+00
 0.1299000E+01 -0.3907500E+00
 0.1300000E+01 -0.3912286E+00
 0.1301000E+01 -0.3917143E+00
 0.1302000E+01 -0.3922071E+00
 0.1303000E+01 -0.3927070E+00
 0.1304000E+01 -0.3932141E+00
 0.1305000E+01 -0.3937281E+00
 0.1306000E+01 -0.3942493E+00
 0.1307000E+01 -0.3947775E+00
 0.1308000E+01 -0.3953127E+00
 0.1309000E+01 -0.3958550E+00
 0.1310000E+01 -0.3964043E+00
 0.1311000E+01 -0.3969606E+00
 0.1312000E+01 -0.3975239E+00
 0.1313000E+01 -0.3980942E+00
 0.1314000E+01 -0.3986715E+00
 0.1315000E+01 -0.3992558E+00
 0.1316000E+01 -0.3998470E+00
 0.1317000E+01 -0.4004451E+00
 0.1318000E+01 -0.4010502E+00
 0.1319000E+01 -0.4016623E+00
 0.1320000E+01 -0.4022812E+00
 0.1321000E+01 -0.4029070E+00
 0.1322000E+01 -0.4035398E+00
 0.1323000E+01 -0.4041794E+00
 0.1324000E+01 -0.4048259E+00
 0.1325000E+01 -0.4054792E+00
 0.1326000E+01 -0.4061394E+00
 0.1327000E+01 -0.4068065E+00
 0.1328000E+01 -0.4074803E+00
 0.1329000E+01 -0.4081610E+00
 0.1330000E+01 -0.4088485E+00
 0.1331000E+01 -0.4095428E+00
 0.1332000E+01 -0.4102439E+00
 0.1333000E+01 -0.4109517E+00
 0.1334000E+01 -0.4116663E+00
 0.1335000E+01 -0.4123876E+00
 0.1336000E+01 -0.4131157E+00
 0.1337000E+01 -0.4138505E+00
 0.1338000E+01 -0.4145920E+00
 0.1339000E+01 -0.4153402E+00
 0.1340000E+01 -0.4160951E+00
 0.1341000E+01 -0.4168567E+00
 0.1342000E+01 -0.4176250E+00
 0.1343000E+01 -0.4183999E+00
 0.1344000E+01 -0.4191814E+00
 0.1345000E+01 -0.4199696E+00
 0.1346000E+01 -0.4207644E+00
 0.1347000E+01 -0.4215659E+00
 0.1348000E+01 -0.4223739E+00
 0.1349000E+01 -0.4231885E+00
 0.1350000E+01 -0.4240096E+00
 0.1351000E+01 -0.4248374E+00
 0.1352000E+01 -0.4256716E+00
 0.1353000E+01 -0.4265125E+00
 0.1354000E+01 -0.4273598E+00
 0.1355000E+01 -0.4282137E+00
 0.1356000E+01 -0.4290740E+00
 0.1357000E+01 -0.4299409E+00
 0.1358000E+01 -0.4308142E+00
 0.1359000E+01 -0.4316940E+00
 0.1360000E+01 -0.4325802E+00
 0.1361000E+01 -0.4334729E+00
 0.1362000E+01 -0.4343720E+00
 0.1363000E+01 -0.4352775E+00
 0.1364000E+01 -0.4361894E+00
 0.1365000E+01 -0.4371077E+00
 0.1366000E+01 -0.4380324E+00
 0.1367000E+01 -0.4389635E+00
 0.1368000E+01 -0.4399009E+00
 0.1369000E+01 -0.4408446E+00
 0.1370000E+01 -0.4417947E+00
 0.1371000E+01 -0.4427511E+00
 0.1372000E+01 -0.4437138E+00
 0.1373000E+01 -0.4446827E+00
 0.1374000E+01 -0.4456580E+00
 0.1375000E+01 -0.4466395E+00
 0.1376000E+01 -0.4476273E+00
 0.1377000E+01 -0.4486213E+00
 0.1378000E+01 -0.4496215E+00
 0.1379000E+01 -0.4506280E+00
 0.1380000E+01 -0.4516406E+00
 0.1381000E+01 -0.4526594E+00
 0.1382000E+01 -0.4536844E+00
 0.1383000E+01 -0.4547156E+00
 0.1384000E+01 -0.4557529E+00
 0.1385000E+01 -0.4567964E+00
 0.1386000E+01 -0.4578459E+00
 0.1387000E+01 -0.4589016E+00
 0.1388000E+01 -0.4599634E+00
 0.1389000E+01 -0.4610312E+00
 0.1390000E+01 -0.4621052E+00
 0.1391000E+01 -0.4631851E+00
 0.1392000E+01 -0.4642712E+00
 0.1393000E+01 -0.4653632E+00
 0.1394000E+01 -0.4664613E+00
 0.1395000E+01 -0.4675653E+00
 0.1396000E+01 -0.4686754E+00
 0.1397000E+01 -0.4697914E+00
 0.1398000E+01 -0.4709134E+00
 0.1399000E+01 -0.4720413E+00
 0.1400000E+01 -0.4731752E+00
 0.1401000E+01 -0.4743150E+00
 0.1402000E+01 -0.4754607E+00
 0.1403000E+01 -0.4766123E+00
 0.1404000E+01 -0.4777698E+00
 0.1405000E+01 -0.4789331E+00
 0.1406000E+01 -0.4801023E+00
 0.1407000E+01 -0.4812773E+00
 0.1408000E+01 -0.4824582E+00
 0.1409000E+01 -0.4836449E+00
 0.1410000E+01 -0.4848373E+00
 0.1411000E+01 -0.4860356E+00
 0.1412000E+01 -0.4872396E+00
 0.1413000E+01 -0.4884494E+00
 0.1414000E+01 -0.4896649E+00
 0.1415000E+01 -0.4908861E+00
 0.1416000E+01 -0.4921131E+00
 0.1417000E+01 -0.4933457E+00
 0.1418000E+01 -0.4945841E+00
 0.1419000E+01 -0.4958281E+00
 0.1420000E+01 -0.4970778E+00
 0.1421000E+01 -0.4983331E+00
 0.1422000E+01 -0.4995940E+00
 0.1423000E+01 -0.5008606E+00
 0.1424000E+01 -0.5021328E+00
 0.1425000E+01 -0.5034105E+00
 0.1426000E+01 -0.5046938E+00
 0.1427000E+01 -0.5059827E+00
 0.1428000E+01 -0.5072772E+00
 0.1429000E+01 -0.5085771E+00
 0.1430000E+01 -0.5098826E+00
 0.1431000E+01 -0.5111936E+00
 0.1432000E+01 -0.5125100E+00
 0.1433000E+01 -0.5138319E+00
 0.1434000E+01 -0.5151593E+00
 0.1435000E+01 -0.5164922E+00
 0.1436000E+01 -0.5178304E+00
 0.1437000E+01 -0.5191741E+00
 0.1438000E+01 -0.5205232E+00
 0.1439000E+01 -0.5218777E+00
 0.1440000E+01 -0.5232375E+00
 0.1441000E+01 -0.5246027E+00
 0.1442000E+01 -0.5259732E+00
 0.1443000E+01 -0.5273491E+00
 0.1444000E+01 -0.5287302E+00
 0.1445000E+01 -0.5301167E+00
 0.1446000E+01 -0.5315085E+00
 0.1447000E+01 -0.5329055E+00
 0.1448000E+01 -0.5343078E+00
 0.1449000E+01 -0.5357153E+00
 0.1450000E+01 -0.5371280E+00
 0.1451000E+01 -0.5385460E+00
 0.1452000E+01 -0.5399691E+00
 0.1453000E+01 -0.5413974E+00
 0.1454000E+01 -0.5428309E+00
 0.1455000E+01 -0.5442696E+00
 0.1456000E+01 -0.5457133E+00
 0.1457000E+01 -0.5471622E+00
 0.1458000E+01 -0.5486162E+00
 0.1459000E+01 -0.5500753E+00
 0.1460000E+01 -0.5515395E+00
 0.1461000E+01 -0.5530087E+00
 0.1462000E+01 -0.5544830E+00
 0.1463000E+01 -0.5559623E+00
 0.1464000E+01 -0.5574466E+00
 0.1465000E+01 -0.5589360E+00
 0.1466000E+01 -0.5604303E+00
 0.1467000E+01 -0.5619296E+00
 0.1468000E+01 -0.5634338E+00
 0.1469000E+01 -0.5649430E+00
 0.1470000E+01 -0.5664571E+00
 0.1471000E+01 -0.5679761E+00
 0.1472000E+01 -0.5695000E+00
 0.1473000E+01 -0.5710288E+00
 0.1474000E+01 -0.5725625E+00
 0.1475000E+01 -0.5741010E+00
 0.1476000E+01 -0.5756443E+00
 0.1477000E+01 -0.5771925E+00
 0.1478000E+01 -0.5787455E+00
 0.1479000E+01 -0.5803032E+00
 0.1480000E+01 -0.5818658E+00
 0.1481000E+01 -0.5834331E+00
 0.1482000E+01 -0.5850051E+00
 0.1483000E+01 -0.5865819E+00
 0.1484000E+01 -0.5881633E+00
 0.1485000E+01 -0.5897495E+00
 0.1486000E+01 -0.5913404E+00
 0.1487000E+01 -0.5929359E+00
 0.1488000E+01 -0.5945361E+00
 0.1489000E+01 -0.5961409E+00
 0.1490000E+01 -0.5977504E+00
 0.1491000E+01 -0.5993644E+00
 0.1492000E+01 -0.6009831E+00
 0.1493000E+01 -0.6026063E+00
 0.1494000E+01 -0.6042341E+00
 0.1495000E+01 -0.6058664E+00
 0.1496000E+01 -0.6075033E+00
 0.1497000E+01 -0.6091447E+00
 0.1498000E+01 -0.6107905E+00
 0.1499000E+01 -0.6124409E+00
 0.1500000E+01 -0.6140957E+00
 0.1501000E+01 -0.6157550E+00
 0.1502000E+01 -0.6174187E+00
 0.1503000E+01 -0.6190869E+00
 0.1504000E+01 -0.6207594E+00
 0.1505000E+01 -0.6224364E+00
 0.1506000E+01 -0.6241177E+00
 0.1507000E+01 -0.6258034E+00
 0.1508000E+01 -0.6274934E+00
 0.1509000E+01 -0.6291878E+00
 0.1510000E+01 -0.6308865E+00
 0.1511000E+01 -0.6325895E+00
 0.1512000E+01 -0.6342968E+00
 0.1513000E+01 -0.6360083E+00
 0.1514000E+01 -0.6377241E+00
 0.1515000E+01 -0.6394441E+00
 0.1516000E+01 -0.6411684E+00
 0.1517000E+01 -0.6428969E+00
 0.1518000E+01 -0.6446295E+00
 0.1519000E+01 -0.6463664E+00
 0.1520000E+01 -0.6481074E+00
 0.1521000E+01 -0.6498525E+00
 0.1522000E+01 -0.6516018E+00
 0.1523000E+01 -0.6533552E+00
 0.1524000E+01 -0.6551127E+00
 0.1525000E+01 -0.6568743E+00
 0.1526000E+01 -0.6586400E+00
 0.1527000E+01 -0.6604097E+00
 0.1528000E+01 -0.6621834E+00
 0.1529000E+01 -0.6639612E+00
 0.1530000E+01 -0.6657430E+00
 0.1531000E+01 -0.6675288E+00
 0.1532000E+01 -0.6693186E+00
 0.1533000E+01 -0.6711123E+00
 0.1534000E+01 -0.6729100E+00
 0.1535000E+01 -0.6747116E+00
 0.1536000E+01 -0.6765171E+00
 0.1537000E+01 -0.6783265E+00
 0.1538000E+01 -0.6801399E+00
 0.1539000E+01 -0.6819571E+00
 0.1540000E+01 -0.6837781E+00
 0.1541000E+01 -0.6856030E+00
 0.1542000E+01 -0.6874317E+00
 0.1543000E+01 -0.6892642E+00
 0.1544000E+01 -0.6911006E+00
 0.1545000E+01 -0.6929407E+00
 0.1546000E+01 -0.6947845E+00
 0.1547000E+01 -0.6966322E+00
 0.1548000E+01 -0.6984835E+00
 0.1549000E+01 -0.7003386E+00
 0.1550000E+01 -0.7021974E+00
 0.1551000E+01 -0.7040599E+00
 0.1552000E+01 -0.7059260E+00
 0.1553000E+01 -0.7077958E+00
 0.1554000E+01 -0.7096693E+00
 0.1555000E+01 -0.7115464E+00
 0.1556000E+01 -0.7134271E+00
 0.1557000E+01 -0.7153114E+00
 0.1558000E+01 -0.7171993E+00
 0.1559000E+01 -0.7190907E+00
 0.1560000E+01 -0.7209857E+00
 0.1561000E+01 -0.7228843E+00
 0.1562000E+01 -0.7247864E+00
 0.1563000E+01 -0.7266919E+00
 0.1564000E+01 -0.7286010E+00
 0.1565000E+01 -0.7305136E+00
 0.1566000E+01 -0.7324296E+00
 0.1567000E+01 -0.7343491E+00
 0.1568000E+01 -0.7362720E+00
 0.1569000E+01 -0.7381983E+00
 0.1570000E+01 -0.7401281E+00
 0.1571000E+01 -0.7420612E+00
 0.1572000E+01 -0.7439977E+00
 0.1573000E+01 -0.7459376E+00
 0.1574000E+01 -0.7478808E+00
 0.1575000E+01 -0.7498273E+00
 0.1576000E+01 -0.7517772E+00
 0.1577000E+01 -0.7537303E+00
 0.1578000E+01 -0.7556868E+00
 0.1579000E+01 -0.7576465E+00
 0.1580000E+01 -0.7596095E+00
 0.1581000E+01 -0.7615757E+00
 0.1582000E+01 -0.7635452E+00
 0.1583000E+01 -0.7655178E+00
 0.1584000E+01 -0.7674937E+00
 0.1585000E+01 -0.7694728E+00
 0.1586000E+01 -0.7714550E+00
 0.1587000E+01 -0.7734404E+00
 0.1588000E+01 -0.7754289E+00
 0.1589000E+01 -0.7774205E+00
 0.1590000E+01 -0.7794153E+00
 0.1591000E+01 -0.7814132E+00
 0.1592000E+01 -0.7834141E+00
 0.1593000E+01 -0.7854181E+00
 0.1594000E+01 -0.7874252E+00
 0.1595000E+01 -0.7894353E+00
 0.1596000E+01 -0.7914484E+00
 0.1597000E+01 -0.7934646E+00
 0.1598000E+01 -0.7954837E+00
 0.1599000E+01 -0.7975058E+00
 0.1600000E+01 -0.7995309E+00
 0.1601000E+01 -0.8015590E+00
 0.1602000E+01 -0.8035900E+00
 0.1603000E+01 -0.8056239E+00
 0.1604000E+01 -0.8076608E+00
 0.1605000E+01 -0.8097005E+00
 0.1606000E+01 -0.8117431E+00
 0.1607000E+01 -0.8137886E+00
 0.1608000E+01 -0.8158369E+00
 0.1609000E+01 -0.8178881E+00
 0.1610000E+01 -0.8199422E+00
 0.1611000E+01 -0.8219990E+00
 0.1612000E+01 -0.8240586E+00
 0.1613000E+01 -0.8261210E+00
 0.1614000E+01 -0.8281862E+00
 0.1615000E+01 -0.8302542E+00
 0.1616000E+01 -0.8323249E+00
 0.1617000E+01 -0.8343983E+00
 0.1618000E+01 -0.8364745E+00
 0.1619000E+01 -0.8385533E+00
 0.1620000E+01 -0.8406349E+00
 0.1621000E+01 -0.8427191E+00
 0.1622000E+01 -0.8448060E+00
 0.1623000E+01 -0.8468955E+00
 0.1624000E+01 -0.8489877E+00
 0.1625000E+01 -0.8510825E+00
 0.1626000E+01 -0.8531799E+00
 0.1627000E+01 -0.8552799E+00
 0.1628000E+01 -0.8573825E+00
 0.1629000E+01 -0.8594876E+00
 0.1630000E+01 -0.8615954E+00
 0.1631000E+01 -0.8637056E+00
 0.1632000E+01 -0.8658184E+00
 0.1633000E+01 -0.8679337E+00
 0.1634000E+01 -0.8700515E+00
 0.1635000E+01 -0.8721718E+00
 0.1636000E+01 -0.8742945E+00
 0.1637000E+01 -0.8764198E+00
 0.1638000E+01 -0.8785475E+00
 0.1639000E+01 -0.8806776E+00
 0.1640000E+01 -0.8828101E+00
 0.1641000E+01 -0.8849451E+00
 0.1642000E+01 -0.8870824E+00
 0.1643000E+01 -0.8892222E+00
 0.1644000E+01 -0.8913643E+00
 0.1645000E+01 -0.8935087E+00
 0.1646000E+01 -0.8956556E+00
 0.1647000E+01 -0.8978047E+00
 0.1648000E+01 -0.8999562E+00
 0.1649000E+01 -0.9021100E+00
 0.1650000E+01 -0.9042660E+00
 0.1651000E+01 -0.9064244E+00
 0.1652000E+01 -0.9085850E+00
 0.1653000E+01 -0.9107479E+00
 0.1654000E+01 -0.9129130E+00
 0.1655000E+01 -0.9150804E+00
 0.1656000E+01 -0.9172500E+00
 0.1657000E+01 -0.9194218E+00
 0.1658000E+01 -0.9215958E+00
 0.1659000E+01 -0.9237719E+00
 0.1660000E+01 -0.9259503E+00
 0.1661000E+01 -0.9281308E+00
 0.1662000E+01 -0.9303134E+00
 0.1663000E+01 -0.9324982E+00
 0.1664000E+01 -0.9346851E+00
 0.1665000E+01 -0.9368741E+00
 0.1666000E+01 -0.9390652E+00
 0.1667000E+01 -0.9412584E+00
 0.1668000E+01 -0.9434537E+00
 0.1669000E+01 -0.9456510E+00
 0.1670000E+01 -0.9478504E+00
 0.1671000E+01 -0.9500518E+00
 0.1672000E+01 -0.9522553E+00
 0.1673000E+01 -0.9544607E+00
 0.1674000E+01 -0.9566682E+00
 0.1675000E+01 -0.9588776E+00
 0.1676000E+01 -0.9610891E+00
 0.1677000E+01 -0.9633025E+00
 0.1678000E+01 -0.9655178E+00
 0.1679000E+01 -0.9677351E+00
 0.1680000E+01 -0.9699543E+00
 0.1681000E+01 -0.9721755E+00
 0.1682000E+01 -0.9743986E+00
 0.1683000E+01 -0.9766235E+00
 0.1684000E+01 -0.9788503E+00
 0.1685000E+01 -0.9810791E+00
 0.1686000E+01 -0.9833096E+00
 0.1687000E+01 -0.9855421E+00
 0.1688000E+01 -0.9877763E+00
 0.1689000E+01 -0.9900124E+00
 0.1690000E+01 -0.9922504E+00
 0.1691000E+01 -0.9944901E+00
 0.1692000E+01 -0.9967316E+00
 0.1693000E+01 -0.9989749E+00
 0.1694000E+01 -0.1001220E+01
 0.1695000E+01 -0.1003467E+01
 0.1696000E+01 -0.1005715E+01
 0.1697000E+01 -0.1007966E+01
 0.1698000E+01 -0.1010218E+01
 0.1699000E+01 -0.1012472E+01
 0.1700000E+01 -0.1014727E+01
 0.1701000E+01 -0.1016984E+01
 0.1702000E+01 -0.1019243E+01
 0.1703000E+01 -0.1021504E+01
 0.1704000E+01 -0.1023766E+01
 0.1705000E+01 -0.1026030E+01
 0.1706000E+01 -0.1028295E+01
 0.1707000E+01 -0.1030563E+01
 0.1708000E+01 -0.1032831E+01
 0.1709000E+01 -0.1035102E+01
 0.1710000E+01 -0.1037374E+01
 0.1711000E+01 -0.1039647E+01
 0.1712000E+01 -0.1041923E+01
 0.1713000E+01 -0.1044199E+01
 0.1714000E+01 -0.1046478E+01
 0.1715000E+01 -0.1048758E+01
 0.1716000E+01 -0.1051039E+01
 0.1717000E+01 -0.1053322E+01
 0.1718000E+01 -0.1055606E+01
 0.1719000E+01 -0.1057892E+01
 0.1720000E+01 -0.1060180E+01
 0.1721000E+01 -0.1062469E+01
 0.1722000E+01 -0.1064759E+01
 0.1723000E+01 -0.1067051E+01
 0.1724000E+01 -0.1069345E+01
 0.1725000E+01 -0.1071639E+01
 0.1726000E+01 -0.1073936E+01
 0.1727000E+01 -0.1076233E+01
 0.1728000E+01 -0.1078533E+01
 0.1729000E+01 -0.1080833E+01
 0.1730000E+01 -0.1083135E+01
 0.1731000E+01 -0.1085439E+01
 0.1732000E+01 -0.1087743E+01
 0.1733000E+01 -0.1090049E+01
 0.1734000E+01 -0.1092357E+01
 0.1735000E+01 -0.1094666E+01
 0.1736000E+01 -0.1096976E+01
 0.1737000E+01 -0.1099287E+01
 0.1738000E+01 -0.1101600E+01
 0.1739000E+01 -0.1103915E+01
 0.1740000E+01 -0.1106230E+01
 0.1741000E+01 -0.1108547E+01
 0.1742000E+01 -0.1110865E+01
 0.1743000E+01 -0.1113184E+01
 0.1744000E+01 -0.1115505E+01
 0.1745000E+01 -0.1117827E+01
 0.1746000E+01 -0.1120150E+01
 0.1747000E+01 -0.1122475E+01
 0.1748000E+01 -0.1124800E+01
 0.1749000E+01 -0.1127127E+01
 0.1750000E+01 -0.1129455E+01
 0.1751000E+01 -0.1131785E+01
 0.1752000E+01 -0.1134115E+01
 0.1753000E+01 -0.1136447E+01
 0.1754000E+01 -0.1138780E+01
 0.1755000E+01 -0.1141114E+01
 0.1756000E+01 -0.1143449E+01
 0.1757000E+01 -0.1145786E+01
 0.1758000E+01 -0.1148123E+01
 0.1759000E+01 -0.1150462E+01
 0.1760000E+01 -0.1152802E+01
 0.1761000E+01 -0.1155143E+01
 0.1762000E+01 -0.1157485E+01
 0.1763000E+01 -0.1159829E+01
 0.1764000E+01 -0.1162173E+01
 0.1765000E+01 -0.1164518E+01
 0.1766000E+01 -0.1166865E+01
 0.1767000E+01 -0.1169213E+01
 0.1768000E+01 -0.1171561E+01
 0.1769000E+01 -0.1173911E+01
 0.1770000E+01 -0.1176262E+01
 0.1771000E+01 -0.1178614E+01
 0.1772000E+01 -0.1180967E+01
 0.1773000E+01 -0.1183321E+01
 0.1774000E+01 -0.1185676E+01
 0.1775000E+01 -0.1188032E+01
 0.1776000E+01 -0.1190389E+01
 0.1777000E+01 -0.1192747E+01
 0.1778000E+01 -0.1195106E+01
 0.1779000E+01 -0.1197466E+01
 0.1780000E+01 -0.1199827E+01
 0.1781000E+01 -0.1202189E+01
 0.1782000E+01 -0.1204552E+01
 0.1783000E+01 -0.1206916E+01
 0.1784000E+01 -0.1209281E+01
 0.1785000E+01 -0.1211646E+01
 0.1786000E+01 -0.1214013E+01
 0.1787000E+01 -0.1216381E+01
 0.1788000E+01 -0.1218749E+01
 0.1789000E+01 -0.1221119E+01
 0.1790000E+01 -0.1223489E+01
 0.1791000E+01 -0.1225861E+01
 0.1792000E+01 -0.1228233E+01
 0.1793000E+01 -0.1230606E+01
 0.1794000E+01 -0.1232980E+01
 0.1795000E+01 -0.1235355E+01
 0.1796000E+01 -0.1237730E+01
 0.1797000E+01 -0.1240107E+01
 0.1798000E+01 -0.1242485E+01
 0.1799000E+01 -0.1244863E+01
 0.1800000E+01 -0.1247242E+01
 0.1801000E+01 -0.1249622E+01
 0.1802000E+01 -0.1252003E+01
 0.1803000E+01 -0.1254384E+01
 0.1804000E+01 -0.1256767E+01
 0.1805000E+01 -0.1259150E+01
 0.1806000E+01 -0.1261534E+01
 0.1807000E+01 -0.1263919E+01
 0.1808000E+01 -0.1266305E+01
 0.1809000E+01 -0.1268691E+01
 0.1810000E+01 -0.1271078E+01
 0.1811000E+01 -0.1273466E+01
 0.1812000E+01 -0.1275855E+01
 0.1813000E+01 -0.1278244E+01
 0.1814000E+01 -0.1280635E+01
 0.1815000E+01 -0.1283026E+01
 0.1816000E+01 -0.1285417E+01
 0.1817000E+01 -0.1287810E+01
 0.1818000E+01 -0.1290203E+01
 0.1819000E+01 -0.1292597E+01
 0.1820000E+01 -0.1294991E+01
 0.1821000E+01 -0.1297387E+01
 0.1822000E+01 -0.1299783E+01
 0.1823000E+01 -0.1302180E+01
 0.1824000E+01 -0.1304577E+01
 0.1825000E+01 -0.1306975E+01
 0.1826000E+01 -0.1309374E+01
 0.1827000E+01 -0.1311773E+01
 0.1828000E+01 -0.1314174E+01
 0.1829000E+01 -0.1316574E+01
 0.1830000E+01 -0.1318976E+01
 0.1831000E+01 -0.1321378E+01
 0.1832000E+01 -0.1323781E+01
 0.1833000E+01 -0.1326184E+01
 0.1834000E+01 -0.1328588E+01
 0.1835000E+01 -0.1330993E+01
 0.1836000E+01 -0.1333398E+01
 0.1837000E+01 -0.1335804E+01
 0.1838000E+01 -0.1338211E+01
 0.1839000E+01 -0.1340618E+01
 0.1840000E+01 -0.1343026E+01
 0.1841000E+01 -0.1345434E+01
 0.1842000E+01 -0.1347843E+01
 0.1843000E+01 -0.1350252E+01
 0.1844000E+01 -0.1352663E+01
 0.1845000E+01 -0.1355073E+01
 0.1846000E+01 -0.1357485E+01
 0.1847000E+01 -0.1359896E+01
 0.1848000E+01 -0.1362309E+01
 0.1849000E+01 -0.1364722E+01
 0.1850000E+01 -0.1367135E+01
 0.1851000E+01 -0.1369550E+01
 0.1852000E+01 -0.1371964E+01
 0.1853000E+01 -0.1374379E+01
 0.1854000E+01 -0.1376795E+01
 0.1855000E+01 -0.1379211E+01
 0.1856000E+01 -0.1381628E+01
 0.1857000E+01 -0.1384045E+01
 0.1858000E+01 -0.1386463E+01
 0.1859000E+01 -0.1388882E+01
 0.1860000E+01 -0.1391301E+01
 0.1861000E+01 -0.1393720E+01
 0.1862000E+01 -0.1396140E+01
 0.1863000E+01 -0.1398560E+01
 0.1864000E+01 -0.1400981E+01
 0.1865000E+01 -0.1403402E+01
 0.1866000E+01 -0.1405824E+01
 0.1867000E+01 -0.1408246E+01
 0.1868000E+01 -0.1410669E+01
 0.1869000E+01 -0.1413092E+01
 0.1870000E+01 -0.1415516E+01
 0.1871000E+01 -0.1417940E+01
 0.1872000E+01 -0.1420365E+01
 0.1873000E+01 -0.1422790E+01
 0.1874000E+01 -0.1425215E+01
 0.1875000E+01 -0.1427641E+01
 0.1876000E+01 -0.1430068E+01
 0.1877000E+01 -0.1432495E+01
 0.1878000E+01 -0.1434922E+01
 0.1879000E+01 -0.1437350E+01
 0.1880000E+01 -0.1439778E+01
 0.1881000E+01 -0.1442206E+01
 0.1882000E+01 -0.1444635E+01
 0.1883000E+01 -0.1447065E+01
 0.1884000E+01 -0.1449495E+01
 0.1885000E+01 -0.1451925E+01
 0.1886000E+01 -0.1454355E+01
 0.1887000E+01 -0.1456787E+01
 0.1888000E+01 -0.1459218E+01
 0.1889000E+01 -0.1461650E+01
 0.1890000E+01 -0.1464082E+01
 0.1891000E+01 -0.1466515E+01
 0.1892000E+01 -0.1468947E+01
 0.1893000E+01 -0.1471381E+01
 0.1894000E+01 -0.1473815E+01
 0.1895000E+01 -0.1476249E+01
 0.1896000E+01 -0.1478683E+01
 0.1897000E+01 -0.1481118E+01
 0.1898000E+01 -0.1483553E+01
 0.1899000E+01 -0.1485989E+01
 0.1900000E+01 -0.1488425E+01
 0.1901000E+01 -0.1490861E+01
 0.1902000E+01 -0.1493297E+01
 0.1903000E+01 -0.1495734E+01
 0.1904000E+01 -0.1498172E+01
 0.1905000E+01 -0.1500609E+01
 0.1906000E+01 -0.1503047E+01
 0.1907000E+01 -0.1505486E+01
 0.1908000E+01 -0.1507924E+01
 0.1909000E+01 -0.1510363E+01
 0.1910000E+01 -0.1512802E+01
 0.1911000E+01 -0.1515242E+01
 0.1912000E+01 -0.1517682E+01
 0.1913000E+01 -0.1520122E+01
 0.1914000E+01 -0.1522563E+01
 0.1915000E+01 -0.1525003E+01
 0.1916000E+01 -0.1527445E+01
 0.1917000E+01 -0.1529886E+01
 0.1918000E+01 -0.1532328E+01
 0.1919000E+01 -0.1534770E+01
 0.1920000E+01 -0.1537212E+01
 0.1921000E+01 -0.1539655E+01
 0.1922000E+01 -0.1542098E+01
 0.1923000E+01 -0.1544541E+01
 0.1924000E+01 -0.1546984E+01
 0.1925000E+01 -0.1549428E+01
 0.1926000E+01 -0.1551872E+01
 0.1927000E+01 -0.1554317E+01
 0.1928000E+01 -0.1556761E+01
 0.1929000E+01 -0.1559206E+01
 0.1930000E+01 -0.1561651E+01
 0.1931000E+01 -0.1564097E+01
 0.1932000E+01 -0.1566542E+01
 0.1933000E+01 -0.1568988E+01
 0.1934000E+01 -0.1571434E+01
 0.1935000E+01 -0.1573881E+01
 0.1936000E+01 -0.1576327E+01
 0.1937000E+01 -0.1578774E+01
 0.1938000E+01 -0.1581222E+01
 0.1939000E+01 -0.1583669E+01
 0.1940000E+01 -0.1586117E+01
 0.1941000E+01 -0.1588565E+01
 0.1942000E+01 -0.1591013E+01
 0.1943000E+01 -0.1593461E+01
 0.1944000E+01 -0.1595910E+01
 0.1945000E+01 -0.1598359E+01
 0.1946000E+01 -0.1600808E+01
 0.1947000E+01 -0.1603257E+01
 0.1948000E+01 -0.1605707E+01
 0.1949000E+01 -0.1608156E+01
 0.1950000E+01 -0.1610606E+01
 0.1951000E+01 -0.1613056E+01
 0.1952000E+01 -0.1615507E+01
 0.1953000E+01 -0.1617958E+01
 0.1954000E+01 -0.1620408E+01
 0.1955000E+01 -0.1622859E+01
 0.1956000E+01 -0.1625311E+01
 0.1957000E+01 -0.1627762E+01
 0.1958000E+01 -0.1630214E+01
 0.1959000E+01 -0.1632666E+01
 0.1960000E+01 -0.1635118E+01
 0.1961000E+01 -0.1637570E+01
 0.1962000E+01 -0.1640023E+01
 0.1963000E+01 -0.1642475E+01
 0.1964000E+01 -0.1644928E+01
 0.1965000E+01 -0.1647381E+01
 0.1966000E+01 -0.1649835E+01
 0.1967000E+01 -0.1652288E+01
 0.1968000E+01 -0.1654742E+01
 0.1969000E+01 -0.1657196E+01
 0.1970000E+01 -0.1659650E+01
 0.1971000E+01 -0.1662104E+01
 0.1972000E+01 -0.1664558E+01
 0.1973000E+01 -0.1667013E+01
 0.1974000E+01 -0.1669467E+01
 0.1975000E+01 -0.1671922E+01
 0.1976000E+01 -0.1674377E+01
 0.1977000E+01 -0.1676833E+01
 0.1978000E+01 -0.1679288E+01
 0.1979000E+01 -0.1681744E+01
 0.1980000E+01 -0.1684199E+01
 0.1981000E+01 -0.1686655E+01
 0.1982000E+01 -0.1689111E+01
 0.1983000E+01 -0.1691568E+01
 0.1984000E+01 -0.1694024E+01
 0.1985000E+01 -0.1696481E+01
 0.1986000E+01 -0.1698937E+01
 0.1987000E+01 -0.1701394E+01
 0.1988000E+01 -0.1703851E+01
 0.1989000E+01 -0.1706309E+01
 0.1990000E+01 -0.1708766E+01
 0.1991000E+01 -0.1711224E+01
 0.1992000E+01 -0.1713681E+01
 0.1993000E+01 -0.1716139E+01
 0.1994000E+01 -0.1718597E+01
 0.1995000E+01 -0.1721055E+01
 0.1996000E+01 -0.1723514E+01
 0.1997000E+01 -0.1725972E+01
 0.1998000E+01 -0.1728431E+01
 0.1999000E+01 -0.1730889E+01
 0.2000000E+01 -0.1733348E+01
