-0.1200000E+02  0.5988879E-11  0.0000000E+00
-0.1197654E+02  0.6350638E-11  0.0000000E+00
-0.1195308E+02  0.6734249E-11  0.0000000E+00
-0.1192962E+02  0.7141032E-11  0.0000000E+00
-0.1190616E+02  0.7572387E-11  0.0000000E+00
-0.1188270E+02  0.8029798E-11  0.0000000E+00
-0.1185924E+02  0.8514839E-11  0.0000000E+00
-0.1183578E+02  0.9029178E-11  0.0000000E+00
-0.1181232E+02  0.9574587E-11  0.0000000E+00
-0.1178886E+02  0.1015294E-10  0.0000000E+00
-0.1176540E+02  0.1076623E-10  0.0000000E+00
-0.1174194E+02  0.1141657E-10  0.0000000E+00
-0.1171848E+02  0.1210619E-10  0.0000000E+00
-0.1169501E+02  0.1283746E-10  0.0000000E+00
-0.1167155E+02  0.1361291E-10  0.0000000E+00
-0.1164809E+02  0.1443520E-10  0.0000000E+00
-0.1162463E+02  0.1530716E-10  0.0000000E+00
-0.1160117E+02  0.1623179E-10  0.0000000E+00
-0.1157771E+02  0.1721227E-10  0.0000000E+00
-0.1155425E+02  0.1825198E-10  0.0000000E+00
-0.1153079E+02  0.1935450E-10  0.0000000E+00
-0.1150733E+02  0.2052361E-10  0.0000000E+00
-0.1148387E+02  0.2176334E-10  0.0000000E+00
-0.1146041E+02  0.2307795E-10  0.0000000E+00
-0.1143695E+02  0.2447198E-10  0.0000000E+00
-0.1141349E+02  0.2595021E-10  0.0000000E+00
-0.1139003E+02  0.2751774E-10  0.0000000E+00
-0.1136657E+02  0.2917995E-10  0.0000000E+00
-0.1134311E+02  0.3094257E-10  0.0000000E+00
-0.1131965E+02  0.3281166E-10  0.0000000E+00
-0.1129619E+02  0.3479365E-10  0.0000000E+00
-0.1127273E+02  0.3689537E-10  0.0000000E+00
-0.1124927E+02  0.3912404E-10  0.0000000E+00
-0.1122581E+02  0.4148733E-10  0.0000000E+00
-0.1120235E+02  0.4399338E-10  0.0000000E+00
-0.1117889E+02  0.4665080E-10  0.0000000E+00
-0.1115543E+02  0.4946875E-10  0.0000000E+00
-0.1113196E+02  0.5245692E-10  0.0000000E+00
-0.1110850E+02  0.5562558E-10  0.0000000E+00
-0.1108504E+02  0.5898565E-10  0.0000000E+00
-0.1106158E+02  0.6254869E-10  0.0000000E+00
-0.1103812E+02  0.6632695E-10  0.0000000E+00
-0.1101466E+02  0.7033344E-10  0.0000000E+00
-0.1099120E+02  0.7458194E-10  0.0000000E+00
-0.1096774E+02  0.7908707E-10  0.0000000E+00
-0.1094428E+02  0.8386433E-10  0.0000000E+00
-0.1092082E+02  0.8893017E-10  0.0000000E+00
-0.1089736E+02  0.9430200E-10  0.0000000E+00
-0.1087390E+02  0.9999833E-10  0.0000000E+00
-0.1085044E+02  0.1060387E-09  0.0000000E+00
-0.1082698E+02  0.1124440E-09  0.0000000E+00
-0.1080352E+02  0.1192362E-09  0.0000000E+00
-0.1078006E+02  0.1264387E-09  0.0000000E+00
-0.1075660E+02  0.1340762E-09  0.0000000E+00
-0.1073314E+02  0.1421751E-09  0.0000000E+00
-0.1070968E+02  0.1507632E-09  0.0000000E+00
-0.1068622E+02  0.1598701E-09  0.0000000E+00
-0.1066276E+02  0.1695271E-09  0.0000000E+00
-0.1063930E+02  0.1797674E-09  0.0000000E+00
-0.1061584E+02  0.1906263E-09  0.0000000E+00
-0.1059238E+02  0.2021411E-09  0.0000000E+00
-0.1056891E+02  0.2143514E-09  0.0000000E+00
-0.1054545E+02  0.2272993E-09  0.0000000E+00
-0.1052199E+02  0.2410294E-09  0.0000000E+00
-0.1049853E+02  0.2555888E-09  0.0000000E+00
-0.1047507E+02  0.2710277E-09  0.0000000E+00
-0.1045161E+02  0.2873991E-09  0.0000000E+00
-0.1042815E+02  0.3047595E-09  0.0000000E+00
-0.1040469E+02  0.3231685E-09  0.0000000E+00
-0.1038123E+02  0.3426896E-09  0.0000000E+00
-0.1035777E+02  0.3633898E-09  0.0000000E+00
-0.1033431E+02  0.3853404E-09  0.0000000E+00
-0.1031085E+02  0.4086169E-09  0.0000000E+00
-0.1028739E+02  0.4332995E-09  0.0000000E+00
-0.1026393E+02  0.4594730E-09  0.0000000E+00
-0.1024047E+02  0.4872275E-09  0.0000000E+00
-0.1021701E+02  0.5166585E-09  0.0000000E+00
-0.1019355E+02  0.5478674E-09  0.0000000E+00
-0.1017009E+02  0.5809614E-09  0.0000000E+00
-0.1014663E+02  0.6160544E-09  0.0000000E+00
-0.1012317E+02  0.6532673E-09  0.0000000E+00
-0.1009971E+02  0.6927279E-09  0.0000000E+00
-0.1007625E+02  0.7345723E-09  0.0000000E+00
-0.1005279E+02  0.7789442E-09  0.0000000E+00
-0.1002933E+02  0.8259964E-09  0.0000000E+00
-0.1000587E+02  0.8758908E-09  0.0000000E+00
-0.9982405E+01  0.9287991E-09  0.0000000E+00
-0.9958944E+01  0.9849033E-09  0.0000000E+00
-0.9935484E+01  0.1044397E-08  0.0000000E+00
-0.9912023E+01  0.1107483E-08  0.0000000E+00
-0.9888563E+01  0.1174381E-08  0.0000000E+00
-0.9865103E+01  0.1245320E-08  0.0000000E+00
-0.9841642E+01  0.1320543E-08  0.0000000E+00
-0.9818182E+01  0.1400311E-08  0.0000000E+00
-0.9794721E+01  0.1484897E-08  0.0000000E+00
-0.9771261E+01  0.1574592E-08  0.0000000E+00
-0.9747801E+01  0.1669706E-08  0.0000000E+00
-0.9724340E+01  0.1770565E-08  0.0000000E+00
-0.9700880E+01  0.1877516E-08  0.0000000E+00
-0.9677419E+01  0.1990927E-08  0.0000000E+00
-0.9653959E+01  0.2111190E-08  0.0000000E+00
-0.9630499E+01  0.2238716E-08  0.0000000E+00
-0.9607038E+01  0.2373946E-08  0.0000000E+00
-0.9583578E+01  0.2517345E-08  0.0000000E+00
-0.9560117E+01  0.2669405E-08  0.0000000E+00
-0.9536657E+01  0.2830651E-08  0.0000000E+00
-0.9513196E+01  0.3001637E-08  0.0000000E+00
-0.9489736E+01  0.3182951E-08  0.0000000E+00
-0.9466276E+01  0.3375218E-08  0.0000000E+00
-0.9442815E+01  0.3579098E-08  0.0000000E+00
-0.9419355E+01  0.3795294E-08  0.0000000E+00
-0.9395894E+01  0.4024549E-08  0.0000000E+00
-0.9372434E+01  0.4267652E-08  0.0000000E+00
-0.9348974E+01  0.4525440E-08  0.0000000E+00
-0.9325513E+01  0.4798800E-08  0.0000000E+00
-0.9302053E+01  0.5088672E-08  0.0000000E+00
-0.9278592E+01  0.5396054E-08  0.0000000E+00
-0.9255132E+01  0.5722004E-08  0.0000000E+00
-0.9231672E+01  0.6067642E-08  0.0000000E+00
-0.9208211E+01  0.6434158E-08  0.0000000E+00
-0.9184751E+01  0.6822815E-08  0.0000000E+00
-0.9161290E+01  0.7234948E-08  0.0000000E+00
-0.9137830E+01  0.7671975E-08  0.0000000E+00
-0.9114370E+01  0.8135402E-08  0.0000000E+00
-0.9090909E+01  0.8626822E-08  0.0000000E+00
-0.9067449E+01  0.9147926E-08  0.0000000E+00
-0.9043988E+01  0.9700508E-08  0.0000000E+00
-0.9020528E+01  0.1028647E-07  0.0000000E+00
-0.8997067E+01  0.1090782E-07  0.0000000E+00
-0.8973607E+01  0.1156671E-07  0.0000000E+00
-0.8950147E+01  0.1226540E-07  0.0000000E+00
-0.8926686E+01  0.1300629E-07  0.0000000E+00
-0.8903226E+01  0.1379194E-07  0.0000000E+00
-0.8879765E+01  0.1462504E-07  0.0000000E+00
-0.8856305E+01  0.1550847E-07  0.0000000E+00
-0.8832845E+01  0.1644526E-07  0.0000000E+00
-0.8809384E+01  0.1743864E-07  0.0000000E+00
-0.8785924E+01  0.1849202E-07  0.0000000E+00
-0.8762463E+01  0.1960904E-07  0.0000000E+00
-0.8739003E+01  0.2079352E-07  0.0000000E+00
-0.8715543E+01  0.2204956E-07  0.0000000E+00
-0.8692082E+01  0.2338147E-07  0.0000000E+00
-0.8668622E+01  0.2479383E-07  0.0000000E+00
-0.8645161E+01  0.2629150E-07  0.0000000E+00
-0.8621701E+01  0.2787964E-07  0.0000000E+00
-0.8598240E+01  0.2956371E-07  0.0000000E+00
-0.8574780E+01  0.3134951E-07  0.0000000E+00
-0.8551320E+01  0.3324319E-07  0.0000000E+00
-0.8527859E+01  0.3525124E-07  0.0000000E+00
-0.8504399E+01  0.3738060E-07  0.0000000E+00
-0.8480938E+01  0.3963858E-07  0.0000000E+00
-0.8457478E+01  0.4203295E-07  0.0000000E+00
-0.8434018E+01  0.4457196E-07  0.0000000E+00
-0.8410557E+01  0.4726433E-07  0.0000000E+00
-0.8387097E+01  0.5011934E-07  0.0000000E+00
-0.8363636E+01  0.5314681E-07  0.0000000E+00
-0.8340176E+01  0.5635715E-07  0.0000000E+00
-0.8316716E+01  0.5976141E-07  0.0000000E+00
-0.8293255E+01  0.6337130E-07  0.0000000E+00
-0.8269795E+01  0.6719925E-07  0.0000000E+00
-0.8246334E+01  0.7125843E-07  0.0000000E+00
-0.8222874E+01  0.7556281E-07  0.0000000E+00
-0.8199413E+01  0.8012719E-07  0.0000000E+00
-0.8175953E+01  0.8496728E-07  0.0000000E+00
-0.8152493E+01  0.9009974E-07  0.0000000E+00
-0.8129032E+01  0.9554222E-07  0.0000000E+00
-0.8105572E+01  0.1013135E-06  0.0000000E+00
-0.8082111E+01  0.1074333E-06  0.0000000E+00
-0.8058651E+01  0.1139228E-06  0.0000000E+00
-0.8035191E+01  0.1208044E-06  0.0000000E+00
-0.8011730E+01  0.1281016E-06  0.0000000E+00
-0.7988270E+01  0.1358396E-06  0.0000000E+00
-0.7964809E+01  0.1440450E-06  0.0000000E+00
-0.7941349E+01  0.1527460E-06  0.0000000E+00
-0.7917889E+01  0.1619727E-06  0.0000000E+00
-0.7894428E+01  0.1717566E-06  0.0000000E+00
-0.7870968E+01  0.1821316E-06  0.0000000E+00
-0.7847507E+01  0.1931333E-06  0.0000000E+00
-0.7824047E+01  0.2047995E-06  0.0000000E+00
-0.7800587E+01  0.2171705E-06  0.0000000E+00
-0.7777126E+01  0.2302887E-06  0.0000000E+00
-0.7753666E+01  0.2441993E-06  0.0000000E+00
-0.7730205E+01  0.2589502E-06  0.0000000E+00
-0.7706745E+01  0.2745921E-06  0.0000000E+00
-0.7683284E+01  0.2911789E-06  0.0000000E+00
-0.7659824E+01  0.3087676E-06  0.0000000E+00
-0.7636364E+01  0.3274187E-06  0.0000000E+00
-0.7612903E+01  0.3471965E-06  0.0000000E+00
-0.7589443E+01  0.3681689E-06  0.0000000E+00
-0.7565982E+01  0.3904082E-06  0.0000000E+00
-0.7542522E+01  0.4139909E-06  0.0000000E+00
-0.7519062E+01  0.4389980E-06  0.0000000E+00
-0.7495601E+01  0.4655158E-06  0.0000000E+00
-0.7472141E+01  0.4936353E-06  0.0000000E+00
-0.7448680E+01  0.5234534E-06  0.0000000E+00
-0.7425220E+01  0.5550727E-06  0.0000000E+00
-0.7401760E+01  0.5886019E-06  0.0000000E+00
-0.7378299E+01  0.6241565E-06  0.0000000E+00
-0.7354839E+01  0.6618587E-06  0.0000000E+00
-0.7331378E+01  0.7018384E-06  0.0000000E+00
-0.7307918E+01  0.7442330E-06  0.0000000E+00
-0.7284457E+01  0.7891885E-06  0.0000000E+00
-0.7260997E+01  0.8368595E-06  0.0000000E+00
-0.7237537E+01  0.8874101E-06  0.0000000E+00
-0.7214076E+01  0.9410142E-06  0.0000000E+00
-0.7190616E+01  0.9978563E-06  0.0000000E+00
-0.7167155E+01  0.1058132E-05  0.0000000E+00
-0.7143695E+01  0.1122049E-05  0.0000000E+00
-0.7120235E+01  0.1189826E-05  0.0000000E+00
-0.7096774E+01  0.1261698E-05  0.0000000E+00
-0.7073314E+01  0.1337911E-05  0.0000000E+00
-0.7049853E+01  0.1418727E-05  0.0000000E+00
-0.7026393E+01  0.1504426E-05  0.0000000E+00
-0.7002933E+01  0.1595301E-05  0.0000000E+00
-0.6979472E+01  0.1691665E-05  0.0000000E+00
-0.6956012E+01  0.1793850E-05  0.0000000E+00
-0.6932551E+01  0.1902208E-05  0.0000000E+00
-0.6909091E+01  0.2017111E-05  0.0000000E+00
-0.6885630E+01  0.2138955E-05  0.0000000E+00
-0.6862170E+01  0.2268159E-05  0.0000000E+00
-0.6838710E+01  0.2405167E-05  0.0000000E+00
-0.6815249E+01  0.2550451E-05  0.0000000E+00
-0.6791789E+01  0.2704512E-05  0.0000000E+00
-0.6768328E+01  0.2867878E-05  0.0000000E+00
-0.6744868E+01  0.3041113E-05  0.0000000E+00
-0.6721408E+01  0.3224811E-05  0.0000000E+00
-0.6697947E+01  0.3419607E-05  0.0000000E+00
-0.6674487E+01  0.3626168E-05  0.0000000E+00
-0.6651026E+01  0.3845207E-05  0.0000000E+00
-0.6627566E+01  0.4077478E-05  0.0000000E+00
-0.6604106E+01  0.4323778E-05  0.0000000E+00
-0.6580645E+01  0.4584956E-05  0.0000000E+00
-0.6557185E+01  0.4861911E-05  0.0000000E+00
-0.6533724E+01  0.5155596E-05  0.0000000E+00
-0.6510264E+01  0.5467020E-05  0.0000000E+00
-0.6486804E+01  0.5797256E-05  0.0000000E+00
-0.6463343E+01  0.6147440E-05  0.0000000E+00
-0.6439883E+01  0.6518776E-05  0.0000000E+00
-0.6416422E+01  0.6912544E-05  0.0000000E+00
-0.6392962E+01  0.7330097E-05  0.0000000E+00
-0.6369501E+01  0.7772872E-05  0.0000000E+00
-0.6346041E+01  0.8242393E-05  0.0000000E+00
-0.6322581E+01  0.8740276E-05  0.0000000E+00
-0.6299120E+01  0.9268233E-05  0.0000000E+00
-0.6275660E+01  0.9828082E-05  0.0000000E+00
-0.6252199E+01  0.1042175E-04  0.0000000E+00
-0.6228739E+01  0.1105127E-04  0.0000000E+00
-0.6205279E+01  0.1171883E-04  0.0000000E+00
-0.6181818E+01  0.1242671E-04  0.0000000E+00
-0.6158358E+01  0.1317734E-04  0.0000000E+00
-0.6134897E+01  0.1397332E-04  0.0000000E+00
-0.6111437E+01  0.1481738E-04  0.0000000E+00
-0.6087977E+01  0.1571243E-04  0.0000000E+00
-0.6064516E+01  0.1666154E-04  0.0000000E+00
-0.6041056E+01  0.1766798E-04  0.0000000E+00
-0.6017595E+01  0.1873521E-04  0.0000000E+00
-0.5994135E+01  0.1986691E-04  0.0000000E+00
-0.5970674E+01  0.2106698E-04  0.0000000E+00
-0.5947214E+01  0.2233953E-04  0.0000000E+00
-0.5923754E+01  0.2368895E-04  0.0000000E+00
-0.5900293E+01  0.2511988E-04  0.0000000E+00
-0.5876833E+01  0.2663725E-04  0.0000000E+00
-0.5853372E+01  0.2824628E-04  0.0000000E+00
-0.5829912E+01  0.2995250E-04  0.0000000E+00
-0.5806452E+01  0.3176178E-04  0.0000000E+00
-0.5782991E+01  0.3368035E-04  0.0000000E+00
-0.5759531E+01  0.3571481E-04  0.0000000E+00
-0.5736070E+01  0.3787217E-04  0.0000000E+00
-0.5712610E+01  0.4015984E-04  0.0000000E+00
-0.5689150E+01  0.4258570E-04  0.0000000E+00
-0.5665689E+01  0.4515809E-04  0.0000000E+00
-0.5642229E+01  0.4788586E-04  0.0000000E+00
-0.5618768E+01  0.5077841E-04  0.0000000E+00
-0.5595308E+01  0.5384568E-04  0.0000000E+00
-0.5571848E+01  0.5709823E-04  0.0000000E+00
-0.5548387E+01  0.6054725E-04  0.0000000E+00
-0.5524927E+01  0.6420460E-04  0.0000000E+00
-0.5501466E+01  0.6808288E-04  0.0000000E+00
-0.5478006E+01  0.7219543E-04  0.0000000E+00
-0.5454545E+01  0.7655639E-04  0.0000000E+00
-0.5431085E+01  0.8118078E-04  0.0000000E+00
-0.5407625E+01  0.8608450E-04  0.0000000E+00
-0.5384164E+01  0.9128443E-04  0.0000000E+00
-0.5360704E+01  0.9679846E-04  0.0000000E+00
-0.5337243E+01  0.1026456E-03  0.0000000E+00
-0.5313783E+01  0.1088459E-03  0.0000000E+00
-0.5290323E+01  0.1154207E-03  0.0000000E+00
-0.5266862E+01  0.1223927E-03  0.0000000E+00
-0.5243402E+01  0.1297858E-03  0.0000000E+00
-0.5219941E+01  0.1376255E-03  0.0000000E+00
-0.5196481E+01  0.1459387E-03  0.0000000E+00
-0.5173021E+01  0.1547541E-03  0.0000000E+00
-0.5149560E+01  0.1641020E-03  0.0000000E+00
-0.5126100E+01  0.1740146E-03  0.0000000E+00
-0.5102639E+01  0.1845259E-03  0.0000000E+00
-0.5079179E+01  0.1956721E-03  0.0000000E+00
-0.5055718E+01  0.2074916E-03  0.0000000E+00
-0.5032258E+01  0.2200251E-03  0.0000000E+00
-0.5008798E+01  0.2333156E-03  0.0000000E+00
-0.4985337E+01  0.2474090E-03  0.0000000E+00
-0.4961877E+01  0.2623536E-03  0.0000000E+00
-0.4938416E+01  0.2782010E-03  0.0000000E+00
-0.4914956E+01  0.2950056E-03  0.0000000E+00
-0.4891496E+01  0.3128253E-03  0.0000000E+00
-0.4868035E+01  0.3317213E-03  0.0000000E+00
-0.4844575E+01  0.3517588E-03  0.0000000E+00
-0.4821114E+01  0.3730066E-03  0.0000000E+00
-0.4797654E+01  0.3955378E-03  0.0000000E+00
-0.4774194E+01  0.4194300E-03  0.0000000E+00
-0.4750733E+01  0.4447654E-03  0.0000000E+00
-0.4727273E+01  0.4716311E-03  0.0000000E+00
-0.4703812E+01  0.5001196E-03  0.0000000E+00
-0.4680352E+01  0.5303289E-03  0.0000000E+00
-0.4656891E+01  0.5623629E-03  0.0000000E+00
-0.4633431E+01  0.5963318E-03  0.0000000E+00
-0.4609971E+01  0.6323526E-03  0.0000000E+00
-0.4586510E+01  0.6705492E-03  0.0000000E+00
-0.4563050E+01  0.7110529E-03  0.0000000E+00
-0.4539589E+01  0.7540031E-03  0.0000000E+00
-0.4516129E+01  0.7995476E-03  0.0000000E+00
-0.4492669E+01  0.8478431E-03  0.0000000E+00
-0.4469208E+01  0.8990557E-03  0.0000000E+00
-0.4445748E+01  0.9533617E-03  0.0000000E+00
-0.4422287E+01  0.1010948E-02  0.0000000E+00
-0.4398827E+01  0.1072012E-02  0.0000000E+00
-0.4375367E+01  0.1136765E-02  0.0000000E+00
-0.4351906E+01  0.1205429E-02  0.0000000E+00
-0.4328446E+01  0.1278240E-02  0.0000000E+00
-0.4304985E+01  0.1355449E-02  0.0000000E+00
-0.4281525E+01  0.1437321E-02  0.0000000E+00
-0.4258065E+01  0.1524139E-02  0.0000000E+00
-0.4234604E+01  0.1616200E-02  0.0000000E+00
-0.4211144E+01  0.1713821E-02  0.0000000E+00
-0.4187683E+01  0.1817339E-02  0.0000000E+00
-0.4164223E+01  0.1927109E-02  0.0000000E+00
-0.4140762E+01  0.2043509E-02  0.0000000E+00
-0.4117302E+01  0.2166939E-02  0.0000000E+00
-0.4093842E+01  0.2297824E-02  0.0000000E+00
-0.4070381E+01  0.2436613E-02  0.0000000E+00
-0.4046921E+01  0.2583785E-02  0.0000000E+00
-0.4023460E+01  0.2739846E-02  0.0000000E+00
-0.4000000E+01  0.2905332E-02  0.0000000E+00
-0.3976540E+01  0.3080812E-02  0.0000000E+00
-0.3953079E+01  0.3266890E-02  0.0000000E+00
-0.3929619E+01  0.3464205E-02  0.0000000E+00
-0.3906158E+01  0.3673437E-02  0.0000000E+00
-0.3882698E+01  0.3895304E-02  0.0000000E+00
-0.3859238E+01  0.4130570E-02  0.0000000E+00
-0.3835777E+01  0.4380044E-02  0.0000000E+00
-0.3812317E+01  0.4644582E-02  0.0000000E+00
-0.3788856E+01  0.4925096E-02  0.0000000E+00
-0.3765396E+01  0.5222548E-02  0.0000000E+00
-0.3741935E+01  0.5537962E-02  0.0000000E+00
-0.3718475E+01  0.5872422E-02  0.0000000E+00
-0.3695015E+01  0.6227077E-02  0.0000000E+00
-0.3671554E+01  0.6603147E-02  0.0000000E+00
-0.3648094E+01  0.7001924E-02  0.0000000E+00
-0.3624633E+01  0.7424778E-02  0.0000000E+00
-0.3601173E+01  0.7873162E-02  0.0000000E+00
-0.3577713E+01  0.8348617E-02  0.0000000E+00
-0.3554252E+01  0.8852777E-02  0.0000000E+00
-0.3530792E+01  0.9387373E-02  0.0000000E+00
-0.3507331E+01  0.9954242E-02  0.0000000E+00
-0.3483871E+01  0.1055533E-01  0.0000000E+00
-0.3460411E+01  0.1119270E-01  0.0000000E+00
-0.3436950E+01  0.1186855E-01  0.0000000E+00
-0.3413490E+01  0.1258519E-01  0.0000000E+00
-0.3390029E+01  0.1334508E-01  0.0000000E+00
-0.3366569E+01  0.1415084E-01  0.0000000E+00
-0.3343109E+01  0.1500522E-01  0.0000000E+00
-0.3319648E+01  0.1591116E-01  0.0000000E+00
-0.3296188E+01  0.1687177E-01  0.0000000E+00
-0.3272727E+01  0.1789034E-01  0.0000000E+00
-0.3249267E+01  0.1897037E-01  0.0000000E+00
-0.3225806E+01  0.2011555E-01  0.0000000E+00
-0.3202346E+01  0.2132983E-01  0.0000000E+00
-0.3178886E+01  0.2261735E-01  0.0000000E+00
-0.3155425E+01  0.2398252E-01  0.0000000E+00
-0.3131965E+01  0.2543004E-01  0.0000000E+00
-0.3108504E+01  0.2696485E-01  0.0000000E+00
-0.3085044E+01  0.2859221E-01  0.0000000E+00
-0.3061584E+01  0.3031769E-01  0.0000000E+00
-0.3038123E+01  0.3214719E-01  0.0000000E+00
-0.3014663E+01  0.3408698E-01  0.0000000E+00
-0.2991202E+01  0.3614368E-01  0.0000000E+00
-0.2967742E+01  0.3832432E-01  0.0000000E+00
-0.2944282E+01  0.4063637E-01  0.0000000E+00
-0.2920821E+01  0.4308771E-01  0.0000000E+00
-0.2897361E+01  0.4568671E-01  0.0000000E+00
-0.2873900E+01  0.4844224E-01  0.0000000E+00
-0.2850440E+01  0.5136370E-01  0.0000000E+00
-0.2826979E+01  0.5446104E-01  0.0000000E+00
-0.2803519E+01  0.5774483E-01  0.0000000E+00
-0.2780059E+01  0.6122623E-01  0.0000000E+00
-0.2756598E+01  0.6491710E-01  0.0000000E+00
-0.2733138E+01  0.6882998E-01  0.0000000E+00
-0.2709677E+01  0.7297817E-01  0.0000000E+00
-0.2686217E+01  0.7737575E-01  0.0000000E+00
-0.2662757E+01  0.8203765E-01  0.0000000E+00
-0.2639296E+01  0.8697965E-01  0.0000000E+00
-0.2615836E+01  0.9221851E-01  0.0000000E+00
-0.2592375E+01  0.9777193E-01  0.0000000E+00
-0.2568915E+01  0.1036587E+00  0.0000000E+00
-0.2545455E+01  0.1098987E+00  0.0000000E+00
-0.2521994E+01  0.1165129E+00  0.0000000E+00
-0.2498534E+01  0.1235237E+00  0.0000000E+00
-0.2475073E+01  0.1309545E+00  0.0000000E+00
-0.2451613E+01  0.1388305E+00  0.0000000E+00
-0.2428152E+01  0.1471779E+00  0.0000000E+00
-0.2404692E+01  0.1560247E+00  0.0000000E+00
-0.2381232E+01  0.1654006E+00  0.0000000E+00
-0.2357771E+01  0.1753367E+00  0.0000000E+00
-0.2334311E+01  0.1858663E+00  0.0000000E+00
-0.2310850E+01  0.1970242E+00  0.0000000E+00
-0.2287390E+01  0.2088476E+00  0.0000000E+00
-0.2263930E+01  0.2213755E+00  0.0000000E+00
-0.2240469E+01  0.2346493E+00  0.0000000E+00
-0.2217009E+01  0.2487127E+00  0.0000000E+00
-0.2193548E+01  0.2636120E+00  0.0000000E+00
-0.2170088E+01  0.2793958E+00  0.0000000E+00
-0.2146628E+01  0.2961159E+00  0.0000000E+00
-0.2123167E+01  0.3138266E+00  0.0000000E+00
-0.2099707E+01  0.3325853E+00  0.0000000E+00
-0.2076246E+01  0.3524526E+00  0.0000000E+00
-0.2052786E+01  0.3734927E+00  0.0000000E+00
-0.2029326E+01  0.3957728E+00  0.0000000E+00
-0.2005865E+01  0.4193642E+00  0.0000000E+00
-0.1982405E+01  0.4443418E+00  0.0000000E+00
-0.1958944E+01  0.4707846E+00  0.0000000E+00
-0.1935484E+01  0.4987757E+00  0.0000000E+00
-0.1912023E+01  0.5284028E+00  0.0000000E+00
-0.1888563E+01  0.5597578E+00  0.0000000E+00
-0.1865103E+01  0.5929378E+00  0.0000000E+00
-0.1841642E+01  0.6280445E+00  0.0000000E+00
-0.1818182E+01  0.6651849E+00  0.0000000E+00
-0.1794721E+01  0.7044712E+00  0.0000000E+00
-0.1771261E+01  0.7460213E+00  0.0000000E+00
-0.1747801E+01  0.7899587E+00  0.0000000E+00
-0.1724340E+01  0.8364128E+00  0.0000000E+00
-0.1700880E+01  0.8855189E+00  0.0000000E+00
-0.1677419E+01  0.9374189E+00  0.0000000E+00
-0.1653959E+01  0.9922606E+00  0.0000000E+00
-0.1630499E+01  0.1050199E+01  0.0000000E+00
-0.1607038E+01  0.1111394E+01  0.0000000E+00
-0.1583578E+01  0.1176015E+01  0.0000000E+00
-0.1560117E+01  0.1244236E+01  0.0000000E+00
-0.1536657E+01  0.1316239E+01  0.0000000E+00
-0.1513196E+01  0.1392211E+01  0.0000000E+00
-0.1489736E+01  0.1472347E+01  0.0000000E+00
-0.1466276E+01  0.1556850E+01  0.0000000E+00
-0.1442815E+01  0.1645927E+01  0.0000000E+00
-0.1419355E+01  0.1739793E+01  0.0000000E+00
-0.1395894E+01  0.1838668E+01  0.0000000E+00
-0.1372434E+01  0.1942778E+01  0.0000000E+00
-0.1348974E+01  0.2052354E+01  0.0000000E+00
-0.1325513E+01  0.2167633E+01  0.0000000E+00
-0.1302053E+01  0.2288852E+01  0.0000000E+00
-0.1278592E+01  0.2416256E+01  0.0000000E+00
-0.1255132E+01  0.2550089E+01  0.0000000E+00
-0.1231672E+01  0.2690597E+01  0.0000000E+00
-0.1208211E+01  0.2838026E+01  0.0000000E+00
-0.1184751E+01  0.2992619E+01  0.0000000E+00
-0.1161290E+01  0.3154619E+01  0.0000000E+00
-0.1137830E+01  0.3324260E+01  0.0000000E+00
-0.1114370E+01  0.3501772E+01  0.0000000E+00
-0.1090909E+01  0.3687374E+01  0.0000000E+00
-0.1067449E+01  0.3881275E+01  0.0000000E+00
-0.1043988E+01  0.4083667E+01  0.0000000E+00
-0.1020528E+01  0.4294727E+01  0.0000000E+00
-0.9970674E+00  0.4514611E+01  0.0000000E+00
-0.9736070E+00  0.4743449E+01  0.0000000E+00
-0.9501466E+00  0.4981345E+01  0.0000000E+00
-0.9266862E+00  0.5228372E+01  0.0000000E+00
-0.9032258E+00  0.5484565E+01  0.0000000E+00
-0.8797654E+00  0.5749920E+01  0.0000000E+00
-0.8563050E+00  0.6024388E+01  0.0000000E+00
-0.8328446E+00  0.6307871E+01  0.0000000E+00
-0.8093842E+00  0.6600216E+01  0.0000000E+00
-0.7859238E+00  0.6901211E+01  0.0000000E+00
-0.7624633E+00  0.7210580E+01  0.0000000E+00
-0.7390029E+00  0.7527981E+01  0.0000000E+00
-0.7155425E+00  0.7852994E+01  0.0000000E+00
-0.6920821E+00  0.8185127E+01  0.0000000E+00
-0.6686217E+00  0.8523803E+01  0.0000000E+00
-0.6451613E+00  0.8868363E+01  0.0000000E+00
-0.6217009E+00  0.9218058E+01  0.0000000E+00
-0.5982405E+00  0.9572051E+01  0.0000000E+00
-0.5747801E+00  0.9929417E+01  0.0000000E+00
-0.5513196E+00  0.1028914E+02  0.0000000E+00
-0.5278592E+00  0.1065010E+02  0.0000000E+00
-0.5043988E+00  0.1101111E+02  0.0000000E+00
-0.4809384E+00  0.1137090E+02  0.0000000E+00
-0.4574780E+00  0.1172809E+02  0.0000000E+00
-0.4340176E+00  0.1208127E+02  0.0000000E+00
-0.4105572E+00  0.1242893E+02  0.0000000E+00
-0.3870968E+00  0.1276952E+02  0.0000000E+00
-0.3636364E+00  0.1310145E+02  0.0000000E+00
-0.3401760E+00  0.1342309E+02  0.0000000E+00
-0.3167155E+00  0.1373280E+02  0.0000000E+00
-0.2932551E+00  0.1402893E+02  0.0000000E+00
-0.2697947E+00  0.1430985E+02  0.0000000E+00
-0.2463343E+00  0.1457397E+02  0.0000000E+00
-0.2228739E+00  0.1481972E+02  0.0000000E+00
-0.1994135E+00  0.1504563E+02  0.0000000E+00
-0.1759531E+00  0.1525031E+02  0.0000000E+00
-0.1524927E+00  0.1543245E+02  0.0000000E+00
-0.1290323E+00  0.1559088E+02  0.0000000E+00
-0.1055718E+00  0.1572457E+02  0.0000000E+00
-0.8211144E-01  0.1583262E+02  0.0000000E+00
-0.5865103E-01  0.1591431E+02  0.0000000E+00
-0.3519062E-01  0.1596908E+02  0.0000000E+00
-0.1173021E-01  0.1599656E+02  0.0000000E+00
 0.1173021E-01  0.1599656E+02  0.0000000E+00
 0.3519062E-01  0.1596908E+02  0.0000000E+00
 0.5865103E-01  0.1591431E+02  0.0000000E+00
 0.8211144E-01  0.1583262E+02  0.0000000E+00
 0.1055718E+00  0.1572457E+02  0.0000000E+00
 0.1290323E+00  0.1559088E+02  0.0000000E+00
 0.1524927E+00  0.1543245E+02  0.0000000E+00
 0.1759531E+00  0.1525031E+02  0.0000000E+00
 0.1994135E+00  0.1504563E+02  0.0000000E+00
 0.2228739E+00  0.1481972E+02  0.0000000E+00
 0.2463343E+00  0.1457397E+02  0.0000000E+00
 0.2697947E+00  0.1430985E+02  0.0000000E+00
 0.2932551E+00  0.1402893E+02  0.0000000E+00
 0.3167155E+00  0.1373280E+02  0.0000000E+00
 0.3401760E+00  0.1342309E+02  0.0000000E+00
 0.3636364E+00  0.1310145E+02  0.0000000E+00
 0.3870968E+00  0.1276952E+02  0.0000000E+00
 0.4105572E+00  0.1242893E+02  0.0000000E+00
 0.4340176E+00  0.1208127E+02  0.0000000E+00
 0.4574780E+00  0.1172809E+02  0.0000000E+00
 0.4809384E+00  0.1137090E+02  0.0000000E+00
 0.5043988E+00  0.1101111E+02  0.0000000E+00
 0.5278592E+00  0.1065010E+02  0.0000000E+00
 0.5513196E+00  0.1028914E+02  0.0000000E+00
 0.5747801E+00  0.9929417E+01  0.0000000E+00
 0.5982405E+00  0.9572051E+01  0.0000000E+00
 0.6217009E+00  0.9218058E+01  0.0000000E+00
 0.6451613E+00  0.8868363E+01  0.0000000E+00
 0.6686217E+00  0.8523803E+01  0.0000000E+00
 0.6920821E+00  0.8185127E+01  0.0000000E+00
 0.7155425E+00  0.7852994E+01  0.0000000E+00
 0.7390029E+00  0.7527981E+01  0.0000000E+00
 0.7624633E+00  0.7210580E+01  0.0000000E+00
 0.7859238E+00  0.6901211E+01  0.0000000E+00
 0.8093842E+00  0.6600216E+01  0.0000000E+00
 0.8328446E+00  0.6307871E+01  0.0000000E+00
 0.8563050E+00  0.6024388E+01  0.0000000E+00
 0.8797654E+00  0.5749920E+01  0.0000000E+00
 0.9032258E+00  0.5484565E+01  0.0000000E+00
 0.9266862E+00  0.5228372E+01  0.0000000E+00
 0.9501466E+00  0.4981345E+01  0.0000000E+00
 0.9736070E+00  0.4743449E+01  0.0000000E+00
 0.9970674E+00  0.4514611E+01  0.0000000E+00
 0.1020528E+01  0.4294727E+01  0.0000000E+00
 0.1043988E+01  0.4083667E+01  0.0000000E+00
 0.1067449E+01  0.3881275E+01  0.0000000E+00
 0.1090909E+01  0.3687374E+01  0.0000000E+00
 0.1114370E+01  0.3501772E+01  0.0000000E+00
 0.1137830E+01  0.3324260E+01  0.0000000E+00
 0.1161290E+01  0.3154619E+01  0.0000000E+00
 0.1184751E+01  0.2992619E+01  0.0000000E+00
 0.1208211E+01  0.2838026E+01  0.0000000E+00
 0.1231672E+01  0.2690597E+01  0.0000000E+00
 0.1255132E+01  0.2550089E+01  0.0000000E+00
 0.1278592E+01  0.2416256E+01  0.0000000E+00
 0.1302053E+01  0.2288852E+01  0.0000000E+00
 0.1325513E+01  0.2167633E+01  0.0000000E+00
 0.1348974E+01  0.2052354E+01  0.0000000E+00
 0.1372434E+01  0.1942778E+01  0.0000000E+00
 0.1395894E+01  0.1838668E+01  0.0000000E+00
 0.1419355E+01  0.1739793E+01  0.0000000E+00
 0.1442815E+01  0.1645927E+01  0.0000000E+00
 0.1466276E+01  0.1556850E+01  0.0000000E+00
 0.1489736E+01  0.1472347E+01  0.0000000E+00
 0.1513196E+01  0.1392211E+01  0.0000000E+00
 0.1536657E+01  0.1316239E+01  0.0000000E+00
 0.1560117E+01  0.1244236E+01  0.0000000E+00
 0.1583578E+01  0.1176015E+01  0.0000000E+00
 0.1607038E+01  0.1111394E+01  0.0000000E+00
 0.1630499E+01  0.1050199E+01  0.0000000E+00
 0.1653959E+01  0.9922606E+00  0.0000000E+00
 0.1677419E+01  0.9374189E+00  0.0000000E+00
 0.1700880E+01  0.8855189E+00  0.0000000E+00
 0.1724340E+01  0.8364128E+00  0.0000000E+00
 0.1747801E+01  0.7899587E+00  0.0000000E+00
 0.1771261E+01  0.7460213E+00  0.0000000E+00
 0.1794721E+01  0.7044712E+00  0.0000000E+00
 0.1818182E+01  0.6651849E+00  0.0000000E+00
 0.1841642E+01  0.6280445E+00  0.0000000E+00
 0.1865103E+01  0.5929378E+00  0.0000000E+00
 0.1888563E+01  0.5597578E+00  0.0000000E+00
 0.1912023E+01  0.5284028E+00  0.0000000E+00
 0.1935484E+01  0.4987757E+00  0.0000000E+00
 0.1958944E+01  0.4707846E+00  0.0000000E+00
 0.1982405E+01  0.4443418E+00  0.0000000E+00
 0.2005865E+01  0.4193642E+00  0.0000000E+00
 0.2029326E+01  0.3957728E+00  0.0000000E+00
 0.2052786E+01  0.3734927E+00  0.0000000E+00
 0.2076246E+01  0.3524526E+00  0.0000000E+00
 0.2099707E+01  0.3325853E+00  0.0000000E+00
 0.2123167E+01  0.3138266E+00  0.0000000E+00
 0.2146628E+01  0.2961159E+00  0.0000000E+00
 0.2170088E+01  0.2793958E+00  0.0000000E+00
 0.2193548E+01  0.2636120E+00  0.0000000E+00
 0.2217009E+01  0.2487127E+00  0.0000000E+00
 0.2240469E+01  0.2346493E+00  0.0000000E+00
 0.2263930E+01  0.2213755E+00  0.0000000E+00
 0.2287390E+01  0.2088476E+00  0.0000000E+00
 0.2310850E+01  0.1970242E+00  0.0000000E+00
 0.2334311E+01  0.1858663E+00  0.0000000E+00
 0.2357771E+01  0.1753367E+00  0.0000000E+00
 0.2381232E+01  0.1654006E+00  0.0000000E+00
 0.2404692E+01  0.1560247E+00  0.0000000E+00
 0.2428152E+01  0.1471779E+00  0.0000000E+00
 0.2451613E+01  0.1388305E+00  0.0000000E+00
 0.2475073E+01  0.1309545E+00  0.0000000E+00
 0.2498534E+01  0.1235237E+00  0.0000000E+00
 0.2521994E+01  0.1165129E+00  0.0000000E+00
 0.2545455E+01  0.1098987E+00  0.0000000E+00
 0.2568915E+01  0.1036587E+00  0.0000000E+00
 0.2592375E+01  0.9777193E-01  0.0000000E+00
 0.2615836E+01  0.9221851E-01  0.0000000E+00
 0.2639296E+01  0.8697965E-01  0.0000000E+00
 0.2662757E+01  0.8203765E-01  0.0000000E+00
 0.2686217E+01  0.7737575E-01  0.0000000E+00
 0.2709677E+01  0.7297817E-01  0.0000000E+00
 0.2733138E+01  0.6882998E-01  0.0000000E+00
 0.2756598E+01  0.6491710E-01  0.0000000E+00
 0.2780059E+01  0.6122623E-01  0.0000000E+00
 0.2803519E+01  0.5774483E-01  0.0000000E+00
 0.2826979E+01  0.5446104E-01  0.0000000E+00
 0.2850440E+01  0.5136370E-01  0.0000000E+00
 0.2873900E+01  0.4844224E-01  0.0000000E+00
 0.2897361E+01  0.4568671E-01  0.0000000E+00
 0.2920821E+01  0.4308771E-01  0.0000000E+00
 0.2944282E+01  0.4063637E-01  0.0000000E+00
 0.2967742E+01  0.3832432E-01  0.0000000E+00
 0.2991202E+01  0.3614368E-01  0.0000000E+00
 0.3014663E+01  0.3408698E-01  0.0000000E+00
 0.3038123E+01  0.3214719E-01  0.0000000E+00
 0.3061584E+01  0.3031769E-01  0.0000000E+00
 0.3085044E+01  0.2859221E-01  0.0000000E+00
 0.3108504E+01  0.2696485E-01  0.0000000E+00
 0.3131965E+01  0.2543004E-01  0.0000000E+00
 0.3155425E+01  0.2398252E-01  0.0000000E+00
 0.3178886E+01  0.2261735E-01  0.0000000E+00
 0.3202346E+01  0.2132983E-01  0.0000000E+00
 0.3225806E+01  0.2011555E-01  0.0000000E+00
 0.3249267E+01  0.1897037E-01  0.0000000E+00
 0.3272727E+01  0.1789034E-01  0.0000000E+00
 0.3296188E+01  0.1687177E-01  0.0000000E+00
 0.3319648E+01  0.1591116E-01  0.0000000E+00
 0.3343109E+01  0.1500522E-01  0.0000000E+00
 0.3366569E+01  0.1415084E-01  0.0000000E+00
 0.3390029E+01  0.1334508E-01  0.0000000E+00
 0.3413490E+01  0.1258519E-01  0.0000000E+00
 0.3436950E+01  0.1186855E-01  0.0000000E+00
 0.3460411E+01  0.1119270E-01  0.0000000E+00
 0.3483871E+01  0.1055533E-01  0.0000000E+00
 0.3507331E+01  0.9954242E-02  0.0000000E+00
 0.3530792E+01  0.9387373E-02  0.0000000E+00
 0.3554252E+01  0.8852777E-02  0.0000000E+00
 0.3577713E+01  0.8348617E-02  0.0000000E+00
 0.3601173E+01  0.7873162E-02  0.0000000E+00
 0.3624633E+01  0.7424778E-02  0.0000000E+00
 0.3648094E+01  0.7001924E-02  0.0000000E+00
 0.3671554E+01  0.6603147E-02  0.0000000E+00
 0.3695015E+01  0.6227077E-02  0.0000000E+00
 0.3718475E+01  0.5872422E-02  0.0000000E+00
 0.3741935E+01  0.5537962E-02  0.0000000E+00
 0.3765396E+01  0.5222548E-02  0.0000000E+00
 0.3788856E+01  0.4925096E-02  0.0000000E+00
 0.3812317E+01  0.4644582E-02  0.0000000E+00
 0.3835777E+01  0.4380044E-02  0.0000000E+00
 0.3859238E+01  0.4130570E-02  0.0000000E+00
 0.3882698E+01  0.3895304E-02  0.0000000E+00
 0.3906158E+01  0.3673437E-02  0.0000000E+00
 0.3929619E+01  0.3464205E-02  0.0000000E+00
 0.3953079E+01  0.3266890E-02  0.0000000E+00
 0.3976540E+01  0.3080812E-02  0.0000000E+00
 0.4000000E+01  0.2905332E-02  0.0000000E+00
 0.4023460E+01  0.2739846E-02  0.0000000E+00
 0.4046921E+01  0.2583785E-02  0.0000000E+00
 0.4070381E+01  0.2436613E-02  0.0000000E+00
 0.4093842E+01  0.2297824E-02  0.0000000E+00
 0.4117302E+01  0.2166939E-02  0.0000000E+00
 0.4140762E+01  0.2043509E-02  0.0000000E+00
 0.4164223E+01  0.1927109E-02  0.0000000E+00
 0.4187683E+01  0.1817339E-02  0.0000000E+00
 0.4211144E+01  0.1713821E-02  0.0000000E+00
 0.4234604E+01  0.1616200E-02  0.0000000E+00
 0.4258065E+01  0.1524139E-02  0.0000000E+00
 0.4281525E+01  0.1437321E-02  0.0000000E+00
 0.4304985E+01  0.1355449E-02  0.0000000E+00
 0.4328446E+01  0.1278240E-02  0.0000000E+00
 0.4351906E+01  0.1205429E-02  0.0000000E+00
 0.4375367E+01  0.1136765E-02  0.0000000E+00
 0.4398827E+01  0.1072012E-02  0.0000000E+00
 0.4422287E+01  0.1010948E-02  0.0000000E+00
 0.4445748E+01  0.9533617E-03  0.0000000E+00
 0.4469208E+01  0.8990557E-03  0.0000000E+00
 0.4492669E+01  0.8478431E-03  0.0000000E+00
 0.4516129E+01  0.7995476E-03  0.0000000E+00
 0.4539589E+01  0.7540031E-03  0.0000000E+00
 0.4563050E+01  0.7110529E-03  0.0000000E+00
 0.4586510E+01  0.6705492E-03  0.0000000E+00
 0.4609971E+01  0.6323526E-03  0.0000000E+00
 0.4633431E+01  0.5963318E-03  0.0000000E+00
 0.4656891E+01  0.5623629E-03  0.0000000E+00
 0.4680352E+01  0.5303289E-03  0.0000000E+00
 0.4703812E+01  0.5001196E-03  0.0000000E+00
 0.4727273E+01  0.4716311E-03  0.0000000E+00
 0.4750733E+01  0.4447654E-03  0.0000000E+00
 0.4774194E+01  0.4194300E-03  0.0000000E+00
 0.4797654E+01  0.3955378E-03  0.0000000E+00
 0.4821114E+01  0.3730066E-03  0.0000000E+00
 0.4844575E+01  0.3517588E-03  0.0000000E+00
 0.4868035E+01  0.3317213E-03  0.0000000E+00
 0.4891496E+01  0.3128253E-03  0.0000000E+00
 0.4914956E+01  0.2950056E-03  0.0000000E+00
 0.4938416E+01  0.2782010E-03  0.0000000E+00
 0.4961877E+01  0.2623536E-03  0.0000000E+00
 0.4985337E+01  0.2474090E-03  0.0000000E+00
 0.5008798E+01  0.2333156E-03  0.0000000E+00
 0.5032258E+01  0.2200251E-03  0.0000000E+00
 0.5055718E+01  0.2074916E-03  0.0000000E+00
 0.5079179E+01  0.1956721E-03  0.0000000E+00
 0.5102639E+01  0.1845259E-03  0.0000000E+00
 0.5126100E+01  0.1740146E-03  0.0000000E+00
 0.5149560E+01  0.1641020E-03  0.0000000E+00
 0.5173021E+01  0.1547541E-03  0.0000000E+00
 0.5196481E+01  0.1459387E-03  0.0000000E+00
 0.5219941E+01  0.1376255E-03  0.0000000E+00
 0.5243402E+01  0.1297858E-03  0.0000000E+00
 0.5266862E+01  0.1223927E-03  0.0000000E+00
 0.5290323E+01  0.1154207E-03  0.0000000E+00
 0.5313783E+01  0.1088459E-03  0.0000000E+00
 0.5337243E+01  0.1026456E-03  0.0000000E+00
 0.5360704E+01  0.9679846E-04  0.0000000E+00
 0.5384164E+01  0.9128443E-04  0.0000000E+00
 0.5407625E+01  0.8608450E-04  0.0000000E+00
 0.5431085E+01  0.8118078E-04  0.0000000E+00
 0.5454545E+01  0.7655639E-04  0.0000000E+00
 0.5478006E+01  0.7219543E-04  0.0000000E+00
 0.5501466E+01  0.6808288E-04  0.0000000E+00
 0.5524927E+01  0.6420460E-04  0.0000000E+00
 0.5548387E+01  0.6054725E-04  0.0000000E+00
 0.5571848E+01  0.5709823E-04  0.0000000E+00
 0.5595308E+01  0.5384568E-04  0.0000000E+00
 0.5618768E+01  0.5077841E-04  0.0000000E+00
 0.5642229E+01  0.4788586E-04  0.0000000E+00
 0.5665689E+01  0.4515809E-04  0.0000000E+00
 0.5689150E+01  0.4258570E-04  0.0000000E+00
 0.5712610E+01  0.4015984E-04  0.0000000E+00
 0.5736070E+01  0.3787217E-04  0.0000000E+00
 0.5759531E+01  0.3571481E-04  0.0000000E+00
 0.5782991E+01  0.3368035E-04  0.0000000E+00
 0.5806452E+01  0.3176178E-04  0.0000000E+00
 0.5829912E+01  0.2995250E-04  0.0000000E+00
 0.5853372E+01  0.2824628E-04  0.0000000E+00
 0.5876833E+01  0.2663725E-04  0.0000000E+00
 0.5900293E+01  0.2511988E-04  0.0000000E+00
 0.5923754E+01  0.2368895E-04  0.0000000E+00
 0.5947214E+01  0.2233953E-04  0.0000000E+00
 0.5970674E+01  0.2106698E-04  0.0000000E+00
 0.5994135E+01  0.1986691E-04  0.0000000E+00
 0.6017595E+01  0.1873521E-04  0.0000000E+00
 0.6041056E+01  0.1766798E-04  0.0000000E+00
 0.6064516E+01  0.1666154E-04  0.0000000E+00
 0.6087977E+01  0.1571243E-04  0.0000000E+00
 0.6111437E+01  0.1481738E-04  0.0000000E+00
 0.6134897E+01  0.1397332E-04  0.0000000E+00
 0.6158358E+01  0.1317734E-04  0.0000000E+00
 0.6181818E+01  0.1242671E-04  0.0000000E+00
 0.6205279E+01  0.1171883E-04  0.0000000E+00
 0.6228739E+01  0.1105127E-04  0.0000000E+00
 0.6252199E+01  0.1042175E-04  0.0000000E+00
 0.6275660E+01  0.9828082E-05  0.0000000E+00
 0.6299120E+01  0.9268233E-05  0.0000000E+00
 0.6322581E+01  0.8740276E-05  0.0000000E+00
 0.6346041E+01  0.8242393E-05  0.0000000E+00
 0.6369501E+01  0.7772872E-05  0.0000000E+00
 0.6392962E+01  0.7330097E-05  0.0000000E+00
 0.6416422E+01  0.6912544E-05  0.0000000E+00
 0.6439883E+01  0.6518776E-05  0.0000000E+00
 0.6463343E+01  0.6147440E-05  0.0000000E+00
 0.6486804E+01  0.5797256E-05  0.0000000E+00
 0.6510264E+01  0.5467020E-05  0.0000000E+00
 0.6533724E+01  0.5155596E-05  0.0000000E+00
 0.6557185E+01  0.4861911E-05  0.0000000E+00
 0.6580645E+01  0.4584956E-05  0.0000000E+00
 0.6604106E+01  0.4323778E-05  0.0000000E+00
 0.6627566E+01  0.4077478E-05  0.0000000E+00
 0.6651026E+01  0.3845207E-05  0.0000000E+00
 0.6674487E+01  0.3626168E-05  0.0000000E+00
 0.6697947E+01  0.3419607E-05  0.0000000E+00
 0.6721408E+01  0.3224811E-05  0.0000000E+00
 0.6744868E+01  0.3041113E-05  0.0000000E+00
 0.6768328E+01  0.2867878E-05  0.0000000E+00
 0.6791789E+01  0.2704512E-05  0.0000000E+00
 0.6815249E+01  0.2550451E-05  0.0000000E+00
 0.6838710E+01  0.2405167E-05  0.0000000E+00
 0.6862170E+01  0.2268159E-05  0.0000000E+00
 0.6885630E+01  0.2138955E-05  0.0000000E+00
 0.6909091E+01  0.2017111E-05  0.0000000E+00
 0.6932551E+01  0.1902208E-05  0.0000000E+00
 0.6956012E+01  0.1793850E-05  0.0000000E+00
 0.6979472E+01  0.1691665E-05  0.0000000E+00
 0.7002933E+01  0.1595301E-05  0.0000000E+00
 0.7026393E+01  0.1504426E-05  0.0000000E+00
 0.7049853E+01  0.1418727E-05  0.0000000E+00
 0.7073314E+01  0.1337911E-05  0.0000000E+00
 0.7096774E+01  0.1261698E-05  0.0000000E+00
 0.7120235E+01  0.1189826E-05  0.0000000E+00
 0.7143695E+01  0.1122049E-05  0.0000000E+00
 0.7167155E+01  0.1058132E-05  0.0000000E+00
 0.7190616E+01  0.9978563E-06  0.0000000E+00
 0.7214076E+01  0.9410142E-06  0.0000000E+00
 0.7237537E+01  0.8874101E-06  0.0000000E+00
 0.7260997E+01  0.8368595E-06  0.0000000E+00
 0.7284457E+01  0.7891885E-06  0.0000000E+00
 0.7307918E+01  0.7442330E-06  0.0000000E+00
 0.7331378E+01  0.7018384E-06  0.0000000E+00
 0.7354839E+01  0.6618587E-06  0.0000000E+00
 0.7378299E+01  0.6241565E-06  0.0000000E+00
 0.7401760E+01  0.5886019E-06  0.0000000E+00
 0.7425220E+01  0.5550727E-06  0.0000000E+00
 0.7448680E+01  0.5234534E-06  0.0000000E+00
 0.7472141E+01  0.4936353E-06  0.0000000E+00
 0.7495601E+01  0.4655158E-06  0.0000000E+00
 0.7519062E+01  0.4389980E-06  0.0000000E+00
 0.7542522E+01  0.4139909E-06  0.0000000E+00
 0.7565982E+01  0.3904082E-06  0.0000000E+00
 0.7589443E+01  0.3681689E-06  0.0000000E+00
 0.7612903E+01  0.3471965E-06  0.0000000E+00
 0.7636364E+01  0.3274187E-06  0.0000000E+00
 0.7659824E+01  0.3087676E-06  0.0000000E+00
 0.7683284E+01  0.2911789E-06  0.0000000E+00
 0.7706745E+01  0.2745921E-06  0.0000000E+00
 0.7730205E+01  0.2589502E-06  0.0000000E+00
 0.7753666E+01  0.2441993E-06  0.0000000E+00
 0.7777126E+01  0.2302887E-06  0.0000000E+00
 0.7800587E+01  0.2171705E-06  0.0000000E+00
 0.7824047E+01  0.2047995E-06  0.0000000E+00
 0.7847507E+01  0.1931333E-06  0.0000000E+00
 0.7870968E+01  0.1821316E-06  0.0000000E+00
 0.7894428E+01  0.1717566E-06  0.0000000E+00
 0.7917889E+01  0.1619727E-06  0.0000000E+00
 0.7941349E+01  0.1527460E-06  0.0000000E+00
 0.7964809E+01  0.1440450E-06  0.0000000E+00
 0.7988270E+01  0.1358396E-06  0.0000000E+00
 0.8011730E+01  0.1281016E-06  0.0000000E+00
 0.8035191E+01  0.1208044E-06  0.0000000E+00
 0.8058651E+01  0.1139228E-06  0.0000000E+00
 0.8082111E+01  0.1074333E-06  0.0000000E+00
 0.8105572E+01  0.1013135E-06  0.0000000E+00
 0.8129032E+01  0.9554222E-07  0.0000000E+00
 0.8152493E+01  0.9009974E-07  0.0000000E+00
 0.8175953E+01  0.8496728E-07  0.0000000E+00
 0.8199413E+01  0.8012719E-07  0.0000000E+00
 0.8222874E+01  0.7556281E-07  0.0000000E+00
 0.8246334E+01  0.7125843E-07  0.0000000E+00
 0.8269795E+01  0.6719925E-07  0.0000000E+00
 0.8293255E+01  0.6337130E-07  0.0000000E+00
 0.8316716E+01  0.5976141E-07  0.0000000E+00
 0.8340176E+01  0.5635715E-07  0.0000000E+00
 0.8363636E+01  0.5314681E-07  0.0000000E+00
 0.8387097E+01  0.5011934E-07  0.0000000E+00
 0.8410557E+01  0.4726433E-07  0.0000000E+00
 0.8434018E+01  0.4457196E-07  0.0000000E+00
 0.8457478E+01  0.4203295E-07  0.0000000E+00
 0.8480938E+01  0.3963858E-07  0.0000000E+00
 0.8504399E+01  0.3738060E-07  0.0000000E+00
 0.8527859E+01  0.3525124E-07  0.0000000E+00
 0.8551320E+01  0.3324319E-07  0.0000000E+00
 0.8574780E+01  0.3134951E-07  0.0000000E+00
 0.8598240E+01  0.2956371E-07  0.0000000E+00
 0.8621701E+01  0.2787964E-07  0.0000000E+00
 0.8645161E+01  0.2629150E-07  0.0000000E+00
 0.8668622E+01  0.2479383E-07  0.0000000E+00
 0.8692082E+01  0.2338147E-07  0.0000000E+00
 0.8715543E+01  0.2204956E-07  0.0000000E+00
 0.8739003E+01  0.2079352E-07  0.0000000E+00
 0.8762463E+01  0.1960904E-07  0.0000000E+00
 0.8785924E+01  0.1849202E-07  0.0000000E+00
 0.8809384E+01  0.1743864E-07  0.0000000E+00
 0.8832845E+01  0.1644526E-07  0.0000000E+00
 0.8856305E+01  0.1550847E-07  0.0000000E+00
 0.8879765E+01  0.1462504E-07  0.0000000E+00
 0.8903226E+01  0.1379194E-07  0.0000000E+00
 0.8926686E+01  0.1300629E-07  0.0000000E+00
 0.8950147E+01  0.1226540E-07  0.0000000E+00
 0.8973607E+01  0.1156671E-07  0.0000000E+00
 0.8997067E+01  0.1090782E-07  0.0000000E+00
 0.9020528E+01  0.1028647E-07  0.0000000E+00
 0.9043988E+01  0.9700508E-08  0.0000000E+00
 0.9067449E+01  0.9147926E-08  0.0000000E+00
 0.9090909E+01  0.8626822E-08  0.0000000E+00
 0.9114370E+01  0.8135402E-08  0.0000000E+00
 0.9137830E+01  0.7671975E-08  0.0000000E+00
 0.9161290E+01  0.7234948E-08  0.0000000E+00
 0.9184751E+01  0.6822815E-08  0.0000000E+00
 0.9208211E+01  0.6434158E-08  0.0000000E+00
 0.9231672E+01  0.6067642E-08  0.0000000E+00
 0.9255132E+01  0.5722004E-08  0.0000000E+00
 0.9278592E+01  0.5396054E-08  0.0000000E+00
 0.9302053E+01  0.5088672E-08  0.0000000E+00
 0.9325513E+01  0.4798800E-08  0.0000000E+00
 0.9348974E+01  0.4525440E-08  0.0000000E+00
 0.9372434E+01  0.4267652E-08  0.0000000E+00
 0.9395894E+01  0.4024549E-08  0.0000000E+00
 0.9419355E+01  0.3795294E-08  0.0000000E+00
 0.9442815E+01  0.3579098E-08  0.0000000E+00
 0.9466276E+01  0.3375218E-08  0.0000000E+00
 0.9489736E+01  0.3182951E-08  0.0000000E+00
 0.9513196E+01  0.3001637E-08  0.0000000E+00
 0.9536657E+01  0.2830651E-08  0.0000000E+00
 0.9560117E+01  0.2669405E-08  0.0000000E+00
 0.9583578E+01  0.2517345E-08  0.0000000E+00
 0.9607038E+01  0.2373946E-08  0.0000000E+00
 0.9630499E+01  0.2238716E-08  0.0000000E+00
 0.9653959E+01  0.2111190E-08  0.0000000E+00
 0.9677419E+01  0.1990927E-08  0.0000000E+00
 0.9700880E+01  0.1877516E-08  0.0000000E+00
 0.9724340E+01  0.1770565E-08  0.0000000E+00
 0.9747801E+01  0.1669706E-08  0.0000000E+00
 0.9771261E+01  0.1574592E-08  0.0000000E+00
 0.9794721E+01  0.1484897E-08  0.0000000E+00
 0.9818182E+01  0.1400311E-08  0.0000000E+00
 0.9841642E+01  0.1320543E-08  0.0000000E+00
 0.9865103E+01  0.1245320E-08  0.0000000E+00
 0.9888563E+01  0.1174381E-08  0.0000000E+00
 0.9912023E+01  0.1107483E-08  0.0000000E+00
 0.9935484E+01  0.1044397E-08  0.0000000E+00
 0.9958944E+01  0.9849033E-09  0.0000000E+00
 0.9982405E+01  0.9287991E-09  0.0000000E+00
 0.1000587E+02  0.8758908E-09  0.0000000E+00
 0.1002933E+02  0.8259964E-09  0.0000000E+00
 0.1005279E+02  0.7789442E-09  0.0000000E+00
 0.1007625E+02  0.7345723E-09  0.0000000E+00
 0.1009971E+02  0.6927279E-09  0.0000000E+00
 0.1012317E+02  0.6532673E-09  0.0000000E+00
 0.1014663E+02  0.6160544E-09  0.0000000E+00
 0.1017009E+02  0.5809614E-09  0.0000000E+00
 0.1019355E+02  0.5478674E-09  0.0000000E+00
 0.1021701E+02  0.5166585E-09  0.0000000E+00
 0.1024047E+02  0.4872275E-09  0.0000000E+00
 0.1026393E+02  0.4594730E-09  0.0000000E+00
 0.1028739E+02  0.4332995E-09  0.0000000E+00
 0.1031085E+02  0.4086169E-09  0.0000000E+00
 0.1033431E+02  0.3853404E-09  0.0000000E+00
 0.1035777E+02  0.3633898E-09  0.0000000E+00
 0.1038123E+02  0.3426896E-09  0.0000000E+00
 0.1040469E+02  0.3231685E-09  0.0000000E+00
 0.1042815E+02  0.3047595E-09  0.0000000E+00
 0.1045161E+02  0.2873991E-09  0.0000000E+00
 0.1047507E+02  0.2710277E-09  0.0000000E+00
 0.1049853E+02  0.2555888E-09  0.0000000E+00
 0.1052199E+02  0.2410294E-09  0.0000000E+00
 0.1054545E+02  0.2272993E-09  0.0000000E+00
 0.1056891E+02  0.2143514E-09  0.0000000E+00
 0.1059238E+02  0.2021411E-09  0.0000000E+00
 0.1061584E+02  0.1906263E-09  0.0000000E+00
 0.1063930E+02  0.1797674E-09  0.0000000E+00
 0.1066276E+02  0.1695271E-09  0.0000000E+00
 0.1068622E+02  0.1598701E-09  0.0000000E+00
 0.1070968E+02  0.1507632E-09  0.0000000E+00
 0.1073314E+02  0.1421751E-09  0.0000000E+00
 0.1075660E+02  0.1340762E-09  0.0000000E+00
 0.1078006E+02  0.1264387E-09  0.0000000E+00
 0.1080352E+02  0.1192362E-09  0.0000000E+00
 0.1082698E+02  0.1124440E-09  0.0000000E+00
 0.1085044E+02  0.1060387E-09  0.0000000E+00
 0.1087390E+02  0.9999833E-10  0.0000000E+00
 0.1089736E+02  0.9430200E-10  0.0000000E+00
 0.1092082E+02  0.8893017E-10  0.0000000E+00
 0.1094428E+02  0.8386433E-10  0.0000000E+00
 0.1096774E+02  0.7908707E-10  0.0000000E+00
 0.1099120E+02  0.7458194E-10  0.0000000E+00
 0.1101466E+02  0.7033344E-10  0.0000000E+00
 0.1103812E+02  0.6632695E-10  0.0000000E+00
 0.1106158E+02  0.6254869E-10  0.0000000E+00
 0.1108504E+02  0.5898565E-10  0.0000000E+00
 0.1110850E+02  0.5562558E-10  0.0000000E+00
 0.1113196E+02  0.5245692E-10  0.0000000E+00
 0.1115543E+02  0.4946875E-10  0.0000000E+00
 0.1117889E+02  0.4665080E-10  0.0000000E+00
 0.1120235E+02  0.4399338E-10  0.0000000E+00
 0.1122581E+02  0.4148733E-10  0.0000000E+00
 0.1124927E+02  0.3912404E-10  0.0000000E+00
 0.1127273E+02  0.3689537E-10  0.0000000E+00
 0.1129619E+02  0.3479365E-10  0.0000000E+00
 0.1131965E+02  0.3281166E-10  0.0000000E+00
 0.1134311E+02  0.3094257E-10  0.0000000E+00
 0.1136657E+02  0.2917995E-10  0.0000000E+00
 0.1139003E+02  0.2751774E-10  0.0000000E+00
 0.1141349E+02  0.2595021E-10  0.0000000E+00
 0.1143695E+02  0.2447198E-10  0.0000000E+00
 0.1146041E+02  0.2307795E-10  0.0000000E+00
 0.1148387E+02  0.2176334E-10  0.0000000E+00
 0.1150733E+02  0.2052361E-10  0.0000000E+00
 0.1153079E+02  0.1935450E-10  0.0000000E+00
 0.1155425E+02  0.1825198E-10  0.0000000E+00
 0.1157771E+02  0.1721227E-10  0.0000000E+00
 0.1160117E+02  0.1623179E-10  0.0000000E+00
 0.1162463E+02  0.1530716E-10  0.0000000E+00
 0.1164809E+02  0.1443520E-10  0.0000000E+00
 0.1167155E+02  0.1361291E-10  0.0000000E+00
 0.1169501E+02  0.1283746E-10  0.0000000E+00
 0.1171848E+02  0.1210619E-10  0.0000000E+00
 0.1174194E+02  0.1141657E-10  0.0000000E+00
 0.1176540E+02  0.1076623E-10  0.0000000E+00
 0.1178886E+02  0.1015294E-10  0.0000000E+00
 0.1181232E+02  0.9574587E-11  0.0000000E+00
 0.1183578E+02  0.9029178E-11  0.0000000E+00
 0.1185924E+02  0.8514839E-11  0.0000000E+00
 0.1188270E+02  0.8029798E-11  0.0000000E+00
 0.1190616E+02  0.7572387E-11  0.0000000E+00
 0.1192962E+02  0.7141032E-11  0.0000000E+00
 0.1195308E+02  0.6734249E-11  0.0000000E+00
 0.1197654E+02  0.6350638E-11  0.0000000E+00
 0.1200000E+02  0.5988879E-11  0.0000000E+00
