-0.1200000E+02 -0.1396858E+01
-0.1197654E+02 -0.1438636E+01
-0.1195308E+02 -0.1478747E+01
-0.1192962E+02 -0.1510743E+01
-0.1190616E+02 -0.1528972E+01
-0.1188270E+02 -0.1528595E+01
-0.1185924E+02 -0.1507987E+01
-0.1183578E+02 -0.1466304E+01
-0.1181232E+02 -0.1404851E+01
-0.1178886E+02 -0.1330077E+01
-0.1176540E+02 -0.1250559E+01
-0.1174194E+02 -0.1178532E+01
-0.1171848E+02 -0.1124106E+01
-0.1169501E+02 -0.1099094E+01
-0.1167155E+02 -0.1111522E+01
-0.1164809E+02 -0.1162156E+01
-0.1162463E+02 -0.1250941E+01
-0.1160117E+02 -0.1371166E+01
-0.1157771E+02 -0.1514666E+01
-0.1155425E+02 -0.1664384E+01
-0.1153079E+02 -0.1807136E+01
-0.1150733E+02 -0.1919609E+01
-0.1148387E+02 -0.1982820E+01
-0.1146041E+02 -0.1972759E+01
-0.1143695E+02 -0.1876356E+01
-0.1141349E+02 -0.1689127E+01
-0.1139003E+02 -0.1425564E+01
-0.1136657E+02 -0.1121707E+01
-0.1134311E+02 -0.8288728E+00
-0.1131965E+02 -0.6052496E+00
-0.1129619E+02 -0.4922535E+00
-0.1127273E+02 -0.5131585E+00
-0.1124927E+02 -0.6680753E+00
-0.1122581E+02 -0.9433129E+00
-0.1120235E+02 -0.1318743E+01
-0.1117889E+02 -0.1772902E+01
-0.1115543E+02 -0.2281975E+01
-0.1113196E+02 -0.2814034E+01
-0.1110850E+02 -0.3326015E+01
-0.1108504E+02 -0.3744988E+01
-0.1106158E+02 -0.3952048E+01
-0.1103812E+02 -0.3762882E+01
-0.1101466E+02 -0.2981223E+01
-0.1099120E+02 -0.1555974E+01
-0.1096774E+02  0.1861451E+00
-0.1094428E+02  0.1648423E+01
-0.1092082E+02  0.2405251E+01
-0.1089736E+02  0.2447264E+01
-0.1087390E+02  0.1986817E+01
-0.1085044E+02  0.1228463E+01
-0.1082698E+02  0.2987777E+00
-0.1080352E+02 -0.7526510E+00
-0.1078006E+02 -0.1912061E+01
-0.1075660E+02 -0.3221263E+01
-0.1073314E+02 -0.4752338E+01
-0.1070968E+02 -0.6651499E+01
-0.1068622E+02 -0.9196205E+01
-0.1066276E+02 -0.1299913E+02
-0.1063930E+02 -0.1954399E+02
-0.1061584E+02 -0.2599529E+02
-0.1059238E+02  0.6639996E+02
-0.1056891E+02  0.3665499E+02
-0.1054545E+02  0.1902379E+02
-0.1052199E+02  0.1195180E+02
-0.1049853E+02  0.8051198E+01
-0.1047507E+02  0.5456024E+01
-0.1045161E+02  0.3516716E+01
-0.1042815E+02  0.1941838E+01
-0.1040469E+02  0.5818237E+00
-0.1038123E+02 -0.6504545E+00
-0.1035777E+02 -0.1785645E+01
-0.1033431E+02 -0.2814763E+01
-0.1031085E+02 -0.3641666E+01
-0.1028739E+02 -0.4015901E+01
-0.1026393E+02 -0.3437703E+01
-0.1024047E+02 -0.1341476E+01
-0.1021701E+02  0.2038521E+01
-0.1019355E+02  0.5087281E+01
-0.1017009E+02  0.6506472E+01
-0.1014663E+02  0.6505958E+01
-0.1012317E+02  0.5805313E+01
-0.1009971E+02  0.4875879E+01
-0.1007625E+02  0.3935374E+01
-0.1005279E+02  0.3062295E+01
-0.1002933E+02  0.2283726E+01
-0.1000587E+02  0.1611508E+01
-0.9982405E+01  0.1058026E+01
-0.9958944E+01  0.6398702E+00
-0.9935484E+01  0.3771503E+00
-0.9912023E+01  0.2935058E+00
-0.9888563E+01  0.4058897E+00
-0.9865103E+01  0.7062180E+00
-0.9841642E+01  0.1148680E+01
-0.9818182E+01  0.1652359E+01
-0.9794721E+01  0.2121439E+01
-0.9771261E+01  0.2478545E+01
-0.9747801E+01  0.2686222E+01
-0.9724340E+01  0.2745688E+01
-0.9700880E+01  0.2684967E+01
-0.9677419E+01  0.2542627E+01
-0.9653959E+01  0.2354642E+01
-0.9630499E+01  0.2152011E+01
-0.9607038E+01  0.1957890E+01
-0.9583578E+01  0.1788765E+01
-0.9560117E+01  0.1656575E+01
-0.9536657E+01  0.1568661E+01
-0.9513196E+01  0.1525371E+01
-0.9489736E+01  0.1523966E+01
-0.9466276E+01  0.1555226E+01
-0.9442815E+01  0.1609947E+01
-0.9419355E+01  0.1676672E+01
-0.9395894E+01  0.1743031E+01
-0.9372434E+01  0.1798620E+01
-0.9348974E+01  0.1837626E+01
-0.9325513E+01  0.1857263E+01
-0.9302053E+01  0.1858870E+01
-0.9278592E+01  0.1846170E+01
-0.9255132E+01  0.1824036E+01
-0.9231672E+01  0.1797302E+01
-0.9208211E+01  0.1770776E+01
-0.9184751E+01  0.1747631E+01
-0.9161290E+01  0.1731029E+01
-0.9137830E+01  0.1721139E+01
-0.9114370E+01  0.1717645E+01
-0.9090909E+01  0.1718738E+01
-0.9067449E+01  0.1722157E+01
-0.9043988E+01  0.1725595E+01
-0.9020528E+01  0.1727200E+01
-0.8997067E+01  0.1725221E+01
-0.8973607E+01  0.1718866E+01
-0.8950147E+01  0.1707959E+01
-0.8926686E+01  0.1693119E+01
-0.8903226E+01  0.1675581E+01
-0.8879765E+01  0.1656786E+01
-0.8856305E+01  0.1639049E+01
-0.8832845E+01  0.1623543E+01
-0.8809384E+01  0.1611231E+01
-0.8785924E+01  0.1602674E+01
-0.8762463E+01  0.1598506E+01
-0.8739003E+01  0.1598413E+01
-0.8715543E+01  0.1601438E+01
-0.8692082E+01  0.1606556E+01
-0.8668622E+01  0.1612480E+01
-0.8645161E+01  0.1618007E+01
-0.8621701E+01  0.1621917E+01
-0.8598240E+01  0.1623296E+01
-0.8574780E+01  0.1621514E+01
-0.8551320E+01  0.1617032E+01
-0.8527859E+01  0.1609452E+01
-0.8504399E+01  0.1599304E+01
-0.8480938E+01  0.1587022E+01
-0.8457478E+01  0.1573630E+01
-0.8434018E+01  0.1559805E+01
-0.8410557E+01  0.1546293E+01
-0.8387097E+01  0.1533856E+01
-0.8363636E+01  0.1522812E+01
-0.8340176E+01  0.1513571E+01
-0.8316716E+01  0.1506019E+01
-0.8293255E+01  0.1500374E+01
-0.8269795E+01  0.1496282E+01
-0.8246334E+01  0.1493302E+01
-0.8222874E+01  0.1491122E+01
-0.8199413E+01  0.1489407E+01
-0.8175953E+01  0.1487732E+01
-0.8152493E+01  0.1485674E+01
-0.8129032E+01  0.1483189E+01
-0.8105572E+01  0.1479872E+01
-0.8082111E+01  0.1475825E+01
-0.8058651E+01  0.1470895E+01
-0.8035191E+01  0.1465155E+01
-0.8011730E+01  0.1458665E+01
-0.7988270E+01  0.1451676E+01
-0.7964809E+01  0.1444163E+01
-0.7941349E+01  0.1436437E+01
-0.7917889E+01  0.1428588E+01
-0.7894428E+01  0.1420735E+01
-0.7870968E+01  0.1413043E+01
-0.7847507E+01  0.1405554E+01
-0.7824047E+01  0.1398295E+01
-0.7800587E+01  0.1391359E+01
-0.7777126E+01  0.1384733E+01
-0.7753666E+01  0.1378445E+01
-0.7730205E+01  0.1372533E+01
-0.7706745E+01  0.1366982E+01
-0.7683284E+01  0.1361703E+01
-0.7659824E+01  0.1356603E+01
-0.7636364E+01  0.1351705E+01
-0.7612903E+01  0.1346869E+01
-0.7589443E+01  0.1342049E+01
-0.7565982E+01  0.1337254E+01
-0.7542522E+01  0.1332300E+01
-0.7519062E+01  0.1327179E+01
-0.7495601E+01  0.1321837E+01
-0.7472141E+01  0.1316245E+01
-0.7448680E+01  0.1310349E+01
-0.7425220E+01  0.1304233E+01
-0.7401760E+01  0.1297787E+01
-0.7378299E+01  0.1291142E+01
-0.7354839E+01  0.1284315E+01
-0.7331378E+01  0.1277374E+01
-0.7307918E+01  0.1270411E+01
-0.7284457E+01  0.1263506E+01
-0.7260997E+01  0.1256656E+01
-0.7237537E+01  0.1249951E+01
-0.7214076E+01  0.1243460E+01
-0.7190616E+01  0.1237147E+01
-0.7167155E+01  0.1231053E+01
-0.7143695E+01  0.1225124E+01
-0.7120235E+01  0.1219374E+01
-0.7096774E+01  0.1213724E+01
-0.7073314E+01  0.1208181E+01
-0.7049853E+01  0.1202628E+01
-0.7026393E+01  0.1197056E+01
-0.7002933E+01  0.1191427E+01
-0.6979472E+01  0.1185690E+01
-0.6956012E+01  0.1179803E+01
-0.6932551E+01  0.1173759E+01
-0.6909091E+01  0.1167548E+01
-0.6885630E+01  0.1161199E+01
-0.6862170E+01  0.1154749E+01
-0.6838710E+01  0.1148185E+01
-0.6815249E+01  0.1141571E+01
-0.6791789E+01  0.1134911E+01
-0.6768328E+01  0.1128225E+01
-0.6744868E+01  0.1121583E+01
-0.6721408E+01  0.1114990E+01
-0.6697947E+01  0.1108461E+01
-0.6674487E+01  0.1102018E+01
-0.6651026E+01  0.1095673E+01
-0.6627566E+01  0.1089394E+01
-0.6604106E+01  0.1083197E+01
-0.6580645E+01  0.1077027E+01
-0.6557185E+01  0.1070874E+01
-0.6533724E+01  0.1064720E+01
-0.6510264E+01  0.1058553E+01
-0.6486804E+01  0.1052344E+01
-0.6463343E+01  0.1046074E+01
-0.6439883E+01  0.1039735E+01
-0.6416422E+01  0.1033319E+01
-0.6392962E+01  0.1026828E+01
-0.6369501E+01  0.1020261E+01
-0.6346041E+01  0.1013620E+01
-0.6322581E+01  0.1006949E+01
-0.6299120E+01  0.1000231E+01
-0.6275660E+01  0.9934886E+00
-0.6252199E+01  0.9867494E+00
-0.6228739E+01  0.9800205E+00
-0.6205279E+01  0.9733149E+00
-0.6181818E+01  0.9666396E+00
-0.6158358E+01  0.9599950E+00
-0.6134897E+01  0.9533815E+00
-0.6111437E+01  0.9467995E+00
-0.6087977E+01  0.9402499E+00
-0.6064516E+01  0.9337092E+00
-0.6041056E+01  0.9271739E+00
-0.6017595E+01  0.9206236E+00
-0.5994135E+01  0.9140588E+00
-0.5970674E+01  0.9074570E+00
-0.5947214E+01  0.9008090E+00
-0.5923754E+01  0.8941069E+00
-0.5900293E+01  0.8873544E+00
-0.5876833E+01  0.8805322E+00
-0.5853372E+01  0.8736631E+00
-0.5829912E+01  0.8667376E+00
-0.5806452E+01  0.8597563E+00
-0.5782991E+01  0.8527343E+00
-0.5759531E+01  0.8456754E+00
-0.5736070E+01  0.8385876E+00
-0.5712610E+01  0.8314853E+00
-0.5689150E+01  0.8243706E+00
-0.5665689E+01  0.8172530E+00
-0.5642229E+01  0.8101395E+00
-0.5618768E+01  0.8030319E+00
-0.5595308E+01  0.7959376E+00
-0.5571848E+01  0.7888605E+00
-0.5548387E+01  0.7817942E+00
-0.5524927E+01  0.7747410E+00
-0.5501466E+01  0.7676892E+00
-0.5478006E+01  0.7606316E+00
-0.5454545E+01  0.7535654E+00
-0.5431085E+01  0.7464792E+00
-0.5407625E+01  0.7393672E+00
-0.5384164E+01  0.7322221E+00
-0.5360704E+01  0.7250348E+00
-0.5337243E+01  0.7178098E+00
-0.5313783E+01  0.7105322E+00
-0.5290323E+01  0.7032116E+00
-0.5266862E+01  0.6958365E+00
-0.5243402E+01  0.6884158E+00
-0.5219941E+01  0.6809471E+00
-0.5196481E+01  0.6734400E+00
-0.5173021E+01  0.6659005E+00
-0.5149560E+01  0.6583396E+00
-0.5126100E+01  0.6507555E+00
-0.5102639E+01  0.6431624E+00
-0.5079179E+01  0.6355694E+00
-0.5055718E+01  0.6279710E+00
-0.5032258E+01  0.6203755E+00
-0.5008798E+01  0.6127770E+00
-0.4985337E+01  0.6051773E+00
-0.4961877E+01  0.5975806E+00
-0.4938416E+01  0.5899761E+00
-0.4914956E+01  0.5823581E+00
-0.4891496E+01  0.5747224E+00
-0.4868035E+01  0.5670588E+00
-0.4844575E+01  0.5593589E+00
-0.4821114E+01  0.5516164E+00
-0.4797654E+01  0.5438183E+00
-0.4774194E+01  0.5359678E+00
-0.4750733E+01  0.5280524E+00
-0.4727273E+01  0.5200717E+00
-0.4703812E+01  0.5120244E+00
-0.4680352E+01  0.5039105E+00
-0.4656891E+01  0.4957272E+00
-0.4633431E+01  0.4874807E+00
-0.4609971E+01  0.4791693E+00
-0.4586510E+01  0.4708078E+00
-0.4563050E+01  0.4623938E+00
-0.4539589E+01  0.4539365E+00
-0.4516129E+01  0.4454389E+00
-0.4492669E+01  0.4369106E+00
-0.4469208E+01  0.4283581E+00
-0.4445748E+01  0.4197842E+00
-0.4422287E+01  0.4111951E+00
-0.4398827E+01  0.4025969E+00
-0.4375367E+01  0.3939882E+00
-0.4351906E+01  0.3853735E+00
-0.4328446E+01  0.3767564E+00
-0.4304985E+01  0.3681332E+00
-0.4281525E+01  0.3595076E+00
-0.4258065E+01  0.3508752E+00
-0.4234604E+01  0.3422318E+00
-0.4211144E+01  0.3335816E+00
-0.4187683E+01  0.3249152E+00
-0.4164223E+01  0.3162331E+00
-0.4140762E+01  0.3075247E+00
-0.4117302E+01  0.2987906E+00
-0.4093842E+01  0.2900240E+00
-0.4070381E+01  0.2812247E+00
-0.4046921E+01  0.2723862E+00
-0.4023460E+01  0.2635082E+00
-0.4000000E+01  0.2545826E+00
-0.3976540E+01  0.2456072E+00
-0.3953079E+01  0.2365749E+00
-0.3929619E+01  0.2274816E+00
-0.3906158E+01  0.2183200E+00
-0.3882698E+01  0.2090847E+00
-0.3859238E+01  0.1997683E+00
-0.3835777E+01  0.1903700E+00
-0.3812317E+01  0.1808767E+00
-0.3788856E+01  0.1712858E+00
-0.3765396E+01  0.1615885E+00
-0.3741935E+01  0.1517808E+00
-0.3718475E+01  0.1418593E+00
-0.3695015E+01  0.1318168E+00
-0.3671554E+01  0.1216516E+00
-0.3648094E+01  0.1113630E+00
-0.3624633E+01  0.1009470E+00
-0.3601173E+01  0.9040596E-01
-0.3577713E+01  0.7974499E-01
-0.3554252E+01  0.6896373E-01
-0.3530792E+01  0.5807087E-01
-0.3507331E+01  0.4707396E-01
-0.3483871E+01  0.3598371E-01
-0.3460411E+01  0.2481873E-01
-0.3436950E+01  0.1358425E-01
-0.3413490E+01  0.2304195E-02
-0.3390029E+01 -0.9016254E-02
-0.3366569E+01 -0.2034830E-01
-0.3343109E+01 -0.3168183E-01
-0.3319648E+01 -0.4299138E-01
-0.3296188E+01 -0.5426499E-01
-0.3272727E+01 -0.6548119E-01
-0.3249267E+01 -0.7663150E-01
-0.3225806E+01 -0.8770153E-01
-0.3202346E+01 -0.9868069E-01
-0.3178886E+01 -0.1095707E+00
-0.3155425E+01 -0.1203683E+00
-0.3131965E+01 -0.1310746E+00
-0.3108504E+01 -0.1417012E+00
-0.3085044E+01 -0.1522589E+00
-0.3061584E+01 -0.1627709E+00
-0.3038123E+01 -0.1732588E+00
-0.3014663E+01 -0.1837524E+00
-0.2991202E+01 -0.1942810E+00
-0.2967742E+01 -0.2048875E+00
-0.2944282E+01 -0.2156136E+00
-0.2920821E+01 -0.2265073E+00
-0.2897361E+01 -0.2376130E+00
-0.2873900E+01 -0.2489879E+00
-0.2850440E+01 -0.2606752E+00
-0.2826979E+01 -0.2727267E+00
-0.2803519E+01 -0.2851906E+00
-0.2780059E+01 -0.2981137E+00
-0.2756598E+01 -0.3115378E+00
-0.2733138E+01 -0.3254996E+00
-0.2709677E+01 -0.3400236E+00
-0.2686217E+01 -0.3551397E+00
-0.2662757E+01 -0.3708515E+00
-0.2639296E+01 -0.3871737E+00
-0.2615836E+01 -0.4040850E+00
-0.2592375E+01 -0.4215779E+00
-0.2568915E+01 -0.4396114E+00
-0.2545455E+01 -0.4581495E+00
-0.2521994E+01 -0.4771268E+00
-0.2498534E+01 -0.4964805E+00
-0.2475073E+01 -0.5161304E+00
-0.2451613E+01 -0.5359842E+00
-0.2428152E+01 -0.5559447E+00
-0.2404692E+01 -0.5758987E+00
-0.2381232E+01 -0.5957307E+00
-0.2357771E+01 -0.6153174E+00
-0.2334311E+01 -0.6345293E+00
-0.2310850E+01 -0.6532514E+00
-0.2287390E+01 -0.6713614E+00
-0.2263930E+01 -0.6887510E+00
-0.2240469E+01 -0.7053149E+00
-0.2217009E+01 -0.7209738E+00
-0.2193548E+01 -0.7356551E+00
-0.2170088E+01 -0.7493289E+00
-0.2146628E+01 -0.7619832E+00
-0.2123167E+01 -0.7736507E+00
-0.2099707E+01 -0.7843870E+00
-0.2076246E+01 -0.7943115E+00
-0.2052786E+01 -0.8035740E+00
-0.2029326E+01 -0.8123694E+00
-0.2005865E+01 -0.8209373E+00
-0.1982405E+01 -0.8295686E+00
-0.1958944E+01 -0.8385808E+00
-0.1935484E+01 -0.8483360E+00
-0.1912023E+01 -0.8592132E+00
-0.1888563E+01 -0.8716207E+00
-0.1865103E+01 -0.8859693E+00
-0.1841642E+01 -0.9026800E+00
-0.1818182E+01 -0.9221626E+00
-0.1794721E+01 -0.9448216E+00
-0.1771261E+01 -0.9710221E+00
-0.1747801E+01 -0.1001131E+01
-0.1724340E+01 -0.1035474E+01
-0.1700880E+01 -0.1074348E+01
-0.1677419E+01 -0.1118023E+01
-0.1653959E+01 -0.1166741E+01
-0.1630499E+01 -0.1220727E+01
-0.1607038E+01 -0.1280174E+01
-0.1583578E+01 -0.1345272E+01
-0.1560117E+01 -0.1416218E+01
-0.1536657E+01 -0.1493200E+01
-0.1513196E+01 -0.1576434E+01
-0.1489736E+01 -0.1666152E+01
-0.1466276E+01 -0.1762632E+01
-0.1442815E+01 -0.1866191E+01
-0.1419355E+01 -0.1977229E+01
-0.1395894E+01 -0.2096228E+01
-0.1372434E+01 -0.2223789E+01
-0.1348974E+01 -0.2360622E+01
-0.1325513E+01 -0.2507630E+01
-0.1302053E+01 -0.2665928E+01
-0.1278592E+01 -0.2836876E+01
-0.1255132E+01 -0.3022172E+01
-0.1231672E+01 -0.3223941E+01
-0.1208211E+01 -0.3444832E+01
-0.1184751E+01 -0.3688216E+01
-0.1161290E+01 -0.3958325E+01
-0.1137830E+01 -0.4260577E+01
-0.1114370E+01 -0.4601859E+01
-0.1090909E+01 -0.4990986E+01
-0.1067449E+01 -0.5438971E+01
-0.1043988E+01 -0.5959047E+01
-0.1020528E+01 -0.6564905E+01
-0.9970674E+00 -0.7264093E+01
-0.9736070E+00 -0.8034699E+01
-0.9501466E+00 -0.8750128E+01
-0.9266862E+00 -0.8957529E+01
-0.9032258E+00 -0.7434083E+01
-0.8797654E+00 -0.2564429E+01
-0.8563050E+00  0.3933494E+01
-0.8328446E+00  0.7426611E+01
-0.8093842E+00  0.7725785E+01
-0.7859238E+00  0.6830486E+01
-0.7624633E+00  0.5757750E+01
-0.7390029E+00  0.4797661E+01
-0.7155425E+00  0.3996704E+01
-0.6920821E+00  0.3338862E+01
-0.6686217E+00  0.2797427E+01
-0.6451613E+00  0.2348610E+01
-0.6217009E+00  0.1973373E+01
-0.5982405E+00  0.1657218E+01
-0.5747801E+00  0.1389111E+01
-0.5513196E+00  0.1160627E+01
-0.5278592E+00  0.9652685E+00
-0.5043988E+00  0.7979198E+00
-0.4809384E+00  0.6545277E+00
-0.4574780E+00  0.5318680E+00
-0.4340176E+00  0.4272313E+00
-0.4105572E+00  0.3384196E+00
-0.3870968E+00  0.2635241E+00
-0.3636364E+00  0.2009121E+00
-0.3401760E+00  0.1492179E+00
-0.3167155E+00  0.1071434E+00
-0.2932551E+00  0.7359487E-01
-0.2697947E+00  0.4754734E-01
-0.2463343E+00  0.2810658E-01
-0.2228739E+00  0.1449240E-01
-0.1994135E+00  0.5945883E-02
-0.1759531E+00  0.1748200E-02
-0.1524927E+00  0.1354141E-02
-0.1290323E+00  0.4196219E-02
-0.1055718E+00  0.9842130E-02
-0.8211144E-01  0.1783137E-01
-0.5865103E-01  0.2779091E-01
-0.3519062E-01  0.3936415E-01
-0.1173021E-01  0.5227447E-01
 0.1173021E-01  0.6621705E-01
 0.3519062E-01  0.8102405E-01
 0.5865103E-01  0.9648269E-01
 0.8211144E-01  0.1124322E+00
 0.1055718E+00  0.1287016E+00
 0.1290323E+00  0.1451778E+00
 0.1524927E+00  0.1617212E+00
 0.1759531E+00  0.1783052E+00
 0.1994135E+00  0.1948568E+00
 0.2228739E+00  0.2112914E+00
 0.2463343E+00  0.2275582E+00
 0.2697947E+00  0.2436096E+00
 0.2932551E+00  0.2593809E+00
 0.3167155E+00  0.2748559E+00
 0.3401760E+00  0.2900098E+00
 0.3636364E+00  0.3047903E+00
 0.3870968E+00  0.3192365E+00
 0.4105572E+00  0.3332540E+00
 0.4340176E+00  0.3469161E+00
 0.4574780E+00  0.3601609E+00
 0.4809384E+00  0.3730102E+00
 0.5043988E+00  0.3854165E+00
 0.5278592E+00  0.3974134E+00
 0.5513196E+00  0.4089689E+00
 0.5747801E+00  0.4200950E+00
 0.5982405E+00  0.4307710E+00
 0.6217009E+00  0.4410553E+00
 0.6451613E+00  0.4508730E+00
 0.6686217E+00  0.4602655E+00
 0.6920821E+00  0.4692163E+00
 0.7155425E+00  0.4777778E+00
 0.7390029E+00  0.4859002E+00
 0.7624633E+00  0.4936227E+00
 0.7859238E+00  0.5008983E+00
 0.8093842E+00  0.5077957E+00
 0.8328446E+00  0.5142987E+00
 0.8563050E+00  0.5204580E+00
 0.8797654E+00  0.5262386E+00
 0.9032258E+00  0.5316604E+00
 0.9266862E+00  0.5367059E+00
 0.9501466E+00  0.5414482E+00
 0.9736070E+00  0.5458425E+00
 0.9970674E+00  0.5499567E+00
 0.1020528E+01  0.5537866E+00
 0.1043988E+01  0.5573440E+00
 0.1067449E+01  0.5606277E+00
 0.1090909E+01  0.5636674E+00
 0.1114370E+01  0.5664717E+00
 0.1137830E+01  0.5690664E+00
 0.1161290E+01  0.5714041E+00
 0.1184751E+01  0.5735527E+00
 0.1208211E+01  0.5754576E+00
 0.1231672E+01  0.5771937E+00
 0.1255132E+01  0.5786959E+00
 0.1278592E+01  0.5800390E+00
 0.1302053E+01  0.5811485E+00
 0.1325513E+01  0.5820923E+00
 0.1348974E+01  0.5828176E+00
 0.1372434E+01  0.5833685E+00
 0.1395894E+01  0.5837167E+00
 0.1419355E+01  0.5839050E+00
 0.1442815E+01  0.5838920E+00
 0.1466276E+01  0.5837198E+00
 0.1489736E+01  0.5833770E+00
 0.1513196E+01  0.5828822E+00
 0.1536657E+01  0.5822162E+00
 0.1560117E+01  0.5813964E+00
 0.1583578E+01  0.5804253E+00
 0.1607038E+01  0.5793356E+00
 0.1630499E+01  0.5781040E+00
 0.1653959E+01  0.5767500E+00
 0.1677419E+01  0.5752728E+00
 0.1700880E+01  0.5736985E+00
 0.1724340E+01  0.5720133E+00
 0.1747801E+01  0.5702417E+00
 0.1771261E+01  0.5683834E+00
 0.1794721E+01  0.5664574E+00
 0.1818182E+01  0.5644345E+00
 0.1841642E+01  0.5623428E+00
 0.1865103E+01  0.5601715E+00
 0.1888563E+01  0.5579261E+00
 0.1912023E+01  0.5555863E+00
 0.1935484E+01  0.5531791E+00
 0.1958944E+01  0.5506858E+00
 0.1982405E+01  0.5481279E+00
 0.2005865E+01  0.5454844E+00
 0.2029326E+01  0.5427656E+00
 0.2052786E+01  0.5399655E+00
 0.2076246E+01  0.5370971E+00
 0.2099707E+01  0.5341484E+00
 0.2123167E+01  0.5311230E+00
 0.2146628E+01  0.5280317E+00
 0.2170088E+01  0.5248758E+00
 0.2193548E+01  0.5216345E+00
 0.2217009E+01  0.5183340E+00
 0.2240469E+01  0.5149685E+00
 0.2263930E+01  0.5115569E+00
 0.2287390E+01  0.5080747E+00
 0.2310850E+01  0.5045454E+00
 0.2334311E+01  0.5009618E+00
 0.2357771E+01  0.4973436E+00
 0.2381232E+01  0.4936684E+00
 0.2404692E+01  0.4899569E+00
 0.2428152E+01  0.4861973E+00
 0.2451613E+01  0.4824009E+00
 0.2475073E+01  0.4785676E+00
 0.2498534E+01  0.4747092E+00
 0.2521994E+01  0.4708238E+00
 0.2545455E+01  0.4669153E+00
 0.2568915E+01  0.4629639E+00
 0.2592375E+01  0.4589941E+00
 0.2615836E+01  0.4549866E+00
 0.2639296E+01  0.4509493E+00
 0.2662757E+01  0.4468757E+00
 0.2686217E+01  0.4427745E+00
 0.2709677E+01  0.4386326E+00
 0.2733138E+01  0.4344666E+00
 0.2756598E+01  0.4302706E+00
 0.2780059E+01  0.4260519E+00
 0.2803519E+01  0.4218019E+00
 0.2826979E+01  0.4175188E+00
 0.2850440E+01  0.4132060E+00
 0.2873900E+01  0.4088603E+00
 0.2897361E+01  0.4044891E+00
 0.2920821E+01  0.4000964E+00
 0.2944282E+01  0.3956742E+00
 0.2967742E+01  0.3912365E+00
 0.2991202E+01  0.3867722E+00
 0.3014663E+01  0.3823026E+00
 0.3038123E+01  0.3778136E+00
 0.3061584E+01  0.3733175E+00
 0.3085044E+01  0.3688128E+00
 0.3108504E+01  0.3642988E+00
 0.3131965E+01  0.3597680E+00
 0.3155425E+01  0.3552313E+00
 0.3178886E+01  0.3506839E+00
 0.3202346E+01  0.3461283E+00
 0.3225806E+01  0.3415604E+00
 0.3249267E+01  0.3369870E+00
 0.3272727E+01  0.3324036E+00
 0.3296188E+01  0.3278160E+00
 0.3319648E+01  0.3232076E+00
 0.3343109E+01  0.3185856E+00
 0.3366569E+01  0.3139433E+00
 0.3390029E+01  0.3092823E+00
 0.3413490E+01  0.3045949E+00
 0.3436950E+01  0.2998941E+00
 0.3460411E+01  0.2951788E+00
 0.3483871E+01  0.2904576E+00
 0.3507331E+01  0.2857234E+00
 0.3530792E+01  0.2809893E+00
 0.3554252E+01  0.2762493E+00
 0.3577713E+01  0.2715037E+00
 0.3601173E+01  0.2667581E+00
 0.3624633E+01  0.2620197E+00
 0.3648094E+01  0.2572830E+00
 0.3671554E+01  0.2525533E+00
 0.3695015E+01  0.2478250E+00
 0.3718475E+01  0.2431077E+00
 0.3741935E+01  0.2383939E+00
 0.3765396E+01  0.2336911E+00
 0.3788856E+01  0.2289876E+00
 0.3812317E+01  0.2242853E+00
 0.3835777E+01  0.2195797E+00
 0.3859238E+01  0.2148670E+00
 0.3882698E+01  0.2101463E+00
 0.3906158E+01  0.2054139E+00
 0.3929619E+01  0.2006657E+00
 0.3953079E+01  0.1959004E+00
 0.3976540E+01  0.1911237E+00
 0.4000000E+01  0.1863346E+00
 0.4023460E+01  0.1815338E+00
 0.4046921E+01  0.1767268E+00
 0.4070381E+01  0.1719091E+00
 0.4093842E+01  0.1670876E+00
 0.4117302E+01  0.1622623E+00
 0.4140762E+01  0.1574352E+00
 0.4164223E+01  0.1526136E+00
 0.4187683E+01  0.1478095E+00
 0.4211144E+01  0.1430188E+00
 0.4234604E+01  0.1382447E+00
 0.4258065E+01  0.1334892E+00
 0.4281525E+01  0.1287605E+00
 0.4304985E+01  0.1240486E+00
 0.4328446E+01  0.1193529E+00
 0.4351906E+01  0.1146693E+00
 0.4375367E+01  0.1099931E+00
 0.4398827E+01  0.1053143E+00
 0.4422287E+01  0.1006321E+00
 0.4445748E+01  0.9594683E-01
 0.4469208E+01  0.9124935E-01
 0.4492669E+01  0.8653586E-01
 0.4516129E+01  0.8180620E-01
 0.4539589E+01  0.7706240E-01
 0.4563050E+01  0.7229798E-01
 0.4586510E+01  0.6751764E-01
 0.4609971E+01  0.6272383E-01
 0.4633431E+01  0.5791841E-01
 0.4656891E+01  0.5310786E-01
 0.4680352E+01  0.4829405E-01
 0.4703812E+01  0.4347951E-01
 0.4727273E+01  0.3867594E-01
 0.4750733E+01  0.3388936E-01
 0.4774194E+01  0.2911770E-01
 0.4797654E+01  0.2436700E-01
 0.4821114E+01  0.1964226E-01
 0.4844575E+01  0.1494292E-01
 0.4868035E+01  0.1025526E-01
 0.4891496E+01  0.5595946E-02
 0.4914956E+01  0.9565187E-03
 0.4938416E+01 -0.3668258E-02
 0.4961877E+01 -0.8285622E-02
 0.4985337E+01 -0.1289673E-01
 0.5008798E+01 -0.1750424E-01
 0.5032258E+01 -0.2212182E-01
 0.5055718E+01 -0.2675136E-01
 0.5079179E+01 -0.3139755E-01
 0.5102639E+01 -0.3605855E-01
 0.5126100E+01 -0.4074202E-01
 0.5149560E+01 -0.4544985E-01
 0.5173021E+01 -0.5017624E-01
 0.5196481E+01 -0.5491167E-01
 0.5219941E+01 -0.5966498E-01
 0.5243402E+01 -0.6441994E-01
 0.5266862E+01 -0.6918610E-01
 0.5290323E+01 -0.7394567E-01
 0.5313783E+01 -0.7870069E-01
 0.5337243E+01 -0.8344336E-01
 0.5360704E+01 -0.8816288E-01
 0.5384164E+01 -0.9286591E-01
 0.5407625E+01 -0.9754164E-01
 0.5431085E+01 -0.1021902E+00
 0.5454545E+01 -0.1068142E+00
 0.5478006E+01 -0.1114077E+00
 0.5501466E+01 -0.1159763E+00
 0.5524927E+01 -0.1205252E+00
 0.5548387E+01 -0.1250623E+00
 0.5571848E+01 -0.1295919E+00
 0.5595308E+01 -0.1341196E+00
 0.5618768E+01 -0.1386558E+00
 0.5642229E+01 -0.1431996E+00
 0.5665689E+01 -0.1477600E+00
 0.5689150E+01 -0.1523486E+00
 0.5712610E+01 -0.1569599E+00
 0.5736070E+01 -0.1616045E+00
 0.5759531E+01 -0.1662675E+00
 0.5782991E+01 -0.1709662E+00
 0.5806452E+01 -0.1756769E+00
 0.5829912E+01 -0.1804098E+00
 0.5853372E+01 -0.1851507E+00
 0.5876833E+01 -0.1898842E+00
 0.5900293E+01 -0.1946157E+00
 0.5923754E+01 -0.1993240E+00
 0.5947214E+01 -0.2040087E+00
 0.5970674E+01 -0.2086618E+00
 0.5994135E+01 -0.2132786E+00
 0.6017595E+01 -0.2178623E+00
 0.6041056E+01 -0.2224057E+00
 0.6064516E+01 -0.2269159E+00
 0.6087977E+01 -0.2313983E+00
 0.6111437E+01 -0.2358596E+00
 0.6134897E+01 -0.2403116E+00
 0.6158358E+01 -0.2447589E+00
 0.6181818E+01 -0.2492065E+00
 0.6205279E+01 -0.2536740E+00
 0.6228739E+01 -0.2581551E+00
 0.6252199E+01 -0.2626733E+00
 0.6275660E+01 -0.2672158E+00
 0.6299120E+01 -0.2717943E+00
 0.6322581E+01 -0.2763994E+00
 0.6346041E+01 -0.2810388E+00
 0.6369501E+01 -0.2857033E+00
 0.6392962E+01 -0.2903900E+00
 0.6416422E+01 -0.2950992E+00
 0.6439883E+01 -0.2998130E+00
 0.6463343E+01 -0.3045213E+00
 0.6486804E+01 -0.3092241E+00
 0.6510264E+01 -0.3139019E+00
 0.6533724E+01 -0.3185473E+00
 0.6557185E+01 -0.3231478E+00
 0.6580645E+01 -0.3277161E+00
 0.6604106E+01 -0.3322447E+00
 0.6627566E+01 -0.3367285E+00
 0.6651026E+01 -0.3411790E+00
 0.6674487E+01 -0.3456070E+00
 0.6697947E+01 -0.3500117E+00
 0.6721408E+01 -0.3544162E+00
 0.6744868E+01 -0.3588219E+00
 0.6768328E+01 -0.3632459E+00
 0.6791789E+01 -0.3676869E+00
 0.6815249E+01 -0.3721576E+00
 0.6838710E+01 -0.3766612E+00
 0.6862170E+01 -0.3812008E+00
 0.6885630E+01 -0.3857756E+00
 0.6909091E+01 -0.3903882E+00
 0.6932551E+01 -0.3950222E+00
 0.6956012E+01 -0.3996871E+00
 0.6979472E+01 -0.4043584E+00
 0.7002933E+01 -0.4090487E+00
 0.7026393E+01 -0.4137256E+00
 0.7049853E+01 -0.4183926E+00
 0.7073314E+01 -0.4230375E+00
 0.7096774E+01 -0.4276503E+00
 0.7120235E+01 -0.4322311E+00
 0.7143695E+01 -0.4367911E+00
 0.7167155E+01 -0.4413082E+00
 0.7190616E+01 -0.4457892E+00
 0.7214076E+01 -0.4502364E+00
 0.7237537E+01 -0.4546677E+00
 0.7260997E+01 -0.4590920E+00
 0.7284457E+01 -0.4635065E+00
 0.7307918E+01 -0.4679305E+00
 0.7331378E+01 -0.4723700E+00
 0.7354839E+01 -0.4768254E+00
 0.7378299E+01 -0.4813162E+00
 0.7401760E+01 -0.4858306E+00
 0.7425220E+01 -0.4903801E+00
 0.7448680E+01 -0.4949475E+00
 0.7472141E+01 -0.4995534E+00
 0.7495601E+01 -0.5041701E+00
 0.7519062E+01 -0.5087953E+00
 0.7542522E+01 -0.5134181E+00
 0.7565982E+01 -0.5180513E+00
 0.7589443E+01 -0.5226684E+00
 0.7612903E+01 -0.5272729E+00
 0.7636364E+01 -0.5318482E+00
 0.7659824E+01 -0.5364160E+00
 0.7683284E+01 -0.5409523E+00
 0.7706745E+01 -0.5454731E+00
 0.7730205E+01 -0.5499519E+00
 0.7753666E+01 -0.5544200E+00
 0.7777126E+01 -0.5588704E+00
 0.7800587E+01 -0.5633161E+00
 0.7824047E+01 -0.5677645E+00
 0.7847507E+01 -0.5722316E+00
 0.7870968E+01 -0.5766995E+00
 0.7894428E+01 -0.5812117E+00
 0.7917889E+01 -0.5857312E+00
 0.7941349E+01 -0.5902917E+00
 0.7964809E+01 -0.5948591E+00
 0.7988270E+01 -0.5994490E+00
 0.8011730E+01 -0.6040303E+00
 0.8035191E+01 -0.6086257E+00
 0.8058651E+01 -0.6132186E+00
 0.8082111E+01 -0.6178195E+00
 0.8105572E+01 -0.6223795E+00
 0.8129032E+01 -0.6269113E+00
 0.8152493E+01 -0.6314171E+00
 0.8175953E+01 -0.6359107E+00
 0.8199413E+01 -0.6403878E+00
 0.8222874E+01 -0.6448420E+00
 0.8246334E+01 -0.6492831E+00
 0.8269795E+01 -0.6537294E+00
 0.8293255E+01 -0.6581883E+00
 0.8316716E+01 -0.6626530E+00
 0.8340176E+01 -0.6671286E+00
 0.8363636E+01 -0.6716594E+00
 0.8387097E+01 -0.6761888E+00
 0.8410557E+01 -0.6807466E+00
 0.8434018E+01 -0.6853203E+00
 0.8457478E+01 -0.6899296E+00
 0.8480938E+01 -0.6945481E+00
 0.8504399E+01 -0.6991556E+00
 0.8527859E+01 -0.7037746E+00
 0.8551320E+01 -0.7083670E+00
 0.8574780E+01 -0.7129421E+00
 0.8598240E+01 -0.7175152E+00
 0.8621701E+01 -0.7220542E+00
 0.8645161E+01 -0.7265417E+00
 0.8668622E+01 -0.7309997E+00
 0.8692082E+01 -0.7354190E+00
 0.8715543E+01 -0.7398335E+00
 0.8739003E+01 -0.7442298E+00
 0.8762463E+01 -0.7486302E+00
 0.8785924E+01 -0.7530246E+00
 0.8809384E+01 -0.7574072E+00
 0.8832845E+01 -0.7618465E+00
 0.8856305E+01 -0.7663234E+00
 0.8879765E+01 -0.7708449E+00
 0.8903226E+01 -0.7754041E+00
 0.8926686E+01 -0.7799985E+00
 0.8950147E+01 -0.7846521E+00
 0.8973607E+01 -0.7893259E+00
 0.8997067E+01 -0.7940141E+00
 0.9020528E+01 -0.7987109E+00
 0.9043988E+01 -0.8033825E+00
 0.9067449E+01 -0.8080177E+00
 0.9090909E+01 -0.8126134E+00
 0.9114370E+01 -0.8171121E+00
 0.9137830E+01 -0.8215698E+00
 0.9161290E+01 -0.8259327E+00
 0.9184751E+01 -0.8302719E+00
 0.9208211E+01 -0.8345370E+00
 0.9231672E+01 -0.8388180E+00
 0.9255132E+01 -0.8430841E+00
 0.9278592E+01 -0.8473751E+00
 0.9302053E+01 -0.8517106E+00
 0.9325513E+01 -0.8561286E+00
 0.9348974E+01 -0.8606008E+00
 0.9372434E+01 -0.8651436E+00
 0.9395894E+01 -0.8697215E+00
 0.9419355E+01 -0.8743608E+00
 0.9442815E+01 -0.8790202E+00
 0.9466276E+01 -0.8837196E+00
 0.9489736E+01 -0.8884679E+00
 0.9513196E+01 -0.8931678E+00
 0.9536657E+01 -0.8977780E+00
 0.9560117E+01 -0.9023609E+00
 0.9583578E+01 -0.9068411E+00
 0.9607038E+01 -0.9112670E+00
 0.9630499E+01 -0.9156235E+00
 0.9653959E+01 -0.9199035E+00
 0.9677419E+01 -0.9240989E+00
 0.9700880E+01 -0.9282437E+00
 0.9724340E+01 -0.9324083E+00
 0.9747801E+01 -0.9366036E+00
 0.9771261E+01 -0.9407469E+00
 0.9794721E+01 -0.9449424E+00
 0.9818182E+01 -0.9492232E+00
 0.9841642E+01 -0.9536320E+00
 0.9865103E+01 -0.9582055E+00
 0.9888563E+01 -0.9629557E+00
 0.9912023E+01 -0.9677803E+00
 0.9935484E+01 -0.9727289E+00
 0.9958944E+01 -0.9777277E+00
 0.9982405E+01 -0.9827204E+00
 0.1000587E+02 -0.9877208E+00
 0.1002933E+02 -0.9925856E+00
 0.1005279E+02 -0.9972928E+00
 0.1007625E+02 -0.1001839E+01
 0.1009971E+02 -0.1006199E+01
 0.1012317E+02 -0.1010413E+01
 0.1014663E+02 -0.1014447E+01
 0.1017009E+02 -0.1018309E+01
 0.1019355E+02 -0.1022049E+01
 0.1021701E+02 -0.1025570E+01
 0.1024047E+02 -0.1029028E+01
 0.1026393E+02 -0.1032533E+01
 0.1028739E+02 -0.1036184E+01
 0.1031085E+02 -0.1040023E+01
 0.1033431E+02 -0.1044147E+01
 0.1035777E+02 -0.1048549E+01
 0.1038123E+02 -0.1053315E+01
 0.1040469E+02 -0.1058468E+01
 0.1042815E+02 -0.1063993E+01
 0.1045161E+02 -0.1069648E+01
 0.1047507E+02 -0.1075537E+01
 0.1049853E+02 -0.1081399E+01
 0.1052199E+02 -0.1087276E+01
 0.1054545E+02 -0.1092932E+01
 0.1056891E+02 -0.1098100E+01
 0.1059238E+02 -0.1102778E+01
 0.1061584E+02 -0.1106812E+01
 0.1063930E+02 -0.1110206E+01
 0.1066276E+02 -0.1113242E+01
 0.1068622E+02 -0.1115789E+01
 0.1070968E+02 -0.1118107E+01
 0.1073314E+02 -0.1120230E+01
 0.1075660E+02 -0.1122399E+01
 0.1078006E+02 -0.1124929E+01
 0.1080352E+02 -0.1127904E+01
 0.1082698E+02 -0.1131458E+01
 0.1085044E+02 -0.1135828E+01
 0.1087390E+02 -0.1140730E+01
 0.1089736E+02 -0.1146301E+01
 0.1092082E+02 -0.1152529E+01
 0.1094428E+02 -0.1159403E+01
 0.1096774E+02 -0.1166562E+01
 0.1099120E+02 -0.1173760E+01
 0.1101466E+02 -0.1181004E+01
 0.1103812E+02 -0.1188031E+01
 0.1106158E+02 -0.1194627E+01
 0.1108504E+02 -0.1200460E+01
 0.1110850E+02 -0.1205652E+01
 0.1113196E+02 -0.1209887E+01
 0.1115543E+02 -0.1213138E+01
 0.1117889E+02 -0.1215721E+01
 0.1120235E+02 -0.1217818E+01
 0.1122581E+02 -0.1219379E+01
 0.1124927E+02 -0.1220699E+01
 0.1127273E+02 -0.1221726E+01
 0.1129619E+02 -0.1223161E+01
 0.1131965E+02 -0.1224793E+01
 0.1134311E+02 -0.1226969E+01
 0.1136657E+02 -0.1230339E+01
 0.1139003E+02 -0.1235106E+01
 0.1141349E+02 -0.1240962E+01
 0.1143695E+02 -0.1247973E+01
 0.1146041E+02 -0.1256270E+01
 0.1148387E+02 -0.1266032E+01
 0.1150733E+02 -0.1276364E+01
 0.1153079E+02 -0.1287531E+01
 0.1155425E+02 -0.1299473E+01
 0.1157771E+02 -0.1311483E+01
 0.1160117E+02 -0.1322554E+01
 0.1162463E+02 -0.1332948E+01
 0.1164809E+02 -0.1341589E+01
 0.1167155E+02 -0.1347493E+01
 0.1169501E+02 -0.1349651E+01
 0.1171848E+02 -0.1348229E+01
 0.1174194E+02 -0.1342406E+01
 0.1176540E+02 -0.1332883E+01
 0.1178886E+02 -0.1319630E+01
 0.1181232E+02 -0.1305518E+01
 0.1183578E+02 -0.1291111E+01
 0.1185924E+02 -0.1278934E+01
 0.1188270E+02 -0.1271445E+01
 0.1190616E+02 -0.1270869E+01
 0.1192962E+02 -0.1279037E+01
 0.1195308E+02 -0.1296089E+01
 0.1197654E+02 -0.1322379E+01
