-0.1000000E+02  0.1247959E-06
-0.9980450E+01  0.3834856E-09
-0.9960899E+01  0.2980853E-10
-0.9941349E+01  0.2094762E-11
-0.9921799E+01  0.6480251E-11
-0.9902248E+01  0.5943734E-13
-0.9882698E+01  0.3088609E-12
-0.9863148E+01  0.2102403E-13
-0.9843597E+01  0.2325174E-13
-0.9824047E+01  0.1849465E-13
-0.9804497E+01  0.8559158E-14
-0.9784946E+01  0.3633206E-14
-0.9765396E+01  0.2386272E-13
-0.9745846E+01  0.8130480E-13
-0.9726295E+01  0.3728604E-14
-0.9706745E+01  0.2021529E-14
-0.9687195E+01  0.1549132E-14
-0.9667644E+01  0.1214835E-14
-0.9648094E+01  0.2032255E-14
-0.9628543E+01  0.8410597E-15
-0.9608993E+01  0.4910841E-15
-0.9589443E+01  0.4687741E-15
-0.9569892E+01  0.9318501E-15
-0.9550342E+01  0.1113727E-14
-0.9530792E+01  0.1459192E-14
-0.9511241E+01  0.3206361E-15
-0.9491691E+01  0.2345411E-15
-0.9472141E+01  0.2408824E-15
-0.9452590E+01  0.1809874E-15
-0.9433040E+01  0.2426742E-15
-0.9413490E+01  0.8535624E-15
-0.9393939E+01  0.1815618E-15
-0.9374389E+01  0.1262466E-15
-0.9354839E+01  0.1750224E-14
-0.9335288E+01  0.2319472E-15
-0.9315738E+01  0.9206217E-16
-0.9296188E+01  0.5969226E-15
-0.9276637E+01  0.3691062E-15
-0.9257087E+01  0.5427024E-15
-0.9237537E+01  0.2964205E-13
-0.9217986E+01  0.6540669E-14
-0.9198436E+01  0.7958267E-14
-0.9178886E+01  0.2154486E-15
-0.9159335E+01  0.1555246E-15
-0.9139785E+01  0.1730827E-15
-0.9120235E+01  0.1042604E-13
-0.9100684E+01  0.9152778E-14
-0.9081134E+01  0.2436254E-15
-0.9061584E+01  0.7906037E-15
-0.9042033E+01  0.3136698E-16
-0.9022483E+01  0.5403802E-17
-0.9002933E+01  0.2393474E-16
-0.8983382E+01  0.7249902E-16
-0.8963832E+01  0.1446193E-15
-0.8944282E+01  0.2410719E-16
-0.8924731E+01  0.5616315E-15
-0.8905181E+01  0.7210985E-14
-0.8885630E+01  0.1209517E-15
-0.8866080E+01  0.5581256E-15
-0.8846530E+01  0.6068913E-15
-0.8826979E+01  0.4683113E-15
-0.8807429E+01  0.1218842E-15
-0.8787879E+01  0.1779990E-17
-0.8768328E+01  0.6872367E-16
-0.8748778E+01  0.1462853E-15
-0.8729228E+01  0.6956716E-17
-0.8709677E+01  0.2381379E-16
-0.8690127E+01  0.1598593E-16
-0.8670577E+01  0.2966315E-15
-0.8651026E+01  0.2003883E-15
-0.8631476E+01  0.1792537E-15
-0.8611926E+01  0.4970059E-15
-0.8592375E+01  0.4334417E-16
-0.8572825E+01  0.7933700E-16
-0.8553275E+01  0.1310047E-17
-0.8533724E+01  0.1876803E-15
-0.8514174E+01  0.2701917E-15
-0.8494624E+01  0.3983429E-16
-0.8475073E+01  0.8885955E-16
-0.8455523E+01  0.4953538E-17
-0.8435973E+01  0.2930482E-15
-0.8416422E+01  0.5152553E-17
-0.8396872E+01  0.1347054E-15
-0.8377322E+01  0.2075573E-17
-0.8357771E+01  0.4663976E-15
-0.8338221E+01  0.3828013E-15
-0.8318671E+01  0.4629867E-17
-0.8299120E+01  0.2971185E-15
-0.8279570E+01  0.4354459E-15
-0.8260020E+01  0.4867838E-16
-0.8240469E+01  0.2150678E-15
-0.8220919E+01  0.1809588E-16
-0.8201369E+01  0.5955298E-15
-0.8181818E+01  0.3286276E-14
-0.8162268E+01  0.2363114E-16
-0.8142717E+01  0.2572972E-16
-0.8123167E+01  0.4972552E-17
-0.8103617E+01  0.9273541E-17
-0.8084066E+01  0.3028420E-16
-0.8064516E+01  0.4428891E-16
-0.8044966E+01  0.6128240E-17
-0.8025415E+01  0.4953460E-17
-0.8005865E+01  0.1194434E-18
-0.7986315E+01  0.2131989E-19
-0.7966764E+01  0.2880602E-16
-0.7947214E+01  0.1220994E-17
-0.7927664E+01  0.3437342E-17
-0.7908113E+01  0.2592086E-16
-0.7888563E+01  0.3058208E-17
-0.7869013E+01  0.1901768E-16
-0.7849462E+01  0.7510105E-15
-0.7829912E+01  0.5361836E-15
-0.7810362E+01  0.4331114E-17
-0.7790811E+01  0.4528302E-17
-0.7771261E+01  0.1921352E-15
-0.7751711E+01  0.1894281E-16
-0.7732160E+01  0.4900984E-15
-0.7712610E+01  0.2687159E-17
-0.7693060E+01  0.7551917E-17
-0.7673509E+01  0.5942414E-16
-0.7653959E+01  0.1109934E-16
-0.7634409E+01  0.1953393E-15
-0.7614858E+01  0.1473000E-16
-0.7595308E+01  0.8308069E-18
-0.7575758E+01  0.8621213E-16
-0.7556207E+01  0.1051799E-16
-0.7536657E+01  0.9559053E-15
-0.7517107E+01  0.7889710E-17
-0.7497556E+01  0.5098769E-18
-0.7478006E+01  0.4689777E-17
-0.7458456E+01  0.1017644E-19
-0.7438905E+01  0.1389313E-17
-0.7419355E+01  0.4727404E-17
-0.7399804E+01  0.1623855E-16
-0.7380254E+01  0.1115620E-16
-0.7360704E+01  0.3979043E-17
-0.7341153E+01  0.1499098E-15
-0.7321603E+01  0.8263780E-17
-0.7302053E+01  0.5803019E-16
-0.7282502E+01  0.1342754E-17
-0.7262952E+01  0.1572291E-15
-0.7243402E+01  0.9953687E-18
-0.7223851E+01  0.1984515E-16
-0.7204301E+01  0.5873008E-16
-0.7184751E+01  0.5518785E-15
-0.7165200E+01  0.5424621E-17
-0.7145650E+01  0.1922311E-15
-0.7126100E+01  0.1460682E-15
-0.7106549E+01  0.1547757E-15
-0.7086999E+01  0.2223599E-15
-0.7067449E+01  0.1810870E-15
-0.7047898E+01  0.1668045E-16
-0.7028348E+01  0.1741232E-16
-0.7008798E+01  0.1231789E-14
-0.6989247E+01  0.1592060E-16
-0.6969697E+01  0.4730908E-16
-0.6950147E+01  0.2942215E-14
-0.6930596E+01  0.2226240E-15
-0.6911046E+01  0.2431291E-16
-0.6891496E+01  0.2528456E-15
-0.6871945E+01  0.5071651E-17
-0.6852395E+01  0.3088500E-16
-0.6832845E+01  0.2937226E-16
-0.6813294E+01  0.1404280E-17
-0.6793744E+01  0.1675595E-15
-0.6774194E+01  0.1980294E-15
-0.6754643E+01  0.1024232E-15
-0.6735093E+01  0.3089460E-15
-0.6715543E+01  0.2132286E-15
-0.6695992E+01  0.7706758E-16
-0.6676442E+01  0.2317573E-14
-0.6656891E+01  0.1975762E-15
-0.6637341E+01  0.4189224E-15
-0.6617791E+01  0.1230628E-15
-0.6598240E+01  0.8563416E-14
-0.6578690E+01  0.9712037E-16
-0.6559140E+01  0.9404462E-15
-0.6539589E+01  0.4370842E-16
-0.6520039E+01  0.3761628E-17
-0.6500489E+01  0.1061742E-16
-0.6480938E+01  0.7510588E-16
-0.6461388E+01  0.2488211E-15
-0.6441838E+01  0.1232928E-15
-0.6422287E+01  0.3184924E-14
-0.6402737E+01  0.2990460E-12
-0.6383187E+01  0.2875921E-13
-0.6363636E+01  0.8041537E-16
-0.6344086E+01  0.2243986E-15
-0.6324536E+01  0.1815442E-16
-0.6304985E+01  0.8551555E-16
-0.6285435E+01  0.1171723E-15
-0.6265885E+01  0.1449052E-15
-0.6246334E+01  0.9620859E-17
-0.6226784E+01  0.9742726E-16
-0.6207234E+01  0.4666836E-14
-0.6187683E+01  0.2090814E-16
-0.6168133E+01  0.2326856E-16
-0.6148583E+01  0.1195049E-15
-0.6129032E+01  0.7992740E-16
-0.6109482E+01  0.1549664E-15
-0.6089932E+01  0.6680135E-16
-0.6070381E+01  0.8774748E-16
-0.6050831E+01  0.8175539E-17
-0.6031281E+01  0.1118319E-17
-0.6011730E+01  0.2913553E-16
-0.5992180E+01  0.7915631E-17
-0.5972630E+01  0.3528754E-15
-0.5953079E+01  0.7458613E-19
-0.5933529E+01  0.1386274E-16
-0.5913978E+01  0.8753680E-17
-0.5894428E+01  0.5052572E-16
-0.5874878E+01  0.1494948E-16
-0.5855327E+01  0.1055470E-16
-0.5835777E+01  0.8511437E-17
-0.5816227E+01  0.4215411E-16
-0.5796676E+01  0.4713185E-17
-0.5777126E+01  0.9185789E-16
-0.5757576E+01  0.7118707E-16
-0.5738025E+01  0.5113967E-16
-0.5718475E+01  0.6705704E-15
-0.5698925E+01  0.2704254E-14
-0.5679374E+01  0.9915730E-16
-0.5659824E+01  0.1549206E-15
-0.5640274E+01  0.9017933E-16
-0.5620723E+01  0.2406436E-17
-0.5601173E+01  0.1656909E-17
-0.5581623E+01  0.1159947E-16
-0.5562072E+01  0.1027966E-16
-0.5542522E+01  0.2324650E-18
-0.5522972E+01  0.7218255E-17
-0.5503421E+01  0.1787888E-16
-0.5483871E+01  0.5881818E-17
-0.5464321E+01  0.2735201E-16
-0.5444770E+01  0.1692126E-16
-0.5425220E+01  0.1168580E-17
-0.5405670E+01  0.8376283E-17
-0.5386119E+01  0.8925969E-17
-0.5366569E+01  0.1261780E-17
-0.5347019E+01  0.5708242E-18
-0.5327468E+01  0.1320123E-16
-0.5307918E+01  0.1270252E-17
-0.5288368E+01  0.2278634E-19
-0.5268817E+01  0.1966997E-16
-0.5249267E+01  0.9589967E-16
-0.5229717E+01  0.2718787E-17
-0.5210166E+01  0.7102404E-16
-0.5190616E+01  0.9218502E-16
-0.5171065E+01  0.1032166E-15
-0.5151515E+01  0.1839629E-16
-0.5131965E+01  0.5328477E-17
-0.5112414E+01  0.3455124E-16
-0.5092864E+01  0.8451634E-15
-0.5073314E+01  0.5545755E-14
-0.5053763E+01  0.4047863E-16
-0.5034213E+01  0.2312578E-15
-0.5014663E+01  0.2309647E-16
-0.4995112E+01  0.4309344E-17
-0.4975562E+01  0.2720657E-17
-0.4956012E+01  0.7300916E-17
-0.4936461E+01  0.1124272E-14
-0.4916911E+01  0.4120679E-18
-0.4897361E+01  0.3458241E-15
-0.4877810E+01  0.1374119E-14
-0.4858260E+01  0.1557282E-14
-0.4838710E+01  0.1241676E-13
-0.4819159E+01  0.8827672E-16
-0.4799609E+01  0.1452900E-16
-0.4780059E+01  0.1169069E-15
-0.4760508E+01  0.1605588E-17
-0.4740958E+01  0.9784627E-16
-0.4721408E+01  0.4128735E-16
-0.4701857E+01  0.4386950E-17
-0.4682307E+01  0.8841332E-17
-0.4662757E+01  0.3743699E-15
-0.4643206E+01  0.1699624E-15
-0.4623656E+01  0.1317751E-16
-0.4604106E+01  0.2618974E-15
-0.4584555E+01  0.1000565E-16
-0.4565005E+01  0.1622320E-16
-0.4545455E+01  0.4379310E-15
-0.4525904E+01  0.5187030E-15
-0.4506354E+01  0.1216696E-16
-0.4486804E+01  0.1367173E-15
-0.4467253E+01  0.5683048E-15
-0.4447703E+01  0.9592267E-18
-0.4428152E+01  0.6804069E-16
-0.4408602E+01  0.2246135E-16
-0.4389052E+01  0.1343561E-17
-0.4369501E+01  0.1697356E-15
-0.4349951E+01  0.3187673E-14
-0.4330401E+01  0.5233548E-16
-0.4310850E+01  0.1148712E-16
-0.4291300E+01  0.1627428E-16
-0.4271750E+01  0.2476364E-17
-0.4252199E+01  0.6627953E-16
-0.4232649E+01  0.2540802E-15
-0.4213099E+01  0.4708359E-15
-0.4193548E+01  0.1420979E-14
-0.4173998E+01  0.2046936E-13
-0.4154448E+01  0.2148918E-11
-0.4134897E+01  0.8721560E-14
-0.4115347E+01  0.1709744E-13
-0.4095797E+01  0.9108348E-16
-0.4076246E+01  0.2063020E-15
-0.4056696E+01  0.1789869E-14
-0.4037146E+01  0.8974128E-16
-0.4017595E+01  0.1052794E-15
-0.3998045E+01  0.4403588E-16
-0.3978495E+01  0.6094772E-15
-0.3958944E+01  0.6159077E-16
-0.3939394E+01  0.1696325E-15
-0.3919844E+01  0.1434080E-16
-0.3900293E+01  0.1927877E-14
-0.3880743E+01  0.1395465E-15
-0.3861193E+01  0.3998836E-16
-0.3841642E+01  0.5445248E-16
-0.3822092E+01  0.1394328E-16
-0.3802542E+01  0.8189703E-18
-0.3782991E+01  0.1376258E-15
-0.3763441E+01  0.4921670E-15
-0.3743891E+01  0.6839917E-15
-0.3724340E+01  0.2559805E-14
-0.3704790E+01  0.3976356E-16
-0.3685239E+01  0.1014310E-16
-0.3665689E+01  0.6975120E-16
-0.3646139E+01  0.9377178E-14
-0.3626588E+01  0.1551550E-15
-0.3607038E+01  0.8340105E-15
-0.3587488E+01  0.1311177E-15
-0.3567937E+01  0.8671708E-15
-0.3548387E+01  0.3051689E-16
-0.3528837E+01  0.5769885E-15
-0.3509286E+01  0.8822185E-16
-0.3489736E+01  0.2247515E-15
-0.3470186E+01  0.9247724E-16
-0.3450635E+01  0.1115916E-15
-0.3431085E+01  0.3121666E-16
-0.3411535E+01  0.5683121E-17
-0.3391984E+01  0.2599402E-16
-0.3372434E+01  0.5096036E-17
-0.3352884E+01  0.1062360E-16
-0.3333333E+01  0.3459259E-17
-0.3313783E+01  0.1445812E-16
-0.3294233E+01  0.1938378E-17
-0.3274682E+01  0.5692315E-16
-0.3255132E+01  0.3932574E-16
-0.3235582E+01  0.8636298E-17
-0.3216031E+01  0.1109809E-14
-0.3196481E+01  0.3014793E-17
-0.3176931E+01  0.1553047E-16
-0.3157380E+01  0.6277806E-15
-0.3137830E+01  0.2298230E-16
-0.3118280E+01  0.3335993E-16
-0.3098729E+01  0.2856864E-17
-0.3079179E+01  0.2907810E-17
-0.3059629E+01  0.7510936E-17
-0.3040078E+01  0.3898916E-16
-0.3020528E+01  0.4821645E-17
-0.3000978E+01  0.1254872E-15
-0.2981427E+01  0.1284945E-16
-0.2961877E+01  0.2806902E-15
-0.2942326E+01  0.2956396E-17
-0.2922776E+01  0.2288293E-17
-0.2903226E+01  0.6818541E-16
-0.2883675E+01  0.8208649E-16
-0.2864125E+01  0.5349854E-16
-0.2844575E+01  0.2559757E-14
-0.2825024E+01  0.1080232E-15
-0.2805474E+01  0.3281937E-14
-0.2785924E+01  0.3518774E-12
-0.2766373E+01  0.4024970E-14
-0.2746823E+01  0.1982024E-15
-0.2727273E+01  0.5940890E-15
-0.2707722E+01  0.1752118E-14
-0.2688172E+01  0.3324545E-15
-0.2668622E+01  0.3561938E-16
-0.2649071E+01  0.1165025E-17
-0.2629521E+01  0.5352736E-17
-0.2609971E+01  0.2511834E-18
-0.2590420E+01  0.3491960E-16
-0.2570870E+01  0.2013894E-15
-0.2551320E+01  0.3638534E-16
-0.2531769E+01  0.2615280E-14
-0.2512219E+01  0.8322449E-13
-0.2492669E+01  0.1531117E-14
-0.2473118E+01  0.7627339E-16
-0.2453568E+01  0.1411326E-17
-0.2434018E+01  0.1482058E-16
-0.2414467E+01  0.1678640E-15
-0.2394917E+01  0.4939853E-15
-0.2375367E+01  0.1345728E-13
-0.2355816E+01  0.1339113E-14
-0.2336266E+01  0.4792966E-16
-0.2316716E+01  0.2540661E-16
-0.2297165E+01  0.2641809E-16
-0.2277615E+01  0.1937690E-16
-0.2258065E+01  0.6165699E-16
-0.2238514E+01  0.1144971E-15
-0.2218964E+01  0.1559665E-14
-0.2199413E+01  0.4421369E-14
-0.2179863E+01  0.1330793E-13
-0.2160313E+01  0.1462662E-14
-0.2140762E+01  0.7813081E-16
-0.2121212E+01  0.3462258E-16
-0.2101662E+01  0.7377676E-16
-0.2082111E+01  0.5632837E-16
-0.2062561E+01  0.1119898E-15
-0.2043011E+01  0.4279483E-16
-0.2023460E+01  0.1771594E-16
-0.2003910E+01  0.1448431E-17
-0.1984360E+01  0.1361904E-16
-0.1964809E+01  0.4000370E-16
-0.1945259E+01  0.2852757E-16
-0.1925709E+01  0.1461070E-16
-0.1906158E+01  0.3560941E-15
-0.1886608E+01  0.6249420E-15
-0.1867058E+01  0.4198795E-15
-0.1847507E+01  0.3505019E-15
-0.1827957E+01  0.1836899E-14
-0.1808407E+01  0.4598917E-16
-0.1788856E+01  0.5433905E-17
-0.1769306E+01  0.3130900E-17
-0.1749756E+01  0.1831248E-17
-0.1730205E+01  0.1416334E-16
-0.1710655E+01  0.3587510E-17
-0.1691105E+01  0.4941810E-16
-0.1671554E+01  0.8326610E-17
-0.1652004E+01  0.5090596E-16
-0.1632454E+01  0.6974400E-17
-0.1612903E+01  0.3296514E-17
-0.1593353E+01  0.1941800E-16
-0.1573803E+01  0.1897836E-16
-0.1554252E+01  0.1475616E-17
-0.1534702E+01  0.4703097E-17
-0.1515152E+01  0.1056443E-17
-0.1495601E+01  0.2547783E-17
-0.1476051E+01  0.1719638E-16
-0.1456500E+01  0.3069941E-17
-0.1436950E+01  0.2397208E-17
-0.1417400E+01  0.2045798E-16
-0.1397849E+01  0.1844686E-16
-0.1378299E+01  0.3069540E-16
-0.1358749E+01  0.9354409E-16
-0.1339198E+01  0.7700565E-16
-0.1319648E+01  0.4692225E-16
-0.1300098E+01  0.1086737E-15
-0.1280547E+01  0.4205209E-16
-0.1260997E+01  0.4791747E-16
-0.1241447E+01  0.7556938E-17
-0.1221896E+01  0.1916506E-16
-0.1202346E+01  0.1092595E-16
-0.1182796E+01  0.4047868E-16
-0.1163245E+01  0.4121429E-16
-0.1143695E+01  0.4796742E-16
-0.1124145E+01  0.6543512E-16
-0.1104594E+01  0.1566085E-15
-0.1085044E+01  0.1533616E-15
-0.1065494E+01  0.9254452E-16
-0.1045943E+01  0.2513795E-15
-0.1026393E+01  0.2196220E-15
-0.1006843E+01  0.2367736E-15
-0.9872923E+00  0.6147642E-16
-0.9677419E+00  0.1765554E-16
-0.9481916E+00  0.3236419E-16
-0.9286413E+00  0.1565545E-15
-0.9090909E+00  0.3090162E-16
-0.8895406E+00  0.5158737E-15
-0.8699902E+00  0.9298781E-16
-0.8504399E+00  0.1540175E-16
-0.8308895E+00  0.1519333E-15
-0.8113392E+00  0.3064142E-15
-0.7917889E+00  0.1795095E-16
-0.7722385E+00  0.9311465E-16
-0.7526882E+00  0.2320517E-15
-0.7331378E+00  0.8959485E-15
-0.7135875E+00  0.1064325E-14
-0.6940371E+00  0.2749115E-15
-0.6744868E+00  0.3358524E-15
-0.6549365E+00  0.3106490E-16
-0.6353861E+00  0.5406557E-16
-0.6158358E+00  0.1699786E-15
-0.5962854E+00  0.4035701E-15
-0.5767351E+00  0.1544922E-14
-0.5571848E+00  0.3603967E-15
-0.5376344E+00  0.8041939E-15
-0.5180841E+00  0.2018190E-15
-0.4985337E+00  0.2527618E-15
-0.4789834E+00  0.7223623E-15
-0.4594330E+00  0.1946158E-15
-0.4398827E+00  0.1510629E-14
-0.4203324E+00  0.3251732E-14
-0.4007820E+00  0.1541421E-14
-0.3812317E+00  0.1450434E-15
-0.3616813E+00  0.1102832E-14
-0.3421310E+00  0.6598467E-15
-0.3225806E+00  0.1527615E-14
-0.3030303E+00  0.2490505E-14
-0.2834800E+00  0.1637995E-14
-0.2639296E+00  0.1364517E-14
-0.2443793E+00  0.7956689E-16
-0.2248289E+00  0.2571230E-15
-0.2052786E+00  0.2036243E-14
-0.1857283E+00  0.9054549E-15
-0.1661779E+00  0.8320021E-15
-0.1466276E+00  0.3785311E-14
-0.1270772E+00  0.1950791E-14
-0.1075269E+00  0.1978743E-14
-0.8797654E-01  0.2656273E-14
-0.6842620E-01  0.4382152E-14
-0.4887586E-01  0.4694285E-14
-0.2932551E-01  0.5091495E-14
-0.9775171E-02  0.1330856E-13
 0.9775171E-02  0.6180084E-14
 0.2932551E-01  0.5025584E-14
 0.4887586E-01  0.1075632E-13
 0.6842620E-01  0.2381991E-13
 0.8797654E-01  0.3514806E-13
 0.1075269E+00  0.1013892E-13
 0.1270772E+00  0.2093178E-13
 0.1466276E+00  0.1788942E-13
 0.1661779E+00  0.5779345E-14
 0.1857283E+00  0.5686717E-13
 0.2052786E+00  0.2336580E-12
 0.2248289E+00  0.5543560E-12
 0.2443793E+00  0.1429244E-11
 0.2639296E+00  0.3478882E-11
 0.2834800E+00  0.8021356E-11
 0.3030303E+00  0.1717889E-10
 0.3225806E+00  0.3122268E-10
 0.3421310E+00  0.4999096E-10
 0.3616813E+00  0.7000943E-10
 0.3812317E+00  0.8240656E-10
 0.4007820E+00  0.7353244E-10
 0.4203324E+00  0.3550264E-10
 0.4398827E+00  0.4602720E-11
 0.4594330E+00  0.1410354E-09
 0.4789834E+00  0.8854390E-09
 0.4985337E+00  0.3260552E-08
 0.5180841E+00  0.9526368E-08
 0.5376344E+00  0.2463176E-07
 0.5571848E+00  0.5923486E-07
 0.5767351E+00  0.1361878E-06
 0.5962854E+00  0.3047945E-06
 0.6158358E+00  0.6700882E-06
 0.6353861E+00  0.1452308E-05
 0.6549365E+00  0.3103900E-05
 0.6744868E+00  0.6527927E-05
 0.6940371E+00  0.1348213E-04
 0.7135875E+00  0.2729787E-04
 0.7331378E+00  0.5411821E-04
 0.7526882E+00  0.1049845E-03
 0.7722385E+00  0.1992054E-03
 0.7917889E+00  0.3696525E-03
 0.8113392E+00  0.6707413E-03
 0.8308895E+00  0.1189904E-02
 0.8504399E+00  0.2063420E-02
 0.8699902E+00  0.3497058E-02
 0.8895406E+00  0.5791505E-02
 0.9090909E+00  0.9371833E-02
 0.9286413E+00  0.1481894E-01
 0.9481916E+00  0.2289996E-01
 0.9677419E+00  0.3459311E-01
 0.9872923E+00  0.5110092E-01
 0.1006843E+01  0.7384654E-01
 0.1026393E+01  0.1044462E+00
 0.1045943E+01  0.1446527E+00
 0.1065494E+01  0.1962672E+00
 0.1085044E+01  0.2610206E+00
 0.1104594E+01  0.3404269E+00
 0.1124145E+01  0.4356211E+00
 0.1143695E+01  0.5471907E+00
 0.1163245E+01  0.6750205E+00
 0.1182796E+01  0.8181628E+00
 0.1202346E+01  0.9747524E+00
 0.1221896E+01  0.1141977E+01
 0.1241447E+01  0.1316113E+01
 0.1260997E+01  0.1492640E+01
 0.1280547E+01  0.1666414E+01
 0.1300098E+01  0.1831913E+01
 0.1319648E+01  0.1983529E+01
 0.1339198E+01  0.2115892E+01
 0.1358749E+01  0.2224197E+01
 0.1378299E+01  0.2304497E+01
 0.1397849E+01  0.2353958E+01
 0.1417400E+01  0.2371026E+01
 0.1436950E+01  0.2355508E+01
 0.1456500E+01  0.2308558E+01
 0.1476051E+01  0.2232575E+01
 0.1495601E+01  0.2131015E+01
 0.1515152E+01  0.2008150E+01
 0.1534702E+01  0.1868784E+01
 0.1554252E+01  0.1717959E+01
 0.1573803E+01  0.1560663E+01
 0.1593353E+01  0.1401572E+01
 0.1612903E+01  0.1244849E+01
 0.1632454E+01  0.1093985E+01
 0.1652004E+01  0.9517213E+00
 0.1671554E+01  0.8200237E+00
 0.1691105E+01  0.7001188E+00
 0.1710655E+01  0.5925707E+00
 0.1730205E+01  0.4973872E+00
 0.1749756E+01  0.4141426E+00
 0.1769306E+01  0.3421016E+00
 0.1788856E+01  0.2803337E+00
 0.1808407E+01  0.2278111E+00
 0.1827957E+01  0.1834865E+00
 0.1847507E+01  0.1463474E+00
 0.1867058E+01  0.1154512E+00
 0.1886608E+01  0.8994265E-01
 0.1906158E+01  0.6905885E-01
 0.1925709E+01  0.5212682E-01
 0.1945259E+01  0.3855554E-01
 0.1964809E+01  0.2782664E-01
 0.1984360E+01  0.1948555E-01
 0.2003910E+01  0.1313341E-01
 0.2023460E+01  0.8420478E-02
 0.2043011E+01  0.5040904E-02
 0.2062561E+01  0.2728705E-02
 0.2082111E+01  0.1254492E-02
 0.2101662E+01  0.4225123E-03
 0.2121212E+01  0.6786942E-04
 0.2140762E+01  0.5356880E-04
 0.2160313E+01  0.2674139E-03
 0.2179863E+01  0.6188989E-03
 0.2199413E+01  0.1036266E-02
 0.2218964E+01  0.1463923E-02
 0.2238514E+01  0.1860270E-02
 0.2258065E+01  0.2195981E-02
 0.2277615E+01  0.2452536E-02
 0.2297165E+01  0.2620817E-02
 0.2316716E+01  0.2699689E-02
 0.2336266E+01  0.2694406E-02
 0.2355816E+01  0.2614969E-02
 0.2375367E+01  0.2474461E-02
 0.2394917E+01  0.2287504E-02
 0.2414467E+01  0.2069020E-02
 0.2434018E+01  0.1833185E-02
 0.2453568E+01  0.1592692E-02
 0.2473118E+01  0.1358277E-02
 0.2492669E+01  0.1138385E-02
 0.2512219E+01  0.9390779E-03
 0.2531769E+01  0.7640601E-03
 0.2551320E+01  0.6148451E-03
 0.2570870E+01  0.4911183E-03
 0.2590420E+01  0.3911286E-03
 0.2609971E+01  0.3121572E-03
 0.2629521E+01  0.2509977E-03
 0.2649071E+01  0.2043296E-03
 0.2668622E+01  0.1690061E-03
 0.2688172E+01  0.1422598E-03
 0.2707722E+01  0.1217927E-03
 0.2727273E+01  0.1057751E-03
 0.2746823E+01  0.9280705E-04
 0.2766373E+01  0.8187288E-04
 0.2785924E+01  0.7226426E-04
 0.2805474E+01  0.6352154E-04
 0.2825024E+01  0.5537957E-04
 0.2844575E+01  0.4772437E-04
 0.2864125E+01  0.4054689E-04
 0.2883675E+01  0.3389936E-04
 0.2903226E+01  0.2786752E-04
 0.2922776E+01  0.2252983E-04
 0.2942326E+01  0.1793536E-04
 0.2961877E+01  0.1409458E-04
 0.2981427E+01  0.1098239E-04
 0.3000978E+01  0.8543276E-05
 0.3020528E+01  0.6703397E-05
 0.3040078E+01  0.5379522E-05
 0.3059629E+01  0.4486977E-05
 0.3079179E+01  0.3942103E-05
 0.3098729E+01  0.3667018E-05
 0.3118280E+01  0.3590834E-05
 0.3137830E+01  0.3652289E-05
 0.3157380E+01  0.3800807E-05
 0.3176931E+01  0.3996192E-05
 0.3196481E+01  0.4208325E-05
 0.3216031E+01  0.4414593E-05
 0.3235582E+01  0.4597938E-05
 0.3255132E+01  0.4747583E-05
 0.3274682E+01  0.4860833E-05
 0.3294233E+01  0.4941027E-05
 0.3313783E+01  0.4995201E-05
 0.3333333E+01  0.5033333E-05
 0.3352884E+01  0.5065386E-05
 0.3372434E+01  0.5098020E-05
 0.3391984E+01  0.5133506E-05
 0.3411535E+01  0.5170116E-05
 0.3431085E+01  0.5205239E-05
 0.3450635E+01  0.5233832E-05
 0.3470186E+01  0.5251916E-05
 0.3489736E+01  0.5256608E-05
 0.3509286E+01  0.5246836E-05
 0.3528837E+01  0.5221998E-05
 0.3548387E+01  0.5181470E-05
 0.3567937E+01  0.5127578E-05
 0.3587488E+01  0.5065594E-05
 0.3607038E+01  0.5002595E-05
 0.3626588E+01  0.4946855E-05
 0.3646139E+01  0.4905715E-05
 0.3665689E+01  0.4884088E-05
 0.3685239E+01  0.4882873E-05
 0.3704790E+01  0.4899284E-05
 0.3724340E+01  0.4927538E-05
 0.3743891E+01  0.4959457E-05
 0.3763441E+01  0.4987636E-05
 0.3782991E+01  0.5005036E-05
 0.3802542E+01  0.5006462E-05
 0.3822092E+01  0.4989585E-05
 0.3841642E+01  0.4954043E-05
 0.3861193E+01  0.4902257E-05
 0.3880743E+01  0.4839726E-05
 0.3900293E+01  0.4774115E-05
 0.3919844E+01  0.4714095E-05
 0.3939394E+01  0.4667795E-05
 0.3958944E+01  0.4641772E-05
 0.3978495E+01  0.4639385E-05
 0.3998045E+01  0.4657962E-05
 0.4017595E+01  0.4691833E-05
 0.4037146E+01  0.4730834E-05
 0.4056696E+01  0.4764946E-05
 0.4076246E+01  0.4785224E-05
 0.4095797E+01  0.4784952E-05
 0.4115347E+01  0.4762003E-05
 0.4134897E+01  0.4717135E-05
 0.4154448E+01  0.4654954E-05
 0.4173998E+01  0.4583443E-05
 0.4193548E+01  0.4511169E-05
 0.4213099E+01  0.4448083E-05
 0.4232649E+01  0.4402894E-05
 0.4252199E+01  0.4381678E-05
 0.4271750E+01  0.4386329E-05
 0.4291300E+01  0.4413735E-05
 0.4310850E+01  0.4455956E-05
 0.4330401E+01  0.4501342E-05
 0.4349951E+01  0.4537508E-05
 0.4369501E+01  0.4553851E-05
 0.4389052E+01  0.4543592E-05
 0.4408602E+01  0.4504542E-05
 0.4428152E+01  0.4440727E-05
 0.4447703E+01  0.4360190E-05
 0.4467253E+01  0.4275040E-05
 0.4486804E+01  0.4197755E-05
 0.4506354E+01  0.4139224E-05
 0.4525904E+01  0.4106734E-05
 0.4545455E+01  0.4103245E-05
 0.4565005E+01  0.4125981E-05
 0.4584555E+01  0.4167576E-05
 0.4604106E+01  0.4216810E-05
 0.4623656E+01  0.4260591E-05
 0.4643206E+01  0.4285901E-05
 0.4662757E+01  0.4283371E-05
 0.4682307E+01  0.4247936E-05
 0.4701857E+01  0.4181850E-05
 0.4721408E+01  0.4093890E-05
 0.4740958E+01  0.3997268E-05
 0.4760508E+01  0.3907279E-05
 0.4780059E+01  0.3837646E-05
 0.4799609E+01  0.3798384E-05
 0.4819159E+01  0.3793773E-05
 0.4838710E+01  0.3820579E-05
 0.4858260E+01  0.3869850E-05
 0.4877810E+01  0.3927224E-05
 0.4897361E+01  0.3976805E-05
 0.4916911E+01  0.4004341E-05
 0.4936461E+01  0.3999524E-05
 0.4956012E+01  0.3958475E-05
 0.4975562E+01  0.3884867E-05
 0.4995112E+01  0.3788390E-05
 0.5014663E+01  0.3683469E-05
 0.5034213E+01  0.3587862E-05
 0.5053763E+01  0.3516886E-05
 0.5073314E+01  0.3480586E-05
 0.5092864E+01  0.3483097E-05
 0.5112414E+01  0.3519883E-05
 0.5131965E+01  0.3579371E-05
 0.5151515E+01  0.3645091E-05
 0.5171065E+01  0.3698490E-05
 0.5190616E+01  0.3723141E-05
 0.5210166E+01  0.3708680E-05
 0.5229717E+01  0.3652933E-05
 0.5249267E+01  0.3562754E-05
 0.5268817E+01  0.3451594E-05
 0.5288368E+01  0.3338264E-05
 0.5307918E+01  0.3242261E-05
 0.5327468E+01  0.3179178E-05
 0.5347019E+01  0.3157611E-05
 0.5366569E+01  0.3178548E-05
 0.5386119E+01  0.3232606E-05
 0.5405670E+01  0.3303803E-05
 0.5425220E+01  0.3372042E-05
 0.5444770E+01  0.3417968E-05
 0.5464321E+01  0.3427000E-05
 0.5483871E+01  0.3390980E-05
 0.5503421E+01  0.3312111E-05
 0.5522972E+01  0.3201766E-05
 0.5542522E+01  0.3077900E-05
 0.5562072E+01  0.2962257E-05
 0.5581623E+01  0.2875433E-05
 0.5601173E+01  0.2831861E-05
 0.5620723E+01  0.2836202E-05
 0.5640274E+01  0.2883024E-05
 0.5659824E+01  0.2957813E-05
 0.5679374E+01  0.3039337E-05
 0.5698925E+01  0.3104953E-05
 0.5718475E+01  0.3134122E-05
 0.5738025E+01  0.3114718E-05
 0.5757576E+01  0.3045730E-05
 0.5777126E+01  0.2936389E-05
 0.5796676E+01  0.2806022E-05
 0.5816227E+01  0.2678213E-05
 0.5835777E+01  0.2576059E-05
 0.5855327E+01  0.2517333E-05
 0.5874878E+01  0.2510496E-05
 0.5894428E+01  0.2552420E-05
 0.5913978E+01  0.2629546E-05
 0.5933529E+01  0.2719420E-05
 0.5953079E+01  0.2797500E-05
 0.5972630E+01  0.2840601E-05
 0.5992180E+01  0.2833703E-05
 0.6011730E+01  0.2772902E-05
 0.6031281E+01  0.2666481E-05
 0.6050831E+01  0.2531965E-05
 0.6070381E+01  0.2394364E-05
 0.6089932E+01  0.2280298E-05
 0.6109482E+01  0.2211168E-05
 0.6129032E+01  0.2197861E-05
 0.6148583E+01  0.2239309E-05
 0.6168133E+01  0.2321634E-05
 0.6187683E+01  0.2421677E-05
 0.6207234E+01  0.2512288E-05
 0.6226784E+01  0.2567416E-05
 0.6246334E+01  0.2568993E-05
 0.6265885E+01  0.2510643E-05
 0.6285435E+01  0.2400875E-05
 0.6304985E+01  0.2260242E-05
 0.6324536E+01  0.2115264E-05
 0.6344086E+01  0.1994493E-05
 0.6363636E+01  0.1921287E-05
 0.6383187E+01  0.1907956E-05
 0.6402737E+01  0.1954272E-05
 0.6422287E+01  0.2044994E-05
 0.6441838E+01  0.2154580E-05
 0.6461388E+01  0.2252798E-05
 0.6480938E+01  0.2312535E-05
 0.6500489E+01  0.2314953E-05
 0.6520039E+01  0.2254463E-05
 0.6539589E+01  0.2139717E-05
 0.6559140E+01  0.1991965E-05
 0.6578690E+01  0.1840747E-05
 0.6598240E+01  0.1716934E-05
 0.6617791E+01  0.1645152E-05
 0.6637341E+01  0.1638294E-05
 0.6656891E+01  0.1693738E-05
 0.6676442E+01  0.1794500E-05
 0.6695992E+01  0.1913320E-05
 0.6715543E+01  0.2017532E-05
 0.6735093E+01  0.2078249E-05
 0.6754643E+01  0.2076764E-05
 0.6774194E+01  0.2007992E-05
 0.6793744E+01  0.1883018E-05
 0.6813294E+01  0.1727143E-05
 0.6832845E+01  0.1572339E-05
 0.6852395E+01  0.1450660E-05
 0.6871945E+01  0.1386914E-05
 0.6891496E+01  0.1392422E-05
 0.6911046E+01  0.1462952E-05
 0.6930596E+01  0.1577867E-05
 0.6950147E+01  0.1705712E-05
 0.6969697E+01  0.1811957E-05
 0.6989247E+01  0.1867444E-05
 0.7008798E+01  0.1854513E-05
 0.7028348E+01  0.1771745E-05
 0.7047898E+01  0.1634024E-05
 0.7067449E+01  0.1469877E-05
 0.7086999E+01  0.1314542E-05
 0.7106549E+01  0.1201413E-05
 0.7126100E+01  0.1153814E-05
 0.7145650E+01  0.1179886E-05
 0.7165200E+01  0.1270113E-05
 0.7184751E+01  0.1399378E-05
 0.7204301E+01  0.1533485E-05
 0.7223851E+01  0.1636167E-05
 0.7243402E+01  0.1679081E-05
 0.7262952E+01  0.1647504E-05
 0.7282502E+01  0.1545035E-05
 0.7302053E+01  0.1392138E-05
 0.7321603E+01  0.1221922E-05
 0.7341153E+01  0.1071735E-05
 0.7360704E+01  0.9742755E-06
 0.7380254E+01  0.9499485E-06
 0.7399804E+01  0.1001765E-05
 0.7419355E+01  0.1114482E-05
 0.7438905E+01  0.1257847E-05
 0.7458456E+01  0.1393743E-05
 0.7478006E+01  0.1485631E-05
 0.7497556E+01  0.1507683E-05
 0.7517107E+01  0.1450738E-05
 0.7536657E+01  0.1325379E-05
 0.7556207E+01  0.1158225E-05
 0.7575758E+01  0.9863292E-06
 0.7595308E+01  0.8484571E-06
 0.7614858E+01  0.7754231E-06
 0.7634409E+01  0.7824447E-06
 0.7653959E+01  0.8655168E-06
 0.7673509E+01  0.1001697E-05
 0.7693060E+01  0.1154533E-05
 0.7712610E+01  0.1284080E-05
 0.7732160E+01  0.1355776E-05
 0.7751711E+01  0.1348808E-05
 0.7771261E+01  0.1261344E-05
 0.7790811E+01  0.1111446E-05
 0.7810362E+01  0.9325082E-06
 0.7829912E+01  0.7656188E-06
 0.7849462E+01  0.6488754E-06
 0.7869013E+01  0.6081665E-06
 0.7888563E+01  0.6511632E-06
 0.7908113E+01  0.7650101E-06
 0.7927664E+01  0.9195395E-06
 0.7947214E+01  0.1074228E-05
 0.7966764E+01  0.1188391E-05
 0.7986315E+01  0.1231162E-05
 0.8005865E+01  0.1189107E-05
 0.8025415E+01  0.1069681E-05
 0.8044966E+01  0.8994693E-06
 0.8064516E+01  0.7180374E-06
 0.8084066E+01  0.5678670E-06
 0.8103617E+01  0.4838553E-06
 0.8123167E+01  0.4850150E-06
 0.8142717E+01  0.5689802E-06
 0.8162268E+01  0.7133169E-06
 0.8181818E+01  0.8805248E-06
 0.8201369E+01  0.1027213E-05
 0.8220919E+01  0.1114514E-05
 0.8240469E+01  0.1118285E-05
 0.8260020E+01  0.1035341E-05
 0.8279570E+01  0.8834988E-06
 0.8299120E+01  0.6981367E-06
 0.8318671E+01  0.5229384E-06
 0.8338221E+01  0.3993309E-06
 0.8357771E+01  0.3561667E-06
 0.8377322E+01  0.4023550E-06
 0.8396872E+01  0.5248025E-06
 0.8416422E+01  0.6912632E-06
 0.8435973E+01  0.8585675E-06
 0.8455523E+01  0.9832139E-06
 0.8475073E+01  0.1031965E-05
 0.8494624E+01  0.9903859E-06
 0.8514174E+01  0.8668811E-06
 0.8533724E+01  0.6902176E-06
 0.8553275E+01  0.5024487E-06
 0.8572825E+01  0.3483881E-06
 0.8592375E+01  0.2649836E-06
 0.8611926E+01  0.2716503E-06
 0.8631476E+01  0.3655003E-06
 0.8651026E+01  0.5218639E-06
 0.8670577E+01  0.7003211E-06
 0.8690127E+01  0.8547637E-06
 0.8709677E+01  0.9448710E-06
 0.8729228E+01  0.9465880E-06
 0.8748778E+01  0.8578543E-06
 0.8768328E+01  0.6989527E-06
 0.8787879E+01  0.5077654E-06
 0.8807429E+01  0.3308440E-06
 0.8826979E+01  0.2111870E-06
 0.8846530E+01  0.1775565E-06
 0.8866080E+01  0.2372358E-06
 0.8885630E+01  0.3742088E-06
 0.8905181E+01  0.5530196E-06
 0.8924731E+01  0.7275002E-06
 0.8944282E+01  0.8526646E-06
 0.8963832E+01  0.8957268E-06
 0.8983382E+01  0.8443157E-06
 0.9002933E+01  0.7099120E-06
 0.9022483E+01  0.5250284E-06
 0.9042033E+01  0.3347586E-06
 0.9061584E+01  0.1858332E-06
 0.9081134E+01  0.1146019E-06
 0.9100684E+01  0.1380272E-06
 0.9120235E+01  0.2495723E-06
 0.9139785E+01  0.4205991E-06
 0.9159335E+01  0.6073151E-06
 0.9178886E+01  0.7616837E-06
 0.9198436E+01  0.8439615E-06
 0.9217986E+01  0.8322572E-06
 0.9237537E+01  0.7286779E-06
 0.9257087E+01  0.5579161E-06
 0.9276637E+01  0.3620858E-06
 0.9296188E+01  0.1893870E-06
 0.9315738E+01  0.8246894E-07
 0.9335288E+01  0.6758596E-07
 0.9354839E+01  0.1479347E-06
 0.9374389E+01  0.3027176E-06
 0.9393939E+01  0.4920666E-06
 0.9413490E+01  0.6678689E-06
 0.9433040E+01  0.7847966E-06
 0.9452590E+01  0.8130054E-06
 0.9472141E+01  0.7442937E-06
 0.9491691E+01  0.5955487E-06
 0.9511241E+01  0.4032057E-06
 0.9530792E+01  0.2155228E-06
 0.9550342E+01  0.7906880E-07
 0.9569892E+01  0.2787222E-07
 0.9589443E+01  0.7430250E-07
 0.9608993E+01  0.2062557E-06
 0.9628543E+01  0.3904584E-06
 0.9648094E+01  0.5796641E-06
 0.9667644E+01  0.7261459E-06
 0.9687195E+01  0.7918116E-06
 0.9706745E+01  0.7604095E-06
 0.9726295E+01  0.6387061E-06
 0.9745846E+01  0.4578715E-06
 0.9765396E+01  0.2621211E-06
 0.9784946E+01  0.1011704E-06
 0.9804497E+01  0.1469879E-07
 0.9824047E+01  0.2468550E-07
 0.9843597E+01  0.1286070E-06
 0.9863148E+01  0.2994306E-06
 0.9882698E+01  0.4954314E-06
 0.9902248E+01  0.6642022E-06
 0.9921799E+01  0.7671209E-06
 0.9941349E+01  0.7719576E-06
 0.9960899E+01  0.6864681E-06
 0.9980450E+01  0.5184463E-06
 0.1000000E+02  0.3321075E-06
