 0.20000E+00  0.10000E+01 -0.54481E-19
 0.40000E+00  0.10000E+01  0.95432E-19
 0.60000E+00  0.10000E+01 -0.14733E-18
 0.80000E+00  0.10000E+01 -0.42461E-18
 0.10000E+01  0.99999E+00  0.27379E-18
 0.12000E+01  0.99999E+00  0.84703E-21
 0.14000E+01  0.99999E+00  0.32392E-19
 0.16000E+01  0.99999E+00 -0.64320E-18
 0.18000E+01  0.99998E+00  0.99649E-18
 0.20000E+01  0.99998E+00 -0.23874E-18
 0.22000E+01  0.99997E+00  0.12508E-17
 0.24000E+01  0.99997E+00 -0.66474E-18
 0.26000E+01  0.99996E+00 -0.93073E-18
 0.28000E+01  0.99995E+00 -0.83770E-18
 0.30000E+01  0.99995E+00  0.11084E-17
 0.32000E+01  0.99994E+00 -0.34659E-17
 0.34000E+01  0.99993E+00  0.47381E-18
 0.36000E+01  0.99992E+00 -0.75632E-18
 0.38000E+01  0.99991E+00  0.11250E-17
 0.40000E+01  0.99990E+00 -0.12049E-17
 0.42000E+01  0.99989E+00 -0.18115E-18
 0.44000E+01  0.99988E+00  0.40628E-18
 0.46000E+01  0.99987E+00 -0.24037E-17
 0.48000E+01  0.99986E+00  0.33238E-18
 0.50000E+01  0.99985E+00 -0.16921E-17
 0.52000E+01  0.99984E+00 -0.73988E-18
 0.54000E+01  0.99982E+00  0.12866E-17
 0.56000E+01  0.99981E+00  0.55798E-19
 0.58000E+01  0.99980E+00 -0.64120E-18
 0.60000E+01  0.99978E+00  0.12777E-17
 0.62000E+01  0.99977E+00 -0.31471E-17
 0.64000E+01  0.99975E+00 -0.96138E-19
 0.66000E+01  0.99974E+00 -0.20887E-17
 0.68000E+01  0.99972E+00  0.14401E-17
 0.70000E+01  0.99970E+00  0.14461E-17
 0.72000E+01  0.99969E+00 -0.58083E-18
 0.74000E+01  0.99967E+00 -0.54344E-17
 0.76000E+01  0.99965E+00  0.20643E-17
 0.78000E+01  0.99963E+00  0.14949E-17
 0.80000E+01  0.99961E+00  0.73110E-19
 0.82000E+01  0.99959E+00  0.12695E-17
 0.84000E+01  0.99957E+00  0.71429E-18
 0.86000E+01  0.99955E+00 -0.11846E-17
 0.88000E+01  0.99953E+00 -0.63284E-17
 0.90000E+01  0.99951E+00  0.10106E-18
 0.92000E+01  0.99948E+00 -0.63760E-18
 0.94000E+01  0.99946E+00 -0.18252E-17
 0.96000E+01  0.99944E+00  0.21276E-18
 0.98000E+01  0.99942E+00 -0.20387E-17
 0.10000E+02  0.99939E+00 -0.47615E-17
 0.10200E+02  0.99937E+00  0.84724E-18
 0.10400E+02  0.99934E+00 -0.90395E-17
 0.10600E+02  0.99932E+00  0.84908E-17
 0.10800E+02  0.99929E+00 -0.96615E-18
 0.11000E+02  0.99926E+00 -0.32208E-18
 0.11200E+02  0.99924E+00 -0.12466E-17
 0.11400E+02  0.99921E+00  0.20781E-17
 0.11600E+02  0.99918E+00 -0.14802E-16
 0.11800E+02  0.99915E+00  0.13755E-17
 0.12000E+02  0.99912E+00 -0.51789E-17
 0.12200E+02  0.99909E+00 -0.62660E-17
 0.12400E+02  0.99906E+00 -0.47654E-17
 0.12600E+02  0.99903E+00 -0.36729E-18
 0.12800E+02  0.99900E+00 -0.32833E-18
 0.13000E+02  0.99897E+00 -0.33868E-17
 0.13200E+02  0.99894E+00 -0.16877E-18
 0.13400E+02  0.99891E+00 -0.34664E-17
 0.13600E+02  0.99887E+00 -0.21271E-18
 0.13800E+02  0.99884E+00  0.13906E-17
 0.14000E+02  0.99881E+00  0.52165E-17
 0.14200E+02  0.99877E+00  0.29858E-18
 0.14400E+02  0.99874E+00  0.10360E-17
 0.14600E+02  0.99870E+00  0.62541E-17
 0.14800E+02  0.99867E+00 -0.88695E-18
 0.15000E+02  0.99863E+00  0.35966E-17
 0.15200E+02  0.99859E+00 -0.39988E-17
 0.15400E+02  0.99856E+00 -0.10967E-17
 0.15600E+02  0.99852E+00 -0.20649E-17
 0.15800E+02  0.99848E+00 -0.61579E-18
 0.16000E+02  0.99844E+00  0.58138E-17
 0.16200E+02  0.99840E+00 -0.53922E-17
 0.16400E+02  0.99836E+00 -0.12854E-17
 0.16600E+02  0.99832E+00  0.10317E-17
 0.16800E+02  0.99828E+00  0.78797E-17
 0.17000E+02  0.99824E+00  0.36067E-17
 0.17200E+02  0.99820E+00  0.39453E-17
 0.17400E+02  0.99816E+00 -0.56114E-17
 0.17600E+02  0.99812E+00  0.75557E-17
 0.17800E+02  0.99808E+00 -0.14485E-16
 0.18000E+02  0.99803E+00 -0.10747E-17
 0.18200E+02  0.99799E+00 -0.11726E-16
 0.18400E+02  0.99795E+00  0.15109E-17
 0.18600E+02  0.99790E+00 -0.36401E-18
 0.18800E+02  0.99786E+00 -0.41630E-17
 0.19000E+02  0.99781E+00  0.18764E-17
 0.19200E+02  0.99777E+00  0.48111E-17
 0.19400E+02  0.99772E+00 -0.11279E-16
 0.19600E+02  0.99768E+00  0.36693E-17
 0.19800E+02  0.99763E+00 -0.18097E-17
 0.20000E+02  0.99758E+00 -0.27194E-17
 0.20200E+02  0.99753E+00  0.12657E-16
 0.20400E+02  0.99749E+00  0.92763E-17
 0.20600E+02  0.99744E+00 -0.14002E-16
 0.20800E+02  0.99739E+00 -0.12861E-16
 0.21000E+02  0.99734E+00 -0.14311E-17
 0.21200E+02  0.99729E+00 -0.18293E-16
 0.21400E+02  0.99724E+00 -0.12372E-16
 0.21600E+02  0.99719E+00 -0.37905E-17
 0.21800E+02  0.99714E+00  0.42890E-17
 0.22000E+02  0.99709E+00 -0.81192E-17
 0.22200E+02  0.99704E+00 -0.22192E-17
 0.22400E+02  0.99699E+00 -0.64438E-17
 0.22600E+02  0.99694E+00 -0.71252E-17
 0.22800E+02  0.99688E+00  0.80189E-17
 0.23000E+02  0.99683E+00  0.14117E-16
 0.23200E+02  0.99678E+00  0.20524E-17
 0.23400E+02  0.99673E+00  0.67763E-19
 0.23600E+02  0.99667E+00  0.26725E-16
 0.23800E+02  0.99662E+00  0.12766E-16
 0.24000E+02  0.99657E+00  0.54540E-17
 0.24200E+02  0.99651E+00 -0.24827E-17
 0.24400E+02  0.99646E+00  0.11816E-17
 0.24600E+02  0.99640E+00 -0.10792E-16
 0.24800E+02  0.99635E+00 -0.97985E-17
 0.25000E+02  0.99629E+00 -0.56379E-17
 0.25200E+02  0.99624E+00 -0.10147E-16
 0.25400E+02  0.99618E+00 -0.84636E-17
 0.25600E+02  0.99613E+00  0.64493E-17
 0.25800E+02  0.99607E+00 -0.19181E-16
 0.26000E+02  0.99602E+00 -0.26102E-16
 0.26200E+02  0.99596E+00 -0.23473E-16
 0.26400E+02  0.99591E+00 -0.54041E-18
 0.26600E+02  0.99585E+00 -0.68796E-17
 0.26800E+02  0.99579E+00 -0.30510E-17
 0.27000E+02  0.99574E+00  0.28731E-17
 0.27200E+02  0.99568E+00  0.20939E-16
 0.27400E+02  0.99563E+00 -0.43876E-17
 0.27600E+02  0.99557E+00 -0.17944E-16
 0.27800E+02  0.99551E+00  0.71015E-17
 0.28000E+02  0.99546E+00  0.14032E-16
 0.28200E+02  0.99540E+00  0.30846E-16
 0.28400E+02  0.99534E+00 -0.27146E-16
 0.28600E+02  0.99529E+00  0.89413E-17
 0.28800E+02  0.99523E+00 -0.23480E-17
 0.29000E+02  0.99517E+00 -0.11198E-16
 0.29200E+02  0.99511E+00 -0.17278E-16
 0.29400E+02  0.99505E+00 -0.66285E-16
 0.29600E+02  0.99499E+00 -0.99872E-16
 0.29800E+02  0.99493E+00 -0.58364E-16
 0.30000E+02  0.99487E+00  0.10374E-15
 0.30200E+02  0.99480E+00  0.74302E-17
 0.30400E+02  0.99474E+00  0.13369E-15
 0.30600E+02  0.99467E+00 -0.63148E-16
 0.30800E+02  0.99461E+00  0.22671E-15
 0.31000E+02  0.99454E+00  0.33185E-15
 0.31200E+02  0.99447E+00  0.53694E-15
 0.31400E+02  0.99441E+00  0.22832E-15
 0.31600E+02  0.99435E+00  0.60556E-16
 0.31800E+02  0.99429E+00 -0.10682E-14
 0.32000E+02  0.99425E+00 -0.17659E-16
 0.32200E+02  0.99421E+00  0.91367E-15
 0.32400E+02  0.99419E+00  0.14756E-15
 0.32600E+02  0.99418E+00 -0.40233E-15
 0.32800E+02  0.99420E+00 -0.17171E-14
 0.33000E+02  0.99425E+00 -0.39889E-15
 0.33200E+02  0.99433E+00 -0.44619E-15
 0.33400E+02  0.99444E+00 -0.19764E-14
 0.33600E+02  0.99459E+00 -0.89023E-14
 0.33800E+02  0.99479E+00 -0.17324E-13
 0.34000E+02  0.99503E+00  0.66838E-14
 0.34200E+02  0.99531E+00 -0.22734E-14
 0.34400E+02  0.99562E+00 -0.44868E-14
 0.34600E+02  0.99596E+00  0.57372E-14
 0.34800E+02  0.99631E+00  0.37461E-14
 0.35000E+02  0.99665E+00 -0.14467E-14
 0.35200E+02  0.99694E+00 -0.39254E-13
 0.35400E+02  0.99716E+00 -0.33413E-13
 0.35600E+02  0.99726E+00 -0.43015E-13
 0.35800E+02  0.99719E+00  0.79557E-13
 0.36000E+02  0.99690E+00 -0.98428E-13
 0.36200E+02  0.99633E+00 -0.56460E-13
 0.36400E+02  0.99542E+00  0.14824E-13
 0.36600E+02  0.99412E+00 -0.95078E-13
 0.36800E+02  0.99237E+00 -0.28387E-14
 0.37000E+02  0.99013E+00  0.30329E-12
 0.37200E+02  0.98739E+00  0.15369E-13
 0.37400E+02  0.98414E+00 -0.86304E-13
 0.37600E+02  0.98042E+00  0.97259E-13
 0.37800E+02  0.97629E+00  0.20768E-13
 0.38000E+02  0.97186E+00  0.15554E-12
 0.38200E+02  0.96729E+00  0.20271E-13
 0.38400E+02  0.96279E+00  0.77960E-13
 0.38600E+02  0.95861E+00 -0.82337E-12
 0.38800E+02  0.95506E+00 -0.27566E-12
 0.39000E+02  0.95248E+00  0.10856E-11
 0.39200E+02  0.95127E+00  0.13891E-11
 0.39400E+02  0.95184E+00  0.66977E-13
 0.39600E+02  0.95461E+00 -0.58215E-13
 0.39800E+02  0.96000E+00 -0.11940E-11
 0.40000E+02  0.96841E+00 -0.16603E-11
 0.40200E+02  0.98018E+00  0.26639E-12
 0.40400E+02  0.99558E+00  0.29975E-11
 0.40600E+02  0.10148E+01  0.18222E-11
 0.40800E+02  0.10378E+01 -0.11606E-11
 0.41000E+02  0.10646E+01 -0.13153E-12
 0.41200E+02  0.10949E+01 -0.91645E-11
 0.41400E+02  0.11282E+01 -0.21533E-12
 0.41600E+02  0.11639E+01 -0.65524E-12
 0.41800E+02  0.12012E+01  0.27445E-11
 0.42000E+02  0.12391E+01  0.72767E-12
 0.42200E+02  0.12763E+01  0.73952E-11
 0.42400E+02  0.13117E+01  0.15423E-11
 0.42600E+02  0.13436E+01 -0.81822E-11
 0.42800E+02  0.13707E+01  0.12356E-10
 0.43000E+02  0.13914E+01  0.76865E-11
 0.43200E+02  0.14043E+01 -0.87395E-11
 0.43400E+02  0.14081E+01 -0.16632E-10
 0.43600E+02  0.14019E+01 -0.21357E-10
 0.43800E+02  0.13849E+01  0.95073E-11
 0.44000E+02  0.13568E+01 -0.66978E-12
 0.44200E+02  0.13178E+01  0.44102E-10
 0.44400E+02  0.12688E+01  0.50643E-10
 0.44600E+02  0.12109E+01 -0.14487E-11
 0.44800E+02  0.11462E+01  0.13282E-10
 0.45000E+02  0.10773E+01  0.38527E-10
 0.45200E+02  0.10074E+01  0.13794E-10
 0.45400E+02  0.94005E+00  0.60529E-10
 0.45600E+02  0.87955E+00 -0.18265E-10
 0.45800E+02  0.83044E+00 -0.15222E-10
 0.46000E+02  0.79754E+00 -0.14814E-10
 0.46200E+02  0.78584E+00 -0.91619E-11
 0.46400E+02  0.80036E+00  0.13801E-09
 0.46600E+02  0.84607E+00 -0.58267E-11
 0.46800E+02  0.92772E+00 -0.63263E-10
 0.47000E+02  0.10498E+01 -0.19776E-09
 0.47200E+02  0.12163E+01 -0.24917E-10
 0.47400E+02  0.14309E+01  0.12799E-09
 0.47600E+02  0.16965E+01 -0.10858E-09
 0.47800E+02  0.20154E+01 -0.24832E-10
 0.48000E+02  0.23889E+01 -0.63706E-10
 0.48200E+02  0.28176E+01  0.49875E-09
 0.48400E+02  0.33010E+01 -0.74982E-10
 0.48600E+02  0.38374E+01  0.24582E-09
 0.48800E+02  0.44239E+01 -0.49444E-10
 0.49000E+02  0.50564E+01  0.52737E-10
 0.49200E+02  0.57293E+01 -0.13380E-09
 0.49400E+02  0.64360E+01  0.37760E-09
 0.49600E+02  0.71684E+01  0.31663E-09
 0.49800E+02  0.79177E+01  0.13021E-09
 0.50000E+02  0.86742E+01  0.45209E-09
 0.50200E+02  0.94275E+01 -0.12098E-08
 0.50400E+02  0.10167E+02  0.10200E-08
 0.50600E+02  0.10884E+02  0.18715E-09
 0.50800E+02  0.11568E+02  0.29420E-09
 0.51000E+02  0.12211E+02 -0.38404E-09
 0.51200E+02  0.12807E+02  0.40654E-09
 0.51400E+02  0.13352E+02 -0.20428E-09
 0.51600E+02  0.13843E+02 -0.39676E-09
 0.51800E+02  0.14281E+02 -0.61189E-09
 0.52000E+02  0.14670E+02  0.82453E-10
 0.52200E+02  0.15014E+02  0.11808E-08
 0.52400E+02  0.15321E+02  0.24432E-10
 0.52600E+02  0.15602E+02  0.16678E-08
 0.52800E+02  0.15869E+02 -0.20232E-09
 0.53000E+02  0.16135E+02  0.68533E-10
 0.53200E+02  0.16414E+02  0.29295E-09
 0.53400E+02  0.16724E+02  0.24359E-08
 0.53600E+02  0.17079E+02 -0.29553E-08
 0.53800E+02  0.17498E+02  0.31487E-08
 0.54000E+02  0.17997E+02  0.14213E-08
 0.54200E+02  0.18593E+02  0.14083E-08
 0.54400E+02  0.19304E+02 -0.14964E-09
 0.54600E+02  0.20148E+02 -0.28501E-08
 0.54800E+02  0.21140E+02  0.94870E-10
 0.55000E+02  0.22299E+02  0.11153E-08
 0.55200E+02  0.23638E+02  0.14849E-08
 0.55400E+02  0.25173E+02  0.14157E-11
 0.55600E+02  0.26917E+02  0.77506E-09
 0.55800E+02  0.28880E+02 -0.60711E-09
 0.56000E+02  0.31070E+02  0.13954E-09
 0.56200E+02  0.33492E+02  0.35984E-08
 0.56400E+02  0.36144E+02 -0.29360E-08
 0.56600E+02  0.39021E+02 -0.16944E-08
 0.56800E+02  0.42111E+02  0.61133E-08
 0.57000E+02  0.45395E+02 -0.61878E-08
 0.57200E+02  0.48850E+02  0.51200E-08
 0.57400E+02  0.52442E+02 -0.44127E-08
 0.57600E+02  0.56134E+02  0.36224E-08
 0.57800E+02  0.59881E+02  0.73836E-08
 0.58000E+02  0.63634E+02  0.90781E-09
 0.58200E+02  0.67341E+02 -0.63743E-09
 0.58400E+02  0.70949E+02 -0.21180E-08
 0.58600E+02  0.74403E+02  0.48384E-08
 0.58800E+02  0.77653E+02  0.24273E-08
 0.59000E+02  0.80653E+02  0.80791E-08
 0.59200E+02  0.83363E+02 -0.29333E-08
 0.59400E+02  0.85752E+02  0.14243E-07
 0.59600E+02  0.87799E+02  0.31424E-08
 0.59800E+02  0.89492E+02  0.42594E-08
 0.60000E+02  0.90833E+02 -0.32125E-08
 0.60200E+02  0.91834E+02 -0.48451E-08
 0.60400E+02  0.92517E+02  0.30097E-09
 0.60600E+02  0.92916E+02 -0.22916E-08
 0.60800E+02  0.93072E+02 -0.12065E-07
 0.61000E+02  0.93035E+02 -0.36873E-08
 0.61200E+02  0.92859E+02  0.30762E-08
 0.61400E+02  0.92605E+02 -0.13238E-08
 0.61600E+02  0.92333E+02  0.16277E-08
 0.61800E+02  0.92106E+02  0.42679E-08
 0.62000E+02  0.91986E+02  0.26666E-08
 0.62200E+02  0.92034E+02 -0.38456E-08
 0.62400E+02  0.92307E+02 -0.20250E-08
 0.62600E+02  0.92860E+02  0.37881E-08
 0.62800E+02  0.93743E+02  0.50660E-08
 0.63000E+02  0.95001E+02 -0.16445E-08
 0.63200E+02  0.96676E+02 -0.44626E-08
 0.63400E+02  0.98803E+02 -0.19469E-08
 0.63600E+02  0.10141E+03  0.15962E-08
 0.63800E+02  0.10452E+03  0.61882E-08
 0.64000E+02  0.10814E+03 -0.74657E-08
 0.64200E+02  0.11229E+03 -0.48046E-08
 0.64400E+02  0.11696E+03 -0.73644E-09
 0.64600E+02  0.12214E+03 -0.13988E-07
 0.64800E+02  0.12780E+03 -0.10701E-07
 0.65000E+02  0.13391E+03 -0.35689E-08
 0.65200E+02  0.14041E+03 -0.13363E-07
 0.65400E+02  0.14726E+03  0.46172E-08
 0.65600E+02  0.15437E+03  0.21622E-08
 0.65800E+02  0.16166E+03  0.89069E-08
 0.66000E+02  0.16902E+03 -0.20525E-07
 0.66200E+02  0.17635E+03 -0.10053E-07
 0.66400E+02  0.18354E+03  0.22322E-07
 0.66600E+02  0.19044E+03  0.10738E-08
 0.66800E+02  0.19695E+03 -0.16698E-07
 0.67000E+02  0.20294E+03  0.92050E-08
 0.67200E+02  0.20829E+03  0.41262E-07
 0.67400E+02  0.21289E+03 -0.33626E-07
 0.67600E+02  0.21664E+03  0.17417E-08
 0.67800E+02  0.21947E+03 -0.21384E-07
 0.68000E+02  0.22132E+03 -0.16554E-07
 0.68200E+02  0.22216E+03  0.17608E-07
 0.68400E+02  0.22196E+03  0.63202E-08
 0.68600E+02  0.22076E+03  0.52872E-08
 0.68800E+02  0.21858E+03  0.10226E-07
 0.69000E+02  0.21549E+03  0.12981E-07
 0.69200E+02  0.21156E+03  0.18654E-07
 0.69400E+02  0.20691E+03  0.83689E-08
 0.69600E+02  0.20163E+03  0.15462E-07
 0.69800E+02  0.19586E+03 -0.13415E-08
 0.70000E+02  0.18973E+03 -0.18321E-07
 0.70200E+02  0.18338E+03  0.12568E-07
 0.70400E+02  0.17694E+03 -0.41729E-09
 0.70600E+02  0.17054E+03 -0.77947E-08
 0.70800E+02  0.16432E+03  0.76859E-08
 0.71000E+02  0.15839E+03  0.18561E-08
 0.71200E+02  0.15287E+03  0.61066E-08
 0.71400E+02  0.14786E+03 -0.53503E-08
 0.71600E+02  0.14346E+03  0.96070E-09
 0.71800E+02  0.13973E+03  0.52025E-08
 0.72000E+02  0.13676E+03  0.11055E-08
 0.72200E+02  0.13460E+03  0.38830E-08
 0.72400E+02  0.13331E+03 -0.61735E-09
 0.72600E+02  0.13292E+03  0.56362E-08
 0.72800E+02  0.13347E+03  0.95101E-08
 0.73000E+02  0.13499E+03  0.21603E-08
 0.73200E+02  0.13749E+03  0.67854E-09
 0.73400E+02  0.14099E+03  0.51140E-08
 0.73600E+02  0.14547E+03  0.93564E-08
 0.73800E+02  0.15094E+03  0.59336E-08
 0.74000E+02  0.15736E+03 -0.73470E-09
 0.74200E+02  0.16471E+03  0.86525E-08
 0.74400E+02  0.17295E+03 -0.33975E-08
 0.74600E+02  0.18200E+03 -0.12918E-07
 0.74800E+02  0.19181E+03  0.14265E-07
 0.75000E+02  0.20227E+03  0.15519E-07
 0.75200E+02  0.21327E+03  0.14077E-07
 0.75400E+02  0.22469E+03  0.16897E-07
 0.75600E+02  0.23639E+03  0.16130E-07
 0.75800E+02  0.24820E+03  0.37899E-08
 0.76000E+02  0.25994E+03  0.40583E-07
 0.76200E+02  0.27144E+03  0.14761E-07
 0.76400E+02  0.28248E+03  0.78241E-08
 0.76600E+02  0.29287E+03 -0.10222E-07
 0.76800E+02  0.30241E+03  0.33875E-07
 0.77000E+02  0.31089E+03 -0.74822E-08
 0.77200E+02  0.31813E+03 -0.27628E-07
 0.77400E+02  0.32396E+03  0.21937E-08
 0.77600E+02  0.32822E+03 -0.26984E-07
 0.77800E+02  0.33079E+03  0.11443E-07
 0.78000E+02  0.33158E+03 -0.63912E-07
 0.78200E+02  0.33053E+03  0.41460E-07
 0.78400E+02  0.32763E+03 -0.16746E-07
 0.78600E+02  0.32288E+03 -0.24886E-07
 0.78800E+02  0.31636E+03 -0.36262E-07
 0.79000E+02  0.30814E+03 -0.55101E-07
 0.79200E+02  0.29837E+03  0.92602E-09
 0.79400E+02  0.28719E+03  0.57170E-08
 0.79600E+02  0.27478E+03  0.15451E-07
 0.79800E+02  0.26135E+03  0.10292E-07
 0.80000E+02  0.24711E+03  0.29252E-08
 0.80200E+02  0.23228E+03  0.10137E-07
 0.80400E+02  0.21707E+03  0.31241E-07
 0.80600E+02  0.20169E+03 -0.11986E-07
 0.80800E+02  0.18635E+03  0.91325E-10
 0.81000E+02  0.17123E+03 -0.24004E-07
 0.81200E+02  0.15650E+03 -0.17533E-08
 0.81400E+02  0.14231E+03 -0.17588E-08
 0.81600E+02  0.12877E+03 -0.12343E-07
 0.81800E+02  0.11599E+03 -0.30630E-08
 0.82000E+02  0.10404E+03  0.44535E-08
 0.82200E+02  0.92979E+02 -0.65670E-08
 0.82400E+02  0.82846E+02 -0.11130E-08
 0.82600E+02  0.73656E+02 -0.15143E-08
 0.82800E+02  0.65412E+02 -0.15143E-08
 0.83000E+02  0.58104E+02 -0.27702E-09
 0.83200E+02  0.51711E+02  0.61602E-09
 0.83400E+02  0.46204E+02  0.56867E-09
 0.83600E+02  0.41549E+02 -0.22574E-09
 0.83800E+02  0.37706E+02 -0.21676E-09
 0.84000E+02  0.34635E+02  0.12107E-09
 0.84200E+02  0.32292E+02  0.14219E-09
 0.84400E+02  0.30636E+02  0.51996E-10
 0.84600E+02  0.29623E+02  0.15484E-10
 0.84800E+02  0.29212E+02  0.32374E-11
 0.85000E+02  0.29361E+02  0.59693E-12
 0.85200E+02  0.30029E+02  0.14819E-10
 0.85400E+02  0.31174E+02 -0.10971E-09
 0.85600E+02  0.32753E+02 -0.32384E-09
 0.85800E+02  0.34724E+02 -0.40589E-09
 0.86000E+02  0.37039E+02  0.91024E-09
 0.86200E+02  0.39649E+02 -0.42869E-09
 0.86400E+02  0.42504E+02 -0.84377E-09
 0.86600E+02  0.45546E+02 -0.27848E-09
 0.86800E+02  0.48716E+02  0.19183E-09
 0.87000E+02  0.51953E+02 -0.25755E-09
 0.87200E+02  0.55191E+02  0.25172E-10
 0.87400E+02  0.58361E+02  0.26069E-08
 0.87600E+02  0.61396E+02 -0.25903E-08
 0.87800E+02  0.64227E+02  0.34147E-08
 0.88000E+02  0.66787E+02  0.14408E-08
 0.88200E+02  0.69013E+02 -0.39345E-08
 0.88400E+02  0.70847E+02 -0.23833E-08
 0.88600E+02  0.72239E+02 -0.25667E-08
 0.88800E+02  0.73146E+02  0.90874E-09
 0.89000E+02  0.73538E+02  0.18847E-09
 0.89200E+02  0.73393E+02 -0.31286E-08
 0.89400E+02  0.72705E+02  0.38838E-08
 0.89600E+02  0.71479E+02  0.15255E-08
 0.89800E+02  0.69732E+02  0.67018E-09
 0.90000E+02  0.67496E+02  0.22908E-08
 0.90200E+02  0.64813E+02 -0.18681E-08
 0.90400E+02  0.61733E+02 -0.84676E-08
 0.90600E+02  0.58318E+02 -0.13070E-08
 0.90800E+02  0.54634E+02 -0.19598E-09
 0.91000E+02  0.50751E+02 -0.89225E-09
 0.91200E+02  0.46740E+02  0.19617E-09
 0.91400E+02  0.42675E+02 -0.33985E-08
 0.91600E+02  0.38622E+02 -0.85554E-09
 0.91800E+02  0.34646E+02  0.38887E-08
 0.92000E+02  0.30806E+02 -0.35653E-09
 0.92200E+02  0.27151E+02 -0.48753E-09
 0.92400E+02  0.23724E+02  0.25540E-08
 0.92600E+02  0.20558E+02  0.18493E-08
 0.92800E+02  0.17678E+02  0.11607E-09
 0.93000E+02  0.15099E+02  0.21889E-08
 0.93200E+02  0.12832E+02  0.21828E-08
 0.93400E+02  0.10876E+02 -0.19400E-08
 0.93600E+02  0.92279E+01  0.11222E-08
 0.93800E+02  0.78773E+01 -0.11751E-08
 0.94000E+02  0.68114E+01  0.13992E-08
 0.94200E+02  0.60149E+01 -0.15060E-10
 0.94400E+02  0.54713E+01 -0.34302E-10
 0.94600E+02  0.51641E+01  0.11144E-09
 0.94800E+02  0.50780E+01  0.79726E-09
 0.95000E+02  0.51995E+01  0.59261E-09
 0.95200E+02  0.55179E+01  0.21769E-09
 0.95400E+02  0.60260E+01 -0.46965E-09
 0.95600E+02  0.67203E+01  0.36504E-09
 0.95800E+02  0.76017E+01 -0.68407E-09
 0.96000E+02  0.86755E+01 -0.50946E-09
 0.96200E+02  0.99512E+01 -0.88111E-09
 0.96400E+02  0.11443E+02  0.15257E-08
 0.96600E+02  0.13170E+02 -0.93679E-09
 0.96800E+02  0.15154E+02 -0.11866E-09
 0.97000E+02  0.17421E+02  0.29746E-09
 0.97200E+02  0.20001E+02  0.14773E-08
 0.97400E+02  0.22923E+02  0.96717E-09
 0.97600E+02  0.26221E+02  0.80724E-09
 0.97800E+02  0.29929E+02  0.13820E-08
 0.98000E+02  0.34077E+02 -0.21187E-09
 0.98200E+02  0.38697E+02 -0.52397E-09
 0.98400E+02  0.43815E+02  0.30129E-09
 0.98600E+02  0.49454E+02  0.15300E-08
 0.98800E+02  0.55629E+02  0.22228E-08
 0.99000E+02  0.62349E+02 -0.10058E-07
 0.99200E+02  0.69612E+02 -0.64813E-08
 0.99400E+02  0.77404E+02 -0.38415E-08
 0.99600E+02  0.85702E+02  0.16045E-08
 0.99800E+02  0.94467E+02 -0.15494E-08
 0.10000E+03  0.10365E+03 -0.59387E-08
