 0.2676476E+01 -0.3896033E-02  0.1022127E-01
 0.2370295E+01 -0.6591577E-02  0.1673985E-01
 0.2117113E+01  0.8907554E-02 -0.1957845E-01
 0.1909922E+01  0.4609723E-01 -0.1036768E+00
 0.1742525E+01 -0.7934156E+00 -0.5951424E+00
 0.1609882E+01 -0.1585146E+02 -0.3360924E+01
 0.1508281E+01 -0.2115996E+03 -0.2753091E+02
 0.1435283E+01 -0.1444041E+04 -0.5266442E+03
 0.1389455E+01 -0.3000777E+04 -0.3534183E+04
 0.1369945E+01  0.2062411E+04 -0.3995482E+04
 0.1375980E+01  0.3770833E+04  0.4107194E+04
 0.1406434E+01 -0.3160104E+03  0.3825567E+04
 0.1459548E+01 -0.5692957E+03  0.8775886E+03
 0.1532889E+01 -0.1303933E+03  0.9395022E+02
 0.1623506E+01 -0.1674191E+02  0.4856984E+01
 0.1728203E+01 -0.1308150E+01 -0.1115881E+00
