 0.10000E+00  0.10000E+01 -0.10468E-19
 0.20000E+00  0.10000E+01  0.12926E-19
 0.30000E+00  0.10000E+01 -0.23472E-19
 0.40000E+00  0.10000E+01  0.95098E-19
 0.50000E+00  0.10000E+01  0.15295E-18
 0.60000E+00  0.10000E+01  0.41114E-19
 0.70000E+00  0.10000E+01 -0.73756E-19
 0.80000E+00  0.10000E+01  0.11438E-18
 0.90000E+00  0.10000E+01  0.89404E-19
 0.10000E+01  0.10000E+01 -0.29052E-18
 0.11000E+01  0.10000E+01  0.24850E-18
 0.12000E+01  0.10000E+01  0.44468E-19
 0.13000E+01  0.10000E+01  0.16695E-19
 0.14000E+01  0.10000E+01  0.72467E-19
 0.15000E+01  0.10000E+01 -0.12698E-18
 0.16000E+01  0.10000E+01 -0.72213E-18
 0.17000E+01  0.10000E+01  0.23118E-18
 0.18000E+01  0.10000E+01 -0.39145E-18
 0.19000E+01  0.10000E+01 -0.30103E-18
 0.20000E+01  0.10000E+01 -0.47181E-19
 0.21000E+01  0.10000E+01  0.39260E-18
 0.22000E+01  0.10000E+01 -0.10836E-18
 0.23000E+01  0.10000E+01 -0.52378E-18
 0.24000E+01  0.10000E+01 -0.15034E-18
 0.25000E+01  0.10000E+01  0.28848E-18
 0.26000E+01  0.10000E+01  0.12133E-18
 0.27000E+01  0.10000E+01  0.35236E-18
 0.28000E+01  0.10000E+01 -0.25773E-18
 0.29000E+01  0.10000E+01  0.26159E-18
 0.30000E+01  0.10000E+01  0.20345E-19
 0.31000E+01  0.10000E+01 -0.46880E-18
 0.32000E+01  0.10000E+01 -0.29206E-18
 0.33000E+01  0.10000E+01 -0.27625E-18
 0.34000E+01  0.10000E+01 -0.38867E-18
 0.35000E+01  0.10000E+01  0.48300E-18
 0.36000E+01  0.10000E+01  0.67621E-18
 0.37000E+01  0.10000E+01 -0.52133E-18
 0.38000E+01  0.10000E+01 -0.13251E-17
 0.39000E+01  0.10000E+01 -0.10198E-17
 0.40000E+01  0.10000E+01 -0.53595E-18
 0.41000E+01  0.10000E+01 -0.13388E-17
 0.42000E+01  0.10000E+01  0.41165E-18
 0.43000E+01  0.10000E+01 -0.10273E-18
 0.44000E+01  0.10000E+01  0.45781E-19
 0.45000E+01  0.10000E+01 -0.47745E-18
 0.46000E+01  0.10000E+01  0.12863E-17
 0.47000E+01  0.10000E+01  0.20978E-18
 0.48000E+01  0.10000E+01 -0.89094E-18
 0.49000E+01  0.10000E+01 -0.15713E-18
 0.50000E+01  0.10000E+01 -0.17139E-17
 0.51000E+01  0.10000E+01  0.53877E-18
 0.52000E+01  0.10000E+01  0.12814E-17
 0.53000E+01  0.10000E+01  0.59720E-18
 0.54000E+01  0.10000E+01 -0.18676E-17
 0.55000E+01  0.10000E+01 -0.12668E-17
 0.56000E+01  0.10000E+01 -0.35320E-17
 0.57000E+01  0.10000E+01  0.26308E-18
 0.58000E+01  0.10000E+01  0.48133E-18
 0.59000E+01  0.10000E+01 -0.19476E-17
 0.60000E+01  0.10000E+01  0.48666E-19
 0.61000E+01  0.10000E+01 -0.85276E-18
 0.62000E+01  0.10000E+01  0.20288E-18
 0.63000E+01  0.10000E+01 -0.30246E-17
 0.64000E+01  0.10000E+01  0.18059E-17
 0.65000E+01  0.10000E+01  0.15145E-17
 0.66000E+01  0.10000E+01 -0.17709E-17
 0.67000E+01  0.10000E+01  0.12112E-17
 0.68000E+01  0.10000E+01  0.13242E-17
 0.69000E+01  0.10000E+01  0.12699E-17
 0.70000E+01  0.10000E+01  0.30537E-17
 0.71000E+01  0.10000E+01  0.19593E-17
 0.72000E+01  0.10000E+01  0.13466E-17
 0.73000E+01  0.10000E+01  0.19063E-18
 0.74000E+01  0.10000E+01  0.53901E-18
 0.75000E+01  0.10000E+01  0.49192E-18
 0.76000E+01  0.10000E+01  0.51877E-18
 0.77000E+01  0.10000E+01  0.17225E-17
 0.78000E+01  0.10000E+01  0.25330E-17
 0.79000E+01  0.10000E+01 -0.18805E-18
 0.80000E+01  0.10000E+01 -0.24429E-17
 0.81000E+01  0.10000E+01  0.49918E-18
 0.82000E+01  0.10000E+01 -0.11716E-17
 0.83000E+01  0.10000E+01  0.40945E-18
 0.84000E+01  0.10000E+01  0.19863E-17
 0.85000E+01  0.10000E+01  0.14457E-17
 0.86000E+01  0.10000E+01 -0.22086E-17
 0.87000E+01  0.10000E+01 -0.37984E-17
 0.88000E+01  0.10000E+01  0.18308E-17
 0.89000E+01  0.10000E+01 -0.10646E-17
 0.90000E+01  0.10000E+01 -0.17336E-17
 0.91000E+01  0.10000E+01 -0.86498E-18
 0.92000E+01  0.10000E+01 -0.11570E-17
 0.93000E+01  0.10000E+01 -0.28140E-17
 0.94000E+01  0.10000E+01  0.44535E-20
 0.95000E+01  0.10000E+01  0.11319E-18
 0.96000E+01  0.10000E+01 -0.15874E-17
 0.97000E+01  0.10000E+01 -0.10321E-17
 0.98000E+01  0.10000E+01 -0.95072E-18
 0.99000E+01  0.10000E+01  0.22092E-17
 0.10000E+02  0.10000E+01 -0.13579E-17
 0.10100E+02  0.10000E+01  0.20309E-17
 0.10200E+02  0.10000E+01  0.17254E-17
 0.10300E+02  0.10000E+01 -0.22959E-17
 0.10400E+02  0.10000E+01 -0.67585E-18
 0.10500E+02  0.10000E+01 -0.28825E-17
 0.10600E+02  0.10000E+01 -0.19306E-17
 0.10700E+02  0.10000E+01  0.20313E-17
 0.10800E+02  0.10001E+01 -0.13306E-17
 0.10900E+02  0.10001E+01 -0.23863E-18
 0.11000E+02  0.10001E+01  0.13331E-17
 0.11100E+02  0.10001E+01  0.18251E-17
 0.11200E+02  0.10001E+01  0.11204E-17
 0.11300E+02  0.10001E+01 -0.74509E-18
 0.11400E+02  0.10001E+01  0.16675E-17
 0.11500E+02  0.10001E+01 -0.10734E-17
 0.11600E+02  0.10001E+01 -0.35867E-18
 0.11700E+02  0.10001E+01  0.31078E-18
 0.11800E+02  0.10001E+01  0.74033E-18
 0.11900E+02  0.10001E+01  0.10282E-17
 0.12000E+02  0.10001E+01  0.16322E-17
 0.12100E+02  0.10001E+01 -0.27715E-17
 0.12200E+02  0.10001E+01 -0.11407E-18
 0.12300E+02  0.10001E+01 -0.11931E-17
 0.12400E+02  0.10001E+01  0.31988E-17
 0.12500E+02  0.10001E+01 -0.52100E-18
 0.12600E+02  0.10001E+01 -0.43874E-17
 0.12700E+02  0.10001E+01 -0.35164E-18
 0.12800E+02  0.10001E+01 -0.34801E-17
 0.12900E+02  0.10001E+01 -0.21417E-17
 0.13000E+02  0.10001E+01 -0.22631E-17
 0.13100E+02  0.10001E+01 -0.12505E-17
 0.13200E+02  0.10001E+01 -0.65044E-18
 0.13300E+02  0.10001E+01 -0.75111E-18
 0.13400E+02  0.10001E+01 -0.81327E-18
 0.13500E+02  0.10001E+01  0.31284E-17
 0.13600E+02  0.10001E+01 -0.23500E-18
 0.13700E+02  0.10001E+01 -0.49472E-17
 0.13800E+02  0.10001E+01  0.10052E-17
 0.13900E+02  0.10001E+01  0.28159E-18
 0.14000E+02  0.10001E+01 -0.19063E-18
 0.14100E+02  0.10001E+01  0.23131E-17
 0.14200E+02  0.10001E+01  0.16811E-17
 0.14300E+02  0.10001E+01  0.47386E-17
 0.14400E+02  0.10001E+01 -0.31206E-17
 0.14500E+02  0.10001E+01  0.41882E-17
 0.14600E+02  0.10001E+01 -0.21023E-17
 0.14700E+02  0.10001E+01  0.20727E-17
 0.14800E+02  0.10001E+01  0.28029E-17
 0.14900E+02  0.10001E+01 -0.67646E-17
 0.15000E+02  0.10001E+01 -0.36262E-17
 0.15100E+02  0.10001E+01 -0.29010E-17
 0.15200E+02  0.10001E+01 -0.21163E-17
 0.15300E+02  0.10001E+01  0.54759E-17
 0.15400E+02  0.10001E+01 -0.88664E-18
 0.15500E+02  0.10001E+01  0.28087E-18
 0.15600E+02  0.10001E+01  0.24555E-17
 0.15700E+02  0.10001E+01 -0.36750E-17
 0.15800E+02  0.10001E+01  0.36463E-17
 0.15900E+02  0.10001E+01 -0.43948E-17
 0.16000E+02  0.10001E+01  0.14185E-17
 0.16100E+02  0.10001E+01  0.76931E-17
 0.16200E+02  0.10001E+01 -0.45129E-18
 0.16300E+02  0.10001E+01  0.23940E-17
 0.16400E+02  0.10001E+01  0.42065E-17
 0.16500E+02  0.10001E+01  0.27122E-17
 0.16600E+02  0.10001E+01 -0.37827E-18
 0.16700E+02  0.10001E+01 -0.56930E-19
 0.16800E+02  0.10001E+01  0.25433E-17
 0.16900E+02  0.10001E+01 -0.58335E-17
 0.17000E+02  0.10001E+01  0.20898E-17
 0.17100E+02  0.10001E+01  0.31923E-17
 0.17200E+02  0.10001E+01 -0.54244E-17
 0.17300E+02  0.10001E+01  0.16189E-17
 0.17400E+02  0.10001E+01 -0.18836E-17
 0.17500E+02  0.10001E+01 -0.22147E-17
 0.17600E+02  0.10001E+01  0.15217E-17
 0.17700E+02  0.10001E+01 -0.23767E-17
 0.17800E+02  0.10001E+01  0.11637E-17
 0.17900E+02  0.10001E+01  0.12203E-17
 0.18000E+02  0.10001E+01  0.25957E-17
 0.18100E+02  0.10001E+01 -0.91443E-18
 0.18200E+02  0.10001E+01 -0.46852E-17
 0.18300E+02  0.10001E+01  0.86769E-18
 0.18400E+02  0.10001E+01 -0.27909E-17
 0.18500E+02  0.10001E+01 -0.82584E-18
 0.18600E+02  0.10001E+01  0.47390E-17
 0.18700E+02  0.10001E+01 -0.73862E-17
 0.18800E+02  0.10001E+01 -0.40959E-18
 0.18900E+02  0.10001E+01 -0.32126E-17
 0.19000E+02  0.10001E+01 -0.22950E-17
 0.19100E+02  0.10002E+01  0.39124E-17
 0.19200E+02  0.10002E+01  0.23997E-17
 0.19300E+02  0.10002E+01 -0.10245E-16
 0.19400E+02  0.10002E+01  0.19759E-17
 0.19500E+02  0.10002E+01 -0.33123E-18
 0.19600E+02  0.10002E+01  0.16651E-18
 0.19700E+02  0.10002E+01  0.14641E-17
 0.19800E+02  0.10002E+01 -0.15574E-17
 0.19900E+02  0.10002E+01  0.23546E-17
 0.20000E+02  0.10002E+01  0.18824E-17
 0.20100E+02  0.10002E+01 -0.49792E-17
 0.20200E+02  0.10002E+01 -0.11885E-17
 0.20300E+02  0.10002E+01 -0.61176E-17
 0.20400E+02  0.10002E+01 -0.18236E-17
 0.20500E+02  0.10002E+01 -0.11909E-17
 0.20600E+02  0.10002E+01  0.39638E-20
 0.20700E+02  0.10002E+01 -0.22191E-17
 0.20800E+02  0.10002E+01 -0.24674E-17
 0.20900E+02  0.10002E+01  0.31168E-17
 0.21000E+02  0.10002E+01  0.26505E-17
 0.21100E+02  0.10002E+01 -0.14504E-17
 0.21200E+02  0.10002E+01 -0.52437E-17
 0.21300E+02  0.10002E+01 -0.57417E-17
 0.21400E+02  0.10002E+01  0.39443E-17
 0.21500E+02  0.10002E+01 -0.50534E-17
 0.21600E+02  0.10002E+01  0.20610E-17
 0.21700E+02  0.10002E+01  0.58341E-18
 0.21800E+02  0.10002E+01 -0.18511E-17
 0.21900E+02  0.10002E+01 -0.65305E-18
 0.22000E+02  0.10002E+01 -0.25667E-18
 0.22100E+02  0.10002E+01  0.28400E-17
 0.22200E+02  0.10002E+01  0.41045E-17
 0.22300E+02  0.10002E+01 -0.82232E-18
 0.22400E+02  0.10002E+01 -0.39312E-17
 0.22500E+02  0.10002E+01 -0.14934E-18
 0.22600E+02  0.10002E+01  0.34723E-18
 0.22700E+02  0.10002E+01 -0.24542E-17
 0.22800E+02  0.10002E+01 -0.38918E-17
 0.22900E+02  0.10002E+01 -0.37687E-17
 0.23000E+02  0.10002E+01 -0.27905E-17
 0.23100E+02  0.10002E+01  0.20187E-17
 0.23200E+02  0.10002E+01  0.57762E-17
 0.23300E+02  0.10002E+01  0.79069E-17
 0.23400E+02  0.10002E+01 -0.15719E-17
 0.23500E+02  0.10002E+01  0.87640E-17
 0.23600E+02  0.10002E+01  0.61676E-18
 0.23700E+02  0.10002E+01 -0.59490E-17
 0.23800E+02  0.10002E+01 -0.31149E-18
 0.23900E+02  0.10002E+01  0.34761E-17
 0.24000E+02  0.10002E+01 -0.90397E-17
 0.24100E+02  0.10002E+01  0.74082E-17
 0.24200E+02  0.10002E+01 -0.65233E-17
 0.24300E+02  0.10002E+01 -0.47157E-17
 0.24400E+02  0.10002E+01  0.11306E-17
 0.24500E+02  0.10002E+01  0.97744E-18
 0.24600E+02  0.10002E+01  0.19291E-17
 0.24700E+02  0.10002E+01  0.43985E-17
 0.24800E+02  0.10002E+01  0.44243E-17
 0.24900E+02  0.10003E+01  0.33094E-17
 0.25000E+02  0.10003E+01  0.57716E-17
 0.25100E+02  0.10003E+01  0.74559E-18
 0.25200E+02  0.10003E+01 -0.86683E-17
 0.25300E+02  0.10003E+01  0.25225E-17
 0.25400E+02  0.10003E+01  0.54685E-17
 0.25500E+02  0.10003E+01 -0.34808E-17
 0.25600E+02  0.10003E+01  0.56501E-18
 0.25700E+02  0.10003E+01 -0.57369E-17
 0.25800E+02  0.10003E+01 -0.12239E-16
 0.25900E+02  0.10003E+01  0.89669E-18
 0.26000E+02  0.10003E+01  0.32011E-17
 0.26100E+02  0.10003E+01  0.56329E-17
 0.26200E+02  0.10003E+01 -0.96271E-18
 0.26300E+02  0.10003E+01 -0.50442E-17
 0.26400E+02  0.10003E+01 -0.16081E-17
 0.26500E+02  0.10003E+01  0.60868E-17
 0.26600E+02  0.10003E+01  0.73747E-17
 0.26700E+02  0.10003E+01 -0.11720E-17
 0.26800E+02  0.10003E+01  0.36812E-17
 0.26900E+02  0.10003E+01  0.21549E-18
 0.27000E+02  0.10003E+01 -0.53145E-17
 0.27100E+02  0.10003E+01  0.36298E-17
 0.27200E+02  0.10003E+01  0.33284E-17
 0.27300E+02  0.10003E+01 -0.57151E-17
 0.27400E+02  0.10003E+01 -0.29415E-17
 0.27500E+02  0.10003E+01  0.42685E-18
 0.27600E+02  0.10003E+01 -0.32087E-17
 0.27700E+02  0.10003E+01 -0.14184E-17
 0.27800E+02  0.10003E+01  0.38466E-17
 0.27900E+02  0.10003E+01 -0.65586E-17
 0.28000E+02  0.10003E+01  0.61565E-17
 0.28100E+02  0.10003E+01  0.44830E-18
 0.28200E+02  0.10003E+01  0.24279E-17
 0.28300E+02  0.10003E+01 -0.12290E-17
 0.28400E+02  0.10003E+01 -0.62739E-17
 0.28500E+02  0.10003E+01 -0.43113E-18
 0.28600E+02  0.10003E+01 -0.32348E-17
 0.28700E+02  0.10003E+01 -0.40448E-17
 0.28800E+02  0.10003E+01  0.20009E-18
 0.28900E+02  0.10003E+01 -0.52003E-18
 0.29000E+02  0.10003E+01  0.19699E-18
 0.29100E+02  0.10003E+01 -0.10363E-17
 0.29200E+02  0.10003E+01 -0.47673E-17
 0.29300E+02  0.10003E+01  0.16185E-17
 0.29400E+02  0.10003E+01  0.88677E-17
 0.29500E+02  0.10003E+01 -0.60792E-17
 0.29600E+02  0.10003E+01 -0.12943E-17
 0.29700E+02  0.10003E+01  0.18835E-18
 0.29800E+02  0.10003E+01  0.12713E-16
 0.29900E+02  0.10003E+01 -0.43759E-17
 0.30000E+02  0.10003E+01  0.31710E-17
 0.30100E+02  0.10004E+01  0.11203E-16
 0.30200E+02  0.10004E+01  0.95424E-18
 0.30300E+02  0.10004E+01  0.43019E-17
 0.30400E+02  0.10004E+01 -0.10949E-16
 0.30500E+02  0.10004E+01  0.42500E-17
 0.30600E+02  0.10004E+01  0.54225E-17
 0.30700E+02  0.10004E+01  0.15051E-17
 0.30800E+02  0.10004E+01  0.94104E-17
 0.30900E+02  0.10004E+01 -0.27394E-17
 0.31000E+02  0.10004E+01 -0.91575E-17
 0.31100E+02  0.10004E+01  0.17191E-17
 0.31200E+02  0.10004E+01 -0.33420E-18
 0.31300E+02  0.10004E+01  0.43801E-17
 0.31400E+02  0.10004E+01  0.97276E-17
 0.31500E+02  0.10004E+01 -0.69909E-17
 0.31600E+02  0.10004E+01 -0.38563E-17
 0.31700E+02  0.10004E+01 -0.63366E-18
 0.31800E+02  0.10004E+01 -0.39904E-17
 0.31900E+02  0.10004E+01  0.13311E-16
 0.32000E+02  0.10004E+01  0.39546E-19
 0.32100E+02  0.10004E+01 -0.15658E-16
 0.32200E+02  0.10004E+01 -0.39790E-17
 0.32300E+02  0.10004E+01  0.65505E-17
 0.32400E+02  0.10004E+01 -0.71364E-17
 0.32500E+02  0.10004E+01 -0.11334E-16
 0.32600E+02  0.10004E+01 -0.43994E-17
 0.32700E+02  0.10004E+01 -0.71380E-18
 0.32800E+02  0.10004E+01  0.39313E-17
 0.32900E+02  0.10004E+01 -0.37258E-17
 0.33000E+02  0.10004E+01  0.51490E-17
 0.33100E+02  0.10004E+01  0.19172E-17
 0.33200E+02  0.10004E+01  0.45656E-17
 0.33300E+02  0.10004E+01  0.45764E-17
 0.33400E+02  0.10004E+01 -0.61180E-17
 0.33500E+02  0.10004E+01 -0.49918E-17
 0.33600E+02  0.10004E+01  0.65019E-17
 0.33700E+02  0.10004E+01 -0.21829E-17
 0.33800E+02  0.10004E+01  0.75789E-17
 0.33900E+02  0.10004E+01 -0.84677E-17
 0.34000E+02  0.10004E+01  0.97222E-18
 0.34100E+02  0.10004E+01 -0.40201E-17
 0.34200E+02  0.10004E+01  0.96077E-17
 0.34300E+02  0.10004E+01 -0.47118E-17
 0.34400E+02  0.10004E+01 -0.85304E-17
 0.34500E+02  0.10004E+01 -0.31277E-17
 0.34600E+02  0.10004E+01  0.52101E-17
 0.34700E+02  0.10004E+01  0.43859E-17
 0.34800E+02  0.10004E+01 -0.10673E-17
 0.34900E+02  0.10004E+01 -0.11912E-17
 0.35000E+02  0.10004E+01 -0.55858E-17
 0.35100E+02  0.10004E+01  0.48733E-17
 0.35200E+02  0.10005E+01  0.93918E-17
 0.35300E+02  0.10005E+01 -0.51134E-17
 0.35400E+02  0.10005E+01  0.86254E-17
 0.35500E+02  0.10005E+01 -0.39174E-17
 0.35600E+02  0.10005E+01 -0.29342E-17
 0.35700E+02  0.10005E+01 -0.33233E-18
 0.35800E+02  0.10005E+01 -0.10763E-16
 0.35900E+02  0.10005E+01 -0.23429E-17
 0.36000E+02  0.10005E+01  0.34647E-17
 0.36100E+02  0.10005E+01 -0.40957E-18
 0.36200E+02  0.10005E+01 -0.12108E-16
 0.36300E+02  0.10005E+01  0.90278E-17
 0.36400E+02  0.10005E+01 -0.50418E-17
 0.36500E+02  0.10005E+01  0.12707E-17
 0.36600E+02  0.10005E+01  0.32399E-17
 0.36700E+02  0.10005E+01 -0.34114E-17
 0.36800E+02  0.10005E+01  0.23468E-18
 0.36900E+02  0.10005E+01  0.71524E-17
 0.37000E+02  0.10005E+01  0.11870E-16
 0.37100E+02  0.10005E+01  0.88678E-17
 0.37200E+02  0.10005E+01  0.22047E-16
 0.37300E+02  0.10005E+01 -0.17766E-17
 0.37400E+02  0.10005E+01  0.12402E-16
 0.37500E+02  0.10005E+01 -0.16999E-16
 0.37600E+02  0.10005E+01 -0.55217E-17
 0.37700E+02  0.10005E+01  0.26054E-17
 0.37800E+02  0.10005E+01 -0.20424E-17
 0.37900E+02  0.10005E+01 -0.16161E-16
 0.38000E+02  0.10005E+01 -0.11729E-16
 0.38100E+02  0.10005E+01 -0.16017E-16
 0.38200E+02  0.10005E+01 -0.57392E-17
 0.38300E+02  0.10005E+01  0.11262E-17
 0.38400E+02  0.10005E+01 -0.13476E-16
 0.38500E+02  0.10005E+01  0.16603E-16
 0.38600E+02  0.10005E+01 -0.57567E-17
 0.38700E+02  0.10005E+01 -0.25972E-17
 0.38800E+02  0.10005E+01  0.74107E-17
 0.38900E+02  0.10006E+01  0.17762E-16
 0.39000E+02  0.10006E+01 -0.15771E-16
 0.39100E+02  0.10006E+01 -0.43025E-17
 0.39200E+02  0.10006E+01 -0.29892E-17
 0.39300E+02  0.10006E+01  0.11084E-16
 0.39400E+02  0.10006E+01  0.10090E-16
 0.39500E+02  0.10006E+01 -0.20680E-17
 0.39600E+02  0.10006E+01 -0.28774E-16
 0.39700E+02  0.10006E+01  0.70934E-17
 0.39800E+02  0.10006E+01 -0.27097E-16
 0.39900E+02  0.10006E+01  0.32226E-16
 0.40000E+02  0.10006E+01 -0.16990E-16
 0.40100E+02  0.10006E+01  0.12516E-16
 0.40200E+02  0.10006E+01  0.78995E-17
 0.40300E+02  0.10006E+01  0.20977E-16
 0.40400E+02  0.10006E+01 -0.22696E-17
 0.40500E+02  0.10006E+01  0.45899E-16
 0.40600E+02  0.10006E+01  0.10121E-16
 0.40700E+02  0.10006E+01  0.34508E-17
 0.40800E+02  0.10006E+01  0.19826E-16
 0.40900E+02  0.10006E+01  0.17832E-16
 0.41000E+02  0.10006E+01  0.69985E-16
 0.41100E+02  0.10006E+01  0.29729E-16
 0.41200E+02  0.10006E+01 -0.33150E-17
 0.41300E+02  0.10006E+01  0.63073E-17
 0.41400E+02  0.10006E+01 -0.42776E-16
 0.41500E+02  0.10006E+01  0.34576E-17
 0.41600E+02  0.10006E+01  0.34417E-16
 0.41700E+02  0.10005E+01 -0.69208E-16
 0.41800E+02  0.10005E+01 -0.34915E-16
 0.41900E+02  0.10005E+01  0.32972E-16
 0.42000E+02  0.10005E+01  0.29647E-16
 0.42100E+02  0.10005E+01 -0.28072E-16
 0.42200E+02  0.10005E+01 -0.25121E-16
 0.42300E+02  0.10005E+01  0.62682E-16
 0.42400E+02  0.10005E+01 -0.91970E-17
 0.42500E+02  0.10005E+01  0.34423E-16
 0.42600E+02  0.10004E+01  0.21385E-16
 0.42700E+02  0.10004E+01 -0.45382E-16
 0.42800E+02  0.10004E+01  0.61923E-16
 0.42900E+02  0.10004E+01  0.40719E-18
 0.43000E+02  0.10004E+01 -0.45757E-16
 0.43100E+02  0.10003E+01  0.28076E-17
 0.43200E+02  0.10003E+01  0.24652E-15
 0.43300E+02  0.10003E+01 -0.71636E-16
 0.43400E+02  0.10003E+01 -0.51280E-16
 0.43500E+02  0.10002E+01  0.86621E-16
 0.43600E+02  0.10002E+01  0.25427E-15
 0.43700E+02  0.10002E+01 -0.24133E-15
 0.43800E+02  0.10001E+01 -0.28662E-15
 0.43900E+02  0.10001E+01 -0.74785E-16
 0.44000E+02  0.10000E+01 -0.84820E-17
 0.44100E+02  0.99999E+00  0.20129E-15
 0.44200E+02  0.99995E+00 -0.17226E-15
 0.44300E+02  0.99990E+00  0.12204E-15
 0.44400E+02  0.99984E+00 -0.98523E-17
 0.44500E+02  0.99979E+00  0.64462E-16
 0.44600E+02  0.99973E+00  0.42973E-16
 0.44700E+02  0.99967E+00 -0.15435E-15
 0.44800E+02  0.99961E+00 -0.36500E-15
 0.44900E+02  0.99954E+00 -0.24142E-15
 0.45000E+02  0.99947E+00 -0.57528E-15
 0.45100E+02  0.99940E+00  0.11151E-15
 0.45200E+02  0.99932E+00 -0.69424E-16
 0.45300E+02  0.99924E+00 -0.76883E-15
 0.45400E+02  0.99916E+00  0.18965E-15
 0.45500E+02  0.99908E+00 -0.87005E-16
 0.45600E+02  0.99899E+00 -0.33161E-16
 0.45700E+02  0.99890E+00 -0.17410E-15
 0.45800E+02  0.99881E+00 -0.45542E-15
 0.45900E+02  0.99871E+00 -0.22590E-15
 0.46000E+02  0.99861E+00  0.75268E-15
 0.46100E+02  0.99851E+00 -0.28012E-15
 0.46200E+02  0.99841E+00  0.80017E-15
 0.46300E+02  0.99830E+00 -0.44041E-15
 0.46400E+02  0.99819E+00 -0.34265E-15
 0.46500E+02  0.99807E+00 -0.21768E-16
 0.46600E+02  0.99796E+00 -0.75679E-15
 0.46700E+02  0.99784E+00 -0.17356E-14
 0.46800E+02  0.99772E+00 -0.48813E-15
 0.46900E+02  0.99760E+00  0.19216E-15
 0.47000E+02  0.99747E+00  0.79329E-15
 0.47100E+02  0.99734E+00  0.59414E-15
 0.47200E+02  0.99722E+00  0.84411E-15
 0.47300E+02  0.99709E+00 -0.98686E-15
 0.47400E+02  0.99696E+00  0.16846E-15
 0.47500E+02  0.99682E+00 -0.17876E-14
 0.47600E+02  0.99669E+00 -0.47143E-15
 0.47700E+02  0.99656E+00 -0.41207E-15
 0.47800E+02  0.99642E+00 -0.30520E-15
 0.47900E+02  0.99629E+00 -0.17496E-14
 0.48000E+02  0.99616E+00  0.18202E-15
 0.48100E+02  0.99602E+00 -0.16467E-14
 0.48200E+02  0.99589E+00  0.26048E-15
 0.48300E+02  0.99576E+00 -0.17256E-14
 0.48400E+02  0.99563E+00  0.39207E-14
 0.48500E+02  0.99550E+00 -0.40169E-14
 0.48600E+02  0.99538E+00  0.14586E-14
 0.48700E+02  0.99526E+00  0.31503E-14
 0.48800E+02  0.99514E+00 -0.12788E-14
 0.48900E+02  0.99503E+00 -0.39371E-15
 0.49000E+02  0.99492E+00  0.13190E-14
 0.49100E+02  0.99481E+00  0.14483E-14
 0.49200E+02  0.99471E+00  0.98708E-15
 0.49300E+02  0.99462E+00 -0.99294E-15
 0.49400E+02  0.99453E+00  0.21889E-15
 0.49500E+02  0.99445E+00 -0.18674E-15
 0.49600E+02  0.99437E+00  0.18351E-14
 0.49700E+02  0.99431E+00  0.31074E-15
 0.49800E+02  0.99425E+00  0.62526E-16
 0.49900E+02  0.99420E+00  0.99473E-15
 0.50000E+02  0.99416E+00 -0.20578E-14
 0.50100E+02  0.99414E+00 -0.57759E-14
 0.50200E+02  0.99412E+00  0.97197E-15
 0.50300E+02  0.99412E+00  0.38007E-14
 0.50400E+02  0.99412E+00 -0.23541E-14
 0.50500E+02  0.99414E+00  0.10318E-14
 0.50600E+02  0.99418E+00 -0.55838E-14
 0.50700E+02  0.99423E+00 -0.80620E-15
 0.50800E+02  0.99429E+00 -0.18135E-14
 0.50900E+02  0.99437E+00 -0.13912E-13
 0.51000E+02  0.99447E+00 -0.21875E-14
 0.51100E+02  0.99458E+00 -0.62287E-14
 0.51200E+02  0.99471E+00  0.94124E-16
 0.51300E+02  0.99486E+00 -0.14874E-13
 0.51400E+02  0.99503E+00  0.99922E-14
 0.51500E+02  0.99521E+00 -0.23398E-16
 0.51600E+02  0.99542E+00  0.51284E-14
 0.51700E+02  0.99565E+00 -0.78870E-14
 0.51800E+02  0.99590E+00 -0.97129E-15
 0.51900E+02  0.99617E+00 -0.34305E-14
 0.52000E+02  0.99647E+00 -0.18225E-13
 0.52100E+02  0.99678E+00  0.41198E-14
 0.52200E+02  0.99713E+00  0.72985E-14
 0.52300E+02  0.99749E+00  0.53677E-14
 0.52400E+02  0.99788E+00 -0.50082E-14
 0.52500E+02  0.99830E+00  0.16588E-13
 0.52600E+02  0.99874E+00  0.42238E-14
 0.52700E+02  0.99921E+00  0.15062E-13
 0.52800E+02  0.99971E+00 -0.23077E-13
 0.52900E+02  0.10002E+01 -0.23853E-13
 0.53000E+02  0.10008E+01 -0.37739E-14
 0.53100E+02  0.10014E+01 -0.24673E-14
 0.53200E+02  0.10020E+01 -0.12425E-13
 0.53300E+02  0.10026E+01 -0.25139E-14
 0.53400E+02  0.10033E+01 -0.94279E-14
 0.53500E+02  0.10040E+01  0.23129E-13
 0.53600E+02  0.10047E+01  0.12515E-13
 0.53700E+02  0.10054E+01  0.19721E-14
 0.53800E+02  0.10062E+01 -0.36703E-14
 0.53900E+02  0.10070E+01  0.89118E-14
 0.54000E+02  0.10078E+01  0.19938E-13
 0.54100E+02  0.10087E+01  0.25728E-13
 0.54200E+02  0.10096E+01  0.21595E-13
 0.54300E+02  0.10105E+01  0.15816E-14
 0.54400E+02  0.10115E+01  0.18834E-13
 0.54500E+02  0.10124E+01 -0.55863E-14
 0.54600E+02  0.10134E+01  0.11925E-13
 0.54700E+02  0.10145E+01  0.23108E-13
 0.54800E+02  0.10155E+01 -0.12241E-13
 0.54900E+02  0.10166E+01  0.30348E-13
 0.55000E+02  0.10177E+01  0.42366E-13
 0.55100E+02  0.10188E+01  0.11414E-13
 0.55200E+02  0.10200E+01 -0.13618E-13
 0.55300E+02  0.10212E+01  0.20331E-13
 0.55400E+02  0.10224E+01  0.36966E-13
 0.55500E+02  0.10236E+01  0.43321E-13
 0.55600E+02  0.10249E+01 -0.28182E-13
 0.55700E+02  0.10261E+01 -0.14787E-13
 0.55800E+02  0.10274E+01  0.13839E-13
 0.55900E+02  0.10287E+01 -0.55991E-13
 0.56000E+02  0.10300E+01  0.94244E-14
 0.56100E+02  0.10314E+01 -0.44703E-13
 0.56200E+02  0.10327E+01  0.52745E-13
 0.56300E+02  0.10341E+01  0.77124E-13
 0.56400E+02  0.10355E+01 -0.23894E-13
 0.56500E+02  0.10368E+01  0.25471E-13
 0.56600E+02  0.10382E+01 -0.55041E-13
 0.56700E+02  0.10397E+01 -0.34225E-14
 0.56800E+02  0.10411E+01  0.22527E-13
 0.56900E+02  0.10425E+01 -0.88162E-14
 0.57000E+02  0.10439E+01  0.42826E-14
 0.57100E+02  0.10453E+01 -0.93669E-13
 0.57200E+02  0.10468E+01 -0.27909E-13
 0.57300E+02  0.10482E+01  0.38747E-16
 0.57400E+02  0.10496E+01 -0.99113E-13
 0.57500E+02  0.10510E+01  0.22572E-13
 0.57600E+02  0.10525E+01 -0.39579E-13
 0.57700E+02  0.10539E+01  0.47484E-14
 0.57800E+02  0.10553E+01 -0.53763E-13
 0.57900E+02  0.10567E+01  0.78930E-13
 0.58000E+02  0.10581E+01  0.14086E-13
 0.58100E+02  0.10594E+01 -0.65695E-13
 0.58200E+02  0.10608E+01 -0.20305E-13
 0.58300E+02  0.10621E+01 -0.37202E-14
 0.58400E+02  0.10634E+01  0.81079E-13
 0.58500E+02  0.10647E+01 -0.14426E-12
 0.58600E+02  0.10660E+01  0.45526E-13
 0.58700E+02  0.10673E+01  0.11293E-12
 0.58800E+02  0.10685E+01  0.60526E-13
 0.58900E+02  0.10697E+01 -0.47254E-14
 0.59000E+02  0.10708E+01 -0.76648E-13
 0.59100E+02  0.10720E+01 -0.14195E-12
 0.59200E+02  0.10731E+01  0.11537E-12
 0.59300E+02  0.10742E+01  0.10413E-12
 0.59400E+02  0.10752E+01 -0.10650E-12
 0.59500E+02  0.10762E+01  0.71489E-13
 0.59600E+02  0.10771E+01 -0.16470E-12
 0.59700E+02  0.10780E+01  0.12754E-12
 0.59800E+02  0.10789E+01  0.10797E-12
 0.59900E+02  0.10797E+01 -0.25595E-13
 0.60000E+02  0.10805E+01 -0.10016E-12
 0.60100E+02  0.10812E+01 -0.20908E-13
 0.60200E+02  0.10819E+01 -0.32038E-13
 0.60300E+02  0.10825E+01 -0.17560E-12
 0.60400E+02  0.10830E+01 -0.22011E-12
 0.60500E+02  0.10835E+01 -0.19950E-12
 0.60600E+02  0.10840E+01 -0.19026E-13
 0.60700E+02  0.10843E+01  0.72644E-13
 0.60800E+02  0.10846E+01  0.12383E-12
 0.60900E+02  0.10849E+01  0.36625E-15
 0.61000E+02  0.10851E+01 -0.15230E-12
 0.61100E+02  0.10852E+01 -0.70004E-13
 0.61200E+02  0.10852E+01 -0.35320E-13
 0.61300E+02  0.10852E+01 -0.76869E-13
 0.61400E+02  0.10851E+01  0.25573E-13
 0.61500E+02  0.10849E+01 -0.60716E-13
 0.61600E+02  0.10847E+01 -0.20400E-12
 0.61700E+02  0.10844E+01 -0.71290E-13
 0.61800E+02  0.10840E+01 -0.55405E-13
 0.61900E+02  0.10835E+01  0.83430E-13
 0.62000E+02  0.10829E+01 -0.12969E-13
 0.62100E+02  0.10822E+01  0.11901E-12
 0.62200E+02  0.10815E+01  0.73029E-13
 0.62300E+02  0.10807E+01 -0.76432E-13
 0.62400E+02  0.10798E+01  0.67138E-13
 0.62500E+02  0.10788E+01  0.75395E-13
 0.62600E+02  0.10777E+01 -0.14666E-12
 0.62700E+02  0.10765E+01 -0.33142E-12
 0.62800E+02  0.10752E+01 -0.86493E-13
 0.62900E+02  0.10739E+01 -0.19884E-13
 0.63000E+02  0.10724E+01  0.57194E-13
 0.63100E+02  0.10709E+01  0.88903E-13
 0.63200E+02  0.10692E+01  0.47148E-13
 0.63300E+02  0.10675E+01 -0.34572E-12
 0.63400E+02  0.10657E+01  0.12105E-12
 0.63500E+02  0.10637E+01  0.33509E-12
 0.63600E+02  0.10617E+01  0.25236E-12
 0.63700E+02  0.10596E+01 -0.99112E-13
 0.63800E+02  0.10574E+01 -0.89063E-13
 0.63900E+02  0.10550E+01  0.22594E-13
 0.64000E+02  0.10526E+01 -0.20192E-12
 0.64100E+02  0.10501E+01 -0.39704E-12
 0.64200E+02  0.10475E+01 -0.12514E-12
 0.64300E+02  0.10448E+01  0.13298E-12
 0.64400E+02  0.10420E+01  0.10712E-12
 0.64500E+02  0.10391E+01  0.15873E-12
 0.64600E+02  0.10362E+01  0.96325E-13
 0.64700E+02  0.10331E+01  0.14546E-12
 0.64800E+02  0.10299E+01  0.30806E-12
 0.64900E+02  0.10266E+01 -0.79579E-13
 0.65000E+02  0.10233E+01  0.31499E-12
 0.65100E+02  0.10199E+01  0.18584E-12
 0.65200E+02  0.10163E+01 -0.12449E-12
 0.65300E+02  0.10127E+01 -0.96776E-13
 0.65400E+02  0.10090E+01 -0.37957E-12
 0.65500E+02  0.10052E+01 -0.23852E-13
 0.65600E+02  0.10014E+01  0.10031E-11
 0.65700E+02  0.99746E+00  0.13295E-12
 0.65800E+02  0.99345E+00 -0.78260E-13
 0.65900E+02  0.98937E+00  0.34001E-12
 0.66000E+02  0.98522E+00  0.65093E-12
 0.66100E+02  0.98100E+00 -0.13253E-12
 0.66200E+02  0.97672E+00  0.15625E-12
 0.66300E+02  0.97237E+00 -0.44363E-12
 0.66400E+02  0.96797E+00  0.64070E-13
 0.66500E+02  0.96351E+00  0.18761E-12
 0.66600E+02  0.95899E+00  0.12090E-12
 0.66700E+02  0.95443E+00 -0.64004E-13
 0.66800E+02  0.94982E+00 -0.26260E-12
 0.66900E+02  0.94517E+00  0.34405E-12
 0.67000E+02  0.94049E+00 -0.52606E-12
 0.67100E+02  0.93576E+00 -0.58886E-12
 0.67200E+02  0.93101E+00 -0.71896E-12
 0.67300E+02  0.92623E+00  0.37566E-13
 0.67400E+02  0.92142E+00  0.39918E-12
 0.67500E+02  0.91660E+00 -0.16056E-12
 0.67600E+02  0.91176E+00 -0.19411E-13
 0.67700E+02  0.90691E+00  0.45579E-12
 0.67800E+02  0.90206E+00 -0.33087E-12
 0.67900E+02  0.89720E+00 -0.17295E-13
 0.68000E+02  0.89234E+00 -0.18564E-15
 0.68100E+02  0.88749E+00  0.74829E-13
 0.68200E+02  0.88265E+00 -0.97776E-13
 0.68300E+02  0.87783E+00 -0.35642E-12
 0.68400E+02  0.87302E+00 -0.46122E-12
 0.68500E+02  0.86824E+00  0.89119E-12
 0.68600E+02  0.86349E+00 -0.23011E-12
 0.68700E+02  0.85877E+00  0.15889E-12
 0.68800E+02  0.85408E+00  0.33568E-12
 0.68900E+02  0.84944E+00  0.52720E-12
 0.69000E+02  0.84484E+00  0.16645E-12
 0.69100E+02  0.84029E+00 -0.32355E-12
 0.69200E+02  0.83580E+00  0.32691E-12
 0.69300E+02  0.83136E+00  0.16339E-12
 0.69400E+02  0.82698E+00 -0.27461E-12
 0.69500E+02  0.82267E+00  0.54777E-12
 0.69600E+02  0.81843E+00  0.97483E-12
 0.69700E+02  0.81426E+00 -0.24353E-12
 0.69800E+02  0.81017E+00 -0.23003E-12
 0.69900E+02  0.80616E+00  0.95121E-12
 0.70000E+02  0.80224E+00  0.18498E-12
 0.70100E+02  0.79840E+00 -0.62761E-13
 0.70200E+02  0.79465E+00 -0.47533E-13
 0.70300E+02  0.79100E+00  0.98001E-14
 0.70400E+02  0.78744E+00 -0.99059E-14
 0.70500E+02  0.78399E+00  0.79971E-12
 0.70600E+02  0.78063E+00  0.28533E-13
 0.70700E+02  0.77738E+00 -0.58029E-12
 0.70800E+02  0.77424E+00  0.97738E-12
 0.70900E+02  0.77122E+00  0.67803E-12
 0.71000E+02  0.76830E+00  0.25764E-12
 0.71100E+02  0.76550E+00  0.27128E-12
 0.71200E+02  0.76281E+00  0.44866E-12
 0.71300E+02  0.76024E+00  0.37809E-12
 0.71400E+02  0.75780E+00 -0.18625E-12
 0.71500E+02  0.75547E+00 -0.96620E-12
 0.71600E+02  0.75327E+00 -0.21903E-12
 0.71700E+02  0.75120E+00  0.37839E-12
 0.71800E+02  0.74924E+00  0.91527E-12
 0.71900E+02  0.74742E+00  0.11197E-12
 0.72000E+02  0.74572E+00  0.31158E-13
 0.72100E+02  0.74415E+00 -0.34463E-12
 0.72200E+02  0.74272E+00  0.74246E-12
 0.72300E+02  0.74140E+00 -0.29346E-12
 0.72400E+02  0.74022E+00 -0.28110E-14
 0.72500E+02  0.73917E+00  0.12173E-12
 0.72600E+02  0.73825E+00  0.25493E-12
 0.72700E+02  0.73746E+00 -0.19347E-12
 0.72800E+02  0.73680E+00  0.46945E-12
 0.72900E+02  0.73627E+00 -0.34911E-12
 0.73000E+02  0.73586E+00 -0.17846E-12
 0.73100E+02  0.73559E+00 -0.73056E-12
 0.73200E+02  0.73544E+00  0.25419E-13
 0.73300E+02  0.73542E+00 -0.21837E-13
 0.73400E+02  0.73552E+00 -0.34833E-12
 0.73500E+02  0.73575E+00  0.76711E-14
 0.73600E+02  0.73611E+00  0.57624E-14
 0.73700E+02  0.73658E+00 -0.30469E-12
 0.73800E+02  0.73718E+00 -0.58402E-13
 0.73900E+02  0.73790E+00 -0.11133E-11
 0.74000E+02  0.73874E+00  0.71068E-13
 0.74100E+02  0.73970E+00 -0.36550E-12
 0.74200E+02  0.74077E+00  0.42587E-12
 0.74300E+02  0.74196E+00 -0.41571E-12
 0.74400E+02  0.74327E+00 -0.25311E-12
 0.74500E+02  0.74468E+00 -0.36219E-12
 0.74600E+02  0.74621E+00  0.49541E-12
 0.74700E+02  0.74784E+00  0.22442E-12
 0.74800E+02  0.74958E+00 -0.36711E-12
 0.74900E+02  0.75143E+00 -0.53678E-12
 0.75000E+02  0.75338E+00  0.15191E-12
 0.75100E+02  0.75543E+00 -0.13357E-12
 0.75200E+02  0.75758E+00 -0.70749E-12
 0.75300E+02  0.75983E+00  0.31198E-12
 0.75400E+02  0.76217E+00 -0.80888E-12
 0.75500E+02  0.76461E+00  0.15874E-12
 0.75600E+02  0.76715E+00 -0.16539E-12
 0.75700E+02  0.76977E+00 -0.74683E-12
 0.75800E+02  0.77248E+00  0.16796E-13
 0.75900E+02  0.77528E+00 -0.35454E-12
 0.76000E+02  0.77817E+00 -0.86242E-12
 0.76100E+02  0.78114E+00 -0.29019E-14
 0.76200E+02  0.78419E+00  0.36265E-12
 0.76300E+02  0.78732E+00 -0.23320E-12
 0.76400E+02  0.79052E+00  0.11255E-12
 0.76500E+02  0.79381E+00  0.46366E-12
 0.76600E+02  0.79717E+00 -0.59756E-12
 0.76700E+02  0.80060E+00 -0.39333E-12
 0.76800E+02  0.80410E+00 -0.61054E-12
 0.76900E+02  0.80768E+00 -0.57868E-12
 0.77000E+02  0.81132E+00 -0.77689E-12
 0.77100E+02  0.81502E+00  0.33078E-12
 0.77200E+02  0.81879E+00 -0.94177E-13
 0.77300E+02  0.82263E+00 -0.75260E-12
 0.77400E+02  0.82652E+00 -0.72556E-12
 0.77500E+02  0.83048E+00  0.85019E-13
 0.77600E+02  0.83449E+00 -0.78154E-13
 0.77700E+02  0.83856E+00 -0.10191E-12
 0.77800E+02  0.84269E+00 -0.87636E-13
 0.77900E+02  0.84687E+00  0.22005E-12
 0.78000E+02  0.85110E+00 -0.21167E-12
 0.78100E+02  0.85538E+00 -0.15862E-12
 0.78200E+02  0.85971E+00 -0.32079E-12
 0.78300E+02  0.86409E+00 -0.23688E-12
 0.78400E+02  0.86852E+00 -0.48688E-12
 0.78500E+02  0.87299E+00  0.10354E-11
 0.78600E+02  0.87751E+00 -0.40817E-12
 0.78700E+02  0.88207E+00  0.42337E-12
 0.78800E+02  0.88667E+00 -0.19475E-12
 0.78900E+02  0.89132E+00  0.21339E-12
 0.79000E+02  0.89600E+00 -0.71321E-12
 0.79100E+02  0.90072E+00  0.44047E-12
 0.79200E+02  0.90547E+00 -0.70571E-12
 0.79300E+02  0.91027E+00  0.22937E-12
 0.79400E+02  0.91509E+00 -0.13168E-12
 0.79500E+02  0.91995E+00 -0.12363E-12
 0.79600E+02  0.92484E+00 -0.55590E-12
 0.79700E+02  0.92976E+00 -0.27601E-12
 0.79800E+02  0.93471E+00 -0.67442E-12
 0.79900E+02  0.93969E+00 -0.80672E-13
 0.80000E+02  0.94470E+00  0.37036E-12
 0.80100E+02  0.94973E+00  0.17896E-12
 0.80200E+02  0.95479E+00  0.13075E-12
 0.80300E+02  0.95987E+00  0.79680E-12
 0.80400E+02  0.96497E+00 -0.14709E-12
 0.80500E+02  0.97010E+00  0.25765E-12
 0.80600E+02  0.97524E+00  0.64749E-12
 0.80700E+02  0.98040E+00 -0.38872E-12
 0.80800E+02  0.98558E+00  0.68256E-12
 0.80900E+02  0.99078E+00 -0.13555E-14
 0.81000E+02  0.99599E+00  0.46424E-12
 0.81100E+02  0.10012E+01  0.85153E-13
 0.81200E+02  0.10064E+01 -0.17146E-12
 0.81300E+02  0.10117E+01 -0.60763E-14
 0.81400E+02  0.10169E+01 -0.88989E-13
 0.81500E+02  0.10222E+01 -0.99729E-14
 0.81600E+02  0.10275E+01  0.45749E-12
 0.81700E+02  0.10328E+01  0.15666E-12
 0.81800E+02  0.10380E+01  0.27436E-13
 0.81900E+02  0.10433E+01 -0.22927E-12
 0.82000E+02  0.10486E+01 -0.17642E-12
 0.82100E+02  0.10539E+01 -0.27754E-12
 0.82200E+02  0.10592E+01 -0.60568E-12
 0.82300E+02  0.10644E+01 -0.78004E-14
 0.82400E+02  0.10697E+01  0.59533E-12
 0.82500E+02  0.10750E+01  0.18205E-12
 0.82600E+02  0.10802E+01 -0.47004E-12
 0.82700E+02  0.10855E+01  0.50715E-12
 0.82800E+02  0.10907E+01 -0.34216E-13
 0.82900E+02  0.10959E+01 -0.12323E-11
 0.83000E+02  0.11011E+01  0.41539E-12
 0.83100E+02  0.11063E+01  0.66139E-12
 0.83200E+02  0.11115E+01  0.41789E-12
 0.83300E+02  0.11166E+01 -0.33969E-12
 0.83400E+02  0.11217E+01  0.23107E-12
 0.83500E+02  0.11268E+01  0.61030E-13
 0.83600E+02  0.11319E+01 -0.76074E-14
 0.83700E+02  0.11369E+01 -0.10150E-11
 0.83800E+02  0.11419E+01  0.12076E-12
 0.83900E+02  0.11469E+01 -0.65793E-13
 0.84000E+02  0.11518E+01 -0.45600E-12
 0.84100E+02  0.11567E+01  0.29834E-12
 0.84200E+02  0.11616E+01 -0.75652E-12
 0.84300E+02  0.11664E+01 -0.19173E-13
 0.84400E+02  0.11712E+01  0.36349E-12
 0.84500E+02  0.11759E+01 -0.26381E-13
 0.84600E+02  0.11806E+01 -0.67893E-12
 0.84700E+02  0.11852E+01  0.11170E-11
 0.84800E+02  0.11898E+01 -0.43340E-12
 0.84900E+02  0.11943E+01 -0.22467E-12
 0.85000E+02  0.11988E+01  0.63774E-12
 0.85100E+02  0.12032E+01 -0.59617E-13
 0.85200E+02  0.12076E+01  0.85752E-12
 0.85300E+02  0.12118E+01  0.52153E-12
 0.85400E+02  0.12161E+01  0.22381E-13
 0.85500E+02  0.12202E+01  0.46521E-13
 0.85600E+02  0.12243E+01 -0.15926E-12
 0.85700E+02  0.12283E+01  0.42169E-12
 0.85800E+02  0.12323E+01  0.46156E-12
 0.85900E+02  0.12361E+01 -0.23005E-12
 0.86000E+02  0.12399E+01  0.58216E-12
 0.86100E+02  0.12436E+01  0.42323E-12
 0.86200E+02  0.12473E+01 -0.96700E-12
 0.86300E+02  0.12508E+01 -0.53844E-12
 0.86400E+02  0.12543E+01 -0.11248E-12
 0.86500E+02  0.12576E+01  0.37616E-12
 0.86600E+02  0.12609E+01 -0.65024E-12
 0.86700E+02  0.12641E+01  0.48921E-12
 0.86800E+02  0.12672E+01 -0.55521E-14
 0.86900E+02  0.12702E+01 -0.16498E-12
 0.87000E+02  0.12731E+01 -0.15611E-12
 0.87100E+02  0.12759E+01  0.76052E-12
 0.87200E+02  0.12786E+01  0.30131E-12
 0.87300E+02  0.12812E+01 -0.15254E-12
 0.87400E+02  0.12837E+01  0.97988E-13
 0.87500E+02  0.12861E+01  0.70694E-12
 0.87600E+02  0.12884E+01 -0.56192E-12
 0.87700E+02  0.12906E+01 -0.87622E-13
 0.87800E+02  0.12927E+01 -0.97846E-12
 0.87900E+02  0.12946E+01  0.58460E-12
 0.88000E+02  0.12965E+01 -0.38149E-12
 0.88100E+02  0.12982E+01  0.38825E-12
 0.88200E+02  0.12999E+01  0.96027E-12
 0.88300E+02  0.13014E+01 -0.71775E-12
 0.88400E+02  0.13028E+01 -0.16723E-11
 0.88500E+02  0.13041E+01 -0.45841E-12
 0.88600E+02  0.13052E+01 -0.88823E-13
 0.88700E+02  0.13063E+01  0.60672E-13
 0.88800E+02  0.13072E+01 -0.41445E-12
 0.88900E+02  0.13080E+01 -0.27131E-12
 0.89000E+02  0.13087E+01 -0.40923E-12
 0.89100E+02  0.13093E+01  0.28863E-12
 0.89200E+02  0.13098E+01  0.12012E-12
 0.89300E+02  0.13101E+01 -0.44192E-12
 0.89400E+02  0.13103E+01  0.12325E-11
 0.89500E+02  0.13104E+01  0.47157E-12
 0.89600E+02  0.13104E+01  0.12781E-11
 0.89700E+02  0.13103E+01  0.43474E-12
 0.89800E+02  0.13100E+01 -0.24090E-12
 0.89900E+02  0.13096E+01 -0.24167E-12
 0.90000E+02  0.13091E+01 -0.62506E-12
 0.90100E+02  0.13085E+01 -0.69244E-12
 0.90200E+02  0.13078E+01 -0.36603E-13
 0.90300E+02  0.13069E+01 -0.30607E-12
 0.90400E+02  0.13060E+01 -0.77890E-12
 0.90500E+02  0.13049E+01  0.55233E-12
 0.90600E+02  0.13037E+01 -0.55917E-12
 0.90700E+02  0.13024E+01  0.27906E-12
 0.90800E+02  0.13010E+01  0.58266E-12
 0.90900E+02  0.12995E+01  0.85415E-12
 0.91000E+02  0.12978E+01  0.18807E-12
 0.91100E+02  0.12961E+01 -0.63407E-12
 0.91200E+02  0.12942E+01 -0.88521E-12
 0.91300E+02  0.12923E+01  0.76736E-12
 0.91400E+02  0.12902E+01  0.34538E-12
 0.91500E+02  0.12880E+01 -0.44377E-12
 0.91600E+02  0.12858E+01 -0.58991E-12
 0.91700E+02  0.12834E+01  0.21730E-12
 0.91800E+02  0.12809E+01  0.20764E-12
 0.91900E+02  0.12784E+01 -0.21037E-12
 0.92000E+02  0.12757E+01 -0.16898E-12
 0.92100E+02  0.12730E+01  0.40437E-13
 0.92200E+02  0.12701E+01 -0.80034E-12
 0.92300E+02  0.12672E+01 -0.86722E-13
 0.92400E+02  0.12642E+01  0.38466E-12
 0.92500E+02  0.12611E+01 -0.47126E-12
 0.92600E+02  0.12579E+01 -0.16901E-12
 0.92700E+02  0.12547E+01 -0.35780E-12
 0.92800E+02  0.12514E+01  0.10123E-11
 0.92900E+02  0.12479E+01 -0.65763E-12
 0.93000E+02  0.12445E+01 -0.61514E-13
 0.93100E+02  0.12409E+01 -0.68978E-12
 0.93200E+02  0.12373E+01  0.83598E-12
 0.93300E+02  0.12336E+01 -0.10127E-11
 0.93400E+02  0.12298E+01 -0.12424E-12
 0.93500E+02  0.12260E+01 -0.10022E-12
 0.93600E+02  0.12221E+01 -0.41419E-13
 0.93700E+02  0.12182E+01  0.45697E-12
 0.93800E+02  0.12142E+01 -0.11547E-12
 0.93900E+02  0.12102E+01  0.17926E-13
 0.94000E+02  0.12061E+01  0.70661E-13
 0.94100E+02  0.12020E+01 -0.23854E-12
 0.94200E+02  0.11978E+01 -0.13819E-12
 0.94300E+02  0.11935E+01  0.14383E-12
 0.94400E+02  0.11893E+01 -0.98173E-13
 0.94500E+02  0.11850E+01  0.20155E-13
 0.94600E+02  0.11806E+01 -0.70420E-12
 0.94700E+02  0.11763E+01  0.50078E-12
 0.94800E+02  0.11718E+01  0.13169E-12
 0.94900E+02  0.11674E+01 -0.50643E-12
 0.95000E+02  0.11629E+01 -0.88994E-13
 0.95100E+02  0.11585E+01  0.30142E-12
 0.95200E+02  0.11539E+01  0.60631E-12
 0.95300E+02  0.11494E+01  0.99300E-12
 0.95400E+02  0.11449E+01 -0.25859E-12
 0.95500E+02  0.11403E+01 -0.50890E-13
 0.95600E+02  0.11357E+01 -0.39897E-12
 0.95700E+02  0.11311E+01 -0.72203E-12
 0.95800E+02  0.11265E+01 -0.80029E-14
 0.95900E+02  0.11219E+01 -0.32870E-12
 0.96000E+02  0.11173E+01 -0.11085E-12
 0.96100E+02  0.11127E+01  0.16284E-12
 0.96200E+02  0.11081E+01 -0.20127E-12
 0.96300E+02  0.11035E+01 -0.13389E-13
 0.96400E+02  0.10989E+01 -0.30684E-13
 0.96500E+02  0.10943E+01 -0.27435E-12
 0.96600E+02  0.10897E+01  0.76557E-13
 0.96700E+02  0.10851E+01 -0.31611E-12
 0.96800E+02  0.10805E+01  0.19779E-12
 0.96900E+02  0.10759E+01 -0.12203E-13
 0.97000E+02  0.10713E+01  0.35769E-12
 0.97100E+02  0.10668E+01  0.81978E-13
 0.97200E+02  0.10623E+01 -0.35867E-12
 0.97300E+02  0.10578E+01 -0.56094E-12
 0.97400E+02  0.10533E+01 -0.53830E-13
 0.97500E+02  0.10488E+01 -0.13863E-12
 0.97600E+02  0.10443E+01  0.35442E-12
 0.97700E+02  0.10399E+01  0.98582E-13
 0.97800E+02  0.10355E+01  0.84968E-12
 0.97900E+02  0.10311E+01 -0.64192E-14
 0.98000E+02  0.10268E+01 -0.22470E-12
 0.98100E+02  0.10224E+01 -0.88353E-13
 0.98200E+02  0.10182E+01  0.58539E-13
 0.98300E+02  0.10139E+01 -0.33889E-12
 0.98400E+02  0.10097E+01  0.36322E-12
 0.98500E+02  0.10055E+01 -0.30186E-12
 0.98600E+02  0.10013E+01 -0.31311E-12
 0.98700E+02  0.99716E+00  0.21552E-12
 0.98800E+02  0.99306E+00  0.43404E-12
 0.98900E+02  0.98900E+00  0.46724E-12
 0.99000E+02  0.98498E+00 -0.54289E-12
 0.99100E+02  0.98100E+00  0.51211E-12
 0.99200E+02  0.97705E+00 -0.28125E-12
 0.99300E+02  0.97314E+00 -0.24644E-12
 0.99400E+02  0.96928E+00  0.26653E-12
 0.99500E+02  0.96545E+00  0.19966E-12
 0.99600E+02  0.96166E+00  0.50687E-12
 0.99700E+02  0.95792E+00  0.46822E-12
 0.99800E+02  0.95422E+00  0.37684E-12
 0.99900E+02  0.95056E+00  0.60427E-13
 0.10000E+03  0.94695E+00  0.72727E-12
