-0.1200000E+02  0.1387266E-05  0.0000000E+00
-0.1197654E+02  0.1435963E-05  0.0000000E+00
-0.1195308E+02  0.1486369E-05  0.0000000E+00
-0.1192962E+02  0.1538544E-05  0.0000000E+00
-0.1190616E+02  0.1592551E-05  0.0000000E+00
-0.1188270E+02  0.1648454E-05  0.0000000E+00
-0.1185924E+02  0.1706319E-05  0.0000000E+00
-0.1183578E+02  0.1766215E-05  0.0000000E+00
-0.1181232E+02  0.1828214E-05  0.0000000E+00
-0.1178886E+02  0.1892389E-05  0.0000000E+00
-0.1176540E+02  0.1958817E-05  0.0000000E+00
-0.1174194E+02  0.2027577E-05  0.0000000E+00
-0.1171848E+02  0.2098750E-05  0.0000000E+00
-0.1169501E+02  0.2172422E-05  0.0000000E+00
-0.1167155E+02  0.2248680E-05  0.0000000E+00
-0.1164809E+02  0.2327614E-05  0.0000000E+00
-0.1162463E+02  0.2409320E-05  0.0000000E+00
-0.1160117E+02  0.2493893E-05  0.0000000E+00
-0.1157771E+02  0.2581435E-05  0.0000000E+00
-0.1155425E+02  0.2672051E-05  0.0000000E+00
-0.1153079E+02  0.2765847E-05  0.0000000E+00
-0.1150733E+02  0.2862935E-05  0.0000000E+00
-0.1148387E+02  0.2963432E-05  0.0000000E+00
-0.1146041E+02  0.3067456E-05  0.0000000E+00
-0.1143695E+02  0.3175132E-05  0.0000000E+00
-0.1141349E+02  0.3286588E-05  0.0000000E+00
-0.1139003E+02  0.3401955E-05  0.0000000E+00
-0.1136657E+02  0.3521373E-05  0.0000000E+00
-0.1134311E+02  0.3644983E-05  0.0000000E+00
-0.1131965E+02  0.3772931E-05  0.0000000E+00
-0.1129619E+02  0.3905371E-05  0.0000000E+00
-0.1127273E+02  0.4042460E-05  0.0000000E+00
-0.1124927E+02  0.4184361E-05  0.0000000E+00
-0.1122581E+02  0.4331243E-05  0.0000000E+00
-0.1120235E+02  0.4483281E-05  0.0000000E+00
-0.1117889E+02  0.4640656E-05  0.0000000E+00
-0.1115543E+02  0.4803556E-05  0.0000000E+00
-0.1113196E+02  0.4972173E-05  0.0000000E+00
-0.1110850E+02  0.5146710E-05  0.0000000E+00
-0.1108504E+02  0.5327373E-05  0.0000000E+00
-0.1106158E+02  0.5514378E-05  0.0000000E+00
-0.1103812E+02  0.5707947E-05  0.0000000E+00
-0.1101466E+02  0.5908311E-05  0.0000000E+00
-0.1099120E+02  0.6115708E-05  0.0000000E+00
-0.1096774E+02  0.6330386E-05  0.0000000E+00
-0.1094428E+02  0.6552599E-05  0.0000000E+00
-0.1092082E+02  0.6782613E-05  0.0000000E+00
-0.1089736E+02  0.7020700E-05  0.0000000E+00
-0.1087390E+02  0.7267145E-05  0.0000000E+00
-0.1085044E+02  0.7522242E-05  0.0000000E+00
-0.1082698E+02  0.7786292E-05  0.0000000E+00
-0.1080352E+02  0.8059612E-05  0.0000000E+00
-0.1078006E+02  0.8342525E-05  0.0000000E+00
-0.1075660E+02  0.8635370E-05  0.0000000E+00
-0.1073314E+02  0.8938494E-05  0.0000000E+00
-0.1070968E+02  0.9252259E-05  0.0000000E+00
-0.1068622E+02  0.9577038E-05  0.0000000E+00
-0.1066276E+02  0.9913217E-05  0.0000000E+00
-0.1063930E+02  0.1026120E-04  0.0000000E+00
-0.1061584E+02  0.1062139E-04  0.0000000E+00
-0.1059238E+02  0.1099423E-04  0.0000000E+00
-0.1056891E+02  0.1138016E-04  0.0000000E+00
-0.1054545E+02  0.1177963E-04  0.0000000E+00
-0.1052199E+02  0.1219313E-04  0.0000000E+00
-0.1049853E+02  0.1262114E-04  0.0000000E+00
-0.1047507E+02  0.1306417E-04  0.0000000E+00
-0.1045161E+02  0.1352276E-04  0.0000000E+00
-0.1042815E+02  0.1399745E-04  0.0000000E+00
-0.1040469E+02  0.1448879E-04  0.0000000E+00
-0.1038123E+02  0.1499739E-04  0.0000000E+00
-0.1035777E+02  0.1552384E-04  0.0000000E+00
-0.1033431E+02  0.1606876E-04  0.0000000E+00
-0.1031085E+02  0.1663282E-04  0.0000000E+00
-0.1028739E+02  0.1721667E-04  0.0000000E+00
-0.1026393E+02  0.1782102E-04  0.0000000E+00
-0.1024047E+02  0.1844659E-04  0.0000000E+00
-0.1021701E+02  0.1909411E-04  0.0000000E+00
-0.1019355E+02  0.1976437E-04  0.0000000E+00
-0.1017009E+02  0.2045815E-04  0.0000000E+00
-0.1014663E+02  0.2117628E-04  0.0000000E+00
-0.1012317E+02  0.2191963E-04  0.0000000E+00
-0.1009971E+02  0.2268906E-04  0.0000000E+00
-0.1007625E+02  0.2348551E-04  0.0000000E+00
-0.1005279E+02  0.2430991E-04  0.0000000E+00
-0.1002933E+02  0.2516325E-04  0.0000000E+00
-0.1000587E+02  0.2604655E-04  0.0000000E+00
-0.9982405E+01  0.2696085E-04  0.0000000E+00
-0.9958944E+01  0.2790725E-04  0.0000000E+00
-0.9935484E+01  0.2888687E-04  0.0000000E+00
-0.9912023E+01  0.2990087E-04  0.0000000E+00
-0.9888563E+01  0.3095047E-04  0.0000000E+00
-0.9865103E+01  0.3203691E-04  0.0000000E+00
-0.9841642E+01  0.3316149E-04  0.0000000E+00
-0.9818182E+01  0.3432555E-04  0.0000000E+00
-0.9794721E+01  0.3553046E-04  0.0000000E+00
-0.9771261E+01  0.3677768E-04  0.0000000E+00
-0.9747801E+01  0.3806867E-04  0.0000000E+00
-0.9724340E+01  0.3940498E-04  0.0000000E+00
-0.9700880E+01  0.4078820E-04  0.0000000E+00
-0.9677419E+01  0.4221997E-04  0.0000000E+00
-0.9653959E+01  0.4370200E-04  0.0000000E+00
-0.9630499E+01  0.4523605E-04  0.0000000E+00
-0.9607038E+01  0.4682396E-04  0.0000000E+00
-0.9583578E+01  0.4846760E-04  0.0000000E+00
-0.9560117E+01  0.5016894E-04  0.0000000E+00
-0.9536657E+01  0.5193000E-04  0.0000000E+00
-0.9513196E+01  0.5375287E-04  0.0000000E+00
-0.9489736E+01  0.5563974E-04  0.0000000E+00
-0.9466276E+01  0.5759284E-04  0.0000000E+00
-0.9442815E+01  0.5961450E-04  0.0000000E+00
-0.9419355E+01  0.6170712E-04  0.0000000E+00
-0.9395894E+01  0.6387320E-04  0.0000000E+00
-0.9372434E+01  0.6611531E-04  0.0000000E+00
-0.9348974E+01  0.6843613E-04  0.0000000E+00
-0.9325513E+01  0.7083841E-04  0.0000000E+00
-0.9302053E+01  0.7332503E-04  0.0000000E+00
-0.9278592E+01  0.7589892E-04  0.0000000E+00
-0.9255132E+01  0.7856317E-04  0.0000000E+00
-0.9231672E+01  0.8132094E-04  0.0000000E+00
-0.9208211E+01  0.8417551E-04  0.0000000E+00
-0.9184751E+01  0.8713029E-04  0.0000000E+00
-0.9161290E+01  0.9018878E-04  0.0000000E+00
-0.9137830E+01  0.9335464E-04  0.0000000E+00
-0.9114370E+01  0.9663162E-04  0.0000000E+00
-0.9090909E+01  0.1000236E-03  0.0000000E+00
-0.9067449E+01  0.1035347E-03  0.0000000E+00
-0.9043988E+01  0.1071691E-03  0.0000000E+00
-0.9020528E+01  0.1109310E-03  0.0000000E+00
-0.8997067E+01  0.1148249E-03  0.0000000E+00
-0.8973607E+01  0.1188556E-03  0.0000000E+00
-0.8950147E+01  0.1230277E-03  0.0000000E+00
-0.8926686E+01  0.1273463E-03  0.0000000E+00
-0.8903226E+01  0.1318164E-03  0.0000000E+00
-0.8879765E+01  0.1364435E-03  0.0000000E+00
-0.8856305E+01  0.1412330E-03  0.0000000E+00
-0.8832845E+01  0.1461907E-03  0.0000000E+00
-0.8809384E+01  0.1513223E-03  0.0000000E+00
-0.8785924E+01  0.1566341E-03  0.0000000E+00
-0.8762463E+01  0.1621324E-03  0.0000000E+00
-0.8739003E+01  0.1678236E-03  0.0000000E+00
-0.8715543E+01  0.1737146E-03  0.0000000E+00
-0.8692082E+01  0.1798124E-03  0.0000000E+00
-0.8668622E+01  0.1861243E-03  0.0000000E+00
-0.8645161E+01  0.1926577E-03  0.0000000E+00
-0.8621701E+01  0.1994205E-03  0.0000000E+00
-0.8598240E+01  0.2064206E-03  0.0000000E+00
-0.8574780E+01  0.2136665E-03  0.0000000E+00
-0.8551320E+01  0.2211667E-03  0.0000000E+00
-0.8527859E+01  0.2289302E-03  0.0000000E+00
-0.8504399E+01  0.2369662E-03  0.0000000E+00
-0.8480938E+01  0.2452842E-03  0.0000000E+00
-0.8457478E+01  0.2538943E-03  0.0000000E+00
-0.8434018E+01  0.2628066E-03  0.0000000E+00
-0.8410557E+01  0.2720317E-03  0.0000000E+00
-0.8387097E+01  0.2815807E-03  0.0000000E+00
-0.8363636E+01  0.2914648E-03  0.0000000E+00
-0.8340176E+01  0.3016959E-03  0.0000000E+00
-0.8316716E+01  0.3122861E-03  0.0000000E+00
-0.8293255E+01  0.3232481E-03  0.0000000E+00
-0.8269795E+01  0.3345948E-03  0.0000000E+00
-0.8246334E+01  0.3463399E-03  0.0000000E+00
-0.8222874E+01  0.3584972E-03  0.0000000E+00
-0.8199413E+01  0.3710812E-03  0.0000000E+00
-0.8175953E+01  0.3841070E-03  0.0000000E+00
-0.8152493E+01  0.3975900E-03  0.0000000E+00
-0.8129032E+01  0.4115463E-03  0.0000000E+00
-0.8105572E+01  0.4259925E-03  0.0000000E+00
-0.8082111E+01  0.4409458E-03  0.0000000E+00
-0.8058651E+01  0.4564239E-03  0.0000000E+00
-0.8035191E+01  0.4724454E-03  0.0000000E+00
-0.8011730E+01  0.4890292E-03  0.0000000E+00
-0.7988270E+01  0.5061951E-03  0.0000000E+00
-0.7964809E+01  0.5239636E-03  0.0000000E+00
-0.7941349E+01  0.5423558E-03  0.0000000E+00
-0.7917889E+01  0.5613936E-03  0.0000000E+00
-0.7894428E+01  0.5810997E-03  0.0000000E+00
-0.7870968E+01  0.6014974E-03  0.0000000E+00
-0.7847507E+01  0.6226112E-03  0.0000000E+00
-0.7824047E+01  0.6444661E-03  0.0000000E+00
-0.7800587E+01  0.6670880E-03  0.0000000E+00
-0.7777126E+01  0.6905041E-03  0.0000000E+00
-0.7753666E+01  0.7147421E-03  0.0000000E+00
-0.7730205E+01  0.7398309E-03  0.0000000E+00
-0.7706745E+01  0.7658003E-03  0.0000000E+00
-0.7683284E+01  0.7926812E-03  0.0000000E+00
-0.7659824E+01  0.8205057E-03  0.0000000E+00
-0.7636364E+01  0.8493069E-03  0.0000000E+00
-0.7612903E+01  0.8791190E-03  0.0000000E+00
-0.7589443E+01  0.9099775E-03  0.0000000E+00
-0.7565982E+01  0.9419192E-03  0.0000000E+00
-0.7542522E+01  0.9749821E-03  0.0000000E+00
-0.7519062E+01  0.1009205E-02  0.0000000E+00
-0.7495601E+01  0.1044630E-02  0.0000000E+00
-0.7472141E+01  0.1081298E-02  0.0000000E+00
-0.7448680E+01  0.1119253E-02  0.0000000E+00
-0.7425220E+01  0.1158541E-02  0.0000000E+00
-0.7401760E+01  0.1199207E-02  0.0000000E+00
-0.7378299E+01  0.1241301E-02  0.0000000E+00
-0.7354839E+01  0.1284872E-02  0.0000000E+00
-0.7331378E+01  0.1329972E-02  0.0000000E+00
-0.7307918E+01  0.1376656E-02  0.0000000E+00
-0.7284457E+01  0.1424978E-02  0.0000000E+00
-0.7260997E+01  0.1474996E-02  0.0000000E+00
-0.7237537E+01  0.1526770E-02  0.0000000E+00
-0.7214076E+01  0.1580361E-02  0.0000000E+00
-0.7190616E+01  0.1635833E-02  0.0000000E+00
-0.7167155E+01  0.1693252E-02  0.0000000E+00
-0.7143695E+01  0.1752686E-02  0.0000000E+00
-0.7120235E+01  0.1814207E-02  0.0000000E+00
-0.7096774E+01  0.1877887E-02  0.0000000E+00
-0.7073314E+01  0.1943801E-02  0.0000000E+00
-0.7049853E+01  0.2012030E-02  0.0000000E+00
-0.7026393E+01  0.2082653E-02  0.0000000E+00
-0.7002933E+01  0.2155754E-02  0.0000000E+00
-0.6979472E+01  0.2231422E-02  0.0000000E+00
-0.6956012E+01  0.2309745E-02  0.0000000E+00
-0.6932551E+01  0.2390817E-02  0.0000000E+00
-0.6909091E+01  0.2474735E-02  0.0000000E+00
-0.6885630E+01  0.2561598E-02  0.0000000E+00
-0.6862170E+01  0.2651509E-02  0.0000000E+00
-0.6838710E+01  0.2744576E-02  0.0000000E+00
-0.6815249E+01  0.2840909E-02  0.0000000E+00
-0.6791789E+01  0.2940624E-02  0.0000000E+00
-0.6768328E+01  0.3043837E-02  0.0000000E+00
-0.6744868E+01  0.3150674E-02  0.0000000E+00
-0.6721408E+01  0.3261259E-02  0.0000000E+00
-0.6697947E+01  0.3375726E-02  0.0000000E+00
-0.6674487E+01  0.3494210E-02  0.0000000E+00
-0.6651026E+01  0.3616852E-02  0.0000000E+00
-0.6627566E+01  0.3743799E-02  0.0000000E+00
-0.6604106E+01  0.3875200E-02  0.0000000E+00
-0.6580645E+01  0.4011213E-02  0.0000000E+00
-0.6557185E+01  0.4151999E-02  0.0000000E+00
-0.6533724E+01  0.4297725E-02  0.0000000E+00
-0.6510264E+01  0.4448566E-02  0.0000000E+00
-0.6486804E+01  0.4604700E-02  0.0000000E+00
-0.6463343E+01  0.4766313E-02  0.0000000E+00
-0.6439883E+01  0.4933597E-02  0.0000000E+00
-0.6416422E+01  0.5106752E-02  0.0000000E+00
-0.6392962E+01  0.5285983E-02  0.0000000E+00
-0.6369501E+01  0.5471503E-02  0.0000000E+00
-0.6346041E+01  0.5663534E-02  0.0000000E+00
-0.6322581E+01  0.5862302E-02  0.0000000E+00
-0.6299120E+01  0.6068046E-02  0.0000000E+00
-0.6275660E+01  0.6281008E-02  0.0000000E+00
-0.6252199E+01  0.6501444E-02  0.0000000E+00
-0.6228739E+01  0.6729614E-02  0.0000000E+00
-0.6205279E+01  0.6965789E-02  0.0000000E+00
-0.6181818E+01  0.7210252E-02  0.0000000E+00
-0.6158358E+01  0.7463292E-02  0.0000000E+00
-0.6134897E+01  0.7725210E-02  0.0000000E+00
-0.6111437E+01  0.7996318E-02  0.0000000E+00
-0.6087977E+01  0.8276937E-02  0.0000000E+00
-0.6064516E+01  0.8567402E-02  0.0000000E+00
-0.6041056E+01  0.8868057E-02  0.0000000E+00
-0.6017595E+01  0.9179260E-02  0.0000000E+00
-0.5994135E+01  0.9501381E-02  0.0000000E+00
-0.5970674E+01  0.9834802E-02  0.0000000E+00
-0.5947214E+01  0.1017992E-01  0.0000000E+00
-0.5923754E+01  0.1053714E-01  0.0000000E+00
-0.5900293E+01  0.1090690E-01  0.0000000E+00
-0.5876833E+01  0.1128963E-01  0.0000000E+00
-0.5853372E+01  0.1168578E-01  0.0000000E+00
-0.5829912E+01  0.1209582E-01  0.0000000E+00
-0.5806452E+01  0.1252025E-01  0.0000000E+00
-0.5782991E+01  0.1295957E-01  0.0000000E+00
-0.5759531E+01  0.1341429E-01  0.0000000E+00
-0.5736070E+01  0.1388497E-01  0.0000000E+00
-0.5712610E+01  0.1437215E-01  0.0000000E+00
-0.5689150E+01  0.1487641E-01  0.0000000E+00
-0.5665689E+01  0.1539836E-01  0.0000000E+00
-0.5642229E+01  0.1593862E-01  0.0000000E+00
-0.5618768E+01  0.1649782E-01  0.0000000E+00
-0.5595308E+01  0.1707662E-01  0.0000000E+00
-0.5571848E+01  0.1767573E-01  0.0000000E+00
-0.5548387E+01  0.1829584E-01  0.0000000E+00
-0.5524927E+01  0.1893769E-01  0.0000000E+00
-0.5501466E+01  0.1960205E-01  0.0000000E+00
-0.5478006E+01  0.2028969E-01  0.0000000E+00
-0.5454545E+01  0.2100145E-01  0.0000000E+00
-0.5431085E+01  0.2173815E-01  0.0000000E+00
-0.5407625E+01  0.2250068E-01  0.0000000E+00
-0.5384164E+01  0.2328994E-01  0.0000000E+00
-0.5360704E+01  0.2410686E-01  0.0000000E+00
-0.5337243E+01  0.2495242E-01  0.0000000E+00
-0.5313783E+01  0.2582761E-01  0.0000000E+00
-0.5290323E+01  0.2673347E-01  0.0000000E+00
-0.5266862E+01  0.2767107E-01  0.0000000E+00
-0.5243402E+01  0.2864153E-01  0.0000000E+00
-0.5219941E+01  0.2964599E-01  0.0000000E+00
-0.5196481E+01  0.3068565E-01  0.0000000E+00
-0.5173021E+01  0.3176172E-01  0.0000000E+00
-0.5149560E+01  0.3287550E-01  0.0000000E+00
-0.5126100E+01  0.3402829E-01  0.0000000E+00
-0.5102639E+01  0.3522146E-01  0.0000000E+00
-0.5079179E+01  0.3645641E-01  0.0000000E+00
-0.5055718E+01  0.3773462E-01  0.0000000E+00
-0.5032258E+01  0.3905759E-01  0.0000000E+00
-0.5008798E+01  0.4042688E-01  0.0000000E+00
-0.4985337E+01  0.4184411E-01  0.0000000E+00
-0.4961877E+01  0.4331096E-01  0.0000000E+00
-0.4938416E+01  0.4482916E-01  0.0000000E+00
-0.4914956E+01  0.4640050E-01  0.0000000E+00
-0.4891496E+01  0.4802684E-01  0.0000000E+00
-0.4868035E+01  0.4971008E-01  0.0000000E+00
-0.4844575E+01  0.5145223E-01  0.0000000E+00
-0.4821114E+01  0.5325533E-01  0.0000000E+00
-0.4797654E+01  0.5512152E-01  0.0000000E+00
-0.4774194E+01  0.5705297E-01  0.0000000E+00
-0.4750733E+01  0.5905199E-01  0.0000000E+00
-0.4727273E+01  0.6112090E-01  0.0000000E+00
-0.4703812E+01  0.6326216E-01  0.0000000E+00
-0.4680352E+01  0.6547829E-01  0.0000000E+00
-0.4656891E+01  0.6777187E-01  0.0000000E+00
-0.4633431E+01  0.7014563E-01  0.0000000E+00
-0.4609971E+01  0.7260233E-01  0.0000000E+00
-0.4586510E+01  0.7514487E-01  0.0000000E+00
-0.4563050E+01  0.7777624E-01  0.0000000E+00
-0.4539589E+01  0.8049952E-01  0.0000000E+00
-0.4516129E+01  0.8331790E-01  0.0000000E+00
-0.4492669E+01  0.8623468E-01  0.0000000E+00
-0.4469208E+01  0.8925329E-01  0.0000000E+00
-0.4445748E+01  0.9237726E-01  0.0000000E+00
-0.4422287E+01  0.9561025E-01  0.0000000E+00
-0.4398827E+01  0.9895603E-01  0.0000000E+00
-0.4375367E+01  0.1024185E+00  0.0000000E+00
-0.4351906E+01  0.1060017E+00  0.0000000E+00
-0.4328446E+01  0.1097099E+00  0.0000000E+00
-0.4304985E+01  0.1135473E+00  0.0000000E+00
-0.4281525E+01  0.1175185E+00  0.0000000E+00
-0.4258065E+01  0.1216280E+00  0.0000000E+00
-0.4234604E+01  0.1258806E+00  0.0000000E+00
-0.4211144E+01  0.1302813E+00  0.0000000E+00
-0.4187683E+01  0.1348352E+00  0.0000000E+00
-0.4164223E+01  0.1395476E+00  0.0000000E+00
-0.4140762E+01  0.1444240E+00  0.0000000E+00
-0.4117302E+01  0.1494699E+00  0.0000000E+00
-0.4093842E+01  0.1546913E+00  0.0000000E+00
-0.4070381E+01  0.1600941E+00  0.0000000E+00
-0.4046921E+01  0.1656847E+00  0.0000000E+00
-0.4023460E+01  0.1714694E+00  0.0000000E+00
-0.4000000E+01  0.1774549E+00  0.0000000E+00
-0.3976540E+01  0.1836482E+00  0.0000000E+00
-0.3953079E+01  0.1900564E+00  0.0000000E+00
-0.3929619E+01  0.1966867E+00  0.0000000E+00
-0.3906158E+01  0.2035469E+00  0.0000000E+00
-0.3882698E+01  0.2106447E+00  0.0000000E+00
-0.3859238E+01  0.2179884E+00  0.0000000E+00
-0.3835777E+01  0.2255862E+00  0.0000000E+00
-0.3812317E+01  0.2334469E+00  0.0000000E+00
-0.3788856E+01  0.2415794E+00  0.0000000E+00
-0.3765396E+01  0.2499930E+00  0.0000000E+00
-0.3741935E+01  0.2586972E+00  0.0000000E+00
-0.3718475E+01  0.2677019E+00  0.0000000E+00
-0.3695015E+01  0.2770172E+00  0.0000000E+00
-0.3671554E+01  0.2866538E+00  0.0000000E+00
-0.3648094E+01  0.2966224E+00  0.0000000E+00
-0.3624633E+01  0.3069343E+00  0.0000000E+00
-0.3601173E+01  0.3176010E+00  0.0000000E+00
-0.3577713E+01  0.3286346E+00  0.0000000E+00
-0.3554252E+01  0.3400473E+00  0.0000000E+00
-0.3530792E+01  0.3518519E+00  0.0000000E+00
-0.3507331E+01  0.3640615E+00  0.0000000E+00
-0.3483871E+01  0.3766897E+00  0.0000000E+00
-0.3460411E+01  0.3897505E+00  0.0000000E+00
-0.3436950E+01  0.4032583E+00  0.0000000E+00
-0.3413490E+01  0.4172280E+00  0.0000000E+00
-0.3390029E+01  0.4316749E+00  0.0000000E+00
-0.3366569E+01  0.4466149E+00  0.0000000E+00
-0.3343109E+01  0.4620642E+00  0.0000000E+00
-0.3319648E+01  0.4780398E+00  0.0000000E+00
-0.3296188E+01  0.4945589E+00  0.0000000E+00
-0.3272727E+01  0.5116395E+00  0.0000000E+00
-0.3249267E+01  0.5292998E+00  0.0000000E+00
-0.3225806E+01  0.5475590E+00  0.0000000E+00
-0.3202346E+01  0.5664366E+00  0.0000000E+00
-0.3178886E+01  0.5859526E+00  0.0000000E+00
-0.3155425E+01  0.6061277E+00  0.0000000E+00
-0.3131965E+01  0.6269835E+00  0.0000000E+00
-0.3108504E+01  0.6485417E+00  0.0000000E+00
-0.3085044E+01  0.6708249E+00  0.0000000E+00
-0.3061584E+01  0.6938565E+00  0.0000000E+00
-0.3038123E+01  0.7176603E+00  0.0000000E+00
-0.3014663E+01  0.7422610E+00  0.0000000E+00
-0.2991202E+01  0.7676837E+00  0.0000000E+00
-0.2967742E+01  0.7939544E+00  0.0000000E+00
-0.2944282E+01  0.8210999E+00  0.0000000E+00
-0.2920821E+01  0.8491476E+00  0.0000000E+00
-0.2897361E+01  0.8781257E+00  0.0000000E+00
-0.2873900E+01  0.9080630E+00  0.0000000E+00
-0.2850440E+01  0.9389891E+00  0.0000000E+00
-0.2826979E+01  0.9709347E+00  0.0000000E+00
-0.2803519E+01  0.1003931E+01  0.0000000E+00
-0.2780059E+01  0.1038009E+01  0.0000000E+00
-0.2756598E+01  0.1073203E+01  0.0000000E+00
-0.2733138E+01  0.1109546E+01  0.0000000E+00
-0.2709677E+01  0.1147073E+01  0.0000000E+00
-0.2686217E+01  0.1185818E+01  0.0000000E+00
-0.2662757E+01  0.1225817E+01  0.0000000E+00
-0.2639296E+01  0.1267108E+01  0.0000000E+00
-0.2615836E+01  0.1309729E+01  0.0000000E+00
-0.2592375E+01  0.1353716E+01  0.0000000E+00
-0.2568915E+01  0.1399111E+01  0.0000000E+00
-0.2545455E+01  0.1445953E+01  0.0000000E+00
-0.2521994E+01  0.1494282E+01  0.0000000E+00
-0.2498534E+01  0.1544141E+01  0.0000000E+00
-0.2475073E+01  0.1595572E+01  0.0000000E+00
-0.2451613E+01  0.1648619E+01  0.0000000E+00
-0.2428152E+01  0.1703324E+01  0.0000000E+00
-0.2404692E+01  0.1759733E+01  0.0000000E+00
-0.2381232E+01  0.1817891E+01  0.0000000E+00
-0.2357771E+01  0.1877844E+01  0.0000000E+00
-0.2334311E+01  0.1939639E+01  0.0000000E+00
-0.2310850E+01  0.2003323E+01  0.0000000E+00
-0.2287390E+01  0.2068944E+01  0.0000000E+00
-0.2263930E+01  0.2136550E+01  0.0000000E+00
-0.2240469E+01  0.2206189E+01  0.0000000E+00
-0.2217009E+01  0.2277911E+01  0.0000000E+00
-0.2193548E+01  0.2351766E+01  0.0000000E+00
-0.2170088E+01  0.2427803E+01  0.0000000E+00
-0.2146628E+01  0.2506072E+01  0.0000000E+00
-0.2123167E+01  0.2586623E+01  0.0000000E+00
-0.2099707E+01  0.2669506E+01  0.0000000E+00
-0.2076246E+01  0.2754772E+01  0.0000000E+00
-0.2052786E+01  0.2842469E+01  0.0000000E+00
-0.2029326E+01  0.2932649E+01  0.0000000E+00
-0.2005865E+01  0.3025359E+01  0.0000000E+00
-0.1982405E+01  0.3120649E+01  0.0000000E+00
-0.1958944E+01  0.3218567E+01  0.0000000E+00
-0.1935484E+01  0.3319159E+01  0.0000000E+00
-0.1912023E+01  0.3422473E+01  0.0000000E+00
-0.1888563E+01  0.3528554E+01  0.0000000E+00
-0.1865103E+01  0.3637445E+01  0.0000000E+00
-0.1841642E+01  0.3749189E+01  0.0000000E+00
-0.1818182E+01  0.3863827E+01  0.0000000E+00
-0.1794721E+01  0.3981398E+01  0.0000000E+00
-0.1771261E+01  0.4101939E+01  0.0000000E+00
-0.1747801E+01  0.4225484E+01  0.0000000E+00
-0.1724340E+01  0.4352067E+01  0.0000000E+00
-0.1700880E+01  0.4481716E+01  0.0000000E+00
-0.1677419E+01  0.4614458E+01  0.0000000E+00
-0.1653959E+01  0.4750316E+01  0.0000000E+00
-0.1630499E+01  0.4889310E+01  0.0000000E+00
-0.1607038E+01  0.5031455E+01  0.0000000E+00
-0.1583578E+01  0.5176765E+01  0.0000000E+00
-0.1560117E+01  0.5325245E+01  0.0000000E+00
-0.1536657E+01  0.5476899E+01  0.0000000E+00
-0.1513196E+01  0.5631724E+01  0.0000000E+00
-0.1489736E+01  0.5789713E+01  0.0000000E+00
-0.1466276E+01  0.5950852E+01  0.0000000E+00
-0.1442815E+01  0.6115123E+01  0.0000000E+00
-0.1419355E+01  0.6282498E+01  0.0000000E+00
-0.1395894E+01  0.6452947E+01  0.0000000E+00
-0.1372434E+01  0.6626430E+01  0.0000000E+00
-0.1348974E+01  0.6802899E+01  0.0000000E+00
-0.1325513E+01  0.6982300E+01  0.0000000E+00
-0.1302053E+01  0.7164572E+01  0.0000000E+00
-0.1278592E+01  0.7349643E+01  0.0000000E+00
-0.1255132E+01  0.7537433E+01  0.0000000E+00
-0.1231672E+01  0.7727855E+01  0.0000000E+00
-0.1208211E+01  0.7920810E+01  0.0000000E+00
-0.1184751E+01  0.8116192E+01  0.0000000E+00
-0.1161290E+01  0.8313882E+01  0.0000000E+00
-0.1137830E+01  0.8513755E+01  0.0000000E+00
-0.1114370E+01  0.8715672E+01  0.0000000E+00
-0.1090909E+01  0.8919485E+01  0.0000000E+00
-0.1067449E+01  0.9125037E+01  0.0000000E+00
-0.1043988E+01  0.9332158E+01  0.0000000E+00
-0.1020528E+01  0.9540667E+01  0.0000000E+00
-0.9970674E+00  0.9750374E+01  0.0000000E+00
-0.9736070E+00  0.9961078E+01  0.0000000E+00
-0.9501466E+00  0.1017256E+02  0.0000000E+00
-0.9266862E+00  0.1038461E+02  0.0000000E+00
-0.9032258E+00  0.1059698E+02  0.0000000E+00
-0.8797654E+00  0.1080944E+02  0.0000000E+00
-0.8563050E+00  0.1102172E+02  0.0000000E+00
-0.8328446E+00  0.1123356E+02  0.0000000E+00
-0.8093842E+00  0.1144470E+02  0.0000000E+00
-0.7859238E+00  0.1165483E+02  0.0000000E+00
-0.7624633E+00  0.1186369E+02  0.0000000E+00
-0.7390029E+00  0.1207095E+02  0.0000000E+00
-0.7155425E+00  0.1227633E+02  0.0000000E+00
-0.6920821E+00  0.1247950E+02  0.0000000E+00
-0.6686217E+00  0.1268014E+02  0.0000000E+00
-0.6451613E+00  0.1287794E+02  0.0000000E+00
-0.6217009E+00  0.1307255E+02  0.0000000E+00
-0.5982405E+00  0.1326366E+02  0.0000000E+00
-0.5747801E+00  0.1345092E+02  0.0000000E+00
-0.5513196E+00  0.1363401E+02  0.0000000E+00
-0.5278592E+00  0.1381258E+02  0.0000000E+00
-0.5043988E+00  0.1398630E+02  0.0000000E+00
-0.4809384E+00  0.1415484E+02  0.0000000E+00
-0.4574780E+00  0.1431787E+02  0.0000000E+00
-0.4340176E+00  0.1447507E+02  0.0000000E+00
-0.4105572E+00  0.1462611E+02  0.0000000E+00
-0.3870968E+00  0.1477070E+02  0.0000000E+00
-0.3636364E+00  0.1490852E+02  0.0000000E+00
-0.3401760E+00  0.1503928E+02  0.0000000E+00
-0.3167155E+00  0.1516271E+02  0.0000000E+00
-0.2932551E+00  0.1527853E+02  0.0000000E+00
-0.2697947E+00  0.1538649E+02  0.0000000E+00
-0.2463343E+00  0.1548635E+02  0.0000000E+00
-0.2228739E+00  0.1557788E+02  0.0000000E+00
-0.1994135E+00  0.1566088E+02  0.0000000E+00
-0.1759531E+00  0.1573514E+02  0.0000000E+00
-0.1524927E+00  0.1580051E+02  0.0000000E+00
-0.1290323E+00  0.1585683E+02  0.0000000E+00
-0.1055718E+00  0.1590397E+02  0.0000000E+00
-0.8211144E-01  0.1594182E+02  0.0000000E+00
-0.5865103E-01  0.1597028E+02  0.0000000E+00
-0.3519062E-01  0.1598929E+02  0.0000000E+00
-0.1173021E-01  0.1599881E+02  0.0000000E+00
 0.1173021E-01  0.1599881E+02  0.0000000E+00
 0.3519062E-01  0.1598929E+02  0.0000000E+00
 0.5865103E-01  0.1597028E+02  0.0000000E+00
 0.8211144E-01  0.1594182E+02  0.0000000E+00
 0.1055718E+00  0.1590397E+02  0.0000000E+00
 0.1290323E+00  0.1585683E+02  0.0000000E+00
 0.1524927E+00  0.1580051E+02  0.0000000E+00
 0.1759531E+00  0.1573514E+02  0.0000000E+00
 0.1994135E+00  0.1566088E+02  0.0000000E+00
 0.2228739E+00  0.1557788E+02  0.0000000E+00
 0.2463343E+00  0.1548635E+02  0.0000000E+00
 0.2697947E+00  0.1538649E+02  0.0000000E+00
 0.2932551E+00  0.1527853E+02  0.0000000E+00
 0.3167155E+00  0.1516271E+02  0.0000000E+00
 0.3401760E+00  0.1503928E+02  0.0000000E+00
 0.3636364E+00  0.1490852E+02  0.0000000E+00
 0.3870968E+00  0.1477070E+02  0.0000000E+00
 0.4105572E+00  0.1462611E+02  0.0000000E+00
 0.4340176E+00  0.1447507E+02  0.0000000E+00
 0.4574780E+00  0.1431787E+02  0.0000000E+00
 0.4809384E+00  0.1415484E+02  0.0000000E+00
 0.5043988E+00  0.1398630E+02  0.0000000E+00
 0.5278592E+00  0.1381258E+02  0.0000000E+00
 0.5513196E+00  0.1363401E+02  0.0000000E+00
 0.5747801E+00  0.1345092E+02  0.0000000E+00
 0.5982405E+00  0.1326366E+02  0.0000000E+00
 0.6217009E+00  0.1307255E+02  0.0000000E+00
 0.6451613E+00  0.1287794E+02  0.0000000E+00
 0.6686217E+00  0.1268014E+02  0.0000000E+00
 0.6920821E+00  0.1247950E+02  0.0000000E+00
 0.7155425E+00  0.1227633E+02  0.0000000E+00
 0.7390029E+00  0.1207095E+02  0.0000000E+00
 0.7624633E+00  0.1186369E+02  0.0000000E+00
 0.7859238E+00  0.1165483E+02  0.0000000E+00
 0.8093842E+00  0.1144470E+02  0.0000000E+00
 0.8328446E+00  0.1123356E+02  0.0000000E+00
 0.8563050E+00  0.1102172E+02  0.0000000E+00
 0.8797654E+00  0.1080944E+02  0.0000000E+00
 0.9032258E+00  0.1059698E+02  0.0000000E+00
 0.9266862E+00  0.1038461E+02  0.0000000E+00
 0.9501466E+00  0.1017256E+02  0.0000000E+00
 0.9736070E+00  0.9961078E+01  0.0000000E+00
 0.9970674E+00  0.9750374E+01  0.0000000E+00
 0.1020528E+01  0.9540667E+01  0.0000000E+00
 0.1043988E+01  0.9332158E+01  0.0000000E+00
 0.1067449E+01  0.9125037E+01  0.0000000E+00
 0.1090909E+01  0.8919485E+01  0.0000000E+00
 0.1114370E+01  0.8715672E+01  0.0000000E+00
 0.1137830E+01  0.8513755E+01  0.0000000E+00
 0.1161290E+01  0.8313882E+01  0.0000000E+00
 0.1184751E+01  0.8116192E+01  0.0000000E+00
 0.1208211E+01  0.7920810E+01  0.0000000E+00
 0.1231672E+01  0.7727855E+01  0.0000000E+00
 0.1255132E+01  0.7537433E+01  0.0000000E+00
 0.1278592E+01  0.7349643E+01  0.0000000E+00
 0.1302053E+01  0.7164572E+01  0.0000000E+00
 0.1325513E+01  0.6982300E+01  0.0000000E+00
 0.1348974E+01  0.6802899E+01  0.0000000E+00
 0.1372434E+01  0.6626430E+01  0.0000000E+00
 0.1395894E+01  0.6452947E+01  0.0000000E+00
 0.1419355E+01  0.6282498E+01  0.0000000E+00
 0.1442815E+01  0.6115123E+01  0.0000000E+00
 0.1466276E+01  0.5950852E+01  0.0000000E+00
 0.1489736E+01  0.5789713E+01  0.0000000E+00
 0.1513196E+01  0.5631724E+01  0.0000000E+00
 0.1536657E+01  0.5476899E+01  0.0000000E+00
 0.1560117E+01  0.5325245E+01  0.0000000E+00
 0.1583578E+01  0.5176765E+01  0.0000000E+00
 0.1607038E+01  0.5031455E+01  0.0000000E+00
 0.1630499E+01  0.4889310E+01  0.0000000E+00
 0.1653959E+01  0.4750316E+01  0.0000000E+00
 0.1677419E+01  0.4614458E+01  0.0000000E+00
 0.1700880E+01  0.4481716E+01  0.0000000E+00
 0.1724340E+01  0.4352067E+01  0.0000000E+00
 0.1747801E+01  0.4225484E+01  0.0000000E+00
 0.1771261E+01  0.4101939E+01  0.0000000E+00
 0.1794721E+01  0.3981398E+01  0.0000000E+00
 0.1818182E+01  0.3863827E+01  0.0000000E+00
 0.1841642E+01  0.3749189E+01  0.0000000E+00
 0.1865103E+01  0.3637445E+01  0.0000000E+00
 0.1888563E+01  0.3528554E+01  0.0000000E+00
 0.1912023E+01  0.3422473E+01  0.0000000E+00
 0.1935484E+01  0.3319159E+01  0.0000000E+00
 0.1958944E+01  0.3218567E+01  0.0000000E+00
 0.1982405E+01  0.3120649E+01  0.0000000E+00
 0.2005865E+01  0.3025359E+01  0.0000000E+00
 0.2029326E+01  0.2932649E+01  0.0000000E+00
 0.2052786E+01  0.2842469E+01  0.0000000E+00
 0.2076246E+01  0.2754772E+01  0.0000000E+00
 0.2099707E+01  0.2669506E+01  0.0000000E+00
 0.2123167E+01  0.2586623E+01  0.0000000E+00
 0.2146628E+01  0.2506072E+01  0.0000000E+00
 0.2170088E+01  0.2427803E+01  0.0000000E+00
 0.2193548E+01  0.2351766E+01  0.0000000E+00
 0.2217009E+01  0.2277911E+01  0.0000000E+00
 0.2240469E+01  0.2206189E+01  0.0000000E+00
 0.2263930E+01  0.2136550E+01  0.0000000E+00
 0.2287390E+01  0.2068944E+01  0.0000000E+00
 0.2310850E+01  0.2003323E+01  0.0000000E+00
 0.2334311E+01  0.1939639E+01  0.0000000E+00
 0.2357771E+01  0.1877844E+01  0.0000000E+00
 0.2381232E+01  0.1817891E+01  0.0000000E+00
 0.2404692E+01  0.1759733E+01  0.0000000E+00
 0.2428152E+01  0.1703324E+01  0.0000000E+00
 0.2451613E+01  0.1648619E+01  0.0000000E+00
 0.2475073E+01  0.1595572E+01  0.0000000E+00
 0.2498534E+01  0.1544141E+01  0.0000000E+00
 0.2521994E+01  0.1494282E+01  0.0000000E+00
 0.2545455E+01  0.1445953E+01  0.0000000E+00
 0.2568915E+01  0.1399111E+01  0.0000000E+00
 0.2592375E+01  0.1353716E+01  0.0000000E+00
 0.2615836E+01  0.1309729E+01  0.0000000E+00
 0.2639296E+01  0.1267108E+01  0.0000000E+00
 0.2662757E+01  0.1225817E+01  0.0000000E+00
 0.2686217E+01  0.1185818E+01  0.0000000E+00
 0.2709677E+01  0.1147073E+01  0.0000000E+00
 0.2733138E+01  0.1109546E+01  0.0000000E+00
 0.2756598E+01  0.1073203E+01  0.0000000E+00
 0.2780059E+01  0.1038009E+01  0.0000000E+00
 0.2803519E+01  0.1003931E+01  0.0000000E+00
 0.2826979E+01  0.9709347E+00  0.0000000E+00
 0.2850440E+01  0.9389891E+00  0.0000000E+00
 0.2873900E+01  0.9080630E+00  0.0000000E+00
 0.2897361E+01  0.8781257E+00  0.0000000E+00
 0.2920821E+01  0.8491476E+00  0.0000000E+00
 0.2944282E+01  0.8210999E+00  0.0000000E+00
 0.2967742E+01  0.7939544E+00  0.0000000E+00
 0.2991202E+01  0.7676837E+00  0.0000000E+00
 0.3014663E+01  0.7422610E+00  0.0000000E+00
 0.3038123E+01  0.7176603E+00  0.0000000E+00
 0.3061584E+01  0.6938565E+00  0.0000000E+00
 0.3085044E+01  0.6708249E+00  0.0000000E+00
 0.3108504E+01  0.6485417E+00  0.0000000E+00
 0.3131965E+01  0.6269835E+00  0.0000000E+00
 0.3155425E+01  0.6061277E+00  0.0000000E+00
 0.3178886E+01  0.5859526E+00  0.0000000E+00
 0.3202346E+01  0.5664366E+00  0.0000000E+00
 0.3225806E+01  0.5475590E+00  0.0000000E+00
 0.3249267E+01  0.5292998E+00  0.0000000E+00
 0.3272727E+01  0.5116395E+00  0.0000000E+00
 0.3296188E+01  0.4945589E+00  0.0000000E+00
 0.3319648E+01  0.4780398E+00  0.0000000E+00
 0.3343109E+01  0.4620642E+00  0.0000000E+00
 0.3366569E+01  0.4466149E+00  0.0000000E+00
 0.3390029E+01  0.4316749E+00  0.0000000E+00
 0.3413490E+01  0.4172280E+00  0.0000000E+00
 0.3436950E+01  0.4032583E+00  0.0000000E+00
 0.3460411E+01  0.3897505E+00  0.0000000E+00
 0.3483871E+01  0.3766897E+00  0.0000000E+00
 0.3507331E+01  0.3640615E+00  0.0000000E+00
 0.3530792E+01  0.3518519E+00  0.0000000E+00
 0.3554252E+01  0.3400473E+00  0.0000000E+00
 0.3577713E+01  0.3286346E+00  0.0000000E+00
 0.3601173E+01  0.3176010E+00  0.0000000E+00
 0.3624633E+01  0.3069343E+00  0.0000000E+00
 0.3648094E+01  0.2966224E+00  0.0000000E+00
 0.3671554E+01  0.2866538E+00  0.0000000E+00
 0.3695015E+01  0.2770172E+00  0.0000000E+00
 0.3718475E+01  0.2677019E+00  0.0000000E+00
 0.3741935E+01  0.2586972E+00  0.0000000E+00
 0.3765396E+01  0.2499930E+00  0.0000000E+00
 0.3788856E+01  0.2415794E+00  0.0000000E+00
 0.3812317E+01  0.2334469E+00  0.0000000E+00
 0.3835777E+01  0.2255862E+00  0.0000000E+00
 0.3859238E+01  0.2179884E+00  0.0000000E+00
 0.3882698E+01  0.2106447E+00  0.0000000E+00
 0.3906158E+01  0.2035469E+00  0.0000000E+00
 0.3929619E+01  0.1966867E+00  0.0000000E+00
 0.3953079E+01  0.1900564E+00  0.0000000E+00
 0.3976540E+01  0.1836482E+00  0.0000000E+00
 0.4000000E+01  0.1774549E+00  0.0000000E+00
 0.4023460E+01  0.1714694E+00  0.0000000E+00
 0.4046921E+01  0.1656847E+00  0.0000000E+00
 0.4070381E+01  0.1600941E+00  0.0000000E+00
 0.4093842E+01  0.1546913E+00  0.0000000E+00
 0.4117302E+01  0.1494699E+00  0.0000000E+00
 0.4140762E+01  0.1444240E+00  0.0000000E+00
 0.4164223E+01  0.1395476E+00  0.0000000E+00
 0.4187683E+01  0.1348352E+00  0.0000000E+00
 0.4211144E+01  0.1302813E+00  0.0000000E+00
 0.4234604E+01  0.1258806E+00  0.0000000E+00
 0.4258065E+01  0.1216280E+00  0.0000000E+00
 0.4281525E+01  0.1175185E+00  0.0000000E+00
 0.4304985E+01  0.1135473E+00  0.0000000E+00
 0.4328446E+01  0.1097099E+00  0.0000000E+00
 0.4351906E+01  0.1060017E+00  0.0000000E+00
 0.4375367E+01  0.1024185E+00  0.0000000E+00
 0.4398827E+01  0.9895603E-01  0.0000000E+00
 0.4422287E+01  0.9561025E-01  0.0000000E+00
 0.4445748E+01  0.9237726E-01  0.0000000E+00
 0.4469208E+01  0.8925329E-01  0.0000000E+00
 0.4492669E+01  0.8623468E-01  0.0000000E+00
 0.4516129E+01  0.8331790E-01  0.0000000E+00
 0.4539589E+01  0.8049952E-01  0.0000000E+00
 0.4563050E+01  0.7777624E-01  0.0000000E+00
 0.4586510E+01  0.7514487E-01  0.0000000E+00
 0.4609971E+01  0.7260233E-01  0.0000000E+00
 0.4633431E+01  0.7014563E-01  0.0000000E+00
 0.4656891E+01  0.6777187E-01  0.0000000E+00
 0.4680352E+01  0.6547829E-01  0.0000000E+00
 0.4703812E+01  0.6326216E-01  0.0000000E+00
 0.4727273E+01  0.6112090E-01  0.0000000E+00
 0.4750733E+01  0.5905199E-01  0.0000000E+00
 0.4774194E+01  0.5705297E-01  0.0000000E+00
 0.4797654E+01  0.5512152E-01  0.0000000E+00
 0.4821114E+01  0.5325533E-01  0.0000000E+00
 0.4844575E+01  0.5145223E-01  0.0000000E+00
 0.4868035E+01  0.4971008E-01  0.0000000E+00
 0.4891496E+01  0.4802684E-01  0.0000000E+00
 0.4914956E+01  0.4640050E-01  0.0000000E+00
 0.4938416E+01  0.4482916E-01  0.0000000E+00
 0.4961877E+01  0.4331096E-01  0.0000000E+00
 0.4985337E+01  0.4184411E-01  0.0000000E+00
 0.5008798E+01  0.4042688E-01  0.0000000E+00
 0.5032258E+01  0.3905759E-01  0.0000000E+00
 0.5055718E+01  0.3773462E-01  0.0000000E+00
 0.5079179E+01  0.3645641E-01  0.0000000E+00
 0.5102639E+01  0.3522146E-01  0.0000000E+00
 0.5126100E+01  0.3402829E-01  0.0000000E+00
 0.5149560E+01  0.3287550E-01  0.0000000E+00
 0.5173021E+01  0.3176172E-01  0.0000000E+00
 0.5196481E+01  0.3068565E-01  0.0000000E+00
 0.5219941E+01  0.2964599E-01  0.0000000E+00
 0.5243402E+01  0.2864153E-01  0.0000000E+00
 0.5266862E+01  0.2767107E-01  0.0000000E+00
 0.5290323E+01  0.2673347E-01  0.0000000E+00
 0.5313783E+01  0.2582761E-01  0.0000000E+00
 0.5337243E+01  0.2495242E-01  0.0000000E+00
 0.5360704E+01  0.2410686E-01  0.0000000E+00
 0.5384164E+01  0.2328994E-01  0.0000000E+00
 0.5407625E+01  0.2250068E-01  0.0000000E+00
 0.5431085E+01  0.2173815E-01  0.0000000E+00
 0.5454545E+01  0.2100145E-01  0.0000000E+00
 0.5478006E+01  0.2028969E-01  0.0000000E+00
 0.5501466E+01  0.1960205E-01  0.0000000E+00
 0.5524927E+01  0.1893769E-01  0.0000000E+00
 0.5548387E+01  0.1829584E-01  0.0000000E+00
 0.5571848E+01  0.1767573E-01  0.0000000E+00
 0.5595308E+01  0.1707662E-01  0.0000000E+00
 0.5618768E+01  0.1649782E-01  0.0000000E+00
 0.5642229E+01  0.1593862E-01  0.0000000E+00
 0.5665689E+01  0.1539836E-01  0.0000000E+00
 0.5689150E+01  0.1487641E-01  0.0000000E+00
 0.5712610E+01  0.1437215E-01  0.0000000E+00
 0.5736070E+01  0.1388497E-01  0.0000000E+00
 0.5759531E+01  0.1341429E-01  0.0000000E+00
 0.5782991E+01  0.1295957E-01  0.0000000E+00
 0.5806452E+01  0.1252025E-01  0.0000000E+00
 0.5829912E+01  0.1209582E-01  0.0000000E+00
 0.5853372E+01  0.1168578E-01  0.0000000E+00
 0.5876833E+01  0.1128963E-01  0.0000000E+00
 0.5900293E+01  0.1090690E-01  0.0000000E+00
 0.5923754E+01  0.1053714E-01  0.0000000E+00
 0.5947214E+01  0.1017992E-01  0.0000000E+00
 0.5970674E+01  0.9834802E-02  0.0000000E+00
 0.5994135E+01  0.9501381E-02  0.0000000E+00
 0.6017595E+01  0.9179260E-02  0.0000000E+00
 0.6041056E+01  0.8868057E-02  0.0000000E+00
 0.6064516E+01  0.8567402E-02  0.0000000E+00
 0.6087977E+01  0.8276937E-02  0.0000000E+00
 0.6111437E+01  0.7996318E-02  0.0000000E+00
 0.6134897E+01  0.7725210E-02  0.0000000E+00
 0.6158358E+01  0.7463292E-02  0.0000000E+00
 0.6181818E+01  0.7210252E-02  0.0000000E+00
 0.6205279E+01  0.6965789E-02  0.0000000E+00
 0.6228739E+01  0.6729614E-02  0.0000000E+00
 0.6252199E+01  0.6501444E-02  0.0000000E+00
 0.6275660E+01  0.6281008E-02  0.0000000E+00
 0.6299120E+01  0.6068046E-02  0.0000000E+00
 0.6322581E+01  0.5862302E-02  0.0000000E+00
 0.6346041E+01  0.5663534E-02  0.0000000E+00
 0.6369501E+01  0.5471503E-02  0.0000000E+00
 0.6392962E+01  0.5285983E-02  0.0000000E+00
 0.6416422E+01  0.5106752E-02  0.0000000E+00
 0.6439883E+01  0.4933597E-02  0.0000000E+00
 0.6463343E+01  0.4766313E-02  0.0000000E+00
 0.6486804E+01  0.4604700E-02  0.0000000E+00
 0.6510264E+01  0.4448566E-02  0.0000000E+00
 0.6533724E+01  0.4297725E-02  0.0000000E+00
 0.6557185E+01  0.4151999E-02  0.0000000E+00
 0.6580645E+01  0.4011213E-02  0.0000000E+00
 0.6604106E+01  0.3875200E-02  0.0000000E+00
 0.6627566E+01  0.3743799E-02  0.0000000E+00
 0.6651026E+01  0.3616852E-02  0.0000000E+00
 0.6674487E+01  0.3494210E-02  0.0000000E+00
 0.6697947E+01  0.3375726E-02  0.0000000E+00
 0.6721408E+01  0.3261259E-02  0.0000000E+00
 0.6744868E+01  0.3150674E-02  0.0000000E+00
 0.6768328E+01  0.3043837E-02  0.0000000E+00
 0.6791789E+01  0.2940624E-02  0.0000000E+00
 0.6815249E+01  0.2840909E-02  0.0000000E+00
 0.6838710E+01  0.2744576E-02  0.0000000E+00
 0.6862170E+01  0.2651509E-02  0.0000000E+00
 0.6885630E+01  0.2561598E-02  0.0000000E+00
 0.6909091E+01  0.2474735E-02  0.0000000E+00
 0.6932551E+01  0.2390817E-02  0.0000000E+00
 0.6956012E+01  0.2309745E-02  0.0000000E+00
 0.6979472E+01  0.2231422E-02  0.0000000E+00
 0.7002933E+01  0.2155754E-02  0.0000000E+00
 0.7026393E+01  0.2082653E-02  0.0000000E+00
 0.7049853E+01  0.2012030E-02  0.0000000E+00
 0.7073314E+01  0.1943801E-02  0.0000000E+00
 0.7096774E+01  0.1877887E-02  0.0000000E+00
 0.7120235E+01  0.1814207E-02  0.0000000E+00
 0.7143695E+01  0.1752686E-02  0.0000000E+00
 0.7167155E+01  0.1693252E-02  0.0000000E+00
 0.7190616E+01  0.1635833E-02  0.0000000E+00
 0.7214076E+01  0.1580361E-02  0.0000000E+00
 0.7237537E+01  0.1526770E-02  0.0000000E+00
 0.7260997E+01  0.1474996E-02  0.0000000E+00
 0.7284457E+01  0.1424978E-02  0.0000000E+00
 0.7307918E+01  0.1376656E-02  0.0000000E+00
 0.7331378E+01  0.1329972E-02  0.0000000E+00
 0.7354839E+01  0.1284872E-02  0.0000000E+00
 0.7378299E+01  0.1241301E-02  0.0000000E+00
 0.7401760E+01  0.1199207E-02  0.0000000E+00
 0.7425220E+01  0.1158541E-02  0.0000000E+00
 0.7448680E+01  0.1119253E-02  0.0000000E+00
 0.7472141E+01  0.1081298E-02  0.0000000E+00
 0.7495601E+01  0.1044630E-02  0.0000000E+00
 0.7519062E+01  0.1009205E-02  0.0000000E+00
 0.7542522E+01  0.9749821E-03  0.0000000E+00
 0.7565982E+01  0.9419192E-03  0.0000000E+00
 0.7589443E+01  0.9099775E-03  0.0000000E+00
 0.7612903E+01  0.8791190E-03  0.0000000E+00
 0.7636364E+01  0.8493069E-03  0.0000000E+00
 0.7659824E+01  0.8205057E-03  0.0000000E+00
 0.7683284E+01  0.7926812E-03  0.0000000E+00
 0.7706745E+01  0.7658003E-03  0.0000000E+00
 0.7730205E+01  0.7398309E-03  0.0000000E+00
 0.7753666E+01  0.7147421E-03  0.0000000E+00
 0.7777126E+01  0.6905041E-03  0.0000000E+00
 0.7800587E+01  0.6670880E-03  0.0000000E+00
 0.7824047E+01  0.6444661E-03  0.0000000E+00
 0.7847507E+01  0.6226112E-03  0.0000000E+00
 0.7870968E+01  0.6014974E-03  0.0000000E+00
 0.7894428E+01  0.5810997E-03  0.0000000E+00
 0.7917889E+01  0.5613936E-03  0.0000000E+00
 0.7941349E+01  0.5423558E-03  0.0000000E+00
 0.7964809E+01  0.5239636E-03  0.0000000E+00
 0.7988270E+01  0.5061951E-03  0.0000000E+00
 0.8011730E+01  0.4890292E-03  0.0000000E+00
 0.8035191E+01  0.4724454E-03  0.0000000E+00
 0.8058651E+01  0.4564239E-03  0.0000000E+00
 0.8082111E+01  0.4409458E-03  0.0000000E+00
 0.8105572E+01  0.4259925E-03  0.0000000E+00
 0.8129032E+01  0.4115463E-03  0.0000000E+00
 0.8152493E+01  0.3975900E-03  0.0000000E+00
 0.8175953E+01  0.3841070E-03  0.0000000E+00
 0.8199413E+01  0.3710812E-03  0.0000000E+00
 0.8222874E+01  0.3584972E-03  0.0000000E+00
 0.8246334E+01  0.3463399E-03  0.0000000E+00
 0.8269795E+01  0.3345948E-03  0.0000000E+00
 0.8293255E+01  0.3232481E-03  0.0000000E+00
 0.8316716E+01  0.3122861E-03  0.0000000E+00
 0.8340176E+01  0.3016959E-03  0.0000000E+00
 0.8363636E+01  0.2914648E-03  0.0000000E+00
 0.8387097E+01  0.2815807E-03  0.0000000E+00
 0.8410557E+01  0.2720317E-03  0.0000000E+00
 0.8434018E+01  0.2628066E-03  0.0000000E+00
 0.8457478E+01  0.2538943E-03  0.0000000E+00
 0.8480938E+01  0.2452842E-03  0.0000000E+00
 0.8504399E+01  0.2369662E-03  0.0000000E+00
 0.8527859E+01  0.2289302E-03  0.0000000E+00
 0.8551320E+01  0.2211667E-03  0.0000000E+00
 0.8574780E+01  0.2136665E-03  0.0000000E+00
 0.8598240E+01  0.2064206E-03  0.0000000E+00
 0.8621701E+01  0.1994205E-03  0.0000000E+00
 0.8645161E+01  0.1926577E-03  0.0000000E+00
 0.8668622E+01  0.1861243E-03  0.0000000E+00
 0.8692082E+01  0.1798124E-03  0.0000000E+00
 0.8715543E+01  0.1737146E-03  0.0000000E+00
 0.8739003E+01  0.1678236E-03  0.0000000E+00
 0.8762463E+01  0.1621324E-03  0.0000000E+00
 0.8785924E+01  0.1566341E-03  0.0000000E+00
 0.8809384E+01  0.1513223E-03  0.0000000E+00
 0.8832845E+01  0.1461907E-03  0.0000000E+00
 0.8856305E+01  0.1412330E-03  0.0000000E+00
 0.8879765E+01  0.1364435E-03  0.0000000E+00
 0.8903226E+01  0.1318164E-03  0.0000000E+00
 0.8926686E+01  0.1273463E-03  0.0000000E+00
 0.8950147E+01  0.1230277E-03  0.0000000E+00
 0.8973607E+01  0.1188556E-03  0.0000000E+00
 0.8997067E+01  0.1148249E-03  0.0000000E+00
 0.9020528E+01  0.1109310E-03  0.0000000E+00
 0.9043988E+01  0.1071691E-03  0.0000000E+00
 0.9067449E+01  0.1035347E-03  0.0000000E+00
 0.9090909E+01  0.1000236E-03  0.0000000E+00
 0.9114370E+01  0.9663162E-04  0.0000000E+00
 0.9137830E+01  0.9335464E-04  0.0000000E+00
 0.9161290E+01  0.9018878E-04  0.0000000E+00
 0.9184751E+01  0.8713029E-04  0.0000000E+00
 0.9208211E+01  0.8417551E-04  0.0000000E+00
 0.9231672E+01  0.8132094E-04  0.0000000E+00
 0.9255132E+01  0.7856317E-04  0.0000000E+00
 0.9278592E+01  0.7589892E-04  0.0000000E+00
 0.9302053E+01  0.7332503E-04  0.0000000E+00
 0.9325513E+01  0.7083841E-04  0.0000000E+00
 0.9348974E+01  0.6843613E-04  0.0000000E+00
 0.9372434E+01  0.6611531E-04  0.0000000E+00
 0.9395894E+01  0.6387320E-04  0.0000000E+00
 0.9419355E+01  0.6170712E-04  0.0000000E+00
 0.9442815E+01  0.5961450E-04  0.0000000E+00
 0.9466276E+01  0.5759284E-04  0.0000000E+00
 0.9489736E+01  0.5563974E-04  0.0000000E+00
 0.9513196E+01  0.5375287E-04  0.0000000E+00
 0.9536657E+01  0.5193000E-04  0.0000000E+00
 0.9560117E+01  0.5016894E-04  0.0000000E+00
 0.9583578E+01  0.4846760E-04  0.0000000E+00
 0.9607038E+01  0.4682396E-04  0.0000000E+00
 0.9630499E+01  0.4523605E-04  0.0000000E+00
 0.9653959E+01  0.4370200E-04  0.0000000E+00
 0.9677419E+01  0.4221997E-04  0.0000000E+00
 0.9700880E+01  0.4078820E-04  0.0000000E+00
 0.9724340E+01  0.3940498E-04  0.0000000E+00
 0.9747801E+01  0.3806867E-04  0.0000000E+00
 0.9771261E+01  0.3677768E-04  0.0000000E+00
 0.9794721E+01  0.3553046E-04  0.0000000E+00
 0.9818182E+01  0.3432555E-04  0.0000000E+00
 0.9841642E+01  0.3316149E-04  0.0000000E+00
 0.9865103E+01  0.3203691E-04  0.0000000E+00
 0.9888563E+01  0.3095047E-04  0.0000000E+00
 0.9912023E+01  0.2990087E-04  0.0000000E+00
 0.9935484E+01  0.2888687E-04  0.0000000E+00
 0.9958944E+01  0.2790725E-04  0.0000000E+00
 0.9982405E+01  0.2696085E-04  0.0000000E+00
 0.1000587E+02  0.2604655E-04  0.0000000E+00
 0.1002933E+02  0.2516325E-04  0.0000000E+00
 0.1005279E+02  0.2430991E-04  0.0000000E+00
 0.1007625E+02  0.2348551E-04  0.0000000E+00
 0.1009971E+02  0.2268906E-04  0.0000000E+00
 0.1012317E+02  0.2191963E-04  0.0000000E+00
 0.1014663E+02  0.2117628E-04  0.0000000E+00
 0.1017009E+02  0.2045815E-04  0.0000000E+00
 0.1019355E+02  0.1976437E-04  0.0000000E+00
 0.1021701E+02  0.1909411E-04  0.0000000E+00
 0.1024047E+02  0.1844659E-04  0.0000000E+00
 0.1026393E+02  0.1782102E-04  0.0000000E+00
 0.1028739E+02  0.1721667E-04  0.0000000E+00
 0.1031085E+02  0.1663282E-04  0.0000000E+00
 0.1033431E+02  0.1606876E-04  0.0000000E+00
 0.1035777E+02  0.1552384E-04  0.0000000E+00
 0.1038123E+02  0.1499739E-04  0.0000000E+00
 0.1040469E+02  0.1448879E-04  0.0000000E+00
 0.1042815E+02  0.1399745E-04  0.0000000E+00
 0.1045161E+02  0.1352276E-04  0.0000000E+00
 0.1047507E+02  0.1306417E-04  0.0000000E+00
 0.1049853E+02  0.1262114E-04  0.0000000E+00
 0.1052199E+02  0.1219313E-04  0.0000000E+00
 0.1054545E+02  0.1177963E-04  0.0000000E+00
 0.1056891E+02  0.1138016E-04  0.0000000E+00
 0.1059238E+02  0.1099423E-04  0.0000000E+00
 0.1061584E+02  0.1062139E-04  0.0000000E+00
 0.1063930E+02  0.1026120E-04  0.0000000E+00
 0.1066276E+02  0.9913217E-05  0.0000000E+00
 0.1068622E+02  0.9577038E-05  0.0000000E+00
 0.1070968E+02  0.9252259E-05  0.0000000E+00
 0.1073314E+02  0.8938494E-05  0.0000000E+00
 0.1075660E+02  0.8635370E-05  0.0000000E+00
 0.1078006E+02  0.8342525E-05  0.0000000E+00
 0.1080352E+02  0.8059612E-05  0.0000000E+00
 0.1082698E+02  0.7786292E-05  0.0000000E+00
 0.1085044E+02  0.7522242E-05  0.0000000E+00
 0.1087390E+02  0.7267145E-05  0.0000000E+00
 0.1089736E+02  0.7020700E-05  0.0000000E+00
 0.1092082E+02  0.6782613E-05  0.0000000E+00
 0.1094428E+02  0.6552599E-05  0.0000000E+00
 0.1096774E+02  0.6330386E-05  0.0000000E+00
 0.1099120E+02  0.6115708E-05  0.0000000E+00
 0.1101466E+02  0.5908311E-05  0.0000000E+00
 0.1103812E+02  0.5707947E-05  0.0000000E+00
 0.1106158E+02  0.5514378E-05  0.0000000E+00
 0.1108504E+02  0.5327373E-05  0.0000000E+00
 0.1110850E+02  0.5146710E-05  0.0000000E+00
 0.1113196E+02  0.4972173E-05  0.0000000E+00
 0.1115543E+02  0.4803556E-05  0.0000000E+00
 0.1117889E+02  0.4640656E-05  0.0000000E+00
 0.1120235E+02  0.4483281E-05  0.0000000E+00
 0.1122581E+02  0.4331243E-05  0.0000000E+00
 0.1124927E+02  0.4184361E-05  0.0000000E+00
 0.1127273E+02  0.4042460E-05  0.0000000E+00
 0.1129619E+02  0.3905371E-05  0.0000000E+00
 0.1131965E+02  0.3772931E-05  0.0000000E+00
 0.1134311E+02  0.3644983E-05  0.0000000E+00
 0.1136657E+02  0.3521373E-05  0.0000000E+00
 0.1139003E+02  0.3401955E-05  0.0000000E+00
 0.1141349E+02  0.3286588E-05  0.0000000E+00
 0.1143695E+02  0.3175132E-05  0.0000000E+00
 0.1146041E+02  0.3067456E-05  0.0000000E+00
 0.1148387E+02  0.2963432E-05  0.0000000E+00
 0.1150733E+02  0.2862935E-05  0.0000000E+00
 0.1153079E+02  0.2765847E-05  0.0000000E+00
 0.1155425E+02  0.2672051E-05  0.0000000E+00
 0.1157771E+02  0.2581435E-05  0.0000000E+00
 0.1160117E+02  0.2493893E-05  0.0000000E+00
 0.1162463E+02  0.2409320E-05  0.0000000E+00
 0.1164809E+02  0.2327614E-05  0.0000000E+00
 0.1167155E+02  0.2248680E-05  0.0000000E+00
 0.1169501E+02  0.2172422E-05  0.0000000E+00
 0.1171848E+02  0.2098750E-05  0.0000000E+00
 0.1174194E+02  0.2027577E-05  0.0000000E+00
 0.1176540E+02  0.1958817E-05  0.0000000E+00
 0.1178886E+02  0.1892389E-05  0.0000000E+00
 0.1181232E+02  0.1828214E-05  0.0000000E+00
 0.1183578E+02  0.1766215E-05  0.0000000E+00
 0.1185924E+02  0.1706319E-05  0.0000000E+00
 0.1188270E+02  0.1648454E-05  0.0000000E+00
 0.1190616E+02  0.1592551E-05  0.0000000E+00
 0.1192962E+02  0.1538544E-05  0.0000000E+00
 0.1195308E+02  0.1486369E-05  0.0000000E+00
 0.1197654E+02  0.1435963E-05  0.0000000E+00
 0.1200000E+02  0.1387266E-05  0.0000000E+00
