-0.1200000E+02 -0.4101196E+00
-0.1197654E+02 -0.4137505E+00
-0.1195308E+02 -0.4180737E+00
-0.1192962E+02 -0.4228606E+00
-0.1190616E+02 -0.4278781E+00
-0.1188270E+02 -0.4328027E+00
-0.1185924E+02 -0.4373428E+00
-0.1183578E+02 -0.4411906E+00
-0.1181232E+02 -0.4440961E+00
-0.1178886E+02 -0.4458504E+00
-0.1176540E+02 -0.4463710E+00
-0.1174194E+02 -0.4456225E+00
-0.1171848E+02 -0.4437125E+00
-0.1169501E+02 -0.4408527E+00
-0.1167155E+02 -0.4373667E+00
-0.1164809E+02 -0.4335697E+00
-0.1162463E+02 -0.4298856E+00
-0.1160117E+02 -0.4267610E+00
-0.1157771E+02 -0.4246560E+00
-0.1155425E+02 -0.4239540E+00
-0.1153079E+02 -0.4249483E+00
-0.1150733E+02 -0.4277929E+00
-0.1148387E+02 -0.4324932E+00
-0.1146041E+02 -0.4389359E+00
-0.1143695E+02 -0.4468610E+00
-0.1141349E+02 -0.4558248E+00
-0.1139003E+02 -0.4652940E+00
-0.1136657E+02 -0.4746246E+00
-0.1134311E+02 -0.4831717E+00
-0.1131965E+02 -0.4902757E+00
-0.1129619E+02 -0.4953295E+00
-0.1127273E+02 -0.4978867E+00
-0.1124927E+02 -0.4976824E+00
-0.1122581E+02 -0.4946508E+00
-0.1120235E+02 -0.4889530E+00
-0.1117889E+02 -0.4810508E+00
-0.1115543E+02 -0.4715640E+00
-0.1113196E+02 -0.4613743E+00
-0.1110850E+02 -0.4514146E+00
-0.1108504E+02 -0.4427005E+00
-0.1106158E+02 -0.4362096E+00
-0.1103812E+02 -0.4327696E+00
-0.1101466E+02 -0.4329381E+00
-0.1099120E+02 -0.4370532E+00
-0.1096774E+02 -0.4450551E+00
-0.1094428E+02 -0.4566472E+00
-0.1092082E+02 -0.4711321E+00
-0.1089736E+02 -0.4877117E+00
-0.1087390E+02 -0.5051755E+00
-0.1085044E+02 -0.5223380E+00
-0.1082698E+02 -0.5378238E+00
-0.1080352E+02 -0.5503655E+00
-0.1078006E+02 -0.5587880E+00
-0.1075660E+02 -0.5623030E+00
-0.1073314E+02 -0.5604001E+00
-0.1070968E+02 -0.5529437E+00
-0.1068622E+02 -0.5402840E+00
-0.1066276E+02 -0.5232725E+00
-0.1063930E+02 -0.5031781E+00
-0.1061584E+02 -0.4815490E+00
-0.1059238E+02 -0.4602655E+00
-0.1056891E+02 -0.4411550E+00
-0.1054545E+02 -0.4261306E+00
-0.1052199E+02 -0.4167429E+00
-0.1049853E+02 -0.4141983E+00
-0.1047507E+02 -0.4192022E+00
-0.1045161E+02 -0.4318904E+00
-0.1042815E+02 -0.4519395E+00
-0.1040469E+02 -0.4784028E+00
-0.1038123E+02 -0.5098406E+00
-0.1035777E+02 -0.5443531E+00
-0.1033431E+02 -0.5796281E+00
-0.1031085E+02 -0.6130880E+00
-0.1028739E+02 -0.6419973E+00
-0.1026393E+02 -0.6637514E+00
-0.1024047E+02 -0.6757737E+00
-0.1021701E+02 -0.6761632E+00
-0.1019355E+02 -0.6636322E+00
-0.1017009E+02 -0.6380273E+00
-0.1014663E+02 -0.6003613E+00
-0.1012317E+02 -0.5530791E+00
-0.1009971E+02 -0.4998312E+00
-0.1007625E+02 -0.4454461E+00
-0.1005279E+02 -0.3951525E+00
-0.1002933E+02 -0.3542840E+00
-0.1000587E+02 -0.3273592E+00
-0.9982405E+01 -0.3177763E+00
-0.9958944E+01 -0.3274076E+00
-0.9935484E+01 -0.3563411E+00
-0.9912023E+01 -0.4031168E+00
-0.9888563E+01 -0.4648013E+00
-0.9865103E+01 -0.5371304E+00
-0.9841642E+01 -0.6150812E+00
-0.9818182E+01 -0.6928341E+00
-0.9794721E+01 -0.7643117E+00
-0.9771261E+01 -0.8231814E+00
-0.9747801E+01 -0.8635520E+00
-0.9724340E+01 -0.8803807E+00
-0.9700880E+01 -0.8702411E+00
-0.9677419E+01 -0.8316744E+00
-0.9653959E+01 -0.7660973E+00
-0.9630499E+01 -0.6779927E+00
-0.9607038E+01 -0.5747319E+00
-0.9583578E+01 -0.4658100E+00
-0.9560117E+01 -0.3617616E+00
-0.9536657E+01 -0.2723803E+00
-0.9513196E+01 -0.2056535E+00
-0.9489736E+01 -0.1669206E+00
-0.9466276E+01 -0.1585900E+00
-0.9442815E+01 -0.1805281E+00
-0.9419355E+01 -0.2304398E+00
-0.9395894E+01 -0.3048949E+00
-0.9372434E+01 -0.3996889E+00
-0.9348974E+01 -0.5101569E+00
-0.9325513E+01 -0.6313797E+00
-0.9302053E+01 -0.7583088E+00
-0.9278592E+01 -0.8852601E+00
-0.9255132E+01 -0.1005839E+01
-0.9231672E+01 -0.1112084E+01
-0.9208211E+01 -0.1194556E+01
-0.9184751E+01 -0.1242239E+01
-0.9161290E+01 -0.1243199E+01
-0.9137830E+01 -0.1185610E+01
-0.9114370E+01 -0.1061318E+01
-0.9090909E+01 -0.8687863E+00
-0.9067449E+01 -0.6175081E+00
-0.9043988E+01 -0.3296460E+00
-0.9020528E+01 -0.3839165E-01
-0.8997067E+01  0.2187499E+00
-0.8973607E+01  0.4080985E+00
-0.8950147E+01  0.5070097E+00
-0.8926686E+01  0.5063327E+00
-0.8903226E+01  0.4090048E+00
-0.8879765E+01  0.2255297E+00
-0.8856305E+01 -0.2963995E-01
-0.8832845E+01 -0.3405608E+00
-0.8809384E+01 -0.6916375E+00
-0.8785924E+01 -0.1066661E+01
-0.8762463E+01 -0.1448089E+01
-0.8739003E+01 -0.1813893E+01
-0.8715543E+01 -0.2134675E+01
-0.8692082E+01 -0.2369939E+01
-0.8668622E+01 -0.2465915E+01
-0.8645161E+01 -0.2359418E+01
-0.8621701E+01 -0.1996573E+01
-0.8598240E+01 -0.1369373E+01
-0.8574780E+01 -0.5543243E+00
-0.8551320E+01  0.2874984E+00
-0.8527859E+01  0.9756852E+00
-0.8504399E+01  0.1395713E+01
-0.8480938E+01  0.1530196E+01
-0.8457478E+01  0.1428835E+01
-0.8434018E+01  0.1164296E+01
-0.8410557E+01  0.8023805E+00
-0.8387097E+01  0.3938622E+00
-0.8363636E+01 -0.2578990E-01
-0.8340176E+01 -0.4322188E+00
-0.8316716E+01 -0.8082898E+00
-0.8293255E+01 -0.1142453E+01
-0.8269795E+01 -0.1428228E+01
-0.8246334E+01 -0.1665018E+01
-0.8222874E+01 -0.1859271E+01
-0.8199413E+01 -0.2023905E+01
-0.8175953E+01 -0.2177987E+01
-0.8152493E+01 -0.2340591E+01
-0.8129032E+01 -0.2522838E+01
-0.8105572E+01 -0.2715237E+01
-0.8082111E+01 -0.2871228E+01
-0.8058651E+01 -0.2886056E+01
-0.8035191E+01 -0.2579880E+01
-0.8011730E+01 -0.1727467E+01
-0.7988270E+01 -0.2108738E+00
-0.7964809E+01  0.1729501E+01
-0.7941349E+01  0.3487034E+01
-0.7917889E+01  0.4542837E+01
-0.7894428E+01  0.4812320E+01
-0.7870968E+01  0.4504601E+01
-0.7847507E+01  0.3859500E+01
-0.7824047E+01  0.3039647E+01
-0.7800587E+01  0.2131405E+01
-0.7777126E+01  0.1169994E+01
-0.7753666E+01  0.1605774E+00
-0.7730205E+01 -0.9123557E+00
-0.7706745E+01 -0.2081560E+01
-0.7683284E+01 -0.3402462E+01
-0.7659824E+01 -0.4967368E+01
-0.7636364E+01 -0.6941940E+01
-0.7612903E+01 -0.9655169E+01
-0.7589443E+01 -0.1387346E+02
-0.7565982E+01 -0.2182842E+02
-0.7542522E+01 -0.3041623E+02
-0.7519062E+01  0.1464378E+03
-0.7495601E+01  0.3565362E+02
-0.7472141E+01  0.1826456E+02
-0.7448680E+01  0.1147004E+02
-0.7425220E+01  0.7674296E+01
-0.7401760E+01  0.5118280E+01
-0.7378299E+01  0.3174662E+01
-0.7354839E+01  0.1558949E+01
-0.7331378E+01  0.1161558E+00
-0.7307918E+01 -0.1254415E+01
-0.7284457E+01 -0.2632473E+01
-0.7260997E+01 -0.4097263E+01
-0.7237537E+01 -0.5747809E+01
-0.7214076E+01 -0.7733168E+01
-0.7190616E+01 -0.1031333E+02
-0.7167155E+01 -0.1398999E+02
-0.7143695E+01 -0.1955005E+02
-0.7120235E+01 -0.1929753E+02
-0.7096774E+01  0.3504566E+02
-0.7073314E+01  0.2562317E+02
-0.7049853E+01  0.1287887E+02
-0.7026393E+01  0.6322081E+01
-0.7002933E+01  0.1922354E+01
-0.6979472E+01 -0.1812603E+01
-0.6956012E+01 -0.5735480E+01
-0.6932551E+01 -0.1082688E+02
-0.6909091E+01 -0.1899492E+02
-0.6885630E+01 -0.2104764E+02
-0.6862170E+01  0.8188639E+02
-0.6838710E+01  0.3751267E+02
-0.6815249E+01  0.2133230E+02
-0.6791789E+01  0.1442175E+02
-0.6768328E+01  0.1049164E+02
-0.6744868E+01  0.7872882E+01
-0.6721408E+01  0.5949116E+01
-0.6697947E+01  0.4444829E+01
-0.6674487E+01  0.3223184E+01
-0.6651026E+01  0.2215998E+01
-0.6627566E+01  0.1396549E+01
-0.6604106E+01  0.7673642E+00
-0.6580645E+01  0.3543551E+00
-0.6557185E+01  0.1975550E+00
-0.6533724E+01  0.3307323E+00
-0.6510264E+01  0.7469176E+00
-0.6486804E+01  0.1363840E+01
-0.6463343E+01  0.2025126E+01
-0.6439883E+01  0.2558029E+01
-0.6416422E+01  0.2848339E+01
-0.6392962E+01  0.2870684E+01
-0.6369501E+01  0.2665135E+01
-0.6346041E+01  0.2296289E+01
-0.6322581E+01  0.1825733E+01
-0.6299120E+01  0.1302380E+01
-0.6275660E+01  0.7625704E+00
-0.6252199E+01  0.2344818E+00
-0.6228739E+01 -0.2568510E+00
-0.6205279E+01 -0.6855230E+00
-0.6181818E+01 -0.1022124E+01
-0.6158358E+01 -0.1233659E+01
-0.6134897E+01 -0.1288168E+01
-0.6111437E+01 -0.1166265E+01
-0.6087977E+01 -0.8777643E+00
-0.6064516E+01 -0.4752224E+00
-0.6041056E+01 -0.4903798E-01
-0.6017595E+01  0.3016547E+00
-0.5994135E+01  0.5062449E+00
-0.5970674E+01  0.5438494E+00
-0.5947214E+01  0.4398783E+00
-0.5923754E+01  0.2498875E+00
-0.5900293E+01  0.4593657E-01
-0.5876833E+01 -0.9064036E-01
-0.5853372E+01 -0.7431347E-01
-0.5829912E+01  0.1722323E+00
-0.5806452E+01  0.6891501E+00
-0.5782991E+01  0.1439920E+01
-0.5759531E+01  0.2294216E+01
-0.5736070E+01  0.3071578E+01
-0.5712610E+01  0.3627466E+01
-0.5689150E+01  0.3909568E+01
-0.5665689E+01  0.3948681E+01
-0.5642229E+01  0.3814582E+01
-0.5618768E+01  0.3579432E+01
-0.5595308E+01  0.3301331E+01
-0.5571848E+01  0.3021350E+01
-0.5548387E+01  0.2766102E+01
-0.5524927E+01  0.2551050E+01
-0.5501466E+01  0.2382827E+01
-0.5478006E+01  0.2260996E+01
-0.5454545E+01  0.2179156E+01
-0.5431085E+01  0.2126406E+01
-0.5407625E+01  0.2089308E+01
-0.5384164E+01  0.2054044E+01
-0.5360704E+01  0.2008595E+01
-0.5337243E+01  0.1944452E+01
-0.5313783E+01  0.1857293E+01
-0.5290323E+01  0.1746904E+01
-0.5266862E+01  0.1616452E+01
-0.5243402E+01  0.1471428E+01
-0.5219941E+01  0.1318608E+01
-0.5196481E+01  0.1165166E+01
-0.5173021E+01  0.1017946E+01
-0.5149560E+01  0.8829463E+00
-0.5126100E+01  0.7648211E+00
-0.5102639E+01  0.6665481E+00
-0.5079179E+01  0.5891858E+00
-0.5055718E+01  0.5318414E+00
-0.5032258E+01  0.4917766E+00
-0.5008798E+01  0.4648275E+00
-0.4985337E+01  0.4461405E+00
-0.4961877E+01  0.4310699E+00
-0.4938416E+01  0.4159936E+00
-0.4914956E+01  0.3991419E+00
-0.4891496E+01  0.3809295E+00
-0.4868035E+01  0.3640676E+00
-0.4844575E+01  0.3532787E+00
-0.4821114E+01  0.3546310E+00
-0.4797654E+01  0.3746672E+00
-0.4774194E+01  0.4192984E+00
-0.4750733E+01  0.4925889E+00
-0.4727273E+01  0.5957078E+00
-0.4703812E+01  0.7261273E+00
-0.4680352E+01  0.8775272E+00
-0.4656891E+01  0.1040546E+01
-0.4633431E+01  0.1204223E+01
-0.4609971E+01  0.1357938E+01
-0.4586510E+01  0.1493158E+01
-0.4563050E+01  0.1604528E+01
-0.4539589E+01  0.1690121E+01
-0.4516129E+01  0.1750965E+01
-0.4492669E+01  0.1790080E+01
-0.4469208E+01  0.1811439E+01
-0.4445748E+01  0.1819024E+01
-0.4422287E+01  0.1816187E+01
-0.4398827E+01  0.1805325E+01
-0.4375367E+01  0.1787807E+01
-0.4351906E+01  0.1764113E+01
-0.4328446E+01  0.1734099E+01
-0.4304985E+01  0.1697303E+01
-0.4281525E+01  0.1653278E+01
-0.4258065E+01  0.1601792E+01
-0.4234604E+01  0.1543009E+01
-0.4211144E+01  0.1477528E+01
-0.4187683E+01  0.1406343E+01
-0.4164223E+01  0.1330765E+01
-0.4140762E+01  0.1252283E+01
-0.4117302E+01  0.1172416E+01
-0.4093842E+01  0.1092620E+01
-0.4070381E+01  0.1014137E+01
-0.4046921E+01  0.9379422E+00
-0.4023460E+01  0.8646922E+00
-0.4000000E+01  0.7947398E+00
-0.3976540E+01  0.7281472E+00
-0.3953079E+01  0.6647631E+00
-0.3929619E+01  0.6043055E+00
-0.3906158E+01  0.5464764E+00
-0.3882698E+01  0.4910656E+00
-0.3859238E+01  0.4380177E+00
-0.3835777E+01  0.3875350E+00
-0.3812317E+01  0.3400844E+00
-0.3788856E+01  0.2964273E+00
-0.3765396E+01  0.2575603E+00
-0.3741935E+01  0.2246722E+00
-0.3718475E+01  0.1990334E+00
-0.3695015E+01  0.1819002E+00
-0.3671554E+01  0.1743815E+00
-0.3648094E+01  0.1773335E+00
-0.3624633E+01  0.1912487E+00
-0.3601173E+01  0.2161966E+00
-0.3577713E+01  0.2517821E+00
-0.3554252E+01  0.2971532E+00
-0.3530792E+01  0.3510688E+00
-0.3507331E+01  0.4119652E+00
-0.3483871E+01  0.4780958E+00
-0.3460411E+01  0.5476092E+00
-0.3436950E+01  0.6186620E+00
-0.3413490E+01  0.6894866E+00
-0.3390029E+01  0.7584230E+00
-0.3366569E+01  0.8239544E+00
-0.3343109E+01  0.8846946E+00
-0.3319648E+01  0.9394144E+00
-0.3296188E+01  0.9870260E+00
-0.3272727E+01  0.1026620E+01
-0.3249267E+01  0.1057482E+01
-0.3225806E+01  0.1079125E+01
-0.3202346E+01  0.1091316E+01
-0.3178886E+01  0.1094069E+01
-0.3155425E+01  0.1087647E+01
-0.3131965E+01  0.1072543E+01
-0.3108504E+01  0.1049417E+01
-0.3085044E+01  0.1019063E+01
-0.3061584E+01  0.9823347E+00
-0.3038123E+01  0.9401100E+00
-0.3014663E+01  0.8932236E+00
-0.2991202E+01  0.8424482E+00
-0.2967742E+01  0.7884469E+00
-0.2944282E+01  0.7317772E+00
-0.2920821E+01  0.6728781E+00
-0.2897361E+01  0.6120833E+00
-0.2873900E+01  0.5496299E+00
-0.2850440E+01  0.4856907E+00
-0.2826979E+01  0.4203773E+00
-0.2803519E+01  0.3537746E+00
-0.2780059E+01  0.2859508E+00
-0.2756598E+01  0.2169799E+00
-0.2733138E+01  0.1469433E+00
-0.2709677E+01  0.7594221E-01
-0.2686217E+01  0.4075639E-02
-0.2662757E+01 -0.6853777E-01
-0.2639296E+01 -0.1417920E+00
-0.2615836E+01 -0.2155756E+00
-0.2592375E+01 -0.2898191E+00
-0.2568915E+01 -0.3644556E+00
-0.2545455E+01 -0.4394707E+00
-0.2521994E+01 -0.5148744E+00
-0.2498534E+01 -0.5907186E+00
-0.2475073E+01 -0.6670852E+00
-0.2451613E+01 -0.7440767E+00
-0.2428152E+01 -0.8218198E+00
-0.2404692E+01 -0.9004419E+00
-0.2381232E+01 -0.9800690E+00
-0.2357771E+01 -0.1060819E+01
-0.2334311E+01 -0.1142789E+01
-0.2310850E+01 -0.1226061E+01
-0.2287390E+01 -0.1310691E+01
-0.2263930E+01 -0.1396718E+01
-0.2240469E+01 -0.1484164E+01
-0.2217009E+01 -0.1573054E+01
-0.2193548E+01 -0.1663398E+01
-0.2170088E+01 -0.1755220E+01
-0.2146628E+01 -0.1848539E+01
-0.2123167E+01 -0.1943400E+01
-0.2099707E+01 -0.2039839E+01
-0.2076246E+01 -0.2137890E+01
-0.2052786E+01 -0.2237550E+01
-0.2029326E+01 -0.2338765E+01
-0.2005865E+01 -0.2441361E+01
-0.1982405E+01 -0.2545010E+01
-0.1958944E+01 -0.2649138E+01
-0.1935484E+01 -0.2752831E+01
-0.1912023E+01 -0.2854699E+01
-0.1888563E+01 -0.2952723E+01
-0.1865103E+01 -0.3044008E+01
-0.1841642E+01 -0.3124594E+01
-0.1818182E+01 -0.3189081E+01
-0.1794721E+01 -0.3230401E+01
-0.1771261E+01 -0.3239553E+01
-0.1747801E+01 -0.3205648E+01
-0.1724340E+01 -0.3116363E+01
-0.1700880E+01 -0.2959333E+01
-0.1677419E+01 -0.2724576E+01
-0.1653959E+01 -0.2408138E+01
-0.1630499E+01 -0.2016009E+01
-0.1607038E+01 -0.1566603E+01
-0.1583578E+01 -0.1089737E+01
-0.1560117E+01 -0.6213265E+00
-0.1536657E+01 -0.1952844E+00
-0.1513196E+01  0.1636824E+00
-0.1489736E+01  0.4434493E+00
-0.1466276E+01  0.6435762E+00
-0.1442815E+01  0.7718474E+00
-0.1419355E+01  0.8401840E+00
-0.1395894E+01  0.8615177E+00
-0.1372434E+01  0.8477679E+00
-0.1348974E+01  0.8091017E+00
-0.1325513E+01  0.7536271E+00
-0.1302053E+01  0.6876375E+00
-0.1278592E+01  0.6158646E+00
-0.1255132E+01  0.5418005E+00
-0.1231672E+01  0.4679710E+00
-0.1208211E+01  0.3961842E+00
-0.1184751E+01  0.3276623E+00
-0.1161290E+01  0.2632092E+00
-0.1137830E+01  0.2032753E+00
-0.1114370E+01  0.1480961E+00
-0.1090909E+01  0.9770223E-01
-0.1067449E+01  0.5199052E-01
-0.1043988E+01  0.1076338E-01
-0.1020528E+01 -0.2620164E-01
-0.9970674E+00 -0.5920606E-01
-0.9736070E+00 -0.8851183E-01
-0.9501466E+00 -0.1143686E+00
-0.9266862E+00 -0.1370058E+00
-0.9032258E+00 -0.1566236E+00
-0.8797654E+00 -0.1734077E+00
-0.8563050E+00 -0.1875144E+00
-0.8328446E+00 -0.1990786E+00
-0.8093842E+00 -0.2082760E+00
-0.7859238E+00 -0.2152598E+00
-0.7624633E+00 -0.2201962E+00
-0.7390029E+00 -0.2232688E+00
-0.7155425E+00 -0.2246910E+00
-0.6920821E+00 -0.2246774E+00
-0.6686217E+00 -0.2234301E+00
-0.6451613E+00 -0.2211587E+00
-0.6217009E+00 -0.2180461E+00
-0.5982405E+00 -0.2142660E+00
-0.5747801E+00 -0.2099675E+00
-0.5513196E+00 -0.2052528E+00
-0.5278592E+00 -0.2002163E+00
-0.5043988E+00 -0.1949166E+00
-0.4809384E+00 -0.1893647E+00
-0.4574780E+00 -0.1836022E+00
-0.4340176E+00 -0.1776209E+00
-0.4105572E+00 -0.1714459E+00
-0.3870968E+00 -0.1650824E+00
-0.3636364E+00 -0.1585197E+00
-0.3401760E+00 -0.1517910E+00
-0.3167155E+00 -0.1449302E+00
-0.2932551E+00 -0.1379439E+00
-0.2697947E+00 -0.1308985E+00
-0.2463343E+00 -0.1238147E+00
-0.2228739E+00 -0.1167408E+00
-0.1994135E+00 -0.1096938E+00
-0.1759531E+00 -0.1027017E+00
-0.1524927E+00 -0.9579160E-01
-0.1290323E+00 -0.8895342E-01
-0.1055718E+00 -0.8220617E-01
-0.8211144E-01 -0.7553842E-01
-0.5865103E-01 -0.6894024E-01
-0.3519062E-01 -0.6240509E-01
-0.1173021E-01 -0.5591489E-01
 0.1173021E-01 -0.4944245E-01
 0.3519062E-01 -0.4300401E-01
 0.5865103E-01 -0.3656718E-01
 0.8211144E-01 -0.3014988E-01
 0.1055718E+00 -0.2372218E-01
 0.1290323E+00 -0.1732759E-01
 0.1524927E+00 -0.1093536E-01
 0.1759531E+00 -0.4586328E-02
 0.1994135E+00  0.1730864E-02
 0.2228739E+00  0.7990088E-02
 0.2463343E+00  0.1420180E-01
 0.2697947E+00  0.2032897E-01
 0.2932551E+00  0.2637461E-01
 0.3167155E+00  0.3232778E-01
 0.3401760E+00  0.3819395E-01
 0.3636364E+00  0.4395598E-01
 0.3870968E+00  0.4963697E-01
 0.4105572E+00  0.5522182E-01
 0.4340176E+00  0.6071402E-01
 0.4574780E+00  0.6610707E-01
 0.4809384E+00  0.7141968E-01
 0.5043988E+00  0.7664447E-01
 0.5278592E+00  0.8180239E-01
 0.5513196E+00  0.8688354E-01
 0.5747801E+00  0.9188137E-01
 0.5982405E+00  0.9680412E-01
 0.6217009E+00  0.1016392E+00
 0.6451613E+00  0.1063976E+00
 0.6686217E+00  0.1110764E+00
 0.6920821E+00  0.1156678E+00
 0.7155425E+00  0.1201648E+00
 0.7390029E+00  0.1245761E+00
 0.7624633E+00  0.1288886E+00
 0.7859238E+00  0.1331090E+00
 0.8093842E+00  0.1372163E+00
 0.8328446E+00  0.1412282E+00
 0.8563050E+00  0.1451374E+00
 0.8797654E+00  0.1489464E+00
 0.9032258E+00  0.1526623E+00
 0.9266862E+00  0.1562759E+00
 0.9501466E+00  0.1597970E+00
 0.9736070E+00  0.1632165E+00
 0.9970674E+00  0.1665394E+00
 0.1020528E+01  0.1697661E+00
 0.1043988E+01  0.1728866E+00
 0.1067449E+01  0.1759226E+00
 0.1090909E+01  0.1788591E+00
 0.1114370E+01  0.1817052E+00
 0.1137830E+01  0.1844565E+00
 0.1161290E+01  0.1871089E+00
 0.1184751E+01  0.1896706E+00
 0.1208211E+01  0.1921406E+00
 0.1231672E+01  0.1945018E+00
 0.1255132E+01  0.1967748E+00
 0.1278592E+01  0.1989557E+00
 0.1302053E+01  0.2010515E+00
 0.1325513E+01  0.2030277E+00
 0.1348974E+01  0.2049155E+00
 0.1372434E+01  0.2067056E+00
 0.1395894E+01  0.2084069E+00
 0.1419355E+01  0.2100168E+00
 0.1442815E+01  0.2115573E+00
 0.1466276E+01  0.2130063E+00
 0.1489736E+01  0.2143832E+00
 0.1513196E+01  0.2156663E+00
 0.1536657E+01  0.2168981E+00
 0.1560117E+01  0.2180547E+00
 0.1583578E+01  0.2191546E+00
 0.1607038E+01  0.2201821E+00
 0.1630499E+01  0.2211597E+00
 0.1653959E+01  0.2220728E+00
 0.1677419E+01  0.2229477E+00
 0.1700880E+01  0.2237618E+00
 0.1724340E+01  0.2245312E+00
 0.1747801E+01  0.2252358E+00
 0.1771261E+01  0.2258952E+00
 0.1794721E+01  0.2264823E+00
 0.1818182E+01  0.2270209E+00
 0.1841642E+01  0.2274917E+00
 0.1865103E+01  0.2278965E+00
 0.1888563E+01  0.2282330E+00
 0.1912023E+01  0.2285174E+00
 0.1935484E+01  0.2287294E+00
 0.1958944E+01  0.2288841E+00
 0.1982405E+01  0.2289572E+00
 0.2005865E+01  0.2289760E+00
 0.2029326E+01  0.2289270E+00
 0.2052786E+01  0.2288333E+00
 0.2076246E+01  0.2286775E+00
 0.2099707E+01  0.2284863E+00
 0.2123167E+01  0.2282326E+00
 0.2146628E+01  0.2279439E+00
 0.2170088E+01  0.2276081E+00
 0.2193548E+01  0.2272414E+00
 0.2217009E+01  0.2268325E+00
 0.2240469E+01  0.2263982E+00
 0.2263930E+01  0.2259211E+00
 0.2287390E+01  0.2254259E+00
 0.2310850E+01  0.2248866E+00
 0.2334311E+01  0.2243160E+00
 0.2357771E+01  0.2237070E+00
 0.2381232E+01  0.2230600E+00
 0.2404692E+01  0.2223695E+00
 0.2428152E+01  0.2216479E+00
 0.2451613E+01  0.2208795E+00
 0.2475073E+01  0.2200757E+00
 0.2498534E+01  0.2192197E+00
 0.2521994E+01  0.2183390E+00
 0.2545455E+01  0.2174109E+00
 0.2568915E+01  0.2164617E+00
 0.2592375E+01  0.2154711E+00
 0.2615836E+01  0.2144560E+00
 0.2639296E+01  0.2134100E+00
 0.2662757E+01  0.2123530E+00
 0.2686217E+01  0.2112823E+00
 0.2709677E+01  0.2102054E+00
 0.2733138E+01  0.2091199E+00
 0.2756598E+01  0.2080369E+00
 0.2780059E+01  0.2069408E+00
 0.2803519E+01  0.2058502E+00
 0.2826979E+01  0.2047415E+00
 0.2850440E+01  0.2036309E+00
 0.2873900E+01  0.2025018E+00
 0.2897361E+01  0.2013574E+00
 0.2920821E+01  0.2001817E+00
 0.2944282E+01  0.1989792E+00
 0.2967742E+01  0.1977324E+00
 0.2991202E+01  0.1964522E+00
 0.3014663E+01  0.1951306E+00
 0.3038123E+01  0.1937783E+00
 0.3061584E+01  0.1923825E+00
 0.3085044E+01  0.1909499E+00
 0.3108504E+01  0.1894791E+00
 0.3131965E+01  0.1879813E+00
 0.3155425E+01  0.1864573E+00
 0.3178886E+01  0.1849235E+00
 0.3202346E+01  0.1833761E+00
 0.3225806E+01  0.1818280E+00
 0.3249267E+01  0.1802760E+00
 0.3272727E+01  0.1787369E+00
 0.3296188E+01  0.1771897E+00
 0.3319648E+01  0.1756568E+00
 0.3343109E+01  0.1741229E+00
 0.3366569E+01  0.1725910E+00
 0.3390029E+01  0.1710510E+00
 0.3413490E+01  0.1695191E+00
 0.3436950E+01  0.1679766E+00
 0.3460411E+01  0.1664253E+00
 0.3483871E+01  0.1648541E+00
 0.3507331E+01  0.1632766E+00
 0.3530792E+01  0.1616706E+00
 0.3554252E+01  0.1600549E+00
 0.3577713E+01  0.1584132E+00
 0.3601173E+01  0.1567627E+00
 0.3624633E+01  0.1550837E+00
 0.3648094E+01  0.1533950E+00
 0.3671554E+01  0.1516821E+00
 0.3695015E+01  0.1499678E+00
 0.3718475E+01  0.1482308E+00
 0.3741935E+01  0.1465043E+00
 0.3765396E+01  0.1447625E+00
 0.3788856E+01  0.1430266E+00
 0.3812317E+01  0.1412813E+00
 0.3835777E+01  0.1395410E+00
 0.3859238E+01  0.1377998E+00
 0.3882698E+01  0.1360636E+00
 0.3906158E+01  0.1343231E+00
 0.3929619E+01  0.1325933E+00
 0.3953079E+01  0.1308547E+00
 0.3976540E+01  0.1291191E+00
 0.4000000E+01  0.1273675E+00
 0.4023460E+01  0.1256147E+00
 0.4046921E+01  0.1238506E+00
 0.4070381E+01  0.1220829E+00
 0.4093842E+01  0.1203044E+00
 0.4117302E+01  0.1185223E+00
 0.4140762E+01  0.1167264E+00
 0.4164223E+01  0.1149324E+00
 0.4187683E+01  0.1131294E+00
 0.4211144E+01  0.1113249E+00
 0.4234604E+01  0.1095180E+00
 0.4258065E+01  0.1077127E+00
 0.4281525E+01  0.1059039E+00
 0.4304985E+01  0.1041051E+00
 0.4328446E+01  0.1023080E+00
 0.4351906E+01  0.1005296E+00
 0.4375367E+01  0.9874149E-01
 0.4398827E+01  0.9696455E-01
 0.4422287E+01  0.9518041E-01
 0.4445748E+01  0.9339645E-01
 0.4469208E+01  0.9159799E-01
 0.4492669E+01  0.8980527E-01
 0.4516129E+01  0.8799505E-01
 0.4539589E+01  0.8618978E-01
 0.4563050E+01  0.8436328E-01
 0.4586510E+01  0.8254395E-01
 0.4609971E+01  0.8070747E-01
 0.4633431E+01  0.7887275E-01
 0.4656891E+01  0.7702973E-01
 0.4680352E+01  0.7519178E-01
 0.4703812E+01  0.7335030E-01
 0.4727273E+01  0.7151190E-01
 0.4750733E+01  0.6967293E-01
 0.4774194E+01  0.6784559E-01
 0.4797654E+01  0.6601698E-01
 0.4821114E+01  0.6419727E-01
 0.4844575E+01  0.6238120E-01
 0.4868035E+01  0.6057649E-01
 0.4891496E+01  0.5877787E-01
 0.4914956E+01  0.5699200E-01
 0.4938416E+01  0.5520541E-01
 0.4961877E+01  0.5342982E-01
 0.4985337E+01  0.5164783E-01
 0.5008798E+01  0.4987590E-01
 0.5032258E+01  0.4809927E-01
 0.5055718E+01  0.4633216E-01
 0.5079179E+01  0.4455624E-01
 0.5102639E+01  0.4278867E-01
 0.5126100E+01  0.4101016E-01
 0.5149560E+01  0.3923624E-01
 0.5173021E+01  0.3745284E-01
 0.5196481E+01  0.3567072E-01
 0.5219941E+01  0.3388352E-01
 0.5243402E+01  0.3208989E-01
 0.5266862E+01  0.3029132E-01
 0.5290323E+01  0.2849881E-01
 0.5313783E+01  0.2670613E-01
 0.5337243E+01  0.2491938E-01
 0.5360704E+01  0.2312615E-01
 0.5384164E+01  0.2134519E-01
 0.5407625E+01  0.1956234E-01
 0.5431085E+01  0.1778705E-01
 0.5454545E+01  0.1601117E-01
 0.5478006E+01  0.1424744E-01
 0.5501466E+01  0.1247981E-01
 0.5524927E+01  0.1072398E-01
 0.5548387E+01  0.8960764E-02
 0.5571848E+01  0.7214143E-02
 0.5595308E+01  0.5459534E-02
 0.5618768E+01  0.3709045E-02
 0.5642229E+01  0.1949600E-02
 0.5665689E+01  0.1941110E-03
 0.5689150E+01 -0.1567921E-02
 0.5712610E+01 -0.3325297E-02
 0.5736070E+01 -0.5086466E-02
 0.5759531E+01 -0.6837254E-02
 0.5782991E+01 -0.8592157E-02
 0.5806452E+01 -0.1033850E-01
 0.5829912E+01 -0.1208753E-01
 0.5853372E+01 -0.1382235E-01
 0.5876833E+01 -0.1555094E-01
 0.5900293E+01 -0.1727375E-01
 0.5923754E+01 -0.1899401E-01
 0.5947214E+01 -0.2070677E-01
 0.5970674E+01 -0.2241591E-01
 0.5994135E+01 -0.2412378E-01
 0.6017595E+01 -0.2583071E-01
 0.6041056E+01 -0.2752908E-01
 0.6064516E+01 -0.2923095E-01
 0.6087977E+01 -0.3092926E-01
 0.6111437E+01 -0.3263387E-01
 0.6134897E+01 -0.3433949E-01
 0.6158358E+01 -0.3605093E-01
 0.6181818E+01 -0.3776568E-01
 0.6205279E+01 -0.3948301E-01
 0.6228739E+01 -0.4119719E-01
 0.6252199E+01 -0.4292253E-01
 0.6275660E+01 -0.4464041E-01
 0.6299120E+01 -0.4636333E-01
 0.6322581E+01 -0.4807673E-01
 0.6346041E+01 -0.4978777E-01
 0.6369501E+01 -0.5149291E-01
 0.6392962E+01 -0.5319448E-01
 0.6416422E+01 -0.5488183E-01
 0.6439883E+01 -0.5655272E-01
 0.6463343E+01 -0.5821120E-01
 0.6486804E+01 -0.5986130E-01
 0.6510264E+01 -0.6149230E-01
 0.6533724E+01 -0.6311793E-01
 0.6557185E+01 -0.6473134E-01
 0.6580645E+01 -0.6634707E-01
 0.6604106E+01 -0.6795149E-01
 0.6627566E+01 -0.6956802E-01
 0.6651026E+01 -0.7119804E-01
 0.6674487E+01 -0.7284126E-01
 0.6697947E+01 -0.7449230E-01
 0.6721408E+01 -0.7616307E-01
 0.6744868E+01 -0.7784019E-01
 0.6768328E+01 -0.7953123E-01
 0.6791789E+01 -0.8123686E-01
 0.6815249E+01 -0.8295426E-01
 0.6838710E+01 -0.8467645E-01
 0.6862170E+01 -0.8639520E-01
 0.6885630E+01 -0.8811131E-01
 0.6909091E+01 -0.8981120E-01
 0.6932551E+01 -0.9149439E-01
 0.6956012E+01 -0.9316234E-01
 0.6979472E+01 -0.9480279E-01
 0.7002933E+01 -0.9641508E-01
 0.7026393E+01 -0.9801035E-01
 0.7049853E+01 -0.9958601E-01
 0.7073314E+01 -0.1011369E+00
 0.7096774E+01 -0.1026695E+00
 0.7120235E+01 -0.1041928E+00
 0.7143695E+01 -0.1057100E+00
 0.7167155E+01 -0.1072260E+00
 0.7190616E+01 -0.1087455E+00
 0.7214076E+01 -0.1102711E+00
 0.7237537E+01 -0.1118123E+00
 0.7260997E+01 -0.1133649E+00
 0.7284457E+01 -0.1149385E+00
 0.7307918E+01 -0.1165270E+00
 0.7331378E+01 -0.1181329E+00
 0.7354839E+01 -0.1197523E+00
 0.7378299E+01 -0.1213847E+00
 0.7401760E+01 -0.1230260E+00
 0.7425220E+01 -0.1246709E+00
 0.7448680E+01 -0.1263056E+00
 0.7472141E+01 -0.1279404E+00
 0.7495601E+01 -0.1295678E+00
 0.7519062E+01 -0.1311966E+00
 0.7542522E+01 -0.1328106E+00
 0.7565982E+01 -0.1344068E+00
 0.7589443E+01 -0.1359798E+00
 0.7612903E+01 -0.1375402E+00
 0.7636364E+01 -0.1390885E+00
 0.7659824E+01 -0.1406288E+00
 0.7683284E+01 -0.1421641E+00
 0.7706745E+01 -0.1436994E+00
 0.7730205E+01 -0.1452393E+00
 0.7753666E+01 -0.1467912E+00
 0.7777126E+01 -0.1483519E+00
 0.7800587E+01 -0.1499236E+00
 0.7824047E+01 -0.1515101E+00
 0.7847507E+01 -0.1531074E+00
 0.7870968E+01 -0.1547151E+00
 0.7894428E+01 -0.1563386E+00
 0.7917889E+01 -0.1579607E+00
 0.7941349E+01 -0.1595813E+00
 0.7964809E+01 -0.1611848E+00
 0.7988270E+01 -0.1627876E+00
 0.8011730E+01 -0.1643733E+00
 0.8035191E+01 -0.1659457E+00
 0.8058651E+01 -0.1675057E+00
 0.8082111E+01 -0.1690567E+00
 0.8105572E+01 -0.1705912E+00
 0.8129032E+01 -0.1721180E+00
 0.8152493E+01 -0.1736345E+00
 0.8175953E+01 -0.1751517E+00
 0.8199413E+01 -0.1766666E+00
 0.8222874E+01 -0.1781872E+00
 0.8246334E+01 -0.1797154E+00
 0.8269795E+01 -0.1812387E+00
 0.8293255E+01 -0.1827537E+00
 0.8316716E+01 -0.1842751E+00
 0.8340176E+01 -0.1857874E+00
 0.8363636E+01 -0.1873054E+00
 0.8387097E+01 -0.1888115E+00
 0.8410557E+01 -0.1903282E+00
 0.8434018E+01 -0.1918524E+00
 0.8457478E+01 -0.1933922E+00
 0.8480938E+01 -0.1949155E+00
 0.8504399E+01 -0.1964549E+00
 0.8527859E+01 -0.1979942E+00
 0.8551320E+01 -0.1995419E+00
 0.8574780E+01 -0.2010802E+00
 0.8598240E+01 -0.2026124E+00
 0.8621701E+01 -0.2041434E+00
 0.8645161E+01 -0.2056686E+00
 0.8668622E+01 -0.2071805E+00
 0.8692082E+01 -0.2086824E+00
 0.8715543E+01 -0.2101729E+00
 0.8739003E+01 -0.2116532E+00
 0.8762463E+01 -0.2131216E+00
 0.8785924E+01 -0.2145874E+00
 0.8809384E+01 -0.2160446E+00
 0.8832845E+01 -0.2175159E+00
 0.8856305E+01 -0.2189801E+00
 0.8879765E+01 -0.2204579E+00
 0.8903226E+01 -0.2219493E+00
 0.8926686E+01 -0.2234597E+00
 0.8950147E+01 -0.2249911E+00
 0.8973607E+01 -0.2265459E+00
 0.8997067E+01 -0.2281087E+00
 0.9020528E+01 -0.2296817E+00
 0.9043988E+01 -0.2312634E+00
 0.9067449E+01 -0.2328454E+00
 0.9090909E+01 -0.2344344E+00
 0.9114370E+01 -0.2360311E+00
 0.9137830E+01 -0.2376288E+00
 0.9161290E+01 -0.2392010E+00
 0.9184751E+01 -0.2407447E+00
 0.9208211E+01 -0.2422748E+00
 0.9231672E+01 -0.2437701E+00
 0.9255132E+01 -0.2452466E+00
 0.9278592E+01 -0.2466970E+00
 0.9302053E+01 -0.2481455E+00
 0.9325513E+01 -0.2495698E+00
 0.9348974E+01 -0.2510011E+00
 0.9372434E+01 -0.2524338E+00
 0.9395894E+01 -0.2538773E+00
 0.9419355E+01 -0.2553418E+00
 0.9442815E+01 -0.2568215E+00
 0.9466276E+01 -0.2583173E+00
 0.9489736E+01 -0.2598428E+00
 0.9513196E+01 -0.2613902E+00
 0.9536657E+01 -0.2629553E+00
 0.9560117E+01 -0.2645196E+00
 0.9583578E+01 -0.2660861E+00
 0.9607038E+01 -0.2676407E+00
 0.9630499E+01 -0.2691785E+00
 0.9653959E+01 -0.2706997E+00
 0.9677419E+01 -0.2721931E+00
 0.9700880E+01 -0.2736469E+00
 0.9724340E+01 -0.2750615E+00
 0.9747801E+01 -0.2764326E+00
 0.9771261E+01 -0.2777917E+00
 0.9794721E+01 -0.2791135E+00
 0.9818182E+01 -0.2804367E+00
 0.9841642E+01 -0.2817575E+00
 0.9865103E+01 -0.2830878E+00
 0.9888563E+01 -0.2844504E+00
 0.9912023E+01 -0.2858531E+00
 0.9935484E+01 -0.2873111E+00
 0.9958944E+01 -0.2888243E+00
 0.9982405E+01 -0.2903919E+00
 0.1000587E+02 -0.2920152E+00
 0.1002933E+02 -0.2936871E+00
 0.1005279E+02 -0.2953975E+00
 0.1007625E+02 -0.2971444E+00
 0.1009971E+02 -0.2988847E+00
 0.1012317E+02 -0.3006045E+00
 0.1014663E+02 -0.3022839E+00
 0.1017009E+02 -0.3039014E+00
 0.1019355E+02 -0.3054552E+00
 0.1021701E+02 -0.3069162E+00
 0.1024047E+02 -0.3082925E+00
 0.1026393E+02 -0.3095946E+00
 0.1028739E+02 -0.3108417E+00
 0.1031085E+02 -0.3120417E+00
 0.1033431E+02 -0.3132201E+00
 0.1035777E+02 -0.3143978E+00
 0.1038123E+02 -0.3156124E+00
 0.1040469E+02 -0.3168980E+00
 0.1042815E+02 -0.3182641E+00
 0.1045161E+02 -0.3197399E+00
 0.1047507E+02 -0.3213301E+00
 0.1049853E+02 -0.3230206E+00
 0.1052199E+02 -0.3248060E+00
 0.1054545E+02 -0.3266660E+00
 0.1056891E+02 -0.3285583E+00
 0.1059238E+02 -0.3304593E+00
 0.1061584E+02 -0.3323129E+00
 0.1063930E+02 -0.3340944E+00
 0.1066276E+02 -0.3357672E+00
 0.1068622E+02 -0.3372977E+00
 0.1070968E+02 -0.3386679E+00
 0.1073314E+02 -0.3398763E+00
 0.1075660E+02 -0.3409369E+00
 0.1078006E+02 -0.3418750E+00
 0.1080352E+02 -0.3427318E+00
 0.1082698E+02 -0.3435456E+00
 0.1085044E+02 -0.3443844E+00
 0.1087390E+02 -0.3452937E+00
 0.1089736E+02 -0.3463186E+00
 0.1092082E+02 -0.3475111E+00
 0.1094428E+02 -0.3489060E+00
 0.1096774E+02 -0.3505278E+00
 0.1099120E+02 -0.3523655E+00
 0.1101466E+02 -0.3544135E+00
 0.1103812E+02 -0.3566286E+00
 0.1106158E+02 -0.3589495E+00
 0.1108504E+02 -0.3613215E+00
 0.1110850E+02 -0.3636825E+00
 0.1113196E+02 -0.3659488E+00
 0.1115543E+02 -0.3680522E+00
 0.1117889E+02 -0.3699407E+00
 0.1120235E+02 -0.3715516E+00
 0.1122581E+02 -0.3728323E+00
 0.1124927E+02 -0.3738221E+00
 0.1127273E+02 -0.3744985E+00
 0.1129619E+02 -0.3749237E+00
 0.1131965E+02 -0.3751570E+00
 0.1134311E+02 -0.3752876E+00
 0.1136657E+02 -0.3754196E+00
 0.1139003E+02 -0.3756832E+00
 0.1141349E+02 -0.3761639E+00
 0.1143695E+02 -0.3769749E+00
 0.1146041E+02 -0.3781877E+00
 0.1148387E+02 -0.3798422E+00
 0.1150733E+02 -0.3819842E+00
 0.1153079E+02 -0.3845751E+00
 0.1155425E+02 -0.3875601E+00
 0.1157771E+02 -0.3908132E+00
 0.1160117E+02 -0.3942116E+00
 0.1162463E+02 -0.3976091E+00
 0.1164809E+02 -0.4008650E+00
 0.1167155E+02 -0.4037958E+00
 0.1169501E+02 -0.4062728E+00
 0.1171848E+02 -0.4081705E+00
 0.1174194E+02 -0.4094189E+00
 0.1176540E+02 -0.4099782E+00
 0.1178886E+02 -0.4098930E+00
 0.1181232E+02 -0.4092644E+00
 0.1183578E+02 -0.4082344E+00
 0.1185924E+02 -0.4069764E+00
 0.1188270E+02 -0.4057492E+00
 0.1190616E+02 -0.4047715E+00
 0.1192962E+02 -0.4042769E+00
 0.1195308E+02 -0.4044291E+00
 0.1197654E+02 -0.4054266E+00
