-0.1000000E+02  0.1031494E-09
-0.9980450E+01  0.3356484E-12
-0.9960899E+01  0.2595997E-13
-0.9941349E+01  0.1988753E-14
-0.9921799E+01  0.4381316E-14
-0.9902248E+01  0.1096017E-15
-0.9882698E+01  0.2453031E-15
-0.9863148E+01  0.3555436E-16
-0.9843597E+01  0.3633676E-16
-0.9824047E+01  0.3709317E-16
-0.9804497E+01  0.2026093E-16
-0.9784946E+01  0.2332278E-17
-0.9765396E+01  0.6570352E-16
-0.9745846E+01  0.7043108E-16
-0.9726295E+01  0.2482206E-16
-0.9706745E+01  0.7242399E-19
-0.9687195E+01  0.2712540E-16
-0.9667644E+01  0.5261404E-17
-0.9648094E+01  0.1248572E-15
-0.9628543E+01  0.3655705E-16
-0.9608993E+01  0.7491294E-16
-0.9589443E+01  0.3085766E-16
-0.9569892E+01  0.1469632E-15
-0.9550342E+01  0.2468982E-16
-0.9530792E+01  0.7336574E-16
-0.9511241E+01  0.1916831E-17
-0.9491691E+01  0.1411484E-17
-0.9472141E+01  0.7642552E-18
-0.9452590E+01  0.6659805E-17
-0.9433040E+01  0.5121519E-17
-0.9413490E+01  0.2551519E-16
-0.9393939E+01  0.2331068E-18
-0.9374389E+01  0.8397195E-19
-0.9354839E+01  0.2031213E-17
-0.9335288E+01  0.5120898E-17
-0.9315738E+01  0.3711634E-17
-0.9296188E+01  0.4778643E-17
-0.9276637E+01  0.2000188E-15
-0.9257087E+01  0.5704238E-17
-0.9237537E+01  0.2287206E-16
-0.9217986E+01  0.3654055E-16
-0.9198436E+01  0.3426769E-16
-0.9178886E+01  0.2813016E-17
-0.9159335E+01  0.3560946E-17
-0.9139785E+01  0.6252394E-17
-0.9120235E+01  0.1037656E-14
-0.9100684E+01  0.1628421E-14
-0.9081134E+01  0.3989568E-16
-0.9061584E+01  0.1905638E-15
-0.9042033E+01  0.2632759E-16
-0.9022483E+01  0.1062784E-16
-0.9002933E+01  0.4666860E-17
-0.8983382E+01  0.2912937E-17
-0.8963832E+01  0.1533078E-15
-0.8944282E+01  0.5747160E-17
-0.8924731E+01  0.3099647E-15
-0.8905181E+01  0.4299527E-14
-0.8885630E+01  0.6110687E-16
-0.8866080E+01  0.6782223E-15
-0.8846530E+01  0.1895810E-15
-0.8826979E+01  0.3390551E-15
-0.8807429E+01  0.3610095E-16
-0.8787879E+01  0.5661958E-17
-0.8768328E+01  0.2712349E-15
-0.8748778E+01  0.1217669E-14
-0.8729228E+01  0.6004044E-15
-0.8709677E+01  0.3391329E-16
-0.8690127E+01  0.7057406E-17
-0.8670577E+01  0.1072634E-15
-0.8651026E+01  0.7500519E-16
-0.8631476E+01  0.4867905E-16
-0.8611926E+01  0.4898199E-15
-0.8592375E+01  0.4726510E-15
-0.8572825E+01  0.5829024E-16
-0.8553275E+01  0.1301429E-15
-0.8533724E+01  0.9742660E-16
-0.8514174E+01  0.1587743E-15
-0.8494624E+01  0.5493634E-17
-0.8475073E+01  0.6325675E-16
-0.8455523E+01  0.1017509E-16
-0.8435973E+01  0.6522545E-16
-0.8416422E+01  0.8455100E-16
-0.8396872E+01  0.1226134E-15
-0.8377322E+01  0.2054161E-17
-0.8357771E+01  0.3624189E-15
-0.8338221E+01  0.8803605E-15
-0.8318671E+01  0.1618906E-17
-0.8299120E+01  0.2362129E-15
-0.8279570E+01  0.1632143E-15
-0.8260020E+01  0.6175626E-16
-0.8240469E+01  0.1701260E-15
-0.8220919E+01  0.1099979E-15
-0.8201369E+01  0.2663279E-15
-0.8181818E+01  0.1515751E-15
-0.8162268E+01  0.3212565E-17
-0.8142717E+01  0.1447973E-17
-0.8123167E+01  0.1601297E-18
-0.8103617E+01  0.1286239E-17
-0.8084066E+01  0.1387533E-16
-0.8064516E+01  0.6068531E-17
-0.8044966E+01  0.5644090E-17
-0.8025415E+01  0.7141352E-19
-0.8005865E+01  0.2449443E-19
-0.7986315E+01  0.1185928E-17
-0.7966764E+01  0.2214160E-17
-0.7947214E+01  0.9281692E-18
-0.7927664E+01  0.1086260E-17
-0.7908113E+01  0.1535545E-16
-0.7888563E+01  0.2868561E-17
-0.7869013E+01  0.2082277E-16
-0.7849462E+01  0.1603391E-14
-0.7829912E+01  0.5426910E-15
-0.7810362E+01  0.2247069E-17
-0.7790811E+01  0.7849242E-17
-0.7771261E+01  0.6317105E-16
-0.7751711E+01  0.5005471E-17
-0.7732160E+01  0.1785966E-15
-0.7712610E+01  0.2400527E-17
-0.7693060E+01  0.1880648E-16
-0.7673509E+01  0.9117983E-16
-0.7653959E+01  0.1488694E-16
-0.7634409E+01  0.6015243E-16
-0.7614858E+01  0.5340412E-17
-0.7595308E+01  0.3604928E-16
-0.7575758E+01  0.2419805E-16
-0.7556207E+01  0.2611921E-16
-0.7536657E+01  0.2826722E-15
-0.7517107E+01  0.1188247E-16
-0.7497556E+01  0.5934285E-18
-0.7478006E+01  0.9384423E-18
-0.7458456E+01  0.7522598E-18
-0.7438905E+01  0.3248805E-18
-0.7419355E+01  0.2030451E-17
-0.7399804E+01  0.4506000E-16
-0.7380254E+01  0.1535822E-16
-0.7360704E+01  0.1032562E-16
-0.7341153E+01  0.4952323E-16
-0.7321603E+01  0.7287824E-17
-0.7302053E+01  0.1833129E-17
-0.7282502E+01  0.5031680E-16
-0.7262952E+01  0.2456372E-14
-0.7243402E+01  0.3239749E-16
-0.7223851E+01  0.1589277E-17
-0.7204301E+01  0.5160897E-16
-0.7184751E+01  0.3057242E-15
-0.7165200E+01  0.8369555E-17
-0.7145650E+01  0.1413157E-15
-0.7126100E+01  0.1135159E-15
-0.7106549E+01  0.2922207E-15
-0.7086999E+01  0.2728164E-15
-0.7067449E+01  0.1692259E-15
-0.7047898E+01  0.6019482E-14
-0.7028348E+01  0.4733110E-16
-0.7008798E+01  0.2463830E-15
-0.6989247E+01  0.9752970E-16
-0.6969697E+01  0.3863681E-15
-0.6950147E+01  0.4540204E-14
-0.6930596E+01  0.3931598E-15
-0.6911046E+01  0.3952127E-15
-0.6891496E+01  0.8215445E-16
-0.6871945E+01  0.2437047E-18
-0.6852395E+01  0.2466387E-16
-0.6832845E+01  0.1045563E-16
-0.6813294E+01  0.1191726E-15
-0.6793744E+01  0.3842532E-15
-0.6774194E+01  0.9270303E-16
-0.6754643E+01  0.2789315E-16
-0.6735093E+01  0.3940369E-15
-0.6715543E+01  0.6374399E-16
-0.6695992E+01  0.2435767E-16
-0.6676442E+01  0.2988459E-15
-0.6656891E+01  0.6489049E-14
-0.6637341E+01  0.2375333E-15
-0.6617791E+01  0.7072772E-16
-0.6598240E+01  0.1071940E-13
-0.6578690E+01  0.3210397E-16
-0.6559140E+01  0.4930995E-15
-0.6539589E+01  0.7990954E-17
-0.6520039E+01  0.3788728E-18
-0.6500489E+01  0.4377644E-17
-0.6480938E+01  0.5843340E-16
-0.6461388E+01  0.2503850E-15
-0.6441838E+01  0.5619566E-16
-0.6422287E+01  0.1985075E-14
-0.6402737E+01  0.1305985E-12
-0.6383187E+01  0.1019873E-13
-0.6363636E+01  0.1783057E-15
-0.6344086E+01  0.2002053E-14
-0.6324536E+01  0.2729951E-15
-0.6304985E+01  0.3886748E-15
-0.6285435E+01  0.2514089E-15
-0.6265885E+01  0.4083464E-16
-0.6246334E+01  0.3659434E-17
-0.6226784E+01  0.3451386E-16
-0.6207234E+01  0.2484985E-14
-0.6187683E+01  0.9760172E-17
-0.6168133E+01  0.2509440E-16
-0.6148583E+01  0.2427011E-16
-0.6129032E+01  0.5678205E-16
-0.6109482E+01  0.5367173E-16
-0.6089932E+01  0.3028306E-15
-0.6070381E+01  0.1116289E-15
-0.6050831E+01  0.5461741E-17
-0.6031281E+01  0.1038823E-16
-0.6011730E+01  0.5779414E-17
-0.5992180E+01  0.5748245E-16
-0.5972630E+01  0.2588676E-14
-0.5953079E+01  0.2782230E-16
-0.5933529E+01  0.4001345E-15
-0.5913978E+01  0.1568470E-15
-0.5894428E+01  0.1291112E-16
-0.5874878E+01  0.4357612E-17
-0.5855327E+01  0.2629165E-17
-0.5835777E+01  0.8988452E-16
-0.5816227E+01  0.2226199E-16
-0.5796676E+01  0.3317705E-17
-0.5777126E+01  0.8773817E-16
-0.5757576E+01  0.1046595E-15
-0.5738025E+01  0.5136213E-16
-0.5718475E+01  0.1295735E-14
-0.5698925E+01  0.1406514E-14
-0.5679374E+01  0.1829564E-16
-0.5659824E+01  0.1121965E-15
-0.5640274E+01  0.2668476E-16
-0.5620723E+01  0.5924777E-17
-0.5601173E+01  0.3650159E-18
-0.5581623E+01  0.4170924E-17
-0.5562072E+01  0.2384313E-17
-0.5542522E+01  0.2476071E-16
-0.5522972E+01  0.1035050E-16
-0.5503421E+01  0.3574760E-17
-0.5483871E+01  0.4380002E-17
-0.5464321E+01  0.3287150E-16
-0.5444770E+01  0.3419702E-16
-0.5425220E+01  0.4608777E-19
-0.5405670E+01  0.1855697E-17
-0.5386119E+01  0.1764684E-17
-0.5366569E+01  0.5326595E-17
-0.5347019E+01  0.6865816E-18
-0.5327468E+01  0.1497109E-17
-0.5307918E+01  0.2926593E-17
-0.5288368E+01  0.5196165E-19
-0.5268817E+01  0.1279214E-16
-0.5249267E+01  0.1446093E-15
-0.5229717E+01  0.4765944E-17
-0.5210166E+01  0.3448255E-16
-0.5190616E+01  0.3127957E-16
-0.5171065E+01  0.8298278E-16
-0.5151515E+01  0.2525368E-16
-0.5131965E+01  0.2273583E-18
-0.5112414E+01  0.1508233E-16
-0.5092864E+01  0.6019611E-15
-0.5073314E+01  0.1251432E-14
-0.5053763E+01  0.2607289E-16
-0.5034213E+01  0.1773105E-15
-0.5014663E+01  0.1038342E-16
-0.4995112E+01  0.2083733E-18
-0.4975562E+01  0.1939591E-16
-0.4956012E+01  0.5182328E-16
-0.4936461E+01  0.5759906E-15
-0.4916911E+01  0.5648490E-18
-0.4897361E+01  0.3503790E-15
-0.4877810E+01  0.3594806E-15
-0.4858260E+01  0.5395949E-15
-0.4838710E+01  0.3877173E-14
-0.4819159E+01  0.3225825E-16
-0.4799609E+01  0.3144480E-16
-0.4780059E+01  0.4201710E-16
-0.4760508E+01  0.6275919E-18
-0.4740958E+01  0.1023843E-16
-0.4721408E+01  0.4369444E-16
-0.4701857E+01  0.1094470E-16
-0.4682307E+01  0.3932469E-17
-0.4662757E+01  0.2027537E-15
-0.4643206E+01  0.9734212E-16
-0.4623656E+01  0.8453578E-17
-0.4604106E+01  0.2942319E-15
-0.4584555E+01  0.1536670E-16
-0.4565005E+01  0.1887967E-16
-0.4545455E+01  0.5581672E-15
-0.4525904E+01  0.2451803E-15
-0.4506354E+01  0.3782670E-17
-0.4486804E+01  0.2852393E-15
-0.4467253E+01  0.4287453E-15
-0.4447703E+01  0.2169312E-17
-0.4428152E+01  0.2674297E-16
-0.4408602E+01  0.9067901E-17
-0.4389052E+01  0.1938755E-16
-0.4369501E+01  0.3658886E-16
-0.4349951E+01  0.9037553E-15
-0.4330401E+01  0.9628819E-16
-0.4310850E+01  0.3823307E-17
-0.4291300E+01  0.1361102E-16
-0.4271750E+01  0.3911785E-17
-0.4252199E+01  0.2571738E-16
-0.4232649E+01  0.5086169E-15
-0.4213099E+01  0.3247944E-15
-0.4193548E+01  0.1106698E-14
-0.4173998E+01  0.1478682E-13
-0.4154448E+01  0.1586905E-11
-0.4134897E+01  0.6778408E-14
-0.4115347E+01  0.1320110E-13
-0.4095797E+01  0.1232242E-16
-0.4076246E+01  0.1490684E-15
-0.4056696E+01  0.2061056E-14
-0.4037146E+01  0.5498662E-16
-0.4017595E+01  0.2503160E-16
-0.3998045E+01  0.4687644E-16
-0.3978495E+01  0.3831906E-15
-0.3958944E+01  0.5913242E-16
-0.3939394E+01  0.4505125E-16
-0.3919844E+01  0.7736414E-17
-0.3900293E+01  0.7900482E-15
-0.3880743E+01  0.4993525E-16
-0.3861193E+01  0.6801639E-17
-0.3841642E+01  0.4633551E-17
-0.3822092E+01  0.3027103E-17
-0.3802542E+01  0.4694870E-17
-0.3782991E+01  0.6150099E-16
-0.3763441E+01  0.8029445E-15
-0.3743891E+01  0.5100107E-15
-0.3724340E+01  0.2842723E-14
-0.3704790E+01  0.9550438E-16
-0.3685239E+01  0.1458282E-17
-0.3665689E+01  0.2502658E-16
-0.3646139E+01  0.5289858E-14
-0.3626588E+01  0.4855319E-16
-0.3607038E+01  0.6303821E-15
-0.3587488E+01  0.2138561E-16
-0.3567937E+01  0.3059089E-15
-0.3548387E+01  0.9715113E-17
-0.3528837E+01  0.1912023E-15
-0.3509286E+01  0.2803994E-16
-0.3489736E+01  0.2768143E-15
-0.3470186E+01  0.3476698E-16
-0.3450635E+01  0.5085889E-16
-0.3431085E+01  0.4279117E-16
-0.3411535E+01  0.5813339E-17
-0.3391984E+01  0.4072978E-16
-0.3372434E+01  0.6055583E-17
-0.3352884E+01  0.4300762E-17
-0.3333333E+01  0.1893269E-17
-0.3313783E+01  0.2893228E-17
-0.3294233E+01  0.9616975E-18
-0.3274682E+01  0.1306466E-16
-0.3255132E+01  0.6294851E-17
-0.3235582E+01  0.1509437E-17
-0.3216031E+01  0.3813785E-15
-0.3196481E+01  0.2743059E-17
-0.3176931E+01  0.7331259E-16
-0.3157380E+01  0.1505262E-14
-0.3137830E+01  0.4252612E-16
-0.3118280E+01  0.9165461E-16
-0.3098729E+01  0.2227926E-17
-0.3079179E+01  0.1230609E-17
-0.3059629E+01  0.9977811E-19
-0.3040078E+01  0.1664708E-16
-0.3020528E+01  0.1174434E-17
-0.3000978E+01  0.1365703E-16
-0.2981427E+01  0.9102668E-17
-0.2961877E+01  0.4462495E-15
-0.2942326E+01  0.2637502E-17
-0.2922776E+01  0.1693749E-17
-0.2903226E+01  0.6558998E-16
-0.2883675E+01  0.4408130E-16
-0.2864125E+01  0.2798404E-16
-0.2844575E+01  0.1606708E-14
-0.2825024E+01  0.2424274E-15
-0.2805474E+01  0.1531183E-14
-0.2785924E+01  0.1812436E-12
-0.2766373E+01  0.1012119E-14
-0.2746823E+01  0.8121530E-16
-0.2727273E+01  0.2249163E-15
-0.2707722E+01  0.8822050E-15
-0.2688172E+01  0.7869432E-16
-0.2668622E+01  0.7126762E-16
-0.2649071E+01  0.2901889E-17
-0.2629521E+01  0.9646018E-15
-0.2609971E+01  0.1559282E-16
-0.2590420E+01  0.7386710E-16
-0.2570870E+01  0.8656268E-16
-0.2551320E+01  0.5059960E-15
-0.2531769E+01  0.1463707E-14
-0.2512219E+01  0.1434144E-12
-0.2492669E+01  0.3038152E-14
-0.2473118E+01  0.1307433E-15
-0.2453568E+01  0.4762837E-16
-0.2434018E+01  0.7575233E-16
-0.2414467E+01  0.1255308E-16
-0.2394917E+01  0.2141000E-13
-0.2375367E+01  0.5132234E-12
-0.2355816E+01  0.2393647E-13
-0.2336266E+01  0.1379135E-14
-0.2316716E+01  0.1555161E-15
-0.2297165E+01  0.1391387E-16
-0.2277615E+01  0.5837163E-16
-0.2258065E+01  0.9196311E-16
-0.2238514E+01  0.3055226E-15
-0.2218964E+01  0.9665680E-15
-0.2199413E+01  0.1080438E-14
-0.2179863E+01  0.2273607E-14
-0.2160313E+01  0.2567215E-15
-0.2140762E+01  0.4113044E-16
-0.2121212E+01  0.1635034E-16
-0.2101662E+01  0.2054307E-16
-0.2082111E+01  0.1997543E-16
-0.2062561E+01  0.6202515E-16
-0.2043011E+01  0.2568711E-16
-0.2023460E+01  0.2095653E-16
-0.2003910E+01  0.1001668E-16
-0.1984360E+01  0.3477707E-16
-0.1964809E+01  0.1422048E-16
-0.1945259E+01  0.7972640E-16
-0.1925709E+01  0.6208717E-16
-0.1906158E+01  0.3511514E-16
-0.1886608E+01  0.3489445E-15
-0.1867058E+01  0.1268250E-15
-0.1847507E+01  0.5694847E-15
-0.1827957E+01  0.3538606E-14
-0.1808407E+01  0.6372103E-15
-0.1788856E+01  0.7056003E-16
-0.1769306E+01  0.1897619E-16
-0.1749756E+01  0.1534005E-17
-0.1730205E+01  0.1961504E-16
-0.1710655E+01  0.3235500E-17
-0.1691105E+01  0.4169821E-16
-0.1671554E+01  0.8420536E-17
-0.1652004E+01  0.2201770E-16
-0.1632454E+01  0.3616388E-16
-0.1612903E+01  0.3755988E-16
-0.1593353E+01  0.5260119E-17
-0.1573803E+01  0.2966055E-17
-0.1554252E+01  0.1319319E-16
-0.1534702E+01  0.3940073E-17
-0.1515152E+01  0.8006432E-18
-0.1495601E+01  0.1051506E-16
-0.1476051E+01  0.3568523E-16
-0.1456500E+01  0.3037751E-16
-0.1436950E+01  0.2339041E-17
-0.1417400E+01  0.9959224E-17
-0.1397849E+01  0.2547733E-17
-0.1378299E+01  0.3287680E-16
-0.1358749E+01  0.2596208E-16
-0.1339198E+01  0.8099837E-16
-0.1319648E+01  0.7760858E-17
-0.1300098E+01  0.1572175E-15
-0.1280547E+01  0.3802785E-16
-0.1260997E+01  0.4240573E-17
-0.1241447E+01  0.3924921E-17
-0.1221896E+01  0.3456024E-17
-0.1202346E+01  0.9690531E-16
-0.1182796E+01  0.1394174E-15
-0.1163245E+01  0.1002076E-15
-0.1143695E+01  0.3518795E-16
-0.1124145E+01  0.6280261E-16
-0.1104594E+01  0.9178835E-16
-0.1085044E+01  0.5459473E-15
-0.1065494E+01  0.8532955E-15
-0.1045943E+01  0.7522707E-16
-0.1026393E+01  0.2723483E-15
-0.1006843E+01  0.1484259E-15
-0.9872923E+00  0.5778477E-15
-0.9677419E+00  0.2188289E-16
-0.9481916E+00  0.2508780E-16
-0.9286413E+00  0.9483785E-17
-0.9090909E+00  0.4042420E-16
-0.8895406E+00  0.1425275E-15
-0.8699902E+00  0.7011702E-17
-0.8504399E+00  0.4508756E-15
-0.8308895E+00  0.2571975E-15
-0.8113392E+00  0.7180770E-16
-0.7917889E+00  0.2654408E-16
-0.7722385E+00  0.4336031E-16
-0.7526882E+00  0.7368923E-15
-0.7331378E+00  0.3496525E-15
-0.7135875E+00  0.4096895E-15
-0.6940371E+00  0.1772905E-15
-0.6744868E+00  0.1094790E-15
-0.6549365E+00  0.6769128E-15
-0.6353861E+00  0.2383907E-14
-0.6158358E+00  0.2832453E-15
-0.5962854E+00  0.2009001E-15
-0.5767351E+00  0.1114274E-14
-0.5571848E+00  0.5447952E-15
-0.5376344E+00  0.2877989E-15
-0.5180841E+00  0.5643514E-15
-0.4985337E+00  0.6923507E-15
-0.4789834E+00  0.3654962E-15
-0.4594330E+00  0.1209308E-14
-0.4398827E+00  0.2098526E-14
-0.4203324E+00  0.1522580E-14
-0.4007820E+00  0.4066983E-17
-0.3812317E+00  0.1628300E-14
-0.3616813E+00  0.1324350E-14
-0.3421310E+00  0.5004996E-15
-0.3225806E+00  0.1312677E-14
-0.3030303E+00  0.9548930E-15
-0.2834800E+00  0.1170282E-14
-0.2639296E+00  0.1379146E-14
-0.2443793E+00  0.1444965E-15
-0.2248289E+00  0.9019355E-15
-0.2052786E+00  0.1956241E-14
-0.1857283E+00  0.3097159E-15
-0.1661779E+00  0.2554754E-14
-0.1466276E+00  0.7868325E-14
-0.1270772E+00  0.6926249E-14
-0.1075269E+00  0.2337055E-14
-0.8797654E-01  0.6658840E-14
-0.6842620E-01  0.1072404E-13
-0.4887586E-01  0.6651039E-14
-0.2932551E-01  0.4342127E-14
-0.9775171E-02  0.5694497E-14
 0.9775171E-02  0.1593915E-14
 0.2932551E-01  0.4697242E-14
 0.4887586E-01  0.2028135E-14
 0.6842620E-01  0.2392495E-13
 0.8797654E-01  0.4721133E-13
 0.1075269E+00  0.3991155E-13
 0.1270772E+00  0.2670401E-13
 0.1466276E+00  0.1331202E-13
 0.1661779E+00  0.1130074E-13
 0.1857283E+00  0.3488339E-14
 0.2052786E+00  0.1865023E-14
 0.2248289E+00  0.3418655E-13
 0.2443793E+00  0.8671567E-13
 0.2639296E+00  0.1247527E-12
 0.2834800E+00  0.1582783E-12
 0.3030303E+00  0.1204269E-12
 0.3225806E+00  0.1449058E-12
 0.3421310E+00  0.3000033E-12
 0.3616813E+00  0.9503428E-12
 0.3812317E+00  0.2301979E-11
 0.4007820E+00  0.5819683E-11
 0.4203324E+00  0.1584316E-10
 0.4398827E+00  0.4887446E-10
 0.4594330E+00  0.1568037E-09
 0.4789834E+00  0.4804447E-09
 0.4985337E+00  0.1415263E-08
 0.5180841E+00  0.3999350E-08
 0.5376344E+00  0.1100604E-07
 0.5571848E+00  0.2949876E-07
 0.5767351E+00  0.7658898E-07
 0.5962854E+00  0.1926825E-06
 0.6158358E+00  0.4694772E-06
 0.6353861E+00  0.1109218E-05
 0.6549365E+00  0.2544349E-05
 0.6744868E+00  0.5664838E-05
 0.6940371E+00  0.1224908E-04
 0.7135875E+00  0.2573867E-04
 0.7331378E+00  0.5258745E-04
 0.7526882E+00  0.1045303E-03
 0.7722385E+00  0.2022400E-03
 0.7917889E+00  0.3810339E-03
 0.8113392E+00  0.6994702E-03
 0.8308895E+00  0.1251673E-02
 0.8504399E+00  0.2184464E-02
 0.8699902E+00  0.3719966E-02
 0.8895406E+00  0.6183963E-02
 0.9090909E+00  0.1003978E-01
 0.9286413E+00  0.1592570E-01
 0.9481916E+00  0.2469315E-01
 0.9677419E+00  0.3744030E-01
 0.9872923E+00  0.5553414E-01
 0.1006843E+01  0.8061396E-01
 0.1026393E+01  0.1145664E+00
 0.1045943E+01  0.1594643E+00
 0.1065494E+01  0.2174632E+00
 0.1085044E+01  0.2906547E+00
 0.1104594E+01  0.3808790E+00
 0.1124145E+01  0.4895087E+00
 0.1143695E+01  0.6172177E+00
 0.1163245E+01  0.7637617E+00
 0.1182796E+01  0.9277949E+00
 0.1202346E+01  0.1106750E+01
 0.1221896E+01  0.1296808E+01
 0.1241447E+01  0.1492972E+01
 0.1260997E+01  0.1689256E+01
 0.1280547E+01  0.1878979E+01
 0.1300098E+01  0.2055140E+01
 0.1319648E+01  0.2210861E+01
 0.1339198E+01  0.2339840E+01
 0.1358749E+01  0.2436783E+01
 0.1378299E+01  0.2497765E+01
 0.1397849E+01  0.2520496E+01
 0.1417400E+01  0.2504457E+01
 0.1436950E+01  0.2450902E+01
 0.1456500E+01  0.2362721E+01
 0.1476051E+01  0.2244204E+01
 0.1495601E+01  0.2100702E+01
 0.1515152E+01  0.1938240E+01
 0.1534702E+01  0.1763125E+01
 0.1554252E+01  0.1581559E+01
 0.1573803E+01  0.1399311E+01
 0.1593353E+01  0.1221450E+01
 0.1612903E+01  0.1052174E+01
 0.1632454E+01  0.8947079E+00
 0.1652004E+01  0.7512887E+00
 0.1671554E+01  0.6232157E+00
 0.1691105E+01  0.5109540E+00
 0.1710655E+01  0.4142691E+00
 0.1730205E+01  0.3323804E+00
 0.1749756E+01  0.2641165E+00
 0.1769306E+01  0.2080613E+00
 0.1788856E+01  0.1626806E+00
 0.1808407E+01  0.1264262E+00
 0.1827957E+01  0.9781520E-01
 0.1847507E+01  0.7548403E-01
 0.1867058E+01  0.5822180E-01
 0.1886608E+01  0.4498450E-01
 0.1906158E+01  0.3489563E-01
 0.1925709E+01  0.2723697E-01
 0.1945259E+01  0.2143250E-01
 0.1964809E+01  0.1702938E-01
 0.1984360E+01  0.1367802E-01
 0.2003910E+01  0.1111267E-01
 0.2023460E+01  0.9134046E-02
 0.2043011E+01  0.7594284E-02
 0.2062561E+01  0.6384422E-02
 0.2082111E+01  0.5424508E-02
 0.2101662E+01  0.4655699E-02
 0.2121212E+01  0.4034480E-02
 0.2140762E+01  0.3528412E-02
 0.2160313E+01  0.3112916E-02
 0.2179863E+01  0.2769171E-02
 0.2199413E+01  0.2482521E-02
 0.2218964E+01  0.2241442E-02
 0.2238514E+01  0.2036807E-02
 0.2258065E+01  0.1861357E-02
 0.2277615E+01  0.1709320E-02
 0.2297165E+01  0.1576100E-02
 0.2316716E+01  0.1458073E-02
 0.2336266E+01  0.1352394E-02
 0.2355816E+01  0.1256866E-02
 0.2375367E+01  0.1169793E-02
 0.2394917E+01  0.1089850E-02
 0.2414467E+01  0.1016044E-02
 0.2434018E+01  0.9475972E-03
 0.2453568E+01  0.8839292E-03
 0.2473118E+01  0.8245756E-03
 0.2492669E+01  0.7691821E-03
 0.2512219E+01  0.7174603E-03
 0.2531769E+01  0.6691615E-03
 0.2551320E+01  0.6240602E-03
 0.2570870E+01  0.5819680E-03
 0.2590420E+01  0.5427151E-03
 0.2609971E+01  0.5061349E-03
 0.2629521E+01  0.4720790E-03
 0.2649071E+01  0.4404059E-03
 0.2668622E+01  0.4109674E-03
 0.2688172E+01  0.3836269E-03
 0.2707722E+01  0.3582562E-03
 0.2727273E+01  0.3347331E-03
 0.2746823E+01  0.3129321E-03
 0.2766373E+01  0.2927320E-03
 0.2785924E+01  0.2740246E-03
 0.2805474E+01  0.2567039E-03
 0.2825024E+01  0.2406699E-03
 0.2844575E+01  0.2258320E-03
 0.2864125E+01  0.2120986E-03
 0.2883675E+01  0.1993867E-03
 0.2903226E+01  0.1876181E-03
 0.2922776E+01  0.1767213E-03
 0.2942326E+01  0.1666291E-03
 0.2961877E+01  0.1572827E-03
 0.2981427E+01  0.1486183E-03
 0.3000978E+01  0.1405767E-03
 0.3020528E+01  0.1331069E-03
 0.3040078E+01  0.1261685E-03
 0.3059629E+01  0.1197181E-03
 0.3079179E+01  0.1137124E-03
 0.3098729E+01  0.1081153E-03
 0.3118280E+01  0.1028935E-03
 0.3137830E+01  0.9801744E-04
 0.3157380E+01  0.9345918E-04
 0.3176931E+01  0.8919278E-04
 0.3196481E+01  0.8519339E-04
 0.3216031E+01  0.8144005E-04
 0.3235582E+01  0.7791191E-04
 0.3255132E+01  0.7458915E-04
 0.3274682E+01  0.7145775E-04
 0.3294233E+01  0.6850220E-04
 0.3313783E+01  0.6571054E-04
 0.3333333E+01  0.6306914E-04
 0.3352884E+01  0.6056798E-04
 0.3372434E+01  0.5819701E-04
 0.3391984E+01  0.5594455E-04
 0.3411535E+01  0.5380272E-04
 0.3431085E+01  0.5176340E-04
 0.3450635E+01  0.4982082E-04
 0.3470186E+01  0.4796822E-04
 0.3489736E+01  0.4619951E-04
 0.3509286E+01  0.4450925E-04
 0.3528837E+01  0.4289063E-04
 0.3548387E+01  0.4133998E-04
 0.3567937E+01  0.3985307E-04
 0.3587488E+01  0.3842755E-04
 0.3607038E+01  0.3705990E-04
 0.3626588E+01  0.3574597E-04
 0.3646139E+01  0.3448256E-04
 0.3665689E+01  0.3326754E-04
 0.3685239E+01  0.3209916E-04
 0.3704790E+01  0.3097459E-04
 0.3724340E+01  0.2989059E-04
 0.3743891E+01  0.2884535E-04
 0.3763441E+01  0.2783614E-04
 0.3782991E+01  0.2686309E-04
 0.3802542E+01  0.2592501E-04
 0.3822092E+01  0.2502074E-04
 0.3841642E+01  0.2414757E-04
 0.3861193E+01  0.2330379E-04
 0.3880743E+01  0.2248933E-04
 0.3900293E+01  0.2170214E-04
 0.3919844E+01  0.2094289E-04
 0.3939394E+01  0.2020998E-04
 0.3958944E+01  0.1950071E-04
 0.3978495E+01  0.1881501E-04
 0.3998045E+01  0.1815166E-04
 0.4017595E+01  0.1751212E-04
 0.4037146E+01  0.1689403E-04
 0.4056696E+01  0.1629646E-04
 0.4076246E+01  0.1571816E-04
 0.4095797E+01  0.1515808E-04
 0.4115347E+01  0.1461903E-04
 0.4134897E+01  0.1409919E-04
 0.4154448E+01  0.1359677E-04
 0.4173998E+01  0.1311059E-04
 0.4193548E+01  0.1263877E-04
 0.4213099E+01  0.1218307E-04
 0.4232649E+01  0.1174378E-04
 0.4252199E+01  0.1131913E-04
 0.4271750E+01  0.1090833E-04
 0.4291300E+01  0.1051046E-04
 0.4310850E+01  0.1012592E-04
 0.4330401E+01  0.9754249E-05
 0.4349951E+01  0.9395345E-05
 0.4369501E+01  0.9048166E-05
 0.4389052E+01  0.8712064E-05
 0.4408602E+01  0.8386974E-05
 0.4428152E+01  0.8072943E-05
 0.4447703E+01  0.7769775E-05
 0.4467253E+01  0.7476878E-05
 0.4486804E+01  0.7193757E-05
 0.4506354E+01  0.6920204E-05
 0.4525904E+01  0.6656091E-05
 0.4545455E+01  0.6402338E-05
 0.4565005E+01  0.6157672E-05
 0.4584555E+01  0.5921767E-05
 0.4604106E+01  0.5694129E-05
 0.4623656E+01  0.5474735E-05
 0.4643206E+01  0.5263564E-05
 0.4662757E+01  0.5059767E-05
 0.4682307E+01  0.4863599E-05
 0.4701857E+01  0.4674773E-05
 0.4721408E+01  0.4493342E-05
 0.4740958E+01  0.4318909E-05
 0.4760508E+01  0.4150666E-05
 0.4780059E+01  0.3988502E-05
 0.4799609E+01  0.3832592E-05
 0.4819159E+01  0.3683055E-05
 0.4838710E+01  0.3539760E-05
 0.4858260E+01  0.3402269E-05
 0.4877810E+01  0.3269674E-05
 0.4897361E+01  0.3141667E-05
 0.4916911E+01  0.3018423E-05
 0.4936461E+01  0.2899915E-05
 0.4956012E+01  0.2786085E-05
 0.4975562E+01  0.2676209E-05
 0.4995112E+01  0.2569343E-05
 0.5014663E+01  0.2465637E-05
 0.5034213E+01  0.2365779E-05
 0.5053763E+01  0.2269820E-05
 0.5073314E+01  0.2177802E-05
 0.5092864E+01  0.2089765E-05
 0.5112414E+01  0.2005589E-05
 0.5131965E+01  0.1925000E-05
 0.5151515E+01  0.1847881E-05
 0.5171065E+01  0.1773786E-05
 0.5190616E+01  0.1702670E-05
 0.5210166E+01  0.1634426E-05
 0.5229717E+01  0.1568885E-05
 0.5249267E+01  0.1505879E-05
 0.5268817E+01  0.1445310E-05
 0.5288368E+01  0.1387013E-05
 0.5307918E+01  0.1331219E-05
 0.5327468E+01  0.1278174E-05
 0.5347019E+01  0.1227709E-05
 0.5366569E+01  0.1179673E-05
 0.5386119E+01  0.1133633E-05
 0.5405670E+01  0.1089395E-05
 0.5425220E+01  0.1046865E-05
 0.5444770E+01  0.1006411E-05
 0.5464321E+01  0.9679202E-06
 0.5483871E+01  0.9306780E-06
 0.5503421E+01  0.8942063E-06
 0.5522972E+01  0.8587019E-06
 0.5542522E+01  0.8244816E-06
 0.5562072E+01  0.7917430E-06
 0.5581623E+01  0.7603529E-06
 0.5601173E+01  0.7299938E-06
 0.5620723E+01  0.7003563E-06
 0.5640274E+01  0.6717040E-06
 0.5659824E+01  0.6443865E-06
 0.5679374E+01  0.6184868E-06
 0.5698925E+01  0.5939763E-06
 0.5718475E+01  0.5706261E-06
 0.5738025E+01  0.5482640E-06
 0.5757576E+01  0.5267408E-06
 0.5777126E+01  0.5060415E-06
 0.5796676E+01  0.4862715E-06
 0.5816227E+01  0.4673419E-06
 0.5835777E+01  0.4491201E-06
 0.5855327E+01  0.4313830E-06
 0.5874878E+01  0.4141890E-06
 0.5894428E+01  0.3977613E-06
 0.5913978E+01  0.3820809E-06
 0.5933529E+01  0.3672196E-06
 0.5953079E+01  0.3529885E-06
 0.5972630E+01  0.3392845E-06
 0.5992180E+01  0.3259617E-06
 0.6011730E+01  0.3130396E-06
 0.6031281E+01  0.3005192E-06
 0.6050831E+01  0.2884207E-06
 0.6070381E+01  0.2767723E-06
 0.6089932E+01  0.2654755E-06
 0.6109482E+01  0.2546358E-06
 0.6129032E+01  0.2442713E-06
 0.6148583E+01  0.2344226E-06
 0.6168133E+01  0.2250154E-06
 0.6187683E+01  0.2160227E-06
 0.6207234E+01  0.2074508E-06
 0.6226784E+01  0.1993318E-06
 0.6246334E+01  0.1914036E-06
 0.6265885E+01  0.1834909E-06
 0.6285435E+01  0.1760121E-06
 0.6304985E+01  0.1690704E-06
 0.6324536E+01  0.1626347E-06
 0.6344086E+01  0.1564865E-06
 0.6363636E+01  0.1503317E-06
 0.6383187E+01  0.1442721E-06
 0.6402737E+01  0.1382821E-06
 0.6422287E+01  0.1324879E-06
 0.6441838E+01  0.1268354E-06
 0.6461388E+01  0.1213998E-06
 0.6480938E+01  0.1160756E-06
 0.6500489E+01  0.1111401E-06
 0.6520039E+01  0.1066227E-06
 0.6539589E+01  0.1024997E-06
 0.6559140E+01  0.9865818E-07
 0.6578690E+01  0.9481487E-07
 0.6598240E+01  0.9097647E-07
 0.6617791E+01  0.8722692E-07
 0.6637341E+01  0.8366714E-07
 0.6656891E+01  0.8037808E-07
 0.6676442E+01  0.7715173E-07
 0.6695992E+01  0.7391169E-07
 0.6715543E+01  0.7065601E-07
 0.6735093E+01  0.6751115E-07
 0.6754643E+01  0.6468970E-07
 0.6774194E+01  0.6213116E-07
 0.6793744E+01  0.5974667E-07
 0.6813294E+01  0.5741660E-07
 0.6832845E+01  0.5514631E-07
 0.6852395E+01  0.5302193E-07
 0.6871945E+01  0.5103141E-07
 0.6891496E+01  0.4904930E-07
 0.6911046E+01  0.4696887E-07
 0.6930596E+01  0.4487739E-07
 0.6950147E+01  0.4284534E-07
 0.6969697E+01  0.4095507E-07
 0.6989247E+01  0.3921585E-07
 0.7008798E+01  0.3758215E-07
 0.7028348E+01  0.3601504E-07
 0.7047898E+01  0.3452155E-07
 0.7067449E+01  0.3318744E-07
 0.7086999E+01  0.3197729E-07
 0.7106549E+01  0.3078694E-07
 0.7126100E+01  0.2953781E-07
 0.7145650E+01  0.2820645E-07
 0.7165200E+01  0.2691357E-07
 0.7184751E+01  0.2575368E-07
 0.7204301E+01  0.2474138E-07
 0.7223851E+01  0.2377783E-07
 0.7243402E+01  0.2273966E-07
 0.7262952E+01  0.2172648E-07
 0.7282502E+01  0.2080083E-07
 0.7302053E+01  0.2002192E-07
 0.7321603E+01  0.1931333E-07
 0.7341153E+01  0.1854644E-07
 0.7360704E+01  0.1772679E-07
 0.7380254E+01  0.1693912E-07
 0.7399804E+01  0.1628650E-07
 0.7419355E+01  0.1568028E-07
 0.7438905E+01  0.1504607E-07
 0.7458456E+01  0.1432050E-07
 0.7478006E+01  0.1358281E-07
 0.7497556E+01  0.1293866E-07
 0.7517107E+01  0.1242047E-07
 0.7536657E+01  0.1197187E-07
 0.7556207E+01  0.1148234E-07
 0.7575758E+01  0.1098661E-07
 0.7595308E+01  0.1054138E-07
 0.7614858E+01  0.1022274E-07
 0.7634409E+01  0.9953764E-08
 0.7653959E+01  0.9573432E-08
 0.7673509E+01  0.9067038E-08
 0.7693060E+01  0.8550618E-08
 0.7712610E+01  0.8162239E-08
 0.7732160E+01  0.7888869E-08
 0.7751711E+01  0.7632905E-08
 0.7771261E+01  0.7291905E-08
 0.7790811E+01  0.6890991E-08
 0.7810362E+01  0.6555359E-08
 0.7829912E+01  0.6320210E-08
 0.7849462E+01  0.6131392E-08
 0.7869013E+01  0.5870243E-08
 0.7888563E+01  0.5535301E-08
 0.7908113E+01  0.5211305E-08
 0.7927664E+01  0.4993459E-08
 0.7947214E+01  0.4888249E-08
 0.7966764E+01  0.4772696E-08
 0.7986315E+01  0.4584862E-08
 0.8005865E+01  0.4339477E-08
 0.8025415E+01  0.4136960E-08
 0.8044966E+01  0.4030586E-08
 0.8064516E+01  0.3961953E-08
 0.8084066E+01  0.3808274E-08
 0.8103617E+01  0.3524060E-08
 0.8123167E+01  0.3239691E-08
 0.8142717E+01  0.3066925E-08
 0.8162268E+01  0.3018702E-08
 0.8181818E+01  0.2977620E-08
 0.8201369E+01  0.2857924E-08
 0.8220919E+01  0.2668974E-08
 0.8240469E+01  0.2526065E-08
 0.8260020E+01  0.2495304E-08
 0.8279570E+01  0.2490506E-08
 0.8299120E+01  0.2416030E-08
 0.8318671E+01  0.2230040E-08
 0.8338221E+01  0.2032635E-08
 0.8357771E+01  0.1935541E-08
 0.8377322E+01  0.1943949E-08
 0.8396872E+01  0.1946448E-08
 0.8416422E+01  0.1836841E-08
 0.8435973E+01  0.1652913E-08
 0.8455523E+01  0.1504009E-08
 0.8475073E+01  0.1473181E-08
 0.8494624E+01  0.1508137E-08
 0.8514174E+01  0.1486405E-08
 0.8533724E+01  0.1364503E-08
 0.8553275E+01  0.1234393E-08
 0.8572825E+01  0.1213506E-08
 0.8592375E+01  0.1288886E-08
 0.8611926E+01  0.1334038E-08
 0.8631476E+01  0.1242795E-08
 0.8651026E+01  0.1066462E-08
 0.8670577E+01  0.9470557E-09
 0.8690127E+01  0.9416247E-09
 0.8709677E+01  0.9839770E-09
 0.8729228E+01  0.9544779E-09
 0.8748778E+01  0.8470054E-09
 0.8768328E+01  0.7620873E-09
 0.8787879E+01  0.7724224E-09
 0.8807429E+01  0.8452520E-09
 0.8826979E+01  0.8433878E-09
 0.8846530E+01  0.7103591E-09
 0.8866080E+01  0.5319159E-09
 0.8885630E+01  0.4479169E-09
 0.8905181E+01  0.5005323E-09
 0.8924731E+01  0.5880207E-09
 0.8944282E+01  0.5986739E-09
 0.8963832E+01  0.5385217E-09
 0.8983382E+01  0.4926493E-09
 0.9002933E+01  0.5339407E-09
 0.9022483E+01  0.6067575E-09
 0.9042033E+01  0.5996548E-09
 0.9061584E+01  0.4792005E-09
 0.9081134E+01  0.3368904E-09
 0.9100684E+01  0.2944069E-09
 0.9120235E+01  0.3613273E-09
 0.9139785E+01  0.4339488E-09
 0.9159335E+01  0.4126348E-09
 0.9178886E+01  0.3123816E-09
 0.9198436E+01  0.2457557E-09
 0.9217986E+01  0.2793054E-09
 0.9237537E+01  0.3538696E-09
 0.9257087E+01  0.3550157E-09
 0.9276637E+01  0.2563020E-09
 0.9296188E+01  0.1509868E-09
 0.9315738E+01  0.1523424E-09
 0.9335288E+01  0.2535069E-09
 0.9354839E+01  0.3327821E-09
 0.9374389E+01  0.2995177E-09
 0.9393939E+01  0.1899583E-09
 0.9413490E+01  0.1280985E-09
 0.9433040E+01  0.1707435E-09
 0.9452590E+01  0.2444827E-09
 0.9472141E+01  0.2425540E-09
 0.9491691E+01  0.1468872E-09
 0.9511241E+01  0.6210012E-10
 0.9530792E+01  0.9101859E-10
 0.9550342E+01  0.2050724E-09
 0.9569892E+01  0.2802570E-09
 0.9589443E+01  0.2295924E-09
 0.9608993E+01  0.1108311E-09
 0.9628543E+01  0.5229641E-10
 0.9648094E+01  0.1043440E-09
 0.9667644E+01  0.1877848E-09
 0.9687195E+01  0.1887739E-09
 0.9706745E+01  0.9745115E-10
 0.9726295E+01  0.2040346E-10
 0.9745846E+01  0.5484933E-10
 0.9765396E+01  0.1662431E-09
 0.9784946E+01  0.2256684E-09
 0.9804497E+01  0.1637906E-09
 0.9824047E+01  0.5134498E-10
 0.9843597E+01  0.1506365E-10
 0.9863148E+01  0.9158900E-10
 0.9882698E+01  0.1825734E-09
 0.9902248E+01  0.1748636E-09
 0.9921799E+01  0.7501191E-10
 0.9941349E+01  0.3700138E-11
 0.9960899E+01  0.4600698E-10
 0.9980450E+01  0.1508149E-09
 0.1000000E+02  0.1994813E-09
