-0.1000000E+02  0.5280154E-07
-0.9980450E+01  0.1636076E-09
-0.9960899E+01  0.1269708E-10
-0.9941349E+01  0.9007078E-12
-0.9921799E+01  0.2711176E-11
-0.9902248E+01  0.2614468E-13
-0.9882698E+01  0.1373453E-12
-0.9863148E+01  0.9355033E-14
-0.9843597E+01  0.9641954E-14
-0.9824047E+01  0.7388428E-14
-0.9804497E+01  0.4625134E-14
-0.9784946E+01  0.1576181E-14
-0.9765396E+01  0.1031004E-13
-0.9745846E+01  0.3553262E-13
-0.9726295E+01  0.1569923E-14
-0.9706745E+01  0.8810204E-15
-0.9687195E+01  0.6590603E-15
-0.9667644E+01  0.4250175E-15
-0.9648094E+01  0.1204766E-14
-0.9628543E+01  0.4152093E-15
-0.9608993E+01  0.6520187E-15
-0.9589443E+01  0.1160078E-15
-0.9569892E+01  0.7052358E-15
-0.9550342E+01  0.4839899E-15
-0.9530792E+01  0.1211185E-14
-0.9511241E+01  0.1322015E-15
-0.9491691E+01  0.1287780E-15
-0.9472141E+01  0.8633906E-16
-0.9452590E+01  0.9799499E-16
-0.9433040E+01  0.8645613E-16
-0.9413490E+01  0.4715590E-15
-0.9393939E+01  0.8491435E-16
-0.9374389E+01  0.6251088E-16
-0.9354839E+01  0.8980447E-15
-0.9335288E+01  0.3006349E-16
-0.9315738E+01  0.2934373E-16
-0.9296188E+01  0.1545378E-15
-0.9276637E+01  0.1143717E-15
-0.9257087E+01  0.2226222E-15
-0.9237537E+01  0.1279002E-13
-0.9217986E+01  0.2531278E-14
-0.9198436E+01  0.3820717E-14
-0.9178886E+01  0.8742713E-16
-0.9159335E+01  0.5694871E-16
-0.9139785E+01  0.5944639E-16
-0.9120235E+01  0.1512826E-14
-0.9100684E+01  0.2614544E-14
-0.9081134E+01  0.1476116E-16
-0.9061584E+01  0.2077913E-16
-0.9042033E+01  0.9610831E-17
-0.9022483E+01  0.1537370E-16
-0.9002933E+01  0.9711449E-18
-0.8983382E+01  0.2420729E-16
-0.8963832E+01  0.1781010E-16
-0.8944282E+01  0.3372061E-17
-0.8924731E+01  0.7616609E-16
-0.8905181E+01  0.7972966E-14
-0.8885630E+01  0.4502904E-16
-0.8866080E+01  0.5064662E-15
-0.8846530E+01  0.7380142E-15
-0.8826979E+01  0.1828262E-15
-0.8807429E+01  0.3610026E-16
-0.8787879E+01  0.2134352E-16
-0.8768328E+01  0.6399266E-16
-0.8748778E+01  0.4945973E-15
-0.8729228E+01  0.1392387E-15
-0.8709677E+01  0.3199115E-16
-0.8690127E+01  0.1551527E-16
-0.8670577E+01  0.2355252E-15
-0.8651026E+01  0.5002910E-16
-0.8631476E+01  0.3524882E-15
-0.8611926E+01  0.2928379E-16
-0.8592375E+01  0.1934466E-15
-0.8572825E+01  0.7573640E-15
-0.8553275E+01  0.1468011E-15
-0.8533724E+01  0.1218858E-14
-0.8514174E+01  0.3579809E-16
-0.8494624E+01  0.1926622E-15
-0.8475073E+01  0.4787579E-16
-0.8455523E+01  0.1689332E-15
-0.8435973E+01  0.3668113E-16
-0.8416422E+01  0.5152258E-17
-0.8396872E+01  0.4015968E-16
-0.8377322E+01  0.1413776E-16
-0.8357771E+01  0.8008206E-16
-0.8338221E+01  0.1146190E-14
-0.8318671E+01  0.1291858E-17
-0.8299120E+01  0.2216550E-16
-0.8279570E+01  0.8918699E-15
-0.8260020E+01  0.2249978E-16
-0.8240469E+01  0.1714201E-15
-0.8220919E+01  0.5279780E-16
-0.8201369E+01  0.1447497E-14
-0.8181818E+01  0.2218217E-13
-0.8162268E+01  0.2983023E-15
-0.8142717E+01  0.6561372E-17
-0.8123167E+01  0.1118376E-17
-0.8103617E+01  0.1627061E-16
-0.8084066E+01  0.2005818E-16
-0.8064516E+01  0.2095534E-15
-0.8044966E+01  0.1505177E-16
-0.8025415E+01  0.2327545E-16
-0.8005865E+01  0.8039019E-18
-0.7986315E+01  0.1924949E-17
-0.7966764E+01  0.3187065E-16
-0.7947214E+01  0.6299404E-17
-0.7927664E+01  0.3911998E-19
-0.7908113E+01  0.1187252E-16
-0.7888563E+01  0.1296120E-17
-0.7869013E+01  0.1862033E-16
-0.7849462E+01  0.9030256E-15
-0.7829912E+01  0.5170059E-15
-0.7810362E+01  0.2151716E-17
-0.7790811E+01  0.1107601E-17
-0.7771261E+01  0.3027744E-15
-0.7751711E+01  0.3202320E-16
-0.7732160E+01  0.4569322E-15
-0.7712610E+01  0.2350060E-17
-0.7693060E+01  0.7118935E-17
-0.7673509E+01  0.6068814E-16
-0.7653959E+01  0.9927050E-17
-0.7634409E+01  0.1462336E-15
-0.7614858E+01  0.1404266E-17
-0.7595308E+01  0.3741535E-17
-0.7575758E+01  0.1566229E-16
-0.7556207E+01  0.7851655E-17
-0.7536657E+01  0.7043821E-18
-0.7517107E+01  0.1695584E-16
-0.7497556E+01  0.5844308E-18
-0.7478006E+01  0.1447674E-16
-0.7458456E+01  0.1382067E-17
-0.7438905E+01  0.8801020E-17
-0.7419355E+01  0.4911849E-17
-0.7399804E+01  0.4001274E-15
-0.7380254E+01  0.5939519E-17
-0.7360704E+01  0.1010899E-18
-0.7341153E+01  0.7279486E-16
-0.7321603E+01  0.4030976E-17
-0.7302053E+01  0.8091715E-16
-0.7282502E+01  0.1523642E-16
-0.7262952E+01  0.5011291E-15
-0.7243402E+01  0.8221484E-17
-0.7223851E+01  0.7009121E-18
-0.7204301E+01  0.1448812E-15
-0.7184751E+01  0.4927539E-15
-0.7165200E+01  0.7667813E-16
-0.7145650E+01  0.4947831E-15
-0.7126100E+01  0.3921143E-16
-0.7106549E+01  0.5668119E-15
-0.7086999E+01  0.1900321E-14
-0.7067449E+01  0.1132916E-16
-0.7047898E+01  0.1151529E-14
-0.7028348E+01  0.3280126E-16
-0.7008798E+01  0.6413783E-16
-0.6989247E+01  0.5752106E-18
-0.6969697E+01  0.2526286E-15
-0.6950147E+01  0.4200139E-14
-0.6930596E+01  0.2516813E-15
-0.6911046E+01  0.3400666E-15
-0.6891496E+01  0.5343991E-15
-0.6871945E+01  0.1925968E-16
-0.6852395E+01  0.3091862E-15
-0.6832845E+01  0.3121465E-16
-0.6813294E+01  0.1572854E-16
-0.6793744E+01  0.1333540E-16
-0.6774194E+01  0.1960166E-15
-0.6754643E+01  0.1263067E-15
-0.6735093E+01  0.5501325E-15
-0.6715543E+01  0.2108705E-16
-0.6695992E+01  0.2492860E-15
-0.6676442E+01  0.1663747E-14
-0.6656891E+01  0.7098892E-14
-0.6637341E+01  0.1260178E-15
-0.6617791E+01  0.7648926E-17
-0.6598240E+01  0.7630443E-14
-0.6578690E+01  0.2115878E-16
-0.6559140E+01  0.5581570E-15
-0.6539589E+01  0.2997124E-16
-0.6520039E+01  0.4472805E-17
-0.6500489E+01  0.3923881E-17
-0.6480938E+01  0.2319166E-16
-0.6461388E+01  0.4940847E-15
-0.6441838E+01  0.4877886E-16
-0.6422287E+01  0.4324709E-15
-0.6402737E+01  0.7075813E-14
-0.6383187E+01  0.1393043E-14
-0.6363636E+01  0.2537410E-16
-0.6344086E+01  0.4915698E-15
-0.6324536E+01  0.2466961E-16
-0.6304985E+01  0.4382673E-15
-0.6285435E+01  0.8618942E-16
-0.6265885E+01  0.1359119E-15
-0.6246334E+01  0.4501548E-17
-0.6226784E+01  0.2252544E-16
-0.6207234E+01  0.2026370E-14
-0.6187683E+01  0.1938533E-16
-0.6168133E+01  0.9812347E-16
-0.6148583E+01  0.5448914E-14
-0.6129032E+01  0.2907908E-15
-0.6109482E+01  0.1240095E-14
-0.6089932E+01  0.1538863E-15
-0.6070381E+01  0.1492130E-16
-0.6050831E+01  0.1137953E-16
-0.6031281E+01  0.1716769E-16
-0.6011730E+01  0.1975348E-17
-0.5992180E+01  0.1607688E-15
-0.5972630E+01  0.2201494E-14
-0.5953079E+01  0.3780520E-16
-0.5933529E+01  0.4535368E-15
-0.5913978E+01  0.1238515E-15
-0.5894428E+01  0.5129287E-16
-0.5874878E+01  0.1259620E-15
-0.5855327E+01  0.1967916E-18
-0.5835777E+01  0.1140154E-15
-0.5816227E+01  0.3416376E-16
-0.5796676E+01  0.1795805E-16
-0.5777126E+01  0.9504678E-16
-0.5757576E+01  0.6659815E-16
-0.5738025E+01  0.1615234E-16
-0.5718475E+01  0.1601069E-14
-0.5698925E+01  0.2485896E-14
-0.5679374E+01  0.1800484E-15
-0.5659824E+01  0.2392299E-16
-0.5640274E+01  0.8225854E-16
-0.5620723E+01  0.1442166E-17
-0.5601173E+01  0.2985664E-17
-0.5581623E+01  0.7708854E-17
-0.5562072E+01  0.8784500E-18
-0.5542522E+01  0.8830947E-17
-0.5522972E+01  0.1849022E-16
-0.5503421E+01  0.1352277E-16
-0.5483871E+01  0.2600672E-17
-0.5464321E+01  0.2930083E-16
-0.5444770E+01  0.4876181E-16
-0.5425220E+01  0.8314869E-19
-0.5405670E+01  0.5126388E-17
-0.5386119E+01  0.8324312E-16
-0.5366569E+01  0.1941735E-17
-0.5347019E+01  0.1319301E-17
-0.5327468E+01  0.5412313E-17
-0.5307918E+01  0.2391482E-17
-0.5288368E+01  0.2787620E-17
-0.5268817E+01  0.2297480E-17
-0.5249267E+01  0.5904766E-17
-0.5229717E+01  0.1802551E-17
-0.5210166E+01  0.5533774E-17
-0.5190616E+01  0.9242372E-16
-0.5171065E+01  0.4835249E-16
-0.5151515E+01  0.2624757E-16
-0.5131965E+01  0.2244949E-17
-0.5112414E+01  0.4801972E-16
-0.5092864E+01  0.1170196E-15
-0.5073314E+01  0.1995758E-15
-0.5053763E+01  0.3055775E-17
-0.5034213E+01  0.2421992E-15
-0.5014663E+01  0.2167067E-16
-0.4995112E+01  0.4888484E-16
-0.4975562E+01  0.7027405E-17
-0.4956012E+01  0.5761888E-17
-0.4936461E+01  0.1788008E-15
-0.4916911E+01  0.1643496E-17
-0.4897361E+01  0.4053924E-16
-0.4877810E+01  0.2226990E-14
-0.4858260E+01  0.1146159E-14
-0.4838710E+01  0.7541576E-14
-0.4819159E+01  0.3630672E-16
-0.4799609E+01  0.4128349E-16
-0.4780059E+01  0.3676606E-15
-0.4760508E+01  0.5752338E-17
-0.4740958E+01  0.8742188E-16
-0.4721408E+01  0.1143809E-16
-0.4701857E+01  0.2666042E-16
-0.4682307E+01  0.7573543E-17
-0.4662757E+01  0.3370556E-15
-0.4643206E+01  0.7170678E-16
-0.4623656E+01  0.2054189E-16
-0.4604106E+01  0.2005107E-16
-0.4584555E+01  0.8907343E-17
-0.4565005E+01  0.3452155E-17
-0.4545455E+01  0.2568243E-15
-0.4525904E+01  0.5373368E-15
-0.4506354E+01  0.1796064E-16
-0.4486804E+01  0.1110178E-15
-0.4467253E+01  0.1476226E-15
-0.4447703E+01  0.1577711E-17
-0.4428152E+01  0.1969042E-16
-0.4408602E+01  0.9708959E-17
-0.4389052E+01  0.4744603E-17
-0.4369501E+01  0.3378298E-15
-0.4349951E+01  0.4323640E-14
-0.4330401E+01  0.7784712E-16
-0.4310850E+01  0.1143925E-17
-0.4291300E+01  0.1397806E-17
-0.4271750E+01  0.8740485E-18
-0.4252199E+01  0.2765047E-16
-0.4232649E+01  0.6649902E-16
-0.4213099E+01  0.7364426E-16
-0.4193548E+01  0.3404121E-15
-0.4173998E+01  0.2542925E-14
-0.4154448E+01  0.2736522E-12
-0.4134897E+01  0.1240621E-14
-0.4115347E+01  0.2533215E-14
-0.4095797E+01  0.1560583E-15
-0.4076246E+01  0.6017438E-16
-0.4056696E+01  0.3666330E-15
-0.4037146E+01  0.8855533E-17
-0.4017595E+01  0.6296918E-16
-0.3998045E+01  0.6423892E-16
-0.3978495E+01  0.3230348E-15
-0.3958944E+01  0.5897395E-16
-0.3939394E+01  0.3110680E-17
-0.3919844E+01  0.2856405E-17
-0.3900293E+01  0.2058507E-15
-0.3880743E+01  0.9723920E-17
-0.3861193E+01  0.1765075E-16
-0.3841642E+01  0.1690541E-15
-0.3822092E+01  0.8068422E-16
-0.3802542E+01  0.5177239E-17
-0.3782991E+01  0.1807926E-16
-0.3763441E+01  0.9616689E-15
-0.3743891E+01  0.5592632E-14
-0.3724340E+01  0.4126650E-14
-0.3704790E+01  0.2706898E-15
-0.3685239E+01  0.5047545E-17
-0.3665689E+01  0.1775580E-16
-0.3646139E+01  0.8886209E-14
-0.3626588E+01  0.3665492E-16
-0.3607038E+01  0.1903605E-15
-0.3587488E+01  0.6182523E-17
-0.3567937E+01  0.1521592E-14
-0.3548387E+01  0.4540825E-16
-0.3528837E+01  0.8707066E-15
-0.3509286E+01  0.1465641E-15
-0.3489736E+01  0.1557682E-16
-0.3470186E+01  0.2366475E-16
-0.3450635E+01  0.3215023E-16
-0.3431085E+01  0.1690571E-16
-0.3411535E+01  0.1921779E-16
-0.3391984E+01  0.4311056E-16
-0.3372434E+01  0.1021699E-15
-0.3352884E+01  0.1024108E-16
-0.3333333E+01  0.7683387E-17
-0.3313783E+01  0.7527019E-17
-0.3294233E+01  0.3470985E-17
-0.3274682E+01  0.1268676E-15
-0.3255132E+01  0.5627199E-16
-0.3235582E+01  0.1166368E-16
-0.3216031E+01  0.9473923E-15
-0.3196481E+01  0.6855496E-17
-0.3176931E+01  0.9385751E-16
-0.3157380E+01  0.4243252E-14
-0.3137830E+01  0.1010927E-15
-0.3118280E+01  0.2063946E-15
-0.3098729E+01  0.2952901E-17
-0.3079179E+01  0.2032816E-16
-0.3059629E+01  0.1557670E-17
-0.3040078E+01  0.4000473E-16
-0.3020528E+01  0.2028323E-17
-0.3000978E+01  0.8816716E-16
-0.2981427E+01  0.2980312E-18
-0.2961877E+01  0.7124939E-17
-0.2942326E+01  0.3729099E-16
-0.2922776E+01  0.6724581E-16
-0.2903226E+01  0.1342377E-16
-0.2883675E+01  0.1159420E-16
-0.2864125E+01  0.4407120E-16
-0.2844575E+01  0.4504718E-15
-0.2825024E+01  0.3003867E-16
-0.2805474E+01  0.4661694E-15
-0.2785924E+01  0.4863346E-13
-0.2766373E+01  0.2034293E-15
-0.2746823E+01  0.2895393E-16
-0.2727273E+01  0.1470786E-15
-0.2707722E+01  0.1770230E-14
-0.2688172E+01  0.1298885E-15
-0.2668622E+01  0.8691600E-16
-0.2649071E+01  0.5397833E-16
-0.2629521E+01  0.3193728E-15
-0.2609971E+01  0.3019506E-17
-0.2590420E+01  0.1177746E-16
-0.2570870E+01  0.1392693E-15
-0.2551320E+01  0.3579450E-16
-0.2531769E+01  0.2415093E-14
-0.2512219E+01  0.1382511E-12
-0.2492669E+01  0.3319037E-14
-0.2473118E+01  0.2283679E-15
-0.2453568E+01  0.4085975E-17
-0.2434018E+01  0.2820399E-16
-0.2414467E+01  0.2764581E-16
-0.2394917E+01  0.9972866E-14
-0.2375367E+01  0.2069761E-12
-0.2355816E+01  0.8739981E-14
-0.2336266E+01  0.8050587E-16
-0.2316716E+01  0.2329942E-16
-0.2297165E+01  0.2674711E-16
-0.2277615E+01  0.3015427E-16
-0.2258065E+01  0.8466277E-16
-0.2238514E+01  0.1009529E-15
-0.2218964E+01  0.1514085E-14
-0.2199413E+01  0.2950917E-14
-0.2179863E+01  0.6675491E-14
-0.2160313E+01  0.1196259E-14
-0.2140762E+01  0.5726430E-16
-0.2121212E+01  0.5052392E-16
-0.2101662E+01  0.4384886E-16
-0.2082111E+01  0.2111720E-16
-0.2062561E+01  0.1649279E-15
-0.2043011E+01  0.3886494E-16
-0.2023460E+01  0.3181508E-16
-0.2003910E+01  0.2084907E-16
-0.1984360E+01  0.1726615E-16
-0.1964809E+01  0.1048529E-16
-0.1945259E+01  0.2143897E-16
-0.1925709E+01  0.2566516E-16
-0.1906158E+01  0.2247099E-15
-0.1886608E+01  0.2418396E-16
-0.1867058E+01  0.9951053E-15
-0.1847507E+01  0.2300566E-14
-0.1827957E+01  0.6446858E-15
-0.1808407E+01  0.4685407E-15
-0.1788856E+01  0.1137068E-15
-0.1769306E+01  0.4890378E-17
-0.1749756E+01  0.3126528E-17
-0.1730205E+01  0.2497442E-16
-0.1710655E+01  0.5764393E-17
-0.1691105E+01  0.2582715E-16
-0.1671554E+01  0.6979715E-17
-0.1652004E+01  0.5994263E-16
-0.1632454E+01  0.7078879E-17
-0.1612903E+01  0.1436101E-16
-0.1593353E+01  0.3043930E-17
-0.1573803E+01  0.1571426E-16
-0.1554252E+01  0.3334287E-17
-0.1534702E+01  0.4104914E-17
-0.1515152E+01  0.3481933E-18
-0.1495601E+01  0.2837085E-17
-0.1476051E+01  0.1315291E-16
-0.1456500E+01  0.1209207E-16
-0.1436950E+01  0.4008602E-17
-0.1417400E+01  0.1979596E-16
-0.1397849E+01  0.1285407E-16
-0.1378299E+01  0.3136868E-17
-0.1358749E+01  0.2636369E-18
-0.1339198E+01  0.9717707E-16
-0.1319648E+01  0.8928611E-17
-0.1300098E+01  0.6770399E-16
-0.1280547E+01  0.2906153E-16
-0.1260997E+01  0.7930142E-17
-0.1241447E+01  0.3507560E-16
-0.1221896E+01  0.3898193E-16
-0.1202346E+01  0.5500275E-16
-0.1182796E+01  0.3054117E-17
-0.1163245E+01  0.1136550E-15
-0.1143695E+01  0.6222144E-16
-0.1124145E+01  0.6423828E-16
-0.1104594E+01  0.5524992E-16
-0.1085044E+01  0.1194649E-15
-0.1065494E+01  0.7346819E-15
-0.1045943E+01  0.3575467E-15
-0.1026393E+01  0.8257333E-16
-0.1006843E+01  0.2912196E-15
-0.9872923E+00  0.9962726E-16
-0.9677419E+00  0.3333381E-16
-0.9481916E+00  0.1794182E-16
-0.9286413E+00  0.2189431E-15
-0.9090909E+00  0.1584114E-15
-0.8895406E+00  0.3931113E-15
-0.8699902E+00  0.1624409E-16
-0.8504399E+00  0.2516287E-15
-0.8308895E+00  0.2833117E-15
-0.8113392E+00  0.1414354E-15
-0.7917889E+00  0.6959352E-16
-0.7722385E+00  0.2233114E-16
-0.7526882E+00  0.3908609E-15
-0.7331378E+00  0.4726147E-15
-0.7135875E+00  0.4588654E-15
-0.6940371E+00  0.1929750E-15
-0.6744868E+00  0.3270905E-15
-0.6549365E+00  0.3058880E-15
-0.6353861E+00  0.7032856E-15
-0.6158358E+00  0.1564984E-15
-0.5962854E+00  0.1390645E-16
-0.5767351E+00  0.6147797E-15
-0.5571848E+00  0.2921618E-15
-0.5376344E+00  0.8858959E-15
-0.5180841E+00  0.1472562E-14
-0.4985337E+00  0.2902011E-15
-0.4789834E+00  0.3105362E-15
-0.4594330E+00  0.8017667E-17
-0.4398827E+00  0.1527386E-14
-0.4203324E+00  0.1032942E-14
-0.4007820E+00  0.2062880E-16
-0.3812317E+00  0.8831867E-15
-0.3616813E+00  0.2172096E-14
-0.3421310E+00  0.1368221E-15
-0.3225806E+00  0.4084902E-15
-0.3030303E+00  0.1120158E-15
-0.2834800E+00  0.1736740E-15
-0.2639296E+00  0.2631211E-15
-0.2443793E+00  0.1123745E-15
-0.2248289E+00  0.3432637E-16
-0.2052786E+00  0.6727976E-15
-0.1857283E+00  0.4002837E-15
-0.1661779E+00  0.3803159E-14
-0.1466276E+00  0.1238092E-14
-0.1270772E+00  0.3333537E-14
-0.1075269E+00  0.3163252E-14
-0.8797654E-01  0.1510244E-14
-0.6842620E-01  0.4417805E-14
-0.4887586E-01  0.1777037E-14
-0.2932551E-01  0.1448420E-14
-0.9775171E-02  0.1357778E-14
 0.9775171E-02  0.1839514E-14
 0.2932551E-01  0.1432742E-13
 0.4887586E-01  0.1582546E-13
 0.6842620E-01  0.6790789E-14
 0.8797654E-01  0.8045013E-14
 0.1075269E+00  0.7138934E-15
 0.1270772E+00  0.1099253E-14
 0.1466276E+00  0.2465624E-14
 0.1661779E+00  0.2398518E-13
 0.1857283E+00  0.9798435E-13
 0.2052786E+00  0.2462399E-12
 0.2248289E+00  0.5138870E-12
 0.2443793E+00  0.9298287E-12
 0.2639296E+00  0.1401966E-11
 0.2834800E+00  0.1855618E-11
 0.3030303E+00  0.2374215E-11
 0.3225806E+00  0.2621495E-11
 0.3421310E+00  0.2579697E-11
 0.3616813E+00  0.2535344E-11
 0.3812317E+00  0.4313318E-11
 0.4007820E+00  0.1369400E-10
 0.4203324E+00  0.4904922E-10
 0.4398827E+00  0.1632585E-09
 0.4594330E+00  0.5028569E-09
 0.4789834E+00  0.1440606E-08
 0.4985337E+00  0.3848041E-08
 0.5180841E+00  0.9575811E-08
 0.5376344E+00  0.2249546E-07
 0.5571848E+00  0.5023744E-07
 0.5767351E+00  0.1071542E-06
 0.5962854E+00  0.2183625E-06
 0.6158358E+00  0.4245261E-06
 0.6353861E+00  0.7850492E-06
 0.6549365E+00  0.1374832E-05
 0.6744868E+00  0.2265961E-05
 0.6940371E+00  0.3485083E-05
 0.7135875E+00  0.4936634E-05
 0.7331378E+00  0.6306884E-05
 0.7526882E+00  0.6996860E-05
 0.7722385E+00  0.6231598E-05
 0.7917889E+00  0.3641442E-05
 0.8113392E+00  0.8462528E-06
 0.8308895E+00  0.4898606E-05
 0.8504399E+00  0.3478121E-04
 0.8699902E+00  0.1324765E-03
 0.8895406E+00  0.3802149E-03
 0.9090909E+00  0.9252958E-03
 0.9286413E+00  0.2013065E-02
 0.9481916E+00  0.4027303E-02
 0.9677419E+00  0.7535159E-02
 0.9872923E+00  0.1333126E-01
 0.1006843E+01  0.2247344E-01
 0.1026393E+01  0.3630043E-01
 0.1045943E+01  0.5642085E-01
 0.1065494E+01  0.8466478E-01
 0.1085044E+01  0.1229925E+00
 0.1104594E+01  0.1733604E+00
 0.1124145E+01  0.2375516E+00
 0.1143695E+01  0.3169841E+00
 0.1163245E+01  0.4125175E+00
 0.1182796E+01  0.5242811E+00
 0.1202346E+01  0.6515452E+00
 0.1221896E+01  0.7926552E+00
 0.1241447E+01  0.9450420E+00
 0.1260997E+01  0.1105310E+01
 0.1280547E+01  0.1269400E+01
 0.1300098E+01  0.1432803E+01
 0.1319648E+01  0.1590816E+01
 0.1339198E+01  0.1738805E+01
 0.1358749E+01  0.1872457E+01
 0.1378299E+01  0.1987993E+01
 0.1397849E+01  0.2082338E+01
 0.1417400E+01  0.2153231E+01
 0.1436950E+01  0.2199276E+01
 0.1456500E+01  0.2219941E+01
 0.1476051E+01  0.2215511E+01
 0.1495601E+01  0.2187005E+01
 0.1515152E+01  0.2136068E+01
 0.1534702E+01  0.2064854E+01
 0.1554252E+01  0.1975902E+01
 0.1573803E+01  0.1872020E+01
 0.1593353E+01  0.1756168E+01
 0.1612903E+01  0.1631371E+01
 0.1632454E+01  0.1500618E+01
 0.1652004E+01  0.1366794E+01
 0.1671554E+01  0.1232605E+01
 0.1691105E+01  0.1100520E+01
 0.1710655E+01  0.9727202E+00
 0.1730205E+01  0.8510564E+00
 0.1749756E+01  0.7370198E+00
 0.1769306E+01  0.6317271E+00
 0.1788856E+01  0.5359191E+00
 0.1808407E+01  0.4499778E+00
 0.1827957E+01  0.3739562E+00
 0.1847507E+01  0.3076198E+00
 0.1867058E+01  0.2504980E+00
 0.1886608E+01  0.2019397E+00
 0.1906158E+01  0.1611704E+00
 0.1925709E+01  0.1273467E+00
 0.1945259E+01  0.9960393E-01
 0.1964809E+01  0.7709659E-01
 0.1984360E+01  0.5902840E-01
 0.2003910E+01  0.4467264E-01
 0.2023460E+01  0.3338343E-01
 0.2043011E+01  0.2459913E-01
 0.2062561E+01  0.1784015E-01
 0.2082111E+01  0.1270323E-01
 0.2101662E+01  0.8853195E-02
 0.2121212E+01  0.6014231E-02
 0.2140762E+01  0.3961101E-02
 0.2160313E+01  0.2511004E-02
 0.2179863E+01  0.1516515E-02
 0.2199413E+01  0.8595668E-03
 0.2218964E+01  0.4465298E-03
 0.2238514E+01  0.2041805E-03
 0.2258065E+01  0.7629523E-04
 0.2277615E+01  0.2081209E-04
 0.2297165E+01  0.7325378E-05
 0.2316716E+01  0.1483424E-04
 0.2336266E+01  0.2971810E-04
 0.2355816E+01  0.4393874E-04
 0.2375367E+01  0.5349377E-04
 0.2394917E+01  0.5711536E-04
 0.2414467E+01  0.5523738E-04
 0.2434018E+01  0.4919160E-04
 0.2453568E+01  0.4063196E-04
 0.2473118E+01  0.3114982E-04
 0.2492669E+01  0.2204734E-04
 0.2512219E+01  0.1423714E-04
 0.2531769E+01  0.8234310E-05
 0.2551320E+01  0.4206742E-05
 0.2570870E+01  0.2055816E-05
 0.2590420E+01  0.1507800E-05
 0.2609971E+01  0.2197321E-05
 0.2629521E+01  0.3733256E-05
 0.2649071E+01  0.5747221E-05
 0.2668622E+01  0.7925647E-05
 0.2688172E+01  0.1002376E-04
 0.2707722E+01  0.1186935E-04
 0.2727273E+01  0.1336095E-04
 0.2746823E+01  0.1445975E-04
 0.2766373E+01  0.1517208E-04
 0.2785924E+01  0.1553893E-04
 0.2805474E+01  0.1562086E-04
 0.2825024E+01  0.1548509E-04
 0.2844575E+01  0.1519600E-04
 0.2864125E+01  0.1481144E-04
 0.2883675E+01  0.1437945E-04
 0.2903226E+01  0.1393468E-04
 0.2922776E+01  0.1350312E-04
 0.2942326E+01  0.1310065E-04
 0.2961877E+01  0.1273714E-04
 0.2981427E+01  0.1241568E-04
 0.3000978E+01  0.1213778E-04
 0.3020528E+01  0.1190277E-04
 0.3040078E+01  0.1170818E-04
 0.3059629E+01  0.1155026E-04
 0.3079179E+01  0.1142421E-04
 0.3098729E+01  0.1132535E-04
 0.3118280E+01  0.1124754E-04
 0.3137830E+01  0.1118497E-04
 0.3157380E+01  0.1113046E-04
 0.3176931E+01  0.1107694E-04
 0.3196481E+01  0.1101946E-04
 0.3216031E+01  0.1095544E-04
 0.3235582E+01  0.1088487E-04
 0.3255132E+01  0.1081012E-04
 0.3274682E+01  0.1073350E-04
 0.3294233E+01  0.1065830E-04
 0.3313783E+01  0.1058753E-04
 0.3333333E+01  0.1052257E-04
 0.3352884E+01  0.1046430E-04
 0.3372434E+01  0.1041114E-04
 0.3391984E+01  0.1035984E-04
 0.3411535E+01  0.1030571E-04
 0.3431085E+01  0.1024504E-04
 0.3450635E+01  0.1017557E-04
 0.3470186E+01  0.1009755E-04
 0.3489736E+01  0.1001365E-04
 0.3509286E+01  0.9929164E-05
 0.3528837E+01  0.9848610E-05
 0.3548387E+01  0.9774286E-05
 0.3567937E+01  0.9707649E-05
 0.3587488E+01  0.9649319E-05
 0.3607038E+01  0.9596429E-05
 0.3626588E+01  0.9545104E-05
 0.3646139E+01  0.9491274E-05
 0.3665689E+01  0.9431000E-05
 0.3685239E+01  0.9361713E-05
 0.3704790E+01  0.9283324E-05
 0.3724340E+01  0.9198581E-05
 0.3743891E+01  0.9113055E-05
 0.3763441E+01  0.9031879E-05
 0.3782991E+01  0.8958729E-05
 0.3802542E+01  0.8896484E-05
 0.3822092E+01  0.8843872E-05
 0.3841642E+01  0.8797287E-05
 0.3861193E+01  0.8750104E-05
 0.3880743E+01  0.8696183E-05
 0.3900293E+01  0.8632302E-05
 0.3919844E+01  0.8558424E-05
 0.3939394E+01  0.8476415E-05
 0.3958944E+01  0.8390600E-05
 0.3978495E+01  0.8305171E-05
 0.3998045E+01  0.8226263E-05
 0.4017595E+01  0.8158291E-05
 0.4037146E+01  0.8101679E-05
 0.4056696E+01  0.8053575E-05
 0.4076246E+01  0.8009126E-05
 0.4095797E+01  0.7961779E-05
 0.4115347E+01  0.7906304E-05
 0.4134897E+01  0.7839275E-05
 0.4154448E+01  0.7760213E-05
 0.4173998E+01  0.7673219E-05
 0.4193548E+01  0.7585159E-05
 0.4213099E+01  0.7502498E-05
 0.4232649E+01  0.7430312E-05
 0.4252199E+01  0.7370635E-05
 0.4271750E+01  0.7322558E-05
 0.4291300E+01  0.7280785E-05
 0.4310850E+01  0.7238028E-05
 0.4330401E+01  0.7187802E-05
 0.4349951E+01  0.7125535E-05
 0.4369501E+01  0.7049544E-05
 0.4389052E+01  0.6963608E-05
 0.4408602E+01  0.6873970E-05
 0.4428152E+01  0.6787848E-05
 0.4447703E+01  0.6712450E-05
 0.4467253E+01  0.6651169E-05
 0.4486804E+01  0.6602954E-05
 0.4506354E+01  0.6563159E-05
 0.4525904E+01  0.6523667E-05
 0.4545455E+01  0.6477213E-05
 0.4565005E+01  0.6417741E-05
 0.4584555E+01  0.6343240E-05
 0.4604106E+01  0.6257421E-05
 0.4623656E+01  0.6167191E-05
 0.4643206E+01  0.6081366E-05
 0.4662757E+01  0.6007576E-05
 0.4682307E+01  0.5949129E-05
 0.4701857E+01  0.5905794E-05
 0.4721408E+01  0.5871917E-05
 0.4740958E+01  0.5838176E-05
 0.4760508E+01  0.5796295E-05
 0.4780059E+01  0.5739596E-05
 0.4799609E+01  0.5666715E-05
 0.4819159E+01  0.5581431E-05
 0.4838710E+01  0.5491563E-05
 0.4858260E+01  0.5406762E-05
 0.4877810E+01  0.5334959E-05
 0.4897361E+01  0.5279907E-05
 0.4916911E+01  0.5240579E-05
 0.4936461E+01  0.5210463E-05
 0.4956012E+01  0.5180202E-05
 0.4975562E+01  0.5140240E-05
 0.4995112E+01  0.5084261E-05
 0.5014663E+01  0.5011875E-05
 0.5034213E+01  0.4927107E-05
 0.5053763E+01  0.4838123E-05
 0.5073314E+01  0.4755703E-05
 0.5092864E+01  0.4688945E-05
 0.5112414E+01  0.4641892E-05
 0.5131965E+01  0.4611381E-05
 0.5151515E+01  0.4588789E-05
 0.5171065E+01  0.4563516E-05
 0.5190616E+01  0.4525837E-05
 0.5210166E+01  0.4468895E-05
 0.5229717E+01  0.4393223E-05
 0.5249267E+01  0.4306198E-05
 0.5268817E+01  0.4218782E-05
 0.5288368E+01  0.4142888E-05
 0.5307918E+01  0.4085871E-05
 0.5327468E+01  0.4049788E-05
 0.5347019E+01  0.4029858E-05
 0.5366569E+01  0.4014963E-05
 0.5386119E+01  0.3993577E-05
 0.5405670E+01  0.3955856E-05
 0.5425220E+01  0.3896931E-05
 0.5444770E+01  0.3819966E-05
 0.5464321E+01  0.3734367E-05
 0.5483871E+01  0.3652658E-05
 0.5503421E+01  0.3585956E-05
 0.5522972E+01  0.3540777E-05
 0.5542522E+01  0.3516988E-05
 0.5562072E+01  0.3506633E-05
 0.5581623E+01  0.3496919E-05
 0.5601173E+01  0.3475103E-05
 0.5620723E+01  0.3432364E-05
 0.5640274E+01  0.3367385E-05
 0.5659824E+01  0.3286661E-05
 0.5679374E+01  0.3202029E-05
 0.5698925E+01  0.3127011E-05
 0.5718475E+01  0.3072652E-05
 0.5738025E+01  0.3042342E-05
 0.5757576E+01  0.3031788E-05
 0.5777126E+01  0.3029304E-05
 0.5796676E+01  0.3020530E-05
 0.5816227E+01  0.2993638E-05
 0.5835777E+01  0.2943108E-05
 0.5855327E+01  0.2871676E-05
 0.5874878E+01  0.2789794E-05
 0.5894428E+01  0.2711337E-05
 0.5913978E+01  0.2650237E-05
 0.5933529E+01  0.2614209E-05
 0.5953079E+01  0.2602318E-05
 0.5972630E+01  0.2605219E-05
 0.5992180E+01  0.2608368E-05
 0.6011730E+01  0.2596926E-05
 0.6031281E+01  0.2561873E-05
 0.6050831E+01  0.2501850E-05
 0.6070381E+01  0.2424782E-05
 0.6089932E+01  0.2344784E-05
 0.6109482E+01  0.2277416E-05
 0.6129032E+01  0.2234506E-05
 0.6148583E+01  0.2218645E-05
 0.6168133E+01  0.2223263E-05
 0.6187683E+01  0.2234476E-05
 0.6207234E+01  0.2236538E-05
 0.6226784E+01  0.2216766E-05
 0.6246334E+01  0.2169569E-05
 0.6265885E+01  0.2099748E-05
 0.6285435E+01  0.2020943E-05
 0.6304985E+01  0.1949811E-05
 0.6324536E+01  0.1900972E-05
 0.6344086E+01  0.1880994E-05
 0.6363636E+01  0.1885978E-05
 0.6383187E+01  0.1903462E-05
 0.6402737E+01  0.1916673E-05
 0.6422287E+01  0.1910199E-05
 0.6441838E+01  0.1875427E-05
 0.6461388E+01  0.1813910E-05
 0.6480938E+01  0.1738213E-05
 0.6500489E+01  0.1665034E-05
 0.6520039E+01  0.1610905E-05
 0.6539589E+01  0.1585625E-05
 0.6559140E+01  0.1588985E-05
 0.6578690E+01  0.1610009E-05
 0.6598240E+01  0.1631638E-05
 0.6617791E+01  0.1636598E-05
 0.6637341E+01  0.1613602E-05
 0.6656891E+01  0.1561622E-05
 0.6676442E+01  0.1490273E-05
 0.6695992E+01  0.1416616E-05
 0.6715543E+01  0.1358887E-05
 0.6735093E+01  0.1329844E-05
 0.6754643E+01  0.1332179E-05
 0.6774194E+01  0.1356601E-05
 0.6793744E+01  0.1385866E-05
 0.6813294E+01  0.1400854E-05
 0.6832845E+01  0.1387834E-05
 0.6852395E+01  0.1343727E-05
 0.6871945E+01  0.1276735E-05
 0.6891496E+01  0.1203379E-05
 0.6911046E+01  0.1142835E-05
 0.6930596E+01  0.1110011E-05
 0.6950147E+01  0.1109786E-05
 0.6969697E+01  0.1134816E-05
 0.6989247E+01  0.1168521E-05
 0.7008798E+01  0.1191107E-05
 0.7028348E+01  0.1186993E-05
 0.7047898E+01  0.1150458E-05
 0.7067449E+01  0.1087707E-05
 0.7086999E+01  0.1014960E-05
 0.7106549E+01  0.9524702E-06
 0.7126100E+01  0.9169610E-06
 0.7145650E+01  0.9153809E-06
 0.7165200E+01  0.9421565E-06
 0.7184751E+01  0.9809152E-06
 0.7204301E+01  0.1011262E-05
 0.7223851E+01  0.1015325E-05
 0.7243402E+01  0.9855676E-06
 0.7262952E+01  0.9267925E-06
 0.7282502E+01  0.8551939E-06
 0.7302053E+01  0.7918605E-06
 0.7321603E+01  0.7551716E-06
 0.7341153E+01  0.7534966E-06
 0.7360704E+01  0.7821005E-06
 0.7380254E+01  0.8251996E-06
 0.7399804E+01  0.8618876E-06
 0.7419355E+01  0.8730410E-06
 0.7438905E+01  0.8491486E-06
 0.7458456E+01  0.7941350E-06
 0.7478006E+01  0.7236155E-06
 0.7497556E+01  0.6591119E-06
 0.7517107E+01  0.6201364E-06
 0.7536657E+01  0.6168007E-06
 0.7556207E+01  0.6459125E-06
 0.7575758E+01  0.6919966E-06
 0.7595308E+01  0.7329984E-06
 0.7614858E+01  0.7487917E-06
 0.7634409E+01  0.7286922E-06
 0.7653959E+01  0.6758205E-06
 0.7673509E+01  0.6056316E-06
 0.7693060E+01  0.5404303E-06
 0.7712610E+01  0.5008495E-06
 0.7732160E+01  0.4980057E-06
 0.7751711E+01  0.5289610E-06
 0.7771261E+01  0.5783525E-06
 0.7790811E+01  0.6237821E-06
 0.7810362E+01  0.6442605E-06
 0.7829912E+01  0.6279912E-06
 0.7849462E+01  0.5774034E-06
 0.7869013E+01  0.5079462E-06
 0.7888563E+01  0.4425704E-06
 0.7908113E+01  0.4024558E-06
 0.7927664E+01  0.3996373E-06
 0.7947214E+01  0.4319622E-06
 0.7966764E+01  0.4839868E-06
 0.7986315E+01  0.5325462E-06
 0.8005865E+01  0.5556530E-06
 0.8025415E+01  0.5411983E-06
 0.8044966E+01  0.4915686E-06
 0.8064516E+01  0.4224328E-06
 0.8084066E+01  0.3570431E-06
 0.8103617E+01  0.3176351E-06
 0.8123167E+01  0.3165440E-06
 0.8142717E+01  0.3517846E-06
 0.8162268E+01  0.4071352E-06
 0.8181818E+01  0.4587830E-06
 0.8201369E+01  0.4842853E-06
 0.8220919E+01  0.4713404E-06
 0.8240469E+01  0.4221435E-06
 0.8260020E+01  0.3529633E-06
 0.8279570E+01  0.2875120E-06
 0.8299120E+01  0.2486464E-06
 0.8318671E+01  0.2490519E-06
 0.8338221E+01  0.2862870E-06
 0.8357771E+01  0.3436994E-06
 0.8377322E+01  0.3969708E-06
 0.8396872E+01  0.4232921E-06
 0.8416422E+01  0.4101627E-06
 0.8435973E+01  0.3600124E-06
 0.8455523E+01  0.2899085E-06
 0.8475073E+01  0.2246449E-06
 0.8494624E+01  0.1873052E-06
 0.8514174E+01  0.1902676E-06
 0.8533724E+01  0.2306165E-06
 0.8553275E+01  0.2911256E-06
 0.8572825E+01  0.3468313E-06
 0.8592375E+01  0.3745311E-06
 0.8611926E+01  0.3614577E-06
 0.8631476E+01  0.3108837E-06
 0.8651026E+01  0.2405221E-06
 0.8670577E+01  0.1756859E-06
 0.8690127E+01  0.1397328E-06
 0.8709677E+01  0.1448782E-06
 0.8729228E+01  0.1875389E-06
 0.8748778E+01  0.2497718E-06
 0.8768328E+01  0.3059094E-06
 0.8787879E+01  0.3327025E-06
 0.8807429E+01  0.3181814E-06
 0.8826979E+01  0.2663345E-06
 0.8846530E+01  0.1957596E-06
 0.8866080E+01  0.1322593E-06
 0.8885630E+01  0.9894526E-07
 0.8905181E+01  0.1074656E-06
 0.8924731E+01  0.1534194E-06
 0.8944282E+01  0.2178083E-06
 0.8963832E+01  0.2745143E-06
 0.8983382E+01  0.3002486E-06
 0.9002933E+01  0.2837772E-06
 0.9022483E+01  0.2302188E-06
 0.9042033E+01  0.1591743E-06
 0.9061584E+01  0.9704987E-07
 0.9081134E+01  0.6695665E-07
 0.9100684E+01  0.7947233E-07
 0.9120235E+01  0.1288973E-06
 0.9139785E+01  0.1952444E-06
 0.9159335E+01  0.2517242E-06
 0.9178886E+01  0.2755368E-06
 0.9198436E+01  0.2563825E-06
 0.9217986E+01  0.2005967E-06
 0.9237537E+01  0.1287163E-06
 0.9257087E+01  0.6774334E-07
 0.9276637E+01  0.4048313E-07
 0.9296188E+01  0.5672043E-07
 0.9315738E+01  0.1094173E-06
 0.9335288E+01  0.1773504E-06
 0.9354839E+01  0.2334761E-06
 0.9374389E+01  0.2552738E-06
 0.9393939E+01  0.2336797E-06
 0.9413490E+01  0.1763885E-06
 0.9433040E+01  0.1049676E-06
 0.9452590E+01  0.4652364E-07
 0.9472141E+01  0.2338180E-07
 0.9491691E+01  0.4404055E-07
 0.9511241E+01  0.9996343E-07
 0.9530792E+01  0.1690107E-06
 0.9550342E+01  0.2236361E-06
 0.9569892E+01  0.2423893E-06
 0.9589443E+01  0.2172373E-06
 0.9608993E+01  0.1574929E-06
 0.9628543E+01  0.8559309E-07
 0.9648094E+01  0.2916481E-07
 0.9667644E+01  0.9560719E-08
 0.9687195E+01  0.3400447E-07
 0.9706745E+01  0.9265309E-07
 0.9726295E+01  0.1621108E-06
 0.9745846E+01  0.2152688E-06
 0.9765396E+01  0.2308336E-06
 0.9784946E+01  0.2028026E-06
 0.9804497E+01  0.1414351E-06
 0.9824047E+01  0.7083124E-07
 0.9843597E+01  0.1784666E-07
 0.9863148E+01  0.3187460E-08
 0.9882698E+01  0.3238416E-07
 0.9902248E+01  0.9367999E-07
 0.9921799E+01  0.1641048E-06
 0.9941349E+01  0.2143966E-06
 0.9960899E+01  0.2277756E-06
 0.9980450E+01  0.1941416E-06
 0.1000000E+02  0.1348481E-06
