 0.0000000E+00  0.1792157E-04  0.4540146E-03  0.6427099E-02  0.4668688E-01  0.1751865E+00  0.3393373E+00  0.3393373E+00  0.1751865E+00  0.4668688E-01  0.6427099E-02  0.4540146E-03  0.1792157E-04
 0.2000000E+00  0.1792289E-04  0.4539516E-03  0.6426782E-02  0.4668820E-01  0.1751921E+00  0.3393367E+00  0.3393305E+00  0.1751899E+00  0.4669376E-01  0.6429556E-02  0.4543459E-03  0.1794612E-04
 0.4000000E+00  0.1792605E-04  0.4537593E-03  0.6425810E-02  0.4669221E-01  0.1752091E+00  0.3393350E+00  0.3393098E+00  0.1752002E+00  0.4671461E-01  0.6436922E-02  0.4553265E-03  0.1801740E-04
 0.6000000E+00  0.1793099E-04  0.4534376E-03  0.6424182E-02  0.4669890E-01  0.1752376E+00  0.3393320E+00  0.3392750E+00  0.1752175E+00  0.4674941E-01  0.6449199E-02  0.4569586E-03  0.1813549E-04
 0.8000000E+00  0.1793766E-04  0.4529867E-03  0.6421898E-02  0.4670828E-01  0.1752776E+00  0.3393278E+00  0.3392263E+00  0.1752417E+00  0.4679812E-01  0.6466387E-02  0.4592464E-03  0.1830053E-04
 0.1000000E+01  0.1794593E-04  0.4524069E-03  0.6418957E-02  0.4672038E-01  0.1753290E+00  0.3393223E+00  0.3391637E+00  0.1752727E+00  0.4686069E-01  0.6488486E-02  0.4621956E-03  0.1851272E-04
 0.1200000E+01  0.1795568E-04  0.4516985E-03  0.6415359E-02  0.4673521E-01  0.1753919E+00  0.3393155E+00  0.3390872E+00  0.1753106E+00  0.4693705E-01  0.6515498E-02  0.4658135E-03  0.1877237E-04
 0.1400000E+01  0.1796672E-04  0.4508617E-03  0.6411102E-02  0.4675280E-01  0.1754663E+00  0.3393073E+00  0.3389969E+00  0.1753552E+00  0.4702714E-01  0.6547422E-02  0.4701093E-03  0.1907989E-04
 0.1600000E+01  0.1797887E-04  0.4498970E-03  0.6406185E-02  0.4677317E-01  0.1755521E+00  0.3392977E+00  0.3388929E+00  0.1754065E+00  0.4713084E-01  0.6584260E-02  0.4750933E-03  0.1943582E-04
 0.1800000E+01  0.1799191E-04  0.4488050E-03  0.6400606E-02  0.4679635E-01  0.1756493E+00  0.3392866E+00  0.3387752E+00  0.1754645E+00  0.4724805E-01  0.6626012E-02  0.4807778E-03  0.1984087E-04
 0.2000000E+01  0.1800561E-04  0.4475861E-03  0.6394365E-02  0.4682238E-01  0.1757580E+00  0.3392740E+00  0.3386440E+00  0.1755289E+00  0.4737866E-01  0.6672678E-02  0.4871765E-03  0.2029592E-04
 0.2200000E+01  0.1801968E-04  0.4462410E-03  0.6387458E-02  0.4685130E-01  0.1758782E+00  0.3392597E+00  0.3384994E+00  0.1755998E+00  0.4752252E-01  0.6724259E-02  0.4943044E-03  0.2080209E-04
 0.2400000E+01  0.1803385E-04  0.4447706E-03  0.6379884E-02  0.4688316E-01  0.1760098E+00  0.3392437E+00  0.3383415E+00  0.1756770E+00  0.4767950E-01  0.6780753E-02  0.5021782E-03  0.2136072E-04
 0.2600000E+01  0.1804782E-04  0.4431755E-03  0.6371640E-02  0.4691800E-01  0.1761528E+00  0.3392259E+00  0.3381704E+00  0.1757604E+00  0.4784943E-01  0.6842159E-02  0.5108157E-03  0.2197341E-04
 0.2800000E+01  0.1806127E-04  0.4414569E-03  0.6362724E-02  0.4695589E-01  0.1763073E+00  0.3392062E+00  0.3379863E+00  0.1758499E+00  0.4803214E-01  0.6908475E-02  0.5202364E-03  0.2264207E-04
 0.3000000E+01  0.1807387E-04  0.4396158E-03  0.6353132E-02  0.4699688E-01  0.1764732E+00  0.3391845E+00  0.3377893E+00  0.1759453E+00  0.4822746E-01  0.6979698E-02  0.5304608E-03  0.2336890E-04
 0.3200000E+01  0.1808529E-04  0.4376532E-03  0.6342861E-02  0.4704104E-01  0.1766506E+00  0.3391607E+00  0.3375795E+00  0.1760466E+00  0.4843519E-01  0.7055823E-02  0.5415107E-03  0.2415644E-04
 0.3400000E+01  0.1809519E-04  0.4355707E-03  0.6331908E-02  0.4708844E-01  0.1768393E+00  0.3391346E+00  0.3373573E+00  0.1761535E+00  0.4865514E-01  0.7136844E-02  0.5534090E-03  0.2500760E-04
 0.3600000E+01  0.1810321E-04  0.4333696E-03  0.6320269E-02  0.4713915E-01  0.1770395E+00  0.3391061E+00  0.3371227E+00  0.1762659E+00  0.4888709E-01  0.7222755E-02  0.5661797E-03  0.2592563E-04
 0.3800000E+01  0.1810903E-04  0.4310515E-03  0.6307941E-02  0.4719325E-01  0.1772510E+00  0.3390751E+00  0.3368759E+00  0.1763836E+00  0.4913083E-01  0.7313546E-02  0.5798478E-03  0.2691418E-04
 0.4000000E+01  0.1811230E-04  0.4286183E-03  0.6294918E-02  0.4725084E-01  0.1774738E+00  0.3390415E+00  0.3366171E+00  0.1765065E+00  0.4938613E-01  0.7409207E-02  0.5944393E-03  0.2797727E-04
 0.4200000E+01  0.1811269E-04  0.4260718E-03  0.6281196E-02  0.4731200E-01  0.1777081E+00  0.3390051E+00  0.3363466E+00  0.1766345E+00  0.4965277E-01  0.7509727E-02  0.6099809E-03  0.2911934E-04
 0.4400000E+01  0.1810988E-04  0.4234142E-03  0.6266770E-02  0.4737684E-01  0.1779536E+00  0.3389657E+00  0.3360645E+00  0.1767672E+00  0.4993050E-01  0.7615090E-02  0.6265002E-03  0.3034526E-04
 0.4600000E+01  0.1810356E-04  0.4206478E-03  0.6251636E-02  0.4744545E-01  0.1782104E+00  0.3389233E+00  0.3357711E+00  0.1769046E+00  0.5021908E-01  0.7725282E-02  0.6440254E-03  0.3166026E-04
 0.4800000E+01  0.1809345E-04  0.4177752E-03  0.6235787E-02  0.4751795E-01  0.1784785E+00  0.3388776E+00  0.3354666E+00  0.1770464E+00  0.5051825E-01  0.7840283E-02  0.6625854E-03  0.3306999E-04
 0.5000000E+01  0.1807931E-04  0.4147993E-03  0.6219220E-02  0.4759445E-01  0.1787578E+00  0.3388286E+00  0.3351512E+00  0.1771926E+00  0.5082777E-01  0.7960073E-02  0.6822097E-03  0.3458052E-04
 0.5200000E+01  0.1806090E-04  0.4117229E-03  0.6201926E-02  0.4767508E-01  0.1790483E+00  0.3387760E+00  0.3348251E+00  0.1773428E+00  0.5114737E-01  0.8084630E-02  0.7029282E-03  0.3619831E-04
 0.5400000E+01  0.1803804E-04  0.4085496E-03  0.6183902E-02  0.4775996E-01  0.1793500E+00  0.3387197E+00  0.3344887E+00  0.1774969E+00  0.5147680E-01  0.8213928E-02  0.7247712E-03  0.3793020E-04
 0.5600000E+01  0.1801058E-04  0.4052828E-03  0.6165141E-02  0.4784924E-01  0.1796627E+00  0.3386595E+00  0.3341422E+00  0.1776546E+00  0.5181578E-01  0.8347940E-02  0.7477697E-03  0.3978341E-04
 0.5800000E+01  0.1797843E-04  0.4019266E-03  0.6145637E-02  0.4794305E-01  0.1799865E+00  0.3385953E+00  0.3337858E+00  0.1778159E+00  0.5216404E-01  0.8486636E-02  0.7719544E-03  0.4176555E-04
 0.6000000E+01  0.1794155E-04  0.3984851E-03  0.6125384E-02  0.4804155E-01  0.1803213E+00  0.3385269E+00  0.3334197E+00  0.1779805E+00  0.5252133E-01  0.8629984E-02  0.7973570E-03  0.4388454E-04
 0.6200000E+01  0.1789998E-04  0.3949631E-03  0.6104376E-02  0.4814489E-01  0.1806669E+00  0.3384541E+00  0.3330443E+00  0.1781482E+00  0.5288735E-01  0.8777950E-02  0.8240087E-03  0.4614870E-04
 0.6400000E+01  0.1785381E-04  0.3913656E-03  0.6082608E-02  0.4825324E-01  0.1810235E+00  0.3383768E+00  0.3326598E+00  0.1783188E+00  0.5326185E-01  0.8930495E-02  0.8519415E-03  0.4856663E-04
 0.6600000E+01  0.1780326E-04  0.3876980E-03  0.6060074E-02  0.4836677E-01  0.1813908E+00  0.3382949E+00  0.3322664E+00  0.1784921E+00  0.5364455E-01  0.9087580E-02  0.8811871E-03  0.5114726E-04
 0.6800000E+01  0.1774859E-04  0.3839663E-03  0.6036770E-02  0.4848565E-01  0.1817687E+00  0.3382081E+00  0.3318645E+00  0.1786679E+00  0.5403517E-01  0.9249162E-02  0.9117775E-03  0.5389983E-04
 0.7000000E+01  0.1769021E-04  0.3801768E-03  0.6012690E-02  0.4861008E-01  0.1821573E+00  0.3381163E+00  0.3314542E+00  0.1788460E+00  0.5443344E-01  0.9415197E-02  0.9437446E-03  0.5683385E-04
 0.7200000E+01  0.1762866E-04  0.3763365E-03  0.5987832E-02  0.4874024E-01  0.1825564E+00  0.3380193E+00  0.3310360E+00  0.1790263E+00  0.5483908E-01  0.9585637E-02  0.9771206E-03  0.5995913E-04
 0.7400000E+01  0.1756461E-04  0.3724529E-03  0.5962193E-02  0.4887634E-01  0.1829658E+00  0.3379170E+00  0.3306099E+00  0.1792085E+00  0.5525183E-01  0.9760432E-02  0.1011937E-02  0.6328574E-04
 0.7600000E+01  0.1749888E-04  0.3685339E-03  0.5935771E-02  0.4901860E-01  0.1833856E+00  0.3378092E+00  0.3301764E+00  0.1793925E+00  0.5567141E-01  0.9939528E-02  0.1048227E-02  0.6682398E-04
 0.7800000E+01  0.1743247E-04  0.3645885E-03  0.5908566E-02  0.4916721E-01  0.1838154E+00  0.3376958E+00  0.3297356E+00  0.1795781E+00  0.5609756E-01  0.1012287E-01  0.1086022E-02  0.7058445E-04
 0.8000000E+01  0.1736659E-04  0.3606260E-03  0.5880579E-02  0.4932242E-01  0.1842553E+00  0.3375767E+00  0.3292879E+00  0.1797651E+00  0.5653000E-01  0.1031040E-01  0.1125354E-02  0.7457796E-04
 0.8200000E+01  0.1730268E-04  0.3566567E-03  0.5851816E-02  0.4948444E-01  0.1847051E+00  0.3374517E+00  0.3288335E+00  0.1799534E+00  0.5696847E-01  0.1050206E-01  0.1166254E-02  0.7881555E-04
 0.8400000E+01  0.1724238E-04  0.3526915E-03  0.5822281E-02  0.4965353E-01  0.1851647E+00  0.3373206E+00  0.3283726E+00  0.1801427E+00  0.5741270E-01  0.1069778E-01  0.1208755E-02  0.8330852E-04
 0.8600000E+01  0.1718765E-04  0.3487424E-03  0.5791983E-02  0.4982992E-01  0.1856338E+00  0.3371834E+00  0.3279055E+00  0.1803329E+00  0.5786245E-01  0.1089751E-01  0.1252889E-02  0.8806838E-04
 0.8800000E+01  0.1714069E-04  0.3448222E-03  0.5760936E-02  0.5001388E-01  0.1861123E+00  0.3370399E+00  0.3274325E+00  0.1805239E+00  0.5831745E-01  0.1110116E-01  0.1298686E-02  0.9310687E-04
 0.9000000E+01  0.1710403E-04  0.3409447E-03  0.5729154E-02  0.5020566E-01  0.1866000E+00  0.3368900E+00  0.3269539E+00  0.1807154E+00  0.5877745E-01  0.1130867E-01  0.1346178E-02  0.9843597E-04
 0.9200000E+01  0.1708056E-04  0.3371250E-03  0.5696660E-02  0.5040553E-01  0.1870968E+00  0.3367336E+00  0.3264697E+00  0.1809075E+00  0.5924220E-01  0.1151997E-01  0.1395397E-02  0.1040679E-03
 0.9400000E+01  0.1707348E-04  0.3333791E-03  0.5663479E-02  0.5061377E-01  0.1876025E+00  0.3365706E+00  0.3259804E+00  0.1810998E+00  0.5971146E-01  0.1173498E-01  0.1446373E-02  0.1100149E-03
 0.9600000E+01  0.1708637E-04  0.3297243E-03  0.5629642E-02  0.5083067E-01  0.1881168E+00  0.3364009E+00  0.3254861E+00  0.1812924E+00  0.6018498E-01  0.1195362E-01  0.1499139E-02  0.1162899E-03
 0.9800000E+01  0.1712315E-04  0.3261793E-03  0.5595189E-02  0.5105651E-01  0.1886395E+00  0.3362245E+00  0.3249870E+00  0.1814850E+00  0.6066253E-01  0.1217581E-01  0.1553724E-02  0.1229055E-03
 0.1000000E+02  0.1718812E-04  0.3227644E-03  0.5560166E-02  0.5129159E-01  0.1891704E+00  0.3360412E+00  0.3244834E+00  0.1816775E+00  0.6114388E-01  0.1240147E-01  0.1610159E-02  0.1298748E-03
 0.1020000E+02  0.1728587E-04  0.3195010E-03  0.5524629E-02  0.5153621E-01  0.1897093E+00  0.3358510E+00  0.3239756E+00  0.1818699E+00  0.6162880E-01  0.1263050E-01  0.1668475E-02  0.1372112E-03
 0.1040000E+02  0.1742133E-04  0.3164124E-03  0.5488644E-02  0.5179069E-01  0.1902559E+00  0.3356539E+00  0.3234635E+00  0.1820620E+00  0.6211707E-01  0.1286283E-01  0.1728703E-02  0.1449282E-03
 0.1060000E+02  0.1759962E-04  0.3135236E-03  0.5452287E-02  0.5205533E-01  0.1908099E+00  0.3354497E+00  0.3229476E+00  0.1822538E+00  0.6260847E-01  0.1309837E-01  0.1790871E-02  0.1530395E-03
 0.1080000E+02  0.1782610E-04  0.3108614E-03  0.5415650E-02  0.5233046E-01  0.1913711E+00  0.3352385E+00  0.3224280E+00  0.1824450E+00  0.6310280E-01  0.1333700E-01  0.1855011E-02  0.1615591E-03
 0.1100000E+02  0.1810619E-04  0.3084541E-03  0.5378836E-02  0.5261640E-01  0.1919392E+00  0.3350203E+00  0.3219048E+00  0.1826358E+00  0.6359985E-01  0.1357865E-01  0.1921151E-02  0.1705010E-03
 0.1120000E+02  0.1844538E-04  0.3063324E-03  0.5341967E-02  0.5291349E-01  0.1925139E+00  0.3347950E+00  0.3213782E+00  0.1828259E+00  0.6409942E-01  0.1382322E-01  0.1989322E-02  0.1798798E-03
 0.1140000E+02  0.1884908E-04  0.3045287E-03  0.5305183E-02  0.5322205E-01  0.1930948E+00  0.3345626E+00  0.3208485E+00  0.1830152E+00  0.6460131E-01  0.1407059E-01  0.2059553E-02  0.1897101E-03
 0.1160000E+02  0.1932256E-04  0.3030774E-03  0.5268644E-02  0.5354244E-01  0.1936817E+00  0.3343232E+00  0.3203156E+00  0.1832039E+00  0.6510535E-01  0.1432068E-01  0.2131873E-02  0.2000066E-03
 0.1180000E+02  0.1987090E-04  0.3020150E-03  0.5232533E-02  0.5387498E-01  0.1942742E+00  0.3340768E+00  0.3197799E+00  0.1833917E+00  0.6561136E-01  0.1457336E-01  0.2206310E-02  0.2107845E-03
 0.1200000E+02  0.2049893E-04  0.3013798E-03  0.5197059E-02  0.5422003E-01  0.1948720E+00  0.3338234E+00  0.3192413E+00  0.1835786E+00  0.6611915E-01  0.1482855E-01  0.2282893E-02  0.2220589E-03
 0.1220000E+02  0.2121118E-04  0.3012123E-03  0.5162458E-02  0.5457793E-01  0.1954747E+00  0.3335631E+00  0.3187001E+00  0.1837646E+00  0.6662857E-01  0.1508611E-01  0.2361650E-02  0.2338454E-03
 0.1240000E+02  0.2201191E-04  0.3015548E-03  0.5128997E-02  0.5494903E-01  0.1960820E+00  0.3332959E+00  0.3181563E+00  0.1839496E+00  0.6713945E-01  0.1534595E-01  0.2442611E-02  0.2461597E-03
 0.1260000E+02  0.2290510E-04  0.3024512E-03  0.5096977E-02  0.5533369E-01  0.1966933E+00  0.3330220E+00  0.3176101E+00  0.1841337E+00  0.6765165E-01  0.1560794E-01  0.2525801E-02  0.2590176E-03
 0.1280000E+02  0.2389446E-04  0.3039473E-03  0.5066736E-02  0.5573226E-01  0.1973085E+00  0.3327414E+00  0.3170615E+00  0.1843167E+00  0.6816502E-01  0.1587198E-01  0.2611250E-02  0.2724353E-03
 0.1300000E+02  0.2498355E-04  0.3060903E-03  0.5038649E-02  0.5614510E-01  0.1979270E+00  0.3324542E+00  0.3165107E+00  0.1844987E+00  0.6867943E-01  0.1613793E-01  0.2698984E-02  0.2864290E-03
 0.1320000E+02  0.2617576E-04  0.3089287E-03  0.5013136E-02  0.5657255E-01  0.1985484E+00  0.3321606E+00  0.3159576E+00  0.1846796E+00  0.6919474E-01  0.1640568E-01  0.2789031E-02  0.3010154E-03
 0.1340000E+02  0.2747444E-04  0.3125126E-03  0.4990658E-02  0.5701498E-01  0.1991723E+00  0.3318606E+00  0.3154023E+00  0.1848594E+00  0.6971083E-01  0.1667510E-01  0.2881416E-02  0.3162111E-03
 0.1360000E+02  0.2888292E-04  0.3168926E-03  0.4971726E-02  0.5747274E-01  0.1997983E+00  0.3315546E+00  0.3148449E+00  0.1850382E+00  0.7022760E-01  0.1694607E-01  0.2976167E-02  0.3320331E-03
 0.1380000E+02  0.3040460E-04  0.3221207E-03  0.4956895E-02  0.5794619E-01  0.2004258E+00  0.3312425E+00  0.3142854E+00  0.1852159E+00  0.7074494E-01  0.1721846E-01  0.3073310E-02  0.3484983E-03
 0.1400000E+02  0.3204301E-04  0.3282500E-03  0.4946773E-02  0.5843567E-01  0.2010544E+00  0.3309247E+00  0.3137239E+00  0.1853925E+00  0.7126276E-01  0.1749214E-01  0.3172870E-02  0.3656243E-03
 0.1420000E+02  0.3380188E-04  0.3353342E-03  0.4942013E-02  0.5894154E-01  0.2016837E+00  0.3306013E+00  0.3131603E+00  0.1855680E+00  0.7178096E-01  0.1776697E-01  0.3274873E-02  0.3834284E-03
 0.1440000E+02  0.3568515E-04  0.3434281E-03  0.4943315E-02  0.5946415E-01  0.2023130E+00  0.3302726E+00  0.3125947E+00  0.1857425E+00  0.7229947E-01  0.1804283E-01  0.3379345E-02  0.4019283E-03
 0.1460000E+02  0.3769703E-04  0.3525876E-03  0.4951426E-02  0.6000384E-01  0.2029419E+00  0.3299386E+00  0.3120270E+00  0.1859158E+00  0.7281822E-01  0.1831957E-01  0.3486310E-02  0.4211419E-03
 0.1480000E+02  0.3984207E-04  0.3628702E-03  0.4967129E-02  0.6056096E-01  0.2035699E+00  0.3295999E+00  0.3114573E+00  0.1860882E+00  0.7333714E-01  0.1859705E-01  0.3595793E-02  0.4410873E-03
 0.1500000E+02  0.4212516E-04  0.3743344E-03  0.4991245E-02  0.6113584E-01  0.2041964E+00  0.3292565E+00  0.3108854E+00  0.1862595E+00  0.7385620E-01  0.1887514E-01  0.3707818E-02  0.4617825E-03
 0.1520000E+02  0.4455157E-04  0.3870410E-03  0.5024621E-02  0.6172884E-01  0.2048208E+00  0.3289087E+00  0.3103113E+00  0.1864298E+00  0.7437534E-01  0.1915370E-01  0.3822409E-02  0.4832460E-03
 0.1540000E+02  0.4712694E-04  0.4010525E-03  0.5068120E-02  0.6234027E-01  0.2054426E+00  0.3285570E+00  0.3097351E+00  0.1865992E+00  0.7489454E-01  0.1943257E-01  0.3939591E-02  0.5054964E-03
 0.1560000E+02  0.4985739E-04  0.4164345E-03  0.5122618E-02  0.6297047E-01  0.2060612E+00  0.3282015E+00  0.3091566E+00  0.1867675E+00  0.7541377E-01  0.1971161E-01  0.4059385E-02  0.5285522E-03
 0.1580000E+02  0.5274944E-04  0.4332550E-03  0.5188986E-02  0.6361977E-01  0.2066760E+00  0.3278426E+00  0.3085758E+00  0.1869349E+00  0.7593301E-01  0.1999068E-01  0.4181816E-02  0.5524324E-03
 0.1600000E+02  0.5581008E-04  0.4515855E-03  0.5268085E-02  0.6428849E-01  0.2072864E+00  0.3274807E+00  0.3079925E+00  0.1871013E+00  0.7645228E-01  0.2026963E-01  0.4306905E-02  0.5771559E-03
 0.1620000E+02  0.5904681E-04  0.4715012E-03  0.5360752E-02  0.6497694E-01  0.2078917E+00  0.3271161E+00  0.3074067E+00  0.1872669E+00  0.7697156E-01  0.2054831E-01  0.4434676E-02  0.6027418E-03
 0.1640000E+02  0.6246762E-04  0.4930811E-03  0.5467793E-02  0.6568545E-01  0.2084914E+00  0.3267492E+00  0.3068184E+00  0.1874315E+00  0.7749088E-01  0.2082655E-01  0.4565149E-02  0.6292095E-03
 0.1660000E+02  0.6608100E-04  0.5164089E-03  0.5589974E-02  0.6641433E-01  0.2090847E+00  0.3263804E+00  0.3062273E+00  0.1875953E+00  0.7801027E-01  0.2110422E-01  0.4698347E-02  0.6565782E-03
 0.1680000E+02  0.6989600E-04  0.5415728E-03  0.5728016E-02  0.6716388E-01  0.2096709E+00  0.3260101E+00  0.3056334E+00  0.1877581E+00  0.7852976E-01  0.2138115E-01  0.4834291E-02  0.6848677E-03
 0.1700000E+02  0.7392221E-04  0.5686660E-03  0.5882591E-02  0.6793441E-01  0.2102494E+00  0.3256388E+00  0.3050366E+00  0.1879201E+00  0.7904941E-01  0.2165719E-01  0.4973002E-02  0.7140973E-03
 0.1720000E+02  0.7816983E-04  0.5977873E-03  0.6054320E-02  0.6872621E-01  0.2108195E+00  0.3252669E+00  0.3044367E+00  0.1880813E+00  0.7956926E-01  0.2193217E-01  0.5114500E-02  0.7442870E-03
 0.1740000E+02  0.8264961E-04  0.6290407E-03  0.6243776E-02  0.6953960E-01  0.2113805E+00  0.3248949E+00  0.3038336E+00  0.1882416E+00  0.8008939E-01  0.2220595E-01  0.5258805E-02  0.7754566E-03
 0.1760000E+02  0.8737295E-04  0.6625362E-03  0.6451487E-02  0.7037485E-01  0.2119316E+00  0.3245231E+00  0.3032272E+00  0.1884011E+00  0.8060987E-01  0.2247836E-01  0.5405937E-02  0.8076260E-03
 0.1780000E+02  0.9235188E-04  0.6983898E-03  0.6677937E-02  0.7123228E-01  0.2124720E+00  0.3241523E+00  0.3026173E+00  0.1885598E+00  0.8113081E-01  0.2274924E-01  0.5555917E-02  0.8408152E-03
 0.1800000E+02  0.9759910E-04  0.7367239E-03  0.6923580E-02  0.7211216E-01  0.2130011E+00  0.3237828E+00  0.3020037E+00  0.1887175E+00  0.8165228E-01  0.2301842E-01  0.5708761E-02  0.8750445E-03
 0.1820000E+02  0.1031280E-03  0.7776673E-03  0.7188839E-02  0.7301480E-01  0.2135180E+00  0.3234151E+00  0.3013864E+00  0.1888745E+00  0.8217442E-01  0.2328575E-01  0.5864490E-02  0.9103340E-03
 0.1840000E+02  0.1089526E-03  0.8213554E-03  0.7474119E-02  0.7394049E-01  0.2140219E+00  0.3230499E+00  0.3007651E+00  0.1890305E+00  0.8269734E-01  0.2355105E-01  0.6023122E-02  0.9467041E-03
 0.1860000E+02  0.1150878E-03  0.8679308E-03  0.7779813E-02  0.7488951E-01  0.2145119E+00  0.3226877E+00  0.3001398E+00  0.1891856E+00  0.8322116E-01  0.2381417E-01  0.6184674E-02  0.9841750E-03
 0.1880000E+02  0.1215492E-03  0.9175431E-03  0.8106309E-02  0.7586217E-01  0.2149874E+00  0.3223290E+00  0.2995101E+00  0.1893398E+00  0.8374605E-01  0.2407494E-01  0.6349165E-02  0.1022767E-02
 0.1900000E+02  0.1283531E-03  0.9703493E-03  0.8454000E-02  0.7685875E-01  0.2154473E+00  0.3219744E+00  0.2988761E+00  0.1894930E+00  0.8427214E-01  0.2433319E-01  0.6516611E-02  0.1062501E-02
 0.1920000E+02  0.1355168E-03  0.1026514E-02  0.8823283E-02  0.7787957E-01  0.2158909E+00  0.3216247E+00  0.2982375E+00  0.1896452E+00  0.8479960E-01  0.2458875E-01  0.6687029E-02  0.1103397E-02
 0.1940000E+02  0.1430584E-03  0.1086210E-02  0.9214573E-02  0.7892493E-01  0.2163173E+00  0.3212803E+00  0.2975942E+00  0.1897964E+00  0.8532862E-01  0.2484146E-01  0.6860436E-02  0.1145476E-02
 0.1960000E+02  0.1509969E-03  0.1149617E-02  0.9628306E-02  0.7999513E-01  0.2167254E+00  0.3209419E+00  0.2969459E+00  0.1899464E+00  0.8585937E-01  0.2509115E-01  0.7036848E-02  0.1188759E-02
 0.1980000E+02  0.1593520E-03  0.1216924E-02  0.1006494E-01  0.8109051E-01  0.2171145E+00  0.3206102E+00  0.2962926E+00  0.1900952E+00  0.8639205E-01  0.2533765E-01  0.7216281E-02  0.1233266E-02
 0.2000000E+02  0.1681448E-03  0.1288330E-02  0.1052495E-01  0.8221138E-01  0.2174836E+00  0.3202858E+00  0.2956341E+00  0.1902427E+00  0.8692687E-01  0.2558080E-01  0.7398749E-02  0.1279017E-02
 0.2020000E+02  0.1773970E-03  0.1364040E-02  0.1100887E-01  0.8335808E-01  0.2178316E+00  0.3199694E+00  0.2949702E+00  0.1903889E+00  0.8746405E-01  0.2582042E-01  0.7584268E-02  0.1326033E-02
 0.2040000E+02  0.1871317E-03  0.1444270E-02  0.1151724E-01  0.8453097E-01  0.2181576E+00  0.3196618E+00  0.2943009E+00  0.1905337E+00  0.8800382E-01  0.2605634E-01  0.7772852E-02  0.1374336E-02
 0.2060000E+02  0.1973727E-03  0.1529247E-02  0.1205065E-01  0.8573040E-01  0.2184606E+00  0.3193635E+00  0.2936258E+00  0.1906769E+00  0.8854642E-01  0.2628841E-01  0.7964516E-02  0.1423945E-02
 0.2080000E+02  0.2081453E-03  0.1619206E-02  0.1260971E-01  0.8695675E-01  0.2187396E+00  0.3190755E+00  0.2929450E+00  0.1908184E+00  0.8909209E-01  0.2651644E-01  0.8159274E-02  0.1474881E-02
 0.2100000E+02  0.2194758E-03  0.1714392E-02  0.1319510E-01  0.8821043E-01  0.2189935E+00  0.3187983E+00  0.2922583E+00  0.1909582E+00  0.8964109E-01  0.2674027E-01  0.8357138E-02  0.1527165E-02
 0.2120000E+02  0.2313918E-03  0.1815062E-02  0.1380750E-01  0.8949184E-01  0.2192212E+00  0.3185327E+00  0.2915656E+00  0.1910961E+00  0.9019370E-01  0.2695973E-01  0.8558123E-02  0.1580817E-02
 0.2140000E+02  0.2439222E-03  0.1921485E-02  0.1444768E-01  0.9080142E-01  0.2194216E+00  0.3182796E+00  0.2908667E+00  0.1912319E+00  0.9075019E-01  0.2717466E-01  0.8762240E-02  0.1635858E-02
 0.2160000E+02  0.2570971E-03  0.2033940E-02  0.1511641E-01  0.9213964E-01  0.2195937E+00  0.3180396E+00  0.2901617E+00  0.1913655E+00  0.9131085E-01  0.2738489E-01  0.8969502E-02  0.1692308E-02
 0.2180000E+02  0.2709482E-03  0.2152717E-02  0.1581453E-01  0.9350697E-01  0.2197362E+00  0.3178136E+00  0.2894503E+00  0.1914968E+00  0.9187598E-01  0.2759025E-01  0.9179921E-02  0.1750189E-02
 0.2200000E+02  0.2855086E-03  0.2278123E-02  0.1654292E-01  0.9490395E-01  0.2198479E+00  0.3176025E+00  0.2887325E+00  0.1916256E+00  0.9244590E-01  0.2779057E-01  0.9393508E-02  0.1809519E-02
 0.2220000E+02  0.3008130E-03  0.2410473E-02  0.1730249E-01  0.9633110E-01  0.2199278E+00  0.3174069E+00  0.2880083E+00  0.1917516E+00  0.9302091E-01  0.2798569E-01  0.9610275E-02  0.1870320E-02
 0.2240000E+02  0.3168974E-03  0.2550100E-02  0.1809422E-01  0.9778903E-01  0.2199745E+00  0.3172279E+00  0.2872777E+00  0.1918748E+00  0.9360134E-01  0.2817545E-01  0.9830233E-02  0.1932611E-02
 0.2260000E+02  0.3337999E-03  0.2697347E-02  0.1891913E-01  0.9927835E-01  0.2199868E+00  0.3170661E+00  0.2865405E+00  0.1919949E+00  0.9418753E-01  0.2835969E-01  0.1005339E-01  0.1996414E-02
 0.2280000E+02  0.3515602E-03  0.2852575E-02  0.1977829E-01  0.1007997E+00  0.2199635E+00  0.3169226E+00  0.2857969E+00  0.1921116E+00  0.9477982E-01  0.2853823E-01  0.1027976E-01  0.2061747E-02
 0.2300000E+02  0.3702196E-03  0.3016159E-02  0.2067282E-01  0.1023539E+00  0.2199032E+00  0.3167981E+00  0.2850468E+00  0.1922249E+00  0.9537857E-01  0.2871093E-01  0.1050935E-01  0.2128632E-02
 0.2320000E+02  0.3898217E-03  0.3188491E-02  0.2160389E-01  0.1039415E+00  0.2198046E+00  0.3166936E+00  0.2842902E+00  0.1923344E+00  0.9598413E-01  0.2887761E-01  0.1074217E-01  0.2197087E-02
 0.2340000E+02  0.4104119E-03  0.3369978E-02  0.2257274E-01  0.1055635E+00  0.2196663E+00  0.3166101E+00  0.2835273E+00  0.1924400E+00  0.9659687E-01  0.2903813E-01  0.1097823E-01  0.2267132E-02
 0.2360000E+02  0.4320376E-03  0.3561046E-02  0.2358065E-01  0.1072207E+00  0.2194869E+00  0.3165484E+00  0.2827582E+00  0.1925413E+00  0.9721717E-01  0.2919233E-01  0.1121754E-01  0.2338788E-02
 0.2380000E+02  0.4547486E-03  0.3762138E-02  0.2462895E-01  0.1089140E+00  0.2192651E+00  0.3165095E+00  0.2819829E+00  0.1926381E+00  0.9784541E-01  0.2934005E-01  0.1146010E-01  0.2412073E-02
 0.2400000E+02  0.4785970E-03  0.3973716E-02  0.2571906E-01  0.1106445E+00  0.2189993E+00  0.3164943E+00  0.2812016E+00  0.1927301E+00  0.9848197E-01  0.2948113E-01  0.1170593E-01  0.2487008E-02
 0.2420000E+02  0.5036370E-03  0.4196262E-02  0.2685244E-01  0.1124131E+00  0.2186881E+00  0.3165040E+00  0.2804145E+00  0.1928172E+00  0.9912727E-01  0.2961544E-01  0.1195502E-01  0.2563610E-02
 0.2440000E+02  0.5299258E-03  0.4430279E-02  0.2803060E-01  0.1142211E+00  0.2183301E+00  0.3165394E+00  0.2796219E+00  0.1928989E+00  0.9978168E-01  0.2974281E-01  0.1220740E-01  0.2641900E-02
 0.2460000E+02  0.5575228E-03  0.4676290E-02  0.2925515E-01  0.1160696E+00  0.2179236E+00  0.3166016E+00  0.2788239E+00  0.1929750E+00  0.1004456E+00  0.2986311E-01  0.1246306E-01  0.2721896E-02
 0.2480000E+02  0.5864904E-03  0.4934842E-02  0.3052774E-01  0.1179600E+00  0.2174671E+00  0.3166918E+00  0.2780209E+00  0.1930452E+00  0.1011195E+00  0.2997619E-01  0.1272200E-01  0.2803618E-02
 0.2500000E+02  0.6168939E-03  0.5206502E-02  0.3185011E-01  0.1198937E+00  0.2169590E+00  0.3168108E+00  0.2772132E+00  0.1931093E+00  0.1018038E+00  0.3008190E-01  0.1298425E-01  0.2887082E-02
 0.2520000E+02  0.6488017E-03  0.5491865E-02  0.3322405E-01  0.1218722E+00  0.2163977E+00  0.3169600E+00  0.2764012E+00  0.1931668E+00  0.1024989E+00  0.3018011E-01  0.1324979E-01  0.2972309E-02
 0.2540000E+02  0.6822851E-03  0.5791549E-02  0.3465145E-01  0.1238970E+00  0.2157816E+00  0.3171404E+00  0.2755853E+00  0.1932174E+00  0.1032052E+00  0.3027069E-01  0.1351864E-01  0.3059316E-02
 0.2560000E+02  0.7174190E-03  0.6106198E-02  0.3613426E-01  0.1259700E+00  0.2151090E+00  0.3173531E+00  0.2747660E+00  0.1932609E+00  0.1039231E+00  0.3035349E-01  0.1379080E-01  0.3148121E-02
 0.2580000E+02  0.7542816E-03  0.6436484E-02  0.3767452E-01  0.1280930E+00  0.2143782E+00  0.3175994E+00  0.2739438E+00  0.1932969E+00  0.1046531E+00  0.3042840E-01  0.1406628E-01  0.3238742E-02
 0.2600000E+02  0.7929551E-03  0.6783108E-02  0.3927435E-01  0.1302680E+00  0.2135875E+00  0.3178805E+00  0.2731194E+00  0.1933251E+00  0.1053957E+00  0.3049527E-01  0.1434507E-01  0.3331197E-02
 0.2620000E+02  0.8335252E-03  0.7146800E-02  0.4093596E-01  0.1324970E+00  0.2127352E+00  0.3181977E+00  0.2722934E+00  0.1933451E+00  0.1061512E+00  0.3055400E-01  0.1462718E-01  0.3425503E-02
 0.2640000E+02  0.8760817E-03  0.7528320E-02  0.4266166E-01  0.1347824E+00  0.2118196E+00  0.3185523E+00  0.2714664E+00  0.1933566E+00  0.1069202E+00  0.3060446E-01  0.1491262E-01  0.3521677E-02
 0.2660000E+02  0.9207187E-03  0.7928463E-02  0.4445383E-01  0.1371266E+00  0.2108388E+00  0.3189456E+00  0.2706394E+00  0.1933592E+00  0.1077030E+00  0.3064653E-01  0.1520138E-01  0.3619736E-02
 0.2680000E+02  0.9675347E-03  0.8348055E-02  0.4631497E-01  0.1395321E+00  0.2097913E+00  0.3193790E+00  0.2698130E+00  0.1933526E+00  0.1085001E+00  0.3068011E-01  0.1549347E-01  0.3719698E-02
 0.2700000E+02  0.1016633E-02  0.8787958E-02  0.4824768E-01  0.1420016E+00  0.2086752E+00  0.3198539E+00  0.2689884E+00  0.1933365E+00  0.1093121E+00  0.3070509E-01  0.1578889E-01  0.3821577E-02
 0.2720000E+02  0.1068121E-02  0.9249071E-02  0.5025465E-01  0.1445382E+00  0.2074888E+00  0.3203719E+00  0.2681664E+00  0.1933104E+00  0.1101392E+00  0.3072137E-01  0.1608764E-01  0.3925392E-02
 0.2740000E+02  0.1122112E-02  0.9732331E-02  0.5233871E-01  0.1471450E+00  0.2062305E+00  0.3209345E+00  0.2673482E+00  0.1932741E+00  0.1109820E+00  0.3072886E-01  0.1638971E-01  0.4031156E-02
 0.2760000E+02  0.1178725E-02  0.1023871E-01  0.5450277E-01  0.1498253E+00  0.2048984E+00  0.3215433E+00  0.2665350E+00  0.1932272E+00  0.1118409E+00  0.3072745E-01  0.1669512E-01  0.4138887E-02
 0.2780000E+02  0.1238083E-02  0.1076924E-01  0.5674988E-01  0.1525825E+00  0.2034911E+00  0.3221999E+00  0.2657281E+00  0.1931694E+00  0.1127164E+00  0.3071707E-01  0.1700385E-01  0.4248600E-02
 0.2800000E+02  0.1300317E-02  0.1132496E-01  0.5908322E-01  0.1554206E+00  0.2020069E+00  0.3229062E+00  0.2649288E+00  0.1931003E+00  0.1136090E+00  0.3069764E-01  0.1731592E-01  0.4360310E-02
 0.2820000E+02  0.1365562E-02  0.1190700E-01  0.6150608E-01  0.1583435E+00  0.2004443E+00  0.3236639E+00  0.2641387E+00  0.1930195E+00  0.1145190E+00  0.3066908E-01  0.1763130E-01  0.4474032E-02
 0.2840000E+02  0.1433960E-02  0.1251649E-01  0.6402190E-01  0.1613555E+00  0.1988020E+00  0.3244749E+00  0.2633593E+00  0.1929268E+00  0.1154470E+00  0.3063134E-01  0.1795001E-01  0.4589780E-02
 0.2860000E+02  0.1505662E-02  0.1315465E-01  0.6663426E-01  0.1644610E+00  0.1970786E+00  0.3253412E+00  0.2625925E+00  0.1928218E+00  0.1163934E+00  0.3058434E-01  0.1827205E-01  0.4707569E-02
 0.2880000E+02  0.1580822E-02  0.1382273E-01  0.6934686E-01  0.1676649E+00  0.1952729E+00  0.3262648E+00  0.2618399E+00  0.1927042E+00  0.1173586E+00  0.3052805E-01  0.1859739E-01  0.4827412E-02
 0.2900000E+02  0.1659605E-02  0.1452203E-01  0.7216360E-01  0.1709722E+00  0.1933842E+00  0.3272480E+00  0.2611036E+00  0.1925737E+00  0.1183431E+00  0.3046241E-01  0.1892606E-01  0.4949324E-02
 0.2920000E+02  0.1742181E-02  0.1525391E-01  0.7508848E-01  0.1743884E+00  0.1914115E+00  0.3282930E+00  0.2603858E+00  0.1924300E+00  0.1193473E+00  0.3038740E-01  0.1925803E-01  0.5073318E-02
 0.2940000E+02  0.1828730E-02  0.1601980E-01  0.7812572E-01  0.1779190E+00  0.1893544E+00  0.3294021E+00  0.2596887E+00  0.1922728E+00  0.1203718E+00  0.3030299E-01  0.1959330E-01  0.5199406E-02
 0.2960000E+02  0.1919440E-02  0.1682117E-01  0.8127968E-01  0.1815700E+00  0.1872127E+00  0.3305779E+00  0.2590147E+00  0.1921019E+00  0.1214168E+00  0.3020917E-01  0.1993187E-01  0.5327603E-02
 0.2980000E+02  0.2014507E-02  0.1765956E-01  0.8455489E-01  0.1853479E+00  0.1849867E+00  0.3318231E+00  0.2583664E+00  0.1919170E+00  0.1224829E+00  0.3010593E-01  0.2027373E-01  0.5457919E-02
 0.3000000E+02  0.2114137E-02  0.1853659E-01  0.8795610E-01  0.1892593E+00  0.1826770E+00  0.3331403E+00  0.2577465E+00  0.1917178E+00  0.1235706E+00  0.2999328E-01  0.2061887E-01  0.5590368E-02
 0.3020000E+02  0.2218545E-02  0.1945393E-01  0.9148822E-01  0.1933111E+00  0.1802848E+00  0.3345324E+00  0.2571579E+00  0.1915043E+00  0.1246801E+00  0.2987124E-01  0.2096730E-01  0.5724960E-02
 0.3040000E+02  0.2327958E-02  0.2041332E-01  0.9515637E-01  0.1975110E+00  0.1778120E+00  0.3360026E+00  0.2566037E+00  0.1912761E+00  0.1258121E+00  0.2973984E-01  0.2131898E-01  0.5861708E-02
 0.3060000E+02  0.2442611E-02  0.2141659E-01  0.9896589E-01  0.2018665E+00  0.1752611E+00  0.3375541E+00  0.2560873E+00  0.1910331E+00  0.1269668E+00  0.2959914E-01  0.2167393E-01  0.6000622E-02
 0.3080000E+02  0.2562752E-02  0.2246564E-01  0.1029223E+00  0.2063860E+00  0.1726357E+00  0.3391901E+00  0.2556119E+00  0.1907752E+00  0.1281447E+00  0.2944919E-01  0.2203213E-01  0.6141713E-02
 0.3100000E+02  0.2688638E-02  0.2356244E-01  0.1070315E+00  0.2110781E+00  0.1699402E+00  0.3409144E+00  0.2551814E+00  0.1905023E+00  0.1293463E+00  0.2929007E-01  0.2239357E-01  0.6284992E-02
 0.3120000E+02  0.2820542E-02  0.2470906E-01  0.1112993E+00  0.2159517E+00  0.1671806E+00  0.3427306E+00  0.2547996E+00  0.1902143E+00  0.1305719E+00  0.2912189E-01  0.2275823E-01  0.6430467E-02
 0.3140000E+02  0.2958745E-02  0.2590764E-01  0.1157321E+00  0.2210165E+00  0.1643642E+00  0.3446427E+00  0.2544706E+00  0.1899112E+00  0.1318220E+00  0.2894475E-01  0.2312611E-01  0.6578150E-02
 0.3160000E+02  0.3103545E-02  0.2716042E-01  0.1203364E+00  0.2262822E+00  0.1614999E+00  0.3466550E+00  0.2541985E+00  0.1895929E+00  0.1330970E+00  0.2875878E-01  0.2349719E-01  0.6728049E-02
 0.3180000E+02  0.3255250E-02  0.2846974E-01  0.1251190E+00  0.2317594E+00  0.1585990E+00  0.3487717E+00  0.2539881E+00  0.1892596E+00  0.1343973E+00  0.2856416E-01  0.2387147E-01  0.6880172E-02
 0.3200000E+02  0.3414187E-02  0.2983803E-01  0.1300868E+00  0.2374589E+00  0.1556749E+00  0.3509975E+00  0.2538440E+00  0.1889112E+00  0.1357233E+00  0.2836106E-01  0.2424892E-01  0.7034529E-02
 0.3220000E+02  0.3580693E-02  0.3126782E-01  0.1352474E+00  0.2433921E+00  0.1527440E+00  0.3533374E+00  0.2537711E+00  0.1885481E+00  0.1370754E+00  0.2814968E-01  0.2462954E-01  0.7191127E-02
 0.3240000E+02  0.3755122E-02  0.3276175E-01  0.1406082E+00  0.2495709E+00  0.1498259E+00  0.3557964E+00  0.2537747E+00  0.1881703E+00  0.1384540E+00  0.2793027E-01  0.2501330E-01  0.7349974E-02
 0.3260000E+02  0.3937847E-02  0.3432259E-01  0.1461773E+00  0.2560077E+00  0.1469441E+00  0.3583800E+00  0.2538602E+00  0.1877781E+00  0.1398594E+00  0.2770309E-01  0.2540019E-01  0.7511077E-02
 0.3280000E+02  0.4129253E-02  0.3595318E-01  0.1519630E+00  0.2627154E+00  0.1441264E+00  0.3610938E+00  0.2540332E+00  0.1873719E+00  0.1412922E+00  0.2746843E-01  0.2579019E-01  0.7674442E-02
 0.3300000E+02  0.4329746E-02  0.3765652E-01  0.1579738E+00  0.2697075E+00  0.1414053E+00  0.3639439E+00  0.2542995E+00  0.1869521E+00  0.1427526E+00  0.2722664E-01  0.2618329E-01  0.7840077E-02
 0.3320000E+02  0.4539748E-02  0.3943572E-01  0.1642188E+00  0.2769981E+00  0.1388189E+00  0.3669366E+00  0.2546654E+00  0.1865190E+00  0.1442411E+00  0.2697808E-01  0.2657947E-01  0.8007988E-02
 0.3340000E+02  0.4759702E-02  0.4129402E-01  0.1707072E+00  0.2846018E+00  0.1364114E+00  0.3700784E+00  0.2551371E+00  0.1860733E+00  0.1457580E+00  0.2672317E-01  0.2697871E-01  0.8178178E-02
 0.3360000E+02  0.4990067E-02  0.4323479E-01  0.1774488E+00  0.2925338E+00  0.1342330E+00  0.3733764E+00  0.2557212E+00  0.1856155E+00  0.1473038E+00  0.2646237E-01  0.2738098E-01  0.8350655E-02
 0.3380000E+02  0.5231327E-02  0.4526155E-01  0.1844537E+00  0.3008100E+00  0.1323404E+00  0.3768378E+00  0.2564243E+00  0.1851465E+00  0.1488788E+00  0.2619618E-01  0.2778628E-01  0.8525422E-02
 0.3400000E+02  0.5483984E-02  0.4737796E-01  0.1917324E+00  0.3094469E+00  0.1307968E+00  0.3804704E+00  0.2572534E+00  0.1846670E+00  0.1504834E+00  0.2592518E-01  0.2819457E-01  0.8702484E-02
 0.3420000E+02  0.5748562E-02  0.4958782E-01  0.1992959E+00  0.3184615E+00  0.1296704E+00  0.3842820E+00  0.2582156E+00  0.1841780E+00  0.1521179E+00  0.2564998E-01  0.2860583E-01  0.8881844E-02
 0.3440000E+02  0.6025609E-02  0.5189511E-01  0.2071555E+00  0.3278718E+00  0.1290340E+00  0.3882813E+00  0.2593183E+00  0.1836804E+00  0.1537828E+00  0.2537127E-01  0.2902004E-01  0.9063506E-02
 0.3460000E+02  0.6315695E-02  0.5430395E-01  0.2153231E+00  0.3376960E+00  0.1289625E+00  0.3924769E+00  0.2605688E+00  0.1831756E+00  0.1554784E+00  0.2508979E-01  0.2943718E-01  0.9247472E-02
 0.3480000E+02  0.6619417E-02  0.5681865E-01  0.2238110E+00  0.3479534E+00  0.1295308E+00  0.3968781E+00  0.2619748E+00  0.1826648E+00  0.1572052E+00  0.2480638E-01  0.2985721E-01  0.9433745E-02
 0.3500000E+02  0.6937393E-02  0.5944367E-01  0.2326320E+00  0.3586640E+00  0.1308106E+00  0.4014946E+00  0.2635439E+00  0.1821494E+00  0.1589634E+00  0.2452193E-01  0.3028013E-01  0.9622327E-02
 0.3520000E+02  0.7270272E-02  0.6218366E-01  0.2417995E+00  0.3698483E+00  0.1328678E+00  0.4063363E+00  0.2652840E+00  0.1816310E+00  0.1607534E+00  0.2423743E-01  0.3070589E-01  0.9813219E-02
 0.3540000E+02  0.7618727E-02  0.6504348E-01  0.2513274E+00  0.3815278E+00  0.1357594E+00  0.4114139E+00  0.2672030E+00  0.1811114E+00  0.1625758E+00  0.2395396E-01  0.3113448E-01  0.1000642E-01
 0.3560000E+02  0.7983459E-02  0.6802816E-01  0.2612301E+00  0.3937248E+00  0.1395317E+00  0.4167383E+00  0.2693089E+00  0.1805926E+00  0.1644307E+00  0.2367270E-01  0.3156585E-01  0.1020194E-01
 0.3580000E+02  0.8365200E-02  0.7114294E-01  0.2715226E+00  0.4064622E+00  0.1442196E+00  0.4223210E+00  0.2716098E+00  0.1800765E+00  0.1663186E+00  0.2339492E-01  0.3200000E-01  0.1039976E-01
 0.3600000E+02  0.8764708E-02  0.7439327E-01  0.2822204E+00  0.4197641E+00  0.1498463E+00  0.4281737E+00  0.2741137E+00  0.1795656E+00  0.1682399E+00  0.2312200E-01  0.3243687E-01  0.1059990E-01
 0.3620000E+02  0.9182776E-02  0.7778480E-01  0.2933399E+00  0.4336552E+00  0.1564247E+00  0.4343090E+00  0.2768287E+00  0.1790624E+00  0.1701950E+00  0.2285544E-01  0.3287645E-01  0.1080235E-01
 0.3640000E+02  0.9620227E-02  0.8132344E-01  0.3048980E+00  0.4481612E+00  0.1639591E+00  0.4407398E+00  0.2797630E+00  0.1785695E+00  0.1721843E+00  0.2259684E-01  0.3331871E-01  0.1100711E-01
 0.3660000E+02  0.1007791E-01  0.8501530E-01  0.3169120E+00  0.4633089E+00  0.1724476E+00  0.4474793E+00  0.2829246E+00  0.1780900E+00  0.1742081E+00  0.2234794E-01  0.3376360E-01  0.1121417E-01
 0.3680000E+02  0.1055673E-01  0.8886675E-01  0.3294004E+00  0.4791259E+00  0.1818841E+00  0.4545415E+00  0.2863216E+00  0.1776271E+00  0.1762668E+00  0.2211058E-01  0.3421110E-01  0.1142354E-01
 0.3700000E+02  0.1105759E-01  0.9288438E-01  0.3423819E+00  0.4956409E+00  0.1922603E+00  0.4619409E+00  0.2899620E+00  0.1771842E+00  0.1783609E+00  0.2188671E-01  0.3466118E-01  0.1163520E-01
 0.3720000E+02  0.1158147E-01  0.9707508E-01  0.3558764E+00  0.5128838E+00  0.2035681E+00  0.4696924E+00  0.2938539E+00  0.1767650E+00  0.1804908E+00  0.2167842E-01  0.3511379E-01  0.1184917E-01
 0.3740000E+02  0.1212935E-01  0.1014460E+00  0.3699043E+00  0.5308853E+00  0.2158000E+00  0.4778116E+00  0.2980051E+00  0.1763736E+00  0.1826569E+00  0.2148788E-01  0.3556891E-01  0.1206543E-01
 0.3760000E+02  0.1270227E-01  0.1060044E+00  0.3844869E+00  0.5496776E+00  0.2289508E+00  0.4863144E+00  0.3024236E+00  0.1760142E+00  0.1848595E+00  0.2131736E-01  0.3602650E-01  0.1228398E-01
 0.3780000E+02  0.1330130E-01  0.1107582E+00  0.3996462E+00  0.5692939E+00  0.2430177E+00  0.4952175E+00  0.3071171E+00  0.1756916E+00  0.1870992E+00  0.2116921E-01  0.3648652E-01  0.1250481E-01
 0.3800000E+02  0.1392756E-01  0.1157152E+00  0.4154051E+00  0.5897687E+00  0.2580011E+00  0.5045382E+00  0.3120935E+00  0.1754105E+00  0.1893763E+00  0.2104584E-01  0.3694893E-01  0.1272792E-01
 0.3820000E+02  0.1458219E-01  0.1208837E+00  0.4317876E+00  0.6111377E+00  0.2739047E+00  0.5142943E+00  0.3173605E+00  0.1751762E+00  0.1916914E+00  0.2094970E-01  0.3741370E-01  0.1295331E-01
 0.3840000E+02  0.1526639E-01  0.1262724E+00  0.4488184E+00  0.6334381E+00  0.2907354E+00  0.5245040E+00  0.3229257E+00  0.1749944E+00  0.1940448E+00  0.2088322E-01  0.3788079E-01  0.1318096E-01
 0.3860000E+02  0.1598140E-01  0.1318900E+00  0.4665231E+00  0.6567083E+00  0.3085032E+00  0.5351866E+00  0.3287969E+00  0.1748709E+00  0.1964370E+00  0.2084884E-01  0.3835016E-01  0.1341087E-01
 0.3880000E+02  0.1672850E-01  0.1377460E+00  0.4849284E+00  0.6809885E+00  0.3272217E+00  0.5463616E+00  0.3349816E+00  0.1748120E+00  0.1988684E+00  0.2084891E-01  0.3882177E-01  0.1364302E-01
 0.3900000E+02  0.1750900E-01  0.1438497E+00  0.5040620E+00  0.7063200E+00  0.3469073E+00  0.5580493E+00  0.3414874E+00  0.1748241E+00  0.2013396E+00  0.2088568E-01  0.3929558E-01  0.1387743E-01
 0.3920000E+02  0.1832428E-01  0.1502112E+00  0.5239525E+00  0.7327459E+00  0.3675794E+00  0.5702708E+00  0.3483221E+00  0.1749144E+00  0.2038511E+00  0.2096129E-01  0.3977154E-01  0.1411406E-01
 0.3940000E+02  0.1917576E-01  0.1568407E+00  0.5446299E+00  0.7603109E+00  0.3892604E+00  0.5830476E+00  0.3554933E+00  0.1750899E+00  0.2064033E+00  0.2107768E-01  0.4024962E-01  0.1435292E-01
 0.3960000E+02  0.2006490E-01  0.1637488E+00  0.5661249E+00  0.7890613E+00  0.4119752E+00  0.5964021E+00  0.3630087E+00  0.1753582E+00  0.2089968E+00  0.2123660E-01  0.4072977E-01  0.1459399E-01
 0.3980000E+02  0.2099320E-01  0.1709466E+00  0.5884697E+00  0.8190453E+00  0.4357517E+00  0.6103575E+00  0.3708762E+00  0.1757273E+00  0.2116321E+00  0.2143956E-01  0.4121196E-01  0.1483727E-01
 0.4000000E+02  0.2196223E-01  0.1784455E+00  0.6116974E+00  0.8503128E+00  0.4606203E+00  0.6249376E+00  0.3791036E+00  0.1762051E+00  0.2143097E+00  0.2168783E-01  0.4169613E-01  0.1508274E-01
 0.4020000E+02  0.2297359E-01  0.1862573E+00  0.6358425E+00  0.8829156E+00  0.4866137E+00  0.6401669E+00  0.3876990E+00  0.1768003E+00  0.2170302E+00  0.2198239E-01  0.4218225E-01  0.1533039E-01
 0.4040000E+02  0.2402895E-01  0.1943941E+00  0.6609408E+00  0.9169076E+00  0.5137675E+00  0.6560710E+00  0.3966707E+00  0.1775214E+00  0.2197941E+00  0.2232397E-01  0.4267027E-01  0.1558021E-01
 0.4060000E+02  0.2513001E-01  0.2028687E+00  0.6870291E+00  0.9523445E+00  0.5421194E+00  0.6726760E+00  0.4060269E+00  0.1783772E+00  0.2226021E+00  0.2271303E-01  0.4316015E-01  0.1583219E-01
 0.4080000E+02  0.2627853E-01  0.2116940E+00  0.7141458E+00  0.9892843E+00  0.5717098E+00  0.6900091E+00  0.4157763E+00  0.1793768E+00  0.2254547E+00  0.2314977E-01  0.4365183E-01  0.1608631E-01
 0.4100000E+02  0.2747632E-01  0.2208836E+00  0.7423307E+00  0.1027787E+01  0.6025815E+00  0.7080984E+00  0.4259276E+00  0.1805293E+00  0.2283526E+00  0.2363417E-01  0.4414529E-01  0.1634256E-01
 0.4120000E+02  0.2872526E-01  0.2304514E+00  0.7716248E+00  0.1067915E+01  0.6347797E+00  0.7269727E+00  0.4364900E+00  0.1818440E+00  0.2312964E+00  0.2416597E-01  0.4464047E-01  0.1660092E-01
 0.4140000E+02  0.3002726E-01  0.2404118E+00  0.8020707E+00  0.1109733E+01  0.6683520E+00  0.7466621E+00  0.4474727E+00  0.1833303E+00  0.2342868E+00  0.2474474E-01  0.4513732E-01  0.1686139E-01
 0.4160000E+02  0.3138428E-01  0.2507797E+00  0.8337124E+00  0.1153309E+01  0.7033488E+00  0.7671974E+00  0.4588855E+00  0.1849973E+00  0.2373243E+00  0.2536990E-01  0.4563581E-01  0.1712394E-01
 0.4180000E+02  0.3279837E-01  0.2615704E+00  0.8665955E+00  0.1198711E+01  0.7398227E+00  0.7886107E+00  0.4707384E+00  0.1868545E+00  0.2404099E+00  0.2604071E-01  0.4613588E-01  0.1738856E-01
 0.4200000E+02  0.3427159E-01  0.2727997E+00  0.9007672E+00  0.1246012E+01  0.7778292E+00  0.8109351E+00  0.4830416E+00  0.1889108E+00  0.2435440E+00  0.2675636E-01  0.4663749E-01  0.1765523E-01
 0.4220000E+02  0.3580607E-01  0.2844840E+00  0.9362762E+00  0.1295287E+01  0.8174262E+00  0.8342048E+00  0.4958061E+00  0.1911756E+00  0.2467275E+00  0.2751597E-01  0.4714060E-01  0.1792394E-01
 0.4240000E+02  0.3740401E-01  0.2966401E+00  0.9731730E+00  0.1346614E+01  0.8586745E+00  0.8584552E+00  0.5090429E+00  0.1936575E+00  0.2499612E+00  0.2831858E-01  0.4764515E-01  0.1819466E-01
 0.4260000E+02  0.3906765E-01  0.3092853E+00  0.1011510E+01  0.1400073E+01  0.9016375E+00  0.8837231E+00  0.5227637E+00  0.1963655E+00  0.2532458E+00  0.2916323E-01  0.4815111E-01  0.1846738E-01
 0.4280000E+02  0.4079929E-01  0.3224376E+00  0.1051340E+01  0.1455747E+01  0.9463817E+00  0.9100465E+00  0.5369805E+00  0.1993078E+00  0.2565822E+00  0.3004894E-01  0.4865842E-01  0.1874209E-01
 0.4300000E+02  0.4260127E-01  0.3361154E+00  0.1092720E+01  0.1513724E+01  0.9929763E+00  0.9374647E+00  0.5517059E+00  0.2024928E+00  0.2599711E+00  0.3097475E-01  0.4916705E-01  0.1901875E-01
 0.4320000E+02  0.4447600E-01  0.3503375E+00  0.1135707E+01  0.1574093E+01  0.1041494E+01  0.9660184E+00  0.5669531E+00  0.2059284E+00  0.2634135E+00  0.3193970E-01  0.4967694E-01  0.1929736E-01
 0.4340000E+02  0.4642594E-01  0.3651236E+00  0.1180360E+01  0.1636946E+01  0.1092009E+01  0.9957500E+00  0.5827356E+00  0.2096222E+00  0.2669101E+00  0.3294288E-01  0.5018805E-01  0.1957789E-01
 0.4360000E+02  0.4845359E-01  0.3804937E+00  0.1226741E+01  0.1702380E+01  0.1144601E+01  0.1026703E+01  0.5990676E+00  0.2135818E+00  0.2704620E+00  0.3398340E-01  0.5070033E-01  0.1986031E-01
 0.4380000E+02  0.5056153E-01  0.3964684E+00  0.1274913E+01  0.1770496E+01  0.1199353E+01  0.1058923E+01  0.6159640E+00  0.2178141E+00  0.2740701E+00  0.3506043E-01  0.5121375E-01  0.2014462E-01
 0.4400000E+02  0.5275237E-01  0.4130690E+00  0.1324940E+01  0.1841395E+01  0.1256348E+01  0.1092458E+01  0.6334401E+00  0.2223261E+00  0.2777353E+00  0.3617317E-01  0.5172825E-01  0.2043078E-01
 0.4420000E+02  0.5502877E-01  0.4303173E+00  0.1376892E+01  0.1915185E+01  0.1315676E+01  0.1127355E+01  0.6515120E+00  0.2271243E+00  0.2814587E+00  0.3732089E-01  0.5224380E-01  0.2071877E-01
 0.4440000E+02  0.5739345E-01  0.4482357E+00  0.1430836E+01  0.1991978E+01  0.1377431E+01  0.1163665E+01  0.6701965E+00  0.2322150E+00  0.2852413E+00  0.3850288E-01  0.5276034E-01  0.2100858E-01
 0.4460000E+02  0.5984918E-01  0.4668471E+00  0.1486846E+01  0.2071887E+01  0.1441707E+01  0.1201442E+01  0.6895108E+00  0.2376044E+00  0.2890841E+00  0.3971850E-01  0.5327784E-01  0.2130017E-01
 0.4480000E+02  0.6239877E-01  0.4861752E+00  0.1544993E+01  0.2155031E+01  0.1508605E+01  0.1240739E+01  0.7094732E+00  0.2432984E+00  0.2929882E+00  0.4096717E-01  0.5379626E-01  0.2159353E-01
 0.4500000E+02  0.6504508E-01  0.5062443E+00  0.1605355E+01  0.2241533E+01  0.1578231E+01  0.1281613E+01  0.7301025E+00  0.2493028E+00  0.2969549E+00  0.4224833E-01  0.5431555E-01  0.2188862E-01
 0.4520000E+02  0.6779102E-01  0.5270792E+00  0.1668010E+01  0.2331520E+01  0.1650691E+01  0.1324122E+01  0.7514184E+00  0.2556232E+00  0.3009852E+00  0.4356149E-01  0.5483567E-01  0.2218543E-01
 0.4540000E+02  0.7063953E-01  0.5487052E+00  0.1733039E+01  0.2425123E+01  0.1726100E+01  0.1368329E+01  0.7734413E+00  0.2622653E+00  0.3050804E+00  0.4490621E-01  0.5535658E-01  0.2248392E-01
 0.4560000E+02  0.7359361E-01  0.5711487E+00  0.1800524E+01  0.2522479E+01  0.1804574E+01  0.1414295E+01  0.7961925E+00  0.2692345E+00  0.3092416E+00  0.4628206E-01  0.5587824E-01  0.2278408E-01
 0.4580000E+02  0.7665630E-01  0.5944362E+00  0.1870552E+01  0.2623728E+01  0.1886236E+01  0.1462086E+01  0.8196941E+00  0.2765363E+00  0.3134703E+00  0.4768869E-01  0.5640062E-01  0.2308587E-01
 0.4600000E+02  0.7983065E-01  0.6185952E+00  0.1943209E+01  0.2729015E+01  0.1971212E+01  0.1511771E+01  0.8439692E+00  0.2841763E+00  0.3177677E+00  0.4912576E-01  0.5692367E-01  0.2338927E-01
 0.4620000E+02  0.8311978E-01  0.6436537E+00  0.2018588E+01  0.2838490E+01  0.2059633E+01  0.1563420E+01  0.8690416E+00  0.2921601E+00  0.3221352E+00  0.5059300E-01  0.5744737E-01  0.2369424E-01
 0.4640000E+02  0.8652683E-01  0.6696404E+00  0.2096781E+01  0.2952309E+01  0.2151638E+01  0.1617106E+01  0.8949363E+00  0.3004934E+00  0.3265741E+00  0.5209014E-01  0.5797167E-01  0.2400077E-01
 0.4660000E+02  0.9005496E-01  0.6965846E+00  0.2177884E+01  0.3070632E+01  0.2247367E+01  0.1672906E+01  0.9216791E+00  0.3091819E+00  0.3310860E+00  0.5361696E-01  0.5849654E-01  0.2430883E-01
 0.4680000E+02  0.9370739E-01  0.7245164E+00  0.2261995E+01  0.3193624E+01  0.2346969E+01  0.1730899E+01  0.9492968E+00  0.3182315E+00  0.3356723E+00  0.5517327E-01  0.5902195E-01  0.2461837E-01
 0.4700000E+02  0.9748732E-01  0.7534662E+00  0.2349216E+01  0.3321457E+01  0.2450598E+01  0.1791166E+01  0.9778175E+00  0.3276485E+00  0.3403346E+00  0.5675892E-01  0.5954787E-01  0.2492938E-01
 0.4720000E+02  0.1013980E+00  0.7834656E+00  0.2439650E+01  0.3454307E+01  0.2558412E+01  0.1853794E+01  0.1007270E+01  0.3374392E+00  0.3450744E+00  0.5837377E-01  0.6007426E-01  0.2524183E-01
 0.4740000E+02  0.1054428E+00  0.8145465E+00  0.2533406E+01  0.3592357E+01  0.2670576E+01  0.1918870E+01  0.1037684E+01  0.3476101E+00  0.3498934E+00  0.6001771E-01  0.6060110E-01  0.2555568E-01
 0.4760000E+02  0.1096248E+00  0.8467414E+00  0.2630592E+01  0.3735795E+01  0.2787263E+01  0.1986487E+01  0.1069092E+01  0.3581680E+00  0.3547933E+00  0.6169068E-01  0.6112837E-01  0.2587090E-01
 0.4780000E+02  0.1139475E+00  0.8800837E+00  0.2731321E+01  0.3884816E+01  0.2908652E+01  0.2056739E+01  0.1101525E+01  0.3691201E+00  0.3597758E+00  0.6339260E-01  0.6165602E-01  0.2618747E-01
 0.4800000E+02  0.1184141E+00  0.9146075E+00  0.2835710E+01  0.4039619E+01  0.3034926E+01  0.2129727E+01  0.1135018E+01  0.3804738E+00  0.3648427E+00  0.6512344E-01  0.6218405E-01  0.2650535E-01
 0.4820000E+02  0.1230279E+00  0.9503472E+00  0.2943877E+01  0.4200413E+01  0.3166278E+01  0.2205552E+01  0.1169604E+01  0.3922368E+00  0.3699958E+00  0.6688320E-01  0.6271243E-01  0.2682450E-01
 0.4840000E+02  0.1277923E+00  0.9873383E+00  0.3055945E+01  0.4367410E+01  0.3302907E+01  0.2284322E+01  0.1205322E+01  0.4044171E+00  0.3752371E+00  0.6867187E-01  0.6324114E-01  0.2714491E-01
 0.4860000E+02  0.1327105E+00  0.1025617E+01  0.3172038E+01  0.4540831E+01  0.3445021E+01  0.2366148E+01  0.1242207E+01  0.4170231E+00  0.3805684E+00  0.7048949E-01  0.6377016E-01  0.2746653E-01
 0.4880000E+02  0.1377859E+00  0.1065219E+01  0.3292285E+01  0.4720902E+01  0.3592834E+01  0.2451144E+01  0.1280298E+01  0.4300637E+00  0.3859919E+00  0.7233609E-01  0.6429947E-01  0.2778933E-01
 0.4900000E+02  0.1430217E+00  0.1106182E+01  0.3416819E+01  0.4907859E+01  0.3746568E+01  0.2539430E+01  0.1319638E+01  0.4435479E+00  0.3915095E+00  0.7421174E-01  0.6482907E-01  0.2811328E-01
 0.4920000E+02  0.1484212E+00  0.1148545E+01  0.3545774E+01  0.5101943E+01  0.3906455E+01  0.2631129E+01  0.1360266E+01  0.4574854E+00  0.3971234E+00  0.7611651E-01  0.6535893E-01  0.2843835E-01
 0.4940000E+02  0.1539877E+00  0.1192345E+01  0.3679290E+01  0.5303403E+01  0.4072734E+01  0.2726372E+01  0.1402227E+01  0.4718861E+00  0.4028359E+00  0.7805050E-01  0.6588906E-01  0.2876449E-01
 0.4960000E+02  0.1597243E+00  0.1237623E+01  0.3817508E+01  0.5512494E+01  0.4245655E+01  0.2825291E+01  0.1445565E+01  0.4867603E+00  0.4086491E+00  0.8001381E-01  0.6641944E-01  0.2909169E-01
 0.4980000E+02  0.1656343E+00  0.1284417E+01  0.3960574E+01  0.5729483E+01  0.4425474E+01  0.2928026E+01  0.1490327E+01  0.5021189E+00  0.4145654E+00  0.8200657E-01  0.6695007E-01  0.2941990E-01
 0.5000000E+02  0.1717207E+00  0.1332768E+01  0.4108639E+01  0.5954641E+01  0.4612460E+01  0.3034719E+01  0.1536561E+01  0.5179732E+00  0.4205873E+00  0.8402891E-01  0.6748095E-01  0.2974909E-01
 0.5020000E+02  0.1779866E+00  0.1382718E+01  0.4261855E+01  0.6188250E+01  0.4806890E+01  0.3145522E+01  0.1584317E+01  0.5343349E+00  0.4267171E+00  0.8608098E-01  0.6801208E-01  0.3007923E-01
 0.5040000E+02  0.1844350E+00  0.1434309E+01  0.4420381E+01  0.6430599E+01  0.5009051E+01  0.3260589E+01  0.1633647E+01  0.5512161E+00  0.4329575E+00  0.8816295E-01  0.6854347E-01  0.3041027E-01
 0.5060000E+02  0.1910689E+00  0.1487581E+01  0.4584376E+01  0.6681986E+01  0.5219243E+01  0.3380081E+01  0.1684603E+01  0.5686297E+00  0.4393111E+00  0.9027499E-01  0.6907512E-01  0.3074219E-01
 0.5080000E+02  0.1978912E+00  0.1542580E+01  0.4754006E+01  0.6942717E+01  0.5437775E+01  0.3504165E+01  0.1737243E+01  0.5865888E+00  0.4457807E+00  0.9241729E-01  0.6960705E-01  0.3107496E-01
 0.5100000E+02  0.2049046E+00  0.1599347E+01  0.4929440E+01  0.7213110E+01  0.5664968E+01  0.3633016E+01  0.1791622E+01  0.6051071E+00  0.4523689E+00  0.9459005E-01  0.7013926E-01  0.3140853E-01
 0.5120000E+02  0.2121117E+00  0.1657927E+01  0.5110851E+01  0.7493490E+01  0.5901155E+01  0.3766812E+01  0.1847800E+01  0.6241989E+00  0.4590787E+00  0.9679349E-01  0.7067179E-01  0.3174287E-01
 0.5140000E+02  0.2195152E+00  0.1718364E+01  0.5298417E+01  0.7784193E+01  0.6146680E+01  0.3905743E+01  0.1905839E+01  0.6438790E+00  0.4659131E+00  0.9902784E-01  0.7120465E-01  0.3207794E-01
 0.5160000E+02  0.2271175E+00  0.1780704E+01  0.5492320E+01  0.8085563E+01  0.6401903E+01  0.4050000E+01  0.1965801E+01  0.6641627E+00  0.4728752E+00  0.1012933E+00  0.7173787E-01  0.3241372E-01
 0.5180000E+02  0.2349209E+00  0.1844992E+01  0.5692745E+01  0.8397956E+01  0.6667193E+01  0.4199787E+01  0.2027753E+01  0.6850659E+00  0.4799681E+00  0.1035902E+00  0.7227148E-01  0.3275017E-01
 0.5200000E+02  0.2429276E+00  0.1911274E+01  0.5899883E+01  0.8721738E+01  0.6942936E+01  0.4355311E+01  0.2091761E+01  0.7066052E+00  0.4871951E+00  0.1059187E+00  0.7280552E-01  0.3308725E-01
 0.5220000E+02  0.2511395E+00  0.1979596E+01  0.6113928E+01  0.9057285E+01  0.7229530E+01  0.4516791E+01  0.2157897E+01  0.7287977E+00  0.4945596E+00  0.1082792E+00  0.7334003E-01  0.3342492E-01
 0.5240000E+02  0.2595586E+00  0.2050005E+01  0.6335081E+01  0.9404984E+01  0.7527390E+01  0.4684451E+01  0.2226231E+01  0.7516611E+00  0.5020650E+00  0.1106719E+00  0.7387505E-01  0.3376316E-01
 0.5260000E+02  0.2681863E+00  0.2122548E+01  0.6563545E+01  0.9765234E+01  0.7836944E+01  0.4858524E+01  0.2296840E+01  0.7752138E+00  0.5097151E+00  0.1130971E+00  0.7441063E-01  0.3410193E-01
 0.5280000E+02  0.2770242E+00  0.2197272E+01  0.6799528E+01  0.1013845E+02  0.8158634E+01  0.5039253E+01  0.2369799E+01  0.7994749E+00  0.5175134E+00  0.1155551E+00  0.7494684E-01  0.3444120E-01
 0.5300000E+02  0.2860734E+00  0.2274224E+01  0.7043245E+01  0.1052504E+02  0.8492925E+01  0.5226889E+01  0.2445189E+01  0.8244641E+00  0.5254640E+00  0.1180463E+00  0.7548374E-01  0.3478093E-01
 0.5320000E+02  0.2953349E+00  0.2353453E+01  0.7294912E+01  0.1092544E+02  0.8840291E+01  0.5421693E+01  0.2523092E+01  0.8502018E+00  0.5335707E+00  0.1205710E+00  0.7602139E-01  0.3512109E-01
 0.5340000E+02  0.3048093E+00  0.2435005E+01  0.7554752E+01  0.1134011E+02  0.9201228E+01  0.5623936E+01  0.2603592E+01  0.8767091E+00  0.5418378E+00  0.1231296E+00  0.7655987E-01  0.3546164E-01
 0.5360000E+02  0.3144970E+00  0.2518928E+01  0.7822993E+01  0.1176950E+02  0.9576246E+01  0.5833898E+01  0.2686777E+01  0.9040080E+00  0.5502694E+00  0.1257223E+00  0.7709926E-01  0.3580256E-01
 0.5380000E+02  0.3243983E+00  0.2605270E+01  0.8099866E+01  0.1221407E+02  0.9965879E+01  0.6051868E+01  0.2772736E+01  0.9321210E+00  0.5588701E+00  0.1283498E+00  0.7763966E-01  0.3614382E-01
 0.5400000E+02  0.3345127E+00  0.2694077E+01  0.8385608E+01  0.1267430E+02  0.1037068E+02  0.6278150E+01  0.2861563E+01  0.9610716E+00  0.5676444E+00  0.1310122E+00  0.7818117E-01  0.3648538E-01
 0.5420000E+02  0.3448398E+00  0.2785396E+01  0.8680460E+01  0.1315071E+02  0.1079120E+02  0.6513054E+01  0.2953352E+01  0.9908841E+00  0.5765971E+00  0.1337101E+00  0.7872388E-01  0.3682721E-01
 0.5440000E+02  0.3553785E+00  0.2879275E+01  0.8984668E+01  0.1364378E+02  0.1122806E+02  0.6756904E+01  0.3048202E+01  0.1021583E+01  0.5857330E+00  0.1364438E+00  0.7926792E-01  0.3716928E-01
 0.5460000E+02  0.3661275E+00  0.2975758E+01  0.9298482E+01  0.1415404E+02  0.1168184E+02  0.7010036E+01  0.3146213E+01  0.1053195E+01  0.5950575E+00  0.1392139E+00  0.7981341E-01  0.3751157E-01
 0.5480000E+02  0.3770850E+00  0.3074890E+01  0.9622154E+01  0.1468203E+02  0.1215319E+02  0.7272794E+01  0.3247490E+01  0.1085747E+01  0.6045757E+00  0.1420208E+00  0.8036048E-01  0.3785405E-01
 0.5500000E+02  0.3882490E+00  0.3176716E+01  0.9955945E+01  0.1522828E+02  0.1264275E+02  0.7545540E+01  0.3352139E+01  0.1119265E+01  0.6142931E+00  0.1448651E+00  0.8090928E-01  0.3819669E-01
 0.5520000E+02  0.3996165E+00  0.3281279E+01  0.1030012E+02  0.1579336E+02  0.1315121E+02  0.7828643E+01  0.3460269E+01  0.1153779E+01  0.6242156E+00  0.1477472E+00  0.8145997E-01  0.3853946E-01
 0.5540000E+02  0.4111845E+00  0.3388619E+01  0.1065493E+02  0.1637785E+02  0.1367925E+02  0.8122488E+01  0.3571993E+01  0.1189319E+01  0.6343491E+00  0.1506676E+00  0.8201270E-01  0.3888235E-01
 0.5560000E+02  0.4229493E+00  0.3498778E+01  0.1102067E+02  0.1698231E+02  0.1422761E+02  0.8427471E+01  0.3687424E+01  0.1225914E+01  0.6446997E+00  0.1536271E+00  0.8256766E-01  0.3922532E-01
 0.5580000E+02  0.4349067E+00  0.3611794E+01  0.1139759E+02  0.1760736E+02  0.1479703E+02  0.8744002E+01  0.3806681E+01  0.1263596E+01  0.6552739E+00  0.1566261E+00  0.8312503E-01  0.3956835E-01
 0.5600000E+02  0.4470519E+00  0.3727703E+01  0.1178597E+02  0.1825359E+02  0.1538828E+02  0.9072504E+01  0.3929883E+01  0.1302397E+01  0.6660784E+00  0.1596652E+00  0.8368502E-01  0.3991143E-01
 0.5620000E+02  0.4593797E+00  0.3846541E+01  0.1218610E+02  0.1892162E+02  0.1600214E+02  0.9413412E+01  0.4057153E+01  0.1342352E+01  0.6771202E+00  0.1627452E+00  0.8424785E-01  0.4025453E-01
 0.5640000E+02  0.4718839E+00  0.3968337E+01  0.1259825E+02  0.1961210E+02  0.1663945E+02  0.9767176E+01  0.4188615E+01  0.1383494E+01  0.6884064E+00  0.1658668E+00  0.8481374E-01  0.4059764E-01
 0.5660000E+02  0.4845582E+00  0.4093122E+01  0.1302269E+02  0.2032565E+02  0.1730103E+02  0.1013426E+02  0.4324397E+01  0.1425859E+01  0.6999447E+00  0.1690305E+00  0.8538294E-01  0.4094074E-01
 0.5680000E+02  0.4973956E+00  0.4220922E+01  0.1345972E+02  0.2106292E+02  0.1798777E+02  0.1051514E+02  0.4464628E+01  0.1469484E+01  0.7117429E+00  0.1722373E+00  0.8595571E-01  0.4128381E-01
 0.5700000E+02  0.5103880E+00  0.4351759E+01  0.1390962E+02  0.2182459E+02  0.1870055E+02  0.1091030E+02  0.4609438E+01  0.1514407E+01  0.7238090E+00  0.1754878E+00  0.8653233E-01  0.4162684E-01
 0.5720000E+02  0.5235272E+00  0.4485654E+01  0.1437266E+02  0.2261130E+02  0.1944029E+02  0.1132025E+02  0.4758961E+01  0.1560667E+01  0.7361518E+00  0.1787830E+00  0.8711309E-01  0.4196982E-01
 0.5740000E+02  0.5368042E+00  0.4622621E+01  0.1484913E+02  0.2342374E+02  0.2020793E+02  0.1174550E+02  0.4913330E+01  0.1608303E+01  0.7487798E+00  0.1821237E+00  0.8769829E-01  0.4231274E-01
 0.5760000E+02  0.5502092E+00  0.4762672E+01  0.1533930E+02  0.2426260E+02  0.2100444E+02  0.1218658E+02  0.5072679E+01  0.1657358E+01  0.7617024E+00  0.1855107E+00  0.8828828E-01  0.4265559E-01
 0.5780000E+02  0.5637318E+00  0.4905807E+01  0.1584345E+02  0.2512854E+02  0.2183082E+02  0.1264403E+02  0.5237146E+01  0.1707872E+01  0.7749291E+00  0.1889452E+00  0.8888338E-01  0.4299836E-01
 0.5800000E+02  0.5773613E+00  0.5052033E+01  0.1636184E+02  0.2602225E+02  0.2268806E+02  0.1311839E+02  0.5406865E+01  0.1759892E+01  0.7884700E+00  0.1924280E+00  0.8948398E-01  0.4334105E-01
 0.5820000E+02  0.5910861E+00  0.5201345E+01  0.1689475E+02  0.2694443E+02  0.2357722E+02  0.1361023E+02  0.5581972E+01  0.1813460E+01  0.8023352E+00  0.1959602E+00  0.9009045E-01  0.4368367E-01
 0.5840000E+02  0.6048943E+00  0.5353730E+01  0.1744243E+02  0.2789576E+02  0.2449933E+02  0.1412011E+02  0.5762602E+01  0.1868624E+01  0.8165357E+00  0.1995430E+00  0.9070320E-01  0.4402620E-01
 0.5860000E+02  0.6187730E+00  0.5509170E+01  0.1800512E+02  0.2887691E+02  0.2545548E+02  0.1464861E+02  0.5948889E+01  0.1925431E+01  0.8310825E+00  0.2031775E+00  0.9132266E-01  0.4436865E-01
 0.5880000E+02  0.6327089E+00  0.5667643E+01  0.1858308E+02  0.2988857E+02  0.2644675E+02  0.1519631E+02  0.6140965E+01  0.1983929E+01  0.8459872E+00  0.2068650E+00  0.9194928E-01  0.4471102E-01
 0.5900000E+02  0.6466882E+00  0.5829117E+01  0.1917652E+02  0.3093139E+02  0.2747425E+02  0.1576380E+02  0.6338959E+01  0.2044168E+01  0.8612621E+00  0.2106066E+00  0.9258352E-01  0.4505332E-01
 0.5920000E+02  0.6606971E+00  0.5993554E+01  0.1978568E+02  0.3200604E+02  0.2853910E+02  0.1635166E+02  0.6542998E+01  0.2106200E+01  0.8769196E+00  0.2144039E+00  0.9322589E-01  0.4539556E-01
 0.5940000E+02  0.6747215E+00  0.6160906E+01  0.2041073E+02  0.3311314E+02  0.2964242E+02  0.1696049E+02  0.6753204E+01  0.2170077E+01  0.8929728E+00  0.2182582E+00  0.9387688E-01  0.4573776E-01
 0.5960000E+02  0.6887462E+00  0.6331119E+01  0.2105189E+02  0.3425334E+02  0.3078536E+02  0.1759087E+02  0.6969694E+01  0.2235854E+01  0.9094350E+00  0.2221709E+00  0.9453705E-01  0.4607991E-01
 0.5980000E+02  0.7027564E+00  0.6504126E+01  0.2170930E+02  0.3542723E+02  0.3196904E+02  0.1824339E+02  0.7192580E+01  0.2303584E+01  0.9263203E+00  0.2261437E+00  0.9520696E-01  0.4642204E-01
 0.6000000E+02  0.7167371E+00  0.6679861E+01  0.2238312E+02  0.3663536E+02  0.3319460E+02  0.1891861E+02  0.7421968E+01  0.2373324E+01  0.9436432E+00  0.2301781E+00  0.9588719E-01  0.4676417E-01
 0.6020000E+02  0.7306727E+00  0.6858233E+01  0.2307347E+02  0.3787829E+02  0.3446317E+02  0.1961711E+02  0.7657954E+01  0.2445132E+01  0.9614186E+00  0.2342759E+00  0.9657834E-01  0.4710631E-01
 0.6040000E+02  0.7445489E+00  0.7039158E+01  0.2378046E+02  0.3915652E+02  0.3577586E+02  0.2033942E+02  0.7900628E+01  0.2519068E+01  0.9796621E+00  0.2384389E+00  0.9728106E-01  0.4744849E-01
 0.6060000E+02  0.7583506E+00  0.7222523E+01  0.2450414E+02  0.4047053E+02  0.3713377E+02  0.2108608E+02  0.8150070E+01  0.2595190E+01  0.9983896E+00  0.2426689E+00  0.9799598E-01  0.4779072E-01
 0.6080000E+02  0.7720637E+00  0.7408229E+01  0.2524458E+02  0.4182074E+02  0.3853797E+02  0.2185758E+02  0.8406347E+01  0.2673561E+01  0.1017618E+01  0.2469678E+00  0.9872379E-01  0.4813304E-01
 0.6100000E+02  0.7856742E+00  0.7596146E+01  0.2600177E+02  0.4320751E+02  0.3998951E+02  0.2265440E+02  0.8669517E+01  0.2754244E+01  0.1037363E+01  0.2513377E+00  0.9946517E-01  0.4847547E-01
 0.6120000E+02  0.7991690E+00  0.7786146E+01  0.2677571E+02  0.4463117E+02  0.4148940E+02  0.2347697E+02  0.8939624E+01  0.2837301E+01  0.1057644E+01  0.2557807E+00  0.1002209E+00  0.4881804E-01
 0.6140000E+02  0.8125364E+00  0.7978091E+01  0.2756631E+02  0.4609197E+02  0.4303859E+02  0.2432570E+02  0.9216697E+01  0.2922800E+01  0.1078477E+01  0.2602990E+00  0.1009916E+00  0.4916077E-01
 0.6160000E+02  0.8257657E+00  0.8171831E+01  0.2837352E+02  0.4759012E+02  0.4463800E+02  0.2520094E+02  0.9500754E+01  0.3010805E+01  0.1099882E+01  0.2648949E+00  0.1017781E+00  0.4950371E-01
 0.6180000E+02  0.8388473E+00  0.8367201E+01  0.2919715E+02  0.4912571E+02  0.4628845E+02  0.2610299E+02  0.9791793E+01  0.3101385E+01  0.1121878E+01  0.2695707E+00  0.1025811E+00  0.4984688E-01
 0.6200000E+02  0.8517735E+00  0.8564040E+01  0.3003703E+02  0.5069877E+02  0.4799069E+02  0.2703208E+02  0.1008980E+02  0.3194608E+01  0.1144484E+01  0.2743290E+00  0.1034014E+00  0.5019032E-01
 0.6220000E+02  0.8645379E+00  0.8762172E+01  0.3089294E+02  0.5230927E+02  0.4974541E+02  0.2798839E+02  0.1039475E+02  0.3290544E+01  0.1167720E+01  0.2791721E+00  0.1042399E+00  0.5053405E-01
 0.6240000E+02  0.8771367E+00  0.8961414E+01  0.3176461E+02  0.5395707E+02  0.5155321E+02  0.2897204E+02  0.1070657E+02  0.3389264E+01  0.1191606E+01  0.2841028E+00  0.1050972E+00  0.5087811E-01
 0.6260000E+02  0.8895695E+00  0.9161584E+01  0.3265169E+02  0.5564191E+02  0.5341451E+02  0.2998304E+02  0.1102522E+02  0.3490842E+01  0.1216163E+01  0.2891238E+00  0.1059743E+00  0.5122253E-01
 0.6280000E+02  0.9018387E+00  0.9362500E+01  0.3355386E+02  0.5736354E+02  0.5532971E+02  0.3102137E+02  0.1135060E+02  0.3595349E+01  0.1241413E+01  0.2942378E+00  0.1068719E+00  0.5156735E-01
 0.6300000E+02  0.9139486E+00  0.9563964E+01  0.3447068E+02  0.5912147E+02  0.5729901E+02  0.3208685E+02  0.1168260E+02  0.3702862E+01  0.1267377E+01  0.2994478E+00  0.1077907E+00  0.5191260E-01
 0.6320000E+02  0.9259090E+00  0.9765788E+01  0.3540167E+02  0.6091519E+02  0.5932254E+02  0.3317927E+02  0.1202112E+02  0.3813454E+01  0.1294078E+01  0.3047567E+00  0.1087316E+00  0.5225829E-01
 0.6340000E+02  0.9377324E+00  0.9967796E+01  0.3634635E+02  0.6274406E+02  0.6140019E+02  0.3429830E+02  0.1236602E+02  0.3927204E+01  0.1321536E+01  0.3101676E+00  0.1096953E+00  0.5260447E-01
 0.6360000E+02  0.9494350E+00  0.1016980E+02  0.3730413E+02  0.6460730E+02  0.6353174E+02  0.3544349E+02  0.1271715E+02  0.4044189E+01  0.1349777E+01  0.3156834E+00  0.1106826E+00  0.5295115E-01
 0.6380000E+02  0.9610405E+00  0.1037163E+02  0.3827443E+02  0.6650407E+02  0.6571684E+02  0.3661432E+02  0.1307434E+02  0.4164489E+01  0.1378821E+01  0.3213074E+00  0.1116942E+00  0.5329835E-01
 0.6400000E+02  0.9725750E+00  0.1057315E+02  0.3925662E+02  0.6843338E+02  0.6795487E+02  0.3781016E+02  0.1343742E+02  0.4288186E+01  0.1408694E+01  0.3270428E+00  0.1127307E+00  0.5364609E-01
 0.6420000E+02  0.9840712E+00  0.1077418E+02  0.4025000E+02  0.7039417E+02  0.7024510E+02  0.3903028E+02  0.1380622E+02  0.4415360E+01  0.1439419E+01  0.3328929E+00  0.1137928E+00  0.5399437E-01
 0.6440000E+02  0.9955668E+00  0.1097460E+02  0.4125389E+02  0.7238527E+02  0.7258661E+02  0.4027383E+02  0.1418054E+02  0.4546097E+01  0.1471019E+01  0.3388611E+00  0.1148811E+00  0.5434321E-01
 0.6460000E+02  0.1007105E+01  0.1117432E+02  0.4226756E+02  0.7440538E+02  0.7497823E+02  0.4153989E+02  0.1456019E+02  0.4680482E+01  0.1503519E+01  0.3449507E+00  0.1159962E+00  0.5469260E-01
 0.6480000E+02  0.1018735E+01  0.1137327E+02  0.4329023E+02  0.7645312E+02  0.7741870E+02  0.4282744E+02  0.1494498E+02  0.4818604E+01  0.1536945E+01  0.3511651E+00  0.1171383E+00  0.5504253E-01
 0.6500000E+02  0.1030514E+01  0.1157140E+02  0.4432118E+02  0.7852708E+02  0.7990653E+02  0.4413542E+02  0.1533473E+02  0.4960553E+01  0.1571322E+01  0.3575079E+00  0.1183081E+00  0.5539299E-01
 0.6520000E+02  0.1042502E+01  0.1176870E+02  0.4535965E+02  0.8062572E+02  0.8244002E+02  0.4546264E+02  0.1572926E+02  0.5106424E+01  0.1606674E+01  0.3639827E+00  0.1195057E+00  0.5574394E-01
 0.6540000E+02  0.1054769E+01  0.1196521E+02  0.4640494E+02  0.8274757E+02  0.8501743E+02  0.4680794E+02  0.1612840E+02  0.5256312E+01  0.1643029E+01  0.3705930E+00  0.1207315E+00  0.5609536E-01
 0.6560000E+02  0.1067384E+01  0.1216100E+02  0.4745627E+02  0.8489089E+02  0.8763666E+02  0.4817005E+02  0.1653199E+02  0.5410318E+01  0.1680413E+01  0.3773425E+00  0.1219855E+00  0.5644721E-01
 0.6580000E+02  0.1080427E+01  0.1235616E+02  0.4851304E+02  0.8705420E+02  0.9029569E+02  0.4954771E+02  0.1693990E+02  0.5568547E+01  0.1718855E+01  0.3842348E+00  0.1232678E+00  0.5679943E-01
 0.6600000E+02  0.1093979E+01  0.1255087E+02  0.4957457E+02  0.8923581E+02  0.9299215E+02  0.5093964E+02  0.1735202E+02  0.5731108E+01  0.1758381E+01  0.3912738E+00  0.1245784E+00  0.5715195E-01
 0.6620000E+02  0.1108123E+01  0.1274533E+02  0.5064026E+02  0.9143410E+02  0.9572382E+02  0.5234459E+02  0.1776824E+02  0.5898116E+01  0.1799021E+01  0.3984632E+00  0.1259170E+00  0.5750471E-01
 0.6640000E+02  0.1122950E+01  0.1293980E+02  0.5170963E+02  0.9364754E+02  0.9848828E+02  0.5376137E+02  0.1818853E+02  0.6069690E+01  0.1840805E+01  0.4058068E+00  0.1272835E+00  0.5785761E-01
 0.6660000E+02  0.1138548E+01  0.1313459E+02  0.5278221E+02  0.9587457E+02  0.1012831E+03  0.5518884E+02  0.1861285E+02  0.6245957E+01  0.1883765E+01  0.4133088E+00  0.1286774E+00  0.5821056E-01
 0.6680000E+02  0.1155005E+01  0.1333005E+02  0.5385770E+02  0.9811378E+02  0.1041056E+03  0.5662587E+02  0.1904122E+02  0.6427050E+01  0.1927932E+01  0.4209729E+00  0.1300982E+00  0.5856346E-01
 0.6700000E+02  0.1172414E+01  0.1352658E+02  0.5493587E+02  0.1003639E+03  0.1069537E+03  0.5807154E+02  0.1947367E+02  0.6613110E+01  0.1973341E+01  0.4288035E+00  0.1315455E+00  0.5891618E-01
 0.6720000E+02  0.1190859E+01  0.1372464E+02  0.5601649E+02  0.1026236E+03  0.1098249E+03  0.5952499E+02  0.1991029E+02  0.6804285E+01  0.2020026E+01  0.4368047E+00  0.1330185E+00  0.5926860E-01
 0.6740000E+02  0.1210424E+01  0.1392472E+02  0.5709956E+02  0.1048917E+03  0.1127168E+03  0.6098543E+02  0.2035119E+02  0.7000731E+01  0.2068024E+01  0.4449807E+00  0.1345165E+00  0.5962058E-01
 0.6760000E+02  0.1231184E+01  0.1412737E+02  0.5818515E+02  0.1071674E+03  0.1156273E+03  0.6245241E+02  0.2079652E+02  0.7202612E+01  0.2117375E+01  0.4533362E+00  0.1360386E+00  0.5997196E-01
 0.6780000E+02  0.1253210E+01  0.1433316E+02  0.5927340E+02  0.1094499E+03  0.1185544E+03  0.6392544E+02  0.2124650E+02  0.7410105E+01  0.2168117E+01  0.4618755E+00  0.1375840E+00  0.6032260E-01
 0.6800000E+02  0.1276564E+01  0.1454267E+02  0.6036472E+02  0.1117385E+03  0.1214965E+03  0.6540433E+02  0.2170135E+02  0.7623390E+01  0.2220294E+01  0.4706035E+00  0.1391515E+00  0.6067232E-01
 0.6820000E+02  0.1301299E+01  0.1475654E+02  0.6145955E+02  0.1140328E+03  0.1244516E+03  0.6688910E+02  0.2216133E+02  0.7842664E+01  0.2273950E+01  0.4795250E+00  0.1407402E+00  0.6102096E-01
 0.6840000E+02  0.1327457E+01  0.1497541E+02  0.6255855E+02  0.1163328E+03  0.1274186E+03  0.6837990E+02  0.2262674E+02  0.8068126E+01  0.2329132E+01  0.4886451E+00  0.1423490E+00  0.6136832E-01
 0.6860000E+02  0.1355063E+01  0.1519996E+02  0.6366250E+02  0.1186385E+03  0.1303964E+03  0.6987708E+02  0.2309791E+02  0.8299987E+01  0.2385887E+01  0.4979690E+00  0.1439769E+00  0.6171423E-01
 0.6880000E+02  0.1384131E+01  0.1543083E+02  0.6477205E+02  0.1209501E+03  0.1333841E+03  0.7138122E+02  0.2357522E+02  0.8538471E+01  0.2444269E+01  0.5075021E+00  0.1456226E+00  0.6205848E-01
 0.6900000E+02  0.1414659E+01  0.1566868E+02  0.6588820E+02  0.1232679E+03  0.1363815E+03  0.7289318E+02  0.2405906E+02  0.8783807E+01  0.2504328E+01  0.5172502E+00  0.1472850E+00  0.6240088E-01
 0.6920000E+02  0.1446633E+01  0.1591419E+02  0.6701220E+02  0.1255930E+03  0.1393882E+03  0.7441382E+02  0.2454982E+02  0.9036236E+01  0.2566123E+01  0.5272191E+00  0.1489632E+00  0.6274122E-01
 0.6940000E+02  0.1480015E+01  0.1616799E+02  0.6814512E+02  0.1279261E+03  0.1424046E+03  0.7594436E+02  0.2504797E+02  0.9296009E+01  0.2629711E+01  0.5374153E+00  0.1506560E+00  0.6307931E-01
 0.6960000E+02  0.1514756E+01  0.1643072E+02  0.6928829E+02  0.1302685E+03  0.1454314E+03  0.7748613E+02  0.2555396E+02  0.9563381E+01  0.2695153E+01  0.5478452E+00  0.1523624E+00  0.6341492E-01
 0.6980000E+02  0.1550790E+01  0.1670298E+02  0.7044298E+02  0.1326215E+03  0.1484694E+03  0.7904069E+02  0.2606826E+02  0.9838625E+01  0.2762514E+01  0.5585160E+00  0.1540815E+00  0.6374786E-01
 0.7000000E+02  0.1588031E+01  0.1698529E+02  0.7161082E+02  0.1349870E+03  0.1515200E+03  0.8060968E+02  0.2659133E+02  0.1012202E+02  0.2831859E+01  0.5694350E+00  0.1558127E+00  0.6407791E-01
 0.7020000E+02  0.1626382E+01  0.1727820E+02  0.7279324E+02  0.1373667E+03  0.1545847E+03  0.8219494E+02  0.2712372E+02  0.1041384E+02  0.2903260E+01  0.5806106E+00  0.1575552E+00  0.6440486E-01
 0.7040000E+02  0.1665727E+01  0.1758220E+02  0.7399183E+02  0.1397626E+03  0.1576658E+03  0.8379856E+02  0.2766590E+02  0.1071441E+02  0.2976788E+01  0.5920514E+00  0.1593086E+00  0.6472852E-01
 0.7060000E+02  0.1705935E+01  0.1789762E+02  0.7520823E+02  0.1421771E+03  0.1607656E+03  0.8542254E+02  0.2821844E+02  0.1102402E+02  0.3052520E+01  0.6037667E+00  0.1610728E+00  0.6504867E-01
 0.7080000E+02  0.1746865E+01  0.1822488E+02  0.7644419E+02  0.1446126E+03  0.1638865E+03  0.8706910E+02  0.2878182E+02  0.1134299E+02  0.3130536E+01  0.6157669E+00  0.1628477E+00  0.6536512E-01
 0.7100000E+02  0.1788367E+01  0.1856421E+02  0.7770124E+02  0.1470716E+03  0.1670319E+03  0.8874057E+02  0.2935658E+02  0.1167164E+02  0.3210918E+01  0.6280635E+00  0.1646340E+00  0.6567768E-01
 0.7120000E+02  0.1830275E+01  0.1891587E+02  0.7898094E+02  0.1495567E+03  0.1702046E+03  0.9043941E+02  0.2994327E+02  0.1201032E+02  0.3293753E+01  0.6406685E+00  0.1664322E+00  0.6598616E-01
 0.7140000E+02  0.1872421E+01  0.1927998E+02  0.8028500E+02  0.1520708E+03  0.1734087E+03  0.9216823E+02  0.3054238E+02  0.1235937E+02  0.3379130E+01  0.6535953E+00  0.1682437E+00  0.6629040E-01
 0.7160000E+02  0.1914622E+01  0.1965649E+02  0.8161479E+02  0.1546165E+03  0.1766474E+03  0.9392955E+02  0.3115450E+02  0.1271915E+02  0.3467143E+01  0.6668580E+00  0.1700701E+00  0.6659021E-01
 0.7180000E+02  0.1956693E+01  0.2004534E+02  0.8297207E+02  0.1571972E+03  0.1799251E+03  0.9572593E+02  0.3178010E+02  0.1309004E+02  0.3557885E+01  0.6804718E+00  0.1719137E+00  0.6688544E-01
 0.7200000E+02  0.1998448E+01  0.2044631E+02  0.8435791E+02  0.1598151E+03  0.1832453E+03  0.9755988E+02  0.3241975E+02  0.1347239E+02  0.3651452E+01  0.6944522E+00  0.1737773E+00  0.6717592E-01
 0.7220000E+02  0.2039692E+01  0.2085905E+02  0.8577343E+02  0.1624731E+03  0.1866122E+03  0.9943402E+02  0.3307392E+02  0.1386661E+02  0.3747938E+01  0.7088144E+00  0.1756645E+00  0.6746148E-01
 0.7240000E+02  0.2080231E+01  0.2128309E+02  0.8721977E+02  0.1651738E+03  0.1900298E+03  0.1013512E+03  0.3374314E+02  0.1427308E+02  0.3847433E+01  0.7235726E+00  0.1775792E+00  0.6774196E-01
 0.7260000E+02  0.2119862E+01  0.2171786E+02  0.8869773E+02  0.1679195E+03  0.1935017E+03  0.1033135E+03  0.3442785E+02  0.1469217E+02  0.3950014E+01  0.7387377E+00  0.1795260E+00  0.6801716E-01
 0.7280000E+02  0.2158381E+01  0.2216251E+02  0.9020745E+02  0.1707122E+03  0.1970320E+03  0.1053234E+03  0.3512848E+02  0.1512427E+02  0.4055741E+01  0.7543148E+00  0.1815101E+00  0.6828683E-01
 0.7300000E+02  0.2195578E+01  0.2261600E+02  0.9174939E+02  0.1735537E+03  0.2006238E+03  0.1073832E+03  0.3584546E+02  0.1556973E+02  0.4164643E+01  0.7702993E+00  0.1835365E+00  0.6855070E-01
 0.7320000E+02  0.2231229E+01  0.2307711E+02  0.9332245E+02  0.1764443E+03  0.2042798E+03  0.1094947E+03  0.3657906E+02  0.1602886E+02  0.4276699E+01  0.7866703E+00  0.1856103E+00  0.6880838E-01
 0.7340000E+02  0.2265105E+01  0.2354432E+02  0.9492590E+02  0.1793844E+03  0.2080020E+03  0.1116594E+03  0.3732941E+02  0.1650190E+02  0.4391816E+01  0.8033821E+00  0.1877358E+00  0.6905933E-01
 0.7360000E+02  0.2296948E+01  0.2401577E+02  0.9655769E+02  0.1823733E+03  0.2117919E+03  0.1138785E+03  0.3809665E+02  0.1698897E+02  0.4509786E+01  0.8203514E+00  0.1899153E+00  0.6930289E-01
 0.7380000E+02  0.2326487E+01  0.2448935E+02  0.9821514E+02  0.1854083E+03  0.2156484E+03  0.1161523E+03  0.3888059E+02  0.1749008E+02  0.4630242E+01  0.8374390E+00  0.1921482E+00  0.6953810E-01
 0.7400000E+02  0.2353428E+01  0.2496248E+02  0.9989439E+02  0.1884859E+03  0.2195699E+03  0.1184801E+03  0.3968075E+02  0.1800497E+02  0.4752585E+01  0.8544263E+00  0.1944290E+00  0.6976377E-01
 0.7420000E+02  0.2377455E+01  0.2543232E+02  0.1015908E+03  0.1916011E+03  0.2235531E+03  0.1208607E+03  0.4049637E+02  0.1853305E+02  0.4875904E+01  0.8709842E+00  0.1967446E+00  0.6997835E-01
 0.7440000E+02  0.2398256E+01  0.2589569E+02  0.1032988E+03  0.1947471E+03  0.2275924E+03  0.1232916E+03  0.4132619E+02  0.1907330E+02  0.4998878E+01  0.8866377E+00  0.1990715E+00  0.7017998E-01
 0.7460000E+02  0.2415540E+01  0.2634925E+02  0.1050120E+03  0.1979164E+03  0.2316811E+03  0.1257690E+03  0.4216835E+02  0.1962411E+02  0.5119684E+01  0.9007309E+00  0.2013722E+00  0.7036655E-01
 0.7480000E+02  0.2429078E+01  0.2679012E+02  0.1067251E+03  0.2011027E+03  0.2358133E+03  0.1282889E+03  0.4302044E+02  0.2018318E+02  0.5235951E+01  0.9124088E+00  0.2035920E+00  0.7053593E-01
 0.7500000E+02  0.2438816E+01  0.2721640E+02  0.1084354E+03  0.2043022E+03  0.2399845E+03  0.1308469E+03  0.4387949E+02  0.2074737E+02  0.5344835E+01  0.9206450E+00  0.2056594E+00  0.7068643E-01
 0.7520000E+02  0.2444982E+01  0.2762813E+02  0.1101449E+03  0.2075196E+03  0.2441988E+03  0.1334416E+03  0.4474224E+02  0.2131287E+02  0.5443288E+01  0.9243503E+00  0.2074914E+00  0.7081754E-01
 0.7540000E+02  0.2448238E+01  0.2802880E+02  0.1118660E+03  0.2107732E+03  0.2484727E+03  0.1360758E+03  0.4560554E+02  0.2187535E+02  0.5528597E+01  0.9225996E+00  0.2090113E+00  0.7093093E-01
 0.7560000E+02  0.2449815E+01  0.2842665E+02  0.1136227E+03  0.2141005E+03  0.2528436E+03  0.1387604E+03  0.4646720E+02  0.2243041E+02  0.5599121E+01  0.9149640E+00  0.2101794E+00  0.7103172E-01
 0.7580000E+02  0.2451657E+01  0.2883625E+02  0.1154593E+03  0.2175677E+03  0.2573771E+03  0.1415176E+03  0.4732619E+02  0.2297411E+02  0.5654943E+01  0.9018449E+00  0.2110357E+00  0.7112943E-01
 0.7600000E+02  0.2456444E+01  0.2927924E+02  0.1174392E+03  0.2212709E+03  0.2621707E+03  0.1443837E+03  0.4818369E+02  0.2350273E+02  0.5697897E+01  0.8846104E+00  0.2117357E+00  0.7123842E-01
 0.7620000E+02  0.2467657E+01  0.2978535E+02  0.1196497E+03  0.2253410E+03  0.2673568E+03  0.1474064E+03  0.4904079E+02  0.2401118E+02  0.5730450E+01  0.8653495E+00  0.2125578E+00  0.7137743E-01
 0.7640000E+02  0.2489701E+01  0.3039359E+02  0.1222036E+03  0.2299439E+03  0.2730994E+03  0.1506405E+03  0.4989528E+02  0.2448856E+02  0.5753089E+01  0.8462116E+00  0.2138653E+00  0.7156841E-01
 0.7660000E+02  0.2528578E+01  0.3115736E+02  0.1252508E+03  0.2352923E+03  0.2795970E+03  0.1541389E+03  0.5073489E+02  0.2490969E+02  0.5760059E+01  0.8285184E+00  0.2160314E+00  0.7183580E-01
 0.7680000E+02  0.2593632E+01  0.3215779E+02  0.1290101E+03  0.2416802E+03  0.2871004E+03  0.1579419E+03  0.5152411E+02  0.2521977E+02  0.5732668E+01  0.8118715E+00  0.2193606E+00  0.7220781E-01
 0.7700000E+02  0.2702293E+01  0.3353906E+02  0.1338503E+03  0.2495723E+03  0.2959581E+03  0.1620503E+03  0.5217920E+02  0.2530575E+02  0.5627299E+01  0.7932670E+00  0.2240245E+00  0.7272194E-01
 0.7720000E+02  0.2893444E+01  0.3560029E+02  0.1404890E+03  0.2598070E+03  0.3066958E+03  0.1663439E+03  0.5250296E+02  0.2493697E+02  0.5350555E+01  0.7658394E+00  0.2299665E+00  0.7343780E-01
 0.7740000E+02  0.3274168E+01  0.3907776E+02  0.1505279E+03  0.2740393E+03  0.3200015E+03  0.1702076E+03  0.5199004E+02  0.2363723E+02  0.4705838E+01  0.7162214E+00  0.2365099E+00  0.7445964E-01
 0.7760000E+02  0.4263469E+01  0.4623952E+02  0.1680062E+03  0.2952972E+03  0.3351344E+03  0.1705025E+03  0.4908754E+02  0.2039116E+02  0.3291608E+01  0.6172478E+00  0.2403365E+00  0.7593767E-01
 0.7780000E+02  0.7706263E+01  0.6038888E+02  0.1917572E+03  0.3104414E+03  0.3246956E+03  0.1486225E+03  0.3847117E+02  0.1339327E+02  0.7898592E+00  0.4215486E+00  0.2261150E+00  0.7707277E-01
 0.7800000E+02  0.3416452E+01  0.3514786E+02  0.1249176E+03  0.2080908E+03  0.2091884E+03  0.9025937E+02  0.2220968E+02  0.6280302E+01  0.6531259E-02  0.3091439E+00  0.2075206E+00  0.7274907E-01
 0.7820000E+02  0.1207030E+11  0.1963841E+06  0.1200067E+08  0.5503656E+10  0.2274323E+08  0.5477820E+05  0.3105335E+10  0.2832937E+15  0.8257449E+17  0.7169950E+14  0.8046711E+18
 0.7840000E+02  0.1869766+181  0.1231738+151
 0.7860000E+02  0.1358111+278
