 0.8226497E+00 -0.5188862E+00  0.1718458E+01  0.1811122E+00
 0.9276225E+00 -0.3598372E+00  0.1326989E+01  0.1481820E+00
 0.1032595E+01 -0.2374410E+00  0.1017096E+01  0.1152482E+00
 0.1137568E+01 -0.1440237E+00  0.7724331E+00  0.8231567E-01
 0.1242541E+01 -0.7345217E-01  0.5798680E+00  0.4938360E-01
 0.1347514E+01 -0.2083134E-01  0.4288571E+00  0.1645078E-01
 0.1452486E+01  0.1774050E-01  0.3109397E+00 -0.1648188E-01
 0.1557459E+01  0.4536811E-01  0.2193321E+00 -0.4941471E-01
 0.1662432E+01  0.6451746E-01  0.1485990E+00 -0.8234708E-01
 0.1767405E+01  0.7714299E-01  0.9439015E-01 -0.1152797E+00
 0.1872377E+01  0.8478991E-01  0.5322674E-01 -0.1482136E+00
 0.1977350E+01  0.8867632E-01  0.2233048E-01 -0.1811432E+00
