 0.20000E+00  0.10000E+01  0.18567E-18
 0.40000E+00  0.10000E+01  0.88457E-18
 0.60000E+00  0.10000E+01  0.55046E-19
 0.80000E+00  0.10000E+01 -0.11742E-19
 0.10000E+01  0.10000E+01  0.89899E-18
 0.12000E+01  0.10000E+01  0.19752E-17
 0.14000E+01  0.10000E+01  0.17199E-17
 0.16000E+01  0.10000E+01  0.17769E-17
 0.18000E+01  0.10000E+01 -0.46484E-18
 0.20000E+01  0.10000E+01  0.11558E-17
 0.22000E+01  0.10000E+01  0.40334E-17
 0.24000E+01  0.10000E+01 -0.35064E-18
 0.26000E+01  0.10000E+01 -0.25499E-17
 0.28000E+01  0.10000E+01  0.40113E-17
 0.30000E+01  0.10000E+01  0.52494E-17
 0.32000E+01  0.10000E+01  0.64854E-18
 0.34000E+01  0.10000E+01 -0.10857E-17
 0.36000E+01  0.10001E+01  0.20210E-17
 0.38000E+01  0.10001E+01 -0.49313E-17
 0.40000E+01  0.10001E+01 -0.28869E-17
 0.42000E+01  0.10001E+01 -0.27280E-17
 0.44000E+01  0.10001E+01 -0.56607E-17
 0.46000E+01  0.10001E+01  0.43501E-17
 0.48000E+01  0.10001E+01  0.38116E-17
 0.50000E+01  0.10001E+01 -0.91743E-18
 0.52000E+01  0.10001E+01  0.34057E-17
 0.54000E+01  0.10001E+01  0.50257E-17
 0.56000E+01  0.10001E+01  0.23937E-17
 0.58000E+01  0.10001E+01 -0.22523E-17
 0.60000E+01  0.10001E+01 -0.43269E-17
 0.62000E+01  0.10002E+01 -0.46250E-18
 0.64000E+01  0.10002E+01 -0.52531E-17
 0.66000E+01  0.10002E+01 -0.78664E-18
 0.68000E+01  0.10002E+01 -0.11695E-16
 0.70000E+01  0.10002E+01  0.73737E-17
 0.72000E+01  0.10002E+01 -0.10577E-17
 0.74000E+01  0.10002E+01 -0.28122E-17
 0.76000E+01  0.10002E+01 -0.38428E-17
 0.78000E+01  0.10002E+01 -0.63499E-17
 0.80000E+01  0.10003E+01 -0.64043E-17
 0.82000E+01  0.10003E+01  0.10181E-16
 0.84000E+01  0.10003E+01  0.58059E-17
 0.86000E+01  0.10003E+01  0.14067E-16
 0.88000E+01  0.10003E+01 -0.10331E-17
 0.90000E+01  0.10003E+01  0.57241E-17
 0.92000E+01  0.10003E+01  0.11763E-16
 0.94000E+01  0.10003E+01  0.99773E-18
 0.96000E+01  0.10004E+01 -0.43806E-17
 0.98000E+01  0.10004E+01 -0.23587E-17
 0.10000E+02  0.10004E+01 -0.79045E-17
 0.10200E+02  0.10004E+01 -0.97324E-17
 0.10400E+02  0.10004E+01  0.99799E-17
 0.10600E+02  0.10004E+01 -0.68221E-17
 0.10800E+02  0.10005E+01  0.17174E-17
 0.11000E+02  0.10005E+01  0.95192E-17
 0.11200E+02  0.10005E+01  0.29928E-17
 0.11400E+02  0.10005E+01 -0.22721E-16
 0.11600E+02  0.10005E+01  0.22026E-17
 0.11800E+02  0.10005E+01 -0.50471E-17
 0.12000E+02  0.10006E+01 -0.25199E-19
 0.12200E+02  0.10006E+01  0.19832E-16
 0.12400E+02  0.10006E+01  0.46513E-18
 0.12600E+02  0.10006E+01  0.14932E-16
 0.12800E+02  0.10006E+01 -0.20266E-17
 0.13000E+02  0.10007E+01 -0.21300E-17
 0.13200E+02  0.10007E+01  0.25817E-16
 0.13400E+02  0.10007E+01 -0.12726E-16
 0.13600E+02  0.10007E+01  0.29791E-16
 0.13800E+02  0.10007E+01  0.16662E-16
 0.14000E+02  0.10008E+01  0.22594E-16
 0.14200E+02  0.10008E+01  0.64506E-17
 0.14400E+02  0.10008E+01 -0.76309E-17
 0.14600E+02  0.10008E+01 -0.14769E-16
 0.14800E+02  0.10008E+01  0.65685E-17
 0.15000E+02  0.10009E+01  0.70166E-17
 0.15200E+02  0.10009E+01 -0.98319E-17
 0.15400E+02  0.10009E+01  0.20006E-16
 0.15600E+02  0.10009E+01 -0.23910E-17
 0.15800E+02  0.10010E+01 -0.19631E-16
 0.16000E+02  0.10010E+01  0.28134E-16
 0.16200E+02  0.10010E+01 -0.10348E-16
 0.16400E+02  0.10010E+01 -0.12825E-16
 0.16600E+02  0.10011E+01  0.35711E-17
 0.16800E+02  0.10011E+01  0.15431E-16
 0.17000E+02  0.10011E+01 -0.63794E-17
 0.17200E+02  0.10011E+01  0.10207E-16
 0.17400E+02  0.10012E+01 -0.49043E-18
 0.17600E+02  0.10012E+01 -0.39811E-18
 0.17800E+02  0.10012E+01  0.10669E-16
 0.18000E+02  0.10013E+01  0.23878E-16
 0.18200E+02  0.10013E+01 -0.29985E-18
 0.18400E+02  0.10013E+01  0.56599E-17
 0.18600E+02  0.10013E+01 -0.15660E-16
 0.18800E+02  0.10014E+01 -0.31078E-17
 0.19000E+02  0.10014E+01  0.12299E-17
 0.19200E+02  0.10014E+01  0.12069E-16
 0.19400E+02  0.10014E+01 -0.17296E-16
 0.19600E+02  0.10015E+01 -0.12130E-17
 0.19800E+02  0.10015E+01 -0.13061E-16
 0.20000E+02  0.10015E+01  0.21250E-16
 0.20200E+02  0.10016E+01 -0.91412E-17
 0.20400E+02  0.10016E+01 -0.19206E-16
 0.20600E+02  0.10016E+01  0.15018E-16
 0.20800E+02  0.10017E+01  0.12272E-16
 0.21000E+02  0.10017E+01 -0.10341E-16
 0.21200E+02  0.10017E+01  0.29326E-16
 0.21400E+02  0.10018E+01 -0.17567E-17
 0.21600E+02  0.10018E+01 -0.17867E-16
 0.21800E+02  0.10018E+01 -0.17452E-16
 0.22000E+02  0.10019E+01  0.65730E-17
 0.22200E+02  0.10019E+01  0.51025E-17
 0.22400E+02  0.10019E+01  0.23880E-16
 0.22600E+02  0.10020E+01 -0.96257E-17
 0.22800E+02  0.10020E+01 -0.53261E-17
 0.23000E+02  0.10020E+01 -0.14359E-16
 0.23200E+02  0.10021E+01 -0.88058E-17
 0.23400E+02  0.10021E+01 -0.14379E-16
 0.23600E+02  0.10021E+01 -0.57903E-17
 0.23800E+02  0.10022E+01 -0.11794E-16
 0.24000E+02  0.10022E+01 -0.27241E-17
 0.24200E+02  0.10022E+01 -0.11523E-16
 0.24400E+02  0.10023E+01 -0.17503E-16
 0.24600E+02  0.10023E+01  0.52618E-17
 0.24800E+02  0.10023E+01 -0.11262E-16
 0.25000E+02  0.10024E+01 -0.28596E-17
 0.25200E+02  0.10024E+01 -0.72980E-17
 0.25400E+02  0.10025E+01  0.53058E-17
 0.25600E+02  0.10025E+01  0.19251E-16
 0.25800E+02  0.10025E+01 -0.34152E-16
 0.26000E+02  0.10026E+01  0.21725E-16
 0.26200E+02  0.10026E+01 -0.15199E-16
 0.26400E+02  0.10027E+01  0.86736E-18
 0.26600E+02  0.10027E+01  0.59292E-17
 0.26800E+02  0.10027E+01  0.84771E-17
 0.27000E+02  0.10028E+01 -0.70812E-17
 0.27200E+02  0.10028E+01  0.19712E-16
 0.27400E+02  0.10028E+01 -0.12651E-16
 0.27600E+02  0.10029E+01  0.14610E-16
 0.27800E+02  0.10029E+01  0.15423E-16
 0.28000E+02  0.10030E+01 -0.31008E-16
 0.28200E+02  0.10030E+01 -0.67763E-19
 0.28400E+02  0.10031E+01 -0.28203E-16
 0.28600E+02  0.10031E+01  0.50456E-16
 0.28800E+02  0.10031E+01  0.43205E-16
 0.29000E+02  0.10032E+01 -0.32296E-16
 0.29200E+02  0.10032E+01  0.16263E-17
 0.29400E+02  0.10033E+01  0.24245E-16
 0.29600E+02  0.10033E+01  0.20884E-16
 0.29800E+02  0.10033E+01  0.43029E-16
 0.30000E+02  0.10034E+01  0.16588E-16
 0.30200E+02  0.10034E+01  0.88227E-17
 0.30400E+02  0.10035E+01  0.11316E-16
 0.30600E+02  0.10035E+01  0.19760E-16
 0.30800E+02  0.10036E+01 -0.21399E-16
 0.31000E+02  0.10036E+01 -0.14962E-16
 0.31200E+02  0.10036E+01 -0.30602E-16
 0.31400E+02  0.10037E+01  0.16046E-16
 0.31600E+02  0.10037E+01 -0.23121E-16
 0.31800E+02  0.10038E+01  0.40441E-16
 0.32000E+02  0.10038E+01  0.40007E-16
 0.32200E+02  0.10039E+01  0.45265E-17
 0.32400E+02  0.10039E+01  0.23663E-16
 0.32600E+02  0.10040E+01  0.78605E-18
 0.32800E+02  0.10040E+01  0.43910E-17
 0.33000E+02  0.10041E+01  0.31361E-16
 0.33200E+02  0.10041E+01  0.16914E-16
 0.33400E+02  0.10041E+01  0.45564E-16
 0.33600E+02  0.10042E+01 -0.25614E-16
 0.33800E+02  0.10042E+01 -0.55565E-17
 0.34000E+02  0.10043E+01 -0.68630E-16
 0.34200E+02  0.10043E+01  0.60797E-16
 0.34400E+02  0.10044E+01 -0.30276E-16
 0.34600E+02  0.10044E+01  0.29599E-16
 0.34800E+02  0.10045E+01 -0.98581E-16
 0.35000E+02  0.10045E+01  0.34667E-16
 0.35200E+02  0.10046E+01 -0.67221E-17
 0.35400E+02  0.10046E+01 -0.42175E-16
 0.35600E+02  0.10047E+01 -0.74810E-16
 0.35800E+02  0.10047E+01  0.16914E-16
 0.36000E+02  0.10047E+01 -0.87820E-17
 0.36200E+02  0.10048E+01  0.17727E-16
 0.36400E+02  0.10048E+01 -0.14962E-16
 0.36600E+02  0.10049E+01 -0.25641E-16
 0.36800E+02  0.10049E+01  0.20004E-16
 0.37000E+02  0.10050E+01 -0.12902E-15
 0.37200E+02  0.10050E+01 -0.83484E-17
 0.37400E+02  0.10051E+01  0.26400E-16
 0.37600E+02  0.10051E+01 -0.35833E-16
 0.37800E+02  0.10052E+01  0.49982E-16
 0.38000E+02  0.10052E+01  0.91724E-16
 0.38200E+02  0.10053E+01  0.16805E-17
 0.38400E+02  0.10053E+01  0.16914E-16
 0.38600E+02  0.10054E+01  0.21576E-16
 0.38800E+02  0.10054E+01  0.50958E-17
 0.39000E+02  0.10054E+01  0.83700E-16
 0.39200E+02  0.10055E+01 -0.66191E-16
 0.39400E+02  0.10055E+01 -0.10473E-15
 0.39600E+02  0.10056E+01  0.20275E-16
 0.39800E+02  0.10056E+01  0.48681E-16
 0.40000E+02  0.10057E+01 -0.52475E-16
 0.40200E+02  0.10057E+01  0.72642E-16
 0.40400E+02  0.10058E+01 -0.13477E-15
 0.40600E+02  0.10058E+01 -0.16100E-15
 0.40800E+02  0.10058E+01  0.22649E-15
 0.41000E+02  0.10059E+01 -0.85327E-16
 0.41200E+02  0.10059E+01 -0.22768E-17
 0.41400E+02  0.10060E+01  0.32526E-16
 0.41600E+02  0.10060E+01 -0.52150E-16
 0.41800E+02  0.10060E+01  0.20275E-15
 0.42000E+02  0.10061E+01 -0.53668E-16
 0.42200E+02  0.10061E+01 -0.12100E-15
 0.42400E+02  0.10062E+01  0.15005E-15
 0.42600E+02  0.10062E+01 -0.53885E-16
 0.42800E+02  0.10062E+01 -0.10560E-15
 0.43000E+02  0.10063E+01 -0.63534E-16
 0.43200E+02  0.10063E+01  0.13563E-15
 0.43400E+02  0.10063E+01  0.10809E-15
 0.43600E+02  0.10063E+01 -0.28070E-15
 0.43800E+02  0.10064E+01  0.33036E-15
 0.44000E+02  0.10064E+01 -0.57886E-15
 0.44200E+02  0.10064E+01 -0.17499E-15
 0.44400E+02  0.10064E+01  0.15613E-16
 0.44600E+02  0.10065E+01  0.45851E-15
 0.44800E+02  0.10065E+01 -0.34554E-15
 0.45000E+02  0.10065E+01 -0.23809E-15
 0.45200E+02  0.10065E+01 -0.68728E-15
 0.45400E+02  0.10065E+01 -0.91344E-15
 0.45600E+02  0.10065E+01  0.98240E-15
 0.45800E+02  0.10065E+01  0.64185E-16
 0.46000E+02  0.10065E+01  0.14412E-14
 0.46200E+02  0.10065E+01  0.10285E-14
 0.46400E+02  0.10065E+01 -0.93350E-15
 0.46600E+02  0.10065E+01  0.12555E-15
 0.46800E+02  0.10065E+01  0.22406E-14
 0.47000E+02  0.10065E+01 -0.96125E-15
 0.47200E+02  0.10064E+01 -0.38971E-14
 0.47400E+02  0.10064E+01  0.13342E-14
 0.47600E+02  0.10064E+01 -0.37516E-14
 0.47800E+02  0.10063E+01  0.15001E-14
 0.48000E+02  0.10063E+01  0.38424E-15
 0.48200E+02  0.10063E+01  0.16924E-14
 0.48400E+02  0.10062E+01 -0.28762E-14
 0.48600E+02  0.10062E+01 -0.44506E-14
 0.48800E+02  0.10061E+01  0.46664E-15
 0.49000E+02  0.10060E+01 -0.34955E-14
 0.49200E+02  0.10059E+01 -0.17870E-14
 0.49400E+02  0.10059E+01 -0.91680E-15
 0.49600E+02  0.10058E+01 -0.11998E-14
 0.49800E+02  0.10057E+01  0.27341E-14
 0.50000E+02  0.10056E+01 -0.33801E-14
 0.50200E+02  0.10055E+01 -0.29469E-14
 0.50400E+02  0.10054E+01 -0.26622E-14
 0.50600E+02  0.10053E+01  0.43748E-14
 0.50800E+02  0.10051E+01 -0.72670E-14
 0.51000E+02  0.10050E+01  0.38218E-14
 0.51200E+02  0.10049E+01  0.11645E-13
 0.51400E+02  0.10047E+01  0.62936E-14
 0.51600E+02  0.10046E+01 -0.11555E-13
 0.51800E+02  0.10044E+01 -0.25352E-13
 0.52000E+02  0.10043E+01 -0.99647E-14
 0.52200E+02  0.10041E+01 -0.66386E-14
 0.52400E+02  0.10040E+01 -0.19199E-14
 0.52600E+02  0.10038E+01 -0.79632E-14
 0.52800E+02  0.10036E+01  0.91661E-14
 0.53000E+02  0.10035E+01  0.21801E-14
 0.53200E+02  0.10033E+01 -0.26813E-13
 0.53400E+02  0.10031E+01 -0.18152E-14
 0.53600E+02  0.10029E+01 -0.13778E-13
 0.53800E+02  0.10028E+01  0.47933E-13
 0.54000E+02  0.10026E+01  0.49153E-14
 0.54200E+02  0.10025E+01 -0.28266E-13
 0.54400E+02  0.10023E+01  0.25032E-14
 0.54600E+02  0.10022E+01  0.27693E-13
 0.54800E+02  0.10021E+01 -0.19856E-13
 0.55000E+02  0.10020E+01 -0.26662E-13
 0.55200E+02  0.10019E+01 -0.24126E-14
 0.55400E+02  0.10018E+01  0.10209E-13
 0.55600E+02  0.10018E+01 -0.90826E-14
 0.55800E+02  0.10018E+01  0.57341E-13
 0.56000E+02  0.10018E+01  0.88992E-13
 0.56200E+02  0.10018E+01  0.10494E-13
 0.56400E+02  0.10019E+01  0.56240E-13
 0.56600E+02  0.10020E+01 -0.46538E-14
 0.56800E+02  0.10021E+01  0.49124E-13
 0.57000E+02  0.10024E+01  0.27525E-13
 0.57200E+02  0.10026E+01 -0.89234E-14
 0.57400E+02  0.10029E+01 -0.49857E-13
 0.57600E+02  0.10033E+01  0.17643E-13
 0.57800E+02  0.10038E+01 -0.58867E-13
 0.58000E+02  0.10043E+01 -0.19867E-12
 0.58200E+02  0.10049E+01 -0.92978E-13
 0.58400E+02  0.10056E+01 -0.95532E-13
 0.58600E+02  0.10064E+01 -0.29216E-13
 0.58800E+02  0.10073E+01 -0.10047E-12
 0.59000E+02  0.10083E+01 -0.20944E-13
 0.59200E+02  0.10094E+01 -0.13813E-12
 0.59400E+02  0.10107E+01  0.28362E-12
 0.59600E+02  0.10120E+01  0.12634E-12
 0.59800E+02  0.10136E+01 -0.68036E-13
 0.60000E+02  0.10152E+01 -0.10538E-12
 0.60200E+02  0.10170E+01  0.18011E-12
 0.60400E+02  0.10190E+01  0.44852E-13
 0.60600E+02  0.10211E+01  0.15511E-12
 0.60800E+02  0.10235E+01 -0.11509E-12
 0.61000E+02  0.10260E+01 -0.52496E-12
 0.61200E+02  0.10287E+01 -0.95420E-13
 0.61400E+02  0.10316E+01  0.18425E-13
 0.61600E+02  0.10347E+01 -0.66604E-13
 0.61800E+02  0.10380E+01 -0.22670E-12
 0.62000E+02  0.10416E+01  0.21018E-12
 0.62200E+02  0.10454E+01  0.30656E-12
 0.62400E+02  0.10494E+01 -0.43800E-13
 0.62600E+02  0.10536E+01  0.55615E-12
 0.62800E+02  0.10581E+01 -0.70082E-12
 0.63000E+02  0.10629E+01 -0.14823E-11
 0.63200E+02  0.10678E+01 -0.13277E-11
 0.63400E+02  0.10731E+01 -0.38134E-13
 0.63600E+02  0.10785E+01  0.69678E-12
 0.63800E+02  0.10843E+01  0.96857E-12
 0.64000E+02  0.10902E+01  0.13833E-11
 0.64200E+02  0.10964E+01  0.20738E-12
 0.64400E+02  0.11028E+01 -0.12073E-11
 0.64600E+02  0.11094E+01 -0.18529E-12
 0.64800E+02  0.11163E+01  0.51111E-12
 0.65000E+02  0.11233E+01 -0.15046E-11
 0.65200E+02  0.11305E+01 -0.94250E-12
 0.65400E+02  0.11378E+01 -0.80127E-14
 0.65600E+02  0.11453E+01  0.16119E-11
 0.65800E+02  0.11529E+01 -0.10218E-11
 0.66000E+02  0.11605E+01 -0.84838E-12
 0.66200E+02  0.11683E+01  0.43471E-12
 0.66400E+02  0.11760E+01  0.86804E-12
 0.66600E+02  0.11838E+01  0.22643E-11
 0.66800E+02  0.11915E+01  0.32438E-12
 0.67000E+02  0.11992E+01 -0.27738E-11
 0.67200E+02  0.12067E+01 -0.53674E-12
 0.67400E+02  0.12142E+01  0.35601E-11
 0.67600E+02  0.12214E+01 -0.17756E-11
 0.67800E+02  0.12285E+01 -0.16960E-12
 0.68000E+02  0.12353E+01 -0.31642E-11
 0.68200E+02  0.12418E+01  0.11834E-11
 0.68400E+02  0.12480E+01  0.53526E-12
 0.68600E+02  0.12539E+01 -0.12205E-11
 0.68800E+02  0.12594E+01 -0.15048E-11
 0.69000E+02  0.12644E+01  0.18986E-11
 0.69200E+02  0.12690E+01 -0.13704E-11
 0.69400E+02  0.12731E+01  0.25801E-11
 0.69600E+02  0.12767E+01  0.29938E-11
 0.69800E+02  0.12797E+01  0.39470E-11
 0.70000E+02  0.12822E+01 -0.40928E-11
 0.70200E+02  0.12841E+01 -0.38648E-11
 0.70400E+02  0.12854E+01  0.51886E-11
 0.70600E+02  0.12861E+01  0.31400E-12
 0.70800E+02  0.12862E+01  0.84228E-11
 0.71000E+02  0.12856E+01 -0.59648E-11
 0.71200E+02  0.12844E+01  0.14525E-11
 0.71400E+02  0.12825E+01  0.41777E-11
 0.71600E+02  0.12799E+01 -0.22855E-11
 0.71800E+02  0.12768E+01 -0.76508E-11
 0.72000E+02  0.12729E+01 -0.52914E-11
 0.72200E+02  0.12685E+01  0.13769E-11
 0.72400E+02  0.12634E+01  0.10179E-10
 0.72600E+02  0.12577E+01  0.37764E-11
 0.72800E+02  0.12514E+01 -0.55887E-11
 0.73000E+02  0.12446E+01 -0.57794E-11
 0.73200E+02  0.12372E+01 -0.25451E-11
 0.73400E+02  0.12294E+01  0.25179E-11
 0.73600E+02  0.12210E+01  0.33028E-11
 0.73800E+02  0.12122E+01 -0.11490E-11
 0.74000E+02  0.12031E+01  0.11024E-10
 0.74200E+02  0.11936E+01 -0.10691E-10
 0.74400E+02  0.11837E+01  0.90495E-11
 0.74600E+02  0.11737E+01  0.47061E-11
 0.74800E+02  0.11634E+01  0.10350E-10
 0.75000E+02  0.11531E+01 -0.71706E-11
 0.75200E+02  0.11427E+01  0.51924E-11
 0.75400E+02  0.11323E+01 -0.80521E-11
 0.75600E+02  0.11219E+01  0.10288E-10
 0.75800E+02  0.11117E+01  0.15701E-11
 0.76000E+02  0.11017E+01 -0.14866E-10
 0.76200E+02  0.10919E+01  0.10924E-10
 0.76400E+02  0.10823E+01  0.13506E-11
 0.76600E+02  0.10728E+01  0.15747E-10
 0.76800E+02  0.10635E+01 -0.56239E-11
 0.77000E+02  0.10541E+01 -0.27498E-10
 0.77200E+02  0.10452E+01 -0.93822E-12
 0.77400E+02  0.10412E+01 -0.25402E-10
 0.77600E+02  0.10647E+01 -0.16037E-11
 0.77800E+02  0.10247E+01 -0.10579E-10
 0.78000E+02  0.10257E+01  0.90140E-11
 0.78200E+02  0.65431E+36 -0.34247-194
 0.78400E+02    +Infinity          NaN
 0.78600E+02    +Infinity          NaN
