 0.2000000E+00  0.6755340E-01  0.4233038E-01  0.2443831E-01  0.1234157E-01  0.4813812E-02  0.8762209E-03 -0.2517359E-03  0.8092460E-03  0.3565765E-02  0.7627051E-02  0.1268430E-01  0.1849284E-01
 0.4000000E+00  0.1350981E+00  0.8465695E-01  0.4887540E-01  0.2468312E-01  0.9628013E-02  0.1752757E-02 -0.5034837E-03  0.1617977E-02  0.7130423E-02  0.1525232E-01  0.2536610E-01  0.3698239E-01
 0.6000000E+00  0.2026253E+00  0.1269758E+00  0.7331002E-01  0.3702464E-01  0.1444300E-01  0.2629951E-02 -0.7552742E-03  0.2425689E-02  0.1069283E-01  0.2287402E-01  0.3804287E-01  0.5546544E-01
 0.8000000E+00  0.2701264E+00  0.1692833E+00  0.9774092E-01  0.4936612E-01  0.1925918E-01  0.3508123E-02 -0.1007109E-02  0.3231826E-02  0.1425188E-01  0.3049038E-01  0.5071216E-01  0.7393878E-01
 0.1000000E+01  0.3375926E+00  0.2115754E+00  0.1221669E+00  0.6170755E-01  0.2407694E-01  0.4387610E-02 -0.1259003E-02  0.4035880E-02  0.1780644E-01  0.3809960E-01  0.6337148E-01  0.9239920E-01
 0.1200000E+01  0.4050153E+00  0.2538483E+00  0.1465867E+00  0.7404894E-01  0.2889668E-01  0.5268731E-02 -0.1510981E-02  0.4837323E-02  0.2135539E-01  0.4569991E-01  0.7601835E-01  0.1108435E+00
 0.1400000E+01  0.4723857E+00  0.2960984E+00  0.1709991E+00  0.8639024E-01  0.3371880E-01  0.6151824E-02 -0.1763044E-02  0.5635642E-02  0.2489759E-01  0.5328952E-01  0.8865029E-01  0.1292685E+00
 0.1600000E+01  0.5396953E+00  0.3383217E+00  0.1954029E+00  0.9873149E-01  0.3854368E-01  0.7037205E-02 -0.2015231E-02  0.6430319E-02  0.2843196E-01  0.6086665E-01  0.1012648E+00  0.1476711E+00
 0.1800000E+01  0.6069354E+00  0.3805145E+00  0.2197968E+00  0.1110726E+00  0.4337173E-01  0.7925196E-02 -0.2267551E-02  0.7220815E-02  0.3195736E-01  0.6842955E-01  0.1138595E+00  0.1660479E+00
 0.2000000E+01  0.6740976E+00  0.4226730E+00  0.2441797E+00  0.1234137E+00  0.4820335E-01  0.8816131E-02 -0.2520010E-02  0.8006623E-02  0.3547269E-01  0.7597644E-01  0.1264318E+00  0.1843960E+00
 0.2200000E+01  0.7411733E+00  0.4647936E+00  0.2685504E+00  0.1357547E+00  0.5303893E-01  0.9710337E-02 -0.2772636E-02  0.8787236E-02  0.3897683E-01  0.8350556E-01  0.1389794E+00  0.2027120E+00
 0.2400000E+01  0.8081542E+00  0.5068725E+00  0.2929076E+00  0.1480955E+00  0.5787885E-01  0.1060814E-01 -0.3025435E-02  0.9562128E-02  0.4246868E-01  0.9101518E-01  0.1514997E+00  0.2209929E+00
 0.2600000E+01  0.8750318E+00  0.5489060E+00  0.3172502E+00  0.1604363E+00  0.6272350E-01  0.1150985E-01 -0.3278437E-02  0.1033080E-01  0.4594714E-01  0.9850355E-01  0.1639905E+00  0.2392356E+00
 0.2800000E+01  0.9417979E+00  0.5908905E+00  0.3415771E+00  0.1727769E+00  0.6757330E-01  0.1241580E-01 -0.3531646E-02  0.1109272E-01  0.4941112E-01  0.1059689E+00  0.1764491E+00  0.2574368E+00
 0.3000000E+01  0.1008444E+01  0.6328224E+00  0.3658870E+00  0.1851175E+00  0.7242860E-01  0.1332629E-01 -0.3785093E-02  0.1184741E-01  0.5285952E-01  0.1134096E+00  0.1888733E+00  0.2755936E+00
 0.3200000E+01  0.1074963E+01  0.6746980E+00  0.3901788E+00  0.1974579E+00  0.7728981E-01  0.1424165E-01 -0.4038790E-02  0.1259434E-01  0.5629127E-01  0.1208238E+00  0.2012607E+00  0.2937028E+00
 0.3400000E+01  0.1141345E+01  0.7165139E+00  0.4144513E+00  0.2097983E+00  0.8215729E-01  0.1516218E-01 -0.4292747E-02  0.1333302E-01  0.5970527E-01  0.1282098E+00  0.2136088E+00  0.3117614E+00
 0.3600000E+01  0.1207584E+01  0.7582664E+00  0.4387035E+00  0.2221386E+00  0.8703144E-01  0.1608821E-01 -0.4546991E-02  0.1406297E-01  0.6310048E-01  0.1355661E+00  0.2259153E+00  0.3297663E+00
 0.3800000E+01  0.1273671E+01  0.7999522E+00  0.4629342E+00  0.2344788E+00  0.9191266E-01  0.1702004E-01 -0.4801537E-02  0.1478366E-01  0.6647582E-01  0.1428907E+00  0.2381779E+00  0.3477144E+00
 0.4000000E+01  0.1339598E+01  0.8415678E+00  0.4871424E+00  0.2468189E+00  0.9680130E-01  0.1795798E-01 -0.5056389E-02  0.1549461E-01  0.6983022E-01  0.1501822E+00  0.2503942E+00  0.3656029E+00
 0.4200000E+01  0.1405358E+01  0.8831099E+00  0.5113269E+00  0.2591590E+00  0.1016977E+00  0.1890233E-01 -0.5311583E-02  0.1619533E-01  0.7316266E-01  0.1574388E+00  0.2625619E+00  0.3834286E+00
 0.4400000E+01  0.1470944E+01  0.9245750E+00  0.5354868E+00  0.2714991E+00  0.1066024E+00  0.1985341E-01 -0.5567134E-02  0.1688535E-01  0.7647209E-01  0.1646589E+00  0.2746787E+00  0.4011886E+00
 0.4600000E+01  0.1536347E+01  0.9659599E+00  0.5596208E+00  0.2838391E+00  0.1115156E+00  0.2081151E-01 -0.5823046E-02  0.1756417E-01  0.7975747E-01  0.1718408E+00  0.2867424E+00  0.4188799E+00
 0.4800000E+01  0.1601561E+01  0.1007261E+01  0.5837281E+00  0.2961792E+00  0.1164377E+00  0.2177693E-01 -0.6079357E-02  0.1823132E-01  0.8301777E-01  0.1789829E+00  0.2987506E+00  0.4364998E+00
 0.5000000E+01  0.1666578E+01  0.1048476E+01  0.6078076E+00  0.3085192E+00  0.1213690E+00  0.2274995E-01 -0.6336066E-02  0.1888632E-01  0.8625199E-01  0.1860837E+00  0.3107012E+00  0.4540451E+00
 0.5200000E+01  0.1731392E+01  0.1089601E+01  0.6318583E+00  0.3208594E+00  0.1263101E+00  0.2373090E-01 -0.6593206E-02  0.1952870E-01  0.8945911E-01  0.1931415E+00  0.3225919E+00  0.4715132E+00
 0.5400000E+01  0.1795996E+01  0.1130634E+01  0.6558793E+00  0.3331996E+00  0.1312612E+00  0.2472004E-01 -0.6850785E-02  0.2015801E-01  0.9263814E-01  0.2001547E+00  0.3344206E+00  0.4889011E+00
 0.5600000E+01  0.1860382E+01  0.1171570E+01  0.6798696E+00  0.3455399E+00  0.1362226E+00  0.2571767E-01 -0.7108811E-02  0.2077377E-01  0.9578811E-01  0.2071218E+00  0.3461850E+00  0.5062061E+00
 0.5800000E+01  0.1924545E+01  0.1212408E+01  0.7038282E+00  0.3578804E+00  0.1411948E+00  0.2672406E-01 -0.7367331E-02  0.2137554E-01  0.9890802E-01  0.2140412E+00  0.3578830E+00  0.5234253E+00
 0.6000000E+01  0.1988477E+01  0.1253144E+01  0.7277543E+00  0.3702211E+00  0.1461780E+00  0.2773951E-01 -0.7626341E-02  0.2196286E-01  0.1019969E+00  0.2209115E+00  0.3695125E+00  0.5405560E+00
 0.6200000E+01  0.2052173E+01  0.1293775E+01  0.7516469E+00  0.3825621E+00  0.1511727E+00  0.2876429E-01 -0.7885861E-02  0.2253529E-01  0.1050539E+00  0.2277310E+00  0.3810714E+00  0.5575955E+00
 0.6400000E+01  0.2115627E+01  0.1334300E+01  0.7755053E+00  0.3949033E+00  0.1561791E+00  0.2979867E-01 -0.8145925E-02  0.2309238E-01  0.1080779E+00  0.2344983E+00  0.3925576E+00  0.5745411E+00
 0.6600000E+01  0.2178832E+01  0.1374714E+01  0.7993285E+00  0.4072448E+00  0.1611977E+00  0.3084291E-01 -0.8406537E-02  0.2363370E-01  0.1110681E+00  0.2412120E+00  0.4039691E+00  0.5913901E+00
 0.6800000E+01  0.2241783E+01  0.1415016E+01  0.8231157E+00  0.4195867E+00  0.1662287E+00  0.3189731E-01 -0.8667718E-02  0.2415883E-01  0.1140235E+00  0.2478705E+00  0.4153038E+00  0.6081400E+00
 0.7000000E+01  0.2304475E+01  0.1455203E+01  0.8468662E+00  0.4319291E+00  0.1712726E+00  0.3296211E-01 -0.8929491E-02  0.2466732E-01  0.1169433E+00  0.2544725E+00  0.4265598E+00  0.6247881E+00
 0.7200000E+01  0.2366901E+01  0.1495272E+01  0.8705792E+00  0.4442720E+00  0.1763295E+00  0.3403756E-01 -0.9191886E-02  0.2515878E-01  0.1198265E+00  0.2610165E+00  0.4377350E+00  0.6413319E+00
 0.7400000E+01  0.2429057E+01  0.1535221E+01  0.8942538E+00  0.4566154E+00  0.1813999E+00  0.3512394E-01 -0.9454910E-02  0.2563277E-01  0.1226722E+00  0.2675011E+00  0.4488276E+00  0.6577688E+00
 0.7600000E+01  0.2490938E+01  0.1575048E+01  0.9178895E+00  0.4689594E+00  0.1864841E+00  0.3622147E-01 -0.9718579E-02  0.2608888E-01  0.1254797E+00  0.2739250E+00  0.4598356E+00  0.6740965E+00
 0.7800000E+01  0.2552539E+01  0.1614751E+01  0.9414855E+00  0.4813042E+00  0.1915824E+00  0.3733044E-01 -0.9982910E-02  0.2652674E-01  0.1282479E+00  0.2802867E+00  0.4707572E+00  0.6903125E+00
 0.8000000E+01  0.2613856E+01  0.1654327E+01  0.9650411E+00  0.4936497E+00  0.1966950E+00  0.3845106E-01 -0.1024794E-01  0.2694592E-01  0.1309762E+00  0.2865851E+00  0.4815905E+00  0.7064143E+00
 0.8200000E+01  0.2674883E+01  0.1693774E+01  0.9885557E+00  0.5059960E+00  0.2018224E+00  0.3958358E-01 -0.1051367E-01  0.2734605E-01  0.1336636E+00  0.2928186E+00  0.4923337E+00  0.7223996E+00
 0.8400000E+01  0.2735618E+01  0.1733091E+01  0.1012029E+01  0.5183432E+00  0.2069649E+00  0.4072824E-01 -0.1078013E-01  0.2772673E-01  0.1363093E+00  0.2989861E+00  0.5029850E+00  0.7382661E+00
 0.8600000E+01  0.2796055E+01  0.1772275E+01  0.1035459E+01  0.5306915E+00  0.2121226E+00  0.4188527E-01 -0.1104733E-01  0.2808759E-01  0.1389126E+00  0.3050863E+00  0.5135427E+00  0.7540114E+00
 0.8800000E+01  0.2856191E+01  0.1811324E+01  0.1058847E+01  0.5430408E+00  0.2172960E+00  0.4305489E-01 -0.1131530E-01  0.2842827E-01  0.1414727E+00  0.3111180E+00  0.5240050E+00  0.7696335E+00
 0.9000000E+01  0.2916023E+01  0.1850237E+01  0.1082192E+01  0.5553913E+00  0.2224853E+00  0.4423735E-01 -0.1158405E-01  0.2874839E-01  0.1439887E+00  0.3170798E+00  0.5343701E+00  0.7851300E+00
 0.9200000E+01  0.2975548E+01  0.1889013E+01  0.1105493E+01  0.5677430E+00  0.2276909E+00  0.4543284E-01 -0.1185362E-01  0.2904761E-01  0.1464599E+00  0.3229706E+00  0.5446366E+00  0.8004987E+00
 0.9400000E+01  0.3034762E+01  0.1927649E+01  0.1128749E+01  0.5800961E+00  0.2329129E+00  0.4664159E-01 -0.1212402E-01  0.2932554E-01  0.1488856E+00  0.3287893E+00  0.5548027E+00  0.8157377E+00
 0.9600000E+01  0.3093662E+01  0.1966144E+01  0.1151961E+01  0.5924506E+00  0.2381517E+00  0.4786380E-01 -0.1239526E-01  0.2958186E-01  0.1512650E+00  0.3345347E+00  0.5648669E+00  0.8308448E+00
 0.9800000E+01  0.3152245E+01  0.2004497E+01  0.1175127E+01  0.6048066E+00  0.2434075E+00  0.4909968E-01 -0.1266738E-01  0.2981624E-01  0.1535974E+00  0.3402056E+00  0.5748275E+00  0.8458180E+00
 0.1000000E+02  0.3210510E+01  0.2042707E+01  0.1198248E+01  0.6171643E+00  0.2486807E+00  0.5034942E-01 -0.1294039E-01  0.3002833E-01  0.1558821E+00  0.3458010E+00  0.5846831E+00  0.8606553E+00
 0.1020000E+02  0.3268454E+01  0.2080771E+01  0.1221323E+01  0.6295237E+00  0.2539714E+00  0.5161323E-01 -0.1321431E-01  0.3021781E-01  0.1581185E+00  0.3513197E+00  0.5944322E+00  0.8753548E+00
 0.1040000E+02  0.3326075E+01  0.2118690E+01  0.1244351E+01  0.6418850E+00  0.2592800E+00  0.5289129E-01 -0.1348915E-01  0.3038435E-01  0.1603058E+00  0.3567607E+00  0.6040733E+00  0.8899145E+00
 0.1060000E+02  0.3383371E+01  0.2156462E+01  0.1267333E+01  0.6542482E+00  0.2646067E+00  0.5418379E-01 -0.1376494E-01  0.3052766E-01  0.1624435E+00  0.3621230E+00  0.6136050E+00  0.9043327E+00
 0.1080000E+02  0.3440341E+01  0.2194086E+01  0.1290267E+01  0.6666135E+00  0.2699517E+00  0.5549092E-01 -0.1404171E-01  0.3064741E-01  0.1645307E+00  0.3674055E+00  0.6230259E+00  0.9186075E+00
 0.1100000E+02  0.3496984E+01  0.2231561E+01  0.1313155E+01  0.6789810E+00  0.2753153E+00  0.5681286E-01 -0.1431946E-01  0.3074332E-01  0.1665671E+00  0.3726073E+00  0.6323346E+00  0.9327371E+00
 0.1120000E+02  0.3553297E+01  0.2268886E+01  0.1335994E+01  0.6913508E+00  0.2806977E+00  0.5814978E-01 -0.1459823E-01  0.3081510E-01  0.1685518E+00  0.3777274E+00  0.6415299E+00  0.9467199E+00
 0.1140000E+02  0.3609281E+01  0.2306062E+01  0.1358787E+01  0.7037230E+00  0.2860991E+00  0.5950184E-01 -0.1487803E-01  0.3086244E-01  0.1704843E+00  0.3827649E+00  0.6506104E+00  0.9605542E+00
 0.1160000E+02  0.3664935E+01  0.2343086E+01  0.1381531E+01  0.7160977E+00  0.2915199E+00  0.6086920E-01 -0.1515888E-01  0.3088508E-01  0.1723641E+00  0.3877188E+00  0.6595749E+00  0.9742384E+00
 0.1180000E+02  0.3720258E+01  0.2379959E+01  0.1404227E+01  0.7284750E+00  0.2969601E+00  0.6225203E-01 -0.1544080E-01  0.3088275E-01  0.1741905E+00  0.3925883E+00  0.6684221E+00  0.9877709E+00
 0.1200000E+02  0.3775250E+01  0.2416681E+01  0.1426875E+01  0.7408551E+00  0.3024200E+00  0.6365048E-01 -0.1572381E-01  0.3085518E-01  0.1759631E+00  0.3973725E+00  0.6771510E+00  0.1001150E+01
 0.1220000E+02  0.3829911E+01  0.2453250E+01  0.1449474E+01  0.7532381E+00  0.3078999E+00  0.6506471E-01 -0.1600794E-01  0.3080213E-01  0.1776812E+00  0.4020706E+00  0.6857603E+00  0.1014375E+01
 0.1240000E+02  0.3884241E+01  0.2489667E+01  0.1472025E+01  0.7656242E+00  0.3133999E+00  0.6649484E-01 -0.1629321E-01  0.3072332E-01  0.1793445E+00  0.4066817E+00  0.6942490E+00  0.1027443E+01
 0.1260000E+02  0.3938240E+01  0.2525931E+01  0.1494528E+01  0.7780133E+00  0.3189202E+00  0.6794103E-01 -0.1657963E-01  0.3061852E-01  0.1809523E+00  0.4112051E+00  0.7026160E+00  0.1040354E+01
 0.1280000E+02  0.3991909E+01  0.2562043E+01  0.1516982E+01  0.7904057E+00  0.3244610E+00  0.6940340E-01 -0.1686722E-01  0.3048750E-01  0.1825041E+00  0.4156400E+00  0.7108601E+00  0.1053106E+01
 0.1300000E+02  0.4045250E+01  0.2598002E+01  0.1539387E+01  0.8028016E+00  0.3300225E+00  0.7088210E-01 -0.1715600E-01  0.3033004E-01  0.1839996E+00  0.4199857E+00  0.7189805E+00  0.1065698E+01
 0.1320000E+02  0.4098261E+01  0.2633809E+01  0.1561744E+01  0.8152009E+00  0.3356049E+00  0.7237723E-01 -0.1744599E-01  0.3014589E-01  0.1854382E+00  0.4242415E+00  0.7269762E+00  0.1078129E+01
 0.1340000E+02  0.4150945E+01  0.2669463E+01  0.1584052E+01  0.8276039E+00  0.3412083E+00  0.7388893E-01 -0.1773724E-01  0.2993485E-01  0.1868195E+00  0.4284066E+00  0.7348462E+00  0.1090397E+01
 0.1360000E+02  0.4203304E+01  0.2704966E+01  0.1606312E+01  0.8400106E+00  0.3468330E+00  0.7541731E-01 -0.1802972E-01  0.2969672E-01  0.1881431E+00  0.4324804E+00  0.7425897E+00  0.1102501E+01
 0.1380000E+02  0.4255338E+01  0.2740316E+01  0.1628523E+01  0.8524213E+00  0.3524790E+00  0.7696246E-01 -0.1832348E-01  0.2943128E-01  0.1894086E+00  0.4364623E+00  0.7502057E+00  0.1114441E+01
 0.1400000E+02  0.4307049E+01  0.2775515E+01  0.1650686E+01  0.8648360E+00  0.3581466E+00  0.7852450E-01 -0.1861851E-01  0.2913835E-01  0.1906155E+00  0.4403517E+00  0.7576935E+00  0.1126215E+01
 0.1420000E+02  0.4358438E+01  0.2810563E+01  0.1672801E+01  0.8772548E+00  0.3638358E+00  0.8010353E-01 -0.1891487E-01  0.2881774E-01  0.1917635E+00  0.4441479E+00  0.7650522E+00  0.1137822E+01
 0.1440000E+02  0.4409509E+01  0.2845460E+01  0.1694868E+01  0.8896780E+00  0.3695469E+00  0.8169965E-01 -0.1921255E-01  0.2846926E-01  0.1928522E+00  0.4478504E+00  0.7722811E+00  0.1149261E+01
 0.1460000E+02  0.4460262E+01  0.2880207E+01  0.1716886E+01  0.9021055E+00  0.3752800E+00  0.8331294E-01 -0.1951157E-01  0.2809273E-01  0.1938813E+00  0.4514587E+00  0.7793794E+00  0.1160531E+01
 0.1480000E+02  0.4510700E+01  0.2914806E+01  0.1738857E+01  0.9145376E+00  0.3810351E+00  0.8494350E-01 -0.1981195E-01  0.2768801E-01  0.1948504E+00  0.4549722E+00  0.7863465E+00  0.1171632E+01
 0.1500000E+02  0.4560825E+01  0.2949255E+01  0.1760780E+01  0.9269743E+00  0.3868124E+00  0.8659140E-01 -0.2011372E-01  0.2725491E-01  0.1957592E+00  0.4583906E+00  0.7931817E+00  0.1182562E+01
 0.1520000E+02  0.4610640E+01  0.2983557E+01  0.1782656E+01  0.9394158E+00  0.3926121E+00  0.8825670E-01 -0.2041688E-01  0.2679330E-01  0.1966074E+00  0.4617132E+00  0.7998844E+00  0.1193321E+01
 0.1540000E+02  0.4660148E+01  0.3017712E+01  0.1804485E+01  0.9518623E+00  0.3984342E+00  0.8993949E-01 -0.2072144E-01  0.2630302E-01  0.1973947E+00  0.4649396E+00  0.8064540E+00  0.1203908E+01
 0.1560000E+02  0.4709350E+01  0.3051722E+01  0.1826267E+01  0.9643137E+00  0.4042789E+00  0.9163984E-01 -0.2102745E-01  0.2578393E-01  0.1981209E+00  0.4680695E+00  0.8128898E+00  0.1214323E+01
 0.1580000E+02  0.4758251E+01  0.3085586E+01  0.1848002E+01  0.9767703E+00  0.4101462E+00  0.9335779E-01 -0.2133490E-01  0.2523590E-01  0.1987856E+00  0.4711024E+00  0.8191915E+00  0.1224564E+01
 0.1600000E+02  0.4806851E+01  0.3119306E+01  0.1869691E+01  0.9892322E+00  0.4160363E+00  0.9509341E-01 -0.2164383E-01  0.2465879E-01  0.1993886E+00  0.4740380E+00  0.8253584E+00  0.1234632E+01
 0.1620000E+02  0.4855156E+01  0.3152883E+01  0.1891333E+01  0.1001699E+01  0.4219492E+00  0.9684675E-01 -0.2195422E-01  0.2405250E-01  0.1999297E+00  0.4768759E+00  0.8313902E+00  0.1244525E+01
 0.1640000E+02  0.4903167E+01  0.3186318E+01  0.1912930E+01  0.1014172E+01  0.4278851E+00  0.9861785E-01 -0.2226613E-01  0.2341690E-01  0.2004086E+00  0.4796158E+00  0.8372863E+00  0.1254244E+01
 0.1660000E+02  0.4950887E+01  0.3219613E+01  0.1934482E+01  0.1026650E+01  0.4338439E+00  0.1004068E+00 -0.2257953E-01  0.2275188E-01  0.2008251E+00  0.4822573E+00  0.8430464E+00  0.1263787E+01
 0.1680000E+02  0.4998320E+01  0.3252767E+01  0.1955988E+01  0.1039134E+01  0.4398257E+00  0.1022135E+00 -0.2289446E-01  0.2205736E-01  0.2011792E+00  0.4848003E+00  0.8486701E+00  0.1273154E+01
 0.1700000E+02  0.5045470E+01  0.3285784E+01  0.1977449E+01  0.1051624E+01  0.4458307E+00  0.1040381E+00 -0.2321093E-01  0.2133321E-01  0.2014704E+00  0.4872444E+00  0.8541571E+00  0.1282345E+01
 0.1720000E+02  0.5092339E+01  0.3318664E+01  0.1998866E+01  0.1064120E+01  0.4518589E+00  0.1058807E+00 -0.2352895E-01  0.2057937E-01  0.2016988E+00  0.4895894E+00  0.8595070E+00  0.1291360E+01
 0.1740000E+02  0.5138930E+01  0.3351408E+01  0.2020239E+01  0.1076621E+01  0.4579103E+00  0.1077411E+00 -0.2384855E-01  0.1979575E-01  0.2018641E+00  0.4918351E+00  0.8647195E+00  0.1300198E+01
 0.1760000E+02  0.5185247E+01  0.3384017E+01  0.2041568E+01  0.1089129E+01  0.4639849E+00  0.1096195E+00 -0.2416973E-01  0.1898226E-01  0.2019662E+00  0.4939814E+00  0.8697944E+00  0.1308859E+01
 0.1780000E+02  0.5231293E+01  0.3416493E+01  0.2062853E+01  0.1101643E+01  0.4700828E+00  0.1115159E+00 -0.2449250E-01  0.1813885E-01  0.2020050E+00  0.4960279E+00  0.8747315E+00  0.1317343E+01
 0.1800000E+02  0.5277072E+01  0.3448838E+01  0.2084096E+01  0.1114163E+01  0.4762041E+00  0.1134302E+00 -0.2481689E-01  0.1726545E-01  0.2019803E+00  0.4979746E+00  0.8795305E+00  0.1325649E+01
 0.1820000E+02  0.5322587E+01  0.3481053E+01  0.2105296E+01  0.1126690E+01  0.4823488E+00  0.1153625E+00 -0.2514290E-01  0.1636199E-01  0.2018920E+00  0.4998214E+00  0.8841912E+00  0.1333778E+01
 0.1840000E+02  0.5367841E+01  0.3513138E+01  0.2126454E+01  0.1139223E+01  0.4885168E+00  0.1173128E+00 -0.2547053E-01  0.1542842E-01  0.2017401E+00  0.5015681E+00  0.8887136E+00  0.1341730E+01
 0.1860000E+02  0.5412838E+01  0.3545097E+01  0.2147570E+01  0.1151762E+01  0.4947082E+00  0.1192810E+00 -0.2579981E-01  0.1446471E-01  0.2015245E+00  0.5032147E+00  0.8930975E+00  0.1349504E+01
 0.1880000E+02  0.5457582E+01  0.3576929E+01  0.2168644E+01  0.1164308E+01  0.5009230E+00  0.1212672E+00 -0.2613074E-01  0.1347080E-01  0.2012451E+00  0.5047611E+00  0.8973428E+00  0.1357100E+01
 0.1900000E+02  0.5502074E+01  0.3608637E+01  0.2189678E+01  0.1176861E+01  0.5071612E+00  0.1232714E+00 -0.2646333E-01  0.1244668E-01  0.2009018E+00  0.5062072E+00  0.9014494E+00  0.1364519E+01
 0.1920000E+02  0.5546320E+01  0.3640221E+01  0.2210671E+01  0.1189420E+01  0.5134228E+00  0.1252935E+00 -0.2679759E-01  0.1139230E-01  0.2004946E+00  0.5075530E+00  0.9054172E+00  0.1371760E+01
 0.1940000E+02  0.5590321E+01  0.3671685E+01  0.2231624E+01  0.1201986E+01  0.5197078E+00  0.1273335E+00 -0.2713355E-01  0.1030764E-01  0.2000234E+00  0.5087986E+00  0.9092463E+00  0.1378824E+01
 0.1960000E+02  0.5634082E+01  0.3703028E+01  0.2252537E+01  0.1214558E+01  0.5260162E+00  0.1293914E+00 -0.2747120E-01  0.9192684E-02  0.1994883E+00  0.5099438E+00  0.9129367E+00  0.1385710E+01
 0.1980000E+02  0.5677606E+01  0.3734253E+01  0.2273411E+01  0.1227138E+01  0.5323479E+00  0.1314672E+00 -0.2781056E-01  0.8047421E-02  0.1988892E+00  0.5109888E+00  0.9164883E+00  0.1392420E+01
 0.2000000E+02  0.5720895E+01  0.3765360E+01  0.2294246E+01  0.1239724E+01  0.5387030E+00  0.1335608E+00 -0.2815164E-01  0.6871842E-02  0.1982261E+00  0.5119336E+00  0.9199012E+00  0.1398953E+01
 0.2020000E+02  0.5763954E+01  0.3796352E+01  0.2315043E+01  0.1252317E+01  0.5450813E+00  0.1356722E+00 -0.2849444E-01  0.5665951E-02  0.1974990E+00  0.5127783E+00  0.9231755E+00  0.1405309E+01
 0.2040000E+02  0.5806784E+01  0.3827230E+01  0.2335802E+01  0.1264917E+01  0.5514829E+00  0.1378013E+00 -0.2883898E-01  0.4429756E-02  0.1967080E+00  0.5135229E+00  0.9263112E+00  0.1411489E+01
 0.2060000E+02  0.5849390E+01  0.3857996E+01  0.2356523E+01  0.1277524E+01  0.5579077E+00  0.1399482E+00 -0.2918525E-01  0.3163266E-02  0.1958530E+00  0.5141675E+00  0.9293085E+00  0.1417493E+01
 0.2080000E+02  0.5891774E+01  0.3888650E+01  0.2377207E+01  0.1290138E+01  0.5643556E+00  0.1421127E+00 -0.2953328E-01  0.1866478E-02  0.1949342E+00  0.5147124E+00  0.9321674E+00  0.1423322E+01
 0.2100000E+02  0.5933938E+01  0.3919195E+01  0.2397854E+01  0.1302758E+01  0.5708266E+00  0.1442948E+00 -0.2988306E-01  0.5394342E-03  0.1939514E+00  0.5151575E+00  0.9348882E+00  0.1428975E+01
 0.2120000E+02  0.5975887E+01  0.3949631E+01  0.2418465E+01  0.1315386E+01  0.5773207E+00  0.1464945E+00 -0.3023461E-01 -0.8178446E-03  0.1929049E+00  0.5155031E+00  0.9374710E+00  0.1434454E+01
 0.2140000E+02  0.6017622E+01  0.3979960E+01  0.2439040E+01  0.1328021E+01  0.5838377E+00  0.1487116E+00 -0.3058794E-01 -0.2205326E-02  0.1917947E+00  0.5157493E+00  0.9399160E+00  0.1439758E+01
 0.2160000E+02  0.6059147E+01  0.4010185E+01  0.2459580E+01  0.1340662E+01  0.5903776E+00  0.1509462E+00 -0.3094302E-01 -0.3622975E-02  0.1906208E+00  0.5158963E+00  0.9422234E+00  0.1444889E+01
 0.2180000E+02  0.6100464E+01  0.4040305E+01  0.2480085E+01  0.1353310E+01  0.5969404E+00  0.1531982E+00 -0.3129991E-01 -0.5070740E-02  0.1893833E+00  0.5159443E+00  0.9443933E+00  0.1449847E+01
 0.2200000E+02  0.6141576E+01  0.4070322E+01  0.2500554E+01  0.1365965E+01  0.6035259E+00  0.1554674E+00 -0.3165859E-01 -0.6548596E-02  0.1880823E+00  0.5158936E+00  0.9464262E+00  0.1454632E+01
 0.2220000E+02  0.6182485E+01  0.4100238E+01  0.2520990E+01  0.1378627E+01  0.6101340E+00  0.1577539E+00 -0.3201908E-01 -0.8056473E-02  0.1867179E+00  0.5157443E+00  0.9483221E+00  0.1459245E+01
 0.2240000E+02  0.6223193E+01  0.4130054E+01  0.2541392E+01  0.1391295E+01  0.6167647E+00  0.1600576E+00 -0.3238137E-01 -0.9594322E-02  0.1852903E+00  0.5154968E+00  0.9500814E+00  0.1463686E+01
 0.2260000E+02  0.6263704E+01  0.4159771E+01  0.2561760E+01  0.1403970E+01  0.6234178E+00  0.1623783E+00 -0.3274547E-01 -0.1116207E-01  0.1837995E+00  0.5151512E+00  0.9517043E+00  0.1467957E+01
 0.2280000E+02  0.6304018E+01  0.4189391E+01  0.2582096E+01  0.1416652E+01  0.6300933E+00  0.1647160E+00 -0.3311140E-01 -0.1275967E-01  0.1822456E+00  0.5147079E+00  0.9531912E+00  0.1472058E+01
 0.2300000E+02  0.6344139E+01  0.4218915E+01  0.2602398E+01  0.1429341E+01  0.6367910E+00  0.1670706E+00 -0.3347916E-01 -0.1438702E-01  0.1806288E+00  0.5141671E+00  0.9545423E+00  0.1475990E+01
 0.2320000E+02  0.6384069E+01  0.4248343E+01  0.2622668E+01  0.1442035E+01  0.6435109E+00  0.1694421E+00 -0.3384876E-01 -0.1604408E-01  0.1789493E+00  0.5135292E+00  0.9557580E+00  0.1479753E+01
 0.2340000E+02  0.6423809E+01  0.4277678E+01  0.2642907E+01  0.1454737E+01  0.6502527E+00  0.1718303E+00 -0.3422021E-01 -0.1773073E-01  0.1772071E+00  0.5127945E+00  0.9568387E+00  0.1483349E+01
 0.2360000E+02  0.6463361E+01  0.4306920E+01  0.2663113E+01  0.1467444E+01  0.6570165E+00  0.1742351E+00 -0.3459351E-01 -0.1944691E-01  0.1754024E+00  0.5119632E+00  0.9577847E+00  0.1486777E+01
 0.2380000E+02  0.6502728E+01  0.4336070E+01  0.2683288E+01  0.1480158E+01  0.6638020E+00  0.1766565E+00 -0.3496868E-01 -0.2119252E-01  0.1735354E+00  0.5110358E+00  0.9585962E+00  0.1490040E+01
 0.2400000E+02  0.6541911E+01  0.4365130E+01  0.2703433E+01  0.1492878E+01  0.6706091E+00  0.1790943E+00 -0.3534571E-01 -0.2296747E-01  0.1716062E+00  0.5100126E+00  0.9592739E+00  0.1493137E+01
 0.2420000E+02  0.6580912E+01  0.4394101E+01  0.2723546E+01  0.1505603E+01  0.6774377E+00  0.1815485E+00 -0.3572463E-01 -0.2477164E-01  0.1696150E+00  0.5088940E+00  0.9598179E+00  0.1496070E+01
 0.2440000E+02  0.6619732E+01  0.4422982E+01  0.2743629E+01  0.1518335E+01  0.6842876E+00  0.1840190E+00 -0.3610544E-01 -0.2660496E-01  0.1675620E+00  0.5076803E+00  0.9602287E+00  0.1498840E+01
 0.2460000E+02  0.6658374E+01  0.4451777E+01  0.2763683E+01  0.1531072E+01  0.6911587E+00  0.1865056E+00 -0.3648815E-01 -0.2846730E-01  0.1654473E+00  0.5063720E+00  0.9605068E+00  0.1501448E+01
 0.2480000E+02  0.6696838E+01  0.4480485E+01  0.2783706E+01  0.1543815E+01  0.6980509E+00  0.1890082E+00 -0.3687276E-01 -0.3035854E-01  0.1632712E+00  0.5049694E+00  0.9606525E+00  0.1503895E+01
 0.2500000E+02  0.6735125E+01  0.4509107E+01  0.2803700E+01  0.1556564E+01  0.7049639E+00  0.1915268E+00 -0.3725930E-01 -0.3227857E-01  0.1610338E+00  0.5034730E+00  0.9606662E+00  0.1506181E+01
 0.2520000E+02  0.6773238E+01  0.4537644E+01  0.2823664E+01  0.1569318E+01  0.7118976E+00  0.1940612E+00 -0.3764778E-01 -0.3422726E-01  0.1587353E+00  0.5018832E+00  0.9605485E+00  0.1508308E+01
 0.2540000E+02  0.6811178E+01  0.4566097E+01  0.2843600E+01  0.1582077E+01  0.7188519E+00  0.1966114E+00 -0.3803819E-01 -0.3620451E-01  0.1563760E+00  0.5002004E+00  0.9602997E+00  0.1510278E+01
 0.2560000E+02  0.6848945E+01  0.4594467E+01  0.2863507E+01  0.1594841E+01  0.7258265E+00  0.1991771E+00 -0.3843057E-01 -0.3821016E-01  0.1539560E+00  0.4984252E+00  0.9599203E+00  0.1512091E+01
 0.2580000E+02  0.6886541E+01  0.4622754E+01  0.2883385E+01  0.1607609E+01  0.7328213E+00  0.2017584E+00 -0.3882491E-01 -0.4024408E-01  0.1514755E+00  0.4965578E+00  0.9594107E+00  0.1513747E+01
 0.2600000E+02  0.6923966E+01  0.4650960E+01  0.2903235E+01  0.1620383E+01  0.7398362E+00  0.2043551E+00 -0.3922124E-01 -0.4230616E-01  0.1489349E+00  0.4945989E+00  0.9587714E+00  0.1515250E+01
 0.2620000E+02  0.6961222E+01  0.4679085E+01  0.2923057E+01  0.1633161E+01  0.7468708E+00  0.2069670E+00 -0.3961957E-01 -0.4439622E-01  0.1463342E+00  0.4925488E+00  0.9580029E+00  0.1516599E+01
 0.2640000E+02  0.6998310E+01  0.4707129E+01  0.2942851E+01  0.1645943E+01  0.7539251E+00  0.2095941E+00 -0.4001992E-01 -0.4651411E-01  0.1436737E+00  0.4904081E+00  0.9571057E+00  0.1517796E+01
 0.2660000E+02  0.7035230E+01  0.4735093E+01  0.2962617E+01  0.1658729E+01  0.7609988E+00  0.2122362E+00 -0.4042231E-01 -0.4865969E-01  0.1409537E+00  0.4881773E+00  0.9560802E+00  0.1518842E+01
 0.2680000E+02  0.7071984E+01  0.4762978E+01  0.2982355E+01  0.1671519E+01  0.7680918E+00  0.2148933E+00 -0.4082674E-01 -0.5083281E-01  0.1381743E+00  0.4858569E+00  0.9549269E+00  0.1519739E+01
 0.2700000E+02  0.7108571E+01  0.4790783E+01  0.3002066E+01  0.1684313E+01  0.7752038E+00  0.2175652E+00 -0.4123326E-01 -0.5303330E-01  0.1353358E+00  0.4834474E+00  0.9536464E+00  0.1520488E+01
 0.2720000E+02  0.7144993E+01  0.4818511E+01  0.3021750E+01  0.1697110E+01  0.7823346E+00  0.2202517E+00 -0.4164186E-01 -0.5526099E-01  0.1324385E+00  0.4809492E+00  0.9522390E+00  0.1521089E+01
 0.2740000E+02  0.7181250E+01  0.4846161E+01  0.3041407E+01  0.1709910E+01  0.7894840E+00  0.2229528E+00 -0.4205257E-01 -0.5751574E-01  0.1294826E+00  0.4783630E+00  0.9507054E+00  0.1521546E+01
 0.2760000E+02  0.7217343E+01  0.4873733E+01  0.3061036E+01  0.1722713E+01  0.7966518E+00  0.2256684E+00 -0.4246543E-01 -0.5979736E-01  0.1264683E+00  0.4756893E+00  0.9490459E+00  0.1521858E+01
 0.2780000E+02  0.7253272E+01  0.4901227E+01  0.3080638E+01  0.1735519E+01  0.8038377E+00  0.2283983E+00 -0.4288044E-01 -0.6210568E-01  0.1233959E+00  0.4729285E+00  0.9472612E+00  0.1522027E+01
 0.2800000E+02  0.7289038E+01  0.4928645E+01  0.3100214E+01  0.1748328E+01  0.8110416E+00  0.2311424E+00 -0.4329765E-01 -0.6444053E-01  0.1202657E+00  0.4700814E+00  0.9453517E+00  0.1522056E+01
 0.2820000E+02  0.7324640E+01  0.4955987E+01  0.3119762E+01  0.1761139E+01  0.8182632E+00  0.2339006E+00 -0.4371705E-01 -0.6680170E-01  0.1170778E+00  0.4671483E+00  0.9433179E+00  0.1521944E+01
 0.2840000E+02  0.7360080E+01  0.4983252E+01  0.3139284E+01  0.1773951E+01  0.8255023E+00  0.2366728E+00 -0.4413870E-01 -0.6918905E-01  0.1138326E+00  0.4641300E+00  0.9411604E+00  0.1521694E+01
 0.2860000E+02  0.7395358E+01  0.5010441E+01  0.3158778E+01  0.1786766E+01  0.8327586E+00  0.2394588E+00 -0.4456261E-01 -0.7160234E-01  0.1105304E+00  0.4610269E+00  0.9388795E+00  0.1521308E+01
 0.2880000E+02  0.7430473E+01  0.5037554E+01  0.3178246E+01  0.1799582E+01  0.8400319E+00  0.2422585E+00 -0.4498883E-01 -0.7404141E-01  0.1071713E+00  0.4578396E+00  0.9364760E+00  0.1520786E+01
 0.2900000E+02  0.7465427E+01  0.5064591E+01  0.3197687E+01  0.1812399E+01  0.8473219E+00  0.2450719E+00 -0.4541737E-01 -0.7650606E-01  0.1037556E+00  0.4545688E+00  0.9339502E+00  0.1520131E+01
 0.2920000E+02  0.7500219E+01  0.5091553E+01  0.3217102E+01  0.1825216E+01  0.8546284E+00  0.2478987E+00 -0.4584829E-01 -0.7899609E-01  0.1002837E+00  0.4512149E+00  0.9313027E+00  0.1519344E+01
 0.2940000E+02  0.7534849E+01  0.5118439E+01  0.3236489E+01  0.1838035E+01  0.8619511E+00  0.2507389E+00 -0.4628161E-01 -0.8151131E-01  0.9675581E-01  0.4477786E+00  0.9285340E+00  0.1518426E+01
 0.2960000E+02  0.7569318E+01  0.5145249E+01  0.3255849E+01  0.1850854E+01  0.8692898E+00  0.2535924E+00 -0.4671736E-01 -0.8405149E-01  0.9317216E-01  0.4442605E+00  0.9256446E+00  0.1517379E+01
 0.2980000E+02  0.7603626E+01  0.5171984E+01  0.3275183E+01  0.1863672E+01  0.8766442E+00  0.2564590E+00 -0.4715558E-01 -0.8661645E-01  0.8953305E-01  0.4406612E+00  0.9226351E+00  0.1516205E+01
 0.3000000E+02  0.7637772E+01  0.5198644E+01  0.3294489E+01  0.1876491E+01  0.8840141E+00  0.2593386E+00 -0.4759632E-01 -0.8920596E-01  0.8583877E-01  0.4369813E+00  0.9195059E+00  0.1514906E+01
 0.3020000E+02  0.7671757E+01  0.5225228E+01  0.3313768E+01  0.1889309E+01  0.8913991E+00  0.2622312E+00 -0.4803961E-01 -0.9181982E-01  0.8208961E-01  0.4332214E+00  0.9162575E+00  0.1513483E+01
 0.3040000E+02  0.7705580E+01  0.5251736E+01  0.3333020E+01  0.1902126E+01  0.8987989E+00  0.2651365E+00 -0.4848549E-01 -0.9445781E-01  0.7828584E-01  0.4293822E+00  0.9128905E+00  0.1511937E+01
 0.3060000E+02  0.7739242E+01  0.5278169E+01  0.3352244E+01  0.1914941E+01  0.9062134E+00  0.2680545E+00 -0.4893401E-01 -0.9711972E-01  0.7442775E-01  0.4254641E+00  0.9094053E+00  0.1510271E+01
 0.3080000E+02  0.7772742E+01  0.5304525E+01  0.3371441E+01  0.1927755E+01  0.9136422E+00  0.2709851E+00 -0.4938523E-01 -0.9980532E-01  0.7051563E-01  0.4214680E+00  0.9058026E+00  0.1508487E+01
 0.3100000E+02  0.7806081E+01  0.5330806E+01  0.3390610E+01  0.1940568E+01  0.9210850E+00  0.2739281E+00 -0.4983919E-01 -0.1025144E+00  0.6654977E-01  0.4173943E+00  0.9020827E+00  0.1506586E+01
 0.3120000E+02  0.7839258E+01  0.5357010E+01  0.3409752E+01  0.1953378E+01  0.9285416E+00  0.2768835E+00 -0.5029592E-01 -0.1052468E+00  0.6253047E-01  0.4132437E+00  0.8982462E+00  0.1504569E+01
 0.3140000E+02  0.7872273E+01  0.5383138E+01  0.3428865E+01  0.1966185E+01  0.9360116E+00  0.2798512E+00 -0.5075549E-01 -0.1080021E+00  0.5845800E-01  0.4090169E+00  0.8942936E+00  0.1502439E+01
 0.3160000E+02  0.7905126E+01  0.5409189E+01  0.3447950E+01  0.1978990E+01  0.9434948E+00  0.2828310E+00 -0.5121794E-01 -0.1107803E+00  0.5433269E-01  0.4047145E+00  0.8902254E+00  0.1500198E+01
 0.3180000E+02  0.7937817E+01  0.5435163E+01  0.3467006E+01  0.1991791E+01  0.9509908E+00  0.2858228E+00 -0.5168335E-01 -0.1135810E+00  0.5015483E-01  0.4003371E+00  0.8860421E+00  0.1497846E+01
 0.3200000E+02  0.7970345E+01  0.5461060E+01  0.3486034E+01  0.2004589E+01  0.9584993E+00  0.2888265E+00 -0.5215174E-01 -0.1164042E+00  0.4592471E-01  0.3958853E+00  0.8817442E+00  0.1495387E+01
 0.3220000E+02  0.8002711E+01  0.5486879E+01  0.3505032E+01  0.2017382E+01  0.9660201E+00  0.2918420E+00 -0.5262317E-01 -0.1192494E+00  0.4164264E-01  0.3913599E+00  0.8773321E+00  0.1492822E+01
 0.3240000E+02  0.8034913E+01  0.5512621E+01  0.3524002E+01  0.2030172E+01  0.9735528E+00  0.2948693E+00 -0.5309771E-01 -0.1221165E+00  0.3730893E-01  0.3867613E+00  0.8728064E+00  0.1490153E+01
 0.3260000E+02  0.8066953E+01  0.5538284E+01  0.3542942E+01  0.2042957E+01  0.9810970E+00  0.2979082E+00 -0.5357541E-01 -0.1250053E+00  0.3292389E-01  0.3820904E+00  0.8681676E+00  0.1487381E+01
 0.3280000E+02  0.8098829E+01  0.5563868E+01  0.3561852E+01  0.2055737E+01  0.9886526E+00  0.3009587E+00 -0.5405634E-01 -0.1279154E+00  0.2848781E-01  0.3773477E+00  0.8634161E+00  0.1484509E+01
 0.3300000E+02  0.8130541E+01  0.5589374E+01  0.3580732E+01  0.2068511E+01  0.9962191E+00  0.3040206E+00 -0.5454055E-01 -0.1308468E+00  0.2400101E-01  0.3725339E+00  0.8585524E+00  0.1481538E+01
 0.3320000E+02  0.8162089E+01  0.5614800E+01  0.3599582E+01  0.2081280E+01  0.1003796E+01  0.3070938E+00 -0.5502810E-01 -0.1337992E+00  0.1946380E-01  0.3676496E+00  0.8535770E+00  0.1478471E+01
 0.3340000E+02  0.8193473E+01  0.5640146E+01  0.3618401E+01  0.2094042E+01  0.1011384E+01  0.3101783E+00 -0.5551906E-01 -0.1367722E+00  0.1487652E-01  0.3626955E+00  0.8484904E+00  0.1475309E+01
 0.3360000E+02  0.8224692E+01  0.5665411E+01  0.3637188E+01  0.2106799E+01  0.1018981E+01  0.3132739E+00 -0.5601349E-01 -0.1397658E+00  0.1023947E-01  0.3576723E+00  0.8432931E+00  0.1472054E+01
 0.3380000E+02  0.8255746E+01  0.5690596E+01  0.3655944E+01  0.2119548E+01  0.1026588E+01  0.3163806E+00 -0.5651146E-01 -0.1427796E+00  0.5552968E-02  0.3525804E+00  0.8379854E+00  0.1468709E+01
 0.3400000E+02  0.8286635E+01  0.5715699E+01  0.3674669E+01  0.2132290E+01  0.1034205E+01  0.3194983E+00 -0.5701304E-01 -0.1458135E+00  0.8173495E-03  0.3474208E+00  0.8325679E+00  0.1465274E+01
 0.3420000E+02  0.8317359E+01  0.5740721E+01  0.3693361E+01  0.2145025E+01  0.1041830E+01  0.3226269E+00 -0.5751828E-01 -0.1488671E+00 -0.3967076E-02  0.3421939E+00  0.8270411E+00  0.1461752E+01
 0.3440000E+02  0.8347916E+01  0.5765659E+01  0.3712020E+01  0.2157751E+01  0.1049464E+01  0.3257663E+00 -0.5802726E-01 -0.1519403E+00 -0.8799971E-02  0.3369004E+00  0.8214053E+00  0.1458146E+01
 0.3460000E+02  0.8378306E+01  0.5790515E+01  0.3730647E+01  0.2170469E+01  0.1057106E+01  0.3289165E+00 -0.5854005E-01 -0.1550329E+00 -0.1368099E-01  0.3315410E+00  0.8156611E+00  0.1454456E+01
 0.3480000E+02  0.8408530E+01  0.5815288E+01  0.3749239E+01  0.2183179E+01  0.1064757E+01  0.3320773E+00 -0.5905671E-01 -0.1581446E+00 -0.1860983E-01  0.3261164E+00  0.8098089E+00  0.1450685E+01
 0.3500000E+02  0.8438587E+01  0.5839976E+01  0.3767798E+01  0.2195879E+01  0.1072415E+01  0.3352488E+00 -0.5957730E-01 -0.1612752E+00 -0.2358614E-01  0.3206271E+00  0.8038492E+00  0.1446835E+01
 0.3520000E+02  0.8468476E+01  0.5864579E+01  0.3786323E+01  0.2208570E+01  0.1080080E+01  0.3384307E+00 -0.6010191E-01 -0.1644244E+00 -0.2860958E-01  0.3150738E+00  0.7977824E+00  0.1442908E+01
 0.3540000E+02  0.8498198E+01  0.5889097E+01  0.3804812E+01  0.2221251E+01  0.1087752E+01  0.3416231E+00 -0.6063058E-01 -0.1675921E+00 -0.3367981E-01  0.3094572E+00  0.7916089E+00  0.1438905E+01
 0.3560000E+02  0.8527750E+01  0.5913529E+01  0.3823266E+01  0.2233922E+01  0.1095431E+01  0.3448258E+00 -0.6116339E-01 -0.1707780E+00 -0.3879648E-01  0.3037780E+00  0.7853292E+00  0.1434829E+01
 0.3580000E+02  0.8557135E+01  0.5937875E+01  0.3841684E+01  0.2246581E+01  0.1103116E+01  0.3480389E+00 -0.6170043E-01 -0.1739819E+00 -0.4395926E-01  0.2980367E+00  0.7789437E+00  0.1430682E+01
 0.3600000E+02  0.8586350E+01  0.5962133E+01  0.3860066E+01  0.2259230E+01  0.1110806E+01  0.3512622E+00 -0.6224173E-01 -0.1772036E+00 -0.4916778E-01  0.2922340E+00  0.7724528E+00  0.1426465E+01
 0.3620000E+02  0.8615395E+01  0.5986303E+01  0.3878411E+01  0.2271868E+01  0.1118503E+01  0.3544956E+00 -0.6278738E-01 -0.1804428E+00 -0.5442170E-01  0.2863706E+00  0.7658570E+00  0.1422181E+01
 0.3640000E+02  0.8644270E+01  0.6010385E+01  0.3896718E+01  0.2284493E+01  0.1126204E+01  0.3577392E+00 -0.6333744E-01 -0.1836995E+00 -0.5972066E-01  0.2804471E+00  0.7591568E+00  0.1417831E+01
 0.3660000E+02  0.8672975E+01  0.6034377E+01  0.3914988E+01  0.2297106E+01  0.1133911E+01  0.3609928E+00 -0.6389199E-01 -0.1869734E+00 -0.6506430E-01  0.2744641E+00  0.7523524E+00  0.1413418E+01
 0.3680000E+02  0.8701509E+01  0.6058279E+01  0.3933218E+01  0.2309706E+01  0.1141622E+01  0.3642564E+00 -0.6445108E-01 -0.1902642E+00 -0.7045226E-01  0.2684223E+00  0.7454445E+00  0.1408943E+01
 0.3700000E+02  0.8729872E+01  0.6082090E+01  0.3951410E+01  0.2322294E+01  0.1149337E+01  0.3675300E+00 -0.6501477E-01 -0.1935718E+00 -0.7588416E-01  0.2623223E+00  0.7384332E+00  0.1404409E+01
 0.3720000E+02  0.8758062E+01  0.6105810E+01  0.3969562E+01  0.2334867E+01  0.1157056E+01  0.3708134E+00 -0.6558314E-01 -0.1968960E+00 -0.8135964E-01  0.2561647E+00  0.7313192E+00  0.1399816E+01
 0.3740000E+02  0.8786081E+01  0.6129438E+01  0.3987673E+01  0.2347427E+01  0.1164778E+01  0.3741066E+00 -0.6615624E-01 -0.2002367E+00 -0.8687832E-01  0.2499503E+00  0.7241028E+00  0.1395168E+01
 0.3760000E+02  0.8813927E+01  0.6152973E+01  0.4005743E+01  0.2359972E+01  0.1172504E+01  0.3774096E+00 -0.6673414E-01 -0.2035936E+00 -0.9243983E-01  0.2436796E+00  0.7167844E+00  0.1390466E+01
 0.3780000E+02  0.8841599E+01  0.6176414E+01  0.4023772E+01  0.2372503E+01  0.1180232E+01  0.3807223E+00 -0.6731689E-01 -0.2069665E+00 -0.9804377E-01  0.2373531E+00  0.7093644E+00  0.1385712E+01
 0.3800000E+02  0.8869098E+01  0.6199760E+01  0.4041759E+01  0.2385018E+01  0.1187963E+01  0.3840447E+00 -0.6790455E-01 -0.2103554E+00 -0.1036898E+00  0.2309717E+00  0.7018433E+00  0.1380908E+01
 0.3820000E+02  0.8896422E+01  0.6223011E+01  0.4059702E+01  0.2397518E+01  0.1195696E+01  0.3873768E+00 -0.6849718E-01 -0.2137600E+00 -0.1093774E+00  0.2245359E+00  0.6942214E+00  0.1376056E+01
 0.3840000E+02  0.8923572E+01  0.6246166E+01  0.4077602E+01  0.2410002E+01  0.1203430E+01  0.3907184E+00 -0.6909483E-01 -0.2171802E+00 -0.1151064E+00  0.2180463E+00  0.6864991E+00  0.1371157E+01
 0.3860000E+02  0.8950547E+01  0.6269224E+01  0.4095458E+01  0.2422469E+01  0.1211167E+01  0.3940696E+00 -0.6969755E-01 -0.2206158E+00 -0.1208762E+00  0.2115035E+00  0.6786769E+00  0.1366214E+01
 0.3880000E+02  0.8977345E+01  0.6292185E+01  0.4113269E+01  0.2434920E+01  0.1218904E+01  0.3974303E+00 -0.7030540E-01 -0.2240668E+00 -0.1266865E+00  0.2049082E+00  0.6707551E+00  0.1361228E+01
 0.3900000E+02  0.9003968E+01  0.6315047E+01  0.4131034E+01  0.2447353E+01  0.1226642E+01  0.4008005E+00 -0.7091840E-01 -0.2275329E+00 -0.1325368E+00  0.1982609E+00  0.6627341E+00  0.1356201E+01
 0.3920000E+02  0.9030414E+01  0.6337810E+01  0.4148753E+01  0.2459768E+01  0.1234381E+01  0.4041801E+00 -0.7153664E-01 -0.2310141E+00 -0.1384268E+00  0.1915623E+00  0.6546144E+00  0.1351135E+01
 0.3940000E+02  0.9056682E+01  0.6360472E+01  0.4166425E+01  0.2472165E+01  0.1242119E+01  0.4075691E+00 -0.7216014E-01 -0.2345102E+00 -0.1443560E+00  0.1848131E+00  0.6463963E+00  0.1346032E+01
 0.3960000E+02  0.9082773E+01  0.6383034E+01  0.4184049E+01  0.2484543E+01  0.1249858E+01  0.4109675E+00 -0.7278894E-01 -0.2380212E+00 -0.1503240E+00  0.1780137E+00  0.6380803E+00  0.1340894E+01
 0.3980000E+02  0.9108685E+01  0.6405493E+01  0.4201624E+01  0.2496903E+01  0.1257596E+01  0.4143753E+00 -0.7342308E-01 -0.2415469E+00 -0.1563304E+00  0.1711649E+00  0.6296667E+00  0.1335722E+01
 0.4000000E+02  0.9134418E+01  0.6427850E+01  0.4219150E+01  0.2509243E+01  0.1265334E+01  0.4177924E+00 -0.7406259E-01 -0.2450873E+00 -0.1623747E+00  0.1642671E+00  0.6211558E+00  0.1330517E+01
 0.4020000E+02  0.9159971E+01  0.6450104E+01  0.4236626E+01  0.2521562E+01  0.1273070E+01  0.4212188E+00 -0.7470753E-01 -0.2486423E+00 -0.1684566E+00  0.1573211E+00  0.6125482E+00  0.1325283E+01
 0.4040000E+02  0.9185344E+01  0.6472253E+01  0.4254051E+01  0.2533862E+01  0.1280805E+01  0.4246546E+00 -0.7535789E-01 -0.2522118E+00 -0.1745755E+00  0.1503275E+00  0.6038442E+00  0.1320020E+01
 0.4060000E+02  0.9210536E+01  0.6494296E+01  0.4271425E+01  0.2546140E+01  0.1288539E+01  0.4280997E+00 -0.7601374E-01 -0.2557957E+00 -0.1807311E+00  0.1432867E+00  0.5950441E+00  0.1314730E+01
 0.4080000E+02  0.9235547E+01  0.6516233E+01  0.4288746E+01  0.2558397E+01  0.1296271E+01  0.4315540E+00 -0.7667508E-01 -0.2593941E+00 -0.1869228E+00  0.1361995E+00  0.5861484E+00  0.1309415E+01
 0.4100000E+02  0.9260375E+01  0.6538063E+01  0.4306014E+01  0.2570632E+01  0.1304000E+01  0.4350176E+00 -0.7734194E-01 -0.2630069E+00 -0.1931502E+00  0.1290664E+00  0.5771575E+00  0.1304077E+01
 0.4120000E+02  0.9285021E+01  0.6559785E+01  0.4323228E+01  0.2582845E+01  0.1311727E+01  0.4384906E+00 -0.7801434E-01 -0.2666340E+00 -0.1994128E+00  0.1218880E+00  0.5680717E+00  0.1298716E+01
 0.4140000E+02  0.9309483E+01  0.6581398E+01  0.4340386E+01  0.2595035E+01  0.1319452E+01  0.4419728E+00 -0.7869232E-01 -0.2702755E+00 -0.2057102E+00  0.1146649E+00  0.5588914E+00  0.1293335E+01
 0.4160000E+02  0.9333762E+01  0.6602901E+01  0.4357489E+01  0.2607202E+01  0.1327173E+01  0.4454644E+00 -0.7937586E-01 -0.2739314E+00 -0.2120419E+00  0.1073977E+00  0.5496171E+00  0.1287936E+01
 0.4180000E+02  0.9357855E+01  0.6624292E+01  0.4374536E+01  0.2619344E+01  0.1334892E+01  0.4489653E+00 -0.8006499E-01 -0.2776017E+00 -0.2184074E+00  0.1000870E+00  0.5402490E+00  0.1282519E+01
 0.4200000E+02  0.9381763E+01  0.6645572E+01  0.4391525E+01  0.2631463E+01  0.1342607E+01  0.4524756E+00 -0.8075972E-01 -0.2812864E+00 -0.2248063E+00  0.9273332E-01  0.5307877E+00  0.1277087E+01
 0.4220000E+02  0.9405485E+01  0.6666739E+01  0.4408455E+01  0.2643557E+01  0.1350318E+01  0.4559952E+00 -0.8146006E-01 -0.2849856E+00 -0.2312379E+00  0.8533733E-01  0.5212334E+00  0.1271640E+01
 0.4240000E+02  0.9429019E+01  0.6687792E+01  0.4425326E+01  0.2655626E+01  0.1358026E+01  0.4595243E+00 -0.8216603E-01 -0.2886994E+00 -0.2377019E+00  0.7789959E-01  0.5115866E+00  0.1266181E+01
 0.4260000E+02  0.9452366E+01  0.6708730E+01  0.4442137E+01  0.2667668E+01  0.1365730E+01  0.4630629E+00 -0.8287761E-01 -0.2924277E+00 -0.2441977E+00  0.7042068E-01  0.5018476E+00  0.1260710E+01
 0.4280000E+02  0.9475525E+01  0.6729553E+01  0.4458887E+01  0.2679685E+01  0.1373430E+01  0.4666110E+00 -0.8359483E-01 -0.2961708E+00 -0.2507248E+00  0.6290120E-01  0.4920168E+00  0.1255229E+01
 0.4300000E+02  0.9498494E+01  0.6750258E+01  0.4475574E+01  0.2691674E+01  0.1381125E+01  0.4701688E+00 -0.8431768E-01 -0.2999287E+00 -0.2572827E+00  0.5534173E-01  0.4820946E+00  0.1249740E+01
 0.4320000E+02  0.9521272E+01  0.6770845E+01  0.4492199E+01  0.2703637E+01  0.1388816E+01  0.4737362E+00 -0.8504615E-01 -0.3037015E+00 -0.2638708E+00  0.4774286E-01  0.4720814E+00  0.1244244E+01
 0.4340000E+02  0.9543860E+01  0.6791314E+01  0.4508760E+01  0.2715571E+01  0.1396502E+01  0.4773134E+00 -0.8578026E-01 -0.3074894E+00 -0.2704887E+00  0.4010518E-01  0.4619776E+00  0.1238742E+01
 0.4360000E+02  0.9566256E+01  0.6811662E+01  0.4525255E+01  0.2727477E+01  0.1404184E+01  0.4809004E+00 -0.8652000E-01 -0.3112926E+00 -0.2771357E+00  0.3242928E-01  0.4517836E+00  0.1233235E+01
 0.4380000E+02  0.9588460E+01  0.6831889E+01  0.4541685E+01  0.2739354E+01  0.1411861E+01  0.4844974E+00 -0.8726536E-01 -0.3151112E+00 -0.2838114E+00  0.2471576E-01  0.4414996E+00  0.1227726E+01
 0.4400000E+02  0.9610470E+01  0.6851993E+01  0.4558048E+01  0.2751201E+01  0.1419532E+01  0.4881045E+00 -0.8801635E-01 -0.3189455E+00 -0.2905151E+00  0.1696519E-01  0.4311263E+00  0.1222214E+01
 0.4420000E+02  0.9632285E+01  0.6871975E+01  0.4574343E+01  0.2763018E+01  0.1427199E+01  0.4917218E+00 -0.8877298E-01 -0.3227955E+00 -0.2972463E+00  0.9178186E-02  0.4206638E+00  0.1216701E+01
 0.4440000E+02  0.9653905E+01  0.6891831E+01  0.4590568E+01  0.2774805E+01  0.1434861E+01  0.4953494E+00 -0.8953524E-01 -0.3266617E+00 -0.3040045E+00  0.1355348E-02  0.4101125E+00  0.1211189E+01
 0.4460000E+02  0.9675328E+01  0.6911562E+01  0.4606724E+01  0.2786560E+01  0.1442517E+01  0.4989876E+00 -0.9030314E-01 -0.3305442E+00 -0.3107890E+00 -0.6502730E-02  0.3994730E+00  0.1205678E+01
 0.4480000E+02  0.9696554E+01  0.6931166E+01  0.4622808E+01  0.2798284E+01  0.1450168E+01  0.5026365E+00 -0.9107670E-01 -0.3344433E+00 -0.3175993E+00 -0.1439545E-01  0.3887455E+00  0.1200170E+01
 0.4500000E+02  0.9717582E+01  0.6950642E+01  0.4638821E+01  0.2809975E+01  0.1457814E+01  0.5062963E+00 -0.9185590E-01 -0.3383594E+00 -0.3244347E+00 -0.2232220E-01  0.3779304E+00  0.1194665E+01
 0.4520000E+02  0.9738410E+01  0.6969989E+01  0.4654760E+01  0.2821633E+01  0.1465455E+01  0.5099672E+00 -0.9264074E-01 -0.3422926E+00 -0.3312948E+00 -0.3028235E-01  0.3670281E+00  0.1189165E+01
 0.4540000E+02  0.9759038E+01  0.6989205E+01  0.4670625E+01  0.2833258E+01  0.1473090E+01  0.5136494E+00 -0.9343125E-01 -0.3462435E+00 -0.3381788E+00 -0.3827530E-01  0.3560389E+00  0.1183671E+01
 0.4560000E+02  0.9779465E+01  0.7008290E+01  0.4686414E+01  0.2844848E+01  0.1480721E+01  0.5173432E+00 -0.9422747E-01 -0.3502124E+00 -0.3450861E+00 -0.4630040E-01  0.3449633E+00  0.1178184E+01
 0.4580000E+02  0.9799689E+01  0.7027241E+01  0.4702127E+01  0.2856404E+01  0.1488346E+01  0.5210489E+00 -0.9502940E-01 -0.3541996E+00 -0.3520161E+00 -0.5435703E-01  0.3338016E+00  0.1172704E+01
 0.4600000E+02  0.9819710E+01  0.7046059E+01  0.4717761E+01  0.2867924E+01  0.1495966E+01  0.5247667E+00 -0.9583709E-01 -0.3582056E+00 -0.3589682E+00 -0.6244457E-01  0.3225542E+00  0.1167233E+01
 0.4620000E+02  0.9839525E+01  0.7064740E+01  0.4733317E+01  0.2879409E+01  0.1503581E+01  0.5284970E+00 -0.9665058E-01 -0.3622308E+00 -0.3659417E+00 -0.7056236E-01  0.3112214E+00  0.1161771E+01
 0.4640000E+02  0.9859136E+01  0.7083285E+01  0.4748793E+01  0.2890856E+01  0.1511192E+01  0.5322401E+00 -0.9746991E-01 -0.3662757E+00 -0.3729359E+00 -0.7870975E-01  0.2998036E+00  0.1156319E+01
 0.4660000E+02  0.9878539E+01  0.7101692E+01  0.4764188E+01  0.2902267E+01  0.1518798E+01  0.5359964E+00 -0.9829514E-01 -0.3703409E+00 -0.3799502E+00 -0.8688608E-01  0.2883012E+00  0.1150879E+01
 0.4680000E+02  0.9897734E+01  0.7119959E+01  0.4779500E+01  0.2913640E+01  0.1526399E+01  0.5397662E+00 -0.9912630E-01 -0.3744267E+00 -0.3869838E+00 -0.9509070E-01  0.2767145E+00  0.1145450E+01
 0.4700000E+02  0.9916721E+01  0.7138085E+01  0.4794728E+01  0.2924974E+01  0.1533997E+01  0.5435500E+00 -0.9996353E-01 -0.3785338E+00 -0.3940362E+00 -0.1033229E+00  0.2650439E+00  0.1140034E+01
 0.4720000E+02  0.9935497E+01  0.7156069E+01  0.4809872E+01  0.2936269E+01  0.1541590E+01  0.5473483E+00 -0.1008069E+00 -0.3826628E+00 -0.4011065E+00 -0.1115820E+00  0.2532897E+00  0.1134631E+01
 0.4740000E+02  0.9954062E+01  0.7173909E+01  0.4824930E+01  0.2947525E+01  0.1549179E+01  0.5511615E+00 -0.1016565E+00 -0.3868143E+00 -0.4081941E+00 -0.1198673E+00  0.2414522E+00  0.1129242E+01
 0.4760000E+02  0.9972414E+01  0.7191604E+01  0.4839900E+01  0.2958740E+01  0.1556766E+01  0.5549901E+00 -0.1025125E+00 -0.3909890E+00 -0.4152983E+00 -0.1281781E+00  0.2295318E+00  0.1123867E+01
 0.4780000E+02  0.9990553E+01  0.7209152E+01  0.4854781E+01  0.2969915E+01  0.1564349E+01  0.5588347E+00 -0.1033749E+00 -0.3951875E+00 -0.4224181E+00 -0.1365136E+00  0.2175288E+00  0.1118508E+01
 0.4800000E+02  0.1000848E+02  0.7226553E+01  0.4869573E+01  0.2981048E+01  0.1571929E+01  0.5626959E+00 -0.1042440E+00 -0.3994105E+00 -0.4295530E+00 -0.1448732E+00  0.2054436E+00  0.1113163E+01
 0.4820000E+02  0.1002619E+02  0.7243803E+01  0.4884274E+01  0.2992139E+01  0.1579508E+01  0.5665743E+00 -0.1051199E+00 -0.4036588E+00 -0.4367021E+00 -0.1532560E+00  0.1932764E+00  0.1107836E+01
 0.4840000E+02  0.1004368E+02  0.7260903E+01  0.4898882E+01  0.3003187E+01  0.1587084E+01  0.5704706E+00 -0.1060028E+00 -0.4079332E+00 -0.4438646E+00 -0.1616613E+00  0.1810276E+00  0.1102524E+01
 0.4860000E+02  0.1006095E+02  0.7277851E+01  0.4913397E+01  0.3014192E+01  0.1594659E+01  0.5743853E+00 -0.1068930E+00 -0.4122346E+00 -0.4510397E+00 -0.1700883E+00  0.1686975E+00  0.1097230E+01
 0.4880000E+02  0.1007801E+02  0.7294644E+01  0.4927816E+01  0.3025154E+01  0.1602234E+01  0.5783193E+00 -0.1077907E+00 -0.4165637E+00 -0.4582266E+00 -0.1785362E+00  0.1562862E+00  0.1091953E+01
 0.4900000E+02  0.1009484E+02  0.7311283E+01  0.4942140E+01  0.3036071E+01  0.1609808E+01  0.5822735E+00 -0.1086961E+00 -0.4209214E+00 -0.4654244E+00 -0.1870042E+00  0.1437942E+00  0.1086693E+01
 0.4920000E+02  0.1011146E+02  0.7327764E+01  0.4956366E+01  0.3046943E+01  0.1617383E+01  0.5862485E+00 -0.1096095E+00 -0.4253088E+00 -0.4726323E+00 -0.1954914E+00  0.1312216E+00  0.1081452E+01
 0.4940000E+02  0.1012785E+02  0.7344087E+01  0.4970493E+01  0.3057770E+01  0.1624959E+01  0.5902453E+00 -0.1105313E+00 -0.4297268E+00 -0.4798492E+00 -0.2039970E+00  0.1185688E+00  0.1076229E+01
 0.4960000E+02  0.1014403E+02  0.7360250E+01  0.4984520E+01  0.3068552E+01  0.1632536E+01  0.5942648E+00 -0.1114619E+00 -0.4341764E+00 -0.4870744E+00 -0.2125201E+00  0.1058360E+00  0.1071024E+01
 0.4980000E+02  0.1015998E+02  0.7376252E+01  0.4998446E+01  0.3079287E+01  0.1640116E+01  0.5983079E+00 -0.1124016E+00 -0.4386587E+00 -0.4943068E+00 -0.2210598E+00  0.9302335E-01  0.1065838E+01
 0.5000000E+02  0.1017570E+02  0.7392092E+01  0.5012270E+01  0.3089975E+01  0.1647700E+01  0.6023758E+00 -0.1133509E+00 -0.4431748E+00 -0.5015455E+00 -0.2296152E+00  0.8013110E-01  0.1060671E+01
 0.5020000E+02  0.1019121E+02  0.7407767E+01  0.5025989E+01  0.3100617E+01  0.1655288E+01  0.6064694E+00 -0.1143103E+00 -0.4477258E+00 -0.5087895E+00 -0.2381854E+00  0.6715945E-01  0.1055523E+01
 0.5040000E+02  0.1020648E+02  0.7423277E+01  0.5039604E+01  0.3111211E+01  0.1662881E+01  0.6105899E+00 -0.1152803E+00 -0.4523129E+00 -0.5160376E+00 -0.2467693E+00  0.5410858E-01  0.1050394E+01
 0.5060000E+02  0.1022154E+02  0.7438620E+01  0.5053113E+01  0.3121757E+01  0.1670481E+01  0.6147383E+00 -0.1162614E+00 -0.4569374E+00 -0.5232890E+00 -0.2553659E+00  0.4097864E-01  0.1045284E+01
 0.5080000E+02  0.1023637E+02  0.7453795E+01  0.5066515E+01  0.3132256E+01  0.1678088E+01  0.6189160E+00 -0.1172544E+00 -0.4616005E+00 -0.5305424E+00 -0.2639743E+00  0.2776977E-01  0.1040193E+01
 0.5100000E+02  0.1025098E+02  0.7468801E+01  0.5079808E+01  0.3142706E+01  0.1685703E+01  0.6231242E+00 -0.1182599E+00 -0.4663036E+00 -0.5377967E+00 -0.2725934E+00  0.1448206E-01  0.1035121E+01
 0.5120000E+02  0.1026536E+02  0.7483636E+01  0.5092992E+01  0.3153107E+01  0.1693328E+01  0.6273644E+00 -0.1192785E+00 -0.4710481E+00 -0.5450507E+00 -0.2812222E+00  0.1115620E-02  0.1030068E+01
 0.5140000E+02  0.1027952E+02  0.7498300E+01  0.5106065E+01  0.3163461E+01  0.1700964E+01  0.6316377E+00 -0.1203112E+00 -0.4758354E+00 -0.5523032E+00 -0.2898594E+00 -0.1232951E-01  0.1025033E+01
 0.5160000E+02  0.1029346E+02  0.7512792E+01  0.5119027E+01  0.3173765E+01  0.1708613E+01  0.6359458E+00 -0.1213588E+00 -0.4806669E+00 -0.5595529E+00 -0.2985041E+00 -0.2585326E-01  0.1020017E+01
 0.5180000E+02  0.1030718E+02  0.7527110E+01  0.5131876E+01  0.3184022E+01  0.1716275E+01  0.6402902E+00 -0.1224222E+00 -0.4855442E+00 -0.5667986E+00 -0.3071550E+00 -0.3945565E-01  0.1015020E+01
 0.5200000E+02  0.1032068E+02  0.7541253E+01  0.5144613E+01  0.3194229E+01  0.1723953E+01  0.6446723E+00 -0.1235025E+00 -0.4904690E+00 -0.5740388E+00 -0.3158109E+00 -0.5313668E-01  0.1010040E+01
 0.5220000E+02  0.1033396E+02  0.7555222E+01  0.5157235E+01  0.3204388E+01  0.1731647E+01  0.6490939E+00 -0.1246007E+00 -0.4954426E+00 -0.5812721E+00 -0.3244707E+00 -0.6689642E-01  0.1005079E+01
 0.5240000E+02  0.1034702E+02  0.7569015E+01  0.5169743E+01  0.3214499E+01  0.1739360E+01  0.6535565E+00 -0.1257180E+00 -0.5004670E+00 -0.5884971E+00 -0.3331331E+00 -0.8073496E-01  0.1000135E+01
 0.5260000E+02  0.1035987E+02  0.7582632E+01  0.5182135E+01  0.3224563E+01  0.1747094E+01  0.6580620E+00 -0.1268557E+00 -0.5055437E+00 -0.5957121E+00 -0.3417967E+00 -0.9465239E-01  0.9952078E+00
 0.5280000E+02  0.1037250E+02  0.7596073E+01  0.5194412E+01  0.3234579E+01  0.1754850E+01  0.6626122E+00 -0.1280152E+00 -0.5106745E+00 -0.6029157E+00 -0.3504604E+00 -0.1086489E+00  0.9902974E+00
 0.5300000E+02  0.1038493E+02  0.7609338E+01  0.5206572E+01  0.3244548E+01  0.1762630E+01  0.6672089E+00 -0.1291979E+00 -0.5158613E+00 -0.6101061E+00 -0.3591226E+00 -0.1227247E+00  0.9854033E+00
 0.5320000E+02  0.1039715E+02  0.7622426E+01  0.5218616E+01  0.3254471E+01  0.1770437E+01  0.6718540E+00 -0.1304053E+00 -0.5211058E+00 -0.6172816E+00 -0.3677822E+00 -0.1368800E+00  0.9805249E+00
 0.5340000E+02  0.1040916E+02  0.7635339E+01  0.5230543E+01  0.3264348E+01  0.1778272E+01  0.6765497E+00 -0.1316393E+00 -0.5264100E+00 -0.6244403E+00 -0.3764375E+00 -0.1511151E+00  0.9756617E+00
 0.5360000E+02  0.1042098E+02  0.7648076E+01  0.5242353E+01  0.3274181E+01  0.1786138E+01  0.6812978E+00 -0.1329016E+00 -0.5317758E+00 -0.6315805E+00 -0.3850872E+00 -0.1654303E+00  0.9708131E+00
 0.5380000E+02  0.1043260E+02  0.7660638E+01  0.5254047E+01  0.3283970E+01  0.1794038E+01  0.6861004E+00 -0.1341942E+00 -0.5372052E+00 -0.6386999E+00 -0.3937299E+00 -0.1798261E+00  0.9659784E+00
 0.5400000E+02  0.1044404E+02  0.7673027E+01  0.5265624E+01  0.3293716E+01  0.1801973E+01  0.6909598E+00 -0.1355192E+00 -0.5427001E+00 -0.6457968E+00 -0.4023639E+00 -0.1943028E+00  0.9611571E+00
 0.5420000E+02  0.1045529E+02  0.7685243E+01  0.5277085E+01  0.3303421E+01  0.1809948E+01  0.6958780E+00 -0.1368788E+00 -0.5482626E+00 -0.6528688E+00 -0.4109877E+00 -0.2088610E+00  0.9563483E+00
 0.5440000E+02  0.1046636E+02  0.7697288E+01  0.5288431E+01  0.3313086E+01  0.1817963E+01  0.7008574E+00 -0.1382755E+00 -0.5538946E+00 -0.6599137E+00 -0.4195999E+00 -0.2235013E+00  0.9515514E+00
 0.5460000E+02  0.1047725E+02  0.7709164E+01  0.5299662E+01  0.3322712E+01  0.1826022E+01  0.7059001E+00 -0.1397115E+00 -0.5595984E+00 -0.6669291E+00 -0.4281986E+00 -0.2382241E+00  0.9467657E+00
 0.5480000E+02  0.1048798E+02  0.7720873E+01  0.5310779E+01  0.3332302E+01  0.1834130E+01  0.7110084E+00 -0.1411899E+00 -0.5653759E+00 -0.6739127E+00 -0.4367824E+00 -0.2530303E+00  0.9419901E+00
 0.5500000E+02  0.1049855E+02  0.7732418E+01  0.5321784E+01  0.3341857E+01  0.1842287E+01  0.7161849E+00 -0.1427136E+00 -0.5712292E+00 -0.6808617E+00 -0.4453496E+00 -0.2679205E+00  0.9372240E+00
 0.5520000E+02  0.1050897E+02  0.7743801E+01  0.5332679E+01  0.3351379E+01  0.1850499E+01  0.7214317E+00 -0.1442857E+00 -0.5771605E+00 -0.6877736E+00 -0.4538983E+00 -0.2828956E+00  0.9324664E+00
 0.5540000E+02  0.1051925E+02  0.7755026E+01  0.5343464E+01  0.3360871E+01  0.1858767E+01  0.7267512E+00 -0.1459094E+00 -0.5831717E+00 -0.6946455E+00 -0.4624269E+00 -0.2979566E+00  0.9277164E+00
 0.5560000E+02  0.1052939E+02  0.7766097E+01  0.5354142E+01  0.3370335E+01  0.1867097E+01  0.7321459E+00 -0.1475883E+00 -0.5892650E+00 -0.7014745E+00 -0.4709337E+00 -0.3131042E+00  0.9229730E+00
 0.5580000E+02  0.1053941E+02  0.7777017E+01  0.5364715E+01  0.3379774E+01  0.1875492E+01  0.7376182E+00 -0.1493261E+00 -0.5954423E+00 -0.7082575E+00 -0.4794167E+00 -0.3283398E+00  0.9182353E+00
 0.5600000E+02  0.1054932E+02  0.7787791E+01  0.5375186E+01  0.3389191E+01  0.1883955E+01  0.7431702E+00 -0.1511271E+00 -0.6017058E+00 -0.7149913E+00 -0.4878743E+00 -0.3436642E+00  0.9135021E+00
 0.5620000E+02  0.1055911E+02  0.7798425E+01  0.5385557E+01  0.3398588E+01  0.1892492E+01  0.7488045E+00 -0.1529954E+00 -0.6080572E+00 -0.7216727E+00 -0.4963045E+00 -0.3590789E+00  0.9087725E+00
 0.5640000E+02  0.1056882E+02  0.7808923E+01  0.5395832E+01  0.3407970E+01  0.1901105E+01  0.7545235E+00 -0.1549354E+00 -0.6144986E+00 -0.7282981E+00 -0.5047055E+00 -0.3745852E+00  0.9040453E+00
 0.5660000E+02  0.1057844E+02  0.7819292E+01  0.5406014E+01  0.3417339E+01  0.1909800E+01  0.7603294E+00 -0.1569523E+00 -0.6210315E+00 -0.7348639E+00 -0.5130754E+00 -0.3901843E+00  0.8993194E+00
 0.5680000E+02  0.1058799E+02  0.7829538E+01  0.5416107E+01  0.3426701E+01  0.1918581E+01  0.7662241E+00 -0.1590509E+00 -0.6276579E+00 -0.7413665E+00 -0.5214122E+00 -0.4058780E+00  0.8945937E+00
 0.5700000E+02  0.1059749E+02  0.7839668E+01  0.5426116E+01  0.3436058E+01  0.1927453E+01  0.7722105E+00 -0.1612368E+00 -0.6343793E+00 -0.7478019E+00 -0.5297141E+00 -0.4216678E+00  0.8898670E+00
 0.5720000E+02  0.1060694E+02  0.7849691E+01  0.5436045E+01  0.3445416E+01  0.1936420E+01  0.7782902E+00 -0.1635158E+00 -0.6411972E+00 -0.7541660E+00 -0.5379791E+00 -0.4375556E+00  0.8851380E+00
 0.5740000E+02  0.1061636E+02  0.7859613E+01  0.5445899E+01  0.3454779E+01  0.1945489E+01  0.7844652E+00 -0.1658938E+00 -0.6481129E+00 -0.7604547E+00 -0.5462052E+00 -0.4535430E+00  0.8804056E+00
 0.5760000E+02  0.1062576E+02  0.7869443E+01  0.5455684E+01  0.3464152E+01  0.1954664E+01  0.7907375E+00 -0.1683775E+00 -0.6551276E+00 -0.7666636E+00 -0.5543905E+00 -0.4696322E+00  0.8756686E+00
 0.5780000E+02  0.1063516E+02  0.7879192E+01  0.5465405E+01  0.3473541E+01  0.1963950E+01  0.7971085E+00 -0.1709732E+00 -0.6622423E+00 -0.7727883E+00 -0.5625329E+00 -0.4858253E+00  0.8709255E+00
 0.5800000E+02  0.1064457E+02  0.7888869E+01  0.5475069E+01  0.3482951E+01  0.1973354E+01  0.8035801E+00 -0.1736887E+00 -0.6694577E+00 -0.7788241E+00 -0.5706304E+00 -0.5021245E+00  0.8661753E+00
 0.5820000E+02  0.1065401E+02  0.7898484E+01  0.5484683E+01  0.3492389E+01  0.1982880E+01  0.8101533E+00 -0.1765308E+00 -0.6767743E+00 -0.7847662E+00 -0.5786812E+00 -0.5185322E+00  0.8614165E+00
 0.5840000E+02  0.1066349E+02  0.7908048E+01  0.5494254E+01  0.3501860E+01  0.1992536E+01  0.8168293E+00 -0.1795082E+00 -0.6841927E+00 -0.7906096E+00 -0.5866832E+00 -0.5350509E+00  0.8566480E+00
 0.5860000E+02  0.1067304E+02  0.7917574E+01  0.5503791E+01  0.3511372E+01  0.2002326E+01  0.8236087E+00 -0.1826287E+00 -0.6917128E+00 -0.7963495E+00 -0.5946342E+00 -0.5516832E+00  0.8518684E+00
 0.5880000E+02  0.1068265E+02  0.7927073E+01  0.5513300E+01  0.3520931E+01  0.2012257E+01  0.8304925E+00 -0.1859012E+00 -0.6993344E+00 -0.8019806E+00 -0.6025324E+00 -0.5684321E+00  0.8470764E+00
 0.5900000E+02  0.1069236E+02  0.7936558E+01  0.5522792E+01  0.3530544E+01  0.2022335E+01  0.8374804E+00 -0.1893344E+00 -0.7070570E+00 -0.8074975E+00 -0.6103758E+00 -0.5853004E+00  0.8422708E+00
 0.5920000E+02  0.1070218E+02  0.7946044E+01  0.5532275E+01  0.3540221E+01  0.2032567E+01  0.8445719E+00 -0.1929381E+00 -0.7148798E+00 -0.8128948E+00 -0.6181623E+00 -0.6022914E+00  0.8374502E+00
 0.5940000E+02  0.1071213E+02  0.7955543E+01  0.5541759E+01  0.3549968E+01  0.2042960E+01  0.8517670E+00 -0.1967219E+00 -0.7228015E+00 -0.8181670E+00 -0.6258899E+00 -0.6194082E+00  0.8326134E+00
 0.5960000E+02  0.1072221E+02  0.7965071E+01  0.5551256E+01  0.3559794E+01  0.2053520E+01  0.8590646E+00 -0.2006960E+00 -0.7308205E+00 -0.8233085E+00 -0.6335567E+00 -0.6366545E+00  0.8277592E+00
 0.5980000E+02  0.1073246E+02  0.7974644E+01  0.5560775E+01  0.3569709E+01  0.2064253E+01  0.8664625E+00 -0.2048709E+00 -0.7389348E+00 -0.8283135E+00 -0.6411607E+00 -0.6540338E+00  0.8228864E+00
 0.6000000E+02  0.1074288E+02  0.7984276E+01  0.5570329E+01  0.3579720E+01  0.2075167E+01  0.8739591E+00 -0.2092574E+00 -0.7471423E+00 -0.8331762E+00 -0.6486999E+00 -0.6715499E+00  0.8179937E+00
 0.6020000E+02  0.1075349E+02  0.7993984E+01  0.5579928E+01  0.3589838E+01  0.2086268E+01  0.8815516E+00 -0.2138667E+00 -0.7554400E+00 -0.8378908E+00 -0.6561723E+00 -0.6892069E+00  0.8130802E+00
 0.6040000E+02  0.1076430E+02  0.8003785E+01  0.5589587E+01  0.3600073E+01  0.2097563E+01  0.8892363E+00 -0.2187104E+00 -0.7638246E+00 -0.8424513E+00 -0.6635761E+00 -0.7070091E+00  0.8081445E+00
 0.6060000E+02  0.1077534E+02  0.8013697E+01  0.5599318E+01  0.3610435E+01  0.2109059E+01  0.8970090E+00 -0.2237996E+00 -0.7722929E+00 -0.8468517E+00 -0.6709094E+00 -0.7249607E+00  0.8031859E+00
 0.6080000E+02  0.1078661E+02  0.8023735E+01  0.5609134E+01  0.3620934E+01  0.2120762E+01  0.9048654E+00 -0.2291463E+00 -0.7808407E+00 -0.8510862E+00 -0.6781701E+00 -0.7430664E+00  0.7982031E+00
 0.6100000E+02  0.1079813E+02  0.8033920E+01  0.5619050E+01  0.3631581E+01  0.2132679E+01  0.9127989E+00 -0.2347622E+00 -0.7894635E+00 -0.8551488E+00 -0.6853565E+00 -0.7613310E+00  0.7931955E+00
 0.6120000E+02  0.1080991E+02  0.8044269E+01  0.5629079E+01  0.3642388E+01  0.2144818E+01  0.9208033E+00 -0.2406596E+00 -0.7981567E+00 -0.8590337E+00 -0.6924666E+00 -0.7797595E+00  0.7881622E+00
 0.6140000E+02  0.1082196E+02  0.8054799E+01  0.5639238E+01  0.3653366E+01  0.2157182E+01  0.9288710E+00 -0.2468503E+00 -0.8069147E+00 -0.8627348E+00 -0.6994986E+00 -0.7983572E+00  0.7831024E+00
 0.6160000E+02  0.1083429E+02  0.8065531E+01  0.5649541E+01  0.3664526E+01  0.2169780E+01  0.9369941E+00 -0.2533458E+00 -0.8157317E+00 -0.8662463E+00 -0.7064508E+00 -0.8171294E+00  0.7780155E+00
 0.6180000E+02  0.1084690E+02  0.8076482E+01  0.5660004E+01  0.3675880E+01  0.2182616E+01  0.9451625E+00 -0.2601578E+00 -0.8246022E+00 -0.8695627E+00 -0.7133212E+00 -0.8360820E+00  0.7729011E+00
 0.6200000E+02  0.1085981E+02  0.8087671E+01  0.5670643E+01  0.3687441E+01  0.2195696E+01  0.9533649E+00 -0.2672971E+00 -0.8335196E+00 -0.8726781E+00 -0.7201082E+00 -0.8552207E+00  0.7677588E+00
 0.6220000E+02  0.1087302E+02  0.8099117E+01  0.5681475E+01  0.3699219E+01  0.2209024E+01  0.9615895E+00 -0.2747751E+00 -0.8424775E+00 -0.8755870E+00 -0.7268099E+00 -0.8745518E+00  0.7625883E+00
 0.6240000E+02  0.1088652E+02  0.8110837E+01  0.5692515E+01  0.3711228E+01  0.2222605E+01  0.9698247E+00 -0.2826030E+00 -0.8514689E+00 -0.8782840E+00 -0.7334247E+00 -0.8940816E+00  0.7573896E+00
 0.6260000E+02  0.1090032E+02  0.8122849E+01  0.5703781E+01  0.3723479E+01  0.2236441E+01  0.9780554E+00 -0.2907897E+00 -0.8604862E+00 -0.8807639E+00 -0.7399509E+00 -0.9138166E+00  0.7521627E+00
 0.6280000E+02  0.1091440E+02  0.8135170E+01  0.5715288E+01  0.3735985E+01  0.2250537E+01  0.9862673E+00 -0.2993446E+00 -0.8695221E+00 -0.8830217E+00 -0.7463868E+00 -0.9337638E+00  0.7469079E+00
 0.6300000E+02  0.1092875E+02  0.8147818E+01  0.5727053E+01  0.3748757E+01  0.2264895E+01  0.9944432E+00 -0.3082766E+00 -0.8785694E+00 -0.8850523E+00 -0.7527307E+00 -0.9539303E+00  0.7416255E+00
 0.6320000E+02  0.1094337E+02  0.8160807E+01  0.5739094E+01  0.3761808E+01  0.2279517E+01  0.1002565E+01 -0.3175927E+00 -0.8876205E+00 -0.8868512E+00 -0.7589813E+00 -0.9743232E+00  0.7363163E+00
 0.6340000E+02  0.1095823E+02  0.8174152E+01  0.5751425E+01  0.3775148E+01  0.2294401E+01  0.1010615E+01 -0.3272991E+00 -0.8966676E+00 -0.8884141E+00 -0.7651368E+00 -0.9949502E+00  0.7309812E+00
 0.6360000E+02  0.1097331E+02  0.8187865E+01  0.5764062E+01  0.3788789E+01  0.2309548E+01  0.1018573E+01 -0.3374023E+00 -0.9057027E+00 -0.8897365E+00 -0.7711959E+00 -0.1015819E+01  0.7256210E+00
 0.6380000E+02  0.1098857E+02  0.8201958E+01  0.5777022E+01  0.3802739E+01  0.2324956E+01  0.1026417E+01 -0.3479057E+00 -0.9147189E+00 -0.8908145E+00 -0.7771571E+00 -0.1036938E+01  0.7202373E+00
 0.6400000E+02  0.1100399E+02  0.8216441E+01  0.5790320E+01  0.3817012E+01  0.2340622E+01  0.1034127E+01 -0.3588138E+00 -0.9237080E+00 -0.8916443E+00 -0.7830194E+00 -0.1058316E+01  0.7148315E+00
 0.6420000E+02  0.1101952E+02  0.8231322E+01  0.5803967E+01  0.3831614E+01  0.2356541E+01  0.1041679E+01 -0.3701276E+00 -0.9326629E+00 -0.8922222E+00 -0.7887814E+00 -0.1079960E+01  0.7094056E+00
 0.6440000E+02  0.1103511E+02  0.8246607E+01  0.5817977E+01  0.3846554E+01  0.2372706E+01  0.1049048E+01 -0.3818470E+00 -0.9415769E+00 -0.8925454E+00 -0.7944422E+00 -0.1101880E+01  0.7039615E+00
 0.6460000E+02  0.1105070E+02  0.8262298E+01  0.5832362E+01  0.3861839E+01  0.2389111E+01  0.1056211E+01 -0.3939720E+00 -0.9504431E+00 -0.8926105E+00 -0.8000009E+00 -0.1124085E+01  0.6985018E+00
 0.6480000E+02  0.1106625E+02  0.8278393E+01  0.5847134E+01  0.3877475E+01  0.2405747E+01  0.1063143E+01 -0.4065003E+00 -0.9592543E+00 -0.8924145E+00 -0.8054568E+00 -0.1146585E+01  0.6930291E+00
 0.6500000E+02  0.1108167E+02  0.8294892E+01  0.5862301E+01  0.3893467E+01  0.2422602E+01  0.1069820E+01 -0.4194278E+00 -0.9680044E+00 -0.8919550E+00 -0.8108093E+00 -0.1169388E+01  0.6875465E+00
 0.6520000E+02  0.1109689E+02  0.8311786E+01  0.5877871E+01  0.3909818E+01  0.2439663E+01  0.1076214E+01 -0.4327491E+00 -0.9766873E+00 -0.8912296E+00 -0.8160582E+00 -0.1192504E+01  0.6820573E+00
 0.6540000E+02  0.1111184E+02  0.8329064E+01  0.5893851E+01  0.3926531E+01  0.2456918E+01  0.1082302E+01 -0.4464577E+00 -0.9852979E+00 -0.8902362E+00 -0.8212036E+00 -0.1215944E+01  0.6765651E+00
 0.6560000E+02  0.1112643E+02  0.8346713E+01  0.5910244E+01  0.3943605E+01  0.2474347E+01  0.1088058E+01 -0.4605466E+00 -0.9938308E+00 -0.8889723E+00 -0.8262457E+00 -0.1239718E+01  0.6710741E+00
 0.6580000E+02  0.1114056E+02  0.8364714E+01  0.5927052E+01  0.3961041E+01  0.2491936E+01  0.1093458E+01 -0.4750055E+00 -0.1002281E+01 -0.8874360E+00 -0.8311852E+00 -0.1263837E+01  0.6655884E+00
 0.6600000E+02  0.1115415E+02  0.8383042E+01  0.5944274E+01  0.3978835E+01  0.2509661E+01  0.1098477E+01 -0.4898264E+00 -0.1010644E+01 -0.8856256E+00 -0.8360233E+00 -0.1288310E+01  0.6601128E+00
 0.6620000E+02  0.1116709E+02  0.8401670E+01  0.5961906E+01  0.3996980E+01  0.2527502E+01  0.1103090E+01 -0.5049975E+00 -0.1018916E+01 -0.8835391E+00 -0.8407618E+00 -0.1313149E+01  0.6546524E+00
 0.6640000E+02  0.1117929E+02  0.8420564E+01  0.5979945E+01  0.4015470E+01  0.2545435E+01  0.1107278E+01 -0.5205062E+00 -0.1027093E+01 -0.8811746E+00 -0.8454026E+00 -0.1338364E+01  0.6492123E+00
 0.6660000E+02  0.1119065E+02  0.8439685E+01  0.5998381E+01  0.4034296E+01  0.2563434E+01  0.1111019E+01 -0.5363373E+00 -0.1035171E+01 -0.8785305E+00 -0.8499487E+00 -0.1363968E+01  0.6437983E+00
 0.6680000E+02  0.1120108E+02  0.8458992E+01  0.6017201E+01  0.4053447E+01  0.2581472E+01  0.1114290E+01 -0.5524788E+00 -0.1043149E+01 -0.8756042E+00 -0.8544037E+00 -0.1389970E+01  0.6384164E+00
 0.6700000E+02  0.1121048E+02  0.8478436E+01  0.6036392E+01  0.4072909E+01  0.2599520E+01  0.1117078E+01 -0.5689161E+00 -0.1051022E+01 -0.8723934E+00 -0.8587717E+00 -0.1416382E+01  0.6330729E+00
 0.6720000E+02  0.1121876E+02  0.8497962E+01  0.6055938E+01  0.4092665E+01  0.2617550E+01  0.1119364E+01 -0.5856340E+00 -0.1058789E+01 -0.8688960E+00 -0.8630583E+00 -0.1443214E+01  0.6277743E+00
 0.6740000E+02  0.1122585E+02  0.8517514E+01  0.6075815E+01  0.4112696E+01  0.2635529E+01  0.1121131E+01 -0.6026163E+00 -0.1066447E+01 -0.8651098E+00 -0.8672698E+00 -0.1470479E+01  0.6225274E+00
 0.6760000E+02  0.1123167E+02  0.8537027E+01  0.6096001E+01  0.4132982E+01  0.2653425E+01  0.1122372E+01 -0.6198474E+00 -0.1073996E+01 -0.8610310E+00 -0.8714140E+00 -0.1498185E+01  0.6173392E+00
 0.6780000E+02  0.1123616E+02  0.8556435E+01  0.6116471E+01  0.4153499E+01  0.2671206E+01  0.1123071E+01 -0.6373104E+00 -0.1081432E+01 -0.8566553E+00 -0.8754997E+00 -0.1526344E+01  0.6122171E+00
 0.6800000E+02  0.1123927E+02  0.8575668E+01  0.6137189E+01  0.4174221E+01  0.2688837E+01  0.1123223E+01 -0.6549895E+00 -0.1088754E+01 -0.8519794E+00 -0.8795377E+00 -0.1554965E+01  0.6071685E+00
 0.6820000E+02  0.1124097E+02  0.8594651E+01  0.6158126E+01  0.4195123E+01  0.2706283E+01  0.1122820E+01 -0.6728689E+00 -0.1095961E+01 -0.8469974E+00 -0.8835404E+00 -0.1584057E+01  0.6022008E+00
 0.6840000E+02  0.1124121E+02  0.8613310E+01  0.6179241E+01  0.4216175E+01  0.2723510E+01  0.1121859E+01 -0.6909311E+00 -0.1103051E+01 -0.8417048E+00 -0.8875220E+00 -0.1613629E+01  0.5973218E+00
 0.6860000E+02  0.1124001E+02  0.8631564E+01  0.6200496E+01  0.4237347E+01  0.2740485E+01  0.1120338E+01 -0.7091620E+00 -0.1110023E+01 -0.8360943E+00 -0.8914996E+00 -0.1643687E+01  0.5925392E+00
 0.6880000E+02  0.1123735E+02  0.8649337E+01  0.6221849E+01  0.4258602E+01  0.2757173E+01  0.1118256E+01 -0.7275431E+00 -0.1116875E+01 -0.8301577E+00 -0.8954924E+00 -0.1674236E+01  0.5878605E+00
 0.6900000E+02  0.1123324E+02  0.8666550E+01  0.6243253E+01  0.4279907E+01  0.2773538E+01  0.1115616E+01 -0.7460594E+00 -0.1123606E+01 -0.8238863E+00 -0.8995231E+00 -0.1705281E+01  0.5832934E+00
 0.6920000E+02  0.1122773E+02  0.8683122E+01  0.6264662E+01  0.4301228E+01  0.2789549E+01  0.1112421E+01 -0.7646970E+00 -0.1130214E+01 -0.8172697E+00 -0.9036175E+00 -0.1736824E+01  0.5788453E+00
 0.6940000E+02  0.1122084E+02  0.8698979E+01  0.6286024E+01  0.4322525E+01  0.2805174E+01  0.1108677E+01 -0.7834386E+00 -0.1136698E+01 -0.8102961E+00 -0.9078060E+00 -0.1768863E+01  0.5745233E+00
 0.6960000E+02  0.1121263E+02  0.8714044E+01  0.6307289E+01  0.4343759E+01  0.2820382E+01  0.1104391E+01 -0.8022700E+00 -0.1143056E+01 -0.8029522E+00 -0.9121237E+00 -0.1801394E+01  0.5703344E+00
 0.6980000E+02  0.1120316E+02  0.8728248E+01  0.6328405E+01  0.4364891E+01  0.2835143E+01  0.1099573E+01 -0.8211768E+00 -0.1149285E+01 -0.7952219E+00 -0.9166110E+00 -0.1834410E+01  0.5662852E+00
 0.7000000E+02  0.1119249E+02  0.8741525E+01  0.6349314E+01  0.4385882E+01  0.2849428E+01  0.1094232E+01 -0.8401471E+00 -0.1155384E+01 -0.7870876E+00 -0.9213147E+00 -0.1867900E+01  0.5623817E+00
 0.7020000E+02  0.1118070E+02  0.8753813E+01  0.6369964E+01  0.4406690E+01  0.2863211E+01  0.1088378E+01 -0.8591649E+00 -0.1161350E+01 -0.7785285E+00 -0.9262899E+00 -0.1901845E+01  0.5586296E+00
 0.7040000E+02  0.1116787E+02  0.8765056E+01  0.6390298E+01  0.4427274E+01  0.2876466E+01  0.1082028E+01 -0.8782191E+00 -0.1167178E+01 -0.7695220E+00 -0.9315998E+00 -0.1936223E+01  0.5550337E+00
 0.7060000E+02  0.1115408E+02  0.8775205E+01  0.6410258E+01  0.4447592E+01  0.2889170E+01  0.1075191E+01 -0.8972954E+00 -0.1172866E+01 -0.7600413E+00 -0.9373197E+00 -0.1971003E+01  0.5515983E+00
 0.7080000E+02  0.1113943E+02  0.8784216E+01  0.6429790E+01  0.4467607E+01  0.2901300E+01  0.1067882E+01 -0.9163831E+00 -0.1178411E+01 -0.7500560E+00 -0.9435363E+00 -0.2006149E+01  0.5483268E+00
 0.7100000E+02  0.1112400E+02  0.8792058E+01  0.6448840E+01  0.4487276E+01  0.2912840E+01  0.1060118E+01 -0.9354697E+00 -0.1183808E+01 -0.7395323E+00 -0.9503525E+00 -0.2041612E+01  0.5452217E+00
 0.7120000E+02  0.1110788E+02  0.8798699E+01  0.6467355E+01  0.4506560E+01  0.2923769E+01  0.1051915E+01 -0.9545442E+00 -0.1189052E+01 -0.7284304E+00 -0.9578896E+00 -0.2077335E+01  0.5422846E+00
 0.7140000E+02  0.1109116E+02  0.8804120E+01  0.6485283E+01  0.4525419E+01  0.2934073E+01  0.1043291E+01 -0.9735961E+00 -0.1194138E+01 -0.7167057E+00 -0.9662914E+00 -0.2113249E+01  0.5395159E+00
 0.7160000E+02  0.1107393E+02  0.8808310E+01  0.6502572E+01  0.4543813E+01  0.2943735E+01  0.1034260E+01 -0.9926132E+00 -0.1199061E+01 -0.7043077E+00 -0.9757277E+00 -0.2149271E+01  0.5369148E+00
 0.7180000E+02  0.1105627E+02  0.8811263E+01  0.6519171E+01  0.4561706E+01  0.2952747E+01  0.1024842E+01 -0.1011588E+01 -0.1203814E+01 -0.6911778E+00 -0.9864032E+00 -0.2185305E+01  0.5344794E+00
 0.7200000E+02  0.1103826E+02  0.8812984E+01  0.6535037E+01  0.4579065E+01  0.2961095E+01  0.1015049E+01 -0.1030508E+01 -0.1208389E+01 -0.6772506E+00 -0.9985626E+00 -0.2221238E+01  0.5322063E+00
 0.7220000E+02  0.1101998E+02  0.8813482E+01  0.6550125E+01  0.4595849E+01  0.2968772E+01  0.1004901E+01 -0.1049367E+01 -0.1212779E+01 -0.6624488E+00 -0.1012501E+01 -0.2256940E+01  0.5300907E+00
 0.7240000E+02  0.1100151E+02  0.8812775E+01  0.6564395E+01  0.4612030E+01  0.2975770E+01  0.9944171E+00 -0.1068153E+01 -0.1216974E+01 -0.6466829E+00 -0.1028573E+01 -0.2292267E+01  0.5281263E+00
 0.7260000E+02  0.1098292E+02  0.8810885E+01  0.6577810E+01  0.4627578E+01  0.2982085E+01  0.9836099E+00 -0.1086859E+01 -0.1220967E+01 -0.6298528E+00 -0.1047210E+01 -0.2327052E+01  0.5263053E+00
 0.7280000E+02  0.1096427E+02  0.8807840E+01  0.6590335E+01  0.4642456E+01  0.2987712E+01  0.9724973E+00 -0.1105477E+01 -0.1224746E+01 -0.6118405E+00 -0.1068937E+01 -0.2361115E+01  0.5246183E+00
 0.7300000E+02  0.1094563E+02  0.8803678E+01  0.6601937E+01  0.4656642E+01  0.2992649E+01  0.9610954E+00 -0.1123996E+01 -0.1228300E+01 -0.5925092E+00 -0.1094393E+01 -0.2394258E+01  0.5230542E+00
 0.7320000E+02  0.1092706E+02  0.8798436E+01  0.6612594E+01  0.4670105E+01  0.2996895E+01  0.9494186E+00 -0.1142410E+01 -0.1231615E+01 -0.5716966E+00 -0.1124354E+01 -0.2426269E+01  0.5216004E+00
 0.7340000E+02  0.1090860E+02  0.8792158E+01  0.6622279E+01  0.4682822E+01  0.3000450E+01  0.9374841E+00 -0.1160714E+01 -0.1234680E+01 -0.5492119E+00 -0.1159765E+01 -0.2456924E+01  0.5202426E+00
 0.7360000E+02  0.1089033E+02  0.8784893E+01  0.6630972E+01  0.4694766E+01  0.3003317E+01  0.9253083E+00 -0.1178896E+01 -0.1237480E+01 -0.5248304E+00 -0.1201768E+01 -0.2485997E+01  0.5189649E+00
 0.7380000E+02  0.1087228E+02  0.8776687E+01  0.6638658E+01  0.4705919E+01  0.3005492E+01  0.9129019E+00 -0.1196951E+01 -0.1239997E+01 -0.4982839E+00 -0.1251730E+01 -0.2513260E+01  0.5177499E+00
 0.7400000E+02  0.1085449E+02  0.8767596E+01  0.6645324E+01  0.4716260E+01  0.3006984E+01  0.9002771E+00 -0.1214875E+01 -0.1242213E+01 -0.4692485E+00 -0.1311261E+01 -0.2538496E+01  0.5165789E+00
 0.7420000E+02  0.1083703E+02  0.8757670E+01  0.6650960E+01  0.4725770E+01  0.3007794E+01  0.8874496E+00 -0.1232659E+01 -0.1244111E+01 -0.4373322E+00 -0.1382211E+01 -0.2561506E+01  0.5154317E+00
 0.7440000E+02  0.1081991E+02  0.8746967E+01  0.6655561E+01  0.4734437E+01  0.3007927E+01  0.8744308E+00 -0.1250298E+01 -0.1245668E+01 -0.4020527E+00 -0.1466625E+01 -0.2582119E+01  0.5142871E+00
 0.7460000E+02  0.1080318E+02  0.8735546E+01  0.6659127E+01  0.4742244E+01  0.3007388E+01  0.8612309E+00 -0.1267789E+01 -0.1246862E+01 -0.3628170E+00 -0.1566612E+01 -0.2600207E+01  0.5131228E+00
 0.7480000E+02  0.1078688E+02  0.8723459E+01  0.6661659E+01  0.4749176E+01  0.3006184E+01  0.8478598E+00 -0.1285127E+01 -0.1247668E+01 -0.3188769E+00 -0.1684112E+01 -0.2615690E+01  0.5119155E+00
 0.7500000E+02  0.1077104E+02  0.8710764E+01  0.6663162E+01  0.4755233E+01  0.3004321E+01  0.8343266E+00 -0.1302310E+01 -0.1248059E+01 -0.2692859E+00 -0.1820497E+01 -0.2628547E+01  0.5106412E+00
 0.7520000E+02  0.1075570E+02  0.8697514E+01  0.6663648E+01  0.4760399E+01  0.3001806E+01  0.8206398E+00 -0.1319334E+01 -0.1248006E+01 -0.2128248E+00 -0.1976006E+01 -0.2638817E+01  0.5092749E+00
 0.7540000E+02  0.1074088E+02  0.8683762E+01  0.6663123E+01  0.4764675E+01  0.2998647E+01  0.8068060E+00 -0.1336199E+01 -0.1247474E+01 -0.1478933E+00 -0.2149067E+01 -0.2646608E+01  0.5077907E+00
 0.7560000E+02  0.1072662E+02  0.8669561E+01  0.6661609E+01  0.4768049E+01  0.2994851E+01  0.7928316E+00 -0.1352901E+01 -0.1246432E+01 -0.7235002E-01 -0.2335667E+01 -0.2652080E+01  0.5061612E+00
 0.7580000E+02  0.1071295E+02  0.8654961E+01  0.6659120E+01  0.4770526E+01  0.2990429E+01  0.7787195E+00 -0.1369450E+01 -0.1244839E+01  0.1674261E-01 -0.2529036E+01 -0.2655446E+01  0.5043579E+00
 0.7600000E+02  0.1069991E+02  0.8640008E+01  0.6655671E+01  0.4772100E+01  0.2985379E+01  0.7644709E+00 -0.1385841E+01 -0.1242657E+01  0.1235246E+00 -0.2719998E+01 -0.2656953E+01  0.5023505E+00
 0.7620000E+02  0.1068752E+02  0.8624744E+01  0.6651280E+01  0.4772767E+01  0.2979708E+01  0.7500854E+00 -0.1402082E+01 -0.1239835E+01  0.2540271E+00 -0.2898122E+01 -0.2656866E+01  0.5001072E+00
 0.7640000E+02  0.1067583E+02  0.8609207E+01  0.6645961E+01  0.4772520E+01  0.2973414E+01  0.7355602E+00 -0.1418181E+01 -0.1236319E+01  0.4173972E+00 -0.3053534E+01 -0.2655455E+01  0.4975945E+00
 0.7660000E+02  0.1066486E+02  0.8593430E+01  0.6639725E+01  0.4771345E+01  0.2966490E+01  0.7208808E+00 -0.1434141E+01 -0.1232045E+01  0.6281635E+00 -0.3178832E+01 -0.2652973E+01  0.4947771E+00
 0.7680000E+02  0.1065467E+02  0.8577442E+01  0.6632572E+01  0.4769222E+01  0.2958920E+01  0.7060405E+00 -0.1449977E+01 -0.1226944E+01  0.9107507E+00 -0.3270407E+01 -0.2649644E+01  0.4916172E+00
 0.7700000E+02  0.1064529E+02  0.8561262E+01  0.6624497E+01  0.4766118E+01  0.2950678E+01  0.6910084E+00 -0.1465699E+01 -0.1220942E+01  0.1309252E+01 -0.3328693E+01 -0.2645644E+01  0.4880717E+00
 0.7720000E+02  0.1063676E+02  0.8544904E+01  0.6615472E+01  0.4761981E+01  0.2941714E+01  0.6757548E+00 -0.1481335E+01 -0.1213980E+01  0.1911332E+01 -0.3357320E+01 -0.2641066E+01  0.4840868E+00
 0.7740000E+02  0.1062906E+02  0.8528349E+01  0.6605439E+01  0.4756711E+01  0.2931943E+01  0.6602076E+00 -0.1496948E+01 -0.1206081E+01  0.2918637E+01 -0.3361618E+01 -0.2635862E+01  0.4795827E+00
 0.7760000E+02  0.1062198E+02  0.8511458E+01  0.6594175E+01  0.4750041E+01  0.2921110E+01  0.6441655E+00 -0.1512718E+01 -0.1197602E+01  0.4941493E+01 -0.3346860E+01 -0.2629689E+01  0.4744432E+00
 0.7780000E+02  0.1061514E+02  0.8494050E+01  0.6581432E+01  0.4741733E+01  0.2908949E+01  0.6273769E+00 -0.1528852E+01 -0.1189527E+01  0.1055489E+02 -0.3317538E+01 -0.2622579E+01  0.4689659E+00
 0.7800000E+02  0.1060837E+02  0.8477250E+01  0.6567548E+01  0.4731631E+01  0.2895665E+01  0.6107614E+00 -0.1544505E+01 -0.1181823E+01  0.2702079E+02 -0.3273537E+01 -0.2618397E+01  0.4605982E+00
 0.7820000E+02  0.3480416E+06 -0.1382851E+06  0.7687495E+05 -0.2348789E+06 -0.7703517E+07 -0.3524698E+07 -0.1458675E+06 -0.8489886E+05 -0.5868630E+05  0.8680362E+05 -0.1461227E+06
 0.7840000E+02  0.9649868E+05 -0.2150682E+05
 0.7860000E+02  0.2869288E+05
