 0.2000000E+00  0.8226571E+00  0.9276271E+00  0.1032598E+01  0.1137569E+01  0.1242541E+01  0.1347514E+01  0.1452486E+01  0.1557459E+01  0.1662432E+01  0.1767406E+01  0.1872379E+01  0.1977352E+01
 0.4000000E+00  0.8226792E+00  0.9276410E+00  0.1032606E+01  0.1137573E+01  0.1242543E+01  0.1347514E+01  0.1452486E+01  0.1557460E+01  0.1662433E+01  0.1767408E+01  0.1872383E+01  0.1977358E+01
 0.6000000E+00  0.8227160E+00  0.9276640E+00  0.1032619E+01  0.1137580E+01  0.1242546E+01  0.1347514E+01  0.1452486E+01  0.1557460E+01  0.1662435E+01  0.1767412E+01  0.1872390E+01  0.1977368E+01
 0.8000000E+00  0.8227675E+00  0.9276963E+00  0.1032638E+01  0.1137590E+01  0.1242549E+01  0.1347515E+01  0.1452486E+01  0.1557461E+01  0.1662438E+01  0.1767418E+01  0.1872400E+01  0.1977382E+01
 0.1000000E+01  0.8228337E+00  0.9277378E+00  0.1032662E+01  0.1137602E+01  0.1242554E+01  0.1347516E+01  0.1452486E+01  0.1557461E+01  0.1662442E+01  0.1767425E+01  0.1872412E+01  0.1977401E+01
 0.1200000E+01  0.8229145E+00  0.9277885E+00  0.1032691E+01  0.1137616E+01  0.1242560E+01  0.1347517E+01  0.1452485E+01  0.1557462E+01  0.1662446E+01  0.1767435E+01  0.1872427E+01  0.1977423E+01
 0.1400000E+01  0.8230101E+00  0.9278484E+00  0.1032726E+01  0.1137634E+01  0.1242567E+01  0.1347518E+01  0.1452485E+01  0.1557463E+01  0.1662451E+01  0.1767445E+01  0.1872445E+01  0.1977449E+01
 0.1600000E+01  0.8231204E+00  0.9279175E+00  0.1032766E+01  0.1137654E+01  0.1242574E+01  0.1347520E+01  0.1452485E+01  0.1557465E+01  0.1662457E+01  0.1767458E+01  0.1872466E+01  0.1977479E+01
 0.1800000E+01  0.8232453E+00  0.9279958E+00  0.1032811E+01  0.1137677E+01  0.1242583E+01  0.1347521E+01  0.1452484E+01  0.1557466E+01  0.1662463E+01  0.1767472E+01  0.1872489E+01  0.1977513E+01
 0.2000000E+01  0.8233848E+00  0.9280833E+00  0.1032861E+01  0.1137702E+01  0.1242593E+01  0.1347523E+01  0.1452484E+01  0.1557468E+01  0.1662471E+01  0.1767488E+01  0.1872515E+01  0.1977551E+01
 0.2200000E+01  0.8235390E+00  0.9281800E+00  0.1032917E+01  0.1137731E+01  0.1242604E+01  0.1347525E+01  0.1452483E+01  0.1557470E+01  0.1662479E+01  0.1767505E+01  0.1872544E+01  0.1977594E+01
 0.2400000E+01  0.8237078E+00  0.9282858E+00  0.1032978E+01  0.1137762E+01  0.1242616E+01  0.1347527E+01  0.1452482E+01  0.1557472E+01  0.1662488E+01  0.1767524E+01  0.1872576E+01  0.1977640E+01
 0.2600000E+01  0.8238911E+00  0.9284008E+00  0.1033045E+01  0.1137795E+01  0.1242630E+01  0.1347530E+01  0.1452482E+01  0.1557474E+01  0.1662497E+01  0.1767545E+01  0.1872610E+01  0.1977690E+01
 0.2800000E+01  0.8240890E+00  0.9285250E+00  0.1033117E+01  0.1137832E+01  0.1242644E+01  0.1347532E+01  0.1452481E+01  0.1557476E+01  0.1662508E+01  0.1767567E+01  0.1872647E+01  0.1977744E+01
 0.3000000E+01  0.8243015E+00  0.9286583E+00  0.1033194E+01  0.1137871E+01  0.1242659E+01  0.1347535E+01  0.1452480E+01  0.1557479E+01  0.1662519E+01  0.1767591E+01  0.1872687E+01  0.1977802E+01
 0.3200000E+01  0.8245284E+00  0.9288007E+00  0.1033276E+01  0.1137912E+01  0.1242675E+01  0.1347538E+01  0.1452479E+01  0.1557481E+01  0.1662531E+01  0.1767616E+01  0.1872730E+01  0.1977864E+01
 0.3400000E+01  0.8247699E+00  0.9289523E+00  0.1033364E+01  0.1137957E+01  0.1242693E+01  0.1347541E+01  0.1452478E+01  0.1557484E+01  0.1662543E+01  0.1767643E+01  0.1872775E+01  0.1977930E+01
 0.3600000E+01  0.8250258E+00  0.9291129E+00  0.1033457E+01  0.1138004E+01  0.1242711E+01  0.1347545E+01  0.1452477E+01  0.1557487E+01  0.1662557E+01  0.1767672E+01  0.1872823E+01  0.1978000E+01
 0.3800000E+01  0.8252960E+00  0.9292827E+00  0.1033555E+01  0.1138053E+01  0.1242731E+01  0.1347548E+01  0.1452476E+01  0.1557490E+01  0.1662571E+01  0.1767703E+01  0.1872873E+01  0.1978074E+01
 0.4000000E+01  0.8255807E+00  0.9294615E+00  0.1033658E+01  0.1138106E+01  0.1242751E+01  0.1347552E+01  0.1452475E+01  0.1557494E+01  0.1662586E+01  0.1767734E+01  0.1872927E+01  0.1978151E+01
 0.4200000E+01  0.8258797E+00  0.9296493E+00  0.1033767E+01  0.1138161E+01  0.1242773E+01  0.1347556E+01  0.1452474E+01  0.1557497E+01  0.1662601E+01  0.1767768E+01  0.1872982E+01  0.1978233E+01
 0.4400000E+01  0.8261931E+00  0.9298463E+00  0.1033881E+01  0.1138219E+01  0.1242795E+01  0.1347561E+01  0.1452473E+01  0.1557501E+01  0.1662618E+01  0.1767803E+01  0.1873041E+01  0.1978318E+01
 0.4600000E+01  0.8265207E+00  0.9300522E+00  0.1034000E+01  0.1138279E+01  0.1242819E+01  0.1347565E+01  0.1452472E+01  0.1557504E+01  0.1662635E+01  0.1767840E+01  0.1873102E+01  0.1978408E+01
 0.4800000E+01  0.8268625E+00  0.9302672E+00  0.1034125E+01  0.1138342E+01  0.1242844E+01  0.1347570E+01  0.1452471E+01  0.1557508E+01  0.1662652E+01  0.1767878E+01  0.1873166E+01  0.1978501E+01
 0.5000000E+01  0.8272185E+00  0.9304911E+00  0.1034255E+01  0.1138408E+01  0.1242870E+01  0.1347574E+01  0.1452469E+01  0.1557512E+01  0.1662671E+01  0.1767918E+01  0.1873232E+01  0.1978598E+01
 0.5200000E+01  0.8275886E+00  0.9307240E+00  0.1034390E+01  0.1138477E+01  0.1242897E+01  0.1347579E+01  0.1452468E+01  0.1557517E+01  0.1662690E+01  0.1767959E+01  0.1873301E+01  0.1978699E+01
 0.5400000E+01  0.8279729E+00  0.9309659E+00  0.1034530E+01  0.1138548E+01  0.1242925E+01  0.1347585E+01  0.1452466E+01  0.1557521E+01  0.1662710E+01  0.1768002E+01  0.1873373E+01  0.1978803E+01
 0.5600000E+01  0.8283712E+00  0.9312166E+00  0.1034676E+01  0.1138622E+01  0.1242954E+01  0.1347590E+01  0.1452465E+01  0.1557525E+01  0.1662730E+01  0.1768046E+01  0.1873447E+01  0.1978912E+01
 0.5800000E+01  0.8287835E+00  0.9314763E+00  0.1034826E+01  0.1138699E+01  0.1242984E+01  0.1347596E+01  0.1452463E+01  0.1557530E+01  0.1662751E+01  0.1768092E+01  0.1873524E+01  0.1979024E+01
 0.6000000E+01  0.8292098E+00  0.9317449E+00  0.1034982E+01  0.1138778E+01  0.1243016E+01  0.1347602E+01  0.1452462E+01  0.1557535E+01  0.1662773E+01  0.1768140E+01  0.1873603E+01  0.1979140E+01
 0.6200000E+01  0.8296499E+00  0.9320224E+00  0.1035143E+01  0.1138860E+01  0.1243048E+01  0.1347608E+01  0.1452460E+01  0.1557540E+01  0.1662796E+01  0.1768188E+01  0.1873685E+01  0.1979260E+01
 0.6400000E+01  0.8301039E+00  0.9323086E+00  0.1035310E+01  0.1138945E+01  0.1243082E+01  0.1347614E+01  0.1452458E+01  0.1557545E+01  0.1662819E+01  0.1768239E+01  0.1873769E+01  0.1979383E+01
 0.6600000E+01  0.8305717E+00  0.9326037E+00  0.1035481E+01  0.1139032E+01  0.1243116E+01  0.1347621E+01  0.1452456E+01  0.1557550E+01  0.1662843E+01  0.1768291E+01  0.1873856E+01  0.1979510E+01
 0.6800000E+01  0.8310533E+00  0.9329076E+00  0.1035658E+01  0.1139122E+01  0.1243152E+01  0.1347628E+01  0.1452454E+01  0.1557555E+01  0.1662868E+01  0.1768344E+01  0.1873945E+01  0.1979641E+01
 0.7000000E+01  0.8315485E+00  0.9332203E+00  0.1035840E+01  0.1139215E+01  0.1243189E+01  0.1347635E+01  0.1452453E+01  0.1557560E+01  0.1662893E+01  0.1768399E+01  0.1874037E+01  0.1979775E+01
 0.7200000E+01  0.8320574E+00  0.9335417E+00  0.1036027E+01  0.1139310E+01  0.1243226E+01  0.1347642E+01  0.1452451E+01  0.1557566E+01  0.1662918E+01  0.1768455E+01  0.1874131E+01  0.1979913E+01
 0.7400000E+01  0.8325799E+00  0.9338718E+00  0.1036219E+01  0.1139408E+01  0.1243265E+01  0.1347650E+01  0.1452449E+01  0.1557571E+01  0.1662945E+01  0.1768512E+01  0.1874227E+01  0.1980054E+01
 0.7600000E+01  0.8331158E+00  0.9342106E+00  0.1036417E+01  0.1139509E+01  0.1243305E+01  0.1347658E+01  0.1452446E+01  0.1557577E+01  0.1662972E+01  0.1768571E+01  0.1874326E+01  0.1980199E+01
 0.7800000E+01  0.8336652E+00  0.9345581E+00  0.1036619E+01  0.1139613E+01  0.1243347E+01  0.1347666E+01  0.1452444E+01  0.1557582E+01  0.1663000E+01  0.1768632E+01  0.1874428E+01  0.1980348E+01
 0.8000000E+01  0.8342280E+00  0.9349142E+00  0.1036827E+01  0.1139719E+01  0.1243389E+01  0.1347674E+01  0.1452442E+01  0.1557588E+01  0.1663028E+01  0.1768693E+01  0.1874532E+01  0.1980500E+01
 0.8200000E+01  0.8348041E+00  0.9352789E+00  0.1037040E+01  0.1139828E+01  0.1243432E+01  0.1347682E+01  0.1452440E+01  0.1557594E+01  0.1663057E+01  0.1768756E+01  0.1874638E+01  0.1980656E+01
 0.8400000E+01  0.8353935E+00  0.9356522E+00  0.1037258E+01  0.1139939E+01  0.1243477E+01  0.1347691E+01  0.1452438E+01  0.1557600E+01  0.1663086E+01  0.1768821E+01  0.1874746E+01  0.1980815E+01
 0.8600000E+01  0.8359961E+00  0.9360341E+00  0.1037481E+01  0.1140054E+01  0.1243523E+01  0.1347700E+01  0.1452435E+01  0.1557606E+01  0.1663116E+01  0.1768887E+01  0.1874857E+01  0.1980977E+01
 0.8800000E+01  0.8366118E+00  0.9364245E+00  0.1037709E+01  0.1140171E+01  0.1243569E+01  0.1347709E+01  0.1452433E+01  0.1557612E+01  0.1663147E+01  0.1768954E+01  0.1874970E+01  0.1981143E+01
 0.9000000E+01  0.8372406E+00  0.9368233E+00  0.1037942E+01  0.1140290E+01  0.1243617E+01  0.1347719E+01  0.1452430E+01  0.1557619E+01  0.1663178E+01  0.1769022E+01  0.1875085E+01  0.1981313E+01
 0.9200000E+01  0.8378824E+00  0.9372307E+00  0.1038180E+01  0.1140413E+01  0.1243666E+01  0.1347729E+01  0.1452428E+01  0.1557625E+01  0.1663209E+01  0.1769092E+01  0.1875203E+01  0.1981486E+01
 0.9400000E+01  0.8385371E+00  0.9376464E+00  0.1038424E+01  0.1140538E+01  0.1243716E+01  0.1347739E+01  0.1452425E+01  0.1557631E+01  0.1663241E+01  0.1769163E+01  0.1875322E+01  0.1981662E+01
 0.9600000E+01  0.8392047E+00  0.9380706E+00  0.1038672E+01  0.1140665E+01  0.1243768E+01  0.1347749E+01  0.1452422E+01  0.1557638E+01  0.1663274E+01  0.1769235E+01  0.1875444E+01  0.1981841E+01
 0.9800000E+01  0.8398851E+00  0.9385031E+00  0.1038926E+01  0.1140796E+01  0.1243820E+01  0.1347759E+01  0.1452420E+01  0.1557644E+01  0.1663307E+01  0.1769309E+01  0.1875569E+01  0.1982024E+01
 0.1000000E+02  0.8405782E+00  0.9389440E+00  0.1039184E+01  0.1140929E+01  0.1243874E+01  0.1347770E+01  0.1452417E+01  0.1557651E+01  0.1663341E+01  0.1769384E+01  0.1875695E+01  0.1982210E+01
 0.1020000E+02  0.8412840E+00  0.9393932E+00  0.1039448E+01  0.1141065E+01  0.1243929E+01  0.1347781E+01  0.1452414E+01  0.1557657E+01  0.1663375E+01  0.1769459E+01  0.1875823E+01  0.1982399E+01
 0.1040000E+02  0.8420023E+00  0.9398506E+00  0.1039716E+01  0.1141203E+01  0.1243984E+01  0.1347793E+01  0.1452411E+01  0.1557664E+01  0.1663410E+01  0.1769537E+01  0.1875954E+01  0.1982591E+01
 0.1060000E+02  0.8427332E+00  0.9403163E+00  0.1039990E+01  0.1141344E+01  0.1244042E+01  0.1347804E+01  0.1452408E+01  0.1557671E+01  0.1663445E+01  0.1769615E+01  0.1876087E+01  0.1982786E+01
 0.1080000E+02  0.8434766E+00  0.9407903E+00  0.1040269E+01  0.1141488E+01  0.1244100E+01  0.1347816E+01  0.1452405E+01  0.1557677E+01  0.1663481E+01  0.1769694E+01  0.1876221E+01  0.1982985E+01
 0.1100000E+02  0.8442323E+00  0.9412724E+00  0.1040552E+01  0.1141635E+01  0.1244159E+01  0.1347829E+01  0.1452402E+01  0.1557684E+01  0.1663517E+01  0.1769775E+01  0.1876358E+01  0.1983187E+01
 0.1120000E+02  0.8450003E+00  0.9417626E+00  0.1040841E+01  0.1141784E+01  0.1244220E+01  0.1347841E+01  0.1452399E+01  0.1557691E+01  0.1663553E+01  0.1769857E+01  0.1876497E+01  0.1983391E+01
 0.1140000E+02  0.8457805E+00  0.9422610E+00  0.1041134E+01  0.1141936E+01  0.1244281E+01  0.1347854E+01  0.1452396E+01  0.1557697E+01  0.1663590E+01  0.1769940E+01  0.1876638E+01  0.1983599E+01
 0.1160000E+02  0.8465729E+00  0.9427674E+00  0.1041433E+01  0.1142091E+01  0.1244344E+01  0.1347867E+01  0.1452392E+01  0.1557704E+01  0.1663628E+01  0.1770024E+01  0.1876780E+01  0.1983810E+01
 0.1180000E+02  0.8473774E+00  0.9432819E+00  0.1041736E+01  0.1142248E+01  0.1244408E+01  0.1347881E+01  0.1452389E+01  0.1557711E+01  0.1663665E+01  0.1770109E+01  0.1876925E+01  0.1984024E+01
 0.1200000E+02  0.8481939E+00  0.9438044E+00  0.1042045E+01  0.1142408E+01  0.1244474E+01  0.1347894E+01  0.1452386E+01  0.1557717E+01  0.1663704E+01  0.1770195E+01  0.1877071E+01  0.1984240E+01
 0.1220000E+02  0.8490224E+00  0.9443349E+00  0.1042358E+01  0.1142571E+01  0.1244540E+01  0.1347908E+01  0.1452382E+01  0.1557724E+01  0.1663742E+01  0.1770282E+01  0.1877220E+01  0.1984460E+01
 0.1240000E+02  0.8498627E+00  0.9448734E+00  0.1042676E+01  0.1142736E+01  0.1244608E+01  0.1347923E+01  0.1452379E+01  0.1557731E+01  0.1663781E+01  0.1770370E+01  0.1877370E+01  0.1984682E+01
 0.1260000E+02  0.8507148E+00  0.9454197E+00  0.1043000E+01  0.1142905E+01  0.1244677E+01  0.1347937E+01  0.1452375E+01  0.1557738E+01  0.1663820E+01  0.1770459E+01  0.1877522E+01  0.1984908E+01
 0.1280000E+02  0.8515787E+00  0.9459740E+00  0.1043328E+01  0.1143075E+01  0.1244747E+01  0.1347952E+01  0.1452371E+01  0.1557744E+01  0.1663860E+01  0.1770549E+01  0.1877676E+01  0.1985136E+01
 0.1300000E+02  0.8524542E+00  0.9465361E+00  0.1043660E+01  0.1143249E+01  0.1244818E+01  0.1347967E+01  0.1452368E+01  0.1557751E+01  0.1663900E+01  0.1770640E+01  0.1877832E+01  0.1985366E+01
 0.1320000E+02  0.8533413E+00  0.9471060E+00  0.1043998E+01  0.1143425E+01  0.1244891E+01  0.1347983E+01  0.1452364E+01  0.1557757E+01  0.1663940E+01  0.1770732E+01  0.1877990E+01  0.1985600E+01
 0.1340000E+02  0.8542399E+00  0.9476837E+00  0.1044341E+01  0.1143604E+01  0.1244964E+01  0.1347999E+01  0.1452360E+01  0.1557764E+01  0.1663981E+01  0.1770825E+01  0.1878149E+01  0.1985836E+01
 0.1360000E+02  0.8551500E+00  0.9482692E+00  0.1044689E+01  0.1143786E+01  0.1245039E+01  0.1348015E+01  0.1452356E+01  0.1557771E+01  0.1664021E+01  0.1770919E+01  0.1878310E+01  0.1986075E+01
 0.1380000E+02  0.8560714E+00  0.9488623E+00  0.1045041E+01  0.1143970E+01  0.1245116E+01  0.1348032E+01  0.1452352E+01  0.1557777E+01  0.1664062E+01  0.1771013E+01  0.1878472E+01  0.1986317E+01
 0.1400000E+02  0.8570041E+00  0.9494632E+00  0.1045398E+01  0.1144157E+01  0.1245193E+01  0.1348049E+01  0.1452348E+01  0.1557783E+01  0.1664104E+01  0.1771109E+01  0.1878637E+01  0.1986561E+01
 0.1420000E+02  0.8579481E+00  0.9500717E+00  0.1045760E+01  0.1144347E+01  0.1245272E+01  0.1348066E+01  0.1452344E+01  0.1557790E+01  0.1664146E+01  0.1771205E+01  0.1878803E+01  0.1986807E+01
 0.1440000E+02  0.8589032E+00  0.9506878E+00  0.1046127E+01  0.1144540E+01  0.1245352E+01  0.1348084E+01  0.1452340E+01  0.1557796E+01  0.1664187E+01  0.1771302E+01  0.1878970E+01  0.1987056E+01
 0.1460000E+02  0.8598694E+00  0.9513115E+00  0.1046499E+01  0.1144735E+01  0.1245433E+01  0.1348102E+01  0.1452336E+01  0.1557802E+01  0.1664230E+01  0.1771400E+01  0.1879139E+01  0.1987308E+01
 0.1480000E+02  0.8608466E+00  0.9519428E+00  0.1046875E+01  0.1144933E+01  0.1245515E+01  0.1348120E+01  0.1452332E+01  0.1557808E+01  0.1664272E+01  0.1771499E+01  0.1879310E+01  0.1987562E+01
 0.1500000E+02  0.8618348E+00  0.9525816E+00  0.1047256E+01  0.1145133E+01  0.1245599E+01  0.1348139E+01  0.1452327E+01  0.1557814E+01  0.1664314E+01  0.1771598E+01  0.1879482E+01  0.1987819E+01
 0.1520000E+02  0.8628339E+00  0.9532279E+00  0.1047642E+01  0.1145337E+01  0.1245684E+01  0.1348158E+01  0.1452323E+01  0.1557820E+01  0.1664357E+01  0.1771699E+01  0.1879655E+01  0.1988077E+01
 0.1540000E+02  0.8638438E+00  0.9538816E+00  0.1048033E+01  0.1145543E+01  0.1245770E+01  0.1348177E+01  0.1452318E+01  0.1557826E+01  0.1664400E+01  0.1771800E+01  0.1879830E+01  0.1988338E+01
 0.1560000E+02  0.8648645E+00  0.9545428E+00  0.1048429E+01  0.1145751E+01  0.1245857E+01  0.1348197E+01  0.1452314E+01  0.1557831E+01  0.1664443E+01  0.1771901E+01  0.1880007E+01  0.1988602E+01
 0.1580000E+02  0.8658958E+00  0.9552113E+00  0.1048829E+01  0.1145963E+01  0.1245946E+01  0.1348217E+01  0.1452309E+01  0.1557837E+01  0.1664486E+01  0.1772004E+01  0.1880184E+01  0.1988868E+01
 0.1600000E+02  0.8669377E+00  0.9558872E+00  0.1049234E+01  0.1146177E+01  0.1246036E+01  0.1348238E+01  0.1452304E+01  0.1557842E+01  0.1664530E+01  0.1772107E+01  0.1880364E+01  0.1989135E+01
 0.1620000E+02  0.8679903E+00  0.9565705E+00  0.1049644E+01  0.1146394E+01  0.1246127E+01  0.1348259E+01  0.1452300E+01  0.1557848E+01  0.1664573E+01  0.1772210E+01  0.1880544E+01  0.1989406E+01
 0.1640000E+02  0.8690533E+00  0.9572610E+00  0.1050058E+01  0.1146613E+01  0.1246220E+01  0.1348280E+01  0.1452295E+01  0.1557853E+01  0.1664617E+01  0.1772314E+01  0.1880726E+01  0.1989678E+01
 0.1660000E+02  0.8701267E+00  0.9579588E+00  0.1050477E+01  0.1146836E+01  0.1246314E+01  0.1348301E+01  0.1452290E+01  0.1557858E+01  0.1664661E+01  0.1772419E+01  0.1880909E+01  0.1989952E+01
 0.1680000E+02  0.8712105E+00  0.9586639E+00  0.1050901E+01  0.1147061E+01  0.1246409E+01  0.1348324E+01  0.1452285E+01  0.1557863E+01  0.1664704E+01  0.1772524E+01  0.1881093E+01  0.1990228E+01
 0.1700000E+02  0.8723046E+00  0.9593762E+00  0.1051329E+01  0.1147288E+01  0.1246505E+01  0.1348346E+01  0.1452280E+01  0.1557868E+01  0.1664748E+01  0.1772630E+01  0.1881279E+01  0.1990507E+01
 0.1720000E+02  0.8734089E+00  0.9600956E+00  0.1051762E+01  0.1147519E+01  0.1246603E+01  0.1348369E+01  0.1452275E+01  0.1557872E+01  0.1664792E+01  0.1772737E+01  0.1881465E+01  0.1990787E+01
 0.1740000E+02  0.8745235E+00  0.9608222E+00  0.1052200E+01  0.1147752E+01  0.1246702E+01  0.1348392E+01  0.1452270E+01  0.1557877E+01  0.1664836E+01  0.1772844E+01  0.1881653E+01  0.1991069E+01
 0.1760000E+02  0.8756481E+00  0.9615559E+00  0.1052643E+01  0.1147988E+01  0.1246803E+01  0.1348416E+01  0.1452265E+01  0.1557881E+01  0.1664880E+01  0.1772951E+01  0.1881842E+01  0.1991354E+01
 0.1780000E+02  0.8767828E+00  0.9622967E+00  0.1053090E+01  0.1148227E+01  0.1246904E+01  0.1348440E+01  0.1452259E+01  0.1557885E+01  0.1664924E+01  0.1773059E+01  0.1882032E+01  0.1991640E+01
 0.1800000E+02  0.8779275E+00  0.9630446E+00  0.1053542E+01  0.1148468E+01  0.1247007E+01  0.1348464E+01  0.1452254E+01  0.1557889E+01  0.1664968E+01  0.1773167E+01  0.1882223E+01  0.1991928E+01
 0.1820000E+02  0.8790822E+00  0.9637995E+00  0.1053998E+01  0.1148712E+01  0.1247112E+01  0.1348489E+01  0.1452248E+01  0.1557892E+01  0.1665012E+01  0.1773276E+01  0.1882415E+01  0.1992217E+01
 0.1840000E+02  0.8802467E+00  0.9645613E+00  0.1054459E+01  0.1148959E+01  0.1247218E+01  0.1348515E+01  0.1452243E+01  0.1557896E+01  0.1665056E+01  0.1773385E+01  0.1882609E+01  0.1992509E+01
 0.1860000E+02  0.8814211E+00  0.9653302E+00  0.1054924E+01  0.1149209E+01  0.1247325E+01  0.1348540E+01  0.1452237E+01  0.1557899E+01  0.1665100E+01  0.1773494E+01  0.1882803E+01  0.1992802E+01
 0.1880000E+02  0.8826052E+00  0.9661060E+00  0.1055395E+01  0.1149461E+01  0.1247433E+01  0.1348567E+01  0.1452232E+01  0.1557902E+01  0.1665144E+01  0.1773604E+01  0.1882998E+01  0.1993097E+01
 0.1900000E+02  0.8837991E+00  0.9668888E+00  0.1055869E+01  0.1149716E+01  0.1247543E+01  0.1348593E+01  0.1452226E+01  0.1557905E+01  0.1665188E+01  0.1773714E+01  0.1883194E+01  0.1993393E+01
 0.1920000E+02  0.8850026E+00  0.9676784E+00  0.1056349E+01  0.1149974E+01  0.1247654E+01  0.1348620E+01  0.1452220E+01  0.1557908E+01  0.1665231E+01  0.1773825E+01  0.1883390E+01  0.1993691E+01
 0.1940000E+02  0.8862158E+00  0.9684749E+00  0.1056833E+01  0.1150234E+01  0.1247767E+01  0.1348648E+01  0.1452214E+01  0.1557910E+01  0.1665275E+01  0.1773936E+01  0.1883588E+01  0.1993991E+01
 0.1960000E+02  0.8874385E+00  0.9692783E+00  0.1057321E+01  0.1150497E+01  0.1247881E+01  0.1348676E+01  0.1452208E+01  0.1557912E+01  0.1665319E+01  0.1774046E+01  0.1883787E+01  0.1994292E+01
 0.1980000E+02  0.8886707E+00  0.9700884E+00  0.1057814E+01  0.1150763E+01  0.1247996E+01  0.1348704E+01  0.1452202E+01  0.1557914E+01  0.1665362E+01  0.1774158E+01  0.1883986E+01  0.1994595E+01
 0.2000000E+02  0.8899124E+00  0.9709054E+00  0.1058312E+01  0.1151032E+01  0.1248113E+01  0.1348733E+01  0.1452196E+01  0.1557916E+01  0.1665405E+01  0.1774269E+01  0.1884186E+01  0.1994899E+01
 0.2020000E+02  0.8911634E+00  0.9717291E+00  0.1058814E+01  0.1151304E+01  0.1248231E+01  0.1348762E+01  0.1452190E+01  0.1557917E+01  0.1665448E+01  0.1774381E+01  0.1884387E+01  0.1995204E+01
 0.2040000E+02  0.8924239E+00  0.9725596E+00  0.1059320E+01  0.1151578E+01  0.1248350E+01  0.1348792E+01  0.1452184E+01  0.1557918E+01  0.1665491E+01  0.1774493E+01  0.1884588E+01  0.1995511E+01
 0.2060000E+02  0.8936936E+00  0.9733967E+00  0.1059832E+01  0.1151855E+01  0.1248471E+01  0.1348823E+01  0.1452177E+01  0.1557919E+01  0.1665534E+01  0.1774605E+01  0.1884790E+01  0.1995819E+01
 0.2080000E+02  0.8949726E+00  0.9742406E+00  0.1060347E+01  0.1152134E+01  0.1248593E+01  0.1348853E+01  0.1452171E+01  0.1557919E+01  0.1665577E+01  0.1774717E+01  0.1884993E+01  0.1996129E+01
 0.2100000E+02  0.8962608E+00  0.9750911E+00  0.1060867E+01  0.1152417E+01  0.1248717E+01  0.1348884E+01  0.1452165E+01  0.1557920E+01  0.1665619E+01  0.1774829E+01  0.1885197E+01  0.1996440E+01
 0.2120000E+02  0.8975582E+00  0.9759483E+00  0.1061392E+01  0.1152702E+01  0.1248842E+01  0.1348916E+01  0.1452158E+01  0.1557920E+01  0.1665661E+01  0.1774941E+01  0.1885400E+01  0.1996751E+01
 0.2140000E+02  0.8988647E+00  0.9768121E+00  0.1061921E+01  0.1152990E+01  0.1248968E+01  0.1348948E+01  0.1452151E+01  0.1557919E+01  0.1665703E+01  0.1775053E+01  0.1885605E+01  0.1997065E+01
 0.2160000E+02  0.9001802E+00  0.9776825E+00  0.1062455E+01  0.1153281E+01  0.1249096E+01  0.1348981E+01  0.1452145E+01  0.1557919E+01  0.1665745E+01  0.1775166E+01  0.1885810E+01  0.1997379E+01
 0.2180000E+02  0.9015048E+00  0.9785595E+00  0.1062993E+01  0.1153574E+01  0.1249226E+01  0.1349014E+01  0.1452138E+01  0.1557918E+01  0.1665786E+01  0.1775278E+01  0.1886016E+01  0.1997694E+01
 0.2200000E+02  0.9028384E+00  0.9794430E+00  0.1063536E+01  0.1153870E+01  0.1249356E+01  0.1349048E+01  0.1452131E+01  0.1557916E+01  0.1665827E+01  0.1775391E+01  0.1886221E+01  0.1998010E+01
 0.2220000E+02  0.9041809E+00  0.9803330E+00  0.1064083E+01  0.1154169E+01  0.1249489E+01  0.1349082E+01  0.1452124E+01  0.1557915E+01  0.1665868E+01  0.1775503E+01  0.1886428E+01  0.1998328E+01
 0.2240000E+02  0.9055322E+00  0.9812296E+00  0.1064634E+01  0.1154471E+01  0.1249622E+01  0.1349116E+01  0.1452117E+01  0.1557913E+01  0.1665909E+01  0.1775615E+01  0.1886635E+01  0.1998646E+01
 0.2260000E+02  0.9068925E+00  0.9821326E+00  0.1065190E+01  0.1154776E+01  0.1249757E+01  0.1349152E+01  0.1452110E+01  0.1557911E+01  0.1665949E+01  0.1775728E+01  0.1886842E+01  0.1998966E+01
 0.2280000E+02  0.9082615E+00  0.9830421E+00  0.1065750E+01  0.1155083E+01  0.1249894E+01  0.1349187E+01  0.1452103E+01  0.1557908E+01  0.1665989E+01  0.1775840E+01  0.1887049E+01  0.1999286E+01
 0.2300000E+02  0.9096393E+00  0.9839580E+00  0.1066315E+01  0.1155393E+01  0.1250032E+01  0.1349223E+01  0.1452096E+01  0.1557905E+01  0.1666028E+01  0.1775952E+01  0.1887257E+01  0.1999607E+01
 0.2320000E+02  0.9110258E+00  0.9848804E+00  0.1066884E+01  0.1155706E+01  0.1250171E+01  0.1349260E+01  0.1452088E+01  0.1557902E+01  0.1666067E+01  0.1776064E+01  0.1887465E+01  0.1999929E+01
 0.2340000E+02  0.9124210E+00  0.9858091E+00  0.1067458E+01  0.1156021E+01  0.1250312E+01  0.1349297E+01  0.1452081E+01  0.1557898E+01  0.1666106E+01  0.1776176E+01  0.1887674E+01  0.2000252E+01
 0.2360000E+02  0.9138249E+00  0.9867443E+00  0.1068036E+01  0.1156340E+01  0.1250455E+01  0.1349335E+01  0.1452073E+01  0.1557894E+01  0.1666145E+01  0.1776287E+01  0.1887882E+01  0.2000575E+01
 0.2380000E+02  0.9152373E+00  0.9876858E+00  0.1068618E+01  0.1156661E+01  0.1250599E+01  0.1349373E+01  0.1452066E+01  0.1557890E+01  0.1666183E+01  0.1776399E+01  0.1888091E+01  0.2000900E+01
 0.2400000E+02  0.9166583E+00  0.9886336E+00  0.1069205E+01  0.1156985E+01  0.1250744E+01  0.1349412E+01  0.1452058E+01  0.1557885E+01  0.1666220E+01  0.1776510E+01  0.1888300E+01  0.2001225E+01
 0.2420000E+02  0.9180878E+00  0.9895878E+00  0.1069796E+01  0.1157311E+01  0.1250891E+01  0.1349451E+01  0.1452050E+01  0.1557880E+01  0.1666257E+01  0.1776621E+01  0.1888509E+01  0.2001550E+01
 0.2440000E+02  0.9195258E+00  0.9905483E+00  0.1070392E+01  0.1157641E+01  0.1251039E+01  0.1349491E+01  0.1452043E+01  0.1557874E+01  0.1666294E+01  0.1776732E+01  0.1888718E+01  0.2001876E+01
 0.2460000E+02  0.9209722E+00  0.9915150E+00  0.1070992E+01  0.1157973E+01  0.1251189E+01  0.1349531E+01  0.1452035E+01  0.1557868E+01  0.1666330E+01  0.1776842E+01  0.1888927E+01  0.2002203E+01
 0.2480000E+02  0.9224270E+00  0.9924880E+00  0.1071596E+01  0.1158308E+01  0.1251340E+01  0.1349572E+01  0.1452027E+01  0.1557862E+01  0.1666366E+01  0.1776952E+01  0.1889137E+01  0.2002531E+01
 0.2500000E+02  0.9238902E+00  0.9934673E+00  0.1072205E+01  0.1158645E+01  0.1251493E+01  0.1349614E+01  0.1452019E+01  0.1557855E+01  0.1666402E+01  0.1777062E+01  0.1889346E+01  0.2002859E+01
 0.2520000E+02  0.9253617E+00  0.9944528E+00  0.1072818E+01  0.1158986E+01  0.1251647E+01  0.1349656E+01  0.1452010E+01  0.1557848E+01  0.1666436E+01  0.1777172E+01  0.1889555E+01  0.2003187E+01
 0.2540000E+02  0.9268415E+00  0.9954445E+00  0.1073435E+01  0.1159329E+01  0.1251803E+01  0.1349698E+01  0.1452002E+01  0.1557840E+01  0.1666471E+01  0.1777281E+01  0.1889764E+01  0.2003516E+01
 0.2560000E+02  0.9283295E+00  0.9964424E+00  0.1074057E+01  0.1159675E+01  0.1251961E+01  0.1349741E+01  0.1451994E+01  0.1557832E+01  0.1666505E+01  0.1777390E+01  0.1889974E+01  0.2003845E+01
 0.2580000E+02  0.9298257E+00  0.9974464E+00  0.1074683E+01  0.1160024E+01  0.1252120E+01  0.1349785E+01  0.1451985E+01  0.1557823E+01  0.1666538E+01  0.1777498E+01  0.1890183E+01  0.2004175E+01
 0.2600000E+02  0.9313302E+00  0.9984566E+00  0.1075313E+01  0.1160376E+01  0.1252280E+01  0.1349829E+01  0.1451977E+01  0.1557814E+01  0.1666571E+01  0.1777606E+01  0.1890392E+01  0.2004505E+01
 0.2620000E+02  0.9328427E+00  0.9994730E+00  0.1075948E+01  0.1160730E+01  0.1252442E+01  0.1349874E+01  0.1451968E+01  0.1557805E+01  0.1666603E+01  0.1777713E+01  0.1890600E+01  0.2004835E+01
 0.2640000E+02  0.9343634E+00  0.1000495E+01  0.1076587E+01  0.1161087E+01  0.1252605E+01  0.1349919E+01  0.1451960E+01  0.1557795E+01  0.1666634E+01  0.1777821E+01  0.1890809E+01  0.2005165E+01
 0.2660000E+02  0.9358921E+00  0.1001524E+01  0.1077230E+01  0.1161447E+01  0.1252770E+01  0.1349965E+01  0.1451951E+01  0.1557784E+01  0.1666665E+01  0.1777927E+01  0.1891017E+01  0.2005496E+01
 0.2680000E+02  0.9374288E+00  0.1002559E+01  0.1077877E+01  0.1161810E+01  0.1252937E+01  0.1350012E+01  0.1451942E+01  0.1557774E+01  0.1666696E+01  0.1778033E+01  0.1891226E+01  0.2005827E+01
 0.2700000E+02  0.9389735E+00  0.1003599E+01  0.1078529E+01  0.1162176E+01  0.1253105E+01  0.1350059E+01  0.1451933E+01  0.1557762E+01  0.1666725E+01  0.1778139E+01  0.1891434E+01  0.2006158E+01
 0.2720000E+02  0.9405262E+00  0.1004646E+01  0.1079186E+01  0.1162544E+01  0.1253275E+01  0.1350107E+01  0.1451924E+01  0.1557751E+01  0.1666755E+01  0.1778244E+01  0.1891641E+01  0.2006490E+01
 0.2740000E+02  0.9420868E+00  0.1005699E+01  0.1079846E+01  0.1162915E+01  0.1253446E+01  0.1350155E+01  0.1451915E+01  0.1557738E+01  0.1666783E+01  0.1778348E+01  0.1891848E+01  0.2006821E+01
 0.2760000E+02  0.9436553E+00  0.1006758E+01  0.1080511E+01  0.1163289E+01  0.1253619E+01  0.1350204E+01  0.1451906E+01  0.1557725E+01  0.1666811E+01  0.1778452E+01  0.1892055E+01  0.2007153E+01
 0.2780000E+02  0.9452316E+00  0.1007823E+01  0.1081180E+01  0.1163666E+01  0.1253793E+01  0.1350253E+01  0.1451896E+01  0.1557712E+01  0.1666838E+01  0.1778556E+01  0.1892262E+01  0.2007484E+01
 0.2800000E+02  0.9468157E+00  0.1008893E+01  0.1081853E+01  0.1164045E+01  0.1253969E+01  0.1350303E+01  0.1451887E+01  0.1557698E+01  0.1666865E+01  0.1778658E+01  0.1892468E+01  0.2007816E+01
 0.2820000E+02  0.9484077E+00  0.1009970E+01  0.1082531E+01  0.1164428E+01  0.1254147E+01  0.1350354E+01  0.1451878E+01  0.1557684E+01  0.1666891E+01  0.1778760E+01  0.1892674E+01  0.2008147E+01
 0.2840000E+02  0.9500073E+00  0.1011053E+01  0.1083213E+01  0.1164813E+01  0.1254326E+01  0.1350405E+01  0.1451868E+01  0.1557669E+01  0.1666916E+01  0.1778862E+01  0.1892879E+01  0.2008479E+01
 0.2860000E+02  0.9516146E+00  0.1012141E+01  0.1083899E+01  0.1165201E+01  0.1254506E+01  0.1350457E+01  0.1451858E+01  0.1557654E+01  0.1666940E+01  0.1778963E+01  0.1893084E+01  0.2008811E+01
 0.2880000E+02  0.9532297E+00  0.1013236E+01  0.1084589E+01  0.1165591E+01  0.1254688E+01  0.1350510E+01  0.1451849E+01  0.1557638E+01  0.1666964E+01  0.1779063E+01  0.1893288E+01  0.2009142E+01
 0.2900000E+02  0.9548523E+00  0.1014336E+01  0.1085283E+01  0.1165985E+01  0.1254872E+01  0.1350563E+01  0.1451839E+01  0.1557622E+01  0.1666987E+01  0.1779162E+01  0.1893492E+01  0.2009473E+01
 0.2920000E+02  0.9564826E+00  0.1015443E+01  0.1085982E+01  0.1166381E+01  0.1255058E+01  0.1350616E+01  0.1451829E+01  0.1557605E+01  0.1667009E+01  0.1779261E+01  0.1893695E+01  0.2009804E+01
 0.2940000E+02  0.9581204E+00  0.1016555E+01  0.1086685E+01  0.1166780E+01  0.1255245E+01  0.1350671E+01  0.1451819E+01  0.1557587E+01  0.1667031E+01  0.1779359E+01  0.1893898E+01  0.2010135E+01
 0.2960000E+02  0.9597657E+00  0.1017673E+01  0.1087392E+01  0.1167182E+01  0.1255433E+01  0.1350726E+01  0.1451809E+01  0.1557569E+01  0.1667051E+01  0.1779456E+01  0.1894100E+01  0.2010466E+01
 0.2980000E+02  0.9614185E+00  0.1018797E+01  0.1088104E+01  0.1167587E+01  0.1255623E+01  0.1350781E+01  0.1451798E+01  0.1557551E+01  0.1667071E+01  0.1779552E+01  0.1894301E+01  0.2010796E+01
 0.3000000E+02  0.9630788E+00  0.1019927E+01  0.1088820E+01  0.1167994E+01  0.1255815E+01  0.1350837E+01  0.1451788E+01  0.1557532E+01  0.1667090E+01  0.1779648E+01  0.1894502E+01  0.2011127E+01
 0.3020000E+02  0.9647465E+00  0.1021062E+01  0.1089539E+01  0.1168404E+01  0.1256009E+01  0.1350894E+01  0.1451778E+01  0.1557512E+01  0.1667109E+01  0.1779743E+01  0.1894702E+01  0.2011456E+01
 0.3040000E+02  0.9664216E+00  0.1022203E+01  0.1090263E+01  0.1168817E+01  0.1256204E+01  0.1350952E+01  0.1451767E+01  0.1557491E+01  0.1667126E+01  0.1779837E+01  0.1894901E+01  0.2011786E+01
 0.3060000E+02  0.9681041E+00  0.1023350E+01  0.1090992E+01  0.1169233E+01  0.1256400E+01  0.1351010E+01  0.1451757E+01  0.1557471E+01  0.1667143E+01  0.1779930E+01  0.1895100E+01  0.2012115E+01
 0.3080000E+02  0.9697938E+00  0.1024503E+01  0.1091724E+01  0.1169652E+01  0.1256599E+01  0.1351068E+01  0.1451746E+01  0.1557449E+01  0.1667159E+01  0.1780022E+01  0.1895297E+01  0.2012444E+01
 0.3100000E+02  0.9714909E+00  0.1025662E+01  0.1092461E+01  0.1170073E+01  0.1256798E+01  0.1351128E+01  0.1451735E+01  0.1557427E+01  0.1667173E+01  0.1780114E+01  0.1895494E+01  0.2012772E+01
 0.3120000E+02  0.9731952E+00  0.1026826E+01  0.1093201E+01  0.1170497E+01  0.1257000E+01  0.1351188E+01  0.1451724E+01  0.1557405E+01  0.1667188E+01  0.1780204E+01  0.1895690E+01  0.2013101E+01
 0.3140000E+02  0.9749067E+00  0.1027996E+01  0.1093946E+01  0.1170924E+01  0.1257203E+01  0.1351248E+01  0.1451713E+01  0.1557381E+01  0.1667201E+01  0.1780294E+01  0.1895886E+01  0.2013428E+01
 0.3160000E+02  0.9766253E+00  0.1029172E+01  0.1094696E+01  0.1171354E+01  0.1257408E+01  0.1351310E+01  0.1451702E+01  0.1557357E+01  0.1667213E+01  0.1780382E+01  0.1896080E+01  0.2013755E+01
 0.3180000E+02  0.9783511E+00  0.1030353E+01  0.1095449E+01  0.1171786E+01  0.1257614E+01  0.1351372E+01  0.1451691E+01  0.1557333E+01  0.1667224E+01  0.1780470E+01  0.1896273E+01  0.2014082E+01
 0.3200000E+02  0.9800841E+00  0.1031540E+01  0.1096206E+01  0.1172222E+01  0.1257822E+01  0.1351434E+01  0.1451680E+01  0.1557308E+01  0.1667235E+01  0.1780557E+01  0.1896466E+01  0.2014408E+01
 0.3220000E+02  0.9818241E+00  0.1032732E+01  0.1096968E+01  0.1172660E+01  0.1258032E+01  0.1351498E+01  0.1451668E+01  0.1557282E+01  0.1667244E+01  0.1780642E+01  0.1896658E+01  0.2014733E+01
 0.3240000E+02  0.9835711E+00  0.1033931E+01  0.1097733E+01  0.1173101E+01  0.1258243E+01  0.1351561E+01  0.1451657E+01  0.1557256E+01  0.1667253E+01  0.1780727E+01  0.1896848E+01  0.2015058E+01
 0.3260000E+02  0.9853251E+00  0.1035134E+01  0.1098503E+01  0.1173544E+01  0.1258456E+01  0.1351626E+01  0.1451645E+01  0.1557229E+01  0.1667261E+01  0.1780811E+01  0.1897038E+01  0.2015383E+01
 0.3280000E+02  0.9870861E+00  0.1036344E+01  0.1099277E+01  0.1173991E+01  0.1258671E+01  0.1351691E+01  0.1451633E+01  0.1557202E+01  0.1667267E+01  0.1780894E+01  0.1897227E+01  0.2015706E+01
 0.3300000E+02  0.9888540E+00  0.1037559E+01  0.1100055E+01  0.1174440E+01  0.1258887E+01  0.1351757E+01  0.1451621E+01  0.1557173E+01  0.1667273E+01  0.1780975E+01  0.1897414E+01  0.2016029E+01
 0.3320000E+02  0.9906288E+00  0.1038779E+01  0.1100837E+01  0.1174892E+01  0.1259105E+01  0.1351824E+01  0.1451609E+01  0.1557145E+01  0.1667278E+01  0.1781056E+01  0.1897601E+01  0.2016352E+01
 0.3340000E+02  0.9924104E+00  0.1040005E+01  0.1101624E+01  0.1175347E+01  0.1259324E+01  0.1351891E+01  0.1451597E+01  0.1557115E+01  0.1667282E+01  0.1781136E+01  0.1897786E+01  0.2016674E+01
 0.3360000E+02  0.9941989E+00  0.1041237E+01  0.1102414E+01  0.1175805E+01  0.1259545E+01  0.1351959E+01  0.1451585E+01  0.1557085E+01  0.1667284E+01  0.1781214E+01  0.1897970E+01  0.2016995E+01
 0.3380000E+02  0.9959942E+00  0.1042474E+01  0.1103209E+01  0.1176265E+01  0.1259768E+01  0.1352028E+01  0.1451573E+01  0.1557054E+01  0.1667286E+01  0.1781291E+01  0.1898154E+01  0.2017315E+01
 0.3400000E+02  0.9977962E+00  0.1043716E+01  0.1104007E+01  0.1176728E+01  0.1259993E+01  0.1352097E+01  0.1451561E+01  0.1557023E+01  0.1667287E+01  0.1781368E+01  0.1898336E+01  0.2017635E+01
 0.3420000E+02  0.9996049E+00  0.1044964E+01  0.1104810E+01  0.1177194E+01  0.1260219E+01  0.1352167E+01  0.1451548E+01  0.1556991E+01  0.1667286E+01  0.1781443E+01  0.1898516E+01  0.2017954E+01
 0.3440000E+02  0.1001420E+01  0.1046218E+01  0.1105616E+01  0.1177663E+01  0.1260447E+01  0.1352237E+01  0.1451536E+01  0.1556958E+01  0.1667285E+01  0.1781517E+01  0.1898696E+01  0.2018272E+01
 0.3460000E+02  0.1003242E+01  0.1047477E+01  0.1106427E+01  0.1178134E+01  0.1260676E+01  0.1352309E+01  0.1451523E+01  0.1556924E+01  0.1667283E+01  0.1781590E+01  0.1898874E+01  0.2018589E+01
 0.3480000E+02  0.1005071E+01  0.1048741E+01  0.1107242E+01  0.1178609E+01  0.1260907E+01  0.1352381E+01  0.1451510E+01  0.1556890E+01  0.1667279E+01  0.1781661E+01  0.1899051E+01  0.2018905E+01
 0.3500000E+02  0.1006906E+01  0.1050011E+01  0.1108061E+01  0.1179086E+01  0.1261140E+01  0.1352453E+01  0.1451497E+01  0.1556855E+01  0.1667274E+01  0.1781732E+01  0.1899227E+01  0.2019221E+01
 0.3520000E+02  0.1008748E+01  0.1051286E+01  0.1108884E+01  0.1179565E+01  0.1261374E+01  0.1352527E+01  0.1451484E+01  0.1556820E+01  0.1667269E+01  0.1781801E+01  0.1899402E+01  0.2019536E+01
 0.3540000E+02  0.1010596E+01  0.1052566E+01  0.1109711E+01  0.1180048E+01  0.1261611E+01  0.1352601E+01  0.1451471E+01  0.1556784E+01  0.1667262E+01  0.1781869E+01  0.1899575E+01  0.2019850E+01
 0.3560000E+02  0.1012451E+01  0.1053852E+01  0.1110542E+01  0.1180533E+01  0.1261848E+01  0.1352676E+01  0.1451458E+01  0.1556747E+01  0.1667254E+01  0.1781936E+01  0.1899746E+01  0.2020163E+01
 0.3580000E+02  0.1014312E+01  0.1055143E+01  0.1111377E+01  0.1181021E+01  0.1262088E+01  0.1352751E+01  0.1451444E+01  0.1556709E+01  0.1667245E+01  0.1782001E+01  0.1899917E+01  0.2020475E+01
 0.3600000E+02  0.1016179E+01  0.1056439E+01  0.1112216E+01  0.1181512E+01  0.1262329E+01  0.1352827E+01  0.1451431E+01  0.1556671E+01  0.1667235E+01  0.1782066E+01  0.1900086E+01  0.2020786E+01
 0.3620000E+02  0.1018053E+01  0.1057741E+01  0.1113058E+01  0.1182006E+01  0.1262572E+01  0.1352904E+01  0.1451417E+01  0.1556632E+01  0.1667224E+01  0.1782129E+01  0.1900253E+01  0.2021096E+01
 0.3640000E+02  0.1019933E+01  0.1059047E+01  0.1113905E+01  0.1182502E+01  0.1262816E+01  0.1352982E+01  0.1451403E+01  0.1556593E+01  0.1667211E+01  0.1782190E+01  0.1900420E+01  0.2021406E+01
 0.3660000E+02  0.1021820E+01  0.1060359E+01  0.1114756E+01  0.1183001E+01  0.1263063E+01  0.1353060E+01  0.1451390E+01  0.1556552E+01  0.1667198E+01  0.1782251E+01  0.1900584E+01  0.2021714E+01
 0.3680000E+02  0.1023712E+01  0.1061677E+01  0.1115611E+01  0.1183503E+01  0.1263311E+01  0.1353139E+01  0.1451376E+01  0.1556511E+01  0.1667183E+01  0.1782310E+01  0.1900747E+01  0.2022022E+01
 0.3700000E+02  0.1025611E+01  0.1062999E+01  0.1116470E+01  0.1184008E+01  0.1263560E+01  0.1353219E+01  0.1451362E+01  0.1556469E+01  0.1667167E+01  0.1782368E+01  0.1900909E+01  0.2022328E+01
 0.3720000E+02  0.1027516E+01  0.1064327E+01  0.1117333E+01  0.1184515E+01  0.1263811E+01  0.1353299E+01  0.1451347E+01  0.1556427E+01  0.1667150E+01  0.1782424E+01  0.1901069E+01  0.2022634E+01
 0.3740000E+02  0.1029427E+01  0.1065660E+01  0.1118200E+01  0.1185025E+01  0.1264064E+01  0.1353380E+01  0.1451333E+01  0.1556383E+01  0.1667131E+01  0.1782479E+01  0.1901228E+01  0.2022938E+01
 0.3760000E+02  0.1031345E+01  0.1066998E+01  0.1119071E+01  0.1185538E+01  0.1264319E+01  0.1353462E+01  0.1451318E+01  0.1556339E+01  0.1667112E+01  0.1782533E+01  0.1901385E+01  0.2023242E+01
 0.3780000E+02  0.1033268E+01  0.1068341E+01  0.1119945E+01  0.1186053E+01  0.1264575E+01  0.1353545E+01  0.1451304E+01  0.1556295E+01  0.1667091E+01  0.1782586E+01  0.1901540E+01  0.2023544E+01
 0.3800000E+02  0.1035197E+01  0.1069689E+01  0.1120824E+01  0.1186572E+01  0.1264833E+01  0.1353628E+01  0.1451289E+01  0.1556249E+01  0.1667069E+01  0.1782637E+01  0.1901694E+01  0.2023845E+01
 0.3820000E+02  0.1037132E+01  0.1071042E+01  0.1121706E+01  0.1187093E+01  0.1265093E+01  0.1353712E+01  0.1451274E+01  0.1556203E+01  0.1667046E+01  0.1782686E+01  0.1901846E+01  0.2024146E+01
 0.3840000E+02  0.1039074E+01  0.1072400E+01  0.1122593E+01  0.1187616E+01  0.1265354E+01  0.1353797E+01  0.1451259E+01  0.1556156E+01  0.1667022E+01  0.1782734E+01  0.1901996E+01  0.2024445E+01
 0.3860000E+02  0.1041021E+01  0.1073764E+01  0.1123483E+01  0.1188143E+01  0.1265617E+01  0.1353882E+01  0.1451244E+01  0.1556108E+01  0.1666996E+01  0.1782781E+01  0.1902145E+01  0.2024743E+01
 0.3880000E+02  0.1042974E+01  0.1075132E+01  0.1124377E+01  0.1188672E+01  0.1265882E+01  0.1353969E+01  0.1451229E+01  0.1556060E+01  0.1666969E+01  0.1782827E+01  0.1902292E+01  0.2025040E+01
 0.3900000E+02  0.1044932E+01  0.1076505E+01  0.1125275E+01  0.1189204E+01  0.1266148E+01  0.1354056E+01  0.1451214E+01  0.1556011E+01  0.1666941E+01  0.1782870E+01  0.1902437E+01  0.2025336E+01
 0.3920000E+02  0.1046897E+01  0.1077884E+01  0.1126177E+01  0.1189738E+01  0.1266416E+01  0.1354143E+01  0.1451198E+01  0.1555961E+01  0.1666911E+01  0.1782913E+01  0.1902581E+01  0.2025631E+01
 0.3940000E+02  0.1048867E+01  0.1079267E+01  0.1127083E+01  0.1190275E+01  0.1266686E+01  0.1354232E+01  0.1451182E+01  0.1555910E+01  0.1666880E+01  0.1782954E+01  0.1902722E+01  0.2025925E+01
 0.3960000E+02  0.1050843E+01  0.1080655E+01  0.1127993E+01  0.1190815E+01  0.1266958E+01  0.1354321E+01  0.1451167E+01  0.1555859E+01  0.1666848E+01  0.1782993E+01  0.1902862E+01  0.2026218E+01
 0.3980000E+02  0.1052825E+01  0.1082048E+01  0.1128906E+01  0.1191358E+01  0.1267231E+01  0.1354411E+01  0.1451151E+01  0.1555806E+01  0.1666815E+01  0.1783032E+01  0.1903000E+01  0.2026509E+01
 0.4000000E+02  0.1054812E+01  0.1083446E+01  0.1129824E+01  0.1191903E+01  0.1267506E+01  0.1354501E+01  0.1451135E+01  0.1555753E+01  0.1666780E+01  0.1783068E+01  0.1903137E+01  0.2026800E+01
 0.4020000E+02  0.1056805E+01  0.1084849E+01  0.1130745E+01  0.1192451E+01  0.1267782E+01  0.1354593E+01  0.1451118E+01  0.1555700E+01  0.1666744E+01  0.1783103E+01  0.1903271E+01  0.2027089E+01
 0.4040000E+02  0.1058803E+01  0.1086257E+01  0.1131670E+01  0.1193002E+01  0.1268060E+01  0.1354685E+01  0.1451102E+01  0.1555645E+01  0.1666707E+01  0.1783137E+01  0.1903404E+01  0.2027377E+01
 0.4060000E+02  0.1060807E+01  0.1087669E+01  0.1132598E+01  0.1193555E+01  0.1268340E+01  0.1354778E+01  0.1451086E+01  0.1555590E+01  0.1666668E+01  0.1783169E+01  0.1903534E+01  0.2027664E+01
 0.4080000E+02  0.1062817E+01  0.1089086E+01  0.1133531E+01  0.1194111E+01  0.1268622E+01  0.1354871E+01  0.1451069E+01  0.1555534E+01  0.1666628E+01  0.1783199E+01  0.1903663E+01  0.2027950E+01
 0.4100000E+02  0.1064831E+01  0.1090509E+01  0.1134467E+01  0.1194670E+01  0.1268905E+01  0.1354966E+01  0.1451052E+01  0.1555477E+01  0.1666586E+01  0.1783228E+01  0.1903790E+01  0.2028235E+01
 0.4120000E+02  0.1066852E+01  0.1091935E+01  0.1135407E+01  0.1195232E+01  0.1269190E+01  0.1355061E+01  0.1451035E+01  0.1555419E+01  0.1666544E+01  0.1783255E+01  0.1903914E+01  0.2028518E+01
 0.4140000E+02  0.1068877E+01  0.1093367E+01  0.1136351E+01  0.1195796E+01  0.1269477E+01  0.1355157E+01  0.1451018E+01  0.1555361E+01  0.1666500E+01  0.1783281E+01  0.1904037E+01  0.2028801E+01
 0.4160000E+02  0.1070908E+01  0.1094803E+01  0.1137298E+01  0.1196362E+01  0.1269765E+01  0.1355254E+01  0.1451001E+01  0.1555301E+01  0.1666454E+01  0.1783305E+01  0.1904158E+01  0.2029082E+01
 0.4180000E+02  0.1072944E+01  0.1096244E+01  0.1138249E+01  0.1196932E+01  0.1270055E+01  0.1355351E+01  0.1450984E+01  0.1555241E+01  0.1666407E+01  0.1783328E+01  0.1904277E+01  0.2029362E+01
 0.4200000E+02  0.1074985E+01  0.1097689E+01  0.1139204E+01  0.1197504E+01  0.1270346E+01  0.1355449E+01  0.1450966E+01  0.1555180E+01  0.1666359E+01  0.1783349E+01  0.1904393E+01  0.2029641E+01
 0.4220000E+02  0.1077032E+01  0.1099140E+01  0.1140163E+01  0.1198078E+01  0.1270640E+01  0.1355548E+01  0.1450948E+01  0.1555119E+01  0.1666309E+01  0.1783368E+01  0.1904508E+01  0.2029918E+01
 0.4240000E+02  0.1079084E+01  0.1100594E+01  0.1141125E+01  0.1198655E+01  0.1270935E+01  0.1355648E+01  0.1450931E+01  0.1555056E+01  0.1666258E+01  0.1783386E+01  0.1904620E+01  0.2030195E+01
 0.4260000E+02  0.1081141E+01  0.1102054E+01  0.1142091E+01  0.1199235E+01  0.1271232E+01  0.1355748E+01  0.1450913E+01  0.1554993E+01  0.1666206E+01  0.1783402E+01  0.1904731E+01  0.2030470E+01
 0.4280000E+02  0.1083202E+01  0.1103517E+01  0.1143061E+01  0.1199818E+01  0.1271530E+01  0.1355850E+01  0.1450894E+01  0.1554929E+01  0.1666152E+01  0.1783417E+01  0.1904839E+01  0.2030744E+01
 0.4300000E+02  0.1085269E+01  0.1104986E+01  0.1144034E+01  0.1200403E+01  0.1271830E+01  0.1355952E+01  0.1450876E+01  0.1554864E+01  0.1666096E+01  0.1783430E+01  0.1904945E+01  0.2031017E+01
 0.4320000E+02  0.1087341E+01  0.1106459E+01  0.1145011E+01  0.1200991E+01  0.1272132E+01  0.1356055E+01  0.1450858E+01  0.1554798E+01  0.1666040E+01  0.1783441E+01  0.1905049E+01  0.2031289E+01
 0.4340000E+02  0.1089418E+01  0.1107936E+01  0.1145991E+01  0.1201581E+01  0.1272435E+01  0.1356158E+01  0.1450839E+01  0.1554731E+01  0.1665981E+01  0.1783450E+01  0.1905151E+01  0.2031559E+01
 0.4360000E+02  0.1091500E+01  0.1109418E+01  0.1146976E+01  0.1202174E+01  0.1272740E+01  0.1356263E+01  0.1450820E+01  0.1554664E+01  0.1665922E+01  0.1783458E+01  0.1905250E+01  0.2031828E+01
 0.4380000E+02  0.1093586E+01  0.1110904E+01  0.1147963E+01  0.1202769E+01  0.1273047E+01  0.1356368E+01  0.1450801E+01  0.1554596E+01  0.1665861E+01  0.1783464E+01  0.1905348E+01  0.2032096E+01
 0.4400000E+02  0.1095678E+01  0.1112395E+01  0.1148954E+01  0.1203368E+01  0.1273355E+01  0.1356474E+01  0.1450782E+01  0.1554527E+01  0.1665798E+01  0.1783469E+01  0.1905443E+01  0.2032363E+01
 0.4420000E+02  0.1097774E+01  0.1113890E+01  0.1149949E+01  0.1203968E+01  0.1273666E+01  0.1356580E+01  0.1450763E+01  0.1554457E+01  0.1665734E+01  0.1783472E+01  0.1905536E+01  0.2032629E+01
 0.4440000E+02  0.1099875E+01  0.1115389E+01  0.1150948E+01  0.1204572E+01  0.1273977E+01  0.1356688E+01  0.1450744E+01  0.1554386E+01  0.1665669E+01  0.1783473E+01  0.1905626E+01  0.2032893E+01
 0.4460000E+02  0.1101980E+01  0.1116893E+01  0.1151950E+01  0.1205177E+01  0.1274291E+01  0.1356796E+01  0.1450724E+01  0.1554314E+01  0.1665602E+01  0.1783472E+01  0.1905714E+01  0.2033157E+01
 0.4480000E+02  0.1104091E+01  0.1118401E+01  0.1152955E+01  0.1205786E+01  0.1274606E+01  0.1356905E+01  0.1450704E+01  0.1554242E+01  0.1665533E+01  0.1783470E+01  0.1905800E+01  0.2033419E+01
 0.4500000E+02  0.1106205E+01  0.1119913E+01  0.1153964E+01  0.1206397E+01  0.1274923E+01  0.1357015E+01  0.1450684E+01  0.1554169E+01  0.1665463E+01  0.1783466E+01  0.1905884E+01  0.2033680E+01
 0.4520000E+02  0.1108325E+01  0.1121429E+01  0.1154976E+01  0.1207010E+01  0.1275241E+01  0.1357126E+01  0.1450664E+01  0.1554095E+01  0.1665392E+01  0.1783460E+01  0.1905965E+01  0.2033939E+01
 0.4540000E+02  0.1110449E+01  0.1122950E+01  0.1155992E+01  0.1207626E+01  0.1275561E+01  0.1357237E+01  0.1450644E+01  0.1554020E+01  0.1665319E+01  0.1783453E+01  0.1906044E+01  0.2034198E+01
 0.4560000E+02  0.1112577E+01  0.1124475E+01  0.1157011E+01  0.1208245E+01  0.1275883E+01  0.1357350E+01  0.1450624E+01  0.1553944E+01  0.1665244E+01  0.1783444E+01  0.1906120E+01  0.2034455E+01
 0.4580000E+02  0.1114710E+01  0.1126004E+01  0.1158034E+01  0.1208866E+01  0.1276206E+01  0.1357463E+01  0.1450603E+01  0.1553867E+01  0.1665169E+01  0.1783433E+01  0.1906194E+01  0.2034711E+01
 0.4600000E+02  0.1116847E+01  0.1127537E+01  0.1159060E+01  0.1209489E+01  0.1276531E+01  0.1357577E+01  0.1450582E+01  0.1553789E+01  0.1665091E+01  0.1783420E+01  0.1906265E+01  0.2034966E+01
 0.4620000E+02  0.1118989E+01  0.1129074E+01  0.1160090E+01  0.1210115E+01  0.1276858E+01  0.1357691E+01  0.1450561E+01  0.1553711E+01  0.1665012E+01  0.1783406E+01  0.1906334E+01  0.2035220E+01
 0.4640000E+02  0.1121134E+01  0.1130615E+01  0.1161123E+01  0.1210744E+01  0.1277187E+01  0.1357807E+01  0.1450540E+01  0.1553632E+01  0.1664932E+01  0.1783389E+01  0.1906401E+01  0.2035472E+01
 0.4660000E+02  0.1123284E+01  0.1132160E+01  0.1162159E+01  0.1211375E+01  0.1277517E+01  0.1357923E+01  0.1450519E+01  0.1553551E+01  0.1664850E+01  0.1783371E+01  0.1906465E+01  0.2035724E+01
 0.4680000E+02  0.1125439E+01  0.1133709E+01  0.1163199E+01  0.1212008E+01  0.1277848E+01  0.1358041E+01  0.1450497E+01  0.1553470E+01  0.1664766E+01  0.1783351E+01  0.1906527E+01  0.2035974E+01
 0.4700000E+02  0.1127597E+01  0.1135262E+01  0.1164241E+01  0.1212644E+01  0.1278182E+01  0.1358159E+01  0.1450475E+01  0.1553388E+01  0.1664681E+01  0.1783330E+01  0.1906586E+01  0.2036223E+01
 0.4720000E+02  0.1129760E+01  0.1136820E+01  0.1165288E+01  0.1213283E+01  0.1278517E+01  0.1358277E+01  0.1450454E+01  0.1553305E+01  0.1664594E+01  0.1783306E+01  0.1906642E+01  0.2036470E+01
 0.4740000E+02  0.1131926E+01  0.1138381E+01  0.1166337E+01  0.1213924E+01  0.1278853E+01  0.1358397E+01  0.1450432E+01  0.1553221E+01  0.1664506E+01  0.1783281E+01  0.1906696E+01  0.2036717E+01
 0.4760000E+02  0.1134097E+01  0.1139945E+01  0.1167390E+01  0.1214567E+01  0.1279192E+01  0.1358518E+01  0.1450409E+01  0.1553137E+01  0.1664417E+01  0.1783254E+01  0.1906747E+01  0.2036963E+01
 0.4780000E+02  0.1136272E+01  0.1141514E+01  0.1168446E+01  0.1215213E+01  0.1279532E+01  0.1358639E+01  0.1450387E+01  0.1553051E+01  0.1664325E+01  0.1783225E+01  0.1906796E+01  0.2037207E+01
 0.4800000E+02  0.1138450E+01  0.1143087E+01  0.1169505E+01  0.1215861E+01  0.1279873E+01  0.1358761E+01  0.1450364E+01  0.1552965E+01  0.1664232E+01  0.1783195E+01  0.1906842E+01  0.2037450E+01
 0.4820000E+02  0.1140633E+01  0.1144663E+01  0.1170568E+01  0.1216512E+01  0.1280217E+01  0.1358884E+01  0.1450341E+01  0.1552877E+01  0.1664138E+01  0.1783162E+01  0.1906885E+01  0.2037692E+01
 0.4840000E+02  0.1142819E+01  0.1146243E+01  0.1171634E+01  0.1217165E+01  0.1280562E+01  0.1359008E+01  0.1450318E+01  0.1552789E+01  0.1664042E+01  0.1783128E+01  0.1906926E+01  0.2037933E+01
 0.4860000E+02  0.1145009E+01  0.1147827E+01  0.1172703E+01  0.1217821E+01  0.1280908E+01  0.1359133E+01  0.1450295E+01  0.1552699E+01  0.1663945E+01  0.1783092E+01  0.1906964E+01  0.2038172E+01
 0.4880000E+02  0.1147203E+01  0.1149414E+01  0.1173775E+01  0.1218478E+01  0.1281257E+01  0.1359258E+01  0.1450272E+01  0.1552609E+01  0.1663846E+01  0.1783054E+01  0.1907000E+01  0.2038411E+01
 0.4900000E+02  0.1149400E+01  0.1151005E+01  0.1174850E+01  0.1219139E+01  0.1281606E+01  0.1359385E+01  0.1450248E+01  0.1552518E+01  0.1663745E+01  0.1783014E+01  0.1907032E+01  0.2038648E+01
 0.4920000E+02  0.1151601E+01  0.1152600E+01  0.1175928E+01  0.1219801E+01  0.1281958E+01  0.1359512E+01  0.1450225E+01  0.1552426E+01  0.1663643E+01  0.1782972E+01  0.1907062E+01  0.2038884E+01
 0.4940000E+02  0.1153806E+01  0.1154198E+01  0.1177009E+01  0.1220466E+01  0.1282311E+01  0.1359640E+01  0.1450201E+01  0.1552332E+01  0.1663539E+01  0.1782929E+01  0.1907090E+01  0.2039119E+01
 0.4960000E+02  0.1156014E+01  0.1155800E+01  0.1178094E+01  0.1221134E+01  0.1282666E+01  0.1359769E+01  0.1450176E+01  0.1552238E+01  0.1663434E+01  0.1782883E+01  0.1907114E+01  0.2039353E+01
 0.4980000E+02  0.1158226E+01  0.1157405E+01  0.1179181E+01  0.1221803E+01  0.1283023E+01  0.1359899E+01  0.1450152E+01  0.1552143E+01  0.1663327E+01  0.1782836E+01  0.1907136E+01  0.2039586E+01
 0.5000000E+02  0.1160441E+01  0.1159014E+01  0.1180272E+01  0.1222475E+01  0.1283381E+01  0.1360030E+01  0.1450127E+01  0.1552047E+01  0.1663218E+01  0.1782787E+01  0.1907155E+01  0.2039818E+01
 0.5020000E+02  0.1162660E+01  0.1160626E+01  0.1181365E+01  0.1223150E+01  0.1283740E+01  0.1360162E+01  0.1450103E+01  0.1551950E+01  0.1663108E+01  0.1782736E+01  0.1907171E+01  0.2040048E+01
 0.5040000E+02  0.1164882E+01  0.1162242E+01  0.1182462E+01  0.1223827E+01  0.1284102E+01  0.1360294E+01  0.1450078E+01  0.1551852E+01  0.1662997E+01  0.1782683E+01  0.1907184E+01  0.2040278E+01
 0.5060000E+02  0.1167107E+01  0.1163861E+01  0.1183561E+01  0.1224505E+01  0.1284465E+01  0.1360428E+01  0.1450052E+01  0.1551753E+01  0.1662883E+01  0.1782629E+01  0.1907194E+01  0.2040506E+01
 0.5080000E+02  0.1169336E+01  0.1165483E+01  0.1184663E+01  0.1225187E+01  0.1284830E+01  0.1360562E+01  0.1450027E+01  0.1551653E+01  0.1662769E+01  0.1782572E+01  0.1907202E+01  0.2040733E+01
 0.5100000E+02  0.1171567E+01  0.1167109E+01  0.1185769E+01  0.1225870E+01  0.1285196E+01  0.1360697E+01  0.1450001E+01  0.1551552E+01  0.1662652E+01  0.1782514E+01  0.1907206E+01  0.2040959E+01
 0.5120000E+02  0.1173802E+01  0.1168737E+01  0.1186877E+01  0.1226556E+01  0.1285564E+01  0.1360833E+01  0.1449975E+01  0.1551450E+01  0.1662534E+01  0.1782453E+01  0.1907208E+01  0.2041184E+01
 0.5140000E+02  0.1176040E+01  0.1170369E+01  0.1187988E+01  0.1227244E+01  0.1285934E+01  0.1360971E+01  0.1449949E+01  0.1551347E+01  0.1662415E+01  0.1782391E+01  0.1907207E+01  0.2041408E+01
 0.5160000E+02  0.1178281E+01  0.1172005E+01  0.1189102E+01  0.1227935E+01  0.1286305E+01  0.1361109E+01  0.1449923E+01  0.1551242E+01  0.1662294E+01  0.1782327E+01  0.1907203E+01  0.2041631E+01
 0.5180000E+02  0.1180526E+01  0.1173643E+01  0.1190218E+01  0.1228627E+01  0.1286679E+01  0.1361248E+01  0.1449896E+01  0.1551137E+01  0.1662171E+01  0.1782261E+01  0.1907195E+01  0.2041852E+01
 0.5200000E+02  0.1182773E+01  0.1175284E+01  0.1191338E+01  0.1229322E+01  0.1287053E+01  0.1361388E+01  0.1449870E+01  0.1551031E+01  0.1662047E+01  0.1782193E+01  0.1907185E+01  0.2042073E+01
 0.5220000E+02  0.1185023E+01  0.1176929E+01  0.1192460E+01  0.1230019E+01  0.1287430E+01  0.1361529E+01  0.1449843E+01  0.1550924E+01  0.1661921E+01  0.1782123E+01  0.1907172E+01  0.2042292E+01
 0.5240000E+02  0.1187275E+01  0.1178576E+01  0.1193585E+01  0.1230718E+01  0.1287808E+01  0.1361671E+01  0.1449815E+01  0.1550815E+01  0.1661793E+01  0.1782052E+01  0.1907156E+01  0.2042511E+01
 0.5260000E+02  0.1189531E+01  0.1180227E+01  0.1194713E+01  0.1231420E+01  0.1288188E+01  0.1361813E+01  0.1449788E+01  0.1550705E+01  0.1661664E+01  0.1781978E+01  0.1907137E+01  0.2042728E+01
 0.5280000E+02  0.1191789E+01  0.1181880E+01  0.1195843E+01  0.1232123E+01  0.1288569E+01  0.1361957E+01  0.1449760E+01  0.1550595E+01  0.1661534E+01  0.1781903E+01  0.1907115E+01  0.2042945E+01
 0.5300000E+02  0.1194051E+01  0.1183537E+01  0.1196976E+01  0.1232829E+01  0.1288952E+01  0.1362102E+01  0.1449732E+01  0.1550483E+01  0.1661402E+01  0.1781826E+01  0.1907090E+01  0.2043160E+01
 0.5320000E+02  0.1196314E+01  0.1185196E+01  0.1198112E+01  0.1233537E+01  0.1289337E+01  0.1362248E+01  0.1449704E+01  0.1550370E+01  0.1661268E+01  0.1781746E+01  0.1907062E+01  0.2043374E+01
 0.5340000E+02  0.1198581E+01  0.1186858E+01  0.1199250E+01  0.1234247E+01  0.1289724E+01  0.1362395E+01  0.1449675E+01  0.1550256E+01  0.1661133E+01  0.1781665E+01  0.1907030E+01  0.2043587E+01
 0.5360000E+02  0.1200850E+01  0.1188523E+01  0.1200391E+01  0.1234959E+01  0.1290112E+01  0.1362543E+01  0.1449646E+01  0.1550141E+01  0.1660996E+01  0.1781582E+01  0.1906996E+01  0.2043799E+01
 0.5380000E+02  0.1203122E+01  0.1190190E+01  0.1201534E+01  0.1235674E+01  0.1290502E+01  0.1362692E+01  0.1449617E+01  0.1550024E+01  0.1660858E+01  0.1781498E+01  0.1906958E+01  0.2044010E+01
 0.5400000E+02  0.1205396E+01  0.1191861E+01  0.1202680E+01  0.1236390E+01  0.1290894E+01  0.1362842E+01  0.1449588E+01  0.1549907E+01  0.1660718E+01  0.1781411E+01  0.1906917E+01  0.2044220E+01
 0.5420000E+02  0.1207672E+01  0.1193534E+01  0.1203829E+01  0.1237109E+01  0.1291287E+01  0.1362993E+01  0.1449558E+01  0.1549788E+01  0.1660576E+01  0.1781322E+01  0.1906873E+01  0.2044429E+01
 0.5440000E+02  0.1209951E+01  0.1195210E+01  0.1204979E+01  0.1237830E+01  0.1291682E+01  0.1363145E+01  0.1449528E+01  0.1549668E+01  0.1660433E+01  0.1781232E+01  0.1906826E+01  0.2044637E+01
 0.5460000E+02  0.1212233E+01  0.1196888E+01  0.1206133E+01  0.1238552E+01  0.1292079E+01  0.1363298E+01  0.1449498E+01  0.1549546E+01  0.1660289E+01  0.1781139E+01  0.1906776E+01  0.2044843E+01
 0.5480000E+02  0.1214517E+01  0.1198569E+01  0.1207289E+01  0.1239277E+01  0.1292478E+01  0.1363453E+01  0.1449467E+01  0.1549424E+01  0.1660143E+01  0.1781045E+01  0.1906722E+01  0.2045049E+01
 0.5500000E+02  0.1216803E+01  0.1200252E+01  0.1208447E+01  0.1240004E+01  0.1292878E+01  0.1363608E+01  0.1449436E+01  0.1549300E+01  0.1659995E+01  0.1780949E+01  0.1906666E+01  0.2045254E+01
 0.5520000E+02  0.1219091E+01  0.1201938E+01  0.1209608E+01  0.1240734E+01  0.1293281E+01  0.1363765E+01  0.1449405E+01  0.1549175E+01  0.1659846E+01  0.1780851E+01  0.1906606E+01  0.2045458E+01
 0.5540000E+02  0.1221382E+01  0.1203626E+01  0.1210771E+01  0.1241465E+01  0.1293685E+01  0.1363922E+01  0.1449374E+01  0.1549048E+01  0.1659695E+01  0.1780751E+01  0.1906542E+01  0.2045660E+01
 0.5560000E+02  0.1223675E+01  0.1205317E+01  0.1211936E+01  0.1242198E+01  0.1294091E+01  0.1364081E+01  0.1449342E+01  0.1548921E+01  0.1659543E+01  0.1780650E+01  0.1906476E+01  0.2045862E+01
 0.5580000E+02  0.1225970E+01  0.1207010E+01  0.1213103E+01  0.1242933E+01  0.1294498E+01  0.1364241E+01  0.1449309E+01  0.1548792E+01  0.1659390E+01  0.1780546E+01  0.1906406E+01  0.2046062E+01
 0.5600000E+02  0.1228267E+01  0.1208706E+01  0.1214273E+01  0.1243671E+01  0.1294908E+01  0.1364403E+01  0.1449277E+01  0.1548661E+01  0.1659235E+01  0.1780441E+01  0.1906333E+01  0.2046262E+01
 0.5620000E+02  0.1230567E+01  0.1210403E+01  0.1215446E+01  0.1244410E+01  0.1295319E+01  0.1364565E+01  0.1449243E+01  0.1548530E+01  0.1659078E+01  0.1780334E+01  0.1906256E+01  0.2046460E+01
 0.5640000E+02  0.1232868E+01  0.1212104E+01  0.1216620E+01  0.1245152E+01  0.1295733E+01  0.1364729E+01  0.1449210E+01  0.1548396E+01  0.1658920E+01  0.1780224E+01  0.1906176E+01  0.2046658E+01
 0.5660000E+02  0.1235172E+01  0.1213806E+01  0.1217797E+01  0.1245895E+01  0.1296148E+01  0.1364894E+01  0.1449176E+01  0.1548262E+01  0.1658761E+01  0.1780114E+01  0.1906093E+01  0.2046854E+01
 0.5680000E+02  0.1237477E+01  0.1215511E+01  0.1218976E+01  0.1246641E+01  0.1296565E+01  0.1365060E+01  0.1449141E+01  0.1548126E+01  0.1658600E+01  0.1780001E+01  0.1906006E+01  0.2047050E+01
 0.5700000E+02  0.1239785E+01  0.1217218E+01  0.1220157E+01  0.1247388E+01  0.1296984E+01  0.1365228E+01  0.1449107E+01  0.1547988E+01  0.1658438E+01  0.1779886E+01  0.1905916E+01  0.2047244E+01
 0.5720000E+02  0.1242095E+01  0.1218927E+01  0.1221340E+01  0.1248138E+01  0.1297405E+01  0.1365397E+01  0.1449071E+01  0.1547849E+01  0.1658274E+01  0.1779770E+01  0.1905823E+01  0.2047437E+01
 0.5740000E+02  0.1244407E+01  0.1220638E+01  0.1222525E+01  0.1248889E+01  0.1297827E+01  0.1365567E+01  0.1449035E+01  0.1547709E+01  0.1658109E+01  0.1779652E+01  0.1905726E+01  0.2047630E+01
 0.5760000E+02  0.1246721E+01  0.1222351E+01  0.1223713E+01  0.1249643E+01  0.1298252E+01  0.1365739E+01  0.1448999E+01  0.1547567E+01  0.1657943E+01  0.1779532E+01  0.1905625E+01  0.2047821E+01
 0.5780000E+02  0.1249037E+01  0.1224067E+01  0.1224903E+01  0.1250399E+01  0.1298679E+01  0.1365912E+01  0.1448962E+01  0.1547423E+01  0.1657775E+01  0.1779410E+01  0.1905521E+01  0.2048011E+01
 0.5800000E+02  0.1251355E+01  0.1225785E+01  0.1226094E+01  0.1251157E+01  0.1299108E+01  0.1366086E+01  0.1448924E+01  0.1547278E+01  0.1657606E+01  0.1779287E+01  0.1905413E+01  0.2048201E+01
 0.5820000E+02  0.1253675E+01  0.1227504E+01  0.1227288E+01  0.1251916E+01  0.1299539E+01  0.1366262E+01  0.1448886E+01  0.1547132E+01  0.1657436E+01  0.1779162E+01  0.1905302E+01  0.2048389E+01
 0.5840000E+02  0.1255997E+01  0.1229226E+01  0.1228484E+01  0.1252678E+01  0.1299972E+01  0.1366439E+01  0.1448847E+01  0.1546983E+01  0.1657264E+01  0.1779035E+01  0.1905187E+01  0.2048576E+01
 0.5860000E+02  0.1258321E+01  0.1230950E+01  0.1229682E+01  0.1253442E+01  0.1300407E+01  0.1366618E+01  0.1448808E+01  0.1546834E+01  0.1657091E+01  0.1778906E+01  0.1905069E+01  0.2048762E+01
 0.5880000E+02  0.1260648E+01  0.1232676E+01  0.1230882E+01  0.1254208E+01  0.1300844E+01  0.1366798E+01  0.1448768E+01  0.1546682E+01  0.1656917E+01  0.1778776E+01  0.1904947E+01  0.2048947E+01
 0.5900000E+02  0.1262976E+01  0.1234404E+01  0.1232084E+01  0.1254977E+01  0.1301284E+01  0.1366980E+01  0.1448727E+01  0.1546529E+01  0.1656742E+01  0.1778644E+01  0.1904821E+01  0.2049131E+01
 0.5920000E+02  0.1265307E+01  0.1236134E+01  0.1233289E+01  0.1255747E+01  0.1301726E+01  0.1367163E+01  0.1448685E+01  0.1546374E+01  0.1656565E+01  0.1778510E+01  0.1904692E+01  0.2049314E+01
 0.5940000E+02  0.1267639E+01  0.1237866E+01  0.1234495E+01  0.1256519E+01  0.1302170E+01  0.1367348E+01  0.1448643E+01  0.1546217E+01  0.1656388E+01  0.1778374E+01  0.1904559E+01  0.2049496E+01
 0.5960000E+02  0.1269974E+01  0.1239601E+01  0.1235703E+01  0.1257294E+01  0.1302616E+01  0.1367534E+01  0.1448600E+01  0.1546059E+01  0.1656209E+01  0.1778237E+01  0.1904422E+01  0.2049677E+01
 0.5980000E+02  0.1272311E+01  0.1241337E+01  0.1236914E+01  0.1258070E+01  0.1303064E+01  0.1367722E+01  0.1448555E+01  0.1545899E+01  0.1656029E+01  0.1778098E+01  0.1904281E+01  0.2049857E+01
 0.6000000E+02  0.1274651E+01  0.1243075E+01  0.1238126E+01  0.1258849E+01  0.1303515E+01  0.1367911E+01  0.1448510E+01  0.1545737E+01  0.1655848E+01  0.1777958E+01  0.1904137E+01  0.2050035E+01
 0.6020000E+02  0.1276992E+01  0.1244816E+01  0.1239341E+01  0.1259630E+01  0.1303969E+01  0.1368103E+01  0.1448464E+01  0.1545573E+01  0.1655666E+01  0.1777816E+01  0.1903989E+01  0.2050213E+01
 0.6040000E+02  0.1279336E+01  0.1246559E+01  0.1240558E+01  0.1260413E+01  0.1304424E+01  0.1368296E+01  0.1448417E+01  0.1545408E+01  0.1655483E+01  0.1777672E+01  0.1903837E+01  0.2050390E+01
 0.6060000E+02  0.1281683E+01  0.1248304E+01  0.1241777E+01  0.1261199E+01  0.1304883E+01  0.1368490E+01  0.1448369E+01  0.1545240E+01  0.1655299E+01  0.1777526E+01  0.1903681E+01  0.2050565E+01
 0.6080000E+02  0.1284032E+01  0.1250051E+01  0.1242998E+01  0.1261986E+01  0.1305343E+01  0.1368686E+01  0.1448320E+01  0.1545071E+01  0.1655114E+01  0.1777379E+01  0.1903521E+01  0.2050740E+01
 0.6100000E+02  0.1286383E+01  0.1251800E+01  0.1244221E+01  0.1262776E+01  0.1305807E+01  0.1368884E+01  0.1448269E+01  0.1544900E+01  0.1654928E+01  0.1777231E+01  0.1903357E+01  0.2050913E+01
 0.6120000E+02  0.1288737E+01  0.1253551E+01  0.1245446E+01  0.1263569E+01  0.1306273E+01  0.1369084E+01  0.1448217E+01  0.1544727E+01  0.1654741E+01  0.1777081E+01  0.1903189E+01  0.2051085E+01
 0.6140000E+02  0.1291093E+01  0.1255305E+01  0.1246673E+01  0.1264364E+01  0.1306741E+01  0.1369286E+01  0.1448164E+01  0.1544552E+01  0.1654554E+01  0.1776929E+01  0.1903017E+01  0.2051256E+01
 0.6160000E+02  0.1293452E+01  0.1257061E+01  0.1247903E+01  0.1265161E+01  0.1307213E+01  0.1369489E+01  0.1448110E+01  0.1544376E+01  0.1654365E+01  0.1776776E+01  0.1902841E+01  0.2051427E+01
 0.6180000E+02  0.1295814E+01  0.1258819E+01  0.1249135E+01  0.1265960E+01  0.1307687E+01  0.1369694E+01  0.1448054E+01  0.1544197E+01  0.1654176E+01  0.1776621E+01  0.1902661E+01  0.2051595E+01
 0.6200000E+02  0.1298178E+01  0.1260580E+01  0.1250369E+01  0.1266762E+01  0.1308164E+01  0.1369901E+01  0.1447996E+01  0.1544016E+01  0.1653986E+01  0.1776465E+01  0.1902477E+01  0.2051763E+01
 0.6220000E+02  0.1300546E+01  0.1262343E+01  0.1251606E+01  0.1267567E+01  0.1308644E+01  0.1370109E+01  0.1447937E+01  0.1543834E+01  0.1653796E+01  0.1776308E+01  0.1902288E+01  0.2051930E+01
 0.6240000E+02  0.1302916E+01  0.1264109E+01  0.1252845E+01  0.1268374E+01  0.1309126E+01  0.1370320E+01  0.1447877E+01  0.1543649E+01  0.1653605E+01  0.1776149E+01  0.1902096E+01  0.2052096E+01
 0.6260000E+02  0.1305289E+01  0.1265877E+01  0.1254086E+01  0.1269184E+01  0.1309612E+01  0.1370532E+01  0.1447814E+01  0.1543463E+01  0.1653413E+01  0.1775988E+01  0.1901899E+01  0.2052260E+01
 0.6280000E+02  0.1307666E+01  0.1267649E+01  0.1255330E+01  0.1269997E+01  0.1310101E+01  0.1370746E+01  0.1447750E+01  0.1543274E+01  0.1653221E+01  0.1775826E+01  0.1901698E+01  0.2052423E+01
 0.6300000E+02  0.1310045E+01  0.1269422E+01  0.1256577E+01  0.1270812E+01  0.1310593E+01  0.1370962E+01  0.1447684E+01  0.1543084E+01  0.1653029E+01  0.1775663E+01  0.1901492E+01  0.2052585E+01
 0.6320000E+02  0.1312428E+01  0.1271199E+01  0.1257826E+01  0.1271630E+01  0.1311088E+01  0.1371179E+01  0.1447616E+01  0.1542892E+01  0.1652836E+01  0.1775498E+01  0.1901282E+01  0.2052746E+01
 0.6340000E+02  0.1314814E+01  0.1272978E+01  0.1259077E+01  0.1272451E+01  0.1311586E+01  0.1371399E+01  0.1447545E+01  0.1542697E+01  0.1652642E+01  0.1775332E+01  0.1901067E+01  0.2052906E+01
 0.6360000E+02  0.1317203E+01  0.1274761E+01  0.1260332E+01  0.1273275E+01  0.1312087E+01  0.1371620E+01  0.1447473E+01  0.1542501E+01  0.1652448E+01  0.1775165E+01  0.1900848E+01  0.2053065E+01
 0.6380000E+02  0.1319595E+01  0.1276546E+01  0.1261589E+01  0.1274102E+01  0.1312592E+01  0.1371842E+01  0.1447398E+01  0.1542303E+01  0.1652254E+01  0.1774996E+01  0.1900625E+01  0.2053222E+01
 0.6400000E+02  0.1321991E+01  0.1278334E+01  0.1262849E+01  0.1274932E+01  0.1313101E+01  0.1372067E+01  0.1447321E+01  0.1542102E+01  0.1652060E+01  0.1774826E+01  0.1900396E+01  0.2053379E+01
 0.6420000E+02  0.1324390E+01  0.1280126E+01  0.1264112E+01  0.1275765E+01  0.1313612E+01  0.1372293E+01  0.1447242E+01  0.1541900E+01  0.1651866E+01  0.1774655E+01  0.1900164E+01  0.2053534E+01
 0.6440000E+02  0.1326792E+01  0.1281921E+01  0.1265378E+01  0.1276602E+01  0.1314127E+01  0.1372521E+01  0.1447160E+01  0.1541696E+01  0.1651672E+01  0.1774482E+01  0.1899926E+01  0.2053688E+01
 0.6460000E+02  0.1329198E+01  0.1283719E+01  0.1266647E+01  0.1277441E+01  0.1314646E+01  0.1372750E+01  0.1447075E+01  0.1541490E+01  0.1651477E+01  0.1774309E+01  0.1899683E+01  0.2053841E+01
 0.6480000E+02  0.1331607E+01  0.1285521E+01  0.1267919E+01  0.1278284E+01  0.1315168E+01  0.1372981E+01  0.1446988E+01  0.1541282E+01  0.1651283E+01  0.1774134E+01  0.1899436E+01  0.2053992E+01
 0.6500000E+02  0.1334020E+01  0.1287327E+01  0.1269195E+01  0.1279131E+01  0.1315694E+01  0.1373213E+01  0.1446898E+01  0.1541072E+01  0.1651088E+01  0.1773958E+01  0.1899184E+01  0.2054143E+01
 0.6520000E+02  0.1336436E+01  0.1289136E+01  0.1270474E+01  0.1279981E+01  0.1316224E+01  0.1373447E+01  0.1446805E+01  0.1540860E+01  0.1650894E+01  0.1773781E+01  0.1898927E+01  0.2054292E+01
 0.6540000E+02  0.1338855E+01  0.1290948E+01  0.1271756E+01  0.1280835E+01  0.1316757E+01  0.1373682E+01  0.1446710E+01  0.1540646E+01  0.1650700E+01  0.1773602E+01  0.1898664E+01  0.2054440E+01
 0.6560000E+02  0.1341278E+01  0.1292765E+01  0.1273042E+01  0.1281692E+01  0.1317295E+01  0.1373919E+01  0.1446611E+01  0.1540431E+01  0.1650506E+01  0.1773423E+01  0.1898397E+01  0.2054587E+01
 0.6580000E+02  0.1343703E+01  0.1294585E+01  0.1274332E+01  0.1282553E+01  0.1317836E+01  0.1374156E+01  0.1446509E+01  0.1540213E+01  0.1650313E+01  0.1773242E+01  0.1898124E+01  0.2054732E+01
 0.6600000E+02  0.1346132E+01  0.1296410E+01  0.1275625E+01  0.1283418E+01  0.1318380E+01  0.1374395E+01  0.1446404E+01  0.1539994E+01  0.1650119E+01  0.1773061E+01  0.1897846E+01  0.2054877E+01
 0.6620000E+02  0.1348563E+01  0.1298238E+01  0.1276922E+01  0.1284287E+01  0.1318929E+01  0.1374635E+01  0.1446296E+01  0.1539773E+01  0.1649927E+01  0.1772878E+01  0.1897563E+01  0.2055020E+01
 0.6640000E+02  0.1350998E+01  0.1300070E+01  0.1278222E+01  0.1285160E+01  0.1319482E+01  0.1374876E+01  0.1446184E+01  0.1539550E+01  0.1649734E+01  0.1772694E+01  0.1897274E+01  0.2055162E+01
 0.6660000E+02  0.1353435E+01  0.1301907E+01  0.1279527E+01  0.1286036E+01  0.1320038E+01  0.1375117E+01  0.1446069E+01  0.1539325E+01  0.1649543E+01  0.1772510E+01  0.1896979E+01  0.2055303E+01
 0.6680000E+02  0.1355874E+01  0.1303748E+01  0.1280836E+01  0.1286917E+01  0.1320599E+01  0.1375360E+01  0.1445950E+01  0.1539099E+01  0.1649352E+01  0.1772324E+01  0.1896679E+01  0.2055442E+01
 0.6700000E+02  0.1358315E+01  0.1305593E+01  0.1282149E+01  0.1287803E+01  0.1321163E+01  0.1375603E+01  0.1445828E+01  0.1538871E+01  0.1649161E+01  0.1772137E+01  0.1896374E+01  0.2055581E+01
 0.6720000E+02  0.1360758E+01  0.1307442E+01  0.1283466E+01  0.1288692E+01  0.1321731E+01  0.1375846E+01  0.1445702E+01  0.1538641E+01  0.1648972E+01  0.1771950E+01  0.1896062E+01  0.2055718E+01
 0.6740000E+02  0.1363203E+01  0.1309296E+01  0.1284788E+01  0.1289586E+01  0.1322304E+01  0.1376090E+01  0.1445573E+01  0.1538409E+01  0.1648783E+01  0.1771761E+01  0.1895745E+01  0.2055854E+01
 0.6760000E+02  0.1365650E+01  0.1311154E+01  0.1286114E+01  0.1290484E+01  0.1322880E+01  0.1376335E+01  0.1445440E+01  0.1538176E+01  0.1648595E+01  0.1771572E+01  0.1895421E+01  0.2055990E+01
 0.6780000E+02  0.1368097E+01  0.1313016E+01  0.1287444E+01  0.1291387E+01  0.1323460E+01  0.1376579E+01  0.1445303E+01  0.1537941E+01  0.1648408E+01  0.1771382E+01  0.1895092E+01  0.2056123E+01
 0.6800000E+02  0.1370546E+01  0.1314882E+01  0.1288779E+01  0.1292294E+01  0.1324044E+01  0.1376824E+01  0.1445162E+01  0.1537705E+01  0.1648221E+01  0.1771190E+01  0.1894756E+01  0.2056256E+01
 0.6820000E+02  0.1372994E+01  0.1316752E+01  0.1290118E+01  0.1293206E+01  0.1324631E+01  0.1377069E+01  0.1445017E+01  0.1537467E+01  0.1648036E+01  0.1770998E+01  0.1894414E+01  0.2056388E+01
 0.6840000E+02  0.1375444E+01  0.1318627E+01  0.1291462E+01  0.1294122E+01  0.1325223E+01  0.1377313E+01  0.1444869E+01  0.1537228E+01  0.1647852E+01  0.1770805E+01  0.1894066E+01  0.2056519E+01
 0.6860000E+02  0.1377892E+01  0.1320505E+01  0.1292811E+01  0.1295043E+01  0.1325818E+01  0.1377558E+01  0.1444716E+01  0.1536986E+01  0.1647670E+01  0.1770612E+01  0.1893711E+01  0.2056648E+01
 0.6880000E+02  0.1380341E+01  0.1322388E+01  0.1294164E+01  0.1295968E+01  0.1326417E+01  0.1377802E+01  0.1444560E+01  0.1536744E+01  0.1647488E+01  0.1770417E+01  0.1893350E+01  0.2056777E+01
 0.6900000E+02  0.1382789E+01  0.1324274E+01  0.1295522E+01  0.1296898E+01  0.1327019E+01  0.1378045E+01  0.1444399E+01  0.1536500E+01  0.1647308E+01  0.1770221E+01  0.1892982E+01  0.2056904E+01
 0.6920000E+02  0.1385236E+01  0.1326164E+01  0.1296884E+01  0.1297833E+01  0.1327625E+01  0.1378288E+01  0.1444235E+01  0.1536254E+01  0.1647129E+01  0.1770025E+01  0.1892607E+01  0.2057031E+01
 0.6940000E+02  0.1387681E+01  0.1328057E+01  0.1298252E+01  0.1298773E+01  0.1328235E+01  0.1378530E+01  0.1444066E+01  0.1536007E+01  0.1646952E+01  0.1769828E+01  0.1892225E+01  0.2057157E+01
 0.6960000E+02  0.1390125E+01  0.1329954E+01  0.1299623E+01  0.1299717E+01  0.1328848E+01  0.1378771E+01  0.1443893E+01  0.1535759E+01  0.1646776E+01  0.1769629E+01  0.1891836E+01  0.2057281E+01
 0.6980000E+02  0.1392567E+01  0.1331854E+01  0.1301000E+01  0.1300665E+01  0.1329464E+01  0.1379011E+01  0.1443716E+01  0.1535509E+01  0.1646602E+01  0.1769430E+01  0.1891440E+01  0.2057405E+01
 0.7000000E+02  0.1395006E+01  0.1333757E+01  0.1302381E+01  0.1301619E+01  0.1330083E+01  0.1379250E+01  0.1443535E+01  0.1535258E+01  0.1646430E+01  0.1769230E+01  0.1891037E+01  0.2057528E+01
 0.7020000E+02  0.1397443E+01  0.1335663E+01  0.1303766E+01  0.1302576E+01  0.1330705E+01  0.1379487E+01  0.1443350E+01  0.1535006E+01  0.1646259E+01  0.1769029E+01  0.1890626E+01  0.2057650E+01
 0.7040000E+02  0.1399878E+01  0.1337572E+01  0.1305156E+01  0.1303539E+01  0.1331331E+01  0.1379724E+01  0.1443161E+01  0.1534752E+01  0.1646090E+01  0.1768826E+01  0.1890208E+01  0.2057772E+01
 0.7060000E+02  0.1402309E+01  0.1339482E+01  0.1306551E+01  0.1304505E+01  0.1331959E+01  0.1379959E+01  0.1442968E+01  0.1534497E+01  0.1645924E+01  0.1768623E+01  0.1889782E+01  0.2057892E+01
 0.7080000E+02  0.1404738E+01  0.1341395E+01  0.1307950E+01  0.1305477E+01  0.1332589E+01  0.1380192E+01  0.1442770E+01  0.1534241E+01  0.1645759E+01  0.1768418E+01  0.1889349E+01  0.2058012E+01
 0.7100000E+02  0.1407163E+01  0.1343310E+01  0.1309352E+01  0.1306452E+01  0.1333223E+01  0.1380424E+01  0.1442568E+01  0.1533984E+01  0.1645597E+01  0.1768212E+01  0.1888908E+01  0.2058131E+01
 0.7120000E+02  0.1409585E+01  0.1345226E+01  0.1310759E+01  0.1307432E+01  0.1333859E+01  0.1380654E+01  0.1442362E+01  0.1533725E+01  0.1645437E+01  0.1768004E+01  0.1888459E+01  0.2058250E+01
 0.7140000E+02  0.1412003E+01  0.1347144E+01  0.1312170E+01  0.1308416E+01  0.1334497E+01  0.1380883E+01  0.1442152E+01  0.1533466E+01  0.1645280E+01  0.1767794E+01  0.1888003E+01  0.2058367E+01
 0.7160000E+02  0.1414418E+01  0.1349062E+01  0.1313585E+01  0.1309404E+01  0.1335137E+01  0.1381109E+01  0.1441938E+01  0.1533205E+01  0.1645125E+01  0.1767583E+01  0.1887539E+01  0.2058485E+01
 0.7180000E+02  0.1416828E+01  0.1350982E+01  0.1315004E+01  0.1310395E+01  0.1335779E+01  0.1381333E+01  0.1441720E+01  0.1532943E+01  0.1644973E+01  0.1767369E+01  0.1887066E+01  0.2058601E+01
 0.7200000E+02  0.1419235E+01  0.1352901E+01  0.1316426E+01  0.1311391E+01  0.1336424E+01  0.1381555E+01  0.1441497E+01  0.1532681E+01  0.1644824E+01  0.1767153E+01  0.1886586E+01  0.2058718E+01
 0.7220000E+02  0.1421638E+01  0.1354822E+01  0.1317851E+01  0.1312391E+01  0.1337069E+01  0.1381775E+01  0.1441271E+01  0.1532417E+01  0.1644678E+01  0.1766934E+01  0.1886099E+01  0.2058833E+01
 0.7240000E+02  0.1424037E+01  0.1356742E+01  0.1319280E+01  0.1313394E+01  0.1337717E+01  0.1381993E+01  0.1441040E+01  0.1532152E+01  0.1644535E+01  0.1766711E+01  0.1885603E+01  0.2058949E+01
 0.7260000E+02  0.1426432E+01  0.1358661E+01  0.1320711E+01  0.1314400E+01  0.1338366E+01  0.1382209E+01  0.1440805E+01  0.1531887E+01  0.1644396E+01  0.1766485E+01  0.1885100E+01  0.2059063E+01
 0.7280000E+02  0.1428823E+01  0.1360581E+01  0.1322146E+01  0.1315410E+01  0.1339016E+01  0.1382422E+01  0.1440567E+01  0.1531620E+01  0.1644261E+01  0.1766255E+01  0.1884589E+01  0.2059178E+01
 0.7300000E+02  0.1431209E+01  0.1362499E+01  0.1323583E+01  0.1316423E+01  0.1339668E+01  0.1382632E+01  0.1440324E+01  0.1531353E+01  0.1644130E+01  0.1766019E+01  0.1884071E+01  0.2059292E+01
 0.7320000E+02  0.1433592E+01  0.1364417E+01  0.1325023E+01  0.1317439E+01  0.1340320E+01  0.1382841E+01  0.1440077E+01  0.1531085E+01  0.1644003E+01  0.1765778E+01  0.1883546E+01  0.2059406E+01
 0.7340000E+02  0.1435970E+01  0.1366333E+01  0.1326464E+01  0.1318458E+01  0.1340974E+01  0.1383046E+01  0.1439826E+01  0.1530816E+01  0.1643881E+01  0.1765529E+01  0.1883014E+01  0.2059519E+01
 0.7360000E+02  0.1438345E+01  0.1368248E+01  0.1327908E+01  0.1319479E+01  0.1341628E+01  0.1383249E+01  0.1439571E+01  0.1530547E+01  0.1643764E+01  0.1765272E+01  0.1882476E+01  0.2059632E+01
 0.7380000E+02  0.1440716E+01  0.1370161E+01  0.1329353E+01  0.1320503E+01  0.1342282E+01  0.1383449E+01  0.1439312E+01  0.1530277E+01  0.1643652E+01  0.1765005E+01  0.1881931E+01  0.2059745E+01
 0.7400000E+02  0.1443082E+01  0.1372072E+01  0.1330801E+01  0.1321530E+01  0.1342937E+01  0.1383647E+01  0.1439050E+01  0.1530007E+01  0.1643547E+01  0.1764726E+01  0.1881381E+01  0.2059858E+01
 0.7420000E+02  0.1445445E+01  0.1373981E+01  0.1332249E+01  0.1322558E+01  0.1343592E+01  0.1383842E+01  0.1438783E+01  0.1529736E+01  0.1643448E+01  0.1764433E+01  0.1880825E+01  0.2059971E+01
 0.7440000E+02  0.1447805E+01  0.1375888E+01  0.1333699E+01  0.1323589E+01  0.1344248E+01  0.1384033E+01  0.1438513E+01  0.1529465E+01  0.1643356E+01  0.1764123E+01  0.1880265E+01  0.2060083E+01
 0.7460000E+02  0.1450160E+01  0.1377792E+01  0.1335149E+01  0.1324621E+01  0.1344903E+01  0.1384223E+01  0.1438238E+01  0.1529193E+01  0.1643273E+01  0.1763792E+01  0.1879700E+01  0.2060195E+01
 0.7480000E+02  0.1452512E+01  0.1379694E+01  0.1336600E+01  0.1325655E+01  0.1345558E+01  0.1384409E+01  0.1437960E+01  0.1528921E+01  0.1643199E+01  0.1763439E+01  0.1879132E+01  0.2060306E+01
 0.7500000E+02  0.1454860E+01  0.1381593E+01  0.1338052E+01  0.1326691E+01  0.1346213E+01  0.1384592E+01  0.1437678E+01  0.1528649E+01  0.1643134E+01  0.1763057E+01  0.1878561E+01  0.2060418E+01
 0.7520000E+02  0.1457205E+01  0.1383490E+01  0.1339503E+01  0.1327727E+01  0.1346867E+01  0.1384772E+01  0.1437393E+01  0.1528378E+01  0.1643082E+01  0.1762644E+01  0.1877987E+01  0.2060529E+01
 0.7540000E+02  0.1459547E+01  0.1385383E+01  0.1340955E+01  0.1328765E+01  0.1347521E+01  0.1384950E+01  0.1437103E+01  0.1528106E+01  0.1643042E+01  0.1762195E+01  0.1877411E+01  0.2060640E+01
 0.7560000E+02  0.1461885E+01  0.1387273E+01  0.1342407E+01  0.1329803E+01  0.1348174E+01  0.1385124E+01  0.1436810E+01  0.1527834E+01  0.1643018E+01  0.1761707E+01  0.1876834E+01  0.2060750E+01
 0.7580000E+02  0.1464221E+01  0.1389160E+01  0.1343858E+01  0.1330842E+01  0.1348826E+01  0.1385295E+01  0.1436514E+01  0.1527563E+01  0.1643012E+01  0.1761177E+01  0.1876255E+01  0.2060860E+01
 0.7600000E+02  0.1466553E+01  0.1391044E+01  0.1345308E+01  0.1331882E+01  0.1349477E+01  0.1385463E+01  0.1436214E+01  0.1527292E+01  0.1643027E+01  0.1760605E+01  0.1875677E+01  0.2060970E+01
 0.7620000E+02  0.1468883E+01  0.1392925E+01  0.1346758E+01  0.1332922E+01  0.1350126E+01  0.1385628E+01  0.1435910E+01  0.1527021E+01  0.1643067E+01  0.1759992E+01  0.1875098E+01  0.2061079E+01
 0.7640000E+02  0.1471210E+01  0.1394802E+01  0.1348206E+01  0.1333961E+01  0.1350775E+01  0.1385790E+01  0.1435603E+01  0.1526751E+01  0.1643140E+01  0.1759344E+01  0.1874519E+01  0.2061188E+01
 0.7660000E+02  0.1473535E+01  0.1396676E+01  0.1349653E+01  0.1335001E+01  0.1351422E+01  0.1385949E+01  0.1435292E+01  0.1526483E+01  0.1643253E+01  0.1758664E+01  0.1873941E+01  0.2061296E+01
 0.7680000E+02  0.1475857E+01  0.1398547E+01  0.1351099E+01  0.1336040E+01  0.1352067E+01  0.1386104E+01  0.1434978E+01  0.1526215E+01  0.1643419E+01  0.1757961E+01  0.1873363E+01  0.2061403E+01
 0.7700000E+02  0.1478178E+01  0.1400414E+01  0.1352543E+01  0.1337079E+01  0.1352711E+01  0.1386256E+01  0.1434660E+01  0.1525948E+01  0.1643658E+01  0.1757242E+01  0.1872786E+01  0.2061510E+01
 0.7720000E+02  0.1480496E+01  0.1402277E+01  0.1353986E+01  0.1338117E+01  0.1353353E+01  0.1386405E+01  0.1434339E+01  0.1525683E+01  0.1644004E+01  0.1756513E+01  0.1872210E+01  0.2061616E+01
 0.7740000E+02  0.1482812E+01  0.1404137E+01  0.1355426E+01  0.1339154E+01  0.1353993E+01  0.1386551E+01  0.1434015E+01  0.1525419E+01  0.1644519E+01  0.1755780E+01  0.1871636E+01  0.2061721E+01
 0.7760000E+02  0.1485127E+01  0.1405993E+01  0.1356864E+01  0.1340190E+01  0.1354631E+01  0.1386693E+01  0.1433687E+01  0.1525157E+01  0.1645345E+01  0.1755049E+01  0.1871062E+01  0.2061825E+01
 0.7780000E+02  0.1487441E+01  0.1407846E+01  0.1358299E+01  0.1341224E+01  0.1355266E+01  0.1386831E+01  0.1433356E+01  0.1524897E+01  0.1646924E+01  0.1754323E+01  0.1870490E+01  0.2061928E+01
 0.7800000E+02  0.1489753E+01  0.1409694E+01  0.1359731E+01  0.1342256E+01  0.1355898E+01  0.1386966E+01  0.1433021E+01  0.1524639E+01  0.1650701E+01  0.1753605E+01  0.1869919E+01  0.2062029E+01
 0.7820000E+02  0.1582701E+01  0.1467667E+01  0.1296044E+01  0.1393915E+01  0.1470453E+01  0.1439555E+01  0.1289562E+01  0.8435776E+00  0.8585277E+00  0.1278116E+01 -0.1288211E+01
 0.7840000E+02 -0.1054992E+01 -0.5425387E+01
 0.7860000E+02 -0.1210530E+01
