 0.9323251E+00  0.3449578E-01 -0.5091150E-01
 0.1385346E+01  0.7169207E+00 -0.8055396E+00
 0.1828221E+01 -0.7126441E-01 -0.1850336E+00
 0.2385982E+01 -0.1366599E-01  0.3651565E-02
 0.3196368E+01 -0.7831529E-02 -0.1799570E-01
 0.4359753E+01  0.1213910E-01 -0.2786761E-02
 0.5837859E+01 -0.6461399E-02 -0.1696758E-03
 0.7643607E+01  0.1972792E-02 -0.6570394E-02
 0.9912860E+01 -0.5356609E-02 -0.5219824E-02
 0.1231004E+02 -0.7190049E-02 -0.1127406E-02
 0.1500023E+02 -0.8930482E-03 -0.4234223E-02
 0.1832844E+02 -0.1386689E-02  0.6097551E-02
 0.2169221E+02  0.1572181E-02 -0.4044801E-02
 0.2703273E+02  0.1138758E-02  0.1507160E-02
 0.3651434E+02 -0.7537276E-03  0.2198447E-03
 0.5759446E+02 -0.1359590E+00  0.2450808E+00
