 0.1000000E+00  0.4671555E-08  0.5251139E-02  0.4989124E-02  0.1024027E-01
 0.2000000E+00  0.1868609E-07  0.5251119E-02  0.4989131E-02  0.1024027E-01
 0.3000000E+00  0.4204319E-07  0.5251085E-02  0.4989141E-02  0.1024027E-01
 0.4000000E+00  0.7474221E-07  0.5251038E-02  0.4989155E-02  0.1024027E-01
 0.5000000E+00  0.1167822E-06  0.5250977E-02  0.4989174E-02  0.1024027E-01
 0.6000000E+00  0.1681620E-06  0.5250903E-02  0.4989197E-02  0.1024027E-01
 0.7000000E+00  0.2288800E-06  0.5250815E-02  0.4989224E-02  0.1024027E-01
 0.8000000E+00  0.2989346E-06  0.5250714E-02  0.4989255E-02  0.1024027E-01
 0.9000000E+00  0.3783238E-06  0.5250599E-02  0.4989290E-02  0.1024027E-01
 0.1000000E+01  0.4670453E-06  0.5250471E-02  0.4989330E-02  0.1024027E-01
 0.1100000E+01  0.5650966E-06  0.5250330E-02  0.4989373E-02  0.1024027E-01
 0.1200000E+01  0.6724748E-06  0.5250175E-02  0.4989421E-02  0.1024027E-01
 0.1300000E+01  0.7891769E-06  0.5250006E-02  0.4989473E-02  0.1024027E-01
 0.1400000E+01  0.9151995E-06  0.5249824E-02  0.4989529E-02  0.1024027E-01
 0.1500000E+01  0.1050539E-05  0.5249629E-02  0.4989589E-02  0.1024027E-01
 0.1600000E+01  0.1195192E-05  0.5249420E-02  0.4989653E-02  0.1024027E-01
 0.1700000E+01  0.1349154E-05  0.5249198E-02  0.4989721E-02  0.1024027E-01
 0.1800000E+01  0.1512420E-05  0.5248962E-02  0.4989794E-02  0.1024027E-01
 0.1900000E+01  0.1684986E-05  0.5248713E-02  0.4989870E-02  0.1024027E-01
 0.2000000E+01  0.1866847E-05  0.5248450E-02  0.4989951E-02  0.1024027E-01
 0.2100000E+01  0.2057998E-05  0.5248174E-02  0.4990036E-02  0.1024027E-01
 0.2200000E+01  0.2258434E-05  0.5247885E-02  0.4990125E-02  0.1024027E-01
 0.2300000E+01  0.2468148E-05  0.5247582E-02  0.4990217E-02  0.1024027E-01
 0.2400000E+01  0.2687135E-05  0.5247266E-02  0.4990315E-02  0.1024027E-01
 0.2500000E+01  0.2915388E-05  0.5246937E-02  0.4990416E-02  0.1024027E-01
 0.2600000E+01  0.3152902E-05  0.5246594E-02  0.4990521E-02  0.1024027E-01
 0.2700000E+01  0.3399669E-05  0.5246238E-02  0.4990630E-02  0.1024027E-01
 0.2800000E+01  0.3655682E-05  0.5245869E-02  0.4990744E-02  0.1024027E-01
 0.2900000E+01  0.3920934E-05  0.5245486E-02  0.4990861E-02  0.1024027E-01
 0.3000000E+01  0.4195417E-05  0.5245090E-02  0.4990983E-02  0.1024027E-01
 0.3100000E+01  0.4479124E-05  0.5244681E-02  0.4991108E-02  0.1024027E-01
 0.3200000E+01  0.4772047E-05  0.5244258E-02  0.4991238E-02  0.1024027E-01
 0.3300000E+01  0.5074177E-05  0.5243822E-02  0.4991372E-02  0.1024027E-01
 0.3400000E+01  0.5385506E-05  0.5243373E-02  0.4991509E-02  0.1024027E-01
 0.3500000E+01  0.5706026E-05  0.5242911E-02  0.4991651E-02  0.1024027E-01
 0.3600000E+01  0.6035726E-05  0.5242435E-02  0.4991797E-02  0.1024027E-01
 0.3700000E+01  0.6374598E-05  0.5241947E-02  0.4991947E-02  0.1024027E-01
 0.3800000E+01  0.6722632E-05  0.5241445E-02  0.4992101E-02  0.1024027E-01
 0.3900000E+01  0.7079818E-05  0.5240930E-02  0.4992258E-02  0.1024027E-01
 0.4000000E+01  0.7446147E-05  0.5240402E-02  0.4992420E-02  0.1024027E-01
 0.4100000E+01  0.7821608E-05  0.5239861E-02  0.4992586E-02  0.1024027E-01
 0.4200000E+01  0.8206190E-05  0.5239306E-02  0.4992756E-02  0.1024027E-01
 0.4300000E+01  0.8599882E-05  0.5238739E-02  0.4992929E-02  0.1024027E-01
 0.4400000E+01  0.9002675E-05  0.5238158E-02  0.4993107E-02  0.1024027E-01
 0.4500000E+01  0.9414556E-05  0.5237565E-02  0.4993289E-02  0.1024027E-01
 0.4600000E+01  0.9835513E-05  0.5236958E-02  0.4993474E-02  0.1024027E-01
 0.4700000E+01  0.1026554E-04  0.5236339E-02  0.4993664E-02  0.1024027E-01
 0.4800000E+01  0.1070461E-04  0.5235706E-02  0.4993857E-02  0.1024027E-01
 0.4900000E+01  0.1115273E-04  0.5235061E-02  0.4994055E-02  0.1024027E-01
 0.5000000E+01  0.1160987E-04  0.5234402E-02  0.4994256E-02  0.1024027E-01
 0.5100000E+01  0.1207603E-04  0.5233731E-02  0.4994461E-02  0.1024027E-01
 0.5200000E+01  0.1255119E-04  0.5233047E-02  0.4994670E-02  0.1024027E-01
 0.5300000E+01  0.1303535E-04  0.5232350E-02  0.4994883E-02  0.1024027E-01
 0.5400000E+01  0.1352847E-04  0.5231640E-02  0.4995100E-02  0.1024027E-01
 0.5500000E+01  0.1403057E-04  0.5230917E-02  0.4995320E-02  0.1024027E-01
 0.5600000E+01  0.1454160E-04  0.5230182E-02  0.4995545E-02  0.1024027E-01
 0.5700000E+01  0.1506158E-04  0.5229433E-02  0.4995773E-02  0.1024027E-01
 0.5800000E+01  0.1559047E-04  0.5228672E-02  0.4996005E-02  0.1024027E-01
 0.5900000E+01  0.1612827E-04  0.5227899E-02  0.4996241E-02  0.1024027E-01
 0.6000000E+01  0.1667496E-04  0.5227112E-02  0.4996481E-02  0.1024027E-01
 0.6100000E+01  0.1723052E-04  0.5226313E-02  0.4996724E-02  0.1024027E-01
 0.6200000E+01  0.1779494E-04  0.5225502E-02  0.4996972E-02  0.1024027E-01
 0.6300000E+01  0.1836821E-04  0.5224677E-02  0.4997223E-02  0.1024027E-01
 0.6400000E+01  0.1895031E-04  0.5223840E-02  0.4997477E-02  0.1024027E-01
 0.6500000E+01  0.1954122E-04  0.5222991E-02  0.4997736E-02  0.1024027E-01
 0.6600000E+01  0.2014093E-04  0.5222129E-02  0.4997998E-02  0.1024027E-01
 0.6700000E+01  0.2074941E-04  0.5221255E-02  0.4998264E-02  0.1024027E-01
 0.6800000E+01  0.2136667E-04  0.5220368E-02  0.4998533E-02  0.1024027E-01
 0.6900000E+01  0.2199266E-04  0.5219469E-02  0.4998807E-02  0.1024027E-01
 0.7000000E+01  0.2262739E-04  0.5218557E-02  0.4999084E-02  0.1024027E-01
 0.7100000E+01  0.2327083E-04  0.5217633E-02  0.4999364E-02  0.1024027E-01
 0.7200000E+01  0.2392297E-04  0.5216697E-02  0.4999648E-02  0.1024027E-01
 0.7300000E+01  0.2458379E-04  0.5215748E-02  0.4999936E-02  0.1024027E-01
 0.7400000E+01  0.2525326E-04  0.5214787E-02  0.5000228E-02  0.1024027E-01
 0.7500000E+01  0.2593138E-04  0.5213814E-02  0.5000523E-02  0.1024027E-01
 0.7600000E+01  0.2661812E-04  0.5212829E-02  0.5000821E-02  0.1024027E-01
 0.7700000E+01  0.2731346E-04  0.5211831E-02  0.5001123E-02  0.1024027E-01
 0.7800000E+01  0.2801739E-04  0.5210822E-02  0.5001429E-02  0.1024027E-01
 0.7900000E+01  0.2872989E-04  0.5209800E-02  0.5001738E-02  0.1024027E-01
 0.8000000E+01  0.2945094E-04  0.5208766E-02  0.5002051E-02  0.1024027E-01
 0.8100000E+01  0.3018052E-04  0.5207720E-02  0.5002367E-02  0.1024027E-01
 0.8200000E+01  0.3091861E-04  0.5206663E-02  0.5002687E-02  0.1024027E-01
 0.8300000E+01  0.3166518E-04  0.5205593E-02  0.5003010E-02  0.1024027E-01
 0.8400000E+01  0.3242023E-04  0.5204511E-02  0.5003337E-02  0.1024027E-01
 0.8500000E+01  0.3318373E-04  0.5203418E-02  0.5003667E-02  0.1024027E-01
 0.8600000E+01  0.3395566E-04  0.5202312E-02  0.5004000E-02  0.1024027E-01
 0.8700000E+01  0.3473600E-04  0.5201195E-02  0.5004337E-02  0.1024027E-01
 0.8800000E+01  0.3552473E-04  0.5200066E-02  0.5004677E-02  0.1024027E-01
 0.8900000E+01  0.3632182E-04  0.5198926E-02  0.5005021E-02  0.1024027E-01
 0.9000000E+01  0.3712727E-04  0.5197773E-02  0.5005368E-02  0.1024027E-01
 0.9100000E+01  0.3794104E-04  0.5196609E-02  0.5005718E-02  0.1024027E-01
 0.9200000E+01  0.3876311E-04  0.5195434E-02  0.5006071E-02  0.1024027E-01
 0.9300000E+01  0.3959347E-04  0.5194246E-02  0.5006428E-02  0.1024027E-01
 0.9400000E+01  0.4043210E-04  0.5193048E-02  0.5006788E-02  0.1024027E-01
 0.9500000E+01  0.4127896E-04  0.5191837E-02  0.5007152E-02  0.1024027E-01
 0.9600000E+01  0.4213404E-04  0.5190616E-02  0.5007518E-02  0.1024027E-01
 0.9700000E+01  0.4299732E-04  0.5189383E-02  0.5007888E-02  0.1024027E-01
 0.9800000E+01  0.4386877E-04  0.5188138E-02  0.5008261E-02  0.1024027E-01
 0.9900000E+01  0.4474837E-04  0.5186883E-02  0.5008637E-02  0.1024027E-01
 0.1000000E+02  0.4563610E-04  0.5185616E-02  0.5009016E-02  0.1024027E-01
 0.1010000E+02  0.4653194E-04  0.5184337E-02  0.5009399E-02  0.1024027E-01
 0.1020000E+02  0.4743586E-04  0.5183048E-02  0.5009784E-02  0.1024027E-01
 0.1030000E+02  0.4834784E-04  0.5181747E-02  0.5010173E-02  0.1024027E-01
 0.1040000E+02  0.4926786E-04  0.5180436E-02  0.5010565E-02  0.1024027E-01
 0.1050000E+02  0.5019590E-04  0.5179113E-02  0.5010959E-02  0.1024027E-01
 0.1060000E+02  0.5113192E-04  0.5177779E-02  0.5011357E-02  0.1024027E-01
 0.1070000E+02  0.5207591E-04  0.5176434E-02  0.5011758E-02  0.1024027E-01
 0.1080000E+02  0.5302784E-04  0.5175078E-02  0.5012162E-02  0.1024027E-01
 0.1090000E+02  0.5398769E-04  0.5173712E-02  0.5012568E-02  0.1024027E-01
 0.1100000E+02  0.5495543E-04  0.5172335E-02  0.5012978E-02  0.1024027E-01
 0.1110000E+02  0.5593105E-04  0.5170946E-02  0.5013391E-02  0.1024027E-01
 0.1120000E+02  0.5691451E-04  0.5169547E-02  0.5013806E-02  0.1024027E-01
 0.1130000E+02  0.5790579E-04  0.5168138E-02  0.5014225E-02  0.1024027E-01
 0.1140000E+02  0.5890487E-04  0.5166717E-02  0.5014646E-02  0.1024027E-01
 0.1150000E+02  0.5991172E-04  0.5165287E-02  0.5015070E-02  0.1024027E-01
 0.1160000E+02  0.6092632E-04  0.5163845E-02  0.5015497E-02  0.1024027E-01
 0.1170000E+02  0.6194864E-04  0.5162393E-02  0.5015926E-02  0.1024027E-01
 0.1180000E+02  0.6297866E-04  0.5160931E-02  0.5016359E-02  0.1024027E-01
 0.1190000E+02  0.6401635E-04  0.5159458E-02  0.5016794E-02  0.1024027E-01
 0.1200000E+02  0.6506168E-04  0.5157975E-02  0.5017232E-02  0.1024027E-01
 0.1210000E+02  0.6611464E-04  0.5156481E-02  0.5017672E-02  0.1024027E-01
 0.1220000E+02  0.6717519E-04  0.5154978E-02  0.5018115E-02  0.1024027E-01
 0.1230000E+02  0.6824331E-04  0.5153464E-02  0.5018561E-02  0.1024027E-01
 0.1240000E+02  0.6931897E-04  0.5151939E-02  0.5019010E-02  0.1024027E-01
 0.1250000E+02  0.7040215E-04  0.5150405E-02  0.5019461E-02  0.1024027E-01
 0.1260000E+02  0.7149282E-04  0.5148861E-02  0.5019914E-02  0.1024027E-01
 0.1270000E+02  0.7259096E-04  0.5147307E-02  0.5020370E-02  0.1024027E-01
 0.1280000E+02  0.7369654E-04  0.5145742E-02  0.5020829E-02  0.1024027E-01
 0.1290000E+02  0.7480953E-04  0.5144168E-02  0.5021290E-02  0.1024027E-01
 0.1300000E+02  0.7592991E-04  0.5142584E-02  0.5021754E-02  0.1024027E-01
 0.1310000E+02  0.7705764E-04  0.5140990E-02  0.5022220E-02  0.1024027E-01
 0.1320000E+02  0.7819271E-04  0.5139387E-02  0.5022688E-02  0.1024027E-01
 0.1330000E+02  0.7933509E-04  0.5137774E-02  0.5023159E-02  0.1024027E-01
 0.1340000E+02  0.8048474E-04  0.5136151E-02  0.5023633E-02  0.1024027E-01
 0.1350000E+02  0.8164165E-04  0.5134518E-02  0.5024108E-02  0.1024027E-01
 0.1360000E+02  0.8280578E-04  0.5132876E-02  0.5024586E-02  0.1024027E-01
 0.1370000E+02  0.8397711E-04  0.5131225E-02  0.5025066E-02  0.1024027E-01
 0.1380000E+02  0.8515561E-04  0.5129564E-02  0.5025549E-02  0.1024027E-01
 0.1390000E+02  0.8634126E-04  0.5127893E-02  0.5026033E-02  0.1024027E-01
 0.1400000E+02  0.8753402E-04  0.5126214E-02  0.5026520E-02  0.1024027E-01
 0.1410000E+02  0.8873388E-04  0.5124525E-02  0.5027009E-02  0.1024027E-01
 0.1420000E+02  0.8994079E-04  0.5122827E-02  0.5027500E-02  0.1024027E-01
 0.1430000E+02  0.9115474E-04  0.5121120E-02  0.5027994E-02  0.1024027E-01
 0.1440000E+02  0.9237569E-04  0.5119403E-02  0.5028489E-02  0.1024027E-01
 0.1450000E+02  0.9360363E-04  0.5117678E-02  0.5028987E-02  0.1024027E-01
 0.1460000E+02  0.9483851E-04  0.5115943E-02  0.5029486E-02  0.1024027E-01
 0.1470000E+02  0.9608032E-04  0.5114200E-02  0.5029988E-02  0.1024027E-01
 0.1480000E+02  0.9732902E-04  0.5112448E-02  0.5030491E-02  0.1024027E-01
 0.1490000E+02  0.9858460E-04  0.5110687E-02  0.5030996E-02  0.1024027E-01
 0.1500000E+02  0.9984701E-04  0.5108917E-02  0.5031504E-02  0.1024027E-01
 0.1510000E+02  0.1011162E-03  0.5107139E-02  0.5032013E-02  0.1024027E-01
 0.1520000E+02  0.1023922E-03  0.5105352E-02  0.5032524E-02  0.1024027E-01
 0.1530000E+02  0.1036750E-03  0.5103556E-02  0.5033037E-02  0.1024027E-01
 0.1540000E+02  0.1049645E-03  0.5101752E-02  0.5033552E-02  0.1024027E-01
 0.1550000E+02  0.1062607E-03  0.5099939E-02  0.5034068E-02  0.1024027E-01
 0.1560000E+02  0.1075635E-03  0.5098118E-02  0.5034587E-02  0.1024027E-01
 0.1570000E+02  0.1088730E-03  0.5096288E-02  0.5035107E-02  0.1024027E-01
 0.1580000E+02  0.1101891E-03  0.5094451E-02  0.5035628E-02  0.1024027E-01
 0.1590000E+02  0.1115119E-03  0.5092605E-02  0.5036151E-02  0.1024027E-01
 0.1600000E+02  0.1128411E-03  0.5090751E-02  0.5036676E-02  0.1024027E-01
 0.1610000E+02  0.1141769E-03  0.5088888E-02  0.5037203E-02  0.1024027E-01
 0.1620000E+02  0.1155192E-03  0.5087018E-02  0.5037731E-02  0.1024027E-01
 0.1630000E+02  0.1168679E-03  0.5085140E-02  0.5038261E-02  0.1024027E-01
 0.1640000E+02  0.1182231E-03  0.5083253E-02  0.5038792E-02  0.1024027E-01
 0.1650000E+02  0.1195848E-03  0.5081359E-02  0.5039324E-02  0.1024027E-01
 0.1660000E+02  0.1209528E-03  0.5079457E-02  0.5039858E-02  0.1024027E-01
 0.1670000E+02  0.1223271E-03  0.5077547E-02  0.5040394E-02  0.1024027E-01
 0.1680000E+02  0.1237078E-03  0.5075630E-02  0.5040930E-02  0.1024027E-01
 0.1690000E+02  0.1250948E-03  0.5073705E-02  0.5041468E-02  0.1024027E-01
 0.1700000E+02  0.1264881E-03  0.5071772E-02  0.5042008E-02  0.1024027E-01
 0.1710000E+02  0.1278876E-03  0.5069832E-02  0.5042548E-02  0.1024027E-01
 0.1720000E+02  0.1292933E-03  0.5067884E-02  0.5043090E-02  0.1024027E-01
 0.1730000E+02  0.1307052E-03  0.5065929E-02  0.5043633E-02  0.1024027E-01
 0.1740000E+02  0.1321233E-03  0.5063967E-02  0.5044178E-02  0.1024027E-01
 0.1750000E+02  0.1335475E-03  0.5061997E-02  0.5044723E-02  0.1024027E-01
 0.1760000E+02  0.1349778E-03  0.5060021E-02  0.5045270E-02  0.1024027E-01
 0.1770000E+02  0.1364141E-03  0.5058037E-02  0.5045817E-02  0.1024027E-01
 0.1780000E+02  0.1378565E-03  0.5056046E-02  0.5046366E-02  0.1024027E-01
 0.1790000E+02  0.1393050E-03  0.5054047E-02  0.5046916E-02  0.1024027E-01
 0.1800000E+02  0.1407594E-03  0.5052042E-02  0.5047466E-02  0.1024027E-01
 0.1810000E+02  0.1422197E-03  0.5050030E-02  0.5048018E-02  0.1024027E-01
 0.1820000E+02  0.1436860E-03  0.5048012E-02  0.5048570E-02  0.1024027E-01
 0.1830000E+02  0.1451582E-03  0.5045986E-02  0.5049124E-02  0.1024027E-01
 0.1840000E+02  0.1466363E-03  0.5043954E-02  0.5049678E-02  0.1024027E-01
 0.1850000E+02  0.1481202E-03  0.5041915E-02  0.5050233E-02  0.1024027E-01
 0.1860000E+02  0.1496099E-03  0.5039870E-02  0.5050789E-02  0.1024027E-01
 0.1870000E+02  0.1511054E-03  0.5037818E-02  0.5051345E-02  0.1024027E-01
 0.1880000E+02  0.1526067E-03  0.5035759E-02  0.5051902E-02  0.1024027E-01
 0.1890000E+02  0.1541137E-03  0.5033694E-02  0.5052460E-02  0.1024027E-01
 0.1900000E+02  0.1556264E-03  0.5031623E-02  0.5053019E-02  0.1024027E-01
 0.1910000E+02  0.1571447E-03  0.5029546E-02  0.5053578E-02  0.1024027E-01
 0.1920000E+02  0.1586687E-03  0.5027462E-02  0.5054137E-02  0.1024027E-01
 0.1930000E+02  0.1601984E-03  0.5025372E-02  0.5054697E-02  0.1024027E-01
 0.1940000E+02  0.1617336E-03  0.5023276E-02  0.5055258E-02  0.1024027E-01
 0.1950000E+02  0.1632743E-03  0.5021175E-02  0.5055819E-02  0.1024027E-01
 0.1960000E+02  0.1648206E-03  0.5019067E-02  0.5056381E-02  0.1024027E-01
 0.1970000E+02  0.1663724E-03  0.5016953E-02  0.5056942E-02  0.1024027E-01
 0.1980000E+02  0.1679297E-03  0.5014834E-02  0.5057505E-02  0.1024027E-01
 0.1990000E+02  0.1694924E-03  0.5012709E-02  0.5058067E-02  0.1024027E-01
 0.2000000E+02  0.1710606E-03  0.5010578E-02  0.5058630E-02  0.1024027E-01
 0.2010000E+02  0.1726341E-03  0.5008441E-02  0.5059193E-02  0.1024027E-01
 0.2020000E+02  0.1742130E-03  0.5006299E-02  0.5059756E-02  0.1024027E-01
 0.2030000E+02  0.1757972E-03  0.5004151E-02  0.5060319E-02  0.1024027E-01
 0.2040000E+02  0.1773867E-03  0.5001999E-02  0.5060883E-02  0.1024027E-01
 0.2050000E+02  0.1789815E-03  0.4999840E-02  0.5061446E-02  0.1024027E-01
 0.2060000E+02  0.1805816E-03  0.4997677E-02  0.5062010E-02  0.1024027E-01
 0.2070000E+02  0.1821869E-03  0.4995508E-02  0.5062573E-02  0.1024027E-01
 0.2080000E+02  0.1837974E-03  0.4993334E-02  0.5063137E-02  0.1024027E-01
 0.2090000E+02  0.1854130E-03  0.4991155E-02  0.5063700E-02  0.1024027E-01
 0.2100000E+02  0.1870338E-03  0.4988970E-02  0.5064264E-02  0.1024027E-01
 0.2110000E+02  0.1886597E-03  0.4986781E-02  0.5064827E-02  0.1024027E-01
 0.2120000E+02  0.1902907E-03  0.4984587E-02  0.5065390E-02  0.1024027E-01
 0.2130000E+02  0.1919267E-03  0.4982388E-02  0.5065953E-02  0.1024027E-01
 0.2140000E+02  0.1935678E-03  0.4980185E-02  0.5066515E-02  0.1024027E-01
 0.2150000E+02  0.1952138E-03  0.4977977E-02  0.5067078E-02  0.1024027E-01
 0.2160000E+02  0.1968649E-03  0.4975764E-02  0.5067640E-02  0.1024027E-01
 0.2170000E+02  0.1985209E-03  0.4973546E-02  0.5068201E-02  0.1024027E-01
 0.2180000E+02  0.2001818E-03  0.4971324E-02  0.5068762E-02  0.1024027E-01
 0.2190000E+02  0.2018476E-03  0.4969098E-02  0.5069323E-02  0.1024027E-01
 0.2200000E+02  0.2035183E-03  0.4966867E-02  0.5069883E-02  0.1024027E-01
 0.2210000E+02  0.2051938E-03  0.4964632E-02  0.5070443E-02  0.1024027E-01
 0.2220000E+02  0.2068742E-03  0.4962392E-02  0.5071002E-02  0.1024027E-01
 0.2230000E+02  0.2085593E-03  0.4960149E-02  0.5071560E-02  0.1024027E-01
 0.2240000E+02  0.2102492E-03  0.4957901E-02  0.5072118E-02  0.1024027E-01
 0.2250000E+02  0.2119438E-03  0.4955649E-02  0.5072675E-02  0.1024027E-01
 0.2260000E+02  0.2136432E-03  0.4953394E-02  0.5073231E-02  0.1024027E-01
 0.2270000E+02  0.2153472E-03  0.4951134E-02  0.5073787E-02  0.1024027E-01
 0.2280000E+02  0.2170559E-03  0.4948871E-02  0.5074342E-02  0.1024027E-01
 0.2290000E+02  0.2187692E-03  0.4946603E-02  0.5074895E-02  0.1024027E-01
 0.2300000E+02  0.2204871E-03  0.4944332E-02  0.5075448E-02  0.1024027E-01
 0.2310000E+02  0.2222096E-03  0.4942058E-02  0.5076001E-02  0.1024027E-01
 0.2320000E+02  0.2239367E-03  0.4939780E-02  0.5076552E-02  0.1024027E-01
 0.2330000E+02  0.2256682E-03  0.4937498E-02  0.5077102E-02  0.1024027E-01
 0.2340000E+02  0.2274043E-03  0.4935213E-02  0.5077651E-02  0.1024027E-01
 0.2350000E+02  0.2291449E-03  0.4932925E-02  0.5078199E-02  0.1024027E-01
 0.2360000E+02  0.2308899E-03  0.4930633E-02  0.5078745E-02  0.1024027E-01
 0.2370000E+02  0.2326393E-03  0.4928338E-02  0.5079291E-02  0.1024027E-01
 0.2380000E+02  0.2343932E-03  0.4926039E-02  0.5079835E-02  0.1024027E-01
 0.2390000E+02  0.2361514E-03  0.4923738E-02  0.5080379E-02  0.1024027E-01
 0.2400000E+02  0.2379140E-03  0.4921434E-02  0.5080920E-02  0.1024027E-01
 0.2410000E+02  0.2396809E-03  0.4919126E-02  0.5081461E-02  0.1024027E-01
 0.2420000E+02  0.2414521E-03  0.4916816E-02  0.5082000E-02  0.1024027E-01
 0.2430000E+02  0.2432276E-03  0.4914503E-02  0.5082538E-02  0.1024027E-01
 0.2440000E+02  0.2450073E-03  0.4912187E-02  0.5083074E-02  0.1024027E-01
 0.2450000E+02  0.2467913E-03  0.4909868E-02  0.5083608E-02  0.1024027E-01
 0.2460000E+02  0.2485794E-03  0.4907547E-02  0.5084142E-02  0.1024027E-01
 0.2470000E+02  0.2503718E-03  0.4905223E-02  0.5084673E-02  0.1024027E-01
 0.2480000E+02  0.2521683E-03  0.4902897E-02  0.5085203E-02  0.1024027E-01
 0.2490000E+02  0.2539689E-03  0.4900568E-02  0.5085731E-02  0.1024027E-01
 0.2500000E+02  0.2557737E-03  0.4898237E-02  0.5086258E-02  0.1024027E-01
 0.2510000E+02  0.2575825E-03  0.4895903E-02  0.5086782E-02  0.1024027E-01
 0.2520000E+02  0.2593954E-03  0.4893567E-02  0.5087305E-02  0.1024027E-01
 0.2530000E+02  0.2612123E-03  0.4891229E-02  0.5087826E-02  0.1024027E-01
 0.2540000E+02  0.2630333E-03  0.4888889E-02  0.5088345E-02  0.1024027E-01
 0.2550000E+02  0.2648582E-03  0.4886547E-02  0.5088863E-02  0.1024027E-01
 0.2560000E+02  0.2666871E-03  0.4884203E-02  0.5089378E-02  0.1024027E-01
 0.2570000E+02  0.2685200E-03  0.4881857E-02  0.5089891E-02  0.1024027E-01
 0.2580000E+02  0.2703567E-03  0.4879509E-02  0.5090402E-02  0.1024027E-01
 0.2590000E+02  0.2721974E-03  0.4877159E-02  0.5090911E-02  0.1024027E-01
 0.2600000E+02  0.2740420E-03  0.4874808E-02  0.5091418E-02  0.1024027E-01
 0.2610000E+02  0.2758904E-03  0.4872455E-02  0.5091923E-02  0.1024027E-01
 0.2620000E+02  0.2777426E-03  0.4870100E-02  0.5092426E-02  0.1024027E-01
 0.2630000E+02  0.2795987E-03  0.4867744E-02  0.5092926E-02  0.1024027E-01
 0.2640000E+02  0.2814585E-03  0.4865386E-02  0.5093424E-02  0.1024027E-01
 0.2650000E+02  0.2833221E-03  0.4863027E-02  0.5093919E-02  0.1024027E-01
 0.2660000E+02  0.2851895E-03  0.4860666E-02  0.5094412E-02  0.1024027E-01
 0.2670000E+02  0.2870606E-03  0.4858304E-02  0.5094903E-02  0.1024027E-01
 0.2680000E+02  0.2889353E-03  0.4855941E-02  0.5095391E-02  0.1024027E-01
 0.2690000E+02  0.2908138E-03  0.4853577E-02  0.5095877E-02  0.1024027E-01
 0.2700000E+02  0.2926959E-03  0.4851212E-02  0.5096360E-02  0.1024027E-01
 0.2710000E+02  0.2945817E-03  0.4848846E-02  0.5096840E-02  0.1024027E-01
 0.2720000E+02  0.2964710E-03  0.4846479E-02  0.5097318E-02  0.1024027E-01
 0.2730000E+02  0.2983640E-03  0.4844111E-02  0.5097793E-02  0.1024027E-01
 0.2740000E+02  0.3002605E-03  0.4841742E-02  0.5098266E-02  0.1024027E-01
 0.2750000E+02  0.3021606E-03  0.4839372E-02  0.5098735E-02  0.1024027E-01
 0.2760000E+02  0.3040643E-03  0.4837002E-02  0.5099202E-02  0.1024027E-01
 0.2770000E+02  0.3059714E-03  0.4834631E-02  0.5099666E-02  0.1024027E-01
 0.2780000E+02  0.3078820E-03  0.4832260E-02  0.5100126E-02  0.1024027E-01
 0.2790000E+02  0.3097961E-03  0.4829888E-02  0.5100584E-02  0.1024027E-01
 0.2800000E+02  0.3117137E-03  0.4827515E-02  0.5101039E-02  0.1024027E-01
 0.2810000E+02  0.3136347E-03  0.4825142E-02  0.5101491E-02  0.1024027E-01
 0.2820000E+02  0.3155591E-03  0.4822769E-02  0.5101940E-02  0.1024027E-01
 0.2830000E+02  0.3174869E-03  0.4820396E-02  0.5102385E-02  0.1024027E-01
 0.2840000E+02  0.3194181E-03  0.4818022E-02  0.5102828E-02  0.1024027E-01
 0.2850000E+02  0.3213526E-03  0.4815649E-02  0.5103267E-02  0.1024027E-01
 0.2860000E+02  0.3232905E-03  0.4813275E-02  0.5103703E-02  0.1024027E-01
 0.2870000E+02  0.3252317E-03  0.4810901E-02  0.5104135E-02  0.1024027E-01
 0.2880000E+02  0.3271762E-03  0.4808528E-02  0.5104564E-02  0.1024027E-01
 0.2890000E+02  0.3291239E-03  0.4806154E-02  0.5104990E-02  0.1024027E-01
 0.2900000E+02  0.3310750E-03  0.4803781E-02  0.5105412E-02  0.1024027E-01
 0.2910000E+02  0.3330292E-03  0.4801408E-02  0.5105831E-02  0.1024027E-01
 0.2920000E+02  0.3349867E-03  0.4799035E-02  0.5106246E-02  0.1024027E-01
 0.2930000E+02  0.3369474E-03  0.4796663E-02  0.5106658E-02  0.1024027E-01
 0.2940000E+02  0.3389113E-03  0.4794291E-02  0.5107066E-02  0.1024027E-01
 0.2950000E+02  0.3408784E-03  0.4791920E-02  0.5107470E-02  0.1024027E-01
 0.2960000E+02  0.3428486E-03  0.4789549E-02  0.5107870E-02  0.1024027E-01
 0.2970000E+02  0.3448219E-03  0.4787179E-02  0.5108267E-02  0.1024027E-01
 0.2980000E+02  0.3467984E-03  0.4784809E-02  0.5108660E-02  0.1024027E-01
 0.2990000E+02  0.3487780E-03  0.4782441E-02  0.5109049E-02  0.1024027E-01
 0.3000000E+02  0.3507606E-03  0.4780073E-02  0.5109435E-02  0.1024027E-01
 0.3010000E+02  0.3527464E-03  0.4777706E-02  0.5109816E-02  0.1024027E-01
 0.3020000E+02  0.3547351E-03  0.4775340E-02  0.5110193E-02  0.1024027E-01
 0.3030000E+02  0.3567269E-03  0.4772975E-02  0.5110566E-02  0.1024027E-01
 0.3040000E+02  0.3587217E-03  0.4770611E-02  0.5110935E-02  0.1024027E-01
 0.3050000E+02  0.3607196E-03  0.4768248E-02  0.5111300E-02  0.1024027E-01
 0.3060000E+02  0.3627204E-03  0.4765886E-02  0.5111661E-02  0.1024027E-01
 0.3070000E+02  0.3647241E-03  0.4763526E-02  0.5112018E-02  0.1024027E-01
 0.3080000E+02  0.3667309E-03  0.4761167E-02  0.5112370E-02  0.1024027E-01
 0.3090000E+02  0.3687405E-03  0.4758809E-02  0.5112718E-02  0.1024027E-01
 0.3100000E+02  0.3707531E-03  0.4756453E-02  0.5113062E-02  0.1024027E-01
 0.3110000E+02  0.3727686E-03  0.4754098E-02  0.5113401E-02  0.1024027E-01
 0.3120000E+02  0.3747869E-03  0.4751745E-02  0.5113736E-02  0.1024027E-01
 0.3130000E+02  0.3768082E-03  0.4749393E-02  0.5114067E-02  0.1024027E-01
 0.3140000E+02  0.3788323E-03  0.4747043E-02  0.5114393E-02  0.1024027E-01
 0.3150000E+02  0.3808592E-03  0.4744695E-02  0.5114714E-02  0.1024027E-01
 0.3160000E+02  0.3828890E-03  0.4742348E-02  0.5115031E-02  0.1024027E-01
 0.3170000E+02  0.3849216E-03  0.4740004E-02  0.5115343E-02  0.1024027E-01
 0.3180000E+02  0.3869570E-03  0.4737661E-02  0.5115650E-02  0.1024027E-01
 0.3190000E+02  0.3889951E-03  0.4735320E-02  0.5115953E-02  0.1024027E-01
 0.3200000E+02  0.3910361E-03  0.4732982E-02  0.5116250E-02  0.1024027E-01
 0.3210000E+02  0.3930798E-03  0.4730645E-02  0.5116543E-02  0.1024027E-01
 0.3220000E+02  0.3951262E-03  0.4728310E-02  0.5116831E-02  0.1024027E-01
 0.3230000E+02  0.3971754E-03  0.4725978E-02  0.5117115E-02  0.1024027E-01
 0.3240000E+02  0.3992273E-03  0.4723648E-02  0.5117393E-02  0.1024027E-01
 0.3250000E+02  0.4012818E-03  0.4721320E-02  0.5117666E-02  0.1024027E-01
 0.3260000E+02  0.4033391E-03  0.4718995E-02  0.5117934E-02  0.1024027E-01
 0.3270000E+02  0.4053990E-03  0.4716672E-02  0.5118197E-02  0.1024027E-01
 0.3280000E+02  0.4074616E-03  0.4714352E-02  0.5118455E-02  0.1024027E-01
 0.3290000E+02  0.4095269E-03  0.4712034E-02  0.5118708E-02  0.1024027E-01
 0.3300000E+02  0.4115948E-03  0.4709718E-02  0.5118955E-02  0.1024027E-01
 0.3310000E+02  0.4136653E-03  0.4707406E-02  0.5119197E-02  0.1024027E-01
 0.3320000E+02  0.4157384E-03  0.4705096E-02  0.5119434E-02  0.1024027E-01
 0.3330000E+02  0.4178141E-03  0.4702788E-02  0.5119666E-02  0.1024027E-01
 0.3340000E+02  0.4198924E-03  0.4700484E-02  0.5119892E-02  0.1024027E-01
 0.3350000E+02  0.4219732E-03  0.4698183E-02  0.5120112E-02  0.1024027E-01
 0.3360000E+02  0.4240566E-03  0.4695884E-02  0.5120327E-02  0.1024027E-01
 0.3370000E+02  0.4261426E-03  0.4693589E-02  0.5120537E-02  0.1024027E-01
 0.3380000E+02  0.4282311E-03  0.4691296E-02  0.5120741E-02  0.1024027E-01
 0.3390000E+02  0.4303221E-03  0.4689007E-02  0.5120939E-02  0.1024027E-01
 0.3400000E+02  0.4324157E-03  0.4686720E-02  0.5121132E-02  0.1024027E-01
 0.3410000E+02  0.4345117E-03  0.4684437E-02  0.5121319E-02  0.1024027E-01
 0.3420000E+02  0.4366102E-03  0.4682158E-02  0.5121500E-02  0.1024027E-01
 0.3430000E+02  0.4387112E-03  0.4679881E-02  0.5121676E-02  0.1024027E-01
 0.3440000E+02  0.4408147E-03  0.4677608E-02  0.5121845E-02  0.1024027E-01
 0.3450000E+02  0.4429206E-03  0.4675338E-02  0.5122009E-02  0.1024027E-01
 0.3460000E+02  0.4450289E-03  0.4673072E-02  0.5122167E-02  0.1024027E-01
 0.3470000E+02  0.4471397E-03  0.4670810E-02  0.5122319E-02  0.1024027E-01
 0.3480000E+02  0.4492529E-03  0.4668550E-02  0.5122465E-02  0.1024027E-01
 0.3490000E+02  0.4513686E-03  0.4666295E-02  0.5122604E-02  0.1024027E-01
 0.3500000E+02  0.4534866E-03  0.4664043E-02  0.5122738E-02  0.1024027E-01
 0.3510000E+02  0.4556070E-03  0.4661795E-02  0.5122866E-02  0.1024027E-01
 0.3520000E+02  0.4577298E-03  0.4659551E-02  0.5122987E-02  0.1024027E-01
 0.3530000E+02  0.4598550E-03  0.4657311E-02  0.5123102E-02  0.1024027E-01
 0.3540000E+02  0.4619825E-03  0.4655075E-02  0.5123211E-02  0.1024027E-01
 0.3550000E+02  0.4641124E-03  0.4652842E-02  0.5123313E-02  0.1024027E-01
 0.3560000E+02  0.4662446E-03  0.4650614E-02  0.5123410E-02  0.1024027E-01
 0.3570000E+02  0.4683791E-03  0.4648389E-02  0.5123499E-02  0.1024027E-01
 0.3580000E+02  0.4705160E-03  0.4646169E-02  0.5123583E-02  0.1024027E-01
 0.3590000E+02  0.4726552E-03  0.4643953E-02  0.5123660E-02  0.1024027E-01
 0.3600000E+02  0.4747967E-03  0.4641741E-02  0.5123730E-02  0.1024027E-01
 0.3610000E+02  0.4769404E-03  0.4639534E-02  0.5123794E-02  0.1024027E-01
 0.3620000E+02  0.4790865E-03  0.4637330E-02  0.5123851E-02  0.1024027E-01
 0.3630000E+02  0.4812348E-03  0.4635132E-02  0.5123902E-02  0.1024027E-01
 0.3640000E+02  0.4833854E-03  0.4632937E-02  0.5123946E-02  0.1024027E-01
 0.3650000E+02  0.4855383E-03  0.4630747E-02  0.5123983E-02  0.1024027E-01
 0.3660000E+02  0.4876934E-03  0.4628562E-02  0.5124013E-02  0.1024027E-01
 0.3670000E+02  0.4898508E-03  0.4626381E-02  0.5124037E-02  0.1024027E-01
 0.3680000E+02  0.4920103E-03  0.4624204E-02  0.5124053E-02  0.1024027E-01
 0.3690000E+02  0.4941721E-03  0.4622033E-02  0.5124063E-02  0.1024027E-01
 0.3700000E+02  0.4963361E-03  0.4619866E-02  0.5124066E-02  0.1024027E-01
 0.3710000E+02  0.4985024E-03  0.4617704E-02  0.5124062E-02  0.1024027E-01
 0.3720000E+02  0.5006708E-03  0.4615546E-02  0.5124051E-02  0.1024027E-01
 0.3730000E+02  0.5028414E-03  0.4613394E-02  0.5124033E-02  0.1024027E-01
 0.3740000E+02  0.5050142E-03  0.4611246E-02  0.5124008E-02  0.1024027E-01
 0.3750000E+02  0.5071892E-03  0.4609104E-02  0.5123975E-02  0.1024027E-01
 0.3760000E+02  0.5093663E-03  0.4606966E-02  0.5123936E-02  0.1024027E-01
 0.3770000E+02  0.5115456E-03  0.4604833E-02  0.5123889E-02  0.1024027E-01
 0.3780000E+02  0.5137270E-03  0.4602706E-02  0.5123835E-02  0.1024027E-01
 0.3790000E+02  0.5159106E-03  0.4600584E-02  0.5123774E-02  0.1024027E-01
 0.3800000E+02  0.5180964E-03  0.4598467E-02  0.5123705E-02  0.1024027E-01
 0.3810000E+02  0.5202842E-03  0.4596355E-02  0.5123629E-02  0.1024027E-01
 0.3820000E+02  0.5224742E-03  0.4594248E-02  0.5123546E-02  0.1024027E-01
 0.3830000E+02  0.5246663E-03  0.4592147E-02  0.5123455E-02  0.1024027E-01
 0.3840000E+02  0.5268605E-03  0.4590051E-02  0.5123357E-02  0.1024027E-01
 0.3850000E+02  0.5290568E-03  0.4587960E-02  0.5123251E-02  0.1024027E-01
 0.3860000E+02  0.5312552E-03  0.4585875E-02  0.5123137E-02  0.1024027E-01
 0.3870000E+02  0.5334557E-03  0.4583796E-02  0.5123016E-02  0.1024027E-01
 0.3880000E+02  0.5356583E-03  0.4581722E-02  0.5122888E-02  0.1024027E-01
 0.3890000E+02  0.5378630E-03  0.4579654E-02  0.5122751E-02  0.1024027E-01
 0.3900000E+02  0.5400697E-03  0.4577591E-02  0.5122607E-02  0.1024027E-01
 0.3910000E+02  0.5422784E-03  0.4575534E-02  0.5122456E-02  0.1024027E-01
 0.3920000E+02  0.5444893E-03  0.4573483E-02  0.5122296E-02  0.1024027E-01
 0.3930000E+02  0.5467022E-03  0.4571437E-02  0.5122129E-02  0.1024027E-01
 0.3940000E+02  0.5489171E-03  0.4569398E-02  0.5121953E-02  0.1024027E-01
 0.3950000E+02  0.5511341E-03  0.4567364E-02  0.5121770E-02  0.1024027E-01
 0.3960000E+02  0.5533531E-03  0.4565336E-02  0.5121579E-02  0.1024027E-01
 0.3970000E+02  0.5555741E-03  0.4563314E-02  0.5121380E-02  0.1024027E-01
 0.3980000E+02  0.5577971E-03  0.4561298E-02  0.5121173E-02  0.1024027E-01
 0.3990000E+02  0.5600222E-03  0.4559288E-02  0.5120958E-02  0.1024027E-01
 0.4000000E+02  0.5622492E-03  0.4557284E-02  0.5120734E-02  0.1024027E-01
 0.4010000E+02  0.5644783E-03  0.4555287E-02  0.5120503E-02  0.1024027E-01
 0.4020000E+02  0.5667093E-03  0.4553295E-02  0.5120264E-02  0.1024027E-01
 0.4030000E+02  0.5689424E-03  0.4551310E-02  0.5120016E-02  0.1024027E-01
 0.4040000E+02  0.5711774E-03  0.4549331E-02  0.5119760E-02  0.1024027E-01
 0.4050000E+02  0.5734144E-03  0.4547358E-02  0.5119496E-02  0.1024027E-01
 0.4060000E+02  0.5756534E-03  0.4545391E-02  0.5119223E-02  0.1024027E-01
 0.4070000E+02  0.5778944E-03  0.4543431E-02  0.5118942E-02  0.1024027E-01
 0.4080000E+02  0.5801373E-03  0.4541478E-02  0.5118653E-02  0.1024027E-01
 0.4090000E+02  0.5823822E-03  0.4539530E-02  0.5118356E-02  0.1024027E-01
 0.4100000E+02  0.5846290E-03  0.4537589E-02  0.5118050E-02  0.1024027E-01
 0.4110000E+02  0.5868778E-03  0.4535655E-02  0.5117735E-02  0.1024027E-01
 0.4120000E+02  0.5891285E-03  0.4533728E-02  0.5117412E-02  0.1024027E-01
 0.4130000E+02  0.5913811E-03  0.4531806E-02  0.5117080E-02  0.1024027E-01
 0.4140000E+02  0.5936357E-03  0.4529892E-02  0.5116740E-02  0.1024027E-01
 0.4150000E+02  0.5958922E-03  0.4527984E-02  0.5116392E-02  0.1024027E-01
 0.4160000E+02  0.5981507E-03  0.4526083E-02  0.5116034E-02  0.1024027E-01
 0.4170000E+02  0.6004110E-03  0.4524189E-02  0.5115668E-02  0.1024027E-01
 0.4180000E+02  0.6026733E-03  0.4522301E-02  0.5115293E-02  0.1024027E-01
 0.4190000E+02  0.6049374E-03  0.4520421E-02  0.5114910E-02  0.1024027E-01
 0.4200000E+02  0.6072035E-03  0.4518547E-02  0.5114518E-02  0.1024027E-01
 0.4210000E+02  0.6094715E-03  0.4516680E-02  0.5114117E-02  0.1024027E-01
 0.4220000E+02  0.6117413E-03  0.4514820E-02  0.5113707E-02  0.1024027E-01
 0.4230000E+02  0.6140131E-03  0.4512967E-02  0.5113288E-02  0.1024027E-01
 0.4240000E+02  0.6162867E-03  0.4511121E-02  0.5112860E-02  0.1024027E-01
 0.4250000E+02  0.6185622E-03  0.4509282E-02  0.5112423E-02  0.1024027E-01
 0.4260000E+02  0.6208396E-03  0.4507451E-02  0.5111978E-02  0.1024027E-01
 0.4270000E+02  0.6231189E-03  0.4505626E-02  0.5111523E-02  0.1024027E-01
 0.4280000E+02  0.6254000E-03  0.4503808E-02  0.5111060E-02  0.1024027E-01
 0.4290000E+02  0.6276830E-03  0.4501998E-02  0.5110587E-02  0.1024027E-01
 0.4300000E+02  0.6299678E-03  0.4500195E-02  0.5110105E-02  0.1024027E-01
 0.4310000E+02  0.6322545E-03  0.4498399E-02  0.5109614E-02  0.1024027E-01
 0.4320000E+02  0.6345430E-03  0.4496611E-02  0.5109114E-02  0.1024027E-01
 0.4330000E+02  0.6368334E-03  0.4494829E-02  0.5108605E-02  0.1024027E-01
 0.4340000E+02  0.6391256E-03  0.4493056E-02  0.5108087E-02  0.1024027E-01
 0.4350000E+02  0.6414197E-03  0.4491289E-02  0.5107559E-02  0.1024027E-01
 0.4360000E+02  0.6437155E-03  0.4489530E-02  0.5107022E-02  0.1024027E-01
 0.4370000E+02  0.6460132E-03  0.4487779E-02  0.5106476E-02  0.1024027E-01
 0.4380000E+02  0.6483127E-03  0.4486035E-02  0.5105921E-02  0.1024027E-01
 0.4390000E+02  0.6506141E-03  0.4484298E-02  0.5105356E-02  0.1024027E-01
 0.4400000E+02  0.6529172E-03  0.4482569E-02  0.5104782E-02  0.1024027E-01
 0.4410000E+02  0.6552222E-03  0.4480848E-02  0.5104198E-02  0.1024027E-01
 0.4420000E+02  0.6575290E-03  0.4479134E-02  0.5103605E-02  0.1024027E-01
 0.4430000E+02  0.6598375E-03  0.4477428E-02  0.5103003E-02  0.1024027E-01
 0.4440000E+02  0.6621479E-03  0.4475730E-02  0.5102391E-02  0.1024027E-01
 0.4450000E+02  0.6644600E-03  0.4474039E-02  0.5101769E-02  0.1024027E-01
 0.4460000E+02  0.6667739E-03  0.4472356E-02  0.5101138E-02  0.1024027E-01
 0.4470000E+02  0.6690896E-03  0.4470681E-02  0.5100497E-02  0.1024027E-01
 0.4480000E+02  0.6714071E-03  0.4469014E-02  0.5099847E-02  0.1024027E-01
 0.4490000E+02  0.6737264E-03  0.4467354E-02  0.5099187E-02  0.1024027E-01
 0.4500000E+02  0.6760474E-03  0.4465703E-02  0.5098518E-02  0.1024027E-01
 0.4510000E+02  0.6783702E-03  0.4464059E-02  0.5097839E-02  0.1024027E-01
 0.4520000E+02  0.6806947E-03  0.4462423E-02  0.5097150E-02  0.1024027E-01
 0.4530000E+02  0.6830211E-03  0.4460796E-02  0.5096451E-02  0.1024027E-01
 0.4540000E+02  0.6853491E-03  0.4459176E-02  0.5095743E-02  0.1024027E-01
 0.4550000E+02  0.6876789E-03  0.4457564E-02  0.5095025E-02  0.1024027E-01
 0.4560000E+02  0.6900105E-03  0.4455960E-02  0.5094297E-02  0.1024027E-01
 0.4570000E+02  0.6923437E-03  0.4454365E-02  0.5093560E-02  0.1024027E-01
 0.4580000E+02  0.6946788E-03  0.4452777E-02  0.5092812E-02  0.1024027E-01
 0.4590000E+02  0.6970155E-03  0.4451198E-02  0.5092055E-02  0.1024027E-01
 0.4600000E+02  0.6993540E-03  0.4449627E-02  0.5091288E-02  0.1024027E-01
 0.4610000E+02  0.7016941E-03  0.4448064E-02  0.5090510E-02  0.1024027E-01
 0.4620000E+02  0.7040361E-03  0.4446509E-02  0.5089723E-02  0.1024027E-01
 0.4630000E+02  0.7063797E-03  0.4444962E-02  0.5088926E-02  0.1024027E-01
 0.4640000E+02  0.7087250E-03  0.4443424E-02  0.5088119E-02  0.1024027E-01
 0.4650000E+02  0.7110720E-03  0.4441894E-02  0.5087302E-02  0.1024027E-01
 0.4660000E+02  0.7134207E-03  0.4440372E-02  0.5086475E-02  0.1024027E-01
 0.4670000E+02  0.7157711E-03  0.4438859E-02  0.5085638E-02  0.1024027E-01
 0.4680000E+02  0.7181232E-03  0.4437354E-02  0.5084791E-02  0.1024027E-01
 0.4690000E+02  0.7204770E-03  0.4435857E-02  0.5083934E-02  0.1024027E-01
 0.4700000E+02  0.7228325E-03  0.4434369E-02  0.5083066E-02  0.1024027E-01
 0.4710000E+02  0.7251896E-03  0.4432889E-02  0.5082189E-02  0.1024027E-01
 0.4720000E+02  0.7275484E-03  0.4431418E-02  0.5081301E-02  0.1024027E-01
 0.4730000E+02  0.7299089E-03  0.4429956E-02  0.5080404E-02  0.1024027E-01
 0.4740000E+02  0.7322710E-03  0.4428501E-02  0.5079496E-02  0.1024027E-01
 0.4750000E+02  0.7346348E-03  0.4427056E-02  0.5078578E-02  0.1024027E-01
 0.4760000E+02  0.7370002E-03  0.4425619E-02  0.5077649E-02  0.1024027E-01
 0.4770000E+02  0.7393673E-03  0.4424190E-02  0.5076711E-02  0.1024027E-01
 0.4780000E+02  0.7417360E-03  0.4422770E-02  0.5075762E-02  0.1024027E-01
 0.4790000E+02  0.7441064E-03  0.4421359E-02  0.5074803E-02  0.1024027E-01
 0.4800000E+02  0.7464783E-03  0.4419956E-02  0.5073833E-02  0.1024027E-01
 0.4810000E+02  0.7488518E-03  0.4418562E-02  0.5072854E-02  0.1024027E-01
 0.4820000E+02  0.7512265E-03  0.4417177E-02  0.5071865E-02  0.1024027E-01
 0.4830000E+02  0.7536028E-03  0.4415800E-02  0.5070865E-02  0.1024027E-01
 0.4840000E+02  0.7559807E-03  0.4414433E-02  0.5069855E-02  0.1024027E-01
 0.4850000E+02  0.7583602E-03  0.4413074E-02  0.5068834E-02  0.1024027E-01
 0.4860000E+02  0.7607414E-03  0.4411723E-02  0.5067804E-02  0.1024027E-01
 0.4870000E+02  0.7631241E-03  0.4410382E-02  0.5066762E-02  0.1024027E-01
 0.4880000E+02  0.7655084E-03  0.4409049E-02  0.5065711E-02  0.1024027E-01
 0.4890000E+02  0.7678943E-03  0.4407725E-02  0.5064649E-02  0.1024027E-01
 0.4900000E+02  0.7702817E-03  0.4406410E-02  0.5063576E-02  0.1024027E-01
 0.4910000E+02  0.7726708E-03  0.4405104E-02  0.5062493E-02  0.1024027E-01
 0.4920000E+02  0.7750614E-03  0.4403807E-02  0.5061399E-02  0.1024027E-01
 0.4930000E+02  0.7774536E-03  0.4402519E-02  0.5060295E-02  0.1024027E-01
 0.4940000E+02  0.7798473E-03  0.4401240E-02  0.5059181E-02  0.1024027E-01
 0.4950000E+02  0.7822425E-03  0.4399970E-02  0.5058056E-02  0.1024027E-01
 0.4960000E+02  0.7846393E-03  0.4398709E-02  0.5056920E-02  0.1024027E-01
 0.4970000E+02  0.7870377E-03  0.4397456E-02  0.5055774E-02  0.1024027E-01
 0.4980000E+02  0.7894376E-03  0.4396213E-02  0.5054617E-02  0.1024027E-01
 0.4990000E+02  0.7918390E-03  0.4394979E-02  0.5053450E-02  0.1024027E-01
 0.5000000E+02  0.7942419E-03  0.4393754E-02  0.5052272E-02  0.1024027E-01
 0.5010000E+02  0.7966463E-03  0.4392538E-02  0.5051084E-02  0.1024027E-01
 0.5020000E+02  0.7990523E-03  0.4391331E-02  0.5049885E-02  0.1024027E-01
 0.5030000E+02  0.8014597E-03  0.4390133E-02  0.5048675E-02  0.1024027E-01
 0.5040000E+02  0.8038686E-03  0.4388945E-02  0.5047455E-02  0.1024027E-01
 0.5050000E+02  0.8062790E-03  0.4387765E-02  0.5046224E-02  0.1024027E-01
 0.5060000E+02  0.8086909E-03  0.4386595E-02  0.5044982E-02  0.1024027E-01
 0.5070000E+02  0.8111043E-03  0.4385434E-02  0.5043730E-02  0.1024027E-01
 0.5080000E+02  0.8135191E-03  0.4384282E-02  0.5042467E-02  0.1024027E-01
 0.5090000E+02  0.8159354E-03  0.4383140E-02  0.5041193E-02  0.1024027E-01
 0.5100000E+02  0.8183532E-03  0.4382006E-02  0.5039909E-02  0.1024027E-01
 0.5110000E+02  0.8207724E-03  0.4380882E-02  0.5038614E-02  0.1024027E-01
 0.5120000E+02  0.8231930E-03  0.4379767E-02  0.5037308E-02  0.1024027E-01
 0.5130000E+02  0.8256151E-03  0.4378661E-02  0.5035992E-02  0.1024027E-01
 0.5140000E+02  0.8280386E-03  0.4377565E-02  0.5034664E-02  0.1024027E-01
 0.5150000E+02  0.8304635E-03  0.4376478E-02  0.5033327E-02  0.1024027E-01
 0.5160000E+02  0.8328899E-03  0.4375400E-02  0.5031978E-02  0.1024027E-01
 0.5170000E+02  0.8353176E-03  0.4374332E-02  0.5030619E-02  0.1024027E-01
 0.5180000E+02  0.8377467E-03  0.4373273E-02  0.5029248E-02  0.1024027E-01
 0.5190000E+02  0.8401773E-03  0.4372223E-02  0.5027868E-02  0.1024027E-01
 0.5200000E+02  0.8426092E-03  0.4371183E-02  0.5026476E-02  0.1024027E-01
 0.5210000E+02  0.8450424E-03  0.4370152E-02  0.5025073E-02  0.1024027E-01
 0.5220000E+02  0.8474771E-03  0.4369131E-02  0.5023660E-02  0.1024027E-01
 0.5230000E+02  0.8499131E-03  0.4368119E-02  0.5022236E-02  0.1024027E-01
 0.5240000E+02  0.8523505E-03  0.4367116E-02  0.5020802E-02  0.1024027E-01
 0.5250000E+02  0.8547892E-03  0.4366123E-02  0.5019356E-02  0.1024027E-01
 0.5260000E+02  0.8572292E-03  0.4365139E-02  0.5017900E-02  0.1024027E-01
 0.5270000E+02  0.8596706E-03  0.4364165E-02  0.5016433E-02  0.1024027E-01
 0.5280000E+02  0.8621132E-03  0.4363200E-02  0.5014955E-02  0.1024027E-01
 0.5290000E+02  0.8645572E-03  0.4362245E-02  0.5013466E-02  0.1024027E-01
 0.5300000E+02  0.8670025E-03  0.4361299E-02  0.5011967E-02  0.1024027E-01
 0.5310000E+02  0.8694491E-03  0.4360363E-02  0.5010456E-02  0.1024027E-01
 0.5320000E+02  0.8718970E-03  0.4359436E-02  0.5008935E-02  0.1024027E-01
 0.5330000E+02  0.8743462E-03  0.4358519E-02  0.5007403E-02  0.1024027E-01
 0.5340000E+02  0.8767966E-03  0.4357611E-02  0.5005860E-02  0.1024027E-01
 0.5350000E+02  0.8792483E-03  0.4356713E-02  0.5004307E-02  0.1024027E-01
 0.5360000E+02  0.8817012E-03  0.4355824E-02  0.5002743E-02  0.1024027E-01
 0.5370000E+02  0.8841554E-03  0.4354945E-02  0.5001167E-02  0.1024027E-01
 0.5380000E+02  0.8866108E-03  0.4354076E-02  0.4999581E-02  0.1024027E-01
 0.5390000E+02  0.8890674E-03  0.4353216E-02  0.4997985E-02  0.1024027E-01
 0.5400000E+02  0.8915253E-03  0.4352366E-02  0.4996377E-02  0.1024027E-01
 0.5410000E+02  0.8939844E-03  0.4351525E-02  0.4994759E-02  0.1024027E-01
 0.5420000E+02  0.8964446E-03  0.4350694E-02  0.4993129E-02  0.1024027E-01
 0.5430000E+02  0.8989061E-03  0.4349873E-02  0.4991489E-02  0.1024027E-01
 0.5440000E+02  0.9013687E-03  0.4349061E-02  0.4989838E-02  0.1024027E-01
 0.5450000E+02  0.9038325E-03  0.4348259E-02  0.4988177E-02  0.1024027E-01
 0.5460000E+02  0.9062974E-03  0.4347466E-02  0.4986504E-02  0.1024027E-01
 0.5470000E+02  0.9087635E-03  0.4346684E-02  0.4984821E-02  0.1024027E-01
 0.5480000E+02  0.9112307E-03  0.4345910E-02  0.4983127E-02  0.1024027E-01
 0.5490000E+02  0.9136991E-03  0.4345147E-02  0.4981422E-02  0.1024027E-01
 0.5500000E+02  0.9161686E-03  0.4344393E-02  0.4979706E-02  0.1024027E-01
 0.5510000E+02  0.9186392E-03  0.4343649E-02  0.4977980E-02  0.1024027E-01
 0.5520000E+02  0.9211108E-03  0.4342915E-02  0.4976243E-02  0.1024027E-01
 0.5530000E+02  0.9235836E-03  0.4342190E-02  0.4974495E-02  0.1024027E-01
 0.5540000E+02  0.9260575E-03  0.4341475E-02  0.4972736E-02  0.1024027E-01
 0.5550000E+02  0.9285324E-03  0.4340769E-02  0.4970966E-02  0.1024027E-01
 0.5560000E+02  0.9310083E-03  0.4340074E-02  0.4969186E-02  0.1024027E-01
 0.5570000E+02  0.9334854E-03  0.4339388E-02  0.4967395E-02  0.1024027E-01
 0.5580000E+02  0.9359634E-03  0.4338712E-02  0.4965593E-02  0.1024027E-01
 0.5590000E+02  0.9384425E-03  0.4338045E-02  0.4963780E-02  0.1024027E-01
 0.5600000E+02  0.9409226E-03  0.4337388E-02  0.4961957E-02  0.1024027E-01
 0.5610000E+02  0.9434037E-03  0.4336741E-02  0.4960123E-02  0.1024027E-01
 0.5620000E+02  0.9458857E-03  0.4336104E-02  0.4958278E-02  0.1024027E-01
 0.5630000E+02  0.9483688E-03  0.4335477E-02  0.4956423E-02  0.1024027E-01
 0.5640000E+02  0.9508528E-03  0.4334859E-02  0.4954556E-02  0.1024027E-01
 0.5650000E+02  0.9533378E-03  0.4334251E-02  0.4952679E-02  0.1024027E-01
 0.5660000E+02  0.9558237E-03  0.4333653E-02  0.4950792E-02  0.1024027E-01
 0.5670000E+02  0.9583106E-03  0.4333064E-02  0.4948893E-02  0.1024027E-01
 0.5680000E+02  0.9607984E-03  0.4332485E-02  0.4946984E-02  0.1024027E-01
 0.5690000E+02  0.9632871E-03  0.4331916E-02  0.4945065E-02  0.1024027E-01
 0.5700000E+02  0.9657766E-03  0.4331357E-02  0.4943134E-02  0.1024027E-01
 0.5710000E+02  0.9682671E-03  0.4330808E-02  0.4941193E-02  0.1024027E-01
 0.5720000E+02  0.9707585E-03  0.4330268E-02  0.4939241E-02  0.1024027E-01
 0.5730000E+02  0.9732507E-03  0.4329738E-02  0.4937279E-02  0.1024027E-01
 0.5740000E+02  0.9757437E-03  0.4329218E-02  0.4935306E-02  0.1024027E-01
 0.5750000E+02  0.9782376E-03  0.4328708E-02  0.4933323E-02  0.1024027E-01
 0.5760000E+02  0.9807323E-03  0.4328207E-02  0.4931329E-02  0.1024027E-01
 0.5770000E+02  0.9832278E-03  0.4327716E-02  0.4929324E-02  0.1024027E-01
 0.5780000E+02  0.9857242E-03  0.4327235E-02  0.4927308E-02  0.1024027E-01
 0.5790000E+02  0.9882213E-03  0.4326764E-02  0.4925283E-02  0.1024027E-01
 0.5800000E+02  0.9907192E-03  0.4326303E-02  0.4923246E-02  0.1024027E-01
 0.5810000E+02  0.9932178E-03  0.4325851E-02  0.4921199E-02  0.1024027E-01
 0.5820000E+02  0.9957172E-03  0.4325409E-02  0.4919142E-02  0.1024027E-01
 0.5830000E+02  0.9982173E-03  0.4324977E-02  0.4917074E-02  0.1024027E-01
 0.5840000E+02  0.1000718E-02  0.4324555E-02  0.4914995E-02  0.1024027E-01
 0.5850000E+02  0.1003220E-02  0.4324142E-02  0.4912906E-02  0.1024027E-01
 0.5860000E+02  0.1005722E-02  0.4323740E-02  0.4910806E-02  0.1024027E-01
 0.5870000E+02  0.1008225E-02  0.4323347E-02  0.4908697E-02  0.1024027E-01
 0.5880000E+02  0.1010728E-02  0.4322964E-02  0.4906576E-02  0.1024027E-01
 0.5890000E+02  0.1013233E-02  0.4322590E-02  0.4904445E-02  0.1024027E-01
 0.5900000E+02  0.1015738E-02  0.4322227E-02  0.4902304E-02  0.1024027E-01
 0.5910000E+02  0.1018243E-02  0.4321873E-02  0.4900152E-02  0.1024027E-01
 0.5920000E+02  0.1020749E-02  0.4321529E-02  0.4897990E-02  0.1024027E-01
 0.5930000E+02  0.1023256E-02  0.4321194E-02  0.4895818E-02  0.1024027E-01
 0.5940000E+02  0.1025763E-02  0.4320870E-02  0.4893635E-02  0.1024027E-01
 0.5950000E+02  0.1028271E-02  0.4320555E-02  0.4891442E-02  0.1024027E-01
 0.5960000E+02  0.1030779E-02  0.4320250E-02  0.4889238E-02  0.1024027E-01
 0.5970000E+02  0.1033288E-02  0.4319955E-02  0.4887025E-02  0.1024027E-01
 0.5980000E+02  0.1035798E-02  0.4319670E-02  0.4884801E-02  0.1024027E-01
 0.5990000E+02  0.1038308E-02  0.4319394E-02  0.4882566E-02  0.1024027E-01
 0.6000000E+02  0.1040818E-02  0.4319128E-02  0.4880322E-02  0.1024027E-01
 0.6010000E+02  0.1043329E-02  0.4318872E-02  0.4878067E-02  0.1024027E-01
 0.6020000E+02  0.1045841E-02  0.4318625E-02  0.4875802E-02  0.1024027E-01
 0.6030000E+02  0.1048353E-02  0.4318389E-02  0.4873527E-02  0.1024027E-01
 0.6040000E+02  0.1050865E-02  0.4318162E-02  0.4871241E-02  0.1024027E-01
 0.6050000E+02  0.1053378E-02  0.4317945E-02  0.4868946E-02  0.1024027E-01
 0.6060000E+02  0.1055891E-02  0.4317737E-02  0.4866640E-02  0.1024027E-01
 0.6070000E+02  0.1058404E-02  0.4317540E-02  0.4864324E-02  0.1024027E-01
 0.6080000E+02  0.1060918E-02  0.4317352E-02  0.4861998E-02  0.1024027E-01
 0.6090000E+02  0.1063433E-02  0.4317173E-02  0.4859662E-02  0.1024027E-01
 0.6100000E+02  0.1065947E-02  0.4317005E-02  0.4857316E-02  0.1024027E-01
 0.6110000E+02  0.1068462E-02  0.4316846E-02  0.4854960E-02  0.1024027E-01
 0.6120000E+02  0.1070977E-02  0.4316697E-02  0.4852594E-02  0.1024027E-01
 0.6130000E+02  0.1073491E-02  0.4316556E-02  0.4850228E-02  0.1024028E-01
 0.6140000E+02  0.1076001E-02  0.4316423E-02  0.4847853E-02  0.1024028E-01
 0.6150000E+02  0.1078510E-02  0.4316300E-02  0.4845467E-02  0.1024028E-01
 0.6160000E+02  0.1081020E-02  0.4316186E-02  0.4843071E-02  0.1024028E-01
 0.6170000E+02  0.1083530E-02  0.4316082E-02  0.4840665E-02  0.1024028E-01
 0.6180000E+02  0.1086040E-02  0.4315987E-02  0.4838249E-02  0.1024028E-01
 0.6190000E+02  0.1088551E-02  0.4315903E-02  0.4835823E-02  0.1024028E-01
 0.6200000E+02  0.1091061E-02  0.4315828E-02  0.4833387E-02  0.1024028E-01
 0.6210000E+02  0.1093572E-02  0.4315763E-02  0.4830941E-02  0.1024028E-01
 0.6220000E+02  0.1096083E-02  0.4315708E-02  0.4828485E-02  0.1024028E-01
 0.6230000E+02  0.1098595E-02  0.4315662E-02  0.4826020E-02  0.1024028E-01
 0.6240000E+02  0.1101106E-02  0.4315626E-02  0.4823544E-02  0.1024028E-01
 0.6250000E+02  0.1103617E-02  0.4315600E-02  0.4821059E-02  0.1024028E-01
 0.6260000E+02  0.1106129E-02  0.4315583E-02  0.4818564E-02  0.1024028E-01
 0.6270000E+02  0.1108641E-02  0.4315576E-02  0.4816059E-02  0.1024028E-01
 0.6280000E+02  0.1111152E-02  0.4315579E-02  0.4813545E-02  0.1024028E-01
 0.6290000E+02  0.1113664E-02  0.4315592E-02  0.4811020E-02  0.1024028E-01
 0.6300000E+02  0.1116176E-02  0.4315614E-02  0.4808486E-02  0.1024028E-01
 0.6310000E+02  0.1118688E-02  0.4315646E-02  0.4805943E-02  0.1024028E-01
 0.6320000E+02  0.1121200E-02  0.4315687E-02  0.4803390E-02  0.1024028E-01
 0.6330000E+02  0.1123711E-02  0.4315738E-02  0.4800827E-02  0.1024028E-01
 0.6340000E+02  0.1126223E-02  0.4315799E-02  0.4798254E-02  0.1024028E-01
 0.6350000E+02  0.1128735E-02  0.4315869E-02  0.4795672E-02  0.1024028E-01
 0.6360000E+02  0.1131247E-02  0.4315949E-02  0.4793081E-02  0.1024028E-01
 0.6370000E+02  0.1133758E-02  0.4316039E-02  0.4790479E-02  0.1024028E-01
 0.6380000E+02  0.1136270E-02  0.4316138E-02  0.4787869E-02  0.1024028E-01
 0.6390000E+02  0.1138781E-02  0.4316246E-02  0.4785249E-02  0.1024028E-01
 0.6400000E+02  0.1141292E-02  0.4316365E-02  0.4782619E-02  0.1024028E-01
 0.6410000E+02  0.1143803E-02  0.4316492E-02  0.4779980E-02  0.1024028E-01
 0.6420000E+02  0.1146314E-02  0.4316630E-02  0.4777332E-02  0.1024028E-01
 0.6430000E+02  0.1148825E-02  0.4316777E-02  0.4774675E-02  0.1024028E-01
 0.6440000E+02  0.1151335E-02  0.4316933E-02  0.4772008E-02  0.1024028E-01
 0.6450000E+02  0.1153846E-02  0.4317099E-02  0.4769331E-02  0.1024028E-01
 0.6460000E+02  0.1156356E-02  0.4317275E-02  0.4766646E-02  0.1024028E-01
 0.6470000E+02  0.1158865E-02  0.4317460E-02  0.4763951E-02  0.1024028E-01
 0.6480000E+02  0.1161375E-02  0.4317654E-02  0.4761247E-02  0.1024028E-01
 0.6490000E+02  0.1163884E-02  0.4317858E-02  0.4758534E-02  0.1024028E-01
 0.6500000E+02  0.1166393E-02  0.4318072E-02  0.4755812E-02  0.1024028E-01
 0.6510000E+02  0.1168901E-02  0.4318294E-02  0.4753081E-02  0.1024028E-01
 0.6520000E+02  0.1171409E-02  0.4318527E-02  0.4750340E-02  0.1024028E-01
 0.6530000E+02  0.1173917E-02  0.4318769E-02  0.4747591E-02  0.1024028E-01
 0.6540000E+02  0.1176424E-02  0.4319020E-02  0.4744832E-02  0.1024028E-01
 0.6550000E+02  0.1178931E-02  0.4319280E-02  0.4742064E-02  0.1024028E-01
 0.6560000E+02  0.1181438E-02  0.4319550E-02  0.4739288E-02  0.1024028E-01
 0.6570000E+02  0.1183944E-02  0.4319830E-02  0.4736502E-02  0.1024028E-01
 0.6580000E+02  0.1186450E-02  0.4320118E-02  0.4733708E-02  0.1024028E-01
 0.6590000E+02  0.1188955E-02  0.4320417E-02  0.4730905E-02  0.1024028E-01
 0.6600000E+02  0.1191459E-02  0.4320724E-02  0.4728093E-02  0.1024028E-01
 0.6610000E+02  0.1193963E-02  0.4321041E-02  0.4725272E-02  0.1024028E-01
 0.6620000E+02  0.1196467E-02  0.4321367E-02  0.4722442E-02  0.1024028E-01
 0.6630000E+02  0.1198970E-02  0.4321702E-02  0.4719604E-02  0.1024028E-01
 0.6640000E+02  0.1201472E-02  0.4322047E-02  0.4716757E-02  0.1024028E-01
 0.6650000E+02  0.1203974E-02  0.4322401E-02  0.4713901E-02  0.1024028E-01
 0.6660000E+02  0.1206475E-02  0.4322765E-02  0.4711036E-02  0.1024028E-01
 0.6670000E+02  0.1208976E-02  0.4323137E-02  0.4708163E-02  0.1024028E-01
 0.6680000E+02  0.1211476E-02  0.4323519E-02  0.4705281E-02  0.1024028E-01
 0.6690000E+02  0.1213975E-02  0.4323910E-02  0.4702391E-02  0.1024028E-01
 0.6700000E+02  0.1216473E-02  0.4324310E-02  0.4699492E-02  0.1024028E-01
 0.6710000E+02  0.1218971E-02  0.4324720E-02  0.4696585E-02  0.1024028E-01
 0.6720000E+02  0.1221468E-02  0.4325138E-02  0.4693669E-02  0.1024028E-01
 0.6730000E+02  0.1223965E-02  0.4325566E-02  0.4690745E-02  0.1024028E-01
 0.6740000E+02  0.1226460E-02  0.4326003E-02  0.4687813E-02  0.1024028E-01
 0.6750000E+02  0.1228955E-02  0.4326449E-02  0.4684872E-02  0.1024028E-01
 0.6760000E+02  0.1231449E-02  0.4326905E-02  0.4681923E-02  0.1024028E-01
 0.6770000E+02  0.1233942E-02  0.4327369E-02  0.4678965E-02  0.1024028E-01
 0.6780000E+02  0.1236434E-02  0.4327843E-02  0.4675999E-02  0.1024028E-01
 0.6790000E+02  0.1238926E-02  0.4328325E-02  0.4673025E-02  0.1024028E-01
 0.6800000E+02  0.1241416E-02  0.4328817E-02  0.4670043E-02  0.1024028E-01
 0.6810000E+02  0.1243906E-02  0.4329318E-02  0.4667053E-02  0.1024028E-01
 0.6820000E+02  0.1246394E-02  0.4329827E-02  0.4664055E-02  0.1024028E-01
 0.6830000E+02  0.1248882E-02  0.4330346E-02  0.4661048E-02  0.1024028E-01
 0.6840000E+02  0.1251369E-02  0.4330874E-02  0.4658034E-02  0.1024028E-01
 0.6850000E+02  0.1253855E-02  0.4331411E-02  0.4655011E-02  0.1024028E-01
 0.6860000E+02  0.1256339E-02  0.4331957E-02  0.4651980E-02  0.1024028E-01
 0.6870000E+02  0.1258823E-02  0.4332511E-02  0.4648942E-02  0.1024028E-01
 0.6880000E+02  0.1261306E-02  0.4333075E-02  0.4645896E-02  0.1024028E-01
 0.6890000E+02  0.1263787E-02  0.4333648E-02  0.4642841E-02  0.1024028E-01
 0.6900000E+02  0.1266268E-02  0.4334229E-02  0.4639779E-02  0.1024028E-01
 0.6910000E+02  0.1268747E-02  0.4334820E-02  0.4636709E-02  0.1024028E-01
 0.6920000E+02  0.1271225E-02  0.4335419E-02  0.4633632E-02  0.1024028E-01
 0.6930000E+02  0.1273703E-02  0.4336027E-02  0.4630546E-02  0.1024028E-01
 0.6940000E+02  0.1276179E-02  0.4336644E-02  0.4627453E-02  0.1024028E-01
 0.6950000E+02  0.1278653E-02  0.4337270E-02  0.4624353E-02  0.1024028E-01
 0.6960000E+02  0.1281127E-02  0.4337905E-02  0.4621244E-02  0.1024028E-01
 0.6970000E+02  0.1283599E-02  0.4338548E-02  0.4618128E-02  0.1024028E-01
 0.6980000E+02  0.1286070E-02  0.4339201E-02  0.4615005E-02  0.1024028E-01
 0.6990000E+02  0.1288540E-02  0.4339862E-02  0.4611874E-02  0.1024028E-01
 0.7000000E+02  0.1291009E-02  0.4340532E-02  0.4608736E-02  0.1024028E-01
 0.7010000E+02  0.1293476E-02  0.4341210E-02  0.4605590E-02  0.1024028E-01
 0.7020000E+02  0.1295942E-02  0.4341897E-02  0.4602437E-02  0.1024028E-01
 0.7030000E+02  0.1298407E-02  0.4342593E-02  0.4599276E-02  0.1024028E-01
 0.7040000E+02  0.1300870E-02  0.4343298E-02  0.4596108E-02  0.1024028E-01
 0.7050000E+02  0.1303332E-02  0.4344011E-02  0.4592933E-02  0.1024028E-01
 0.7060000E+02  0.1305792E-02  0.4344733E-02  0.4589751E-02  0.1024028E-01
 0.7070000E+02  0.1308251E-02  0.4345464E-02  0.4586561E-02  0.1024028E-01
 0.7080000E+02  0.1310709E-02  0.4346203E-02  0.4583364E-02  0.1024028E-01
 0.7090000E+02  0.1313165E-02  0.4346951E-02  0.4580160E-02  0.1024028E-01
 0.7100000E+02  0.1315620E-02  0.4347707E-02  0.4576949E-02  0.1024028E-01
 0.7110000E+02  0.1318073E-02  0.4348472E-02  0.4573731E-02  0.1024028E-01
 0.7120000E+02  0.1320524E-02  0.4349246E-02  0.4570506E-02  0.1024028E-01
 0.7130000E+02  0.1322974E-02  0.4350028E-02  0.4567274E-02  0.1024028E-01
 0.7140000E+02  0.1325423E-02  0.4350818E-02  0.4564035E-02  0.1024028E-01
 0.7150000E+02  0.1327870E-02  0.4351617E-02  0.4560789E-02  0.1024028E-01
 0.7160000E+02  0.1330315E-02  0.4352424E-02  0.4557536E-02  0.1024028E-01
 0.7170000E+02  0.1332759E-02  0.4353240E-02  0.4554277E-02  0.1024028E-01
 0.7180000E+02  0.1335201E-02  0.4354065E-02  0.4551010E-02  0.1024028E-01
 0.7190000E+02  0.1337642E-02  0.4354897E-02  0.4547737E-02  0.1024028E-01
 0.7200000E+02  0.1340080E-02  0.4355738E-02  0.4544458E-02  0.1024028E-01
 0.7210000E+02  0.1342517E-02  0.4356588E-02  0.4541171E-02  0.1024028E-01
 0.7220000E+02  0.1344953E-02  0.4357445E-02  0.4537878E-02  0.1024028E-01
 0.7230000E+02  0.1347386E-02  0.4358312E-02  0.4534578E-02  0.1024028E-01
 0.7240000E+02  0.1349818E-02  0.4359186E-02  0.4531272E-02  0.1024028E-01
 0.7250000E+02  0.1352248E-02  0.4360069E-02  0.4527959E-02  0.1024028E-01
 0.7260000E+02  0.1354677E-02  0.4360960E-02  0.4524640E-02  0.1024028E-01
 0.7270000E+02  0.1357103E-02  0.4361859E-02  0.4521314E-02  0.1024028E-01
 0.7280000E+02  0.1359528E-02  0.4362766E-02  0.4517982E-02  0.1024028E-01
 0.7290000E+02  0.1361951E-02  0.4363682E-02  0.4514644E-02  0.1024028E-01
 0.7300000E+02  0.1364371E-02  0.4364606E-02  0.4511299E-02  0.1024028E-01
 0.7310000E+02  0.1366790E-02  0.4365538E-02  0.4507948E-02  0.1024028E-01
 0.7320000E+02  0.1369208E-02  0.4366478E-02  0.4504591E-02  0.1024028E-01
 0.7330000E+02  0.1371623E-02  0.4367426E-02  0.4501227E-02  0.1024028E-01
 0.7340000E+02  0.1374036E-02  0.4368382E-02  0.4497858E-02  0.1024028E-01
 0.7350000E+02  0.1376447E-02  0.4369347E-02  0.4494482E-02  0.1024028E-01
 0.7360000E+02  0.1378857E-02  0.4370319E-02  0.4491100E-02  0.1024028E-01
 0.7370000E+02  0.1381264E-02  0.4371300E-02  0.4487713E-02  0.1024028E-01
 0.7380000E+02  0.1383669E-02  0.4372288E-02  0.4484319E-02  0.1024028E-01
 0.7390000E+02  0.1386072E-02  0.4373285E-02  0.4480919E-02  0.1024028E-01
 0.7400000E+02  0.1388473E-02  0.4374289E-02  0.4477513E-02  0.1024028E-01
 0.7410000E+02  0.1390873E-02  0.4375302E-02  0.4474102E-02  0.1024028E-01
 0.7420000E+02  0.1393270E-02  0.4376322E-02  0.4470684E-02  0.1024028E-01
 0.7430000E+02  0.1395664E-02  0.4377351E-02  0.4467261E-02  0.1024028E-01
 0.7440000E+02  0.1398057E-02  0.4378387E-02  0.4463832E-02  0.1024028E-01
 0.7450000E+02  0.1400448E-02  0.4379431E-02  0.4460397E-02  0.1024028E-01
 0.7460000E+02  0.1402836E-02  0.4380483E-02  0.4456957E-02  0.1024028E-01
 0.7470000E+02  0.1405222E-02  0.4381543E-02  0.4453511E-02  0.1024028E-01
 0.7480000E+02  0.1407606E-02  0.4382611E-02  0.4450059E-02  0.1024028E-01
 0.7490000E+02  0.1409988E-02  0.4383686E-02  0.4446602E-02  0.1024028E-01
 0.7500000E+02  0.1412367E-02  0.4384769E-02  0.4443140E-02  0.1024028E-01
 0.7510000E+02  0.1414745E-02  0.4385860E-02  0.4439672E-02  0.1024028E-01
 0.7520000E+02  0.1417119E-02  0.4386959E-02  0.4436198E-02  0.1024028E-01
 0.7530000E+02  0.1419492E-02  0.4388065E-02  0.4432719E-02  0.1024028E-01
 0.7540000E+02  0.1421862E-02  0.4389179E-02  0.4429235E-02  0.1024028E-01
 0.7550000E+02  0.1424230E-02  0.4390301E-02  0.4425745E-02  0.1024028E-01
 0.7560000E+02  0.1426596E-02  0.4391430E-02  0.4422250E-02  0.1024028E-01
 0.7570000E+02  0.1428959E-02  0.4392567E-02  0.4418750E-02  0.1024028E-01
 0.7580000E+02  0.1431320E-02  0.4393712E-02  0.4415245E-02  0.1024028E-01
 0.7590000E+02  0.1433678E-02  0.4394864E-02  0.4411734E-02  0.1024028E-01
 0.7600000E+02  0.1436034E-02  0.4396023E-02  0.4408218E-02  0.1024028E-01
 0.7610000E+02  0.1438388E-02  0.4397191E-02  0.4404698E-02  0.1024028E-01
 0.7620000E+02  0.1440739E-02  0.4398365E-02  0.4401172E-02  0.1024028E-01
 0.7630000E+02  0.1443087E-02  0.4399547E-02  0.4397641E-02  0.1024028E-01
 0.7640000E+02  0.1445434E-02  0.4400737E-02  0.4394106E-02  0.1024028E-01
 0.7650000E+02  0.1447777E-02  0.4401934E-02  0.4390565E-02  0.1024028E-01
 0.7660000E+02  0.1450118E-02  0.4403138E-02  0.4387020E-02  0.1024028E-01
 0.7670000E+02  0.1452456E-02  0.4404350E-02  0.4383469E-02  0.1024028E-01
 0.7680000E+02  0.1454792E-02  0.4405569E-02  0.4379914E-02  0.1024028E-01
 0.7690000E+02  0.1457126E-02  0.4406796E-02  0.4376355E-02  0.1024028E-01
 0.7700000E+02  0.1459452E-02  0.4408022E-02  0.4373758E-02  0.1024123E-01
 0.7710000E+02  0.1461757E-02  0.4409215E-02  0.4370260E-02  0.1024123E-01
 0.7720000E+02  0.1464059E-02  0.4410417E-02  0.4366756E-02  0.1024123E-01
 0.7730000E+02  0.1466359E-02  0.4411627E-02  0.4363247E-02  0.1024123E-01
 0.7740000E+02  0.1468656E-02  0.4412844E-02  0.4359732E-02  0.1024123E-01
 0.7750000E+02  0.1470951E-02  0.4414069E-02  0.4356212E-02  0.1024123E-01
 0.7760000E+02  0.1473243E-02  0.4415303E-02  0.4352687E-02  0.1024123E-01
 0.7770000E+02  0.1475533E-02  0.4416544E-02  0.4349156E-02  0.1024123E-01
 0.7780000E+02  0.1477820E-02  0.4417792E-02  0.4345620E-02  0.1024123E-01
 0.7790000E+02  0.1480105E-02  0.4419049E-02  0.4342079E-02  0.1024123E-01
 0.7800000E+02  0.1482387E-02  0.4420313E-02  0.4338532E-02  0.1024123E-01
 0.7810000E+02  0.1484666E-02  0.4421585E-02  0.4334981E-02  0.1024123E-01
 0.7820000E+02  0.1486943E-02  0.4422865E-02  0.4331424E-02  0.1024123E-01
 0.7830000E+02  0.1489217E-02  0.4424152E-02  0.4327863E-02  0.1024123E-01
 0.7840000E+02  0.1491489E-02  0.4425447E-02  0.4324296E-02  0.1024123E-01
 0.7850000E+02  0.1493758E-02  0.4426750E-02  0.4320724E-02  0.1024123E-01
 0.7860000E+02  0.1496024E-02  0.4428060E-02  0.4317148E-02  0.1024123E-01
 0.7870000E+02  0.1498288E-02  0.4429378E-02  0.4313566E-02  0.1024123E-01
 0.7880000E+02  0.1500549E-02  0.4430703E-02  0.4309980E-02  0.1024123E-01
 0.7890000E+02  0.1502807E-02  0.4432036E-02  0.4306389E-02  0.1024123E-01
 0.7900000E+02  0.1505063E-02  0.4433376E-02  0.4302793E-02  0.1024123E-01
 0.7910000E+02  0.1507315E-02  0.4434724E-02  0.4299193E-02  0.1024123E-01
 0.7920000E+02  0.1509565E-02  0.4436079E-02  0.4295587E-02  0.1024123E-01
 0.7930000E+02  0.1511812E-02  0.4437442E-02  0.4291978E-02  0.1024123E-01
 0.7940000E+02  0.1514057E-02  0.4438812E-02  0.4288363E-02  0.1024123E-01
 0.7950000E+02  0.1516298E-02  0.4440190E-02  0.4284744E-02  0.1024123E-01
 0.7960000E+02  0.1518537E-02  0.4441575E-02  0.4281121E-02  0.1024123E-01
 0.7970000E+02  0.1520773E-02  0.4442967E-02  0.4277493E-02  0.1024123E-01
 0.7980000E+02  0.1523005E-02  0.4444366E-02  0.4273861E-02  0.1024123E-01
 0.7990000E+02  0.1525235E-02  0.4445773E-02  0.4270224E-02  0.1024123E-01
 0.8000000E+02  0.1527462E-02  0.4447187E-02  0.4266583E-02  0.1024123E-01
 0.8010000E+02  0.1529686E-02  0.4448608E-02  0.4262937E-02  0.1024123E-01
 0.8020000E+02  0.1531908E-02  0.4450037E-02  0.4259288E-02  0.1024123E-01
 0.8030000E+02  0.1534126E-02  0.4451472E-02  0.4255634E-02  0.1024123E-01
 0.8040000E+02  0.1536341E-02  0.4452915E-02  0.4251976E-02  0.1024123E-01
 0.8050000E+02  0.1538553E-02  0.4454365E-02  0.4248314E-02  0.1024123E-01
 0.8060000E+02  0.1540762E-02  0.4455822E-02  0.4244648E-02  0.1024123E-01
 0.8070000E+02  0.1542968E-02  0.4457286E-02  0.4240978E-02  0.1024123E-01
 0.8080000E+02  0.1545171E-02  0.4458757E-02  0.4237304E-02  0.1024123E-01
 0.8090000E+02  0.1547371E-02  0.4460235E-02  0.4233626E-02  0.1024123E-01
 0.8100000E+02  0.1549568E-02  0.4461721E-02  0.4229943E-02  0.1024123E-01
 0.8110000E+02  0.1551762E-02  0.4463213E-02  0.4226258E-02  0.1024123E-01
 0.8120000E+02  0.1553953E-02  0.4464712E-02  0.4222568E-02  0.1024123E-01
 0.8130000E+02  0.1556140E-02  0.4466218E-02  0.4218874E-02  0.1024123E-01
 0.8140000E+02  0.1558324E-02  0.4467731E-02  0.4215177E-02  0.1024123E-01
 0.8150000E+02  0.1560506E-02  0.4469250E-02  0.4211476E-02  0.1024123E-01
 0.8160000E+02  0.1562684E-02  0.4470777E-02  0.4207771E-02  0.1024123E-01
 0.8170000E+02  0.1564858E-02  0.4472311E-02  0.4204063E-02  0.1024123E-01
 0.8180000E+02  0.1567030E-02  0.4473851E-02  0.4200351E-02  0.1024123E-01
 0.8190000E+02  0.1569198E-02  0.4475398E-02  0.4196636E-02  0.1024123E-01
 0.8200000E+02  0.1571363E-02  0.4476952E-02  0.4192917E-02  0.1024123E-01
 0.8210000E+02  0.1573525E-02  0.4478512E-02  0.4189195E-02  0.1024123E-01
 0.8220000E+02  0.1575684E-02  0.4480079E-02  0.4185469E-02  0.1024123E-01
 0.8230000E+02  0.1577839E-02  0.4481653E-02  0.4181740E-02  0.1024123E-01
 0.8240000E+02  0.1579991E-02  0.4483234E-02  0.4178007E-02  0.1024123E-01
 0.8250000E+02  0.1582140E-02  0.4484821E-02  0.4174271E-02  0.1024123E-01
 0.8260000E+02  0.1584285E-02  0.4486415E-02  0.4170532E-02  0.1024123E-01
 0.8270000E+02  0.1586427E-02  0.4488015E-02  0.4166790E-02  0.1024123E-01
 0.8280000E+02  0.1588565E-02  0.4489622E-02  0.4163045E-02  0.1024123E-01
 0.8290000E+02  0.1590701E-02  0.4491235E-02  0.4159296E-02  0.1024123E-01
 0.8300000E+02  0.1592832E-02  0.4492855E-02  0.4155545E-02  0.1024123E-01
 0.8310000E+02  0.1594961E-02  0.4494481E-02  0.4151790E-02  0.1024123E-01
 0.8320000E+02  0.1597086E-02  0.4496114E-02  0.4148032E-02  0.1024123E-01
 0.8330000E+02  0.1599207E-02  0.4497753E-02  0.4144272E-02  0.1024123E-01
 0.8340000E+02  0.1601325E-02  0.4499399E-02  0.4140508E-02  0.1024123E-01
 0.8350000E+02  0.1603440E-02  0.4501051E-02  0.4136741E-02  0.1024123E-01
 0.8360000E+02  0.1605551E-02  0.4502709E-02  0.4132972E-02  0.1024123E-01
 0.8370000E+02  0.1607659E-02  0.4504374E-02  0.4129200E-02  0.1024123E-01
 0.8380000E+02  0.1609763E-02  0.4506044E-02  0.4125425E-02  0.1024123E-01
 0.8390000E+02  0.1611863E-02  0.4507722E-02  0.4121647E-02  0.1024123E-01
 0.8400000E+02  0.1613960E-02  0.4509405E-02  0.4117867E-02  0.1024123E-01
 0.8410000E+02  0.1616054E-02  0.4511094E-02  0.4114084E-02  0.1024123E-01
 0.8420000E+02  0.1618144E-02  0.4512790E-02  0.4110298E-02  0.1024123E-01
 0.8430000E+02  0.1620230E-02  0.4514492E-02  0.4106510E-02  0.1024123E-01
 0.8440000E+02  0.1622313E-02  0.4516200E-02  0.4102720E-02  0.1024123E-01
 0.8450000E+02  0.1624392E-02  0.4517914E-02  0.4098926E-02  0.1024123E-01
 0.8460000E+02  0.1626467E-02  0.4519634E-02  0.4095131E-02  0.1024123E-01
 0.8470000E+02  0.1628539E-02  0.4521360E-02  0.4091333E-02  0.1024123E-01
 0.8480000E+02  0.1630608E-02  0.4523092E-02  0.4087532E-02  0.1024123E-01
 0.8490000E+02  0.1632672E-02  0.4524831E-02  0.4083729E-02  0.1024123E-01
 0.8500000E+02  0.1634733E-02  0.4526575E-02  0.4079924E-02  0.1024123E-01
 0.8510000E+02  0.1636790E-02  0.4528325E-02  0.4076117E-02  0.1024123E-01
 0.8520000E+02  0.1638844E-02  0.4530081E-02  0.4072307E-02  0.1024123E-01
 0.8530000E+02  0.1640894E-02  0.4531843E-02  0.4068496E-02  0.1024123E-01
 0.8540000E+02  0.1642940E-02  0.4533610E-02  0.4064682E-02  0.1024123E-01
 0.8550000E+02  0.1644983E-02  0.4535384E-02  0.4060866E-02  0.1024123E-01
 0.8560000E+02  0.1647021E-02  0.4537163E-02  0.4057048E-02  0.1024123E-01
 0.8570000E+02  0.1649056E-02  0.4538948E-02  0.4053228E-02  0.1024123E-01
 0.8580000E+02  0.1651087E-02  0.4540739E-02  0.4049406E-02  0.1024123E-01
 0.8590000E+02  0.1653115E-02  0.4542536E-02  0.4045582E-02  0.1024123E-01
 0.8600000E+02  0.1655139E-02  0.4544338E-02  0.4041756E-02  0.1024123E-01
 0.8610000E+02  0.1657158E-02  0.4546146E-02  0.4037928E-02  0.1024123E-01
 0.8620000E+02  0.1659175E-02  0.4547960E-02  0.4034098E-02  0.1024123E-01
 0.8630000E+02  0.1661187E-02  0.4549779E-02  0.4030267E-02  0.1024123E-01
 0.8640000E+02  0.1663195E-02  0.4551604E-02  0.4026433E-02  0.1024123E-01
 0.8650000E+02  0.1665200E-02  0.4553434E-02  0.4022598E-02  0.1024123E-01
 0.8660000E+02  0.1667201E-02  0.4555270E-02  0.4018762E-02  0.1024123E-01
 0.8670000E+02  0.1669197E-02  0.4557111E-02  0.4014923E-02  0.1024123E-01
 0.8680000E+02  0.1671190E-02  0.4558958E-02  0.4011083E-02  0.1024123E-01
 0.8690000E+02  0.1673180E-02  0.4560811E-02  0.4007242E-02  0.1024123E-01
 0.8700000E+02  0.1675165E-02  0.4562668E-02  0.4003399E-02  0.1024123E-01
 0.8710000E+02  0.1677146E-02  0.4564532E-02  0.3999554E-02  0.1024123E-01
 0.8720000E+02  0.1679124E-02  0.4566400E-02  0.3995708E-02  0.1024123E-01
 0.8730000E+02  0.1681097E-02  0.4568274E-02  0.3991861E-02  0.1024123E-01
 0.8740000E+02  0.1683067E-02  0.4570153E-02  0.3988012E-02  0.1024123E-01
 0.8750000E+02  0.1685033E-02  0.4572038E-02  0.3984162E-02  0.1024123E-01
 0.8760000E+02  0.1686994E-02  0.4573928E-02  0.3980310E-02  0.1024123E-01
 0.8770000E+02  0.1688952E-02  0.4575823E-02  0.3976458E-02  0.1024123E-01
 0.8780000E+02  0.1690906E-02  0.4577723E-02  0.3972603E-02  0.1024123E-01
 0.8790000E+02  0.1692856E-02  0.4579628E-02  0.3968748E-02  0.1024123E-01
 0.8800000E+02  0.1694802E-02  0.4581539E-02  0.3964892E-02  0.1024123E-01
 0.8810000E+02  0.1696743E-02  0.4583455E-02  0.3961034E-02  0.1024123E-01
 0.8820000E+02  0.1698681E-02  0.4585375E-02  0.3957175E-02  0.1024123E-01
 0.8830000E+02  0.1700615E-02  0.4587301E-02  0.3953316E-02  0.1024123E-01
 0.8840000E+02  0.1702545E-02  0.4589232E-02  0.3949455E-02  0.1024123E-01
 0.8850000E+02  0.1704471E-02  0.4591168E-02  0.3945593E-02  0.1024123E-01
 0.8860000E+02  0.1706393E-02  0.4593109E-02  0.3941730E-02  0.1024123E-01
 0.8870000E+02  0.1708311E-02  0.4595055E-02  0.3937866E-02  0.1024123E-01
 0.8880000E+02  0.1710224E-02  0.4597006E-02  0.3934002E-02  0.1024123E-01
 0.8890000E+02  0.1712134E-02  0.4598962E-02  0.3930136E-02  0.1024123E-01
 0.8900000E+02  0.1714040E-02  0.4600923E-02  0.3926270E-02  0.1024123E-01
 0.8910000E+02  0.1715941E-02  0.4602888E-02  0.3922403E-02  0.1024123E-01
 0.8920000E+02  0.1717839E-02  0.4604859E-02  0.3918535E-02  0.1024123E-01
 0.8930000E+02  0.1719732E-02  0.4606834E-02  0.3914666E-02  0.1024123E-01
 0.8940000E+02  0.1721621E-02  0.4608814E-02  0.3910797E-02  0.1024123E-01
 0.8950000E+02  0.1723507E-02  0.4610799E-02  0.3906927E-02  0.1024123E-01
 0.8960000E+02  0.1725388E-02  0.4612788E-02  0.3903056E-02  0.1024123E-01
 0.8970000E+02  0.1727265E-02  0.4614782E-02  0.3899185E-02  0.1024123E-01
 0.8980000E+02  0.1729138E-02  0.4616781E-02  0.3895314E-02  0.1024123E-01
 0.8990000E+02  0.1731006E-02  0.4618785E-02  0.3891441E-02  0.1024123E-01
 0.9000000E+02  0.1732871E-02  0.4620793E-02  0.3887569E-02  0.1024123E-01
 0.9010000E+02  0.1734731E-02  0.4622805E-02  0.3883695E-02  0.1024123E-01
 0.9020000E+02  0.1736588E-02  0.4624823E-02  0.3879822E-02  0.1024123E-01
 0.9030000E+02  0.1738440E-02  0.4626844E-02  0.3875948E-02  0.1024123E-01
 0.9040000E+02  0.1740288E-02  0.4628871E-02  0.3872073E-02  0.1024123E-01
 0.9050000E+02  0.1742132E-02  0.4630902E-02  0.3868199E-02  0.1024123E-01
 0.9060000E+02  0.1743972E-02  0.4632937E-02  0.3864324E-02  0.1024123E-01
 0.9070000E+02  0.1745807E-02  0.4634977E-02  0.3860448E-02  0.1024123E-01
 0.9080000E+02  0.1747639E-02  0.4637021E-02  0.3856573E-02  0.1024123E-01
 0.9090000E+02  0.1749466E-02  0.4639069E-02  0.3852697E-02  0.1024123E-01
 0.9100000E+02  0.1751289E-02  0.4641122E-02  0.3848821E-02  0.1024123E-01
 0.9110000E+02  0.1753108E-02  0.4643179E-02  0.3844945E-02  0.1024123E-01
 0.9120000E+02  0.1754922E-02  0.4645241E-02  0.3841069E-02  0.1024123E-01
 0.9130000E+02  0.1756733E-02  0.4647306E-02  0.3837193E-02  0.1024123E-01
 0.9140000E+02  0.1758539E-02  0.4649376E-02  0.3833317E-02  0.1024123E-01
 0.9150000E+02  0.1760341E-02  0.4651451E-02  0.3829441E-02  0.1024123E-01
 0.9160000E+02  0.1762139E-02  0.4653529E-02  0.3825564E-02  0.1024123E-01
 0.9170000E+02  0.1763932E-02  0.4655612E-02  0.3821688E-02  0.1024123E-01
 0.9180000E+02  0.1765722E-02  0.4657698E-02  0.3817812E-02  0.1024123E-01
 0.9190000E+02  0.1767507E-02  0.4659789E-02  0.3813936E-02  0.1024123E-01
 0.9200000E+02  0.1769288E-02  0.4661884E-02  0.3810061E-02  0.1024123E-01
 0.9210000E+02  0.1771064E-02  0.4663983E-02  0.3806185E-02  0.1024123E-01
 0.9220000E+02  0.1772837E-02  0.4666086E-02  0.3802310E-02  0.1024123E-01
 0.9230000E+02  0.1774605E-02  0.4668193E-02  0.3798434E-02  0.1024123E-01
 0.9240000E+02  0.1776369E-02  0.4670304E-02  0.3794560E-02  0.1024123E-01
 0.9250000E+02  0.1778129E-02  0.4672419E-02  0.3790685E-02  0.1024123E-01
 0.9260000E+02  0.1779884E-02  0.4674537E-02  0.3786811E-02  0.1024123E-01
 0.9270000E+02  0.1781635E-02  0.4676660E-02  0.3782937E-02  0.1024123E-01
 0.9280000E+02  0.1783382E-02  0.4678787E-02  0.3779063E-02  0.1024123E-01
 0.9290000E+02  0.1785125E-02  0.4680917E-02  0.3775190E-02  0.1024123E-01
 0.9300000E+02  0.1786863E-02  0.4683051E-02  0.3771318E-02  0.1024123E-01
 0.9310000E+02  0.1788597E-02  0.4685189E-02  0.3767445E-02  0.1024123E-01
 0.9320000E+02  0.1790327E-02  0.4687331E-02  0.3763574E-02  0.1024123E-01
 0.9330000E+02  0.1792053E-02  0.4689477E-02  0.3759703E-02  0.1024123E-01
 0.9340000E+02  0.1793774E-02  0.4691626E-02  0.3755832E-02  0.1024123E-01
 0.9350000E+02  0.1795491E-02  0.4693779E-02  0.3751962E-02  0.1024123E-01
 0.9360000E+02  0.1797204E-02  0.4695935E-02  0.3748093E-02  0.1024123E-01
 0.9370000E+02  0.1798913E-02  0.4698096E-02  0.3744224E-02  0.1024123E-01
 0.9380000E+02  0.1800617E-02  0.4700259E-02  0.3740356E-02  0.1024123E-01
 0.9390000E+02  0.1802317E-02  0.4702427E-02  0.3736489E-02  0.1024123E-01
 0.9400000E+02  0.1804012E-02  0.4704598E-02  0.3732622E-02  0.1024123E-01
 0.9410000E+02  0.1805704E-02  0.4706772E-02  0.3728756E-02  0.1024123E-01
 0.9420000E+02  0.1807391E-02  0.4708950E-02  0.3724891E-02  0.1024123E-01
 0.9430000E+02  0.1809074E-02  0.4711131E-02  0.3721027E-02  0.1024123E-01
 0.9440000E+02  0.1810752E-02  0.4713316E-02  0.3717164E-02  0.1024123E-01
 0.9450000E+02  0.1812427E-02  0.4715505E-02  0.3713301E-02  0.1024123E-01
 0.9460000E+02  0.1814096E-02  0.4717696E-02  0.3709440E-02  0.1024123E-01
 0.9470000E+02  0.1815762E-02  0.4719891E-02  0.3705579E-02  0.1024123E-01
 0.9480000E+02  0.1817423E-02  0.4722090E-02  0.3701719E-02  0.1024123E-01
 0.9490000E+02  0.1819081E-02  0.4724291E-02  0.3697860E-02  0.1024123E-01
 0.9500000E+02  0.1820733E-02  0.4726496E-02  0.3694003E-02  0.1024123E-01
 0.9510000E+02  0.1822382E-02  0.4728704E-02  0.3690146E-02  0.1024123E-01
 0.9520000E+02  0.1824026E-02  0.4730916E-02  0.3686290E-02  0.1024123E-01
 0.9530000E+02  0.1825666E-02  0.4733131E-02  0.3682436E-02  0.1024123E-01
 0.9540000E+02  0.1827302E-02  0.4735348E-02  0.3678582E-02  0.1024123E-01
 0.9550000E+02  0.1828933E-02  0.4737569E-02  0.3674730E-02  0.1024123E-01
 0.9560000E+02  0.1830560E-02  0.4739793E-02  0.3670879E-02  0.1024123E-01
 0.9570000E+02  0.1832183E-02  0.4742021E-02  0.3667029E-02  0.1024123E-01
 0.9580000E+02  0.1833801E-02  0.4744251E-02  0.3663180E-02  0.1024123E-01
 0.9590000E+02  0.1835415E-02  0.4746484E-02  0.3659332E-02  0.1024123E-01
 0.9600000E+02  0.1837025E-02  0.4748721E-02  0.3655486E-02  0.1024123E-01
 0.9610000E+02  0.1838631E-02  0.4750960E-02  0.3651641E-02  0.1024123E-01
 0.9620000E+02  0.1840232E-02  0.4753202E-02  0.3647797E-02  0.1024123E-01
 0.9630000E+02  0.1841829E-02  0.4755448E-02  0.3643955E-02  0.1024123E-01
 0.9640000E+02  0.1843422E-02  0.4757696E-02  0.3640114E-02  0.1024123E-01
 0.9650000E+02  0.1845010E-02  0.4759947E-02  0.3636275E-02  0.1024123E-01
 0.9660000E+02  0.1846595E-02  0.4762201E-02  0.3632436E-02  0.1024123E-01
 0.9670000E+02  0.1848175E-02  0.4764458E-02  0.3628600E-02  0.1024123E-01
 0.9680000E+02  0.1849750E-02  0.4766717E-02  0.3624764E-02  0.1024123E-01
 0.9690000E+02  0.1851322E-02  0.4768980E-02  0.3620931E-02  0.1024123E-01
 0.9700000E+02  0.1852889E-02  0.4771245E-02  0.3617098E-02  0.1024123E-01
 0.9710000E+02  0.1854452E-02  0.4773513E-02  0.3613268E-02  0.1024123E-01
 0.9720000E+02  0.1856010E-02  0.4775784E-02  0.3609438E-02  0.1024123E-01
 0.9730000E+02  0.1857564E-02  0.4778057E-02  0.3605611E-02  0.1024123E-01
 0.9740000E+02  0.1859114E-02  0.4780333E-02  0.3601785E-02  0.1024123E-01
 0.9750000E+02  0.1860660E-02  0.4782612E-02  0.3597960E-02  0.1024123E-01
 0.9760000E+02  0.1862202E-02  0.4784893E-02  0.3594138E-02  0.1024123E-01
 0.9770000E+02  0.1863739E-02  0.4787177E-02  0.3590317E-02  0.1024123E-01
 0.9780000E+02  0.1865272E-02  0.4789463E-02  0.3586497E-02  0.1024123E-01
 0.9790000E+02  0.1866801E-02  0.4791752E-02  0.3582680E-02  0.1024123E-01
 0.9800000E+02  0.1868325E-02  0.4794043E-02  0.3578864E-02  0.1024123E-01
 0.9810000E+02  0.1869845E-02  0.4796337E-02  0.3575050E-02  0.1024123E-01
 0.9820000E+02  0.1871361E-02  0.4798633E-02  0.3571237E-02  0.1024123E-01
 0.9830000E+02  0.1872873E-02  0.4800932E-02  0.3567427E-02  0.1024123E-01
 0.9840000E+02  0.1874381E-02  0.4803233E-02  0.3563618E-02  0.1024123E-01
 0.9850000E+02  0.1875884E-02  0.4805537E-02  0.3559811E-02  0.1024123E-01
 0.9860000E+02  0.1877383E-02  0.4807843E-02  0.3556006E-02  0.1024123E-01
 0.9870000E+02  0.1878894E-02  0.4810106E-02  0.3591848E-02  0.1028085E-01
 0.9880000E+02  0.1880532E-02  0.4812052E-02  0.3588264E-02  0.1028085E-01
 0.9890000E+02  0.1882166E-02  0.4814005E-02  0.3584677E-02  0.1028085E-01
 0.9900000E+02  0.1883797E-02  0.4815963E-02  0.3581088E-02  0.1028085E-01
 0.9910000E+02  0.1885424E-02  0.4817927E-02  0.3577497E-02  0.1028085E-01
 0.9920000E+02  0.1887049E-02  0.4819896E-02  0.3573903E-02  0.1028085E-01
 0.9930000E+02  0.1888669E-02  0.4821872E-02  0.3570308E-02  0.1028085E-01
 0.9940000E+02  0.1890286E-02  0.4823852E-02  0.3566710E-02  0.1028085E-01
 0.9950000E+02  0.1891900E-02  0.4825838E-02  0.3563110E-02  0.1028085E-01
 0.9960000E+02  0.1893511E-02  0.4827830E-02  0.3559508E-02  0.1028085E-01
 0.9970000E+02  0.1895118E-02  0.4829827E-02  0.3555904E-02  0.1028085E-01
 0.9980000E+02  0.1896721E-02  0.4831830E-02  0.3552297E-02  0.1028085E-01
 0.9990000E+02  0.1898321E-02  0.4833838E-02  0.3548689E-02  0.1028085E-01
 0.1000000E+03  0.1899918E-02  0.4835851E-02  0.3545079E-02  0.1028085E-01
