 0.2000000E+00  0.5282342E+00  0.6867340E+00  0.8452355E+00  0.1003738E+01  0.1162242E+01  0.1320747E+01  0.1479253E+01  0.1637760E+01  0.1796267E+01  0.1954775E+01  0.2113284E+01  0.2271793E+01
 0.4000000E+00  0.5283514E+00  0.6868208E+00  0.8452965E+00  0.1003778E+01  0.1162264E+01  0.1320754E+01  0.1479247E+01  0.1637744E+01  0.1796244E+01  0.1954746E+01  0.2113251E+01  0.2271759E+01
 0.6000000E+00  0.5285466E+00  0.6869653E+00  0.8453982E+00  0.1003843E+01  0.1162299E+01  0.1320764E+01  0.1479238E+01  0.1637718E+01  0.1796205E+01  0.1954698E+01  0.2113197E+01  0.2271701E+01
 0.8000000E+00  0.5288199E+00  0.6871676E+00  0.8455406E+00  0.1003935E+01  0.1162349E+01  0.1320779E+01  0.1479224E+01  0.1637682E+01  0.1796151E+01  0.1954631E+01  0.2113121E+01  0.2271621E+01
 0.1000000E+01  0.5291711E+00  0.6874276E+00  0.8457236E+00  0.1004054E+01  0.1162413E+01  0.1320799E+01  0.1479207E+01  0.1637635E+01  0.1796081E+01  0.1954544E+01  0.2113023E+01  0.2271517E+01
 0.1200000E+01  0.5296002E+00  0.6877452E+00  0.8459472E+00  0.1004198E+01  0.1162492E+01  0.1320822E+01  0.1479185E+01  0.1637578E+01  0.1795996E+01  0.1954439E+01  0.2112904E+01  0.2271390E+01
 0.1400000E+01  0.5301070E+00  0.6881205E+00  0.8462114E+00  0.1004369E+01  0.1162584E+01  0.1320850E+01  0.1479160E+01  0.1637510E+01  0.1795896E+01  0.1954314E+01  0.2112763E+01  0.2271241E+01
 0.1600000E+01  0.5306915E+00  0.6885533E+00  0.8465161E+00  0.1004566E+01  0.1162691E+01  0.1320882E+01  0.1479131E+01  0.1637432E+01  0.1795779E+01  0.1954170E+01  0.2112600E+01  0.2271068E+01
 0.1800000E+01  0.5313534E+00  0.6890435E+00  0.8468613E+00  0.1004789E+01  0.1162812E+01  0.1320919E+01  0.1479099E+01  0.1637344E+01  0.1795648E+01  0.1954006E+01  0.2112415E+01  0.2270873E+01
 0.2000000E+01  0.5320927E+00  0.6895911E+00  0.8472469E+00  0.1005038E+01  0.1162948E+01  0.1320960E+01  0.1479062E+01  0.1637245E+01  0.1795501E+01  0.1953823E+01  0.2112209E+01  0.2270654E+01
 0.2200000E+01  0.5329091E+00  0.6901959E+00  0.8476729E+00  0.1005314E+01  0.1163097E+01  0.1321005E+01  0.1479021E+01  0.1637136E+01  0.1795338E+01  0.1953622E+01  0.2111981E+01  0.2270413E+01
 0.2400000E+01  0.5338024E+00  0.6908578E+00  0.8481391E+00  0.1005615E+01  0.1163261E+01  0.1321054E+01  0.1478977E+01  0.1637016E+01  0.1795160E+01  0.1953401E+01  0.2111732E+01  0.2270149E+01
 0.2600000E+01  0.5347724E+00  0.6915766E+00  0.8486456E+00  0.1005943E+01  0.1163439E+01  0.1321107E+01  0.1478929E+01  0.1636886E+01  0.1794967E+01  0.1953160E+01  0.2111460E+01  0.2269862E+01
 0.2800000E+01  0.5358189E+00  0.6923523E+00  0.8491922E+00  0.1006297E+01  0.1163631E+01  0.1321165E+01  0.1478877E+01  0.1636746E+01  0.1794758E+01  0.1952901E+01  0.2111168E+01  0.2269552E+01
 0.3000000E+01  0.5369416E+00  0.6931846E+00  0.8497788E+00  0.1006676E+01  0.1163837E+01  0.1321227E+01  0.1478821E+01  0.1636595E+01  0.1794534E+01  0.1952623E+01  0.2110853E+01  0.2269220E+01
 0.3200000E+01  0.5381401E+00  0.6940734E+00  0.8504054E+00  0.1007082E+01  0.1164057E+01  0.1321294E+01  0.1478761E+01  0.1636434E+01  0.1794294E+01  0.1952325E+01  0.2110517E+01  0.2268865E+01
 0.3400000E+01  0.5394143E+00  0.6950184E+00  0.8510718E+00  0.1007513E+01  0.1164291E+01  0.1321364E+01  0.1478698E+01  0.1636263E+01  0.1794039E+01  0.1952008E+01  0.2110160E+01  0.2268487E+01
 0.3600000E+01  0.5407637E+00  0.6960196E+00  0.8517779E+00  0.1007970E+01  0.1164540E+01  0.1321439E+01  0.1478630E+01  0.1636081E+01  0.1793768E+01  0.1951672E+01  0.2109781E+01  0.2268087E+01
 0.3800000E+01  0.5421881E+00  0.6970767E+00  0.8525236E+00  0.1008453E+01  0.1164802E+01  0.1321518E+01  0.1478559E+01  0.1635889E+01  0.1793482E+01  0.1951317E+01  0.2109381E+01  0.2267664E+01
 0.4000000E+01  0.5436870E+00  0.6981894E+00  0.8533088E+00  0.1008962E+01  0.1165079E+01  0.1321602E+01  0.1478484E+01  0.1635687E+01  0.1793181E+01  0.1950943E+01  0.2108959E+01  0.2267218E+01
 0.4200000E+01  0.5452601E+00  0.6993575E+00  0.8541334E+00  0.1009496E+01  0.1165369E+01  0.1321690E+01  0.1478405E+01  0.1635474E+01  0.1792864E+01  0.1950550E+01  0.2108515E+01  0.2266750E+01
 0.4400000E+01  0.5469070E+00  0.7005809E+00  0.8549972E+00  0.1010056E+01  0.1165674E+01  0.1321781E+01  0.1478322E+01  0.1635251E+01  0.1792532E+01  0.1950138E+01  0.2108051E+01  0.2266260E+01
 0.4600000E+01  0.5486273E+00  0.7018591E+00  0.8559000E+00  0.1010641E+01  0.1165992E+01  0.1321878E+01  0.1478236E+01  0.1635018E+01  0.1792184E+01  0.1949706E+01  0.2107565E+01  0.2265747E+01
 0.4800000E+01  0.5504205E+00  0.7031921E+00  0.8568418E+00  0.1011252E+01  0.1166325E+01  0.1321978E+01  0.1478146E+01  0.1634774E+01  0.1791821E+01  0.1949256E+01  0.2107057E+01  0.2265212E+01
 0.5000000E+01  0.5522862E+00  0.7045794E+00  0.8578223E+00  0.1011888E+01  0.1166671E+01  0.1322083E+01  0.1478052E+01  0.1634520E+01  0.1791443E+01  0.1948787E+01  0.2106528E+01  0.2264655E+01
 0.5200000E+01  0.5542240E+00  0.7060209E+00  0.8588415E+00  0.1012549E+01  0.1167031E+01  0.1322191E+01  0.1477954E+01  0.1634256E+01  0.1791049E+01  0.1948298E+01  0.2105978E+01  0.2264076E+01
 0.5400000E+01  0.5562332E+00  0.7075162E+00  0.8598990E+00  0.1013236E+01  0.1167405E+01  0.1322304E+01  0.1477852E+01  0.1633981E+01  0.1790640E+01  0.1947791E+01  0.2105407E+01  0.2263474E+01
 0.5600000E+01  0.5583135E+00  0.7090650E+00  0.8609949E+00  0.1013948E+01  0.1167793E+01  0.1322422E+01  0.1477747E+01  0.1633697E+01  0.1790216E+01  0.1947265E+01  0.2104814E+01  0.2262851E+01
 0.5800000E+01  0.5604643E+00  0.7106669E+00  0.8621288E+00  0.1014684E+01  0.1168194E+01  0.1322543E+01  0.1477638E+01  0.1633402E+01  0.1789777E+01  0.1946719E+01  0.2104201E+01  0.2262205E+01
 0.6000000E+01  0.5626852E+00  0.7123218E+00  0.8633006E+00  0.1015446E+01  0.1168609E+01  0.1322669E+01  0.1477525E+01  0.1633096E+01  0.1789322E+01  0.1946155E+01  0.2103566E+01  0.2261538E+01
 0.6200000E+01  0.5649755E+00  0.7140292E+00  0.8645102E+00  0.1016232E+01  0.1169038E+01  0.1322799E+01  0.1477408E+01  0.1632781E+01  0.1788852E+01  0.1945572E+01  0.2102910E+01  0.2260849E+01
 0.6400000E+01  0.5673347E+00  0.7157887E+00  0.8657572E+00  0.1017043E+01  0.1169480E+01  0.1322933E+01  0.1477288E+01  0.1632455E+01  0.1788366E+01  0.1944970E+01  0.2102233E+01  0.2260138E+01
 0.6600000E+01  0.5697622E+00  0.7176001E+00  0.8670415E+00  0.1017878E+01  0.1169937E+01  0.1323071E+01  0.1477164E+01  0.1632119E+01  0.1787866E+01  0.1944349E+01  0.2101534E+01  0.2259405E+01
 0.6800000E+01  0.5722575E+00  0.7194630E+00  0.8683630E+00  0.1018739E+01  0.1170406E+01  0.1323213E+01  0.1477036E+01  0.1631774E+01  0.1787350E+01  0.1943709E+01  0.2100815E+01  0.2258651E+01
 0.7000000E+01  0.5748201E+00  0.7213770E+00  0.8697213E+00  0.1019623E+01  0.1170889E+01  0.1323360E+01  0.1476904E+01  0.1631417E+01  0.1786819E+01  0.1943050E+01  0.2100075E+01  0.2257875E+01
 0.7200000E+01  0.5774492E+00  0.7233418E+00  0.8711162E+00  0.1020532E+01  0.1171386E+01  0.1323511E+01  0.1476769E+01  0.1631051E+01  0.1786273E+01  0.1942373E+01  0.2099313E+01  0.2257077E+01
 0.7400000E+01  0.5801442E+00  0.7253569E+00  0.8725476E+00  0.1021465E+01  0.1171896E+01  0.1323666E+01  0.1476630E+01  0.1630675E+01  0.1785711E+01  0.1941677E+01  0.2098531E+01  0.2256258E+01
 0.7600000E+01  0.5829047E+00  0.7274219E+00  0.8740152E+00  0.1022421E+01  0.1172419E+01  0.1323825E+01  0.1476488E+01  0.1630288E+01  0.1785135E+01  0.1940962E+01  0.2097728E+01  0.2255417E+01
 0.7800000E+01  0.5857299E+00  0.7295366E+00  0.8755188E+00  0.1023402E+01  0.1172956E+01  0.1323988E+01  0.1476341E+01  0.1629892E+01  0.1784543E+01  0.1940228E+01  0.2096904E+01  0.2254554E+01
 0.8000000E+01  0.5886193E+00  0.7317004E+00  0.8770581E+00  0.1024407E+01  0.1173506E+01  0.1324155E+01  0.1476192E+01  0.1629485E+01  0.1783936E+01  0.1939475E+01  0.2096059E+01  0.2253670E+01
 0.8200000E+01  0.5915722E+00  0.7339130E+00  0.8786329E+00  0.1025435E+01  0.1174069E+01  0.1324326E+01  0.1476038E+01  0.1629068E+01  0.1783315E+01  0.1938704E+01  0.2095192E+01  0.2252765E+01
 0.8400000E+01  0.5945879E+00  0.7361739E+00  0.8802430E+00  0.1026487E+01  0.1174645E+01  0.1324502E+01  0.1475881E+01  0.1628642E+01  0.1782678E+01  0.1937914E+01  0.2094305E+01  0.2251838E+01
 0.8600000E+01  0.5976659E+00  0.7384828E+00  0.8818880E+00  0.1027562E+01  0.1175234E+01  0.1324681E+01  0.1475720E+01  0.1628205E+01  0.1782026E+01  0.1937105E+01  0.2093397E+01  0.2250890E+01
 0.8800000E+01  0.6008055E+00  0.7408392E+00  0.8835677E+00  0.1028660E+01  0.1175836E+01  0.1324865E+01  0.1475556E+01  0.1627759E+01  0.1781359E+01  0.1936277E+01  0.2092469E+01  0.2249920E+01
 0.9000000E+01  0.6040060E+00  0.7432426E+00  0.8852820E+00  0.1029781E+01  0.1176452E+01  0.1325053E+01  0.1475388E+01  0.1627302E+01  0.1780677E+01  0.1935431E+01  0.2091519E+01  0.2248928E+01
 0.9200000E+01  0.6072667E+00  0.7456928E+00  0.8870304E+00  0.1030926E+01  0.1177080E+01  0.1325245E+01  0.1475217E+01  0.1626836E+01  0.1779980E+01  0.1934566E+01  0.2090548E+01  0.2247915E+01
 0.9400000E+01  0.6105871E+00  0.7481891E+00  0.8888127E+00  0.1032093E+01  0.1177721E+01  0.1325440E+01  0.1475042E+01  0.1626359E+01  0.1779268E+01  0.1933683E+01  0.2089557E+01  0.2246880E+01
 0.9600000E+01  0.6139665E+00  0.7507312E+00  0.8906287E+00  0.1033282E+01  0.1178374E+01  0.1325640E+01  0.1474863E+01  0.1625873E+01  0.1778542E+01  0.1932781E+01  0.2088544E+01  0.2245824E+01
 0.9800000E+01  0.6174041E+00  0.7533187E+00  0.8924781E+00  0.1034495E+01  0.1179041E+01  0.1325844E+01  0.1474682E+01  0.1625377E+01  0.1777800E+01  0.1931860E+01  0.2087511E+01  0.2244746E+01
 0.1000000E+02  0.6208993E+00  0.7559510E+00  0.8943605E+00  0.1035729E+01  0.1179720E+01  0.1326052E+01  0.1474496E+01  0.1624872E+01  0.1777044E+01  0.1930921E+01  0.2086456E+01  0.2243647E+01
 0.1020000E+02  0.6244514E+00  0.7586277E+00  0.8962758E+00  0.1036986E+01  0.1180411E+01  0.1326264E+01  0.1474307E+01  0.1624356E+01  0.1776272E+01  0.1929963E+01  0.2085381E+01  0.2242525E+01
 0.1040000E+02  0.6280598E+00  0.7613484E+00  0.8982236E+00  0.1038264E+01  0.1181115E+01  0.1326479E+01  0.1474115E+01  0.1623831E+01  0.1775486E+01  0.1928986E+01  0.2084284E+01  0.2241382E+01
 0.1060000E+02  0.6317237E+00  0.7641126E+00  0.9002035E+00  0.1039565E+01  0.1181832E+01  0.1326699E+01  0.1473919E+01  0.1623296E+01  0.1774686E+01  0.1927991E+01  0.2083167E+01  0.2240217E+01
 0.1080000E+02  0.6354425E+00  0.7669197E+00  0.9022154E+00  0.1040887E+01  0.1182560E+01  0.1326923E+01  0.1473720E+01  0.1622752E+01  0.1773870E+01  0.1926978E+01  0.2082029E+01  0.2239030E+01
 0.1100000E+02  0.6392154E+00  0.7697694E+00  0.9042589E+00  0.1042231E+01  0.1183301E+01  0.1327151E+01  0.1473518E+01  0.1622198E+01  0.1773040E+01  0.1925946E+01  0.2080869E+01  0.2237821E+01
 0.1120000E+02  0.6430417E+00  0.7726612E+00  0.9063337E+00  0.1043596E+01  0.1184054E+01  0.1327382E+01  0.1473312E+01  0.1621635E+01  0.1772195E+01  0.1924895E+01  0.2079689E+01  0.2236590E+01
 0.1140000E+02  0.6469207E+00  0.7755944E+00  0.9084395E+00  0.1044982E+01  0.1184819E+01  0.1327618E+01  0.1473103E+01  0.1621061E+01  0.1771336E+01  0.1923826E+01  0.2078488E+01  0.2235337E+01
 0.1160000E+02  0.6508517E+00  0.7785688E+00  0.9105759E+00  0.1046389E+01  0.1185597E+01  0.1327857E+01  0.1472891E+01  0.1620479E+01  0.1770462E+01  0.1922738E+01  0.2077265E+01  0.2234062E+01
 0.1180000E+02  0.6548339E+00  0.7815836E+00  0.9127427E+00  0.1047816E+01  0.1186386E+01  0.1328100E+01  0.1472675E+01  0.1619887E+01  0.1769574E+01  0.1921632E+01  0.2076022E+01  0.2232765E+01
 0.1200000E+02  0.6588666E+00  0.7846385E+00  0.9149395E+00  0.1049265E+01  0.1187186E+01  0.1328347E+01  0.1472456E+01  0.1619286E+01  0.1768671E+01  0.1920508E+01  0.2074758E+01  0.2231445E+01
 0.1220000E+02  0.6629490E+00  0.7877329E+00  0.9171660E+00  0.1050733E+01  0.1187999E+01  0.1328598E+01  0.1472234E+01  0.1618675E+01  0.1767753E+01  0.1919365E+01  0.2073472E+01  0.2230104E+01
 0.1240000E+02  0.6670803E+00  0.7908663E+00  0.9194218E+00  0.1052222E+01  0.1188823E+01  0.1328852E+01  0.1472008E+01  0.1618055E+01  0.1766822E+01  0.1918204E+01  0.2072165E+01  0.2228740E+01
 0.1260000E+02  0.6712597E+00  0.7940381E+00  0.9217066E+00  0.1053731E+01  0.1189659E+01  0.1329111E+01  0.1471780E+01  0.1617426E+01  0.1765876E+01  0.1917025E+01  0.2070838E+01  0.2227354E+01
 0.1280000E+02  0.6754865E+00  0.7972478E+00  0.9240201E+00  0.1055260E+01  0.1190506E+01  0.1329373E+01  0.1471548E+01  0.1616787E+01  0.1764915E+01  0.1915827E+01  0.2069489E+01  0.2225945E+01
 0.1300000E+02  0.6797597E+00  0.8004948E+00  0.9263620E+00  0.1056808E+01  0.1191365E+01  0.1329639E+01  0.1471313E+01  0.1616139E+01  0.1763940E+01  0.1914611E+01  0.2068119E+01  0.2224514E+01
 0.1320000E+02  0.6840786E+00  0.8037786E+00  0.9287318E+00  0.1058376E+01  0.1192235E+01  0.1329909E+01  0.1471075E+01  0.1615482E+01  0.1762951E+01  0.1913377E+01  0.2066729E+01  0.2223061E+01
 0.1340000E+02  0.6884424E+00  0.8070986E+00  0.9311292E+00  0.1059963E+01  0.1193116E+01  0.1330182E+01  0.1470834E+01  0.1614816E+01  0.1761948E+01  0.1912124E+01  0.2065317E+01  0.2221585E+01
 0.1360000E+02  0.6928501E+00  0.8104542E+00  0.9335538E+00  0.1061569E+01  0.1194008E+01  0.1330459E+01  0.1470590E+01  0.1614141E+01  0.1760931E+01  0.1910853E+01  0.2063884E+01  0.2220088E+01
 0.1380000E+02  0.6973009E+00  0.8138449E+00  0.9360053E+00  0.1063194E+01  0.1194911E+01  0.1330740E+01  0.1470343E+01  0.1613457E+01  0.1759900E+01  0.1909565E+01  0.2062431E+01  0.2218568E+01
 0.1400000E+02  0.7017939E+00  0.8172700E+00  0.9384834E+00  0.1064838E+01  0.1195826E+01  0.1331025E+01  0.1470093E+01  0.1612764E+01  0.1758854E+01  0.1908258E+01  0.2060957E+01  0.2217026E+01
 0.1420000E+02  0.7063281E+00  0.8207289E+00  0.9409876E+00  0.1066499E+01  0.1196751E+01  0.1331313E+01  0.1469839E+01  0.1612062E+01  0.1757795E+01  0.1906933E+01  0.2059461E+01  0.2215462E+01
 0.1440000E+02  0.7109028E+00  0.8242210E+00  0.9435175E+00  0.1068180E+01  0.1197687E+01  0.1331605E+01  0.1469583E+01  0.1611351E+01  0.1756721E+01  0.1905590E+01  0.2057945E+01  0.2213876E+01
 0.1460000E+02  0.7155168E+00  0.8277457E+00  0.9460728E+00  0.1069878E+01  0.1198633E+01  0.1331901E+01  0.1469324E+01  0.1610632E+01  0.1755634E+01  0.1904229E+01  0.2056409E+01  0.2212268E+01
 0.1480000E+02  0.7201693E+00  0.8313024E+00  0.9486532E+00  0.1071594E+01  0.1199590E+01  0.1332200E+01  0.1469062E+01  0.1609903E+01  0.1754532E+01  0.1902850E+01  0.2054851E+01  0.2210639E+01
 0.1500000E+02  0.7248593E+00  0.8348904E+00  0.9512581E+00  0.1073327E+01  0.1200558E+01  0.1332503E+01  0.1468797E+01  0.1609166E+01  0.1753417E+01  0.1901453E+01  0.2053273E+01  0.2208987E+01
 0.1520000E+02  0.7295858E+00  0.8385090E+00  0.9538873E+00  0.1075078E+01  0.1201536E+01  0.1332809E+01  0.1468530E+01  0.1608419E+01  0.1752288E+01  0.1900038E+01  0.2051675E+01  0.2207315E+01
 0.1540000E+02  0.7343479E+00  0.8421577E+00  0.9565402E+00  0.1076846E+01  0.1202525E+01  0.1333119E+01  0.1468259E+01  0.1607665E+01  0.1751145E+01  0.1898606E+01  0.2050056E+01  0.2205621E+01
 0.1560000E+02  0.7391445E+00  0.8458358E+00  0.9592167E+00  0.1078631E+01  0.1203524E+01  0.1333433E+01  0.1467986E+01  0.1606901E+01  0.1749989E+01  0.1897156E+01  0.2048417E+01  0.2203907E+01
 0.1580000E+02  0.7439746E+00  0.8495425E+00  0.9619161E+00  0.1080433E+01  0.1204533E+01  0.1333750E+01  0.1467710E+01  0.1606129E+01  0.1748818E+01  0.1895688E+01  0.2046758E+01  0.2202171E+01
 0.1600000E+02  0.7488372E+00  0.8532773E+00  0.9646382E+00  0.1082252E+01  0.1205552E+01  0.1334070E+01  0.1467431E+01  0.1605348E+01  0.1747635E+01  0.1894203E+01  0.2045079E+01  0.2200415E+01
 0.1620000E+02  0.7537312E+00  0.8570394E+00  0.9673826E+00  0.1084086E+01  0.1206581E+01  0.1334395E+01  0.1467149E+01  0.1604559E+01  0.1746437E+01  0.1892700E+01  0.2043380E+01  0.2198639E+01
 0.1640000E+02  0.7586557E+00  0.8608283E+00  0.9701488E+00  0.1085937E+01  0.1207620E+01  0.1334723E+01  0.1466864E+01  0.1603761E+01  0.1745226E+01  0.1891180E+01  0.2041661E+01  0.2196843E+01
 0.1660000E+02  0.7636096E+00  0.8646431E+00  0.9729364E+00  0.1087804E+01  0.1208669E+01  0.1335054E+01  0.1466577E+01  0.1602955E+01  0.1744001E+01  0.1889642E+01  0.2039923E+01  0.2195028E+01
 0.1680000E+02  0.7685918E+00  0.8684833E+00  0.9757451E+00  0.1089687E+01  0.1209728E+01  0.1335389E+01  0.1466288E+01  0.1602140E+01  0.1742763E+01  0.1888087E+01  0.2038165E+01  0.2193193E+01
 0.1700000E+02  0.7736013E+00  0.8723481E+00  0.9785744E+00  0.1091585E+01  0.1210797E+01  0.1335727E+01  0.1465995E+01  0.1601316E+01  0.1741512E+01  0.1886515E+01  0.2036387E+01  0.2191339E+01
 0.1720000E+02  0.7786371E+00  0.8762369E+00  0.9814239E+00  0.1093499E+01  0.1211875E+01  0.1336069E+01  0.1465700E+01  0.1600485E+01  0.1740247E+01  0.1884926E+01  0.2034591E+01  0.2189467E+01
 0.1740000E+02  0.7836981E+00  0.8801489E+00  0.9842933E+00  0.1095428E+01  0.1212963E+01  0.1336415E+01  0.1465402E+01  0.1599645E+01  0.1738969E+01  0.1883319E+01  0.2032776E+01  0.2187576E+01
 0.1760000E+02  0.7887832E+00  0.8840836E+00  0.9871821E+00  0.1097371E+01  0.1214060E+01  0.1336764E+01  0.1465102E+01  0.1598796E+01  0.1737677E+01  0.1881696E+01  0.2030941E+01  0.2185668E+01
 0.1780000E+02  0.7938915E+00  0.8880401E+00  0.9900900E+00  0.1099330E+01  0.1215166E+01  0.1337116E+01  0.1464799E+01  0.1597940E+01  0.1736372E+01  0.1880055E+01  0.2029089E+01  0.2183743E+01
 0.1800000E+02  0.7990219E+00  0.8920180E+00  0.9930165E+00  0.1101303E+01  0.1216282E+01  0.1337472E+01  0.1464494E+01  0.1597075E+01  0.1735054E+01  0.1878398E+01  0.2027218E+01  0.2181801E+01
 0.1820000E+02  0.8041733E+00  0.8960164E+00  0.9959612E+00  0.1103290E+01  0.1217408E+01  0.1337832E+01  0.1464186E+01  0.1596201E+01  0.1733723E+01  0.1876724E+01  0.2025328E+01  0.2179842E+01
 0.1840000E+02  0.8093449E+00  0.9000348E+00  0.9989239E+00  0.1105291E+01  0.1218542E+01  0.1338195E+01  0.1463876E+01  0.1595320E+01  0.1732378E+01  0.1875033E+01  0.2023421E+01  0.2177869E+01
 0.1860000E+02  0.8145354E+00  0.9040724E+00  0.1001904E+01  0.1107307E+01  0.1219686E+01  0.1338561E+01  0.1463563E+01  0.1594430E+01  0.1731020E+01  0.1873326E+01  0.2021496E+01  0.2175879E+01
 0.1880000E+02  0.8197440E+00  0.9081286E+00  0.1004901E+01  0.1109336E+01  0.1220839E+01  0.1338931E+01  0.1463247E+01  0.1593532E+01  0.1729650E+01  0.1871602E+01  0.2019554E+01  0.2173876E+01
 0.1900000E+02  0.8249697E+00  0.9122028E+00  0.1007915E+01  0.1111379E+01  0.1222000E+01  0.1339304E+01  0.1462930E+01  0.1592626E+01  0.1728266E+01  0.1869862E+01  0.2017594E+01  0.2171858E+01
 0.1920000E+02  0.8302116E+00  0.9162943E+00  0.1010946E+01  0.1113435E+01  0.1223171E+01  0.1339681E+01  0.1462609E+01  0.1591712E+01  0.1726869E+01  0.1868105E+01  0.2015618E+01  0.2169828E+01
 0.1940000E+02  0.8354685E+00  0.9204025E+00  0.1013992E+01  0.1115505E+01  0.1224350E+01  0.1340062E+01  0.1462287E+01  0.1590789E+01  0.1725459E+01  0.1866332E+01  0.2013625E+01  0.2167784E+01
 0.1960000E+02  0.8407398E+00  0.9245268E+00  0.1017054E+01  0.1117587E+01  0.1225539E+01  0.1340445E+01  0.1461962E+01  0.1589859E+01  0.1724037E+01  0.1864543E+01  0.2011615E+01  0.2165729E+01
 0.1980000E+02  0.8460243E+00  0.9286666E+00  0.1020131E+01  0.1119683E+01  0.1226736E+01  0.1340833E+01  0.1461634E+01  0.1588921E+01  0.1722601E+01  0.1862738E+01  0.2009589E+01  0.2163662E+01
 0.2000000E+02  0.8513212E+00  0.9328212E+00  0.1023223E+01  0.1121791E+01  0.1227942E+01  0.1341223E+01  0.1461305E+01  0.1587974E+01  0.1721152E+01  0.1860917E+01  0.2007547E+01  0.2161585E+01
 0.2020000E+02  0.8566297E+00  0.9369902E+00  0.1026330E+01  0.1123912E+01  0.1229156E+01  0.1341617E+01  0.1460973E+01  0.1587020E+01  0.1719691E+01  0.1859081E+01  0.2005490E+01  0.2159498E+01
 0.2040000E+02  0.8619488E+00  0.9411728E+00  0.1029450E+01  0.1126045E+01  0.1230379E+01  0.1342015E+01  0.1460638E+01  0.1586057E+01  0.1718217E+01  0.1857228E+01  0.2003417E+01  0.2157403E+01
 0.2060000E+02  0.8672777E+00  0.9453686E+00  0.1032585E+01  0.1128190E+01  0.1231611E+01  0.1342416E+01  0.1460302E+01  0.1585087E+01  0.1716730E+01  0.1855360E+01  0.2001329E+01  0.2155299E+01
 0.2080000E+02  0.8726157E+00  0.9495770E+00  0.1035734E+01  0.1130347E+01  0.1232851E+01  0.1342821E+01  0.1459963E+01  0.1584108E+01  0.1715230E+01  0.1853476E+01  0.1999227E+01  0.2153188E+01
 0.2100000E+02  0.8779618E+00  0.9537973E+00  0.1038895E+01  0.1132516E+01  0.1234099E+01  0.1343229E+01  0.1459622E+01  0.1583122E+01  0.1713718E+01  0.1851577E+01  0.1997110E+01  0.2151070E+01
 0.2120000E+02  0.8833153E+00  0.9580292E+00  0.1042069E+01  0.1134697E+01  0.1235356E+01  0.1343640E+01  0.1459278E+01  0.1582128E+01  0.1712193E+01  0.1849662E+01  0.1994979E+01  0.2148947E+01
 0.2140000E+02  0.8886755E+00  0.9622721E+00  0.1045256E+01  0.1136889E+01  0.1236621E+01  0.1344055E+01  0.1458933E+01  0.1581126E+01  0.1710655E+01  0.1847733E+01  0.1992834E+01  0.2146820E+01
 0.2160000E+02  0.8940416E+00  0.9665254E+00  0.1048456E+01  0.1139093E+01  0.1237894E+01  0.1344473E+01  0.1458585E+01  0.1580116E+01  0.1709105E+01  0.1845788E+01  0.1990676E+01  0.2144689E+01
 0.2180000E+02  0.8994128E+00  0.9707887E+00  0.1051667E+01  0.1141308E+01  0.1239175E+01  0.1344895E+01  0.1458235E+01  0.1579098E+01  0.1707542E+01  0.1843828E+01  0.1988505E+01  0.2142556E+01
 0.2200000E+02  0.9047885E+00  0.9750614E+00  0.1054890E+01  0.1143534E+01  0.1240465E+01  0.1345320E+01  0.1457883E+01  0.1578073E+01  0.1705967E+01  0.1841853E+01  0.1986321E+01  0.2140421E+01
 0.2220000E+02  0.9101680E+00  0.9793431E+00  0.1058124E+01  0.1145771E+01  0.1241762E+01  0.1345749E+01  0.1457529E+01  0.1577039E+01  0.1704379E+01  0.1839863E+01  0.1984124E+01  0.2138286E+01
 0.2240000E+02  0.9155506E+00  0.9836334E+00  0.1061370E+01  0.1148019E+01  0.1243068E+01  0.1346181E+01  0.1457172E+01  0.1575998E+01  0.1702779E+01  0.1837858E+01  0.1981916E+01  0.2136151E+01
 0.2260000E+02  0.9209356E+00  0.9879317E+00  0.1064626E+01  0.1150278E+01  0.1244382E+01  0.1346616E+01  0.1456814E+01  0.1574950E+01  0.1701166E+01  0.1835839E+01  0.1979696E+01  0.2134019E+01
 0.2280000E+02  0.9263225E+00  0.9922376E+00  0.1067893E+01  0.1152547E+01  0.1245703E+01  0.1347056E+01  0.1456453E+01  0.1573893E+01  0.1699541E+01  0.1833805E+01  0.1977464E+01  0.2131889E+01
 0.2300000E+02  0.9317107E+00  0.9965507E+00  0.1071170E+01  0.1154827E+01  0.1247033E+01  0.1347498E+01  0.1456091E+01  0.1572829E+01  0.1697903E+01  0.1831756E+01  0.1975221E+01  0.2129764E+01
 0.2320000E+02  0.9370995E+00  0.1000871E+01  0.1074457E+01  0.1157117E+01  0.1248370E+01  0.1347944E+01  0.1455726E+01  0.1571757E+01  0.1696253E+01  0.1829693E+01  0.1972968E+01  0.2127644E+01
 0.2340000E+02  0.9424883E+00  0.1005197E+01  0.1077754E+01  0.1159417E+01  0.1249716E+01  0.1348394E+01  0.1455360E+01  0.1570677E+01  0.1694591E+01  0.1827616E+01  0.1970705E+01  0.2125532E+01
 0.2360000E+02  0.9478767E+00  0.1009529E+01  0.1081061E+01  0.1161727E+01  0.1251069E+01  0.1348847E+01  0.1454991E+01  0.1569590E+01  0.1692916E+01  0.1825524E+01  0.1968431E+01  0.2123427E+01
 0.2380000E+02  0.9532641E+00  0.1013867E+01  0.1084376E+01  0.1164047E+01  0.1252430E+01  0.1349303E+01  0.1454621E+01  0.1568495E+01  0.1691229E+01  0.1823419E+01  0.1966148E+01  0.2121332E+01
 0.2400000E+02  0.9586500E+00  0.1018210E+01  0.1087701E+01  0.1166376E+01  0.1253798E+01  0.1349764E+01  0.1454249E+01  0.1567392E+01  0.1689529E+01  0.1821299E+01  0.1963856E+01  0.2119248E+01
 0.2420000E+02  0.9640339E+00  0.1022557E+01  0.1091035E+01  0.1168716E+01  0.1255175E+01  0.1350227E+01  0.1453874E+01  0.1566282E+01  0.1687818E+01  0.1819165E+01  0.1961555E+01  0.2117177E+01
 0.2440000E+02  0.9694152E+00  0.1026910E+01  0.1094377E+01  0.1171065E+01  0.1256559E+01  0.1350694E+01  0.1453498E+01  0.1565164E+01  0.1686094E+01  0.1817017E+01  0.1959246E+01  0.2115120E+01
 0.2460000E+02  0.9747936E+00  0.1031266E+01  0.1097728E+01  0.1173424E+01  0.1257950E+01  0.1351165E+01  0.1453120E+01  0.1564039E+01  0.1684357E+01  0.1814855E+01  0.1956928E+01  0.2113079E+01
 0.2480000E+02  0.9801687E+00  0.1035626E+01  0.1101087E+01  0.1175792E+01  0.1259350E+01  0.1351640E+01  0.1452741E+01  0.1562906E+01  0.1682609E+01  0.1812680E+01  0.1954603E+01  0.2111055E+01
 0.2500000E+02  0.9855399E+00  0.1039989E+01  0.1104453E+01  0.1178169E+01  0.1260757E+01  0.1352118E+01  0.1452359E+01  0.1561766E+01  0.1680848E+01  0.1810491E+01  0.1952271E+01  0.2109050E+01
 0.2520000E+02  0.9909069E+00  0.1044356E+01  0.1107828E+01  0.1180555E+01  0.1262171E+01  0.1352599E+01  0.1451976E+01  0.1560618E+01  0.1679075E+01  0.1808288E+01  0.1949932E+01  0.2107066E+01
 0.2540000E+02  0.9962693E+00  0.1048726E+01  0.1111210E+01  0.1182951E+01  0.1263593E+01  0.1353085E+01  0.1451591E+01  0.1559463E+01  0.1677290E+01  0.1806071E+01  0.1947587E+01  0.2105104E+01
 0.2560000E+02  0.1001627E+01  0.1053098E+01  0.1114600E+01  0.1185356E+01  0.1265023E+01  0.1353574E+01  0.1451204E+01  0.1558300E+01  0.1675493E+01  0.1803841E+01  0.1945235E+01  0.2103167E+01
 0.2580000E+02  0.1006979E+01  0.1057472E+01  0.1117996E+01  0.1187769E+01  0.1266460E+01  0.1354067E+01  0.1450816E+01  0.1557130E+01  0.1673683E+01  0.1801597E+01  0.1942877E+01  0.2101257E+01
 0.2600000E+02  0.1012325E+01  0.1061848E+01  0.1121400E+01  0.1190191E+01  0.1267905E+01  0.1354563E+01  0.1450426E+01  0.1555953E+01  0.1671861E+01  0.1799339E+01  0.1940515E+01  0.2099375E+01
 0.2620000E+02  0.1017666E+01  0.1066226E+01  0.1124811E+01  0.1192622E+01  0.1269357E+01  0.1355063E+01  0.1450035E+01  0.1554768E+01  0.1670027E+01  0.1797068E+01  0.1938147E+01  0.2097523E+01
 0.2640000E+02  0.1023000E+01  0.1070605E+01  0.1128228E+01  0.1195062E+01  0.1270817E+01  0.1355568E+01  0.1449642E+01  0.1553576E+01  0.1668181E+01  0.1794784E+01  0.1935774E+01  0.2095704E+01
 0.2660000E+02  0.1028327E+01  0.1074986E+01  0.1131652E+01  0.1197511E+01  0.1272285E+01  0.1356076E+01  0.1449247E+01  0.1552377E+01  0.1666323E+01  0.1792486E+01  0.1933398E+01  0.2093920E+01
 0.2680000E+02  0.1033648E+01  0.1079368E+01  0.1135082E+01  0.1199968E+01  0.1273759E+01  0.1356587E+01  0.1448852E+01  0.1551170E+01  0.1664452E+01  0.1790175E+01  0.1931017E+01  0.2092172E+01
 0.2700000E+02  0.1038962E+01  0.1083750E+01  0.1138518E+01  0.1202433E+01  0.1275242E+01  0.1357103E+01  0.1448454E+01  0.1549956E+01  0.1662569E+01  0.1787850E+01  0.1928632E+01  0.2090464E+01
 0.2720000E+02  0.1044268E+01  0.1088133E+01  0.1141961E+01  0.1204907E+01  0.1276732E+01  0.1357623E+01  0.1448056E+01  0.1548735E+01  0.1660674E+01  0.1785511E+01  0.1926245E+01  0.2088798E+01
 0.2740000E+02  0.1049567E+01  0.1092517E+01  0.1145410E+01  0.1207389E+01  0.1278229E+01  0.1358147E+01  0.1447656E+01  0.1547507E+01  0.1658767E+01  0.1783160E+01  0.1923854E+01  0.2087175E+01
 0.2760000E+02  0.1054859E+01  0.1096900E+01  0.1148864E+01  0.1209880E+01  0.1279734E+01  0.1358674E+01  0.1447255E+01  0.1546272E+01  0.1656848E+01  0.1780794E+01  0.1921460E+01  0.2085598E+01
 0.2780000E+02  0.1060143E+01  0.1101284E+01  0.1152324E+01  0.1212379E+01  0.1281247E+01  0.1359206E+01  0.1446853E+01  0.1545029E+01  0.1654916E+01  0.1778416E+01  0.1919064E+01  0.2084069E+01
 0.2800000E+02  0.1065418E+01  0.1105668E+01  0.1155790E+01  0.1214886E+01  0.1282767E+01  0.1359742E+01  0.1446450E+01  0.1543780E+01  0.1652973E+01  0.1776023E+01  0.1916666E+01  0.2082591E+01
 0.2820000E+02  0.1070686E+01  0.1110051E+01  0.1159261E+01  0.1217401E+01  0.1284294E+01  0.1360282E+01  0.1446046E+01  0.1542524E+01  0.1651017E+01  0.1773618E+01  0.1914265E+01  0.2081166E+01
 0.2840000E+02  0.1075946E+01  0.1114434E+01  0.1162738E+01  0.1219924E+01  0.1285829E+01  0.1360827E+01  0.1445641E+01  0.1541260E+01  0.1649049E+01  0.1771198E+01  0.1911862E+01  0.2079796E+01
 0.2860000E+02  0.1081198E+01  0.1118817E+01  0.1166220E+01  0.1222455E+01  0.1287372E+01  0.1361376E+01  0.1445235E+01  0.1539990E+01  0.1647069E+01  0.1768765E+01  0.1909457E+01  0.2078482E+01
 0.2880000E+02  0.1086442E+01  0.1123199E+01  0.1169707E+01  0.1224994E+01  0.1288922E+01  0.1361929E+01  0.1444828E+01  0.1538714E+01  0.1645077E+01  0.1766318E+01  0.1907049E+01  0.2077227E+01
 0.2900000E+02  0.1091678E+01  0.1127581E+01  0.1173199E+01  0.1227541E+01  0.1290479E+01  0.1362486E+01  0.1444421E+01  0.1537430E+01  0.1643073E+01  0.1763858E+01  0.1904640E+01  0.2076030E+01
 0.2920000E+02  0.1096907E+01  0.1131962E+01  0.1176696E+01  0.1230096E+01  0.1292044E+01  0.1363048E+01  0.1444012E+01  0.1536140E+01  0.1641057E+01  0.1761383E+01  0.1902228E+01  0.2074894E+01
 0.2940000E+02  0.1102127E+01  0.1136343E+01  0.1180198E+01  0.1232658E+01  0.1293616E+01  0.1363614E+01  0.1443604E+01  0.1534844E+01  0.1639029E+01  0.1758895E+01  0.1899813E+01  0.2073819E+01
 0.2960000E+02  0.1107341E+01  0.1140723E+01  0.1183705E+01  0.1235228E+01  0.1295196E+01  0.1364185E+01  0.1443195E+01  0.1533541E+01  0.1636990E+01  0.1756393E+01  0.1897395E+01  0.2072803E+01
 0.2980000E+02  0.1112548E+01  0.1145102E+01  0.1187217E+01  0.1237805E+01  0.1296783E+01  0.1364760E+01  0.1442785E+01  0.1532233E+01  0.1634939E+01  0.1753877E+01  0.1894973E+01  0.2071845E+01
 0.3000000E+02  0.1117748E+01  0.1149482E+01  0.1190733E+01  0.1240390E+01  0.1298377E+01  0.1365339E+01  0.1442376E+01  0.1530918E+01  0.1632876E+01  0.1751346E+01  0.1892546E+01  0.2070942E+01
 0.3020000E+02  0.1122942E+01  0.1153861E+01  0.1194254E+01  0.1242982E+01  0.1299979E+01  0.1365923E+01  0.1441966E+01  0.1529597E+01  0.1630802E+01  0.1748802E+01  0.1890113E+01  0.2070091E+01
 0.3040000E+02  0.1128131E+01  0.1158240E+01  0.1197780E+01  0.1245581E+01  0.1301587E+01  0.1366511E+01  0.1441556E+01  0.1528271E+01  0.1628717E+01  0.1746243E+01  0.1887674E+01  0.2069284E+01
 0.3060000E+02  0.1133315E+01  0.1162620E+01  0.1201310E+01  0.1248186E+01  0.1303201E+01  0.1367104E+01  0.1441147E+01  0.1526940E+01  0.1626621E+01  0.1743671E+01  0.1885225E+01  0.2068515E+01
 0.3080000E+02  0.1138496E+01  0.1167000E+01  0.1204844E+01  0.1250798E+01  0.1304822E+01  0.1367701E+01  0.1440737E+01  0.1525604E+01  0.1624515E+01  0.1741084E+01  0.1882767E+01  0.2067774E+01
 0.3100000E+02  0.1143673E+01  0.1171381E+01  0.1208382E+01  0.1253415E+01  0.1306449E+01  0.1368302E+01  0.1440328E+01  0.1524263E+01  0.1622399E+01  0.1738484E+01  0.1880297E+01  0.2067049E+01
 0.3120000E+02  0.1148849E+01  0.1175763E+01  0.1211924E+01  0.1256038E+01  0.1308081E+01  0.1368906E+01  0.1439919E+01  0.1522918E+01  0.1620274E+01  0.1735869E+01  0.1877812E+01  0.2066328E+01
 0.3140000E+02  0.1154024E+01  0.1180146E+01  0.1215470E+01  0.1258666E+01  0.1309719E+01  0.1369514E+01  0.1439511E+01  0.1521569E+01  0.1618140E+01  0.1733241E+01  0.1875310E+01  0.2065600E+01
 0.3160000E+02  0.1159199E+01  0.1184532E+01  0.1219019E+01  0.1261299E+01  0.1311360E+01  0.1370126E+01  0.1439104E+01  0.1520217E+01  0.1615997E+01  0.1730599E+01  0.1872791E+01  0.2064851E+01
 0.3180000E+02  0.1164375E+01  0.1188920E+01  0.1222572E+01  0.1263935E+01  0.1313006E+01  0.1370740E+01  0.1438697E+01  0.1518862E+01  0.1613847E+01  0.1727944E+01  0.1870250E+01  0.2064075E+01
 0.3200000E+02  0.1169554E+01  0.1193311E+01  0.1226128E+01  0.1266575E+01  0.1314654E+01  0.1371356E+01  0.1438290E+01  0.1517505E+01  0.1611691E+01  0.1725275E+01  0.1867688E+01  0.2063265E+01
 0.3220000E+02  0.1174735E+01  0.1197704E+01  0.1229687E+01  0.1269217E+01  0.1316305E+01  0.1371974E+01  0.1437885E+01  0.1516146E+01  0.1609529E+01  0.1722594E+01  0.1865102E+01  0.2062420E+01
 0.3240000E+02  0.1179921E+01  0.1202101E+01  0.1233248E+01  0.1271862E+01  0.1317958E+01  0.1372594E+01  0.1437480E+01  0.1514786E+01  0.1607361E+01  0.1719900E+01  0.1862491E+01  0.2061542E+01
 0.3260000E+02  0.1185110E+01  0.1206501E+01  0.1236812E+01  0.1274508E+01  0.1319612E+01  0.1373214E+01  0.1437075E+01  0.1513426E+01  0.1605189E+01  0.1717193E+01  0.1859855E+01  0.2060637E+01
 0.3280000E+02  0.1190303E+01  0.1210904E+01  0.1240377E+01  0.1277156E+01  0.1321268E+01  0.1373836E+01  0.1436672E+01  0.1512065E+01  0.1603013E+01  0.1714475E+01  0.1857194E+01  0.2059711E+01
 0.3300000E+02  0.1195500E+01  0.1215310E+01  0.1243945E+01  0.1279805E+01  0.1322923E+01  0.1374458E+01  0.1436269E+01  0.1510703E+01  0.1600834E+01  0.1711744E+01  0.1854507E+01  0.2058771E+01
 0.3320000E+02  0.1200701E+01  0.1219719E+01  0.1247515E+01  0.1282455E+01  0.1324579E+01  0.1375080E+01  0.1435866E+01  0.1509342E+01  0.1598652E+01  0.1709002E+01  0.1851794E+01  0.2057824E+01
 0.3340000E+02  0.1205906E+01  0.1224130E+01  0.1251086E+01  0.1285105E+01  0.1326236E+01  0.1375703E+01  0.1435464E+01  0.1507981E+01  0.1596467E+01  0.1706249E+01  0.1849055E+01  0.2056876E+01
 0.3360000E+02  0.1211114E+01  0.1228544E+01  0.1254658E+01  0.1287755E+01  0.1327892E+01  0.1376326E+01  0.1435063E+01  0.1506621E+01  0.1594279E+01  0.1703485E+01  0.1846291E+01  0.2055932E+01
 0.3380000E+02  0.1216326E+01  0.1232961E+01  0.1258231E+01  0.1290406E+01  0.1329548E+01  0.1376949E+01  0.1434661E+01  0.1505260E+01  0.1592090E+01  0.1700710E+01  0.1843502E+01  0.2054994E+01
 0.3400000E+02  0.1221540E+01  0.1237379E+01  0.1261806E+01  0.1293058E+01  0.1331204E+01  0.1377571E+01  0.1434261E+01  0.1503901E+01  0.1589898E+01  0.1697924E+01  0.1840686E+01  0.2054065E+01
 0.3420000E+02  0.1226758E+01  0.1241800E+01  0.1265381E+01  0.1295709E+01  0.1332860E+01  0.1378194E+01  0.1433861E+01  0.1502542E+01  0.1587704E+01  0.1695128E+01  0.1837846E+01  0.2053147E+01
 0.3440000E+02  0.1231977E+01  0.1246221E+01  0.1268958E+01  0.1298361E+01  0.1334516E+01  0.1378817E+01  0.1433462E+01  0.1501183E+01  0.1585509E+01  0.1692321E+01  0.1834981E+01  0.2052241E+01
 0.3460000E+02  0.1237199E+01  0.1250645E+01  0.1272535E+01  0.1301012E+01  0.1336171E+01  0.1379440E+01  0.1433063E+01  0.1499825E+01  0.1583311E+01  0.1689505E+01  0.1832091E+01  0.2051346E+01
 0.3480000E+02  0.1242423E+01  0.1255070E+01  0.1276112E+01  0.1303664E+01  0.1337827E+01  0.1380063E+01  0.1432665E+01  0.1498468E+01  0.1581112E+01  0.1686679E+01  0.1829177E+01  0.2050463E+01
 0.3500000E+02  0.1247648E+01  0.1259495E+01  0.1279690E+01  0.1306316E+01  0.1339483E+01  0.1380686E+01  0.1432267E+01  0.1497111E+01  0.1578912E+01  0.1683844E+01  0.1826238E+01  0.2049590E+01
 0.3520000E+02  0.1252874E+01  0.1263922E+01  0.1283269E+01  0.1308968E+01  0.1341138E+01  0.1381310E+01  0.1431870E+01  0.1495756E+01  0.1576709E+01  0.1680999E+01  0.1823276E+01  0.2048725E+01
 0.3540000E+02  0.1258102E+01  0.1268350E+01  0.1286848E+01  0.1311620E+01  0.1342794E+01  0.1381934E+01  0.1431474E+01  0.1494400E+01  0.1574506E+01  0.1678145E+01  0.1820289E+01  0.2047869E+01
 0.3560000E+02  0.1263330E+01  0.1272778E+01  0.1290427E+01  0.1314272E+01  0.1344450E+01  0.1382559E+01  0.1431079E+01  0.1493046E+01  0.1572300E+01  0.1675282E+01  0.1817280E+01  0.2047018E+01
 0.3580000E+02  0.1268560E+01  0.1277207E+01  0.1294007E+01  0.1316925E+01  0.1346106E+01  0.1383184E+01  0.1430685E+01  0.1491692E+01  0.1570094E+01  0.1672411E+01  0.1814247E+01  0.2046172E+01
 0.3600000E+02  0.1273790E+01  0.1281637E+01  0.1297588E+01  0.1319578E+01  0.1347763E+01  0.1383809E+01  0.1430292E+01  0.1490339E+01  0.1567886E+01  0.1669531E+01  0.1811191E+01  0.2045329E+01
 0.3620000E+02  0.1279021E+01  0.1286067E+01  0.1301169E+01  0.1322231E+01  0.1349420E+01  0.1384435E+01  0.1429899E+01  0.1488987E+01  0.1565676E+01  0.1666643E+01  0.1808112E+01  0.2044488E+01
 0.3640000E+02  0.1284253E+01  0.1290498E+01  0.1304750E+01  0.1324885E+01  0.1351077E+01  0.1385062E+01  0.1429507E+01  0.1487635E+01  0.1563465E+01  0.1663748E+01  0.1805012E+01  0.2043646E+01
 0.3660000E+02  0.1289486E+01  0.1294930E+01  0.1308332E+01  0.1327539E+01  0.1352735E+01  0.1385689E+01  0.1429116E+01  0.1486284E+01  0.1561253E+01  0.1660844E+01  0.1801889E+01  0.2042804E+01
