 0.2500000E+00  0.1400001E+01
 0.5000000E+00  0.1400005E+01
 0.7500000E+00  0.1400012E+01
 0.1000000E+01  0.1400021E+01
 0.1250000E+01  0.1400033E+01
 0.1500000E+01  0.1400048E+01
 0.1750000E+01  0.1400066E+01
 0.2000000E+01  0.1400086E+01
 0.2250000E+01  0.1400108E+01
 0.2500000E+01  0.1400134E+01
 0.2750000E+01  0.1400162E+01
 0.3000000E+01  0.1400192E+01
 0.3250000E+01  0.1400226E+01
 0.3500000E+01  0.1400262E+01
 0.3750000E+01  0.1400301E+01
 0.4000000E+01  0.1400342E+01
 0.4250000E+01  0.1400386E+01
 0.4500000E+01  0.1400433E+01
 0.4750000E+01  0.1400482E+01
 0.5000000E+01  0.1400534E+01
 0.5250000E+01  0.1400589E+01
 0.5500000E+01  0.1400646E+01
 0.5750000E+01  0.1400706E+01
 0.6000000E+01  0.1400769E+01
 0.6250000E+01  0.1400834E+01
 0.6500000E+01  0.1400902E+01
 0.6750000E+01  0.1400973E+01
 0.7000000E+01  0.1401046E+01
 0.7250000E+01  0.1401122E+01
 0.7500000E+01  0.1401200E+01
 0.7750000E+01  0.1401281E+01
 0.8000000E+01  0.1401365E+01
 0.8250000E+01  0.1401451E+01
 0.8500000E+01  0.1401540E+01
 0.8750000E+01  0.1401632E+01
 0.9000000E+01  0.1401726E+01
 0.9250000E+01  0.1401823E+01
 0.9500000E+01  0.1401922E+01
 0.9750000E+01  0.1402024E+01
 0.1000000E+02  0.1402129E+01
 0.1025000E+02  0.1402236E+01
 0.1050000E+02  0.1402346E+01
 0.1075000E+02  0.1402459E+01
 0.1100000E+02  0.1402574E+01
 0.1125000E+02  0.1402691E+01
 0.1150000E+02  0.1402811E+01
 0.1175000E+02  0.1402934E+01
 0.1200000E+02  0.1403059E+01
 0.1225000E+02  0.1403187E+01
 0.1250000E+02  0.1403318E+01
 0.1275000E+02  0.1403451E+01
 0.1300000E+02  0.1403586E+01
 0.1325000E+02  0.1403724E+01
 0.1350000E+02  0.1403865E+01
 0.1375000E+02  0.1404008E+01
 0.1400000E+02  0.1404154E+01
 0.1425000E+02  0.1404302E+01
 0.1450000E+02  0.1404453E+01
 0.1475000E+02  0.1404606E+01
 0.1500000E+02  0.1404762E+01
 0.1525000E+02  0.1404920E+01
 0.1550000E+02  0.1405081E+01
 0.1575000E+02  0.1405244E+01
 0.1600000E+02  0.1405410E+01
 0.1625000E+02  0.1405578E+01
 0.1650000E+02  0.1405749E+01
 0.1675000E+02  0.1405922E+01
 0.1700000E+02  0.1406097E+01
 0.1725000E+02  0.1406276E+01
 0.1750000E+02  0.1406456E+01
 0.1775000E+02  0.1406639E+01
 0.1800000E+02  0.1406825E+01
 0.1825000E+02  0.1407012E+01
 0.1850000E+02  0.1407203E+01
 0.1875000E+02  0.1407396E+01
 0.1900000E+02  0.1407591E+01
 0.1925000E+02  0.1407788E+01
 0.1950000E+02  0.1407988E+01
 0.1975000E+02  0.1408191E+01
 0.2000000E+02  0.1408395E+01
 0.2025000E+02  0.1408602E+01
 0.2050000E+02  0.1408812E+01
 0.2075000E+02  0.1409024E+01
 0.2100000E+02  0.1409238E+01
 0.2125000E+02  0.1409455E+01
 0.2150000E+02  0.1409673E+01
 0.2175000E+02  0.1409895E+01
 0.2200000E+02  0.1410118E+01
 0.2225000E+02  0.1410344E+01
 0.2250000E+02  0.1410573E+01
 0.2275000E+02  0.1410803E+01
 0.2300000E+02  0.1411036E+01
 0.2325000E+02  0.1411271E+01
 0.2350000E+02  0.1411509E+01
 0.2375000E+02  0.1411748E+01
 0.2400000E+02  0.1411990E+01
 0.2425000E+02  0.1412235E+01
 0.2450000E+02  0.1412481E+01
 0.2475000E+02  0.1412730E+01
 0.2500000E+02  0.1412981E+01
 0.2525000E+02  0.1413234E+01
 0.2550000E+02  0.1413490E+01
 0.2575000E+02  0.1413747E+01
 0.2600000E+02  0.1414007E+01
 0.2625000E+02  0.1414270E+01
 0.2650000E+02  0.1414534E+01
 0.2675000E+02  0.1414800E+01
 0.2700000E+02  0.1415069E+01
 0.2725000E+02  0.1415340E+01
 0.2750000E+02  0.1415613E+01
 0.2775000E+02  0.1415888E+01
 0.2800000E+02  0.1416166E+01
 0.2825000E+02  0.1416445E+01
 0.2850000E+02  0.1416727E+01
 0.2875000E+02  0.1417011E+01
 0.2900000E+02  0.1417296E+01
 0.2925000E+02  0.1417584E+01
 0.2950000E+02  0.1417875E+01
 0.2975000E+02  0.1418167E+01
 0.3000000E+02  0.1418461E+01
 0.3025000E+02  0.1418757E+01
 0.3050000E+02  0.1419056E+01
 0.3075000E+02  0.1419356E+01
 0.3100000E+02  0.1419659E+01
 0.3125000E+02  0.1419963E+01
 0.3150000E+02  0.1420270E+01
 0.3175000E+02  0.1420579E+01
 0.3200000E+02  0.1420889E+01
 0.3225000E+02  0.1421202E+01
 0.3250000E+02  0.1421517E+01
 0.3275000E+02  0.1421833E+01
 0.3300000E+02  0.1422152E+01
 0.3325000E+02  0.1422472E+01
 0.3350000E+02  0.1422795E+01
 0.3375000E+02  0.1423120E+01
 0.3400000E+02  0.1423446E+01
 0.3425000E+02  0.1423774E+01
 0.3450000E+02  0.1424105E+01
 0.3475000E+02  0.1424437E+01
 0.3500000E+02  0.1424771E+01
 0.3525000E+02  0.1425107E+01
 0.3550000E+02  0.1425445E+01
 0.3575000E+02  0.1425785E+01
 0.3600000E+02  0.1426127E+01
 0.3625000E+02  0.1426471E+01
 0.3650000E+02  0.1426816E+01
 0.3675000E+02  0.1427164E+01
 0.3700000E+02  0.1427513E+01
 0.3725000E+02  0.1427864E+01
 0.3750000E+02  0.1428217E+01
 0.3775000E+02  0.1428572E+01
 0.3800000E+02  0.1428928E+01
 0.3825000E+02  0.1429287E+01
 0.3850000E+02  0.1429647E+01
 0.3875000E+02  0.1430009E+01
 0.3900000E+02  0.1430372E+01
 0.3925000E+02  0.1430738E+01
 0.3950000E+02  0.1431105E+01
 0.3975000E+02  0.1431474E+01
 0.4000000E+02  0.1431845E+01
 0.4025000E+02  0.1432217E+01
 0.4050000E+02  0.1432591E+01
 0.4075000E+02  0.1432967E+01
 0.4100000E+02  0.1433345E+01
 0.4125000E+02  0.1433724E+01
 0.4150000E+02  0.1434105E+01
 0.4175000E+02  0.1434488E+01
 0.4200000E+02  0.1434872E+01
 0.4225000E+02  0.1435259E+01
 0.4250000E+02  0.1435646E+01
 0.4275000E+02  0.1436036E+01
 0.4300000E+02  0.1436427E+01
 0.4325000E+02  0.1436819E+01
 0.4350000E+02  0.1437214E+01
 0.4375000E+02  0.1437609E+01
 0.4400000E+02  0.1438007E+01
 0.4425000E+02  0.1438406E+01
 0.4450000E+02  0.1438807E+01
 0.4475000E+02  0.1439209E+01
 0.4500000E+02  0.1439613E+01
 0.4525000E+02  0.1440018E+01
 0.4550000E+02  0.1440425E+01
 0.4575000E+02  0.1440834E+01
 0.4600000E+02  0.1441244E+01
 0.4625000E+02  0.1441656E+01
 0.4650000E+02  0.1442069E+01
 0.4675000E+02  0.1442483E+01
 0.4700000E+02  0.1442899E+01
 0.4725000E+02  0.1443317E+01
 0.4750000E+02  0.1443736E+01
 0.4775000E+02  0.1444157E+01
 0.4800000E+02  0.1444579E+01
 0.4825000E+02  0.1445003E+01
 0.4850000E+02  0.1445428E+01
 0.4875000E+02  0.1445854E+01
 0.4900000E+02  0.1446282E+01
 0.4925000E+02  0.1446711E+01
 0.4950000E+02  0.1447142E+01
 0.4975000E+02  0.1447574E+01
 0.5000000E+02  0.1448008E+01
 0.5025000E+02  0.1448443E+01
 0.5050000E+02  0.1448879E+01
 0.5075000E+02  0.1449317E+01
 0.5100000E+02  0.1449756E+01
 0.5125000E+02  0.1450197E+01
 0.5150000E+02  0.1450639E+01
 0.5175000E+02  0.1451082E+01
 0.5200000E+02  0.1451526E+01
 0.5225000E+02  0.1451972E+01
 0.5250000E+02  0.1452420E+01
 0.5275000E+02  0.1452868E+01
 0.5300000E+02  0.1453318E+01
 0.5325000E+02  0.1453769E+01
 0.5350000E+02  0.1454222E+01
 0.5375000E+02  0.1454675E+01
 0.5400000E+02  0.1455130E+01
 0.5425000E+02  0.1455587E+01
 0.5450000E+02  0.1456044E+01
 0.5475000E+02  0.1456503E+01
 0.5500000E+02  0.1456963E+01
 0.5525000E+02  0.1457424E+01
 0.5550000E+02  0.1457887E+01
 0.5575000E+02  0.1458350E+01
 0.5600000E+02  0.1458815E+01
 0.5625000E+02  0.1459281E+01
 0.5650000E+02  0.1459749E+01
 0.5675000E+02  0.1460217E+01
 0.5700000E+02  0.1460687E+01
 0.5725000E+02  0.1461158E+01
 0.5750000E+02  0.1461630E+01
 0.5775000E+02  0.1462103E+01
 0.5800000E+02  0.1462577E+01
 0.5825000E+02  0.1463053E+01
 0.5850000E+02  0.1463529E+01
 0.5875000E+02  0.1464007E+01
 0.5900000E+02  0.1464486E+01
 0.5925000E+02  0.1464966E+01
 0.5950000E+02  0.1465447E+01
 0.5975000E+02  0.1465929E+01
 0.6000000E+02  0.1466412E+01
 0.6025000E+02  0.1466896E+01
 0.6050000E+02  0.1467382E+01
 0.6075000E+02  0.1467868E+01
 0.6100000E+02  0.1468356E+01
 0.6125000E+02  0.1468844E+01
 0.6150000E+02  0.1469334E+01
 0.6175000E+02  0.1469824E+01
 0.6200000E+02  0.1470316E+01
 0.6225000E+02  0.1470808E+01
 0.6250000E+02  0.1471302E+01
 0.6275000E+02  0.1471796E+01
 0.6300000E+02  0.1472292E+01
 0.6325000E+02  0.1472788E+01
 0.6350000E+02  0.1473286E+01
 0.6375000E+02  0.1473784E+01
 0.6400000E+02  0.1474284E+01
 0.6425000E+02  0.1474784E+01
 0.6450000E+02  0.1475286E+01
 0.6475000E+02  0.1475788E+01
 0.6500000E+02  0.1476291E+01
 0.6525000E+02  0.1476795E+01
 0.6550000E+02  0.1477300E+01
 0.6575000E+02  0.1477806E+01
 0.6600000E+02  0.1478313E+01
 0.6625000E+02  0.1478820E+01
 0.6650000E+02  0.1479329E+01
 0.6675000E+02  0.1479838E+01
 0.6700000E+02  0.1480348E+01
 0.6725000E+02  0.1480859E+01
 0.6750000E+02  0.1481371E+01
 0.6775000E+02  0.1481884E+01
 0.6800000E+02  0.1482398E+01
 0.6825000E+02  0.1482912E+01
 0.6850000E+02  0.1483427E+01
 0.6875000E+02  0.1483943E+01
 0.6900000E+02  0.1484460E+01
 0.6925000E+02  0.1484978E+01
 0.6950000E+02  0.1485496E+01
 0.6975000E+02  0.1486015E+01
 0.7000000E+02  0.1486535E+01
 0.7025000E+02  0.1487056E+01
 0.7050000E+02  0.1487577E+01
 0.7075000E+02  0.1488099E+01
 0.7100000E+02  0.1488622E+01
 0.7125000E+02  0.1489146E+01
 0.7150000E+02  0.1489670E+01
 0.7175000E+02  0.1490195E+01
 0.7200000E+02  0.1490720E+01
 0.7225000E+02  0.1491247E+01
 0.7250000E+02  0.1491774E+01
 0.7275000E+02  0.1492302E+01
 0.7300000E+02  0.1492830E+01
 0.7325000E+02  0.1493359E+01
 0.7350000E+02  0.1493889E+01
 0.7375000E+02  0.1494419E+01
 0.7400000E+02  0.1494950E+01
 0.7425000E+02  0.1495482E+01
 0.7450000E+02  0.1496014E+01
 0.7475000E+02  0.1496547E+01
 0.7500000E+02  0.1497080E+01
 0.7525000E+02  0.1497614E+01
 0.7550000E+02  0.1498149E+01
 0.7575000E+02  0.1498684E+01
 0.7600000E+02  0.1499220E+01
 0.7625000E+02  0.1499756E+01
 0.7650000E+02  0.1500293E+01
 0.7675000E+02  0.1500830E+01
 0.7700000E+02  0.1501368E+01
 0.7725000E+02  0.1501906E+01
 0.7750000E+02  0.1502445E+01
 0.7775000E+02  0.1502985E+01
 0.7800000E+02  0.1503525E+01
 0.7825000E+02  0.1504065E+01
 0.7850000E+02  0.1504606E+01
 0.7875000E+02  0.1505148E+01
 0.7900000E+02  0.1505690E+01
 0.7925000E+02  0.1506232E+01
 0.7950000E+02  0.1506775E+01
 0.7975000E+02  0.1507318E+01
 0.8000000E+02  0.1507862E+01
 0.8025000E+02  0.1508406E+01
 0.8050000E+02  0.1508950E+01
 0.8075000E+02  0.1509495E+01
 0.8100000E+02  0.1510041E+01
 0.8125000E+02  0.1510586E+01
 0.8150000E+02  0.1511133E+01
 0.8175000E+02  0.1511679E+01
 0.8200000E+02  0.1512226E+01
 0.8225000E+02  0.1512773E+01
 0.8250000E+02  0.1513321E+01
 0.8275000E+02  0.1513869E+01
 0.8300000E+02  0.1514417E+01
 0.8325000E+02  0.1514966E+01
 0.8350000E+02  0.1515515E+01
 0.8375000E+02  0.1516064E+01
 0.8400000E+02  0.1516614E+01
 0.8425000E+02  0.1517163E+01
 0.8450000E+02  0.1517714E+01
 0.8475000E+02  0.1518264E+01
 0.8500000E+02  0.1518815E+01
 0.8525000E+02  0.1519366E+01
 0.8550000E+02  0.1519917E+01
 0.8575000E+02  0.1520468E+01
 0.8600000E+02  0.1521020E+01
 0.8625000E+02  0.1521572E+01
 0.8650000E+02  0.1522124E+01
 0.8675000E+02  0.1522676E+01
 0.8700000E+02  0.1523229E+01
 0.8725000E+02  0.1523782E+01
 0.8750000E+02  0.1524335E+01
 0.8775000E+02  0.1524888E+01
 0.8800000E+02  0.1525441E+01
 0.8825000E+02  0.1525995E+01
 0.8850000E+02  0.1526548E+01
 0.8875000E+02  0.1527102E+01
 0.8900000E+02  0.1527656E+01
 0.8925000E+02  0.1528210E+01
 0.8950000E+02  0.1528764E+01
 0.8975000E+02  0.1529318E+01
 0.9000000E+02  0.1529873E+01
 0.9025000E+02  0.1530427E+01
 0.9050000E+02  0.1530982E+01
 0.9075000E+02  0.1531536E+01
 0.9100000E+02  0.1532091E+01
 0.9125000E+02  0.1532646E+01
 0.9150000E+02  0.1533201E+01
 0.9175000E+02  0.1533756E+01
 0.9200000E+02  0.1534311E+01
 0.9225000E+02  0.1534865E+01
 0.9250000E+02  0.1535420E+01
 0.9275000E+02  0.1535975E+01
 0.9300000E+02  0.1536530E+01
 0.9325000E+02  0.1537085E+01
 0.9350000E+02  0.1537640E+01
 0.9375000E+02  0.1538195E+01
 0.9400000E+02  0.1538750E+01
 0.9425000E+02  0.1539305E+01
 0.9450000E+02  0.1539860E+01
 0.9475000E+02  0.1540415E+01
 0.9500000E+02  0.1540969E+01
 0.9525000E+02  0.1541524E+01
 0.9550000E+02  0.1542078E+01
 0.9575000E+02  0.1542633E+01
 0.9600000E+02  0.1543187E+01
 0.9625000E+02  0.1543741E+01
 0.9650000E+02  0.1544296E+01
 0.9675000E+02  0.1544850E+01
 0.9700000E+02  0.1545403E+01
 0.9725000E+02  0.1545957E+01
 0.9750000E+02  0.1546511E+01
 0.9775000E+02  0.1547064E+01
 0.9800000E+02  0.1547617E+01
 0.9825000E+02  0.1548170E+01
 0.9850000E+02  0.1548723E+01
 0.9875000E+02  0.1549276E+01
 0.9900000E+02  0.1549829E+01
 0.9925000E+02  0.1550381E+01
 0.9950000E+02  0.1550933E+01
 0.9975000E+02  0.1551485E+01
 0.1000000E+03  0.1552036E+01
 0.1002500E+03  0.1552588E+01
 0.1005000E+03  0.1553139E+01
 0.1007500E+03  0.1553690E+01
 0.1010000E+03  0.1554240E+01
 0.1012500E+03  0.1554790E+01
 0.1015000E+03  0.1555340E+01
 0.1017500E+03  0.1555890E+01
 0.1020000E+03  0.1556439E+01
 0.1022500E+03  0.1556989E+01
 0.1025000E+03  0.1557537E+01
 0.1027500E+03  0.1558086E+01
 0.1030000E+03  0.1558634E+01
 0.1032500E+03  0.1559182E+01
 0.1035000E+03  0.1559729E+01
 0.1037500E+03  0.1560276E+01
 0.1040000E+03  0.1560823E+01
 0.1042500E+03  0.1561369E+01
 0.1045000E+03  0.1561915E+01
 0.1047500E+03  0.1562460E+01
 0.1050000E+03  0.1563005E+01
 0.1052500E+03  0.1563550E+01
 0.1055000E+03  0.1564094E+01
 0.1057500E+03  0.1564638E+01
 0.1060000E+03  0.1565181E+01
 0.1062500E+03  0.1565724E+01
 0.1065000E+03  0.1566266E+01
 0.1067500E+03  0.1566808E+01
 0.1070000E+03  0.1567350E+01
 0.1072500E+03  0.1567891E+01
 0.1075000E+03  0.1568431E+01
 0.1077500E+03  0.1568971E+01
 0.1080000E+03  0.1569511E+01
 0.1082500E+03  0.1570050E+01
 0.1085000E+03  0.1570588E+01
 0.1087500E+03  0.1571126E+01
 0.1090000E+03  0.1571663E+01
 0.1092500E+03  0.1572200E+01
 0.1095000E+03  0.1572736E+01
 0.1097500E+03  0.1573272E+01
 0.1100000E+03  0.1573807E+01
 0.1102500E+03  0.1574341E+01
 0.1105000E+03  0.1574875E+01
 0.1107500E+03  0.1575408E+01
 0.1110000E+03  0.1575941E+01
 0.1112500E+03  0.1576473E+01
 0.1115000E+03  0.1577004E+01
 0.1117500E+03  0.1577535E+01
 0.1120000E+03  0.1578065E+01
 0.1122500E+03  0.1578594E+01
 0.1125000E+03  0.1579123E+01
 0.1127500E+03  0.1579651E+01
 0.1130000E+03  0.1580178E+01
 0.1132500E+03  0.1580705E+01
 0.1135000E+03  0.1581231E+01
 0.1137500E+03  0.1581756E+01
 0.1140000E+03  0.1582280E+01
 0.1142500E+03  0.1582804E+01
 0.1145000E+03  0.1583327E+01
 0.1147500E+03  0.1583849E+01
 0.1150000E+03  0.1584371E+01
 0.1152500E+03  0.1584891E+01
 0.1155000E+03  0.1585411E+01
 0.1157500E+03  0.1585930E+01
 0.1160000E+03  0.1586449E+01
 0.1162500E+03  0.1586966E+01
 0.1165000E+03  0.1587483E+01
 0.1167500E+03  0.1587999E+01
 0.1170000E+03  0.1588514E+01
 0.1172500E+03  0.1589028E+01
 0.1175000E+03  0.1589542E+01
 0.1177500E+03  0.1590054E+01
 0.1180000E+03  0.1590566E+01
 0.1182500E+03  0.1591077E+01
 0.1185000E+03  0.1591587E+01
 0.1187500E+03  0.1592096E+01
 0.1190000E+03  0.1592604E+01
 0.1192500E+03  0.1593111E+01
 0.1195000E+03  0.1593617E+01
 0.1197500E+03  0.1594122E+01
 0.1200000E+03  0.1594627E+01
 0.1202500E+03  0.1595130E+01
 0.1205000E+03  0.1595633E+01
 0.1207500E+03  0.1596134E+01
 0.1210000E+03  0.1596635E+01
 0.1212500E+03  0.1597135E+01
 0.1215000E+03  0.1597633E+01
 0.1217500E+03  0.1598131E+01
 0.1220000E+03  0.1598627E+01
 0.1222500E+03  0.1599123E+01
 0.1225000E+03  0.1599618E+01
 0.1227500E+03  0.1600111E+01
 0.1230000E+03  0.1600604E+01
 0.1232500E+03  0.1601095E+01
 0.1235000E+03  0.1601585E+01
 0.1237500E+03  0.1602075E+01
 0.1240000E+03  0.1602563E+01
 0.1242500E+03  0.1603050E+01
 0.1245000E+03  0.1603536E+01
 0.1247500E+03  0.1604021E+01
 0.1250000E+03  0.1604505E+01
 0.1252500E+03  0.1604988E+01
 0.1255000E+03  0.1605469E+01
 0.1257500E+03  0.1605950E+01
 0.1260000E+03  0.1606429E+01
 0.1262500E+03  0.1606907E+01
 0.1265000E+03  0.1607384E+01
 0.1267500E+03  0.1607860E+01
 0.1270000E+03  0.1608335E+01
 0.1272500E+03  0.1608808E+01
 0.1275000E+03  0.1609280E+01
 0.1277500E+03  0.1609751E+01
 0.1280000E+03  0.1610221E+01
 0.1282500E+03  0.1610690E+01
 0.1285000E+03  0.1611157E+01
 0.1287500E+03  0.1611623E+01
 0.1290000E+03  0.1612088E+01
 0.1292500E+03  0.1612552E+01
 0.1295000E+03  0.1613014E+01
 0.1297500E+03  0.1613475E+01
 0.1300000E+03  0.1613935E+01
 0.1302500E+03  0.1614393E+01
 0.1305000E+03  0.1614851E+01
 0.1307500E+03  0.1615306E+01
 0.1310000E+03  0.1615761E+01
 0.1312500E+03  0.1616214E+01
 0.1315000E+03  0.1616666E+01
 0.1317500E+03  0.1617117E+01
 0.1320000E+03  0.1617566E+01
 0.1322500E+03  0.1618014E+01
 0.1325000E+03  0.1618460E+01
 0.1327500E+03  0.1618905E+01
 0.1330000E+03  0.1619349E+01
 0.1332500E+03  0.1619791E+01
 0.1335000E+03  0.1620232E+01
 0.1337500E+03  0.1620672E+01
 0.1340000E+03  0.1621110E+01
 0.1342500E+03  0.1621547E+01
 0.1345000E+03  0.1621982E+01
 0.1347500E+03  0.1622416E+01
 0.1350000E+03  0.1622848E+01
 0.1352500E+03  0.1623279E+01
 0.1355000E+03  0.1623708E+01
 0.1357500E+03  0.1624136E+01
 0.1360000E+03  0.1624563E+01
 0.1362500E+03  0.1624987E+01
 0.1365000E+03  0.1625411E+01
 0.1367500E+03  0.1625833E+01
 0.1370000E+03  0.1626253E+01
 0.1372500E+03  0.1626672E+01
 0.1375000E+03  0.1627090E+01
 0.1377500E+03  0.1627505E+01
 0.1380000E+03  0.1627920E+01
 0.1382500E+03  0.1628332E+01
 0.1385000E+03  0.1628744E+01
 0.1387500E+03  0.1629153E+01
 0.1390000E+03  0.1629561E+01
 0.1392500E+03  0.1629968E+01
 0.1395000E+03  0.1630372E+01
 0.1397500E+03  0.1630776E+01
 0.1400000E+03  0.1631177E+01
 0.1402500E+03  0.1631577E+01
 0.1405000E+03  0.1631975E+01
 0.1407500E+03  0.1632372E+01
 0.1410000E+03  0.1632767E+01
 0.1412500E+03  0.1633161E+01
 0.1415000E+03  0.1633552E+01
 0.1417500E+03  0.1633943E+01
 0.1420000E+03  0.1634331E+01
 0.1422500E+03  0.1634718E+01
 0.1425000E+03  0.1635103E+01
 0.1427500E+03  0.1635486E+01
 0.1430000E+03  0.1635868E+01
 0.1432500E+03  0.1636248E+01
 0.1435000E+03  0.1636626E+01
 0.1437500E+03  0.1637002E+01
 0.1440000E+03  0.1637377E+01
 0.1442500E+03  0.1637750E+01
 0.1445000E+03  0.1638122E+01
 0.1447500E+03  0.1638491E+01
 0.1450000E+03  0.1638859E+01
 0.1452500E+03  0.1639225E+01
 0.1455000E+03  0.1639589E+01
 0.1457500E+03  0.1639951E+01
 0.1460000E+03  0.1640312E+01
 0.1462500E+03  0.1640671E+01
 0.1465000E+03  0.1641028E+01
 0.1467500E+03  0.1641383E+01
 0.1470000E+03  0.1641737E+01
 0.1472500E+03  0.1642088E+01
 0.1475000E+03  0.1642438E+01
 0.1477500E+03  0.1642786E+01
 0.1480000E+03  0.1643132E+01
 0.1482500E+03  0.1643476E+01
 0.1485000E+03  0.1643819E+01
 0.1487500E+03  0.1644159E+01
 0.1490000E+03  0.1644498E+01
 0.1492500E+03  0.1644834E+01
 0.1495000E+03  0.1645169E+01
 0.1497500E+03  0.1645502E+01
 0.1500000E+03  0.1645833E+01
 0.1502500E+03  0.1646162E+01
 0.1505000E+03  0.1646490E+01
 0.1507500E+03  0.1646815E+01
 0.1510000E+03  0.1647138E+01
 0.1512500E+03  0.1647460E+01
 0.1515000E+03  0.1647779E+01
 0.1517500E+03  0.1648097E+01
 0.1520000E+03  0.1648413E+01
 0.1522500E+03  0.1648726E+01
 0.1525000E+03  0.1649038E+01
 0.1527500E+03  0.1649348E+01
 0.1530000E+03  0.1649656E+01
 0.1532500E+03  0.1649961E+01
 0.1535000E+03  0.1650265E+01
 0.1537500E+03  0.1650567E+01
 0.1540000E+03  0.1650867E+01
 0.1542500E+03  0.1651165E+01
 0.1545000E+03  0.1651461E+01
 0.1547500E+03  0.1651754E+01
 0.1550000E+03  0.1652046E+01
 0.1552500E+03  0.1652336E+01
 0.1555000E+03  0.1652624E+01
 0.1557500E+03  0.1652910E+01
 0.1560000E+03  0.1653193E+01
 0.1562500E+03  0.1653475E+01
 0.1565000E+03  0.1653754E+01
 0.1567500E+03  0.1654032E+01
 0.1570000E+03  0.1654307E+01
 0.1572500E+03  0.1654581E+01
 0.1575000E+03  0.1654852E+01
 0.1577500E+03  0.1655121E+01
 0.1580000E+03  0.1655389E+01
 0.1582500E+03  0.1655654E+01
 0.1585000E+03  0.1655917E+01
 0.1587500E+03  0.1656178E+01
 0.1590000E+03  0.1656436E+01
 0.1592500E+03  0.1656693E+01
 0.1595000E+03  0.1656948E+01
 0.1597500E+03  0.1657200E+01
 0.1600000E+03  0.1657451E+01
 0.1602500E+03  0.1657699E+01
 0.1605000E+03  0.1657945E+01
 0.1607500E+03  0.1658189E+01
 0.1610000E+03  0.1658431E+01
 0.1612500E+03  0.1658670E+01
 0.1615000E+03  0.1658908E+01
 0.1617500E+03  0.1659143E+01
 0.1620000E+03  0.1659377E+01
 0.1622500E+03  0.1659608E+01
 0.1625000E+03  0.1659837E+01
 0.1627500E+03  0.1660064E+01
 0.1630000E+03  0.1660288E+01
 0.1632500E+03  0.1660511E+01
 0.1635000E+03  0.1660731E+01
 0.1637500E+03  0.1660949E+01
 0.1640000E+03  0.1661165E+01
 0.1642500E+03  0.1661379E+01
 0.1645000E+03  0.1661590E+01
 0.1647500E+03  0.1661800E+01
 0.1650000E+03  0.1662007E+01
 0.1652500E+03  0.1662212E+01
 0.1655000E+03  0.1662415E+01
 0.1657500E+03  0.1662615E+01
 0.1660000E+03  0.1662814E+01
 0.1662500E+03  0.1663010E+01
 0.1665000E+03  0.1663204E+01
 0.1667500E+03  0.1663395E+01
 0.1670000E+03  0.1663585E+01
 0.1672500E+03  0.1663772E+01
 0.1675000E+03  0.1663957E+01
 0.1677500E+03  0.1664140E+01
 0.1680000E+03  0.1664321E+01
 0.1682500E+03  0.1664499E+01
 0.1685000E+03  0.1664675E+01
 0.1687500E+03  0.1664849E+01
 0.1690000E+03  0.1665021E+01
 0.1692500E+03  0.1665190E+01
 0.1695000E+03  0.1665358E+01
 0.1697500E+03  0.1665523E+01
 0.1700000E+03  0.1665685E+01
 0.1702500E+03  0.1665846E+01
 0.1705000E+03  0.1666004E+01
 0.1707500E+03  0.1666160E+01
 0.1710000E+03  0.1666314E+01
 0.1712500E+03  0.1666465E+01
 0.1715000E+03  0.1666614E+01
 0.1717500E+03  0.1666761E+01
 0.1720000E+03  0.1666906E+01
 0.1722500E+03  0.1667048E+01
 0.1725000E+03  0.1667189E+01
 0.1727500E+03  0.1667326E+01
 0.1730000E+03  0.1667462E+01
 0.1732500E+03  0.1667596E+01
 0.1735000E+03  0.1667727E+01
 0.1737500E+03  0.1667856E+01
 0.1740000E+03  0.1667982E+01
 0.1742500E+03  0.1668106E+01
 0.1745000E+03  0.1668229E+01
 0.1747500E+03  0.1668348E+01
 0.1750000E+03  0.1668466E+01
 0.1752500E+03  0.1668581E+01
 0.1755000E+03  0.1668694E+01
 0.1757500E+03  0.1668805E+01
 0.1760000E+03  0.1668913E+01
 0.1762500E+03  0.1669019E+01
 0.1765000E+03  0.1669123E+01
 0.1767500E+03  0.1669225E+01
 0.1770000E+03  0.1669324E+01
 0.1772500E+03  0.1669421E+01
 0.1775000E+03  0.1669516E+01
 0.1777500E+03  0.1669609E+01
 0.1780000E+03  0.1669699E+01
 0.1782500E+03  0.1669787E+01
 0.1785000E+03  0.1669873E+01
 0.1787500E+03  0.1669956E+01
 0.1790000E+03  0.1670037E+01
 0.1792500E+03  0.1670116E+01
 0.1795000E+03  0.1670193E+01
 0.1797500E+03  0.1670267E+01
 0.1800000E+03  0.1670339E+01
 0.1802500E+03  0.1670409E+01
 0.1805000E+03  0.1670477E+01
 0.1807500E+03  0.1670542E+01
 0.1810000E+03  0.1670605E+01
 0.1812500E+03  0.1670666E+01
 0.1815000E+03  0.1670725E+01
 0.1817500E+03  0.1670781E+01
 0.1820000E+03  0.1670835E+01
 0.1822500E+03  0.1670887E+01
 0.1825000E+03  0.1670936E+01
 0.1827500E+03  0.1670983E+01
 0.1830000E+03  0.1671028E+01
 0.1832500E+03  0.1671071E+01
 0.1835000E+03  0.1671112E+01
 0.1837500E+03  0.1671150E+01
 0.1840000E+03  0.1671186E+01
 0.1842500E+03  0.1671220E+01
 0.1845000E+03  0.1671251E+01
 0.1847500E+03  0.1671281E+01
 0.1850000E+03  0.1671308E+01
 0.1852500E+03  0.1671333E+01
 0.1855000E+03  0.1671355E+01
 0.1857500E+03  0.1671376E+01
 0.1860000E+03  0.1671394E+01
 0.1862500E+03  0.1671410E+01
 0.1865000E+03  0.1671423E+01
 0.1867500E+03  0.1671435E+01
 0.1870000E+03  0.1671444E+01
 0.1872500E+03  0.1671451E+01
 0.1875000E+03  0.1671456E+01
 0.1877500E+03  0.1671459E+01
 0.1880000E+03  0.1671459E+01
 0.1882500E+03  0.1671457E+01
 0.1885000E+03  0.1671453E+01
 0.1887500E+03  0.1671447E+01
 0.1890000E+03  0.1671439E+01
 0.1892500E+03  0.1671428E+01
 0.1895000E+03  0.1671416E+01
 0.1897500E+03  0.1671401E+01
 0.1900000E+03  0.1671384E+01
 0.1902500E+03  0.1671364E+01
 0.1905000E+03  0.1671343E+01
 0.1907500E+03  0.1671319E+01
 0.1910000E+03  0.1671294E+01
 0.1912500E+03  0.1671266E+01
 0.1915000E+03  0.1671236E+01
 0.1917500E+03  0.1671203E+01
 0.1920000E+03  0.1671169E+01
 0.1922500E+03  0.1671133E+01
 0.1925000E+03  0.1671094E+01
 0.1927500E+03  0.1671053E+01
 0.1930000E+03  0.1671010E+01
 0.1932500E+03  0.1670965E+01
 0.1935000E+03  0.1670918E+01
 0.1937500E+03  0.1670869E+01
 0.1940000E+03  0.1670817E+01
 0.1942500E+03  0.1670764E+01
 0.1945000E+03  0.1670708E+01
 0.1947500E+03  0.1670651E+01
 0.1950000E+03  0.1670591E+01
 0.1952500E+03  0.1670529E+01
 0.1955000E+03  0.1670465E+01
 0.1957500E+03  0.1670399E+01
 0.1960000E+03  0.1670331E+01
 0.1962500E+03  0.1670261E+01
 0.1965000E+03  0.1670188E+01
 0.1967500E+03  0.1670114E+01
 0.1970000E+03  0.1670038E+01
 0.1972500E+03  0.1669959E+01
 0.1975000E+03  0.1669879E+01
 0.1977500E+03  0.1669796E+01
 0.1980000E+03  0.1669712E+01
 0.1982500E+03  0.1669625E+01
 0.1985000E+03  0.1669537E+01
 0.1987500E+03  0.1669446E+01
 0.1990000E+03  0.1669353E+01
 0.1992500E+03  0.1669259E+01
 0.1995000E+03  0.1669162E+01
 0.1997500E+03  0.1669064E+01
 0.2000000E+03  0.1668963E+01
 0.2002500E+03  0.1668860E+01
 0.2005000E+03  0.1668756E+01
 0.2007500E+03  0.1668649E+01
 0.2010000E+03  0.1668541E+01
 0.2012500E+03  0.1668431E+01
 0.2015000E+03  0.1668318E+01
 0.2017500E+03  0.1668204E+01
 0.2020000E+03  0.1668088E+01
 0.2022500E+03  0.1667969E+01
 0.2025000E+03  0.1667849E+01
 0.2027500E+03  0.1667727E+01
 0.2030000E+03  0.1667603E+01
 0.2032500E+03  0.1667477E+01
 0.2035000E+03  0.1667350E+01
 0.2037500E+03  0.1667220E+01
 0.2040000E+03  0.1667089E+01
 0.2042500E+03  0.1666955E+01
 0.2045000E+03  0.1666820E+01
 0.2047500E+03  0.1666683E+01
 0.2050000E+03  0.1666544E+01
 0.2052500E+03  0.1666403E+01
 0.2055000E+03  0.1666260E+01
 0.2057500E+03  0.1666116E+01
 0.2060000E+03  0.1665969E+01
 0.2062500E+03  0.1665821E+01
 0.2065000E+03  0.1665671E+01
 0.2067500E+03  0.1665519E+01
 0.2070000E+03  0.1665366E+01
 0.2072500E+03  0.1665210E+01
 0.2075000E+03  0.1665053E+01
 0.2077500E+03  0.1664894E+01
 0.2080000E+03  0.1664734E+01
 0.2082500E+03  0.1664571E+01
 0.2085000E+03  0.1664407E+01
 0.2087500E+03  0.1664241E+01
 0.2090000E+03  0.1664073E+01
 0.2092500E+03  0.1663904E+01
 0.2095000E+03  0.1663733E+01
 0.2097500E+03  0.1663560E+01
 0.2100000E+03  0.1663385E+01
 0.2102500E+03  0.1663209E+01
 0.2105000E+03  0.1663031E+01
 0.2107500E+03  0.1662851E+01
 0.2110000E+03  0.1662670E+01
 0.2112500E+03  0.1662487E+01
 0.2115000E+03  0.1662302E+01
 0.2117500E+03  0.1662116E+01
 0.2120000E+03  0.1661928E+01
 0.2122500E+03  0.1661739E+01
 0.2125000E+03  0.1661547E+01
 0.2127500E+03  0.1661355E+01
 0.2130000E+03  0.1661160E+01
 0.2132500E+03  0.1660964E+01
 0.2135000E+03  0.1660766E+01
 0.2137500E+03  0.1660567E+01
 0.2140000E+03  0.1660367E+01
 0.2142500E+03  0.1660164E+01
 0.2145000E+03  0.1659960E+01
 0.2147500E+03  0.1659755E+01
 0.2150000E+03  0.1659548E+01
 0.2152500E+03  0.1659339E+01
 0.2155000E+03  0.1659129E+01
 0.2157500E+03  0.1658918E+01
 0.2160000E+03  0.1658705E+01
 0.2162500E+03  0.1658490E+01
 0.2165000E+03  0.1658274E+01
 0.2167500E+03  0.1658056E+01
 0.2170000E+03  0.1657837E+01
 0.2172500E+03  0.1657617E+01
 0.2175000E+03  0.1657395E+01
 0.2177500E+03  0.1657172E+01
 0.2180000E+03  0.1656947E+01
 0.2182500E+03  0.1656721E+01
 0.2185000E+03  0.1656493E+01
 0.2187500E+03  0.1656264E+01
 0.2190000E+03  0.1656034E+01
 0.2192500E+03  0.1655802E+01
 0.2195000E+03  0.1655569E+01
 0.2197500E+03  0.1655334E+01
 0.2200000E+03  0.1655098E+01
 0.2202500E+03  0.1654861E+01
 0.2205000E+03  0.1654623E+01
 0.2207500E+03  0.1654383E+01
 0.2210000E+03  0.1654141E+01
 0.2212500E+03  0.1653899E+01
 0.2215000E+03  0.1653655E+01
 0.2217500E+03  0.1653410E+01
 0.2220000E+03  0.1653163E+01
 0.2222500E+03  0.1652916E+01
 0.2225000E+03  0.1652667E+01
 0.2227500E+03  0.1652417E+01
 0.2230000E+03  0.1652165E+01
 0.2232500E+03  0.1651913E+01
 0.2235000E+03  0.1651659E+01
 0.2237500E+03  0.1651404E+01
 0.2240000E+03  0.1651147E+01
 0.2242500E+03  0.1650890E+01
 0.2245000E+03  0.1650631E+01
 0.2247500E+03  0.1650371E+01
 0.2250000E+03  0.1650110E+01
 0.2252500E+03  0.1649848E+01
 0.2255000E+03  0.1649585E+01
 0.2257500E+03  0.1649321E+01
 0.2260000E+03  0.1649055E+01
 0.2262500E+03  0.1648788E+01
 0.2265000E+03  0.1648521E+01
 0.2267500E+03  0.1648252E+01
 0.2270000E+03  0.1647982E+01
 0.2272500E+03  0.1647711E+01
 0.2275000E+03  0.1647439E+01
 0.2277500E+03  0.1647166E+01
 0.2280000E+03  0.1646892E+01
 0.2282500E+03  0.1646617E+01
 0.2285000E+03  0.1646340E+01
 0.2287500E+03  0.1646063E+01
 0.2290000E+03  0.1645785E+01
 0.2292500E+03  0.1645506E+01
 0.2295000E+03  0.1645226E+01
 0.2297500E+03  0.1644945E+01
 0.2300000E+03  0.1644663E+01
 0.2302500E+03  0.1644380E+01
 0.2305000E+03  0.1644096E+01
 0.2307500E+03  0.1643811E+01
 0.2310000E+03  0.1643525E+01
 0.2312500E+03  0.1643239E+01
 0.2315000E+03  0.1642951E+01
 0.2317500E+03  0.1642663E+01
 0.2320000E+03  0.1642373E+01
 0.2322500E+03  0.1642083E+01
 0.2325000E+03  0.1641792E+01
 0.2327500E+03  0.1641500E+01
 0.2330000E+03  0.1641208E+01
 0.2332500E+03  0.1640914E+01
 0.2335000E+03  0.1640620E+01
 0.2337500E+03  0.1640325E+01
 0.2340000E+03  0.1640029E+01
 0.2342500E+03  0.1639733E+01
 0.2345000E+03  0.1639435E+01
 0.2347500E+03  0.1639137E+01
 0.2350000E+03  0.1638838E+01
 0.2352500E+03  0.1638539E+01
 0.2355000E+03  0.1638238E+01
 0.2357500E+03  0.1637937E+01
 0.2360000E+03  0.1637636E+01
 0.2362500E+03  0.1637333E+01
 0.2365000E+03  0.1637030E+01
 0.2367500E+03  0.1636727E+01
 0.2370000E+03  0.1636422E+01
 0.2372500E+03  0.1636117E+01
 0.2375000E+03  0.1635812E+01
 0.2377500E+03  0.1635505E+01
 0.2380000E+03  0.1635199E+01
 0.2382500E+03  0.1634891E+01
 0.2385000E+03  0.1634583E+01
 0.2387500E+03  0.1634275E+01
 0.2390000E+03  0.1633966E+01
 0.2392500E+03  0.1633656E+01
 0.2395000E+03  0.1633346E+01
 0.2397500E+03  0.1633035E+01
 0.2400000E+03  0.1632724E+01
 0.2402500E+03  0.1632412E+01
 0.2405000E+03  0.1632100E+01
 0.2407500E+03  0.1631787E+01
 0.2410000E+03  0.1631474E+01
 0.2412500E+03  0.1631160E+01
 0.2415000E+03  0.1630846E+01
 0.2417500E+03  0.1630532E+01
 0.2420000E+03  0.1630217E+01
 0.2422500E+03  0.1629901E+01
 0.2425000E+03  0.1629586E+01
 0.2427500E+03  0.1629270E+01
 0.2430000E+03  0.1628953E+01
 0.2432500E+03  0.1628636E+01
 0.2435000E+03  0.1628319E+01
 0.2437500E+03  0.1628001E+01
 0.2440000E+03  0.1627684E+01
 0.2442500E+03  0.1627365E+01
 0.2445000E+03  0.1627047E+01
 0.2447500E+03  0.1626728E+01
 0.2450000E+03  0.1626409E+01
 0.2452500E+03  0.1626090E+01
 0.2455000E+03  0.1625770E+01
 0.2457500E+03  0.1625450E+01
 0.2460000E+03  0.1625130E+01
 0.2462500E+03  0.1624810E+01
 0.2465000E+03  0.1624489E+01
 0.2467500E+03  0.1624169E+01
 0.2470000E+03  0.1623848E+01
 0.2472500E+03  0.1623527E+01
 0.2475000E+03  0.1623205E+01
 0.2477500E+03  0.1622884E+01
 0.2480000E+03  0.1622562E+01
 0.2482500E+03  0.1622241E+01
 0.2485000E+03  0.1621919E+01
 0.2487500E+03  0.1621597E+01
 0.2490000E+03  0.1621275E+01
 0.2492500E+03  0.1620953E+01
 0.2495000E+03  0.1620631E+01
 0.2497500E+03  0.1620309E+01
 0.2500000E+03  0.1619986E+01
 0.2502500E+03  0.1619664E+01
 0.2505000E+03  0.1619342E+01
 0.2507500E+03  0.1619020E+01
 0.2510000E+03  0.1618697E+01
 0.2512500E+03  0.1618375E+01
 0.2515000E+03  0.1618053E+01
 0.2517500E+03  0.1617730E+01
 0.2520000E+03  0.1617408E+01
 0.2522500E+03  0.1617086E+01
 0.2525000E+03  0.1616764E+01
 0.2527500E+03  0.1616442E+01
 0.2530000E+03  0.1616120E+01
 0.2532500E+03  0.1615798E+01
 0.2535000E+03  0.1615477E+01
 0.2537500E+03  0.1615155E+01
 0.2540000E+03  0.1614834E+01
 0.2542500E+03  0.1614512E+01
 0.2545000E+03  0.1614191E+01
 0.2547500E+03  0.1613870E+01
 0.2550000E+03  0.1613550E+01
 0.2552500E+03  0.1613229E+01
 0.2555000E+03  0.1612909E+01
 0.2557500E+03  0.1612589E+01
 0.2560000E+03  0.1612269E+01
 0.2562500E+03  0.1611950E+01
 0.2565000E+03  0.1611630E+01
 0.2567500E+03  0.1611311E+01
 0.2570000E+03  0.1610993E+01
 0.2572500E+03  0.1610674E+01
 0.2575000E+03  0.1610356E+01
 0.2577500E+03  0.1610038E+01
 0.2580000E+03  0.1609721E+01
 0.2582500E+03  0.1609404E+01
 0.2585000E+03  0.1609087E+01
 0.2587500E+03  0.1608770E+01
 0.2590000E+03  0.1608454E+01
 0.2592500E+03  0.1608139E+01
 0.2595000E+03  0.1607824E+01
 0.2597500E+03  0.1607509E+01
 0.2600000E+03  0.1607194E+01
 0.2602500E+03  0.1606881E+01
 0.2605000E+03  0.1606567E+01
 0.2607500E+03  0.1606254E+01
 0.2610000E+03  0.1605942E+01
 0.2612500E+03  0.1605630E+01
 0.2615000E+03  0.1605318E+01
 0.2617500E+03  0.1605007E+01
 0.2620000E+03  0.1604697E+01
 0.2622500E+03  0.1604387E+01
 0.2625000E+03  0.1604077E+01
 0.2627500E+03  0.1603769E+01
 0.2630000E+03  0.1603460E+01
 0.2632500E+03  0.1603153E+01
 0.2635000E+03  0.1602846E+01
 0.2637500E+03  0.1602539E+01
 0.2640000E+03  0.1602234E+01
 0.2642500E+03  0.1601928E+01
 0.2645000E+03  0.1601624E+01
 0.2647500E+03  0.1601320E+01
 0.2650000E+03  0.1601017E+01
 0.2652500E+03  0.1600714E+01
 0.2655000E+03  0.1600413E+01
 0.2657500E+03  0.1600111E+01
 0.2660000E+03  0.1599811E+01
 0.2662500E+03  0.1599512E+01
 0.2665000E+03  0.1599213E+01
 0.2667500E+03  0.1598915E+01
 0.2670000E+03  0.1598617E+01
 0.2672500E+03  0.1598321E+01
 0.2675000E+03  0.1598025E+01
 0.2677500E+03  0.1597730E+01
 0.2680000E+03  0.1597436E+01
 0.2682500E+03  0.1597142E+01
 0.2685000E+03  0.1596850E+01
 0.2687500E+03  0.1596558E+01
 0.2690000E+03  0.1596268E+01
 0.2692500E+03  0.1595978E+01
 0.2695000E+03  0.1595689E+01
 0.2697500E+03  0.1595401E+01
 0.2700000E+03  0.1595113E+01
 0.2702500E+03  0.1594827E+01
 0.2705000E+03  0.1594542E+01
 0.2707500E+03  0.1594258E+01
 0.2710000E+03  0.1593974E+01
 0.2712500E+03  0.1593692E+01
 0.2715000E+03  0.1593410E+01
 0.2717500E+03  0.1593130E+01
 0.2720000E+03  0.1592850E+01
 0.2722500E+03  0.1592572E+01
 0.2725000E+03  0.1592295E+01
 0.2727500E+03  0.1592018E+01
 0.2730000E+03  0.1591743E+01
 0.2732500E+03  0.1591469E+01
 0.2735000E+03  0.1591196E+01
 0.2737500E+03  0.1590924E+01
 0.2740000E+03  0.1590653E+01
 0.2742500E+03  0.1590383E+01
 0.2745000E+03  0.1590114E+01
 0.2747500E+03  0.1589846E+01
 0.2750000E+03  0.1589580E+01
 0.2752500E+03  0.1589315E+01
 0.2755000E+03  0.1589051E+01
 0.2757500E+03  0.1588788E+01
 0.2760000E+03  0.1588526E+01
 0.2762500E+03  0.1588266E+01
 0.2765000E+03  0.1588006E+01
 0.2767500E+03  0.1587748E+01
 0.2770000E+03  0.1587491E+01
 0.2772500E+03  0.1587236E+01
 0.2775000E+03  0.1586981E+01
 0.2777500E+03  0.1586728E+01
 0.2780000E+03  0.1586477E+01
 0.2782500E+03  0.1586226E+01
 0.2785000E+03  0.1585977E+01
 0.2787500E+03  0.1585729E+01
 0.2790000E+03  0.1585483E+01
 0.2792500E+03  0.1585238E+01
 0.2795000E+03  0.1584994E+01
 0.2797500E+03  0.1584751E+01
 0.2800000E+03  0.1584510E+01
 0.2802500E+03  0.1584271E+01
 0.2805000E+03  0.1584032E+01
 0.2807500E+03  0.1583796E+01
 0.2810000E+03  0.1583560E+01
 0.2812500E+03  0.1583326E+01
 0.2815000E+03  0.1583094E+01
 0.2817500E+03  0.1582863E+01
 0.2820000E+03  0.1582633E+01
 0.2822500E+03  0.1582405E+01
 0.2825000E+03  0.1582178E+01
 0.2827500E+03  0.1581953E+01
 0.2830000E+03  0.1581729E+01
 0.2832500E+03  0.1581507E+01
 0.2835000E+03  0.1581286E+01
 0.2837500E+03  0.1581067E+01
 0.2840000E+03  0.1580850E+01
 0.2842500E+03  0.1580634E+01
 0.2845000E+03  0.1580420E+01
 0.2847500E+03  0.1580207E+01
 0.2850000E+03  0.1579996E+01
 0.2852500E+03  0.1579786E+01
 0.2855000E+03  0.1579578E+01
 0.2857500E+03  0.1579372E+01
 0.2860000E+03  0.1579167E+01
 0.2862500E+03  0.1578964E+01
 0.2865000E+03  0.1578762E+01
 0.2867500E+03  0.1578563E+01
 0.2870000E+03  0.1578365E+01
 0.2872500E+03  0.1578168E+01
 0.2875000E+03  0.1577974E+01
 0.2877500E+03  0.1577781E+01
 0.2880000E+03  0.1577589E+01
 0.2882500E+03  0.1577400E+01
 0.2885000E+03  0.1577212E+01
 0.2887500E+03  0.1577026E+01
 0.2890000E+03  0.1576842E+01
 0.2892500E+03  0.1576659E+01
 0.2895000E+03  0.1576479E+01
 0.2897500E+03  0.1576300E+01
 0.2900000E+03  0.1576123E+01
 0.2902500E+03  0.1575948E+01
 0.2905000E+03  0.1575774E+01
 0.2907500E+03  0.1575603E+01
 0.2910000E+03  0.1575433E+01
 0.2912500E+03  0.1575265E+01
 0.2915000E+03  0.1575099E+01
 0.2917500E+03  0.1574935E+01
 0.2920000E+03  0.1574773E+01
 0.2922500E+03  0.1574612E+01
 0.2925000E+03  0.1574454E+01
 0.2927500E+03  0.1574297E+01
 0.2930000E+03  0.1574143E+01
 0.2932500E+03  0.1573990E+01
 0.2935000E+03  0.1573839E+01
 0.2937500E+03  0.1573690E+01
 0.2940000E+03  0.1573543E+01
 0.2942500E+03  0.1573399E+01
 0.2945000E+03  0.1573256E+01
 0.2947500E+03  0.1573115E+01
 0.2950000E+03  0.1572976E+01
 0.2952500E+03  0.1572839E+01
 0.2955000E+03  0.1572704E+01
 0.2957500E+03  0.1572572E+01
 0.2960000E+03  0.1572441E+01
 0.2962500E+03  0.1572312E+01
 0.2965000E+03  0.1572186E+01
 0.2967500E+03  0.1572061E+01
 0.2970000E+03  0.1571939E+01
 0.2972500E+03  0.1571818E+01
 0.2975000E+03  0.1571700E+01
 0.2977500E+03  0.1571584E+01
 0.2980000E+03  0.1571470E+01
 0.2982500E+03  0.1571358E+01
 0.2985000E+03  0.1571248E+01
 0.2987500E+03  0.1571140E+01
 0.2990000E+03  0.1571035E+01
 0.2992500E+03  0.1570931E+01
 0.2995000E+03  0.1570830E+01
 0.2997500E+03  0.1570731E+01
 0.3000000E+03  0.1570635E+01
 0.3002500E+03  0.1570540E+01
 0.3005000E+03  0.1570448E+01
 0.3007500E+03  0.1570357E+01
 0.3010000E+03  0.1570270E+01
 0.3012500E+03  0.1570184E+01
 0.3015000E+03  0.1570100E+01
 0.3017500E+03  0.1570019E+01
 0.3020000E+03  0.1569940E+01
 0.3022500E+03  0.1569864E+01
 0.3025000E+03  0.1569789E+01
 0.3027500E+03  0.1569717E+01
 0.3030000E+03  0.1569647E+01
 0.3032500E+03  0.1569580E+01
 0.3035000E+03  0.1569515E+01
 0.3037500E+03  0.1569452E+01
 0.3040000E+03  0.1569391E+01
 0.3042500E+03  0.1569333E+01
 0.3045000E+03  0.1569277E+01
 0.3047500E+03  0.1569224E+01
 0.3050000E+03  0.1569173E+01
 0.3052500E+03  0.1569124E+01
 0.3055000E+03  0.1569078E+01
 0.3057500E+03  0.1569034E+01
 0.3060000E+03  0.1568992E+01
 0.3062500E+03  0.1568953E+01
 0.3065000E+03  0.1568916E+01
 0.3067500E+03  0.1568882E+01
 0.3070000E+03  0.1568850E+01
 0.3072500E+03  0.1568821E+01
 0.3075000E+03  0.1568794E+01
 0.3077500E+03  0.1568769E+01
 0.3080000E+03  0.1568747E+01
 0.3082500E+03  0.1568727E+01
 0.3085000E+03  0.1568710E+01
 0.3087500E+03  0.1568695E+01
 0.3090000E+03  0.1568683E+01
 0.3092500E+03  0.1568673E+01
 0.3095000E+03  0.1568666E+01
 0.3097500E+03  0.1568661E+01
 0.3100000E+03  0.1568659E+01
 0.3102500E+03  0.1568660E+01
 0.3105000E+03  0.1568663E+01
 0.3107500E+03  0.1568668E+01
 0.3110000E+03  0.1568676E+01
 0.3112500E+03  0.1568686E+01
 0.3115000E+03  0.1568700E+01
 0.3117500E+03  0.1568715E+01
 0.3120000E+03  0.1568733E+01
 0.3122500E+03  0.1568754E+01
 0.3125000E+03  0.1568778E+01
 0.3127500E+03  0.1568804E+01
 0.3130000E+03  0.1568832E+01
 0.3132500E+03  0.1568863E+01
 0.3135000E+03  0.1568897E+01
 0.3137500E+03  0.1568934E+01
 0.3140000E+03  0.1568973E+01
 0.3142500E+03  0.1569014E+01
 0.3145000E+03  0.1569059E+01
 0.3147500E+03  0.1569106E+01
 0.3150000E+03  0.1569155E+01
 0.3152500E+03  0.1569208E+01
 0.3155000E+03  0.1569263E+01
 0.3157500E+03  0.1569320E+01
 0.3160000E+03  0.1569381E+01
 0.3162500E+03  0.1569444E+01
 0.3165000E+03  0.1569509E+01
 0.3167500E+03  0.1569578E+01
 0.3170000E+03  0.1569649E+01
 0.3172500E+03  0.1569723E+01
 0.3175000E+03  0.1569799E+01
 0.3177500E+03  0.1569878E+01
 0.3180000E+03  0.1569960E+01
 0.3182500E+03  0.1570045E+01
 0.3185000E+03  0.1570132E+01
 0.3187500E+03  0.1570222E+01
 0.3190000E+03  0.1570315E+01
 0.3192500E+03  0.1570411E+01
 0.3195000E+03  0.1570509E+01
 0.3197500E+03  0.1570611E+01
 0.3200000E+03  0.1570714E+01
 0.3202500E+03  0.1570821E+01
 0.3205000E+03  0.1570931E+01
 0.3207500E+03  0.1571043E+01
 0.3210000E+03  0.1571158E+01
 0.3212500E+03  0.1571276E+01
 0.3215000E+03  0.1571396E+01
 0.3217500E+03  0.1571520E+01
 0.3220000E+03  0.1571646E+01
 0.3222500E+03  0.1571775E+01
 0.3225000E+03  0.1571907E+01
 0.3227500E+03  0.1572041E+01
 0.3230000E+03  0.1572179E+01
 0.3232500E+03  0.1572319E+01
 0.3235000E+03  0.1572462E+01
 0.3237500E+03  0.1572608E+01
 0.3240000E+03  0.1572757E+01
 0.3242500E+03  0.1572908E+01
 0.3245000E+03  0.1573063E+01
 0.3247500E+03  0.1573220E+01
 0.3250000E+03  0.1573380E+01
 0.3252500E+03  0.1573543E+01
 0.3255000E+03  0.1573709E+01
 0.3257500E+03  0.1573878E+01
 0.3260000E+03  0.1574049E+01
 0.3262500E+03  0.1574224E+01
 0.3265000E+03  0.1574401E+01
 0.3267500E+03  0.1574581E+01
 0.3270000E+03  0.1574764E+01
 0.3272500E+03  0.1574950E+01
 0.3275000E+03  0.1575139E+01
 0.3277500E+03  0.1575330E+01
 0.3280000E+03  0.1575525E+01
 0.3282500E+03  0.1575722E+01
 0.3285000E+03  0.1575922E+01
 0.3287500E+03  0.1576125E+01
 0.3290000E+03  0.1576332E+01
 0.3292500E+03  0.1576540E+01
 0.3295000E+03  0.1576752E+01
 0.3297500E+03  0.1576967E+01
 0.3300000E+03  0.1577185E+01
 0.3302500E+03  0.1577405E+01
 0.3305000E+03  0.1577628E+01
 0.3307500E+03  0.1577855E+01
 0.3310000E+03  0.1578084E+01
 0.3312500E+03  0.1578316E+01
 0.3315000E+03  0.1578551E+01
 0.3317500E+03  0.1578789E+01
 0.3320000E+03  0.1579030E+01
 0.3322500E+03  0.1579273E+01
 0.3325000E+03  0.1579520E+01
 0.3327500E+03  0.1579770E+01
 0.3330000E+03  0.1580022E+01
 0.3332500E+03  0.1580277E+01
 0.3335000E+03  0.1580536E+01
 0.3337500E+03  0.1580797E+01
 0.3340000E+03  0.1581061E+01
 0.3342500E+03  0.1581328E+01
 0.3345000E+03  0.1581597E+01
 0.3347500E+03  0.1581870E+01
 0.3350000E+03  0.1582146E+01
 0.3352500E+03  0.1582424E+01
 0.3355000E+03  0.1582706E+01
 0.3357500E+03  0.1582990E+01
 0.3360000E+03  0.1583277E+01
 0.3362500E+03  0.1583568E+01
 0.3365000E+03  0.1583861E+01
 0.3367500E+03  0.1584157E+01
 0.3370000E+03  0.1584455E+01
 0.3372500E+03  0.1584757E+01
 0.3375000E+03  0.1585062E+01
 0.3377500E+03  0.1585369E+01
 0.3380000E+03  0.1585680E+01
 0.3382500E+03  0.1585993E+01
 0.3385000E+03  0.1586309E+01
 0.3387500E+03  0.1586628E+01
 0.3390000E+03  0.1586950E+01
 0.3392500E+03  0.1587275E+01
 0.3395000E+03  0.1587602E+01
 0.3397500E+03  0.1587933E+01
 0.3400000E+03  0.1588266E+01
 0.3402500E+03  0.1588603E+01
 0.3405000E+03  0.1588942E+01
 0.3407500E+03  0.1589284E+01
 0.3410000E+03  0.1589629E+01
 0.3412500E+03  0.1589976E+01
 0.3415000E+03  0.1590327E+01
 0.3417500E+03  0.1590680E+01
 0.3420000E+03  0.1591037E+01
 0.3422500E+03  0.1591396E+01
 0.3425000E+03  0.1591758E+01
 0.3427500E+03  0.1592123E+01
 0.3430000E+03  0.1592490E+01
 0.3432500E+03  0.1592861E+01
 0.3435000E+03  0.1593234E+01
 0.3437500E+03  0.1593610E+01
 0.3440000E+03  0.1593989E+01
 0.3442500E+03  0.1594371E+01
 0.3445000E+03  0.1594755E+01
 0.3447500E+03  0.1595142E+01
 0.3450000E+03  0.1595533E+01
 0.3452500E+03  0.1595926E+01
 0.3455000E+03  0.1596321E+01
 0.3457500E+03  0.1596720E+01
 0.3460000E+03  0.1597121E+01
 0.3462500E+03  0.1597525E+01
 0.3465000E+03  0.1597932E+01
 0.3467500E+03  0.1598341E+01
 0.3470000E+03  0.1598754E+01
 0.3472500E+03  0.1599169E+01
 0.3475000E+03  0.1599587E+01
 0.3477500E+03  0.1600007E+01
 0.3480000E+03  0.1600431E+01
 0.3482500E+03  0.1600857E+01
 0.3485000E+03  0.1601285E+01
 0.3487500E+03  0.1601717E+01
 0.3490000E+03  0.1602151E+01
 0.3492500E+03  0.1602588E+01
 0.3495000E+03  0.1603028E+01
 0.3497500E+03  0.1603470E+01
 0.3500000E+03  0.1603915E+01
 0.3502500E+03  0.1604363E+01
 0.3505000E+03  0.1604813E+01
 0.3507500E+03  0.1605266E+01
 0.3510000E+03  0.1605722E+01
 0.3512500E+03  0.1606180E+01
 0.3515000E+03  0.1606641E+01
 0.3517500E+03  0.1607105E+01
 0.3520000E+03  0.1607571E+01
 0.3522500E+03  0.1608040E+01
 0.3525000E+03  0.1608512E+01
 0.3527500E+03  0.1608986E+01
 0.3530000E+03  0.1609463E+01
 0.3532500E+03  0.1609942E+01
 0.3535000E+03  0.1610425E+01
 0.3537500E+03  0.1610909E+01
 0.3540000E+03  0.1611397E+01
 0.3542500E+03  0.1611886E+01
 0.3545000E+03  0.1612379E+01
 0.3547500E+03  0.1612874E+01
 0.3550000E+03  0.1613372E+01
 0.3552500E+03  0.1613872E+01
 0.3555000E+03  0.1614375E+01
 0.3557500E+03  0.1614880E+01
 0.3560000E+03  0.1615388E+01
 0.3562500E+03  0.1615899E+01
 0.3565000E+03  0.1616412E+01
 0.3567500E+03  0.1616927E+01
 0.3570000E+03  0.1617446E+01
 0.3572500E+03  0.1617966E+01
 0.3575000E+03  0.1618490E+01
 0.3577500E+03  0.1619016E+01
 0.3580000E+03  0.1619544E+01
 0.3582500E+03  0.1620075E+01
 0.3585000E+03  0.1620608E+01
 0.3587500E+03  0.1621144E+01
 0.3590000E+03  0.1621683E+01
 0.3592500E+03  0.1622224E+01
 0.3595000E+03  0.1622768E+01
 0.3597500E+03  0.1623314E+01
 0.3600000E+03  0.1623863E+01
 0.3602500E+03  0.1624414E+01
 0.3605000E+03  0.1624968E+01
 0.3607500E+03  0.1625524E+01
 0.3610000E+03  0.1626083E+01
 0.3612500E+03  0.1626645E+01
 0.3615000E+03  0.1627209E+01
 0.3617500E+03  0.1627776E+01
 0.3620000E+03  0.1628345E+01
 0.3622500E+03  0.1628917E+01
 0.3625000E+03  0.1629491E+01
 0.3627500E+03  0.1630068E+01
 0.3630000E+03  0.1630648E+01
 0.3632500E+03  0.1631230E+01
 0.3635000E+03  0.1631815E+01
 0.3637500E+03  0.1632402E+01
 0.3640000E+03  0.1632992E+01
 0.3642500E+03  0.1633585E+01
 0.3645000E+03  0.1634181E+01
 0.3647500E+03  0.1634779E+01
 0.3650000E+03  0.1635380E+01
 0.3652500E+03  0.1635983E+01
 0.3655000E+03  0.1636590E+01
 0.3657500E+03  0.1637199E+01
 0.3660000E+03  0.1637811E+01
 0.3662500E+03  0.1638425E+01
 0.3665000E+03  0.1639042E+01
 0.3667500E+03  0.1639663E+01
 0.3670000E+03  0.1640286E+01
 0.3672500E+03  0.1640912E+01
 0.3675000E+03  0.1641540E+01
 0.3677500E+03  0.1642172E+01
 0.3680000E+03  0.1642806E+01
 0.3682500E+03  0.1643444E+01
 0.3685000E+03  0.1644084E+01
 0.3687500E+03  0.1644727E+01
 0.3690000E+03  0.1645374E+01
 0.3692500E+03  0.1646023E+01
 0.3695000E+03  0.1646676E+01
 0.3697500E+03  0.1647331E+01
 0.3700000E+03  0.1647990E+01
 0.3702500E+03  0.1648651E+01
 0.3705000E+03  0.1649316E+01
 0.3707500E+03  0.1649984E+01
 0.3710000E+03  0.1650655E+01
 0.3712500E+03  0.1651329E+01
 0.3715000E+03  0.1652007E+01
 0.3717500E+03  0.1652688E+01
 0.3720000E+03  0.1653372E+01
 0.3722500E+03  0.1654059E+01
 0.3725000E+03  0.1654750E+01
 0.3727500E+03  0.1655444E+01
 0.3730000E+03  0.1656142E+01
 0.3732500E+03  0.1656843E+01
 0.3735000E+03  0.1657548E+01
 0.3737500E+03  0.1658255E+01
 0.3740000E+03  0.1658967E+01
 0.3742500E+03  0.1659682E+01
 0.3745000E+03  0.1660400E+01
 0.3747500E+03  0.1661123E+01
 0.3750000E+03  0.1661848E+01
 0.3752500E+03  0.1662578E+01
 0.3755000E+03  0.1663311E+01
 0.3757500E+03  0.1664048E+01
 0.3760000E+03  0.1664788E+01
 0.3762500E+03  0.1665533E+01
 0.3765000E+03  0.1666281E+01
 0.3767500E+03  0.1667033E+01
 0.3770000E+03  0.1667789E+01
 0.3772500E+03  0.1668549E+01
 0.3775000E+03  0.1669312E+01
 0.3777500E+03  0.1670080E+01
 0.3780000E+03  0.1670851E+01
 0.3782500E+03  0.1671627E+01
 0.3785000E+03  0.1672407E+01
 0.3787500E+03  0.1673191E+01
 0.3790000E+03  0.1673978E+01
 0.3792500E+03  0.1674771E+01
 0.3795000E+03  0.1675567E+01
 0.3797500E+03  0.1676367E+01
 0.3800000E+03  0.1677172E+01
 0.3802500E+03  0.1677981E+01
 0.3805000E+03  0.1678794E+01
 0.3807500E+03  0.1679612E+01
 0.3810000E+03  0.1680434E+01
 0.3812500E+03  0.1681261E+01
 0.3815000E+03  0.1682092E+01
 0.3817500E+03  0.1682928E+01
 0.3820000E+03  0.1683768E+01
 0.3822500E+03  0.1684613E+01
 0.3825000E+03  0.1685462E+01
 0.3827500E+03  0.1686317E+01
 0.3830000E+03  0.1687176E+01
 0.3832500E+03  0.1688040E+01
 0.3835000E+03  0.1688908E+01
 0.3837500E+03  0.1689782E+01
 0.3840000E+03  0.1690661E+01
 0.3842500E+03  0.1691545E+01
 0.3845000E+03  0.1692433E+01
 0.3847500E+03  0.1693327E+01
 0.3850000E+03  0.1694226E+01
 0.3852500E+03  0.1695131E+01
 0.3855000E+03  0.1696040E+01
 0.3857500E+03  0.1696956E+01
 0.3860000E+03  0.1697876E+01
 0.3862500E+03  0.1698802E+01
 0.3865000E+03  0.1699734E+01
 0.3867500E+03  0.1700671E+01
 0.3870000E+03  0.1701614E+01
 0.3872500E+03  0.1702563E+01
 0.3875000E+03  0.1703517E+01
 0.3877500E+03  0.1704478E+01
 0.3880000E+03  0.1705444E+01
 0.3882500E+03  0.1706417E+01
 0.3885000E+03  0.1707395E+01
 0.3887500E+03  0.1708380E+01
 0.3890000E+03  0.1709371E+01
 0.3892500E+03  0.1710368E+01
 0.3895000E+03  0.1711372E+01
 0.3897500E+03  0.1712382E+01
 0.3900000E+03  0.1713399E+01
 0.3902500E+03  0.1714423E+01
 0.3905000E+03  0.1715453E+01
 0.3907500E+03  0.1716490E+01
 0.3910000E+03  0.1717534E+01
 0.3912500E+03  0.1718584E+01
 0.3915000E+03  0.1719642E+01
 0.3917500E+03  0.1720707E+01
 0.3920000E+03  0.1721779E+01
 0.3922500E+03  0.1722858E+01
 0.3925000E+03  0.1723945E+01
 0.3927500E+03  0.1725038E+01
 0.3930000E+03  0.1726140E+01
 0.3932500E+03  0.1727248E+01
 0.3935000E+03  0.1728365E+01
 0.3937500E+03  0.1729489E+01
 0.3940000E+03  0.1730620E+01
 0.3942500E+03  0.1731760E+01
 0.3945000E+03  0.1732907E+01
 0.3947500E+03  0.1734062E+01
 0.3950000E+03  0.1735225E+01
 0.3952500E+03  0.1736396E+01
 0.3955000E+03  0.1737575E+01
 0.3957500E+03  0.1738762E+01
 0.3960000E+03  0.1739957E+01
 0.3962500E+03  0.1741160E+01
 0.3965000E+03  0.1742371E+01
 0.3967500E+03  0.1743591E+01
 0.3970000E+03  0.1744819E+01
 0.3972500E+03  0.1746055E+01
 0.3975000E+03  0.1747300E+01
 0.3977500E+03  0.1748552E+01
 0.3980000E+03  0.1749814E+01
 0.3982500E+03  0.1751083E+01
 0.3985000E+03  0.1752361E+01
 0.3987500E+03  0.1753647E+01
 0.3990000E+03  0.1754942E+01
 0.3992500E+03  0.1756245E+01
 0.3995000E+03  0.1757557E+01
 0.3997500E+03  0.1758877E+01
 0.4000000E+03  0.1760205E+01
 0.4002500E+03  0.1761542E+01
 0.4005000E+03  0.1762887E+01
 0.4007500E+03  0.1764240E+01
 0.4010000E+03  0.1765601E+01
 0.4012500E+03  0.1766971E+01
 0.4015000E+03  0.1768349E+01
 0.4017500E+03  0.1769736E+01
 0.4020000E+03  0.1771130E+01
 0.4022500E+03  0.1772533E+01
 0.4025000E+03  0.1773944E+01
 0.4027500E+03  0.1775362E+01
 0.4030000E+03  0.1776789E+01
 0.4032500E+03  0.1778223E+01
 0.4035000E+03  0.1779666E+01
 0.4037500E+03  0.1781116E+01
 0.4040000E+03  0.1782574E+01
 0.4042500E+03  0.1784039E+01
 0.4045000E+03  0.1785512E+01
 0.4047500E+03  0.1786992E+01
 0.4050000E+03  0.1788480E+01
 0.4052500E+03  0.1789975E+01
 0.4055000E+03  0.1791477E+01
 0.4057500E+03  0.1792986E+01
 0.4060000E+03  0.1794502E+01
 0.4062500E+03  0.1796025E+01
 0.4065000E+03  0.1797554E+01
 0.4067500E+03  0.1799090E+01
 0.4070000E+03  0.1800633E+01
 0.4072500E+03  0.1802182E+01
 0.4075000E+03  0.1803737E+01
 0.4077500E+03  0.1805298E+01
 0.4080000E+03  0.1806865E+01
 0.4082500E+03  0.1808438E+01
 0.4085000E+03  0.1810017E+01
 0.4087500E+03  0.1811601E+01
 0.4090000E+03  0.1813190E+01
 0.4092500E+03  0.1814785E+01
 0.4095000E+03  0.1816385E+01
 0.4097500E+03  0.1817990E+01
 0.4100000E+03  0.1819599E+01
 0.4102500E+03  0.1821214E+01
 0.4105000E+03  0.1822832E+01
 0.4107500E+03  0.1824455E+01
 0.4110000E+03  0.1826083E+01
 0.4112500E+03  0.1827714E+01
 0.4115000E+03  0.1829349E+01
 0.4117500E+03  0.1830988E+01
 0.4120000E+03  0.1832630E+01
 0.4122500E+03  0.1834276E+01
 0.4125000E+03  0.1835925E+01
 0.4127500E+03  0.1837577E+01
 0.4130000E+03  0.1839232E+01
 0.4132500E+03  0.1840890E+01
 0.4135000E+03  0.1842551E+01
 0.4137500E+03  0.1844214E+01
 0.4140000E+03  0.1845880E+01
 0.4142500E+03  0.1847548E+01
 0.4145000E+03  0.1849218E+01
 0.4147500E+03  0.1850890E+01
 0.4150000E+03  0.1852564E+01
 0.4152500E+03  0.1854240E+01
 0.4155000E+03  0.1855917E+01
 0.4157500E+03  0.1857596E+01
 0.4160000E+03  0.1859277E+01
 0.4162500E+03  0.1860959E+01
 0.4165000E+03  0.1862642E+01
 0.4167500E+03  0.1864326E+01
 0.4170000E+03  0.1866012E+01
 0.4172500E+03  0.1867698E+01
 0.4175000E+03  0.1869385E+01
 0.4177500E+03  0.1871073E+01
 0.4180000E+03  0.1872761E+01
 0.4182500E+03  0.1874451E+01
 0.4185000E+03  0.1876140E+01
 0.4187500E+03  0.1877831E+01
 0.4190000E+03  0.1879521E+01
 0.4192500E+03  0.1881212E+01
 0.4195000E+03  0.1882903E+01
 0.4197500E+03  0.1884594E+01
 0.4200000E+03  0.1886285E+01
 0.4202500E+03  0.1887976E+01
 0.4205000E+03  0.1889667E+01
 0.4207500E+03  0.1891358E+01
 0.4210000E+03  0.1893049E+01
 0.4212500E+03  0.1894739E+01
 0.4215000E+03  0.1896429E+01
 0.4217500E+03  0.1898118E+01
 0.4220000E+03  0.1899806E+01
 0.4222500E+03  0.1901494E+01
 0.4225000E+03  0.1903181E+01
 0.4227500E+03  0.1904868E+01
 0.4230000E+03  0.1906553E+01
 0.4232500E+03  0.1908238E+01
 0.4235000E+03  0.1909921E+01
 0.4237500E+03  0.1911603E+01
 0.4240000E+03  0.1913285E+01
 0.4242500E+03  0.1914964E+01
 0.4245000E+03  0.1916643E+01
 0.4247500E+03  0.1918320E+01
 0.4250000E+03  0.1919996E+01
 0.4252500E+03  0.1921670E+01
 0.4255000E+03  0.1923342E+01
 0.4257500E+03  0.1925013E+01
 0.4260000E+03  0.1926683E+01
 0.4262500E+03  0.1928350E+01
 0.4265000E+03  0.1930017E+01
 0.4267500E+03  0.1931681E+01
 0.4270000E+03  0.1933344E+01
 0.4272500E+03  0.1935005E+01
 0.4275000E+03  0.1936664E+01
 0.4277500E+03  0.1938321E+01
 0.4280000E+03  0.1939977E+01
 0.4282500E+03  0.1941631E+01
 0.4285000E+03  0.1943283E+01
 0.4287500E+03  0.1944934E+01
 0.4290000E+03  0.1946583E+01
 0.4292500E+03  0.1948230E+01
 0.4295000E+03  0.1949876E+01
 0.4297500E+03  0.1951520E+01
 0.4300000E+03  0.1953163E+01
 0.4302500E+03  0.1954804E+01
 0.4305000E+03  0.1956443E+01
 0.4307500E+03  0.1958081E+01
 0.4310000E+03  0.1959718E+01
 0.4312500E+03  0.1961353E+01
 0.4315000E+03  0.1962986E+01
 0.4317500E+03  0.1964619E+01
 0.4320000E+03  0.1966250E+01
 0.4322500E+03  0.1967879E+01
 0.4325000E+03  0.1969508E+01
 0.4327500E+03  0.1971135E+01
 0.4330000E+03  0.1972761E+01
 0.4332500E+03  0.1974386E+01
 0.4335000E+03  0.1976009E+01
 0.4337500E+03  0.1977631E+01
 0.4340000E+03  0.1979253E+01
 0.4342500E+03  0.1980873E+01
 0.4345000E+03  0.1982492E+01
 0.4347500E+03  0.1984110E+01
 0.4350000E+03  0.1985727E+01
 0.4352500E+03  0.1987343E+01
 0.4355000E+03  0.1988959E+01
 0.4357500E+03  0.1990573E+01
 0.4360000E+03  0.1992187E+01
 0.4362500E+03  0.1993800E+01
 0.4365000E+03  0.1995413E+01
 0.4367500E+03  0.1997024E+01
 0.4370000E+03  0.1998636E+01
 0.4372500E+03  0.2000247E+01
 0.4375000E+03  0.2001858E+01
 0.4377500E+03  0.2003468E+01
 0.4380000E+03  0.2005078E+01
 0.4382500E+03  0.2006689E+01
 0.4385000E+03  0.2008299E+01
 0.4387500E+03  0.2009909E+01
 0.4390000E+03  0.2011520E+01
 0.4392500E+03  0.2013131E+01
 0.4395000E+03  0.2014742E+01
 0.4397500E+03  0.2016354E+01
 0.4400000E+03  0.2017967E+01
 0.4402500E+03  0.2019580E+01
 0.4405000E+03  0.2021194E+01
 0.4407500E+03  0.2022808E+01
 0.4410000E+03  0.2024424E+01
 0.4412500E+03  0.2026041E+01
 0.4415000E+03  0.2027659E+01
 0.4417500E+03  0.2029278E+01
 0.4420000E+03  0.2030898E+01
 0.4422500E+03  0.2032520E+01
 0.4425000E+03  0.2034143E+01
 0.4427500E+03  0.2035767E+01
 0.4430000E+03  0.2037394E+01
 0.4432500E+03  0.2039022E+01
 0.4435000E+03  0.2040652E+01
 0.4437500E+03  0.2042283E+01
 0.4440000E+03  0.2043917E+01
 0.4442500E+03  0.2045553E+01
 0.4445000E+03  0.2047191E+01
 0.4447500E+03  0.2048831E+01
 0.4450000E+03  0.2050473E+01
 0.4452500E+03  0.2052118E+01
 0.4455000E+03  0.2053766E+01
 0.4457500E+03  0.2055416E+01
 0.4460000E+03  0.2057069E+01
 0.4462500E+03  0.2058725E+01
 0.4465000E+03  0.2060384E+01
 0.4467500E+03  0.2062046E+01
 0.4470000E+03  0.2063712E+01
 0.4472500E+03  0.2065380E+01
 0.4475000E+03  0.2067053E+01
 0.4477500E+03  0.2068729E+01
 0.4480000E+03  0.2070409E+01
 0.4482500E+03  0.2072092E+01
 0.4485000E+03  0.2073780E+01
 0.4487500E+03  0.2075472E+01
 0.4490000E+03  0.2077168E+01
 0.4492500E+03  0.2078869E+01
 0.4495000E+03  0.2080574E+01
 0.4497500E+03  0.2082283E+01
 0.4500000E+03  0.2083998E+01
 0.4502500E+03  0.2085717E+01
 0.4505000E+03  0.2087441E+01
 0.4507500E+03  0.2089170E+01
 0.4510000E+03  0.2090905E+01
 0.4512500E+03  0.2092645E+01
 0.4515000E+03  0.2094390E+01
 0.4517500E+03  0.2096140E+01
 0.4520000E+03  0.2097896E+01
 0.4522500E+03  0.2099658E+01
 0.4525000E+03  0.2101425E+01
 0.4527500E+03  0.2103199E+01
 0.4530000E+03  0.2104978E+01
 0.4532500E+03  0.2106763E+01
 0.4535000E+03  0.2108555E+01
 0.4537500E+03  0.2110352E+01
 0.4540000E+03  0.2112156E+01
 0.4542500E+03  0.2113967E+01
 0.4545000E+03  0.2115784E+01
 0.4547500E+03  0.2117607E+01
 0.4550000E+03  0.2119438E+01
 0.4552500E+03  0.2121275E+01
 0.4555000E+03  0.2123119E+01
 0.4557500E+03  0.2124970E+01
 0.4560000E+03  0.2126828E+01
 0.4562500E+03  0.2128693E+01
 0.4565000E+03  0.2130566E+01
 0.4567500E+03  0.2132446E+01
 0.4570000E+03  0.2134333E+01
 0.4572500E+03  0.2136227E+01
 0.4575000E+03  0.2138129E+01
 0.4577500E+03  0.2140039E+01
 0.4580000E+03  0.2141955E+01
 0.4582500E+03  0.2143880E+01
 0.4585000E+03  0.2145811E+01
 0.4587500E+03  0.2147750E+01
 0.4590000E+03  0.2149696E+01
 0.4592500E+03  0.2151650E+01
 0.4595000E+03  0.2153610E+01
 0.4597500E+03  0.2155577E+01
 0.4600000E+03  0.2157552E+01
 0.4602500E+03  0.2159533E+01
 0.4605000E+03  0.2161520E+01
 0.4607500E+03  0.2163514E+01
 0.4610000E+03  0.2165514E+01
 0.4612500E+03  0.2167520E+01
 0.4615000E+03  0.2169532E+01
 0.4617500E+03  0.2171550E+01
 0.4620000E+03  0.2173573E+01
 0.4622500E+03  0.2175601E+01
 0.4625000E+03  0.2177633E+01
 0.4627500E+03  0.2179671E+01
 0.4630000E+03  0.2181713E+01
 0.4632500E+03  0.2183759E+01
 0.4635000E+03  0.2185809E+01
 0.4637500E+03  0.2187862E+01
 0.4640000E+03  0.2189918E+01
 0.4642500E+03  0.2191978E+01
 0.4645000E+03  0.2194039E+01
 0.4647500E+03  0.2196103E+01
 0.4650000E+03  0.2198169E+01
 0.4652500E+03  0.2200236E+01
 0.4655000E+03  0.2202305E+01
 0.4657500E+03  0.2204373E+01
 0.4660000E+03  0.2206442E+01
 0.4662500E+03  0.2208510E+01
 0.4665000E+03  0.2210577E+01
 0.4667500E+03  0.2212643E+01
 0.4670000E+03  0.2214706E+01
 0.4672500E+03  0.2216766E+01
 0.4675000E+03  0.2218823E+01
 0.4677500E+03  0.2220875E+01
 0.4680000E+03  0.2222923E+01
 0.4682500E+03  0.2224964E+01
 0.4685000E+03  0.2226999E+01
 0.4687500E+03  0.2229027E+01
 0.4690000E+03  0.2231046E+01
 0.4692500E+03  0.2233056E+01
 0.4695000E+03  0.2235056E+01
 0.4697500E+03  0.2237044E+01
 0.4700000E+03  0.2239021E+01
 0.4702500E+03  0.2240985E+01
 0.4705000E+03  0.2242935E+01
 0.4707500E+03  0.2244871E+01
 0.4710000E+03  0.2246790E+01
 0.4712500E+03  0.2248693E+01
 0.4715000E+03  0.2250578E+01
 0.4717500E+03  0.2252444E+01
 0.4720000E+03  0.2254291E+01
 0.4722500E+03  0.2256117E+01
 0.4725000E+03  0.2257921E+01
 0.4727500E+03  0.2259703E+01
 0.4730000E+03  0.2261461E+01
 0.4732500E+03  0.2263195E+01
 0.4735000E+03  0.2264903E+01
 0.4737500E+03  0.2266584E+01
 0.4740000E+03  0.2268238E+01
 0.4742500E+03  0.2269862E+01
 0.4745000E+03  0.2271457E+01
 0.4747500E+03  0.2273021E+01
 0.4750000E+03  0.2274553E+01
 0.4752500E+03  0.2276052E+01
 0.4755000E+03  0.2277516E+01
 0.4757500E+03  0.2278944E+01
 0.4760000E+03  0.2280335E+01
 0.4762500E+03  0.2281687E+01
 0.4765000E+03  0.2283000E+01
 0.4767500E+03  0.2284271E+01
 0.4770000E+03  0.2285500E+01
 0.4772500E+03  0.2286685E+01
 0.4775000E+03  0.2287824E+01
 0.4777500E+03  0.2288915E+01
 0.4780000E+03  0.2289958E+01
 0.4782500E+03  0.2290951E+01
 0.4785000E+03  0.2291892E+01
 0.4787500E+03  0.2292780E+01
 0.4790000E+03  0.2293612E+01
 0.4792500E+03  0.2294389E+01
 0.4795000E+03  0.2295107E+01
 0.4797500E+03  0.2295765E+01
 0.4800000E+03  0.2296363E+01
 0.4802500E+03  0.2296898E+01
 0.4805000E+03  0.2297369E+01
 0.4807500E+03  0.2297774E+01
 0.4810000E+03  0.2298113E+01
 0.4812500E+03  0.2298383E+01
 0.4815000E+03  0.2298584E+01
 0.4817500E+03  0.2298713E+01
 0.4820000E+03  0.2298770E+01
 0.4822500E+03  0.2298753E+01
 0.4825000E+03  0.2298661E+01
 0.4827500E+03  0.2298492E+01
 0.4830000E+03  0.2298245E+01
 0.4832500E+03  0.2297918E+01
 0.4835000E+03  0.2297511E+01
 0.4837500E+03  0.2297021E+01
 0.4840000E+03  0.2296448E+01
 0.4842500E+03  0.2295788E+01
 0.4845000E+03  0.2295042E+01
 0.4847500E+03  0.2294207E+01
 0.4850000E+03  0.2293282E+01
 0.4852500E+03  0.2292265E+01
 0.4855000E+03  0.2291154E+01
 0.4857500E+03  0.2289947E+01
 0.4860000E+03  0.2288643E+01
 0.4862500E+03  0.2287239E+01
 0.4865000E+03  0.2285734E+01
 0.4867500E+03  0.2284125E+01
 0.4870000E+03  0.2282411E+01
 0.4872500E+03  0.2280589E+01
 0.4875000E+03  0.2278658E+01
 0.4877500E+03  0.2276615E+01
 0.4880000E+03  0.2274458E+01
 0.4882500E+03  0.2272186E+01
 0.4885000E+03  0.2269795E+01
 0.4887500E+03  0.2267284E+01
 0.4890000E+03  0.2264651E+01
 0.4892500E+03  0.2261893E+01
 0.4895000E+03  0.2259008E+01
 0.4897500E+03  0.2255995E+01
 0.4900000E+03  0.2252851E+01
 0.4902500E+03  0.2249575E+01
 0.4905000E+03  0.2246164E+01
 0.4907500E+03  0.2242616E+01
 0.4910000E+03  0.2238929E+01
 0.4912500E+03  0.2235102E+01
 0.4915000E+03  0.2231132E+01
 0.4917500E+03  0.2227018E+01
 0.4920000E+03  0.2222758E+01
 0.4922500E+03  0.2218350E+01
 0.4925000E+03  0.2213793E+01
 0.4927500E+03  0.2209085E+01
 0.4930000E+03  0.2204225E+01
 0.4932500E+03  0.2199210E+01
 0.4935000E+03  0.2194041E+01
 0.4937500E+03  0.2188715E+01
 0.4940000E+03  0.2183232E+01
 0.4942500E+03  0.2177591E+01
 0.4945000E+03  0.2171791E+01
 0.4947500E+03  0.2165831E+01
 0.4950000E+03  0.2159711E+01
 0.4952500E+03  0.2153431E+01
 0.4955000E+03  0.2146990E+01
 0.4957500E+03  0.2140389E+01
 0.4960000E+03  0.2133629E+01
 0.4962500E+03  0.2126710E+01
 0.4965000E+03  0.2119632E+01
 0.4967500E+03  0.2112397E+01
 0.4970000E+03  0.2105006E+01
 0.4972500E+03  0.2097461E+01
 0.4975000E+03  0.2089764E+01
 0.4977500E+03  0.2081916E+01
 0.4980000E+03  0.2073921E+01
 0.4982500E+03  0.2065779E+01
 0.4985000E+03  0.2057495E+01
 0.4987500E+03  0.2049071E+01
 0.4990000E+03  0.2040510E+01
 0.4992500E+03  0.2031815E+01
 0.4995000E+03  0.2022990E+01
 0.4997500E+03  0.2014039E+01
 0.5000000E+03  0.2004965E+01
