 0.25000E+00  0.10000E+01 -0.39805E-18
 0.50000E+00  0.10000E+01  0.40863E-18
 0.75000E+00  0.10000E+01  0.28581E-18
 0.10000E+01  0.10000E+01 -0.19406E-17
 0.12500E+01  0.10000E+01 -0.21054E-17
 0.15000E+01  0.10000E+01 -0.68743E-18
 0.17500E+01  0.10000E+01  0.14316E-17
 0.20000E+01  0.10000E+01  0.48194E-17
 0.22500E+01  0.10001E+01  0.19548E-17
 0.25000E+01  0.10001E+01 -0.85258E-17
 0.27500E+01  0.10001E+01  0.60801E-17
 0.30000E+01  0.10001E+01 -0.44295E-17
 0.32500E+01  0.10001E+01 -0.58363E-17
 0.35000E+01  0.10001E+01  0.11117E-16
 0.37500E+01  0.10001E+01 -0.53506E-17
 0.40000E+01  0.10002E+01  0.22584E-17
 0.42500E+01  0.10002E+01  0.16818E-17
 0.45000E+01  0.10002E+01 -0.65062E-17
 0.47500E+01  0.10002E+01 -0.11489E-16
 0.50000E+01  0.10002E+01  0.16015E-16
 0.52500E+01  0.10003E+01  0.39985E-17
 0.55000E+01  0.10003E+01 -0.43909E-17
 0.57500E+01  0.10003E+01  0.61158E-18
 0.60000E+01  0.10004E+01  0.60792E-17
 0.62500E+01  0.10004E+01 -0.19107E-17
 0.65000E+01  0.10004E+01 -0.31551E-17
 0.67500E+01  0.10005E+01 -0.82217E-17
 0.70000E+01  0.10005E+01 -0.12246E-16
 0.72500E+01  0.10005E+01 -0.43108E-17
 0.75000E+01  0.10006E+01  0.10648E-16
 0.77500E+01  0.10006E+01  0.66354E-17
 0.80000E+01  0.10006E+01  0.13792E-17
 0.82500E+01  0.10007E+01 -0.16133E-16
 0.85000E+01  0.10007E+01  0.65098E-17
 0.87500E+01  0.10008E+01 -0.11889E-16
 0.90000E+01  0.10008E+01 -0.66976E-18
 0.92500E+01  0.10009E+01 -0.98516E-17
 0.95000E+01  0.10009E+01  0.17131E-17
 0.97500E+01  0.10009E+01 -0.11708E-16
 0.10000E+02  0.10010E+01  0.14804E-18
 0.10250E+02  0.10010E+01 -0.61202E-17
 0.10500E+02  0.10011E+01 -0.52881E-17
 0.10750E+02  0.10011E+01 -0.13155E-16
 0.11000E+02  0.10012E+01  0.23164E-16
 0.11250E+02  0.10013E+01 -0.24647E-17
 0.11500E+02  0.10013E+01  0.96864E-17
 0.11750E+02  0.10014E+01 -0.13422E-17
 0.12000E+02  0.10014E+01  0.53602E-17
 0.12250E+02  0.10015E+01 -0.30758E-17
 0.12500E+02  0.10015E+01 -0.41265E-16
 0.12750E+02  0.10016E+01  0.16008E-16
 0.13000E+02  0.10017E+01  0.90289E-17
 0.13250E+02  0.10017E+01 -0.27833E-17
 0.13500E+02  0.10018E+01  0.53578E-17
 0.13750E+02  0.10019E+01  0.16674E-16
 0.14000E+02  0.10019E+01  0.11521E-16
 0.14250E+02  0.10020E+01 -0.17765E-16
 0.14500E+02  0.10021E+01  0.25271E-16
 0.14750E+02  0.10022E+01  0.64435E-17
 0.15000E+02  0.10022E+01  0.48694E-17
 0.15250E+02  0.10023E+01 -0.18214E-16
 0.15500E+02  0.10024E+01 -0.13762E-16
 0.15750E+02  0.10025E+01  0.42211E-17
 0.16000E+02  0.10025E+01  0.39062E-16
 0.16250E+02  0.10026E+01  0.16463E-16
 0.16500E+02  0.10027E+01  0.51306E-17
 0.16750E+02  0.10028E+01 -0.18991E-16
 0.17000E+02  0.10029E+01  0.72146E-17
 0.17250E+02  0.10029E+01  0.36525E-17
 0.17500E+02  0.10030E+01  0.10674E-16
 0.17750E+02  0.10031E+01 -0.39458E-16
 0.18000E+02  0.10032E+01 -0.46719E-17
 0.18250E+02  0.10033E+01 -0.60434E-18
 0.18500E+02  0.10034E+01  0.36880E-16
 0.18750E+02  0.10035E+01  0.52924E-16
 0.19000E+02  0.10036E+01  0.43317E-16
 0.19250E+02  0.10036E+01  0.19558E-16
 0.19500E+02  0.10037E+01 -0.12305E-16
 0.19750E+02  0.10038E+01 -0.11164E-16
 0.20000E+02  0.10039E+01  0.41027E-17
 0.20250E+02  0.10040E+01 -0.11664E-16
 0.20500E+02  0.10041E+01 -0.32807E-16
 0.20750E+02  0.10042E+01  0.31756E-16
 0.21000E+02  0.10043E+01  0.15360E-16
 0.21250E+02  0.10044E+01  0.35930E-16
 0.21500E+02  0.10045E+01 -0.23681E-16
 0.21750E+02  0.10046E+01 -0.29197E-16
 0.22000E+02  0.10047E+01 -0.26361E-17
 0.22250E+02  0.10048E+01  0.33572E-16
 0.22500E+02  0.10050E+01  0.51593E-17
 0.22750E+02  0.10051E+01  0.27491E-16
 0.23000E+02  0.10052E+01  0.12343E-16
 0.23250E+02  0.10053E+01 -0.90965E-16
 0.23500E+02  0.10054E+01  0.97242E-17
 0.23750E+02  0.10055E+01  0.45026E-17
 0.24000E+02  0.10056E+01 -0.26621E-16
 0.24250E+02  0.10057E+01  0.58471E-16
 0.24500E+02  0.10059E+01  0.20461E-16
 0.24750E+02  0.10060E+01 -0.28209E-16
 0.25000E+02  0.10061E+01 -0.38056E-16
 0.25250E+02  0.10062E+01 -0.11350E-16
 0.25500E+02  0.10063E+01  0.53721E-17
 0.25750E+02  0.10064E+01  0.35501E-16
 0.26000E+02  0.10066E+01 -0.28185E-16
 0.26250E+02  0.10067E+01 -0.37540E-16
 0.26500E+02  0.10068E+01 -0.33421E-16
 0.26750E+02  0.10069E+01 -0.68527E-16
 0.27000E+02  0.10071E+01  0.29817E-16
 0.27250E+02  0.10072E+01 -0.17446E-16
 0.27500E+02  0.10073E+01 -0.26412E-16
 0.27750E+02  0.10075E+01 -0.57743E-16
 0.28000E+02  0.10076E+01 -0.45182E-16
 0.28250E+02  0.10077E+01 -0.38139E-16
 0.28500E+02  0.10079E+01  0.49155E-16
 0.28750E+02  0.10080E+01  0.35275E-16
 0.29000E+02  0.10081E+01 -0.57994E-16
 0.29250E+02  0.10083E+01  0.32529E-16
 0.29500E+02  0.10084E+01 -0.49116E-16
 0.29750E+02  0.10085E+01 -0.26122E-17
 0.30000E+02  0.10087E+01 -0.41046E-17
 0.30250E+02  0.10088E+01  0.47754E-16
 0.30500E+02  0.10089E+01  0.44107E-16
 0.30750E+02  0.10091E+01  0.39351E-16
 0.31000E+02  0.10092E+01  0.35966E-16
 0.31250E+02  0.10094E+01  0.42976E-16
 0.31500E+02  0.10095E+01  0.17236E-17
 0.31750E+02  0.10097E+01  0.86000E-17
 0.32000E+02  0.10098E+01 -0.58764E-16
 0.32250E+02  0.10100E+01 -0.24599E-16
 0.32500E+02  0.10101E+01  0.13659E-17
 0.32750E+02  0.10103E+01 -0.31944E-16
 0.33000E+02  0.10104E+01 -0.67566E-16
 0.33250E+02  0.10106E+01  0.11230E-16
 0.33500E+02  0.10107E+01  0.22556E-16
 0.33750E+02  0.10109E+01 -0.46847E-16
 0.34000E+02  0.10110E+01  0.41199E-16
 0.34250E+02  0.10112E+01  0.20974E-16
 0.34500E+02  0.10113E+01 -0.23258E-16
 0.34750E+02  0.10115E+01  0.46072E-16
 0.35000E+02  0.10116E+01 -0.30833E-16
 0.35250E+02  0.10118E+01  0.63821E-17
 0.35500E+02  0.10120E+01  0.12672E-17
 0.35750E+02  0.10121E+01  0.13573E-16
 0.36000E+02  0.10123E+01  0.76361E-17
 0.36250E+02  0.10124E+01  0.82773E-17
 0.36500E+02  0.10126E+01  0.58713E-17
 0.36750E+02  0.10128E+01 -0.64737E-17
 0.37000E+02  0.10129E+01  0.57658E-16
 0.37250E+02  0.10131E+01 -0.93159E-16
 0.37500E+02  0.10133E+01 -0.52847E-16
 0.37750E+02  0.10134E+01 -0.56086E-16
 0.38000E+02  0.10136E+01  0.24782E-16
 0.38250E+02  0.10138E+01 -0.11982E-16
 0.38500E+02  0.10139E+01 -0.13355E-16
 0.38750E+02  0.10141E+01  0.16941E-16
 0.39000E+02  0.10143E+01 -0.72252E-16
 0.39250E+02  0.10145E+01  0.58056E-16
 0.39500E+02  0.10146E+01 -0.96312E-17
 0.39750E+02  0.10148E+01 -0.46140E-17
 0.40000E+02  0.10150E+01  0.63012E-16
 0.40250E+02  0.10152E+01 -0.23676E-16
 0.40500E+02  0.10153E+01  0.15559E-16
 0.40750E+02  0.10155E+01  0.71174E-16
 0.41000E+02  0.10157E+01 -0.44001E-16
 0.41250E+02  0.10159E+01  0.25705E-16
 0.41500E+02  0.10161E+01  0.58506E-16
 0.41750E+02  0.10162E+01 -0.34131E-16
 0.42000E+02  0.10164E+01  0.12689E-16
 0.42250E+02  0.10166E+01  0.40958E-16
 0.42500E+02  0.10168E+01 -0.13418E-16
 0.42750E+02  0.10170E+01 -0.48485E-16
 0.43000E+02  0.10171E+01  0.19112E-16
 0.43250E+02  0.10173E+01 -0.58731E-16
 0.43500E+02  0.10175E+01 -0.19826E-16
 0.43750E+02  0.10177E+01 -0.88112E-16
 0.44000E+02  0.10179E+01 -0.11352E-15
 0.44250E+02  0.10181E+01 -0.12935E-16
 0.44500E+02  0.10183E+01 -0.97409E-19
 0.44750E+02  0.10185E+01  0.52291E-16
 0.45000E+02  0.10187E+01  0.59926E-16
 0.45250E+02  0.10188E+01  0.28764E-16
 0.45500E+02  0.10190E+01 -0.31690E-17
 0.45750E+02  0.10192E+01  0.12015E-15
 0.46000E+02  0.10194E+01 -0.53438E-16
 0.46250E+02  0.10196E+01  0.66606E-17
 0.46500E+02  0.10198E+01  0.11496E-16
 0.46750E+02  0.10200E+01  0.47002E-16
 0.47000E+02  0.10202E+01 -0.84705E-16
 0.47250E+02  0.10204E+01 -0.14847E-15
 0.47500E+02  0.10206E+01  0.52817E-16
 0.47750E+02  0.10208E+01  0.11107E-16
 0.48000E+02  0.10210E+01 -0.62342E-18
 0.48250E+02  0.10212E+01 -0.54167E-16
 0.48500E+02  0.10214E+01  0.29794E-16
 0.48750E+02  0.10216E+01  0.11630E-16
 0.49000E+02  0.10218E+01 -0.19555E-16
 0.49250E+02  0.10220E+01 -0.19065E-16
 0.49500E+02  0.10222E+01 -0.65402E-16
 0.49750E+02  0.10224E+01  0.63588E-16
 0.50000E+02  0.10226E+01 -0.16197E-16
 0.50250E+02  0.10228E+01 -0.36309E-16
 0.50500E+02  0.10230E+01  0.22669E-16
 0.50750E+02  0.10232E+01  0.85869E-16
 0.51000E+02  0.10234E+01 -0.42683E-16
 0.51250E+02  0.10236E+01  0.12506E-17
 0.51500E+02  0.10239E+01 -0.29171E-16
 0.51750E+02  0.10241E+01  0.16276E-16
 0.52000E+02  0.10243E+01 -0.81814E-16
 0.52250E+02  0.10245E+01  0.14359E-16
 0.52500E+02  0.10247E+01  0.62298E-16
 0.52750E+02  0.10249E+01  0.41928E-17
 0.53000E+02  0.10251E+01  0.18237E-17
 0.53250E+02  0.10253E+01 -0.27050E-16
 0.53500E+02  0.10255E+01  0.23049E-16
 0.53750E+02  0.10258E+01  0.25594E-16
 0.54000E+02  0.10260E+01 -0.23278E-16
 0.54250E+02  0.10262E+01 -0.86232E-16
 0.54500E+02  0.10264E+01  0.55760E-17
 0.54750E+02  0.10266E+01  0.74724E-16
 0.55000E+02  0.10268E+01 -0.82459E-18
 0.55250E+02  0.10271E+01  0.14493E-16
 0.55500E+02  0.10273E+01  0.84610E-17
 0.55750E+02  0.10275E+01  0.45837E-16
 0.56000E+02  0.10277E+01 -0.35186E-17
 0.56250E+02  0.10279E+01 -0.32972E-16
 0.56500E+02  0.10282E+01  0.97392E-17
 0.56750E+02  0.10284E+01  0.77787E-16
 0.57000E+02  0.10286E+01  0.12036E-15
 0.57250E+02  0.10288E+01 -0.64457E-16
 0.57500E+02  0.10290E+01 -0.38357E-16
 0.57750E+02  0.10293E+01  0.14220E-15
 0.58000E+02  0.10295E+01  0.68334E-17
 0.58250E+02  0.10297E+01  0.54432E-16
 0.58500E+02  0.10299E+01 -0.21143E-16
 0.58750E+02  0.10302E+01  0.73842E-16
 0.59000E+02  0.10304E+01  0.11484E-15
 0.59250E+02  0.10306E+01  0.10607E-15
 0.59500E+02  0.10308E+01 -0.96562E-18
 0.59750E+02  0.10311E+01  0.57035E-16
 0.60000E+02  0.10313E+01 -0.47653E-16
 0.60250E+02  0.10315E+01  0.14147E-15
 0.60500E+02  0.10317E+01  0.40243E-16
 0.60750E+02  0.10320E+01 -0.42169E-16
 0.61000E+02  0.10322E+01  0.63552E-16
 0.61250E+02  0.10324E+01 -0.33266E-16
 0.61500E+02  0.10327E+01  0.25651E-16
 0.61750E+02  0.10329E+01 -0.67529E-16
 0.62000E+02  0.10331E+01 -0.26707E-17
 0.62250E+02  0.10334E+01 -0.11129E-15
 0.62500E+02  0.10336E+01 -0.12514E-15
 0.62750E+02  0.10338E+01 -0.44850E-17
 0.63000E+02  0.10341E+01  0.22538E-16
 0.63250E+02  0.10343E+01  0.36167E-16
 0.63500E+02  0.10345E+01 -0.66323E-16
 0.63750E+02  0.10348E+01 -0.98523E-16
 0.64000E+02  0.10350E+01  0.34355E-16
 0.64250E+02  0.10352E+01  0.75381E-16
 0.64500E+02  0.10355E+01  0.88354E-17
 0.64750E+02  0.10357E+01 -0.57380E-16
 0.65000E+02  0.10359E+01  0.49826E-16
 0.65250E+02  0.10362E+01  0.14000E-15
 0.65500E+02  0.10364E+01  0.66010E-16
 0.65750E+02  0.10367E+01 -0.11336E-16
 0.66000E+02  0.10369E+01  0.71944E-16
 0.66250E+02  0.10371E+01 -0.40642E-16
 0.66500E+02  0.10374E+01 -0.44913E-16
 0.66750E+02  0.10376E+01  0.61014E-16
 0.67000E+02  0.10378E+01 -0.83232E-16
 0.67250E+02  0.10381E+01  0.86256E-16
 0.67500E+02  0.10383E+01 -0.62722E-16
 0.67750E+02  0.10386E+01  0.10349E-16
 0.68000E+02  0.10388E+01 -0.24945E-16
 0.68250E+02  0.10391E+01 -0.36211E-17
 0.68500E+02  0.10393E+01  0.12819E-15
 0.68750E+02  0.10395E+01 -0.41680E-16
 0.69000E+02  0.10398E+01  0.11941E-15
 0.69250E+02  0.10400E+01  0.13756E-15
 0.69500E+02  0.10403E+01 -0.92576E-16
 0.69750E+02  0.10405E+01 -0.16465E-16
 0.70000E+02  0.10408E+01 -0.50288E-17
 0.70250E+02  0.10410E+01 -0.18650E-15
 0.70500E+02  0.10412E+01  0.11657E-16
 0.70750E+02  0.10415E+01  0.11533E-16
 0.71000E+02  0.10417E+01  0.80566E-16
 0.71250E+02  0.10420E+01 -0.34344E-16
 0.71500E+02  0.10422E+01 -0.43321E-16
 0.71750E+02  0.10425E+01  0.45330E-16
 0.72000E+02  0.10427E+01  0.17317E-16
 0.72250E+02  0.10430E+01 -0.10838E-15
 0.72500E+02  0.10432E+01 -0.55972E-16
 0.72750E+02  0.10435E+01 -0.42362E-16
 0.73000E+02  0.10437E+01 -0.54857E-16
 0.73250E+02  0.10440E+01  0.26924E-16
 0.73500E+02  0.10442E+01 -0.12919E-15
 0.73750E+02  0.10444E+01  0.11259E-15
 0.74000E+02  0.10447E+01  0.83240E-16
 0.74250E+02  0.10449E+01  0.47710E-16
 0.74500E+02  0.10452E+01  0.97959E-16
 0.74750E+02  0.10454E+01 -0.10386E-15
 0.75000E+02  0.10457E+01  0.73387E-17
 0.75250E+02  0.10459E+01  0.62296E-16
 0.75500E+02  0.10462E+01 -0.94905E-16
 0.75750E+02  0.10464E+01  0.37083E-17
 0.76000E+02  0.10467E+01 -0.75289E-17
 0.76250E+02  0.10469E+01  0.19441E-16
 0.76500E+02  0.10472E+01 -0.59328E-16
 0.76750E+02  0.10475E+01 -0.29516E-16
 0.77000E+02  0.10477E+01  0.12047E-16
 0.77250E+02  0.10480E+01  0.56406E-16
 0.77500E+02  0.10482E+01 -0.68206E-16
 0.77750E+02  0.10485E+01 -0.80927E-16
 0.78000E+02  0.10487E+01  0.16208E-16
 0.78250E+02  0.10490E+01  0.35402E-16
 0.78500E+02  0.10492E+01  0.61794E-16
 0.78750E+02  0.10495E+01  0.64256E-17
 0.79000E+02  0.10497E+01 -0.71088E-16
 0.79250E+02  0.10500E+01 -0.32424E-17
 0.79500E+02  0.10502E+01  0.76125E-16
 0.79750E+02  0.10505E+01 -0.25394E-16
 0.80000E+02  0.10507E+01  0.16368E-16
 0.80250E+02  0.10510E+01  0.12143E-16
 0.80500E+02  0.10513E+01 -0.92930E-16
 0.80750E+02  0.10515E+01 -0.85657E-16
 0.81000E+02  0.10518E+01 -0.28189E-16
 0.81250E+02  0.10520E+01  0.69846E-17
 0.81500E+02  0.10523E+01  0.53870E-16
 0.81750E+02  0.10525E+01  0.48447E-16
 0.82000E+02  0.10528E+01  0.23878E-16
 0.82250E+02  0.10530E+01 -0.14122E-16
 0.82500E+02  0.10533E+01 -0.65191E-16
 0.82750E+02  0.10535E+01 -0.11831E-15
 0.83000E+02  0.10538E+01 -0.24808E-16
 0.83250E+02  0.10541E+01 -0.17674E-16
 0.83500E+02  0.10543E+01 -0.52707E-16
 0.83750E+02  0.10546E+01 -0.32939E-16
 0.84000E+02  0.10548E+01  0.82145E-16
 0.84250E+02  0.10551E+01  0.70643E-17
 0.84500E+02  0.10553E+01 -0.76599E-16
 0.84750E+02  0.10556E+01 -0.52733E-16
 0.85000E+02  0.10559E+01  0.13208E-15
 0.85250E+02  0.10561E+01  0.82799E-16
 0.85500E+02  0.10564E+01 -0.42917E-16
 0.85750E+02  0.10566E+01  0.52245E-16
 0.86000E+02  0.10569E+01  0.34793E-16
 0.86250E+02  0.10571E+01  0.32922E-16
 0.86500E+02  0.10574E+01 -0.38133E-16
 0.86750E+02  0.10577E+01 -0.12236E-15
 0.87000E+02  0.10579E+01 -0.75214E-16
 0.87250E+02  0.10582E+01  0.30813E-16
 0.87500E+02  0.10584E+01 -0.90448E-16
 0.87750E+02  0.10587E+01  0.40705E-16
 0.88000E+02  0.10590E+01  0.64078E-17
 0.88250E+02  0.10592E+01 -0.97930E-17
 0.88500E+02  0.10595E+01  0.27526E-16
 0.88750E+02  0.10597E+01 -0.16110E-15
 0.89000E+02  0.10600E+01 -0.28746E-16
 0.89250E+02  0.10602E+01  0.33156E-16
 0.89500E+02  0.10605E+01 -0.27824E-16
 0.89750E+02  0.10608E+01  0.51185E-16
 0.90000E+02  0.10610E+01 -0.55438E-16
 0.90250E+02  0.10613E+01 -0.74214E-16
 0.90500E+02  0.10615E+01 -0.10440E-15
 0.90750E+02  0.10618E+01  0.82874E-17
 0.91000E+02  0.10621E+01 -0.53312E-17
 0.91250E+02  0.10623E+01 -0.88544E-16
 0.91500E+02  0.10626E+01  0.29375E-16
 0.91750E+02  0.10628E+01 -0.26851E-17
 0.92000E+02  0.10631E+01 -0.26587E-16
 0.92250E+02  0.10633E+01 -0.58527E-16
 0.92500E+02  0.10636E+01  0.18325E-15
 0.92750E+02  0.10639E+01 -0.32919E-16
 0.93000E+02  0.10641E+01  0.11821E-15
 0.93250E+02  0.10644E+01 -0.56877E-16
 0.93500E+02  0.10646E+01 -0.40305E-16
 0.93750E+02  0.10649E+01  0.54722E-16
 0.94000E+02  0.10652E+01  0.23581E-17
 0.94250E+02  0.10654E+01  0.39949E-16
 0.94500E+02  0.10657E+01 -0.85445E-16
 0.94750E+02  0.10659E+01 -0.35257E-16
 0.95000E+02  0.10662E+01 -0.60461E-16
 0.95250E+02  0.10665E+01  0.17157E-16
 0.95500E+02  0.10667E+01 -0.18427E-15
 0.95750E+02  0.10670E+01  0.36321E-16
 0.96000E+02  0.10672E+01  0.12373E-16
 0.96250E+02  0.10675E+01 -0.91107E-16
 0.96500E+02  0.10677E+01  0.40454E-16
 0.96750E+02  0.10680E+01 -0.39302E-17
 0.97000E+02  0.10683E+01 -0.25967E-16
 0.97250E+02  0.10685E+01 -0.75555E-17
 0.97500E+02  0.10688E+01 -0.34993E-16
 0.97750E+02  0.10690E+01  0.50185E-16
 0.98000E+02  0.10693E+01 -0.46763E-16
 0.98250E+02  0.10695E+01 -0.16466E-17
 0.98500E+02  0.10698E+01  0.71429E-16
 0.98750E+02  0.10701E+01  0.77554E-16
 0.99000E+02  0.10703E+01 -0.73373E-16
 0.99250E+02  0.10706E+01  0.17144E-16
 0.99500E+02  0.10708E+01 -0.24578E-16
 0.99750E+02  0.10711E+01  0.15931E-16
 0.10000E+03  0.10714E+01  0.12831E-15
 0.10025E+03  0.10716E+01  0.46716E-16
 0.10050E+03  0.10719E+01 -0.74959E-16
 0.10075E+03  0.10721E+01 -0.26902E-16
 0.10100E+03  0.10724E+01  0.92632E-16
 0.10125E+03  0.10726E+01  0.11994E-16
 0.10150E+03  0.10729E+01 -0.76348E-16
 0.10175E+03  0.10731E+01  0.10964E-16
 0.10200E+03  0.10734E+01 -0.69402E-16
 0.10225E+03  0.10737E+01  0.58940E-16
 0.10250E+03  0.10739E+01  0.28189E-16
 0.10275E+03  0.10742E+01  0.68190E-16
 0.10300E+03  0.10744E+01  0.40610E-16
 0.10325E+03  0.10747E+01  0.27925E-16
 0.10350E+03  0.10749E+01 -0.10164E-15
 0.10375E+03  0.10752E+01 -0.54766E-16
 0.10400E+03  0.10755E+01  0.20126E-16
 0.10425E+03  0.10757E+01 -0.11858E-16
 0.10450E+03  0.10760E+01  0.33122E-16
 0.10475E+03  0.10762E+01 -0.49108E-16
 0.10500E+03  0.10765E+01 -0.12008E-16
 0.10525E+03  0.10767E+01  0.71754E-16
 0.10550E+03  0.10770E+01 -0.11277E-15
 0.10575E+03  0.10772E+01  0.88539E-16
 0.10600E+03  0.10775E+01 -0.78144E-16
 0.10625E+03  0.10777E+01  0.46688E-17
 0.10650E+03  0.10780E+01 -0.14996E-16
 0.10675E+03  0.10782E+01 -0.15308E-16
 0.10700E+03  0.10785E+01  0.40088E-16
 0.10725E+03  0.10788E+01  0.45265E-17
 0.10750E+03  0.10790E+01  0.12165E-15
 0.10775E+03  0.10793E+01  0.65716E-16
 0.10800E+03  0.10795E+01  0.66638E-16
 0.10825E+03  0.10798E+01 -0.16392E-16
 0.10850E+03  0.10800E+01  0.17706E-16
 0.10875E+03  0.10803E+01  0.29727E-16
 0.10900E+03  0.10805E+01  0.11726E-15
 0.10925E+03  0.10808E+01 -0.42901E-16
 0.10950E+03  0.10810E+01 -0.27918E-17
 0.10975E+03  0.10813E+01  0.22755E-16
 0.11000E+03  0.10815E+01  0.31848E-17
 0.11025E+03  0.10818E+01 -0.22253E-16
 0.11050E+03  0.10820E+01 -0.30561E-17
 0.11075E+03  0.10823E+01  0.16277E-16
 0.11100E+03  0.10825E+01 -0.24937E-17
 0.11125E+03  0.10828E+01  0.49460E-16
 0.11150E+03  0.10830E+01  0.63900E-16
 0.11175E+03  0.10833E+01  0.74336E-17
 0.11200E+03  0.10835E+01 -0.12949E-15
 0.11225E+03  0.10838E+01 -0.25784E-16
 0.11250E+03  0.10840E+01 -0.90368E-16
 0.11275E+03  0.10843E+01  0.99841E-16
 0.11300E+03  0.10845E+01  0.25845E-16
 0.11325E+03  0.10848E+01 -0.58696E-16
 0.11350E+03  0.10850E+01  0.81898E-16
 0.11375E+03  0.10853E+01  0.19167E-15
 0.11400E+03  0.10855E+01  0.90843E-16
 0.11425E+03  0.10857E+01 -0.10351E-15
 0.11450E+03  0.10860E+01  0.11192E-15
 0.11475E+03  0.10862E+01  0.29707E-16
 0.11500E+03  0.10865E+01  0.72330E-16
 0.11525E+03  0.10867E+01  0.41742E-17
 0.11550E+03  0.10870E+01 -0.33421E-16
 0.11575E+03  0.10872E+01  0.13756E-17
 0.11600E+03  0.10875E+01 -0.49656E-16
 0.11625E+03  0.10877E+01 -0.23317E-16
 0.11650E+03  0.10879E+01  0.15707E-16
 0.11675E+03  0.10882E+01 -0.53139E-16
 0.11700E+03  0.10884E+01  0.11980E-16
 0.11725E+03  0.10887E+01 -0.60986E-17
 0.11750E+03  0.10889E+01 -0.38001E-16
 0.11775E+03  0.10892E+01  0.12645E-16
 0.11800E+03  0.10894E+01 -0.44276E-16
 0.11825E+03  0.10896E+01  0.73184E-16
 0.11850E+03  0.10899E+01 -0.23283E-16
 0.11875E+03  0.10901E+01  0.75881E-16
 0.11900E+03  0.10904E+01 -0.21820E-17
 0.11925E+03  0.10906E+01 -0.63141E-16
 0.11950E+03  0.10908E+01 -0.29545E-17
 0.11975E+03  0.10911E+01  0.32255E-17
 0.12000E+03  0.10913E+01 -0.53749E-16
 0.12025E+03  0.10916E+01 -0.36497E-16
 0.12050E+03  0.10918E+01 -0.33610E-17
 0.12075E+03  0.10920E+01 -0.61366E-16
 0.12100E+03  0.10923E+01 -0.42447E-16
 0.12125E+03  0.10925E+01 -0.68928E-16
 0.12150E+03  0.10927E+01  0.12125E-15
 0.12175E+03  0.10930E+01 -0.29761E-16
 0.12200E+03  0.10932E+01  0.11579E-15
 0.12225E+03  0.10935E+01 -0.81139E-16
 0.12250E+03  0.10937E+01  0.34315E-16
 0.12275E+03  0.10939E+01  0.13946E-15
 0.12300E+03  0.10942E+01  0.53275E-16
 0.12325E+03  0.10944E+01 -0.23351E-16
 0.12350E+03  0.10946E+01  0.37568E-16
 0.12375E+03  0.10949E+01 -0.91371E-16
 0.12400E+03  0.10951E+01 -0.72804E-16
 0.12425E+03  0.10953E+01  0.20654E-16
 0.12450E+03  0.10956E+01 -0.14050E-15
 0.12475E+03  0.10958E+01 -0.49440E-16
 0.12500E+03  0.10960E+01  0.23812E-16
 0.12525E+03  0.10963E+01  0.30656E-16
 0.12550E+03  0.10965E+01 -0.19272E-16
 0.12575E+03  0.10967E+01 -0.28216E-16
 0.12600E+03  0.10969E+01  0.14920E-15
 0.12625E+03  0.10972E+01  0.26021E-17
 0.12650E+03  0.10974E+01 -0.14410E-15
 0.12675E+03  0.10976E+01  0.36239E-16
 0.12700E+03  0.10979E+01 -0.84608E-16
 0.12725E+03  0.10981E+01  0.14291E-15
 0.12750E+03  0.10983E+01 -0.59604E-16
 0.12775E+03  0.10985E+01 -0.10801E-15
 0.12800E+03  0.10988E+01 -0.14569E-15
 0.12825E+03  0.10990E+01 -0.16973E-15
 0.12850E+03  0.10992E+01 -0.31442E-17
 0.12875E+03  0.10994E+01  0.22660E-16
 0.12900E+03  0.10997E+01 -0.77304E-16
 0.12925E+03  0.10999E+01 -0.14807E-15
 0.12950E+03  0.11001E+01 -0.76043E-16
 0.12975E+03  0.11003E+01  0.10930E-15
 0.13000E+03  0.11006E+01  0.12096E-15
 0.13025E+03  0.11008E+01 -0.11875E-15
 0.13050E+03  0.11010E+01  0.11102E-15
 0.13075E+03  0.11012E+01 -0.86817E-16
 0.13100E+03  0.11014E+01  0.20467E-15
 0.13125E+03  0.11017E+01  0.23256E-15
 0.13150E+03  0.11019E+01  0.19976E-15
 0.13175E+03  0.11021E+01 -0.34209E-15
 0.13200E+03  0.11023E+01  0.10904E-15
 0.13225E+03  0.11025E+01  0.25948E-15
 0.13250E+03  0.11027E+01 -0.41417E-16
 0.13275E+03  0.11030E+01 -0.54752E-16
 0.13300E+03  0.11032E+01  0.13851E-16
 0.13325E+03  0.11034E+01 -0.22169E-15
 0.13350E+03  0.11036E+01  0.70446E-16
 0.13375E+03  0.11038E+01 -0.23988E-15
 0.13400E+03  0.11040E+01  0.17483E-16
 0.13425E+03  0.11042E+01 -0.23148E-16
 0.13450E+03  0.11045E+01 -0.67600E-16
 0.13475E+03  0.11047E+01  0.20895E-15
 0.13500E+03  0.11049E+01 -0.41498E-16
 0.13525E+03  0.11051E+01 -0.23920E-16
 0.13550E+03  0.11053E+01 -0.30619E-15
 0.13575E+03  0.11055E+01  0.25002E-15
 0.13600E+03  0.11057E+01 -0.19411E-15
 0.13625E+03  0.11059E+01  0.19167E-15
 0.13650E+03  0.11061E+01 -0.41910E-15
 0.13675E+03  0.11064E+01 -0.38787E-15
 0.13700E+03  0.11066E+01  0.59875E-16
 0.13725E+03  0.11068E+01  0.19848E-15
 0.13750E+03  0.11070E+01  0.15420E-15
 0.13775E+03  0.11072E+01 -0.36261E-15
 0.13800E+03  0.11074E+01  0.70717E-16
 0.13825E+03  0.11076E+01  0.22519E-15
 0.13850E+03  0.11078E+01 -0.13829E-15
 0.13875E+03  0.11080E+01 -0.41335E-17
 0.13900E+03  0.11082E+01 -0.17427E-15
 0.13925E+03  0.11084E+01  0.25477E-15
 0.13950E+03  0.11086E+01 -0.18852E-15
 0.13975E+03  0.11088E+01  0.16816E-15
 0.14000E+03  0.11090E+01 -0.56961E-15
 0.14025E+03  0.11092E+01 -0.11167E-16
 0.14050E+03  0.11094E+01 -0.49564E-15
 0.14075E+03  0.11096E+01 -0.89308E-15
 0.14100E+03  0.11098E+01 -0.10126E-15
 0.14125E+03  0.11100E+01 -0.31388E-16
 0.14150E+03  0.11102E+01 -0.26739E-15
 0.14175E+03  0.11104E+01  0.53752E-15
 0.14200E+03  0.11106E+01 -0.22410E-15
 0.14225E+03  0.11108E+01  0.36646E-16
 0.14250E+03  0.11110E+01  0.40275E-15
 0.14275E+03  0.11112E+01 -0.18599E-15
 0.14300E+03  0.11114E+01  0.15453E-15
 0.14325E+03  0.11115E+01 -0.43352E-15
 0.14350E+03  0.11117E+01 -0.30873E-15
 0.14375E+03  0.11119E+01 -0.99638E-15
 0.14400E+03  0.11121E+01 -0.18060E-15
 0.14425E+03  0.11123E+01  0.47895E-16
 0.14450E+03  0.11125E+01 -0.33865E-15
 0.14475E+03  0.11127E+01 -0.26116E-15
 0.14500E+03  0.11129E+01  0.70367E-15
 0.14525E+03  0.11131E+01 -0.30959E-15
 0.14550E+03  0.11132E+01 -0.67665E-15
 0.14575E+03  0.11134E+01  0.71612E-16
 0.14600E+03  0.11136E+01  0.25644E-15
 0.14625E+03  0.11138E+01  0.11350E-14
 0.14650E+03  0.11140E+01  0.65025E-15
 0.14675E+03  0.11142E+01 -0.80120E-15
 0.14700E+03  0.11144E+01 -0.19334E-15
 0.14725E+03  0.11145E+01  0.65036E-15
 0.14750E+03  0.11147E+01 -0.22020E-15
 0.14775E+03  0.11149E+01 -0.12021E-14
 0.14800E+03  0.11151E+01 -0.47027E-16
 0.14825E+03  0.11153E+01  0.18277E-15
 0.14850E+03  0.11154E+01  0.43940E-15
 0.14875E+03  0.11156E+01 -0.40818E-15
 0.14900E+03  0.11158E+01 -0.13194E-14
 0.14925E+03  0.11160E+01  0.17423E-14
 0.14950E+03  0.11161E+01 -0.62553E-15
 0.14975E+03  0.11163E+01 -0.11745E-14
 0.15000E+03  0.11165E+01  0.47426E-15
 0.15025E+03  0.11167E+01 -0.12479E-14
 0.15050E+03  0.11168E+01 -0.90981E-15
 0.15075E+03  0.11170E+01  0.75366E-15
 0.15100E+03  0.11172E+01 -0.23208E-14
 0.15125E+03  0.11173E+01 -0.38397E-15
 0.15150E+03  0.11175E+01  0.42747E-15
 0.15175E+03  0.11177E+01  0.12546E-14
 0.15200E+03  0.11178E+01 -0.26343E-15
 0.15225E+03  0.11180E+01  0.32770E-16
 0.15250E+03  0.11182E+01 -0.90263E-15
 0.15275E+03  0.11183E+01 -0.31800E-15
 0.15300E+03  0.11185E+01 -0.10733E-14
 0.15325E+03  0.11187E+01 -0.18308E-14
 0.15350E+03  0.11188E+01  0.68288E-15
 0.15375E+03  0.11190E+01 -0.12276E-14
 0.15400E+03  0.11192E+01  0.72411E-15
 0.15425E+03  0.11193E+01 -0.33296E-14
 0.15450E+03  0.11195E+01  0.11817E-14
 0.15475E+03  0.11196E+01 -0.16532E-14
 0.15500E+03  0.11198E+01 -0.92179E-15
 0.15525E+03  0.11200E+01 -0.14941E-14
 0.15550E+03  0.11201E+01 -0.14038E-14
 0.15575E+03  0.11203E+01  0.10675E-14
 0.15600E+03  0.11204E+01 -0.14813E-14
 0.15625E+03  0.11206E+01 -0.85836E-15
 0.15650E+03  0.11207E+01 -0.43065E-15
 0.15675E+03  0.11209E+01 -0.12655E-14
 0.15700E+03  0.11210E+01 -0.14174E-14
 0.15725E+03  0.11212E+01 -0.35047E-16
 0.15750E+03  0.11213E+01  0.23035E-14
 0.15775E+03  0.11215E+01 -0.23554E-15
 0.15800E+03  0.11216E+01 -0.21008E-14
 0.15825E+03  0.11218E+01  0.17995E-14
 0.15850E+03  0.11219E+01 -0.73054E-15
 0.15875E+03  0.11221E+01  0.20031E-14
 0.15900E+03  0.11222E+01  0.57633E-15
 0.15925E+03  0.11224E+01 -0.16223E-14
 0.15950E+03  0.11225E+01 -0.48898E-15
 0.15975E+03  0.11227E+01  0.16943E-14
 0.16000E+03  0.11228E+01  0.15984E-14
 0.16025E+03  0.11229E+01  0.14044E-14
 0.16050E+03  0.11231E+01 -0.56487E-16
 0.16075E+03  0.11232E+01  0.20056E-14
 0.16100E+03  0.11234E+01 -0.40786E-14
 0.16125E+03  0.11235E+01 -0.51359E-15
 0.16150E+03  0.11236E+01  0.11786E-14
 0.16175E+03  0.11238E+01  0.21340E-14
 0.16200E+03  0.11239E+01  0.13142E-14
 0.16225E+03  0.11240E+01 -0.15901E-14
 0.16250E+03  0.11242E+01  0.11877E-14
 0.16275E+03  0.11243E+01  0.15894E-14
 0.16300E+03  0.11244E+01 -0.37284E-14
 0.16325E+03  0.11246E+01 -0.14459E-14
 0.16350E+03  0.11247E+01 -0.13504E-15
 0.16375E+03  0.11248E+01 -0.61594E-15
 0.16400E+03  0.11250E+01  0.30667E-15
 0.16425E+03  0.11251E+01 -0.42159E-14
 0.16450E+03  0.11252E+01 -0.21539E-14
 0.16475E+03  0.11253E+01  0.21606E-14
 0.16500E+03  0.11255E+01  0.21112E-14
 0.16525E+03  0.11256E+01 -0.17195E-14
 0.16550E+03  0.11257E+01  0.12194E-14
 0.16575E+03  0.11258E+01  0.18216E-14
 0.16600E+03  0.11260E+01  0.17079E-14
 0.16625E+03  0.11261E+01 -0.20702E-14
 0.16650E+03  0.11262E+01 -0.21684E-16
 0.16675E+03  0.11263E+01  0.35099E-14
 0.16700E+03  0.11264E+01 -0.11688E-14
 0.16725E+03  0.11266E+01 -0.44448E-14
 0.16750E+03  0.11267E+01  0.64244E-15
 0.16775E+03  0.11268E+01  0.66754E-15
 0.16800E+03  0.11269E+01 -0.52628E-14
 0.16825E+03  0.11270E+01  0.31126E-14
 0.16850E+03  0.11271E+01 -0.38088E-14
 0.16875E+03  0.11272E+01  0.54770E-14
 0.16900E+03  0.11274E+01 -0.17533E-14
 0.16925E+03  0.11275E+01  0.20161E-15
 0.16950E+03  0.11276E+01  0.34823E-14
 0.16975E+03  0.11277E+01  0.20960E-14
 0.17000E+03  0.11278E+01  0.19489E-15
 0.17025E+03  0.11279E+01 -0.39915E-15
 0.17050E+03  0.11280E+01  0.94982E-15
 0.17075E+03  0.11281E+01 -0.57257E-15
 0.17100E+03  0.11282E+01  0.46010E-14
 0.17125E+03  0.11283E+01  0.11340E-14
 0.17150E+03  0.11284E+01 -0.16676E-14
 0.17175E+03  0.11285E+01  0.35128E-15
 0.17200E+03  0.11286E+01 -0.36213E-14
 0.17225E+03  0.11287E+01  0.23687E-14
 0.17250E+03  0.11288E+01 -0.29165E-15
 0.17275E+03  0.11289E+01 -0.28906E-14
 0.17300E+03  0.11290E+01  0.38670E-14
 0.17325E+03  0.11291E+01  0.31498E-14
 0.17350E+03  0.11292E+01  0.29241E-15
 0.17375E+03  0.11293E+01 -0.83098E-14
 0.17400E+03  0.11294E+01  0.29030E-15
 0.17425E+03  0.11295E+01 -0.14578E-14
 0.17450E+03  0.11296E+01 -0.72929E-15
 0.17475E+03  0.11297E+01  0.17090E-14
 0.17500E+03  0.11298E+01  0.25652E-14
 0.17525E+03  0.11298E+01  0.15537E-14
 0.17550E+03  0.11299E+01 -0.25659E-14
 0.17575E+03  0.11300E+01  0.80670E-15
 0.17600E+03  0.11301E+01  0.38879E-14
 0.17625E+03  0.11302E+01 -0.35606E-14
 0.17650E+03  0.11303E+01  0.43885E-14
 0.17675E+03  0.11304E+01  0.49594E-14
 0.17700E+03  0.11304E+01  0.52628E-14
 0.17725E+03  0.11305E+01  0.13439E-13
 0.17750E+03  0.11306E+01  0.38489E-16
 0.17775E+03  0.11307E+01  0.80571E-14
 0.17800E+03  0.11308E+01  0.10401E-14
 0.17825E+03  0.11308E+01 -0.58417E-15
 0.17850E+03  0.11309E+01  0.83308E-14
 0.17875E+03  0.11310E+01  0.46274E-15
 0.17900E+03  0.11311E+01  0.38422E-14
 0.17925E+03  0.11311E+01 -0.66620E-14
 0.17950E+03  0.11312E+01  0.42767E-14
 0.17975E+03  0.11313E+01 -0.83798E-15
 0.18000E+03  0.11314E+01  0.47701E-14
 0.18025E+03  0.11314E+01 -0.11125E-13
 0.18050E+03  0.11315E+01 -0.30193E-14
 0.18075E+03  0.11316E+01  0.86283E-14
 0.18100E+03  0.11316E+01  0.22833E-15
 0.18125E+03  0.11317E+01 -0.52254E-14
 0.18150E+03  0.11318E+01 -0.80155E-15
 0.18175E+03  0.11318E+01  0.46404E-14
 0.18200E+03  0.11319E+01  0.94406E-14
 0.18225E+03  0.11320E+01 -0.10342E-13
 0.18250E+03  0.11320E+01 -0.13252E-14
 0.18275E+03  0.11321E+01 -0.68643E-14
 0.18300E+03  0.11321E+01  0.40165E-14
 0.18325E+03  0.11322E+01  0.11747E-13
 0.18350E+03  0.11323E+01  0.35456E-14
 0.18375E+03  0.11323E+01 -0.82310E-14
 0.18400E+03  0.11324E+01  0.15992E-14
 0.18425E+03  0.11324E+01 -0.33108E-14
 0.18450E+03  0.11325E+01 -0.17160E-14
 0.18475E+03  0.11325E+01  0.85682E-14
 0.18500E+03  0.11326E+01  0.81766E-14
 0.18525E+03  0.11326E+01 -0.44712E-15
 0.18550E+03  0.11327E+01  0.21912E-15
 0.18575E+03  0.11327E+01 -0.29317E-15
 0.18600E+03  0.11328E+01 -0.20862E-14
 0.18625E+03  0.11328E+01 -0.11072E-14
 0.18650E+03  0.11329E+01  0.50006E-14
 0.18675E+03  0.11329E+01  0.28215E-14
 0.18700E+03  0.11330E+01 -0.21740E-14
 0.18725E+03  0.11330E+01  0.13296E-14
 0.18750E+03  0.11331E+01  0.26887E-14
 0.18775E+03  0.11331E+01 -0.54188E-15
 0.18800E+03  0.11332E+01  0.46450E-14
 0.18825E+03  0.11332E+01  0.27253E-14
 0.18850E+03  0.11332E+01 -0.98077E-15
 0.18875E+03  0.11333E+01  0.44864E-15
 0.18900E+03  0.11333E+01  0.10554E-14
 0.18925E+03  0.11334E+01  0.18959E-14
 0.18950E+03  0.11334E+01  0.81131E-15
 0.18975E+03  0.11334E+01  0.12948E-14
 0.19000E+03  0.11335E+01  0.60358E-15
 0.19025E+03  0.11335E+01  0.27842E-15
 0.19050E+03  0.11335E+01 -0.16382E-15
 0.19075E+03  0.11336E+01  0.69909E-15
 0.19100E+03  0.11336E+01  0.70885E-15
 0.19125E+03  0.11336E+01  0.82193E-15
 0.19150E+03  0.11337E+01  0.21120E-14
 0.19175E+03  0.11337E+01  0.10083E-14
 0.19200E+03  0.11337E+01  0.23321E-15
 0.19225E+03  0.11337E+01 -0.21827E-14
 0.19250E+03  0.11338E+01 -0.28671E-14
 0.19275E+03  0.11338E+01  0.24470E-14
 0.19300E+03  0.11338E+01 -0.25627E-14
 0.19325E+03  0.11338E+01 -0.43168E-14
 0.19350E+03  0.11339E+01 -0.13401E-15
 0.19375E+03  0.11339E+01 -0.29293E-14
 0.19400E+03  0.11339E+01 -0.11293E-14
 0.19425E+03  0.11339E+01 -0.34694E-16
 0.19450E+03  0.11340E+01 -0.11117E-14
 0.19475E+03  0.11340E+01 -0.52614E-14
 0.19500E+03  0.11340E+01  0.39738E-14
 0.19525E+03  0.11340E+01  0.13704E-15
 0.19550E+03  0.11340E+01 -0.28433E-14
 0.19575E+03  0.11340E+01 -0.58137E-14
 0.19600E+03  0.11341E+01  0.24763E-14
 0.19625E+03  0.11341E+01 -0.43952E-14
 0.19650E+03  0.11341E+01  0.14084E-13
 0.19675E+03  0.11341E+01 -0.32105E-14
 0.19700E+03  0.11341E+01  0.87139E-14
 0.19725E+03  0.11341E+01 -0.16296E-14
 0.19750E+03  0.11341E+01  0.11441E-14
 0.19775E+03  0.11341E+01  0.41373E-15
 0.19800E+03  0.11341E+01 -0.10725E-14
 0.19825E+03  0.11341E+01  0.21170E-14
 0.19850E+03  0.11341E+01 -0.53948E-14
 0.19875E+03  0.11342E+01  0.86340E-14
 0.19900E+03  0.11342E+01  0.51164E-15
 0.19925E+03  0.11342E+01  0.75072E-14
 0.19950E+03  0.11342E+01  0.10435E-14
 0.19975E+03  0.11342E+01 -0.90941E-14
 0.20000E+03  0.11342E+01  0.21668E-14
 0.20025E+03  0.11342E+01 -0.29344E-14
 0.20050E+03  0.11342E+01 -0.52775E-14
 0.20075E+03  0.11342E+01  0.38626E-14
 0.20100E+03  0.11342E+01 -0.61535E-14
 0.20125E+03  0.11342E+01 -0.12425E-14
 0.20150E+03  0.11342E+01 -0.11035E-13
 0.20175E+03  0.11342E+01  0.13884E-13
 0.20200E+03  0.11341E+01 -0.10011E-13
 0.20225E+03  0.11341E+01  0.13397E-13
 0.20250E+03  0.11341E+01 -0.20383E-16
 0.20275E+03  0.11341E+01 -0.35084E-14
 0.20300E+03  0.11341E+01  0.73566E-14
 0.20325E+03  0.11341E+01 -0.40530E-14
 0.20350E+03  0.11341E+01  0.28974E-14
 0.20375E+03  0.11341E+01 -0.15339E-13
 0.20400E+03  0.11341E+01  0.16904E-14
 0.20425E+03  0.11341E+01  0.50104E-14
 0.20450E+03  0.11340E+01 -0.69407E-14
 0.20475E+03  0.11340E+01 -0.14230E-14
 0.20500E+03  0.11340E+01  0.84131E-14
 0.20525E+03  0.11340E+01  0.89851E-14
 0.20550E+03  0.11340E+01 -0.96968E-14
 0.20575E+03  0.11340E+01  0.20231E-14
 0.20600E+03  0.11339E+01  0.31590E-14
 0.20625E+03  0.11339E+01 -0.51181E-14
 0.20650E+03  0.11339E+01  0.79256E-14
 0.20675E+03  0.11339E+01 -0.70717E-14
 0.20700E+03  0.11339E+01  0.63853E-14
 0.20725E+03  0.11338E+01  0.89721E-14
 0.20750E+03  0.11338E+01  0.64896E-14
 0.20775E+03  0.11338E+01  0.10719E-13
 0.20800E+03  0.11338E+01 -0.91959E-14
 0.20825E+03  0.11338E+01 -0.85541E-14
 0.20850E+03  0.11337E+01 -0.14081E-13
 0.20875E+03  0.11337E+01  0.18077E-13
 0.20900E+03  0.11337E+01  0.58482E-15
 0.20925E+03  0.11336E+01 -0.74165E-14
 0.20950E+03  0.11336E+01  0.61149E-14
 0.20975E+03  0.11336E+01  0.54255E-14
 0.21000E+03  0.11336E+01 -0.24178E-15
 0.21025E+03  0.11335E+01  0.84284E-14
 0.21050E+03  0.11335E+01  0.70691E-14
 0.21075E+03  0.11335E+01 -0.24908E-14
 0.21100E+03  0.11334E+01 -0.65444E-14
 0.21125E+03  0.11334E+01 -0.44113E-14
 0.21150E+03  0.11334E+01  0.77484E-14
 0.21175E+03  0.11333E+01 -0.12954E-13
 0.21200E+03  0.11333E+01  0.18571E-14
 0.21225E+03  0.11333E+01  0.10057E-13
 0.21250E+03  0.11332E+01  0.67530E-14
 0.21275E+03  0.11332E+01  0.25890E-14
 0.21300E+03  0.11332E+01 -0.44054E-14
 0.21325E+03  0.11331E+01  0.76024E-15
 0.21350E+03  0.11331E+01 -0.40049E-14
 0.21375E+03  0.11330E+01 -0.82652E-14
 0.21400E+03  0.11330E+01  0.18788E-14
 0.21425E+03  0.11330E+01 -0.33943E-14
 0.21450E+03  0.11329E+01 -0.21371E-14
 0.21475E+03  0.11329E+01 -0.90900E-15
 0.21500E+03  0.11328E+01  0.38103E-14
 0.21525E+03  0.11328E+01  0.43113E-14
 0.21550E+03  0.11327E+01  0.45840E-15
 0.21575E+03  0.11327E+01  0.30694E-14
 0.21600E+03  0.11327E+01 -0.26788E-14
 0.21625E+03  0.11326E+01  0.34675E-14
 0.21650E+03  0.11326E+01  0.21742E-14
 0.21675E+03  0.11325E+01  0.18743E-14
 0.21700E+03  0.11325E+01 -0.22658E-14
 0.21725E+03  0.11324E+01 -0.43485E-14
 0.21750E+03  0.11324E+01 -0.68502E-14
 0.21775E+03  0.11323E+01 -0.39104E-14
 0.21800E+03  0.11323E+01 -0.43519E-14
 0.21825E+03  0.11322E+01  0.35214E-14
 0.21850E+03  0.11322E+01 -0.19555E-14
 0.21875E+03  0.11321E+01  0.26536E-14
 0.21900E+03  0.11321E+01 -0.12920E-14
 0.21925E+03  0.11320E+01 -0.82508E-16
 0.21950E+03  0.11320E+01  0.78154E-14
 0.21975E+03  0.11319E+01 -0.26835E-14
 0.22000E+03  0.11318E+01 -0.67221E-15
 0.22025E+03  0.11318E+01  0.39476E-15
 0.22050E+03  0.11317E+01 -0.25995E-14
 0.22075E+03  0.11317E+01  0.67052E-15
 0.22100E+03  0.11316E+01  0.37484E-14
 0.22125E+03  0.11316E+01  0.25118E-14
 0.22150E+03  0.11315E+01 -0.42739E-15
 0.22175E+03  0.11314E+01  0.90076E-15
 0.22200E+03  0.11314E+01 -0.16528E-14
 0.22225E+03  0.11313E+01  0.19304E-14
 0.22250E+03  0.11313E+01  0.39534E-14
 0.22275E+03  0.11312E+01  0.34060E-14
 0.22300E+03  0.11311E+01 -0.37954E-14
 0.22325E+03  0.11311E+01  0.32751E-14
 0.22350E+03  0.11310E+01  0.36434E-14
 0.22375E+03  0.11310E+01 -0.43644E-14
 0.22400E+03  0.11309E+01  0.98985E-15
 0.22425E+03  0.11308E+01  0.37374E-14
 0.22450E+03  0.11308E+01  0.24756E-14
 0.22475E+03  0.11307E+01 -0.12174E-14
 0.22500E+03  0.11306E+01 -0.76146E-14
 0.22525E+03  0.11306E+01  0.45946E-14
 0.22550E+03  0.11305E+01 -0.38478E-14
 0.22575E+03  0.11304E+01 -0.39391E-14
 0.22600E+03  0.11304E+01  0.68188E-15
 0.22625E+03  0.11303E+01  0.54034E-14
 0.22650E+03  0.11302E+01  0.12952E-14
 0.22675E+03  0.11302E+01  0.31712E-14
 0.22700E+03  0.11301E+01 -0.21067E-14
 0.22725E+03  0.11300E+01  0.60670E-14
 0.22750E+03  0.11300E+01 -0.81071E-14
 0.22775E+03  0.11299E+01  0.38045E-15
 0.22800E+03  0.11298E+01 -0.13236E-14
 0.22825E+03  0.11297E+01  0.67933E-14
 0.22850E+03  0.11297E+01 -0.27794E-14
 0.22875E+03  0.11296E+01  0.21689E-14
 0.22900E+03  0.11295E+01 -0.32720E-14
 0.22925E+03  0.11295E+01 -0.11411E-14
 0.22950E+03  0.11294E+01  0.25812E-14
 0.22975E+03  0.11293E+01 -0.18337E-14
 0.23000E+03  0.11292E+01  0.32314E-14
 0.23025E+03  0.11292E+01  0.63155E-15
 0.23050E+03  0.11291E+01 -0.49645E-14
 0.23075E+03  0.11290E+01 -0.84001E-14
 0.23100E+03  0.11289E+01 -0.32476E-14
 0.23125E+03  0.11289E+01  0.24611E-16
 0.23150E+03  0.11288E+01 -0.19059E-14
 0.23175E+03  0.11287E+01  0.17398E-14
 0.23200E+03  0.11286E+01  0.99410E-15
 0.23225E+03  0.11286E+01 -0.32842E-14
 0.23250E+03  0.11285E+01  0.10880E-14
 0.23275E+03  0.11284E+01  0.43032E-15
 0.23300E+03  0.11283E+01  0.40050E-14
 0.23325E+03  0.11282E+01  0.89815E-15
 0.23350E+03  0.11282E+01  0.45216E-14
 0.23375E+03  0.11281E+01 -0.17152E-15
 0.23400E+03  0.11280E+01  0.79385E-15
 0.23425E+03  0.11279E+01 -0.19532E-14
 0.23450E+03  0.11279E+01 -0.13169E-14
 0.23475E+03  0.11278E+01  0.12613E-14
 0.23500E+03  0.11277E+01 -0.73108E-15
 0.23525E+03  0.11276E+01 -0.45869E-14
 0.23550E+03  0.11275E+01  0.23046E-14
 0.23575E+03  0.11274E+01 -0.32389E-14
 0.23600E+03  0.11274E+01 -0.89154E-15
 0.23625E+03  0.11273E+01  0.20036E-15
 0.23650E+03  0.11272E+01  0.31055E-14
 0.23675E+03  0.11271E+01 -0.43666E-14
 0.23700E+03  0.11270E+01 -0.24185E-14
 0.23725E+03  0.11270E+01  0.46665E-14
 0.23750E+03  0.11269E+01  0.16747E-14
 0.23775E+03  0.11268E+01 -0.69421E-15
 0.23800E+03  0.11267E+01 -0.27331E-14
 0.23825E+03  0.11266E+01  0.42375E-14
 0.23850E+03  0.11265E+01 -0.13152E-14
 0.23875E+03  0.11265E+01  0.19824E-14
 0.23900E+03  0.11264E+01  0.29367E-14
 0.23925E+03  0.11263E+01 -0.86736E-17
 0.23950E+03  0.11262E+01  0.83679E-15
 0.23975E+03  0.11261E+01  0.10939E-14
 0.24000E+03  0.11260E+01 -0.27674E-14
 0.24025E+03  0.11259E+01  0.24080E-14
 0.24050E+03  0.11259E+01 -0.29629E-14
 0.24075E+03  0.11258E+01 -0.74192E-15
 0.24100E+03  0.11257E+01  0.76154E-15
 0.24125E+03  0.11256E+01  0.14374E-14
 0.24150E+03  0.11255E+01  0.27777E-15
 0.24175E+03  0.11254E+01  0.43615E-14
 0.24200E+03  0.11253E+01  0.46230E-15
 0.24225E+03  0.11253E+01  0.41371E-14
 0.24250E+03  0.11252E+01 -0.78247E-15
 0.24275E+03  0.11251E+01  0.27224E-15
 0.24300E+03  0.11250E+01  0.94738E-15
 0.24325E+03  0.11249E+01 -0.91789E-15
 0.24350E+03  0.11248E+01  0.75894E-18
 0.24375E+03  0.11247E+01 -0.41140E-14
 0.24400E+03  0.11246E+01 -0.27243E-14
 0.24425E+03  0.11246E+01 -0.49591E-15
 0.24450E+03  0.11245E+01 -0.31558E-14
 0.24475E+03  0.11244E+01  0.57181E-15
 0.24500E+03  0.11243E+01 -0.26895E-14
 0.24525E+03  0.11242E+01 -0.22187E-14
 0.24550E+03  0.11241E+01  0.46144E-15
 0.24575E+03  0.11240E+01  0.79700E-15
 0.24600E+03  0.11239E+01  0.27205E-14
 0.24625E+03  0.11238E+01 -0.14266E-14
 0.24650E+03  0.11238E+01 -0.21866E-14
 0.24675E+03  0.11237E+01  0.32192E-14
 0.24700E+03  0.11236E+01 -0.11835E-14
 0.24725E+03  0.11235E+01  0.10786E-14
 0.24750E+03  0.11234E+01 -0.15390E-14
 0.24775E+03  0.11233E+01  0.78800E-15
 0.24800E+03  0.11232E+01  0.36803E-14
 0.24825E+03  0.11231E+01 -0.25206E-14
 0.24850E+03  0.11230E+01  0.88818E-15
 0.24875E+03  0.11230E+01  0.12752E-14
 0.24900E+03  0.11229E+01  0.21641E-14
 0.24925E+03  0.11228E+01  0.10272E-14
 0.24950E+03  0.11227E+01 -0.39400E-15
 0.24975E+03  0.11226E+01  0.67155E-15
 0.25000E+03  0.11225E+01 -0.21061E-14
 0.25025E+03  0.11224E+01 -0.25317E-14
 0.25050E+03  0.11223E+01 -0.32540E-14
 0.25075E+03  0.11223E+01 -0.10108E-14
 0.25100E+03  0.11222E+01  0.58362E-14
 0.25125E+03  0.11221E+01  0.29638E-14
 0.25150E+03  0.11220E+01 -0.16800E-14
 0.25175E+03  0.11219E+01 -0.15232E-14
 0.25200E+03  0.11218E+01 -0.12717E-14
 0.25225E+03  0.11217E+01 -0.10144E-14
 0.25250E+03  0.11216E+01  0.36242E-14
 0.25275E+03  0.11215E+01 -0.14699E-14
 0.25300E+03  0.11215E+01  0.12455E-14
 0.25325E+03  0.11214E+01  0.22443E-15
 0.25350E+03  0.11213E+01  0.17549E-14
 0.25375E+03  0.11212E+01 -0.49505E-15
 0.25400E+03  0.11211E+01 -0.24804E-14
 0.25425E+03  0.11210E+01  0.61084E-15
 0.25450E+03  0.11209E+01  0.97578E-15
 0.25475E+03  0.11208E+01  0.52313E-15
 0.25500E+03  0.11208E+01 -0.15815E-14
 0.25525E+03  0.11207E+01  0.26977E-14
 0.25550E+03  0.11206E+01  0.29821E-14
 0.25575E+03  0.11205E+01 -0.10972E-15
 0.25600E+03  0.11204E+01 -0.31306E-14
 0.25625E+03  0.11203E+01 -0.16079E-15
 0.25650E+03  0.11202E+01  0.30887E-14
 0.25675E+03  0.11201E+01  0.12794E-16
 0.25700E+03  0.11201E+01  0.45414E-14
 0.25725E+03  0.11200E+01 -0.66570E-16
 0.25750E+03  0.11199E+01  0.29052E-14
 0.25775E+03  0.11198E+01  0.43104E-14
 0.25800E+03  0.11197E+01 -0.52714E-15
 0.25825E+03  0.11196E+01  0.34471E-14
 0.25850E+03  0.11195E+01 -0.60536E-15
 0.25875E+03  0.11195E+01 -0.63388E-15
 0.25900E+03  0.11194E+01 -0.22839E-14
 0.25925E+03  0.11193E+01  0.15860E-14
 0.25950E+03  0.11192E+01 -0.19605E-14
 0.25975E+03  0.11191E+01 -0.42772E-15
 0.26000E+03  0.11190E+01  0.14360E-14
 0.26025E+03  0.11190E+01 -0.45737E-15
 0.26050E+03  0.11189E+01 -0.11626E-14
 0.26075E+03  0.11188E+01  0.87528E-15
 0.26100E+03  0.11187E+01  0.65518E-15
 0.26125E+03  0.11186E+01 -0.58135E-15
 0.26150E+03  0.11185E+01  0.17941E-14
 0.26175E+03  0.11185E+01  0.11367E-14
 0.26200E+03  0.11184E+01  0.45330E-15
 0.26225E+03  0.11183E+01 -0.19331E-14
 0.26250E+03  0.11182E+01 -0.23811E-14
 0.26275E+03  0.11181E+01  0.14429E-14
 0.26300E+03  0.11181E+01  0.12665E-14
 0.26325E+03  0.11180E+01  0.14276E-14
 0.26350E+03  0.11179E+01 -0.28840E-15
 0.26375E+03  0.11178E+01 -0.27605E-14
 0.26400E+03  0.11177E+01  0.12824E-14
 0.26425E+03  0.11177E+01  0.11561E-14
 0.26450E+03  0.11176E+01 -0.82600E-15
 0.26475E+03  0.11175E+01  0.79369E-15
 0.26500E+03  0.11174E+01 -0.14160E-14
 0.26525E+03  0.11173E+01 -0.14308E-14
 0.26550E+03  0.11173E+01  0.17420E-14
 0.26575E+03  0.11172E+01  0.12293E-14
 0.26600E+03  0.11171E+01  0.13292E-15
 0.26625E+03  0.11170E+01 -0.35594E-15
 0.26650E+03  0.11170E+01  0.15930E-15
 0.26675E+03  0.11169E+01  0.11617E-14
 0.26700E+03  0.11168E+01 -0.98765E-15
 0.26725E+03  0.11167E+01  0.20732E-14
 0.26750E+03  0.11167E+01  0.88888E-15
 0.26775E+03  0.11166E+01  0.16189E-14
 0.26800E+03  0.11165E+01  0.18801E-14
 0.26825E+03  0.11165E+01  0.37077E-15
 0.26850E+03  0.11164E+01 -0.17506E-14
 0.26875E+03  0.11163E+01  0.29067E-15
 0.26900E+03  0.11162E+01 -0.88438E-15
 0.26925E+03  0.11162E+01  0.40411E-15
 0.26950E+03  0.11161E+01 -0.12256E-14
 0.26975E+03  0.11160E+01 -0.22480E-14
 0.27000E+03  0.11160E+01 -0.20974E-15
 0.27025E+03  0.11159E+01 -0.12563E-14
 0.27050E+03  0.11158E+01  0.38608E-15
 0.27075E+03  0.11158E+01  0.53728E-15
 0.27100E+03  0.11157E+01  0.16370E-14
 0.27125E+03  0.11156E+01 -0.85370E-15
 0.27150E+03  0.11156E+01 -0.89859E-15
 0.27175E+03  0.11155E+01 -0.22660E-15
 0.27200E+03  0.11154E+01  0.31973E-15
 0.27225E+03  0.11154E+01  0.10511E-15
 0.27250E+03  0.11153E+01  0.29615E-15
 0.27275E+03  0.11152E+01 -0.75146E-15
 0.27300E+03  0.11152E+01 -0.82291E-15
 0.27325E+03  0.11151E+01 -0.84600E-15
 0.27350E+03  0.11150E+01  0.98478E-15
 0.27375E+03  0.11150E+01 -0.67296E-15
 0.27400E+03  0.11149E+01 -0.59078E-15
 0.27425E+03  0.11149E+01 -0.12036E-14
 0.27450E+03  0.11148E+01  0.10182E-14
 0.27475E+03  0.11147E+01  0.15217E-14
 0.27500E+03  0.11147E+01 -0.72370E-15
 0.27525E+03  0.11146E+01  0.66581E-15
 0.27550E+03  0.11146E+01  0.57552E-15
 0.27575E+03  0.11145E+01  0.38560E-15
 0.27600E+03  0.11145E+01 -0.38866E-15
 0.27625E+03  0.11144E+01  0.17871E-14
 0.27650E+03  0.11143E+01  0.37286E-15
 0.27675E+03  0.11143E+01  0.40569E-15
 0.27700E+03  0.11142E+01 -0.90920E-15
 0.27725E+03  0.11142E+01  0.99489E-16
 0.27750E+03  0.11141E+01  0.17039E-16
 0.27775E+03  0.11141E+01 -0.31580E-15
 0.27800E+03  0.11140E+01  0.77541E-16
 0.27825E+03  0.11140E+01 -0.19124E-15
 0.27850E+03  0.11139E+01 -0.35970E-15
 0.27875E+03  0.11139E+01  0.10404E-15
 0.27900E+03  0.11138E+01 -0.78438E-15
 0.27925E+03  0.11138E+01 -0.39580E-15
 0.27950E+03  0.11137E+01  0.40967E-15
 0.27975E+03  0.11137E+01  0.22278E-15
 0.28000E+03  0.11137E+01  0.48626E-15
 0.28025E+03  0.11136E+01 -0.52267E-15
 0.28050E+03  0.11136E+01  0.25099E-15
 0.28075E+03  0.11135E+01 -0.12279E-16
 0.28100E+03  0.11135E+01  0.25967E-16
 0.28125E+03  0.11134E+01  0.58536E-15
 0.28150E+03  0.11134E+01 -0.42303E-15
 0.28175E+03  0.11134E+01  0.34659E-15
 0.28200E+03  0.11133E+01 -0.21624E-15
 0.28225E+03  0.11133E+01  0.33204E-16
 0.28250E+03  0.11132E+01  0.38278E-15
 0.28275E+03  0.11132E+01 -0.38896E-15
 0.28300E+03  0.11132E+01  0.34857E-15
 0.28325E+03  0.11131E+01  0.41948E-15
 0.28350E+03  0.11131E+01  0.17423E-15
 0.28375E+03  0.11131E+01 -0.53993E-16
 0.28400E+03  0.11130E+01  0.38804E-15
 0.28425E+03  0.11130E+01 -0.22768E-15
 0.28450E+03  0.11130E+01 -0.91724E-16
 0.28475E+03  0.11129E+01  0.14040E-16
 0.28500E+03  0.11129E+01  0.67936E-15
 0.28525E+03  0.11129E+01 -0.13390E-16
 0.28550E+03  0.11129E+01  0.39741E-15
 0.28575E+03  0.11128E+01  0.10105E-15
 0.28600E+03  0.11128E+01  0.28677E-16
 0.28625E+03  0.11128E+01 -0.50730E-15
 0.28650E+03  0.11128E+01 -0.13368E-15
 0.28675E+03  0.11127E+01 -0.13130E-15
 0.28700E+03  0.11127E+01 -0.22118E-16
 0.28725E+03  0.11127E+01  0.74647E-16
 0.28750E+03  0.11127E+01 -0.41200E-16
 0.28775E+03  0.11126E+01 -0.19575E-15
 0.28800E+03  0.11126E+01  0.30683E-16
 0.28825E+03  0.11126E+01 -0.61800E-16
 0.28850E+03  0.11126E+01  0.15585E-15
 0.28875E+03  0.11126E+01  0.10338E-15
 0.28900E+03  0.11126E+01  0.85218E-16
 0.28925E+03  0.11125E+01 -0.10961E-15
 0.28950E+03  0.11125E+01 -0.27430E-16
 0.28975E+03  0.11125E+01 -0.38657E-15
 0.29000E+03  0.11125E+01  0.40549E-16
 0.29025E+03  0.11125E+01  0.13777E-15
 0.29050E+03  0.11125E+01 -0.27674E-15
 0.29075E+03  0.11125E+01  0.11655E-17
 0.29100E+03  0.11125E+01 -0.15480E-15
 0.29125E+03  0.11125E+01 -0.27631E-15
 0.29150E+03  0.11125E+01  0.63209E-16
 0.29175E+03  0.11124E+01  0.97470E-16
 0.29200E+03  0.11124E+01  0.35237E-17
 0.29225E+03  0.11124E+01 -0.13656E-15
 0.29250E+03  0.11124E+01  0.11932E-15
 0.29275E+03  0.11124E+01  0.22199E-15
 0.29300E+03  0.11124E+01  0.27978E-15
 0.29325E+03  0.11124E+01 -0.33068E-17
 0.29350E+03  0.11124E+01  0.19765E-15
 0.29375E+03  0.11124E+01  0.19377E-15
 0.29400E+03  0.11124E+01  0.22497E-16
 0.29425E+03  0.11125E+01  0.36565E-16
 0.29450E+03  0.11125E+01  0.61827E-16
 0.29475E+03  0.11125E+01  0.55077E-16
 0.29500E+03  0.11125E+01 -0.45428E-16
 0.29525E+03  0.11125E+01 -0.83158E-16
 0.29550E+03  0.11125E+01  0.48247E-17
 0.29575E+03  0.11125E+01  0.69064E-16
 0.29600E+03  0.11125E+01 -0.15867E-15
 0.29625E+03  0.11125E+01  0.23310E-16
 0.29650E+03  0.11125E+01 -0.76653E-16
 0.29675E+03  0.11126E+01  0.33339E-16
 0.29700E+03  0.11126E+01 -0.31008E-16
 0.29725E+03  0.11126E+01  0.71612E-16
 0.29750E+03  0.11126E+01  0.99259E-16
 0.29775E+03  0.11126E+01  0.39980E-16
 0.29800E+03  0.11127E+01 -0.44154E-16
 0.29825E+03  0.11127E+01 -0.86899E-16
 0.29850E+03  0.11127E+01  0.70419E-16
 0.29875E+03  0.11127E+01 -0.11357E-16
 0.29900E+03  0.11127E+01  0.40034E-16
 0.29925E+03  0.11128E+01  0.75000E-16
 0.29950E+03  0.11128E+01  0.29042E-15
 0.29975E+03  0.11128E+01 -0.20451E-15
 0.30000E+03  0.11129E+01  0.39275E-16
 0.30025E+03  0.11129E+01 -0.20348E-15
 0.30050E+03  0.11129E+01 -0.22116E-15
 0.30075E+03  0.11130E+01 -0.22070E-15
 0.30100E+03  0.11130E+01 -0.19970E-16
 0.30125E+03  0.11130E+01  0.33153E-15
 0.30150E+03  0.11131E+01 -0.31604E-15
 0.30175E+03  0.11131E+01 -0.10503E-15
 0.30200E+03  0.11131E+01 -0.53335E-15
 0.30225E+03  0.11132E+01 -0.12657E-15
 0.30250E+03  0.11132E+01  0.62980E-15
 0.30275E+03  0.11133E+01  0.43548E-15
 0.30300E+03  0.11133E+01 -0.27800E-15
 0.30325E+03  0.11134E+01 -0.22989E-15
 0.30350E+03  0.11134E+01 -0.30334E-16
 0.30375E+03  0.11135E+01  0.89921E-16
 0.30400E+03  0.11135E+01 -0.31244E-15
 0.30425E+03  0.11136E+01  0.90246E-16
 0.30450E+03  0.11136E+01 -0.16743E-15
 0.30475E+03  0.11137E+01  0.29048E-15
 0.30500E+03  0.11137E+01 -0.43054E-15
 0.30525E+03  0.11138E+01  0.40959E-15
 0.30550E+03  0.11138E+01  0.21847E-15
 0.30575E+03  0.11139E+01 -0.37478E-15
 0.30600E+03  0.11139E+01  0.30772E-15
 0.30625E+03  0.11140E+01 -0.51906E-16
 0.30650E+03  0.11141E+01 -0.55773E-15
 0.30675E+03  0.11141E+01 -0.71191E-16
 0.30700E+03  0.11142E+01 -0.39834E-15
 0.30725E+03  0.11143E+01 -0.20802E-15
 0.30750E+03  0.11143E+01  0.23934E-15
 0.30775E+03  0.11144E+01 -0.42880E-15
 0.30800E+03  0.11145E+01  0.62580E-15
 0.30825E+03  0.11145E+01  0.79906E-15
 0.30850E+03  0.11146E+01  0.80773E-17
 0.30875E+03  0.11147E+01  0.46651E-15
 0.30900E+03  0.11147E+01  0.14916E-15
 0.30925E+03  0.11148E+01  0.63250E-15
 0.30950E+03  0.11149E+01 -0.70663E-16
 0.30975E+03  0.11150E+01 -0.51229E-16
 0.31000E+03  0.11151E+01  0.34055E-15
 0.31025E+03  0.11151E+01  0.15946E-15
 0.31050E+03  0.11152E+01 -0.22824E-15
 0.31075E+03  0.11153E+01  0.56053E-16
 0.31100E+03  0.11154E+01 -0.85935E-15
 0.31125E+03  0.11155E+01 -0.74359E-15
 0.31150E+03  0.11156E+01  0.20889E-15
 0.31175E+03  0.11156E+01  0.38354E-17
 0.31200E+03  0.11157E+01  0.21283E-15
 0.31225E+03  0.11158E+01 -0.41362E-16
 0.31250E+03  0.11159E+01 -0.15775E-16
 0.31275E+03  0.11160E+01  0.14698E-15
 0.31300E+03  0.11161E+01  0.72735E-15
 0.31325E+03  0.11162E+01  0.55900E-15
 0.31350E+03  0.11163E+01 -0.13306E-15
 0.31375E+03  0.11164E+01 -0.62483E-15
 0.31400E+03  0.11165E+01 -0.71313E-16
 0.31425E+03  0.11166E+01  0.26217E-15
 0.31450E+03  0.11167E+01  0.59513E-15
 0.31475E+03  0.11168E+01 -0.18482E-15
 0.31500E+03  0.11169E+01 -0.37691E-15
 0.31525E+03  0.11170E+01  0.46003E-15
 0.31550E+03  0.11171E+01 -0.15260E-15
 0.31575E+03  0.11172E+01 -0.69037E-16
 0.31600E+03  0.11174E+01 -0.66830E-15
 0.31625E+03  0.11175E+01  0.73639E-15
 0.31650E+03  0.11176E+01  0.17213E-15
 0.31675E+03  0.11177E+01 -0.57009E-16
 0.31700E+03  0.11178E+01  0.27898E-15
 0.31725E+03  0.11179E+01  0.22734E-15
 0.31750E+03  0.11181E+01 -0.81080E-15
 0.31775E+03  0.11182E+01  0.28933E-15
 0.31800E+03  0.11183E+01  0.37244E-15
 0.31825E+03  0.11184E+01 -0.29605E-16
 0.31850E+03  0.11186E+01 -0.54856E-15
 0.31875E+03  0.11187E+01  0.25860E-15
 0.31900E+03  0.11188E+01 -0.34877E-15
 0.31925E+03  0.11189E+01 -0.78940E-15
 0.31950E+03  0.11191E+01 -0.17794E-16
 0.31975E+03  0.11192E+01 -0.30744E-15
 0.32000E+03  0.11193E+01 -0.20498E-15
 0.32025E+03  0.11195E+01  0.88498E-17
 0.32050E+03  0.11196E+01  0.93947E-15
 0.32075E+03  0.11197E+01 -0.89213E-15
 0.32100E+03  0.11199E+01 -0.34243E-15
 0.32125E+03  0.11200E+01 -0.28554E-15
 0.32150E+03  0.11202E+01  0.15474E-15
 0.32175E+03  0.11203E+01 -0.15353E-15
 0.32200E+03  0.11205E+01  0.35475E-15
 0.32225E+03  0.11206E+01 -0.83976E-15
 0.32250E+03  0.11208E+01  0.48521E-15
 0.32275E+03  0.11209E+01  0.80741E-15
 0.32300E+03  0.11211E+01 -0.28696E-15
 0.32325E+03  0.11212E+01 -0.27185E-15
 0.32350E+03  0.11214E+01 -0.46686E-15
 0.32375E+03  0.11215E+01  0.14777E-15
 0.32400E+03  0.11217E+01  0.93701E-15
 0.32425E+03  0.11218E+01 -0.19721E-15
 0.32450E+03  0.11220E+01 -0.33918E-15
 0.32475E+03  0.11222E+01  0.94116E-15
 0.32500E+03  0.11223E+01 -0.15974E-14
 0.32525E+03  0.11225E+01 -0.61627E-15
 0.32550E+03  0.11227E+01 -0.88521E-15
 0.32575E+03  0.11228E+01  0.16750E-15
 0.32600E+03  0.11230E+01 -0.27131E-15
 0.32625E+03  0.11232E+01 -0.13163E-14
 0.32650E+03  0.11233E+01  0.82639E-15
 0.32675E+03  0.11235E+01  0.24976E-15
 0.32700E+03  0.11237E+01  0.25317E-15
 0.32725E+03  0.11239E+01 -0.55157E-15
 0.32750E+03  0.11240E+01  0.16809E-14
 0.32775E+03  0.11242E+01  0.44903E-15
 0.32800E+03  0.11244E+01 -0.12066E-14
 0.32825E+03  0.11246E+01 -0.10614E-14
 0.32850E+03  0.11248E+01  0.29734E-14
 0.32875E+03  0.11249E+01 -0.56028E-15
 0.32900E+03  0.11251E+01  0.41505E-16
 0.32925E+03  0.11253E+01  0.21542E-14
 0.32950E+03  0.11255E+01  0.74953E-15
 0.32975E+03  0.11257E+01 -0.12238E-14
 0.33000E+03  0.11259E+01  0.15302E-14
 0.33025E+03  0.11261E+01 -0.29860E-15
 0.33050E+03  0.11263E+01 -0.46703E-15
 0.33075E+03  0.11265E+01 -0.14091E-14
 0.33100E+03  0.11267E+01 -0.16183E-14
 0.33125E+03  0.11269E+01 -0.12441E-14
 0.33150E+03  0.11271E+01 -0.11310E-14
 0.33175E+03  0.11273E+01 -0.11802E-14
 0.33200E+03  0.11275E+01 -0.62685E-15
 0.33225E+03  0.11277E+01  0.92893E-15
 0.33250E+03  0.11279E+01  0.13161E-14
 0.33275E+03  0.11281E+01  0.33193E-15
 0.33300E+03  0.11283E+01 -0.26838E-14
 0.33325E+03  0.11285E+01  0.16540E-14
 0.33350E+03  0.11287E+01 -0.12149E-14
 0.33375E+03  0.11289E+01 -0.15823E-14
 0.33400E+03  0.11291E+01  0.33075E-14
 0.33425E+03  0.11294E+01  0.11929E-14
 0.33450E+03  0.11296E+01  0.26178E-15
 0.33475E+03  0.11298E+01 -0.23442E-14
 0.33500E+03  0.11300E+01 -0.29061E-14
 0.33525E+03  0.11302E+01 -0.24463E-14
 0.33550E+03  0.11305E+01 -0.34397E-14
 0.33575E+03  0.11307E+01  0.17464E-14
 0.33600E+03  0.11309E+01  0.13366E-14
 0.33625E+03  0.11311E+01 -0.13982E-14
 0.33650E+03  0.11314E+01 -0.45495E-14
 0.33675E+03  0.11316E+01  0.54566E-14
 0.33700E+03  0.11318E+01 -0.50645E-14
 0.33725E+03  0.11320E+01 -0.37616E-14
 0.33750E+03  0.11323E+01 -0.37767E-14
 0.33775E+03  0.11325E+01  0.18919E-14
 0.33800E+03  0.11328E+01 -0.71100E-14
 0.33825E+03  0.11330E+01 -0.53595E-15
 0.33850E+03  0.11332E+01  0.39070E-14
 0.33875E+03  0.11335E+01  0.10899E-14
 0.33900E+03  0.11337E+01 -0.26383E-14
 0.33925E+03  0.11340E+01  0.24450E-14
 0.33950E+03  0.11342E+01  0.33667E-14
 0.33975E+03  0.11344E+01  0.11518E-13
 0.34000E+03  0.11347E+01 -0.27285E-14
 0.34025E+03  0.11349E+01  0.25294E-14
 0.34050E+03  0.11352E+01 -0.10221E-14
 0.34075E+03  0.11354E+01  0.45988E-14
 0.34100E+03  0.11357E+01 -0.43971E-14
 0.34125E+03  0.11359E+01 -0.54838E-14
 0.34150E+03  0.11362E+01  0.11297E-14
 0.34175E+03  0.11365E+01  0.43277E-14
 0.34200E+03  0.11367E+01  0.11624E-13
 0.34225E+03  0.11370E+01 -0.87990E-15
 0.34250E+03  0.11372E+01  0.85989E-15
 0.34275E+03  0.11375E+01  0.23086E-14
 0.34300E+03  0.11377E+01 -0.34509E-14
 0.34325E+03  0.11380E+01  0.57787E-14
 0.34350E+03  0.11383E+01  0.14005E-15
 0.34375E+03  0.11385E+01 -0.80903E-15
 0.34400E+03  0.11388E+01 -0.44387E-15
 0.34425E+03  0.11391E+01  0.14363E-15
 0.34450E+03  0.11393E+01 -0.80487E-14
 0.34475E+03  0.11396E+01 -0.18180E-13
 0.34500E+03  0.11399E+01 -0.16398E-13
 0.34525E+03  0.11402E+01 -0.13039E-13
 0.34550E+03  0.11404E+01  0.36401E-14
 0.34575E+03  0.11407E+01 -0.13852E-14
 0.34600E+03  0.11410E+01  0.11309E-13
 0.34625E+03  0.11413E+01 -0.78113E-14
 0.34650E+03  0.11415E+01  0.20017E-13
 0.34675E+03  0.11418E+01  0.27259E-13
 0.34700E+03  0.11421E+01 -0.16760E-13
 0.34725E+03  0.11424E+01  0.14386E-13
 0.34750E+03  0.11427E+01 -0.28703E-13
 0.34775E+03  0.11429E+01  0.17529E-13
 0.34800E+03  0.11432E+01 -0.66056E-14
 0.34825E+03  0.11435E+01 -0.33480E-13
 0.34850E+03  0.11438E+01  0.81710E-14
 0.34875E+03  0.11441E+01 -0.26626E-13
 0.34900E+03  0.11444E+01  0.38380E-13
 0.34925E+03  0.11447E+01 -0.10309E-13
 0.34950E+03  0.11449E+01 -0.17637E-14
 0.34975E+03  0.11452E+01 -0.73310E-14
 0.35000E+03  0.11455E+01 -0.16711E-13
 0.35025E+03  0.11458E+01  0.39363E-13
 0.35050E+03  0.11461E+01  0.32658E-13
 0.35075E+03  0.11464E+01  0.18709E-13
 0.35100E+03  0.11467E+01  0.65682E-15
 0.35125E+03  0.11470E+01  0.45984E-13
 0.35150E+03  0.11473E+01 -0.56028E-13
 0.35175E+03  0.11476E+01  0.85646E-14
 0.35200E+03  0.11479E+01 -0.70960E-14
 0.35225E+03  0.11482E+01  0.29598E-13
 0.35250E+03  0.11485E+01  0.45781E-13
 0.35275E+03  0.11488E+01  0.28808E-13
 0.35300E+03  0.11491E+01  0.14527E-13
 0.35325E+03  0.11494E+01 -0.71412E-14
 0.35350E+03  0.11497E+01 -0.99165E-14
 0.35375E+03  0.11500E+01 -0.31793E-14
 0.35400E+03  0.11503E+01 -0.13732E-13
 0.35425E+03  0.11506E+01  0.72128E-13
 0.35450E+03  0.11509E+01 -0.24395E-13
 0.35475E+03  0.11512E+01  0.43580E-14
 0.35500E+03  0.11515E+01  0.18405E-13
 0.35525E+03  0.11518E+01 -0.11497E-13
 0.35550E+03  0.11521E+01  0.21107E-14
 0.35575E+03  0.11525E+01  0.90071E-13
 0.35600E+03  0.11528E+01 -0.69066E-13
 0.35625E+03  0.11531E+01 -0.45249E-14
 0.35650E+03  0.11534E+01 -0.39331E-13
 0.35675E+03  0.11537E+01 -0.45871E-13
 0.35700E+03  0.11540E+01 -0.22933E-13
 0.35725E+03  0.11543E+01 -0.50727E-13
 0.35750E+03  0.11546E+01  0.36914E-13
 0.35775E+03  0.11549E+01  0.14682E-13
 0.35800E+03  0.11553E+01  0.50296E-13
 0.35825E+03  0.11556E+01 -0.77772E-13
 0.35850E+03  0.11559E+01 -0.89845E-15
 0.35875E+03  0.11562E+01 -0.63199E-13
 0.35900E+03  0.11565E+01 -0.53515E-13
 0.35925E+03  0.11568E+01 -0.48875E-13
 0.35950E+03  0.11572E+01  0.34537E-13
 0.35975E+03  0.11575E+01  0.76321E-13
 0.36000E+03  0.11578E+01  0.17760E-13
 0.36025E+03  0.11581E+01 -0.88551E-13
 0.36050E+03  0.11584E+01 -0.76740E-13
 0.36075E+03  0.11587E+01 -0.10152E-12
 0.36100E+03  0.11591E+01 -0.23846E-12
 0.36125E+03  0.11594E+01  0.34423E-13
 0.36150E+03  0.11597E+01  0.83937E-13
 0.36175E+03  0.11600E+01 -0.48655E-13
 0.36200E+03  0.11603E+01 -0.82884E-13
 0.36225E+03  0.11607E+01  0.18077E-13
 0.36250E+03  0.11610E+01  0.90126E-13
 0.36275E+03  0.11613E+01  0.17248E-13
 0.36300E+03  0.11616E+01 -0.18863E-12
 0.36325E+03  0.11619E+01 -0.11472E-12
 0.36350E+03  0.11622E+01  0.37202E-13
 0.36375E+03  0.11626E+01  0.16857E-12
 0.36400E+03  0.11629E+01 -0.83994E-13
 0.36425E+03  0.11632E+01 -0.21493E-13
 0.36450E+03  0.11635E+01 -0.67526E-13
 0.36475E+03  0.11638E+01  0.32840E-14
 0.36500E+03  0.11642E+01 -0.10004E-13
 0.36525E+03  0.11645E+01  0.19497E-13
 0.36550E+03  0.11648E+01 -0.29728E-12
 0.36575E+03  0.11651E+01 -0.26434E-12
 0.36600E+03  0.11654E+01  0.89922E-13
 0.36625E+03  0.11658E+01  0.19608E-12
 0.36650E+03  0.11661E+01 -0.14449E-12
 0.36675E+03  0.11664E+01  0.50308E-13
 0.36700E+03  0.11667E+01 -0.13611E-12
 0.36725E+03  0.11670E+01  0.42368E-13
 0.36750E+03  0.11673E+01 -0.21337E-12
 0.36775E+03  0.11677E+01 -0.34189E-13
 0.36800E+03  0.11680E+01 -0.35904E-14
 0.36825E+03  0.11683E+01 -0.86321E-13
 0.36850E+03  0.11686E+01 -0.41065E-14
 0.36875E+03  0.11689E+01 -0.10174E-12
 0.36900E+03  0.11692E+01 -0.30710E-12
 0.36925E+03  0.11696E+01  0.12396E-12
 0.36950E+03  0.11699E+01 -0.12022E-12
 0.36975E+03  0.11702E+01 -0.32527E-13
 0.37000E+03  0.11705E+01 -0.18119E-12
 0.37025E+03  0.11708E+01 -0.26931E-12
 0.37050E+03  0.11711E+01 -0.21037E-12
 0.37075E+03  0.11714E+01  0.82979E-13
 0.37100E+03  0.11717E+01 -0.31179E-13
 0.37125E+03  0.11721E+01 -0.36769E-13
 0.37150E+03  0.11724E+01 -0.55356E-12
 0.37175E+03  0.11727E+01 -0.16075E-12
 0.37200E+03  0.11730E+01 -0.64759E-13
 0.37225E+03  0.11733E+01  0.30093E-12
 0.37250E+03  0.11736E+01  0.33718E-12
 0.37275E+03  0.11739E+01 -0.92763E-13
 0.37300E+03  0.11742E+01 -0.21441E-12
 0.37325E+03  0.11745E+01 -0.69055E-13
 0.37350E+03  0.11748E+01 -0.23519E-12
 0.37375E+03  0.11751E+01 -0.18677E-12
 0.37400E+03  0.11754E+01 -0.35329E-13
 0.37425E+03  0.11757E+01  0.85832E-12
 0.37450E+03  0.11760E+01  0.50658E-12
 0.37475E+03  0.11763E+01  0.17417E-13
 0.37500E+03  0.11766E+01  0.35127E-12
 0.37525E+03  0.11769E+01 -0.35068E-12
 0.37550E+03  0.11772E+01  0.13338E-12
 0.37575E+03  0.11775E+01  0.48040E-12
 0.37600E+03  0.11778E+01  0.84850E-12
 0.37625E+03  0.11781E+01 -0.51601E-12
 0.37650E+03  0.11784E+01  0.41296E-12
 0.37675E+03  0.11787E+01  0.59891E-12
 0.37700E+03  0.11790E+01  0.81431E-12
 0.37725E+03  0.11793E+01  0.59738E-12
 0.37750E+03  0.11796E+01  0.15080E-11
 0.37775E+03  0.11798E+01 -0.25537E-14
 0.37800E+03  0.11801E+01  0.22621E-12
 0.37825E+03  0.11804E+01 -0.14285E-11
 0.37850E+03  0.11807E+01  0.96601E-12
 0.37875E+03  0.11810E+01 -0.81565E-13
 0.37900E+03  0.11813E+01  0.31212E-13
 0.37925E+03  0.11815E+01  0.39032E-12
 0.37950E+03  0.11818E+01  0.75167E-13
 0.37975E+03  0.11821E+01 -0.38392E-13
 0.38000E+03  0.11824E+01 -0.10649E-12
 0.38025E+03  0.11826E+01 -0.43184E-12
 0.38050E+03  0.11829E+01  0.95707E-12
 0.38075E+03  0.11832E+01 -0.18769E-12
 0.38100E+03  0.11835E+01 -0.13895E-13
 0.38125E+03  0.11837E+01  0.91888E-13
 0.38150E+03  0.11840E+01  0.20798E-13
 0.38175E+03  0.11843E+01 -0.61084E-12
 0.38200E+03  0.11845E+01  0.17673E-12
 0.38225E+03  0.11848E+01 -0.68647E-13
 0.38250E+03  0.11850E+01 -0.15324E-12
 0.38275E+03  0.11853E+01 -0.73949E-12
 0.38300E+03  0.11856E+01 -0.39453E-12
 0.38325E+03  0.11858E+01  0.64627E-12
 0.38350E+03  0.11861E+01  0.54365E-12
 0.38375E+03  0.11863E+01 -0.61269E-12
 0.38400E+03  0.11866E+01 -0.66955E-13
 0.38425E+03  0.11868E+01 -0.59081E-12
 0.38450E+03  0.11871E+01 -0.22430E-13
 0.38475E+03  0.11873E+01 -0.55387E-12
 0.38500E+03  0.11876E+01  0.12453E-12
 0.38525E+03  0.11878E+01 -0.97917E-12
 0.38550E+03  0.11880E+01  0.12402E-11
 0.38575E+03  0.11883E+01  0.11706E-12
 0.38600E+03  0.11885E+01 -0.43213E-13
 0.38625E+03  0.11887E+01  0.93931E-12
 0.38650E+03  0.11890E+01 -0.88446E-12
 0.38675E+03  0.11892E+01  0.12145E-11
 0.38700E+03  0.11894E+01  0.54810E-12
 0.38725E+03  0.11897E+01 -0.20679E-12
 0.38750E+03  0.11899E+01  0.96359E-12
 0.38775E+03  0.11901E+01  0.63447E-12
 0.38800E+03  0.11903E+01  0.62226E-12
 0.38825E+03  0.11906E+01  0.43443E-12
 0.38850E+03  0.11908E+01  0.98272E-12
 0.38875E+03  0.11910E+01 -0.35931E-12
 0.38900E+03  0.11912E+01  0.59241E-12
 0.38925E+03  0.11914E+01 -0.11831E-11
 0.38950E+03  0.11916E+01  0.12472E-11
 0.38975E+03  0.11918E+01 -0.12126E-12
 0.39000E+03  0.11920E+01  0.47128E-12
 0.39025E+03  0.11922E+01  0.32404E-12
 0.39050E+03  0.11924E+01 -0.20595E-11
 0.39075E+03  0.11926E+01 -0.85281E-12
 0.39100E+03  0.11928E+01 -0.10860E-11
 0.39125E+03  0.11930E+01  0.56448E-13
 0.39150E+03  0.11932E+01 -0.74086E-12
 0.39175E+03  0.11934E+01  0.20976E-13
 0.39200E+03  0.11936E+01 -0.18225E-11
 0.39225E+03  0.11938E+01 -0.74796E-12
 0.39250E+03  0.11940E+01  0.11762E-11
 0.39275E+03  0.11942E+01  0.28467E-12
 0.39300E+03  0.11944E+01  0.42773E-12
 0.39325E+03  0.11945E+01 -0.81209E-13
 0.39350E+03  0.11947E+01 -0.19864E-12
 0.39375E+03  0.11949E+01  0.49187E-12
 0.39400E+03  0.11951E+01  0.86389E-12
 0.39425E+03  0.11952E+01  0.13509E-11
 0.39450E+03  0.11954E+01 -0.44763E-13
 0.39475E+03  0.11956E+01  0.56763E-12
 0.39500E+03  0.11957E+01 -0.11661E-11
 0.39525E+03  0.11959E+01  0.92411E-12
 0.39550E+03  0.11961E+01 -0.73759E-12
 0.39575E+03  0.11962E+01  0.93550E-13
 0.39600E+03  0.11964E+01 -0.31490E-11
 0.39625E+03  0.11965E+01  0.20600E-12
 0.39650E+03  0.11967E+01  0.24400E-11
 0.39675E+03  0.11968E+01 -0.12945E-12
 0.39700E+03  0.11970E+01 -0.16136E-11
 0.39725E+03  0.11971E+01 -0.29869E-12
 0.39750E+03  0.11973E+01 -0.82895E-12
 0.39775E+03  0.11974E+01  0.11035E-11
 0.39800E+03  0.11976E+01 -0.15062E-11
 0.39825E+03  0.11977E+01 -0.92637E-12
 0.39850E+03  0.11978E+01 -0.24818E-11
 0.39875E+03  0.11980E+01 -0.12706E-11
 0.39900E+03  0.11981E+01 -0.15031E-12
 0.39925E+03  0.11982E+01  0.24333E-11
 0.39950E+03  0.11983E+01  0.50956E-12
 0.39975E+03  0.11985E+01 -0.25170E-11
 0.40000E+03  0.11986E+01  0.10340E-11
 0.40025E+03  0.11987E+01  0.13603E-12
 0.40050E+03  0.11988E+01  0.17935E-11
 0.40075E+03  0.11989E+01  0.69081E-12
 0.40100E+03  0.11991E+01  0.66377E-12
 0.40125E+03  0.11992E+01 -0.98603E-12
 0.40150E+03  0.11993E+01  0.84266E-13
 0.40175E+03  0.11994E+01 -0.10685E-11
 0.40200E+03  0.11995E+01 -0.28264E-12
 0.40225E+03  0.11996E+01  0.80642E-12
 0.40250E+03  0.11997E+01 -0.97866E-13
 0.40275E+03  0.11998E+01 -0.15982E-11
 0.40300E+03  0.11999E+01  0.65531E-12
 0.40325E+03  0.12000E+01 -0.32577E-12
 0.40350E+03  0.12001E+01 -0.18041E-11
 0.40375E+03  0.12002E+01 -0.10610E-11
 0.40400E+03  0.12002E+01 -0.34167E-11
 0.40425E+03  0.12003E+01 -0.12571E-11
 0.40450E+03  0.12004E+01 -0.15821E-12
 0.40475E+03  0.12005E+01 -0.16004E-11
 0.40500E+03  0.12006E+01  0.15715E-11
 0.40525E+03  0.12006E+01  0.48223E-12
 0.40550E+03  0.12007E+01  0.13910E-11
 0.40575E+03  0.12008E+01 -0.34325E-12
 0.40600E+03  0.12009E+01  0.77977E-12
 0.40625E+03  0.12009E+01 -0.37095E-12
 0.40650E+03  0.12010E+01 -0.10033E-11
 0.40675E+03  0.12010E+01 -0.87796E-12
 0.40700E+03  0.12011E+01 -0.66316E-12
 0.40725E+03  0.12012E+01  0.43388E-12
 0.40750E+03  0.12012E+01 -0.12115E-13
 0.40775E+03  0.12013E+01 -0.21353E-11
 0.40800E+03  0.12013E+01 -0.29966E-12
 0.40825E+03  0.12014E+01 -0.98020E-12
 0.40850E+03  0.12014E+01 -0.16817E-11
 0.40875E+03  0.12015E+01 -0.16067E-11
 0.40900E+03  0.12015E+01 -0.15141E-11
 0.40925E+03  0.12015E+01  0.10011E-11
 0.40950E+03  0.12016E+01  0.42562E-12
 0.40975E+03  0.12016E+01 -0.27981E-11
 0.41000E+03  0.12016E+01 -0.17945E-11
 0.41025E+03  0.12017E+01 -0.63410E-12
 0.41050E+03  0.12017E+01 -0.24208E-11
 0.41075E+03  0.12017E+01 -0.13635E-11
 0.41100E+03  0.12017E+01 -0.10709E-11
 0.41125E+03  0.12018E+01  0.10773E-11
 0.41150E+03  0.12018E+01  0.86028E-12
 0.41175E+03  0.12018E+01 -0.23005E-11
 0.41200E+03  0.12018E+01 -0.24493E-12
 0.41225E+03  0.12018E+01 -0.37148E-11
 0.41250E+03  0.12018E+01  0.14298E-12
 0.41275E+03  0.12018E+01 -0.83594E-12
 0.41300E+03  0.12018E+01 -0.11984E-11
 0.41325E+03  0.12018E+01 -0.45469E-12
 0.41350E+03  0.12018E+01 -0.23634E-12
 0.41375E+03  0.12018E+01 -0.30204E-12
 0.41400E+03  0.12018E+01 -0.79226E-12
 0.41425E+03  0.12018E+01  0.19518E-11
 0.41450E+03  0.12018E+01  0.46410E-12
 0.41475E+03  0.12018E+01  0.13008E-11
 0.41500E+03  0.12018E+01  0.19166E-11
 0.41525E+03  0.12018E+01 -0.29836E-11
 0.41550E+03  0.12018E+01  0.10520E-11
 0.41575E+03  0.12018E+01  0.91128E-12
 0.41600E+03  0.12017E+01 -0.54077E-12
 0.41625E+03  0.12017E+01  0.14454E-11
 0.41650E+03  0.12017E+01 -0.46107E-12
 0.41675E+03  0.12017E+01 -0.17447E-11
 0.41700E+03  0.12016E+01 -0.12701E-11
 0.41725E+03  0.12016E+01  0.39153E-12
 0.41750E+03  0.12016E+01  0.92693E-12
 0.41775E+03  0.12016E+01  0.94431E-12
 0.41800E+03  0.12015E+01  0.27556E-12
 0.41825E+03  0.12015E+01  0.62145E-13
 0.41850E+03  0.12015E+01 -0.19390E-12
 0.41875E+03  0.12014E+01  0.33908E-12
 0.41900E+03  0.12014E+01 -0.13704E-13
 0.41925E+03  0.12013E+01 -0.63711E-12
 0.41950E+03  0.12013E+01 -0.25146E-12
 0.41975E+03  0.12012E+01  0.11700E-11
 0.42000E+03  0.12012E+01  0.47557E-12
 0.42025E+03  0.12011E+01 -0.93467E-12
 0.42050E+03  0.12011E+01 -0.43091E-12
 0.42075E+03  0.12010E+01  0.78565E-12
 0.42100E+03  0.12010E+01 -0.63213E-14
 0.42125E+03  0.12009E+01 -0.10604E-11
 0.42150E+03  0.12009E+01  0.21969E-12
 0.42175E+03  0.12008E+01 -0.34146E-12
 0.42200E+03  0.12008E+01 -0.33561E-12
 0.42225E+03  0.12007E+01 -0.16929E-12
 0.42250E+03  0.12007E+01 -0.89842E-12
 0.42275E+03  0.12006E+01 -0.75637E-12
 0.42300E+03  0.12005E+01  0.10268E-11
 0.42325E+03  0.12005E+01  0.73689E-12
 0.42350E+03  0.12004E+01  0.94142E-12
 0.42375E+03  0.12003E+01 -0.21361E-12
 0.42400E+03  0.12003E+01  0.48496E-13
 0.42425E+03  0.12002E+01 -0.78069E-12
 0.42450E+03  0.12001E+01 -0.46727E-13
 0.42475E+03  0.12001E+01  0.19958E-12
 0.42500E+03  0.12000E+01 -0.80110E-14
 0.42525E+03  0.11999E+01 -0.16497E-12
 0.42550E+03  0.11998E+01 -0.23921E-12
 0.42575E+03  0.11998E+01 -0.77959E-12
 0.42600E+03  0.11997E+01  0.37408E-12
 0.42625E+03  0.11996E+01 -0.17698E-12
 0.42650E+03  0.11995E+01 -0.50504E-12
 0.42675E+03  0.11995E+01  0.11940E-11
 0.42700E+03  0.11994E+01 -0.60677E-12
 0.42725E+03  0.11993E+01  0.24637E-12
 0.42750E+03  0.11992E+01 -0.27870E-12
 0.42775E+03  0.11992E+01  0.14674E-11
 0.42800E+03  0.11991E+01  0.22553E-12
 0.42825E+03  0.11990E+01  0.24290E-12
 0.42850E+03  0.11989E+01 -0.39691E-12
 0.42875E+03  0.11989E+01  0.66273E-12
 0.42900E+03  0.11988E+01  0.21884E-12
 0.42925E+03  0.11987E+01 -0.70164E-13
 0.42950E+03  0.11986E+01 -0.18672E-12
 0.42975E+03  0.11985E+01 -0.47891E-13
 0.43000E+03  0.11985E+01  0.47647E-12
 0.43025E+03  0.11984E+01  0.24136E-12
 0.43050E+03  0.11983E+01 -0.41530E-12
 0.43075E+03  0.11982E+01 -0.16917E-13
 0.43100E+03  0.11981E+01  0.45824E-12
 0.43125E+03  0.11981E+01 -0.80302E-12
 0.43150E+03  0.11980E+01 -0.58289E-12
 0.43175E+03  0.11979E+01 -0.49660E-12
 0.43200E+03  0.11978E+01 -0.53985E-12
 0.43225E+03  0.11977E+01  0.14710E-13
 0.43250E+03  0.11977E+01  0.12278E-12
 0.43275E+03  0.11976E+01 -0.80626E-13
 0.43300E+03  0.11975E+01  0.51378E-12
 0.43325E+03  0.11974E+01 -0.25208E-12
 0.43350E+03  0.11974E+01 -0.11362E-12
 0.43375E+03  0.11973E+01  0.24326E-12
 0.43400E+03  0.11972E+01 -0.75689E-13
 0.43425E+03  0.11971E+01  0.22963E-12
 0.43450E+03  0.11971E+01 -0.17818E-12
 0.43475E+03  0.11970E+01 -0.49800E-12
 0.43500E+03  0.11969E+01  0.80703E-13
 0.43525E+03  0.11969E+01  0.25863E-13
 0.43550E+03  0.11968E+01 -0.93188E-13
 0.43575E+03  0.11967E+01 -0.60094E-13
 0.43600E+03  0.11967E+01  0.12659E-12
 0.43625E+03  0.11966E+01 -0.97059E-13
 0.43650E+03  0.11965E+01 -0.30159E-12
 0.43675E+03  0.11965E+01 -0.50083E-12
 0.43700E+03  0.11964E+01 -0.64559E-13
 0.43725E+03  0.11964E+01 -0.10530E-14
 0.43750E+03  0.11963E+01 -0.40310E-12
 0.43775E+03  0.11962E+01  0.18842E-12
 0.43800E+03  0.11962E+01 -0.32140E-12
 0.43825E+03  0.11961E+01 -0.38311E-13
 0.43850E+03  0.11961E+01 -0.15789E-12
 0.43875E+03  0.11960E+01 -0.37015E-12
 0.43900E+03  0.11960E+01  0.35133E-12
 0.43925E+03  0.11959E+01  0.27194E-12
 0.43950E+03  0.11959E+01  0.42088E-12
 0.43975E+03  0.11959E+01 -0.43993E-12
 0.44000E+03  0.11958E+01 -0.17809E-12
 0.44025E+03  0.11958E+01 -0.21844E-12
 0.44050E+03  0.11958E+01  0.56259E-13
 0.44075E+03  0.11957E+01 -0.10398E-12
 0.44100E+03  0.11957E+01  0.44431E-14
 0.44125E+03  0.11957E+01 -0.32327E-13
 0.44150E+03  0.11956E+01 -0.17357E-12
 0.44175E+03  0.11956E+01 -0.19852E-12
 0.44200E+03  0.11956E+01  0.26118E-13
 0.44225E+03  0.11956E+01 -0.45505E-13
 0.44250E+03  0.11956E+01  0.25832E-12
 0.44275E+03  0.11956E+01 -0.16768E-12
 0.44300E+03  0.11956E+01 -0.25272E-12
 0.44325E+03  0.11955E+01  0.16613E-12
 0.44350E+03  0.11955E+01 -0.99185E-13
 0.44375E+03  0.11955E+01 -0.20624E-12
 0.44400E+03  0.11956E+01  0.14071E-12
 0.44425E+03  0.11956E+01 -0.28727E-14
 0.44450E+03  0.11956E+01  0.17764E-12
 0.44475E+03  0.11956E+01  0.33802E-12
 0.44500E+03  0.11956E+01  0.15169E-12
 0.44525E+03  0.11956E+01 -0.25031E-12
 0.44550E+03  0.11956E+01  0.22928E-12
 0.44575E+03  0.11957E+01 -0.34372E-13
 0.44600E+03  0.11957E+01  0.53558E-13
 0.44625E+03  0.11957E+01  0.75329E-13
 0.44650E+03  0.11958E+01 -0.59557E-13
 0.44675E+03  0.11958E+01 -0.11246E-12
 0.44700E+03  0.11959E+01 -0.18928E-12
 0.44725E+03  0.11959E+01  0.81978E-13
 0.44750E+03  0.11960E+01  0.10401E-12
 0.44775E+03  0.11960E+01 -0.62310E-13
 0.44800E+03  0.11961E+01 -0.24539E-13
 0.44825E+03  0.11962E+01  0.28287E-12
 0.44850E+03  0.11962E+01  0.22593E-12
 0.44875E+03  0.11963E+01 -0.24061E-14
 0.44900E+03  0.11964E+01 -0.45774E-13
 0.44925E+03  0.11965E+01 -0.41550E-12
 0.44950E+03  0.11966E+01  0.98602E-13
 0.44975E+03  0.11967E+01  0.24270E-12
 0.45000E+03  0.11968E+01 -0.16948E-13
 0.45025E+03  0.11969E+01  0.20877E-12
 0.45050E+03  0.11970E+01 -0.69083E-13
 0.45075E+03  0.11971E+01 -0.19131E-12
 0.45100E+03  0.11972E+01  0.34254E-12
 0.45125E+03  0.11974E+01 -0.25331E-13
 0.45150E+03  0.11975E+01 -0.38148E-12
 0.45175E+03  0.11976E+01  0.60438E-14
 0.45200E+03  0.11978E+01 -0.21073E-12
 0.45225E+03  0.11979E+01 -0.31674E-12
 0.45250E+03  0.11981E+01  0.15300E-13
 0.45275E+03  0.11982E+01 -0.17877E-12
 0.45300E+03  0.11984E+01  0.64216E-12
 0.45325E+03  0.11986E+01  0.65885E-13
 0.45350E+03  0.11988E+01 -0.43569E-13
 0.45375E+03  0.11989E+01  0.31358E-12
 0.45400E+03  0.11991E+01 -0.38456E-12
 0.45425E+03  0.11993E+01  0.41474E-13
 0.45450E+03  0.11995E+01  0.11437E-12
 0.45475E+03  0.11997E+01  0.50016E-13
 0.45500E+03  0.12000E+01 -0.57232E-13
 0.45525E+03  0.12002E+01  0.34098E-12
 0.45550E+03  0.12004E+01 -0.47504E-12
 0.45575E+03  0.12006E+01  0.82778E-12
 0.45600E+03  0.12009E+01 -0.65814E-12
 0.45625E+03  0.12011E+01 -0.18522E-11
 0.45650E+03  0.12014E+01  0.60166E-12
 0.45675E+03  0.12016E+01  0.11708E-11
 0.45700E+03  0.12019E+01  0.99468E-12
 0.45725E+03  0.12022E+01 -0.65775E-12
 0.45750E+03  0.12025E+01  0.12128E-11
 0.45775E+03  0.12028E+01  0.36832E-12
 0.45800E+03  0.12031E+01  0.14023E-11
 0.45825E+03  0.12034E+01  0.13705E-11
 0.45850E+03  0.12037E+01 -0.34775E-12
 0.45875E+03  0.12040E+01 -0.25209E-11
 0.45900E+03  0.12043E+01 -0.30492E-12
 0.45925E+03  0.12047E+01 -0.45017E-11
 0.45950E+03  0.12050E+01  0.46010E-11
 0.45975E+03  0.12054E+01  0.18210E-11
 0.46000E+03  0.12058E+01 -0.96856E-12
 0.46025E+03  0.12061E+01  0.45290E-11
 0.46050E+03  0.12065E+01  0.52973E-11
 0.46075E+03  0.12069E+01 -0.14735E-11
 0.46100E+03  0.12073E+01  0.15875E-11
 0.46125E+03  0.12077E+01  0.19789E-11
 0.46150E+03  0.12081E+01 -0.55678E-11
 0.46175E+03  0.12085E+01  0.32038E-11
 0.46200E+03  0.12090E+01  0.70179E-11
 0.46225E+03  0.12094E+01 -0.70708E-11
 0.46250E+03  0.12099E+01  0.51767E-11
 0.46275E+03  0.12103E+01  0.55911E-11
 0.46300E+03  0.12108E+01  0.30598E-12
 0.46325E+03  0.12113E+01  0.96589E-11
 0.46350E+03  0.12118E+01  0.14329E-10
 0.46375E+03  0.12123E+01 -0.31104E-11
 0.46400E+03  0.12128E+01  0.33751E-13
 0.46425E+03  0.12133E+01 -0.96330E-11
 0.46450E+03  0.12138E+01 -0.15837E-10
 0.46475E+03  0.12144E+01 -0.73055E-11
 0.46500E+03  0.12149E+01 -0.13904E-10
 0.46525E+03  0.12155E+01  0.63434E-11
 0.46550E+03  0.12161E+01 -0.20052E-10
 0.46575E+03  0.12167E+01 -0.30997E-11
 0.46600E+03  0.12173E+01  0.12949E-10
 0.46625E+03  0.12179E+01  0.13187E-10
 0.46650E+03  0.12185E+01  0.83871E-11
 0.46675E+03  0.12191E+01 -0.20477E-11
 0.46700E+03  0.12198E+01  0.40741E-11
 0.46725E+03  0.12204E+01  0.65565E-11
 0.46750E+03  0.12211E+01  0.22815E-11
 0.46775E+03  0.12218E+01  0.13442E-10
 0.46800E+03  0.12224E+01  0.68758E-11
 0.46825E+03  0.12231E+01 -0.38493E-10
 0.46850E+03  0.12239E+01 -0.18508E-10
 0.46875E+03  0.12246E+01 -0.31877E-11
 0.46900E+03  0.12253E+01 -0.50241E-10
 0.46925E+03  0.12261E+01  0.99512E-11
 0.46950E+03  0.12268E+01 -0.61663E-10
 0.46975E+03  0.12276E+01  0.11786E-10
 0.47000E+03  0.12284E+01 -0.41229E-11
 0.47025E+03  0.12292E+01 -0.19841E-10
 0.47050E+03  0.12300E+01 -0.32079E-10
 0.47075E+03  0.12308E+01  0.94214E-11
 0.47100E+03  0.12317E+01 -0.96740E-11
 0.47125E+03  0.12325E+01  0.28368E-10
 0.47150E+03  0.12334E+01 -0.49369E-10
 0.47175E+03  0.12343E+01  0.26208E-10
 0.47200E+03  0.12352E+01 -0.38396E-11
 0.47225E+03  0.12361E+01  0.12198E-10
 0.47250E+03  0.12370E+01 -0.10086E-10
 0.47275E+03  0.12379E+01 -0.26876E-11
 0.47300E+03  0.12389E+01 -0.25691E-10
 0.47325E+03  0.12398E+01  0.44749E-10
 0.47350E+03  0.12408E+01 -0.28036E-10
 0.47375E+03  0.12418E+01  0.19458E-10
 0.47400E+03  0.12428E+01 -0.40609E-10
 0.47425E+03  0.12438E+01  0.46786E-10
 0.47450E+03  0.12448E+01  0.12751E-10
 0.47475E+03  0.12459E+01  0.24666E-10
 0.47500E+03  0.12469E+01  0.12909E-10
 0.47525E+03  0.12480E+01  0.45449E-10
 0.47550E+03  0.12491E+01 -0.34285E-10
 0.47575E+03  0.12502E+01 -0.19182E-10
 0.47600E+03  0.12513E+01  0.12972E-10
 0.47625E+03  0.12525E+01  0.47569E-10
 0.47650E+03  0.12536E+01  0.57720E-10
 0.47675E+03  0.12548E+01  0.34951E-10
 0.47700E+03  0.12559E+01 -0.88956E-10
 0.47725E+03  0.12571E+01 -0.82971E-10
 0.47750E+03  0.12583E+01  0.26308E-10
 0.47775E+03  0.12595E+01 -0.35174E-10
 0.47800E+03  0.12608E+01  0.71498E-13
 0.47825E+03  0.12620E+01  0.20571E-10
 0.47850E+03  0.12633E+01  0.69493E-10
 0.47875E+03  0.12645E+01  0.62025E-10
 0.47900E+03  0.12658E+01 -0.32978E-11
 0.47925E+03  0.12671E+01 -0.63137E-10
 0.47950E+03  0.12684E+01  0.86625E-10
 0.47975E+03  0.12698E+01 -0.37184E-10
 0.48000E+03  0.12711E+01 -0.16971E-09
 0.48025E+03  0.12725E+01  0.20231E-10
 0.48050E+03  0.12738E+01  0.11975E-09
 0.48075E+03  0.12752E+01 -0.10433E-10
 0.48100E+03  0.12766E+01 -0.44723E-10
 0.48125E+03  0.12780E+01  0.50579E-10
 0.48150E+03  0.12794E+01  0.68483E-10
 0.48175E+03  0.12809E+01  0.56398E-10
 0.48200E+03  0.12823E+01 -0.69011E-12
 0.48225E+03  0.12838E+01  0.15814E-09
 0.48250E+03  0.12853E+01 -0.96951E-10
 0.48275E+03  0.12867E+01 -0.37776E-10
 0.48300E+03  0.12882E+01 -0.39684E-10
 0.48325E+03  0.12897E+01 -0.74285E-10
 0.48350E+03  0.12912E+01  0.93612E-10
 0.48375E+03  0.12928E+01  0.16884E-09
 0.48400E+03  0.12943E+01  0.63371E-10
 0.48425E+03  0.12959E+01  0.19413E-09
 0.48450E+03  0.12974E+01 -0.29002E-10
 0.48475E+03  0.12990E+01 -0.34336E-10
 0.48500E+03  0.13005E+01  0.76061E-11
 0.48525E+03  0.13021E+01  0.90097E-11
 0.48550E+03  0.13037E+01 -0.13500E-09
 0.48575E+03  0.13053E+01 -0.52097E-10
 0.48600E+03  0.13069E+01 -0.13212E-09
 0.48625E+03  0.13085E+01 -0.19074E-10
 0.48650E+03  0.13101E+01 -0.97206E-10
 0.48675E+03  0.13118E+01 -0.26090E-09
 0.48700E+03  0.13134E+01  0.11712E-09
 0.48725E+03  0.13150E+01 -0.20709E-09
 0.48750E+03  0.13166E+01  0.34048E-11
 0.48775E+03  0.13183E+01 -0.91374E-10
 0.48800E+03  0.13199E+01  0.18231E-09
 0.48825E+03  0.13215E+01 -0.14552E-10
 0.48850E+03  0.13232E+01  0.91590E-10
 0.48875E+03  0.13248E+01  0.32933E-10
 0.48900E+03  0.13264E+01  0.10794E-09
 0.48925E+03  0.13280E+01 -0.10347E-09
 0.48950E+03  0.13297E+01  0.27284E-10
 0.48975E+03  0.13313E+01  0.13389E-09
 0.49000E+03  0.13329E+01 -0.88123E-10
 0.49025E+03  0.13345E+01 -0.60393E-10
 0.49050E+03  0.13361E+01  0.11716E-09
 0.49075E+03  0.13376E+01 -0.11585E-09
 0.49100E+03  0.13392E+01 -0.12147E-10
 0.49125E+03  0.13407E+01 -0.41638E-10
 0.49150E+03  0.13423E+01 -0.12962E-09
 0.49175E+03  0.13438E+01  0.47789E-10
 0.49200E+03  0.13453E+01 -0.13301E-09
 0.49225E+03  0.13468E+01 -0.13927E-11
 0.49250E+03  0.13482E+01 -0.88729E-10
 0.49275E+03  0.13496E+01 -0.62020E-10
 0.49300E+03  0.13510E+01  0.37801E-11
 0.49325E+03  0.13524E+01 -0.49056E-10
 0.49350E+03  0.13538E+01 -0.14239E-10
 0.49375E+03  0.13551E+01  0.10917E-09
 0.49400E+03  0.13563E+01  0.45951E-10
 0.49425E+03  0.13576E+01  0.76376E-10
 0.49450E+03  0.13588E+01 -0.72834E-10
 0.49475E+03  0.13599E+01 -0.20934E-09
 0.49500E+03  0.13610E+01 -0.13070E-09
 0.49525E+03  0.13621E+01 -0.22558E-09
 0.49550E+03  0.13631E+01 -0.91536E-10
 0.49575E+03  0.13641E+01  0.24544E-09
 0.49600E+03  0.13650E+01 -0.32114E-09
 0.49625E+03  0.13659E+01  0.94065E-10
 0.49650E+03  0.13667E+01  0.13695E-09
 0.49675E+03  0.13674E+01  0.62116E-10
 0.49700E+03  0.13681E+01  0.16247E-09
 0.49725E+03  0.13687E+01  0.24842E-10
 0.49750E+03  0.13692E+01  0.36804E-10
 0.49775E+03  0.13696E+01 -0.12316E-09
 0.49800E+03  0.13700E+01 -0.69305E-10
 0.49825E+03  0.13703E+01  0.51806E-10
 0.49850E+03  0.13705E+01  0.77316E-10
 0.49875E+03  0.13706E+01 -0.70909E-10
 0.49900E+03  0.13707E+01 -0.18577E-09
 0.49925E+03  0.13706E+01  0.89923E-10
 0.49950E+03  0.13704E+01 -0.13505E-09
 0.49975E+03  0.13701E+01 -0.19220E-09
 0.50000E+03  0.13697E+01  0.14289E-09
