 0.1000000E-01 -0.7399630E+00
 0.2000000E-01 -0.7298519E+00
 0.3000000E-01 -0.7196678E+00
 0.4000000E-01 -0.7094118E+00
 0.5000000E-01 -0.6990848E+00
 0.6000000E-01 -0.6886878E+00
 0.7000000E-01 -0.6782219E+00
 0.8000000E-01 -0.6676882E+00
 0.9000000E-01 -0.6570877E+00
 0.1000000E+00 -0.6464215E+00
 0.1100000E+00 -0.6356906E+00
 0.1200000E+00 -0.6248962E+00
 0.1300000E+00 -0.6140392E+00
 0.1400000E+00 -0.6031208E+00
 0.1500000E+00 -0.5921421E+00
 0.1600000E+00 -0.5811041E+00
 0.1700000E+00 -0.5700081E+00
 0.1800000E+00 -0.5588550E+00
 0.1900000E+00 -0.5476460E+00
 0.2000000E+00 -0.5363822E+00
 0.2100000E+00 -0.5250648E+00
 0.2200000E+00 -0.5136949E+00
 0.2300000E+00 -0.5022736E+00
 0.2400000E+00 -0.4908021E+00
 0.2500000E+00 -0.4792814E+00
 0.2600000E+00 -0.4677129E+00
 0.2700000E+00 -0.4560975E+00
 0.2800000E+00 -0.4444366E+00
 0.2900000E+00 -0.4327312E+00
 0.3000000E+00 -0.4209825E+00
 0.3100000E+00 -0.4091917E+00
 0.3200000E+00 -0.3973599E+00
 0.3300000E+00 -0.3854885E+00
 0.3400000E+00 -0.3735784E+00
 0.3500000E+00 -0.3616310E+00
 0.3600000E+00 -0.3496475E+00
 0.3700000E+00 -0.3376289E+00
 0.3800000E+00 -0.3255766E+00
 0.3900000E+00 -0.3134918E+00
 0.4000000E+00 -0.3013755E+00
 0.4100000E+00 -0.2892291E+00
 0.4200000E+00 -0.2770538E+00
 0.4300000E+00 -0.2648508E+00
 0.4400000E+00 -0.2526213E+00
 0.4500000E+00 -0.2403665E+00
 0.4600000E+00 -0.2280877E+00
 0.4700000E+00 -0.2157860E+00
 0.4800000E+00 -0.2034628E+00
 0.4900000E+00 -0.1911192E+00
 0.5000000E+00 -0.1787565E+00
 0.5100000E+00 -0.1663759E+00
 0.5200000E+00 -0.1539787E+00
 0.5300000E+00 -0.1415660E+00
 0.5400000E+00 -0.1291392E+00
 0.5500000E+00 -0.1166994E+00
 0.5600000E+00 -0.1042480E+00
 0.5700000E+00 -0.9178614E-01
 0.5800000E+00 -0.7931509E-01
 0.5900000E+00 -0.6683610E-01
 0.6000000E+00 -0.5435041E-01
 0.6100000E+00 -0.4185928E-01
 0.6200000E+00 -0.2936395E-01
 0.6300000E+00 -0.1686568E-01
 0.6400000E+00 -0.4365715E-02
 0.6500000E+00  0.8134698E-02
 0.6600000E+00  0.2063430E-01
 0.6700000E+00  0.3313185E-01
 0.6800000E+00  0.4562610E-01
 0.6900000E+00  0.5811579E-01
 0.7000000E+00  0.7059967E-01
 0.7100000E+00  0.8307649E-01
 0.7200000E+00  0.9554501E-01
 0.7300000E+00  0.1080040E+00
 0.7400000E+00  0.1204521E+00
 0.7500000E+00  0.1328883E+00
 0.7600000E+00  0.1453111E+00
 0.7700000E+00  0.1577194E+00
 0.7800000E+00  0.1701119E+00
 0.7900000E+00  0.1824874E+00
 0.8000000E+00  0.1948447E+00
 0.8100000E+00  0.2071824E+00
 0.8200000E+00  0.2194994E+00
 0.8300000E+00  0.2317945E+00
 0.8400000E+00  0.2440663E+00
 0.8500000E+00  0.2563138E+00
 0.8600000E+00  0.2685356E+00
 0.8700000E+00  0.2807305E+00
 0.8800000E+00  0.2928973E+00
 0.8900000E+00  0.3050348E+00
 0.9000000E+00  0.3171418E+00
 0.9100000E+00  0.3292171E+00
 0.9200000E+00  0.3412594E+00
 0.9300000E+00  0.3532675E+00
 0.9400000E+00  0.3652403E+00
 0.9500000E+00  0.3771765E+00
 0.9600000E+00  0.3890750E+00
 0.9700000E+00  0.4009345E+00
 0.9800000E+00  0.4127539E+00
 0.9900000E+00  0.4245320E+00
 0.1000000E+01  0.4362676E+00
 0.1010000E+01  0.4479596E+00
 0.1020000E+01  0.4596067E+00
 0.1030000E+01  0.4712078E+00
 0.1040000E+01  0.4827617E+00
 0.1050000E+01  0.4942673E+00
 0.1060000E+01  0.5057235E+00
 0.1070000E+01  0.5171290E+00
 0.1080000E+01  0.5284828E+00
 0.1090000E+01  0.5397837E+00
 0.1100000E+01  0.5510305E+00
 0.1110000E+01  0.5622223E+00
 0.1120000E+01  0.5733577E+00
 0.1130000E+01  0.5844358E+00
 0.1140000E+01  0.5954554E+00
 0.1150000E+01  0.6064154E+00
 0.1160000E+01  0.6173148E+00
 0.1170000E+01  0.6281523E+00
 0.1180000E+01  0.6389270E+00
 0.1190000E+01  0.6496378E+00
 0.1200000E+01  0.6602836E+00
 0.1210000E+01  0.6708634E+00
 0.1220000E+01  0.6813760E+00
 0.1230000E+01  0.6918205E+00
 0.1240000E+01  0.7021957E+00
 0.1250000E+01  0.7125007E+00
 0.1260000E+01  0.7227345E+00
 0.1270000E+01  0.7328959E+00
 0.1280000E+01  0.7429841E+00
 0.1290000E+01  0.7529979E+00
 0.1300000E+01  0.7629364E+00
 0.1310000E+01  0.7727986E+00
 0.1320000E+01  0.7825836E+00
 0.1330000E+01  0.7922903E+00
 0.1340000E+01  0.8019177E+00
 0.1350000E+01  0.8114650E+00
 0.1360000E+01  0.8209311E+00
 0.1370000E+01  0.8303152E+00
 0.1380000E+01  0.8396162E+00
 0.1390000E+01  0.8488333E+00
 0.1400000E+01  0.8579655E+00
 0.1410000E+01  0.8670119E+00
 0.1420000E+01  0.8759717E+00
 0.1430000E+01  0.8848439E+00
 0.1440000E+01  0.8936276E+00
 0.1450000E+01  0.9023221E+00
 0.1460000E+01  0.9109263E+00
 0.1470000E+01  0.9194394E+00
 0.1480000E+01  0.9278607E+00
 0.1490000E+01  0.9361892E+00
 0.1500000E+01  0.9444242E+00
 0.1510000E+01  0.9525647E+00
 0.1520000E+01  0.9606101E+00
 0.1530000E+01  0.9685594E+00
 0.1540000E+01  0.9764119E+00
 0.1550000E+01  0.9841669E+00
 0.1560000E+01  0.9918235E+00
 0.1570000E+01  0.9993810E+00
 0.1580000E+01  0.1006839E+01
 0.1590000E+01  0.1014196E+01
 0.1600000E+01  0.1021451E+01
 0.1610000E+01  0.1028605E+01
 0.1620000E+01  0.1035655E+01
 0.1630000E+01  0.1042603E+01
 0.1640000E+01  0.1049446E+01
 0.1650000E+01  0.1056184E+01
 0.1660000E+01  0.1062817E+01
 0.1670000E+01  0.1069343E+01
 0.1680000E+01  0.1075763E+01
 0.1690000E+01  0.1082075E+01
 0.1700000E+01  0.1088279E+01
 0.1710000E+01  0.1094374E+01
 0.1720000E+01  0.1100360E+01
 0.1730000E+01  0.1106235E+01
 0.1740000E+01  0.1112001E+01
 0.1750000E+01  0.1117655E+01
 0.1760000E+01  0.1123197E+01
 0.1770000E+01  0.1128628E+01
 0.1780000E+01  0.1133945E+01
 0.1790000E+01  0.1139149E+01
 0.1800000E+01  0.1144239E+01
 0.1810000E+01  0.1149215E+01
 0.1820000E+01  0.1154076E+01
 0.1830000E+01  0.1158822E+01
 0.1840000E+01  0.1163451E+01
 0.1850000E+01  0.1167965E+01
 0.1860000E+01  0.1172362E+01
 0.1870000E+01  0.1176641E+01
 0.1880000E+01  0.1180803E+01
 0.1890000E+01  0.1184847E+01
 0.1900000E+01  0.1188772E+01
 0.1910000E+01  0.1192579E+01
 0.1920000E+01  0.1196266E+01
 0.1930000E+01  0.1199834E+01
 0.1940000E+01  0.1203282E+01
 0.1950000E+01  0.1206609E+01
 0.1960000E+01  0.1209816E+01
 0.1970000E+01  0.1212902E+01
 0.1980000E+01  0.1215866E+01
 0.1990000E+01  0.1218709E+01
 0.2000000E+01  0.1221430E+01
 0.2010000E+01  0.1224029E+01
 0.2020000E+01  0.1226505E+01
 0.2030000E+01  0.1228859E+01
 0.2040000E+01  0.1231090E+01
 0.2050000E+01  0.1233198E+01
 0.2060000E+01  0.1235182E+01
 0.2070000E+01  0.1237043E+01
 0.2080000E+01  0.1238780E+01
 0.2090000E+01  0.1240393E+01
 0.2100000E+01  0.1241882E+01
 0.2110000E+01  0.1243246E+01
 0.2120000E+01  0.1244487E+01
 0.2130000E+01  0.1245602E+01
 0.2140000E+01  0.1246593E+01
 0.2150000E+01  0.1247460E+01
 0.2160000E+01  0.1248201E+01
 0.2170000E+01  0.1248818E+01
 0.2180000E+01  0.1249310E+01
 0.2190000E+01  0.1249676E+01
 0.2200000E+01  0.1249918E+01
 0.2210000E+01  0.1250035E+01
 0.2220000E+01  0.1250026E+01
 0.2230000E+01  0.1249892E+01
 0.2240000E+01  0.1249633E+01
 0.2250000E+01  0.1249249E+01
 0.2260000E+01  0.1248740E+01
 0.2270000E+01  0.1248107E+01
 0.2280000E+01  0.1247348E+01
 0.2290000E+01  0.1246464E+01
 0.2300000E+01  0.1245455E+01
 0.2310000E+01  0.1244322E+01
 0.2320000E+01  0.1243064E+01
 0.2330000E+01  0.1241682E+01
 0.2340000E+01  0.1240176E+01
 0.2350000E+01  0.1238545E+01
 0.2360000E+01  0.1236791E+01
 0.2370000E+01  0.1234912E+01
 0.2380000E+01  0.1232910E+01
 0.2390000E+01  0.1230784E+01
 0.2400000E+01  0.1228536E+01
 0.2410000E+01  0.1226164E+01
 0.2420000E+01  0.1223669E+01
 0.2430000E+01  0.1221052E+01
 0.2440000E+01  0.1218313E+01
 0.2450000E+01  0.1215452E+01
 0.2460000E+01  0.1212469E+01
 0.2470000E+01  0.1209365E+01
 0.2480000E+01  0.1206139E+01
 0.2490000E+01  0.1202793E+01
 0.2500000E+01  0.1199326E+01
 0.2510000E+01  0.1195739E+01
 0.2520000E+01  0.1192033E+01
 0.2530000E+01  0.1188207E+01
 0.2540000E+01  0.1184262E+01
 0.2550000E+01  0.1180199E+01
 0.2560000E+01  0.1176017E+01
 0.2570000E+01  0.1171718E+01
 0.2580000E+01  0.1167302E+01
 0.2590000E+01  0.1162768E+01
 0.2600000E+01  0.1158118E+01
 0.2610000E+01  0.1153352E+01
 0.2620000E+01  0.1148471E+01
 0.2630000E+01  0.1143474E+01
 0.2640000E+01  0.1138363E+01
 0.2650000E+01  0.1133139E+01
 0.2660000E+01  0.1127800E+01
 0.2670000E+01  0.1122349E+01
 0.2680000E+01  0.1116785E+01
 0.2690000E+01  0.1111110E+01
 0.2700000E+01  0.1105323E+01
 0.2710000E+01  0.1099426E+01
 0.2720000E+01  0.1093418E+01
 0.2730000E+01  0.1087301E+01
 0.2740000E+01  0.1081076E+01
 0.2750000E+01  0.1074741E+01
 0.2760000E+01  0.1068300E+01
 0.2770000E+01  0.1061751E+01
 0.2780000E+01  0.1055096E+01
 0.2790000E+01  0.1048336E+01
 0.2800000E+01  0.1041470E+01
 0.2810000E+01  0.1034501E+01
 0.2820000E+01  0.1027427E+01
 0.2830000E+01  0.1020251E+01
 0.2840000E+01  0.1012973E+01
 0.2850000E+01  0.1005593E+01
 0.2860000E+01  0.9981131E+00
 0.2870000E+01  0.9905328E+00
 0.2880000E+01  0.9828535E+00
 0.2890000E+01  0.9750758E+00
 0.2900000E+01  0.9672004E+00
 0.2910000E+01  0.9592283E+00
 0.2920000E+01  0.9511602E+00
 0.2930000E+01  0.9429969E+00
 0.2940000E+01  0.9347393E+00
 0.2950000E+01  0.9263881E+00
 0.2960000E+01  0.9179442E+00
 0.2970000E+01  0.9094084E+00
 0.2980000E+01  0.9007817E+00
 0.2990000E+01  0.8920648E+00
 0.3000000E+01  0.8832587E+00
 0.3010000E+01  0.8743642E+00
 0.3020000E+01  0.8653823E+00
 0.3030000E+01  0.8563137E+00
 0.3040000E+01  0.8471595E+00
 0.3050000E+01  0.8379206E+00
 0.3060000E+01  0.8285978E+00
 0.3070000E+01  0.8191922E+00
 0.3080000E+01  0.8097046E+00
 0.3090000E+01  0.8001360E+00
 0.3100000E+01  0.7904874E+00
 0.3110000E+01  0.7807598E+00
 0.3120000E+01  0.7709541E+00
 0.3130000E+01  0.7610712E+00
 0.3140000E+01  0.7511123E+00
 0.3150000E+01  0.7410782E+00
 0.3160000E+01  0.7309701E+00
 0.3170000E+01  0.7207888E+00
 0.3180000E+01  0.7105355E+00
 0.3190000E+01  0.7002112E+00
 0.3200000E+01  0.6898168E+00
 0.3210000E+01  0.6793535E+00
 0.3220000E+01  0.6688222E+00
 0.3230000E+01  0.6582241E+00
 0.3240000E+01  0.6475602E+00
 0.3250000E+01  0.6368316E+00
 0.3260000E+01  0.6260393E+00
 0.3270000E+01  0.6151844E+00
 0.3280000E+01  0.6042680E+00
 0.3290000E+01  0.5932913E+00
 0.3300000E+01  0.5822552E+00
 0.3310000E+01  0.5711610E+00
 0.3320000E+01  0.5600097E+00
 0.3330000E+01  0.5488024E+00
 0.3340000E+01  0.5375403E+00
 0.3350000E+01  0.5262245E+00
 0.3360000E+01  0.5148561E+00
 0.3370000E+01  0.5034363E+00
 0.3380000E+01  0.4919662E+00
 0.3390000E+01  0.4804469E+00
 0.3400000E+01  0.4688797E+00
 0.3410000E+01  0.4572656E+00
 0.3420000E+01  0.4456059E+00
 0.3430000E+01  0.4339017E+00
 0.3440000E+01  0.4221542E+00
 0.3450000E+01  0.4103645E+00
 0.3460000E+01  0.3985338E+00
 0.3470000E+01  0.3866634E+00
 0.3480000E+01  0.3747544E+00
 0.3490000E+01  0.3628080E+00
 0.3500000E+01  0.3508254E+00
 0.3510000E+01  0.3388078E+00
 0.3520000E+01  0.3267565E+00
 0.3530000E+01  0.3146725E+00
 0.3540000E+01  0.3025572E+00
 0.3550000E+01  0.2904118E+00
 0.3560000E+01  0.2782374E+00
 0.3570000E+01  0.2660353E+00
 0.3580000E+01  0.2538068E+00
 0.3590000E+01  0.2415530E+00
 0.3600000E+01  0.2292751E+00
 0.3610000E+01  0.2169745E+00
 0.3620000E+01  0.2046524E+00
 0.3630000E+01  0.1923099E+00
 0.3640000E+01  0.1799483E+00
 0.3650000E+01  0.1675689E+00
 0.3660000E+01  0.1551730E+00
 0.3670000E+01  0.1427617E+00
 0.3680000E+01  0.1303363E+00
 0.3690000E+01  0.1178981E+00
 0.3700000E+01  0.1054482E+00
 0.3710000E+01  0.9298808E-01
 0.3720000E+01  0.8051884E-01
 0.3730000E+01  0.6804178E-01
 0.3740000E+01  0.5555814E-01
 0.3750000E+01  0.4306919E-01
 0.3760000E+01  0.3057619E-01
 0.3770000E+01  0.1808038E-01
 0.3780000E+01  0.5583037E-02
 0.3790000E+01 -0.6914592E-02
 0.3800000E+01 -0.1941124E-01
 0.3810000E+01 -0.3190566E-01
 0.3820000E+01 -0.4439659E-01
 0.3830000E+01 -0.5688277E-01
 0.3840000E+01 -0.6936293E-01
 0.3850000E+01 -0.8183584E-01
 0.3860000E+01 -0.9430022E-01
 0.3870000E+01 -0.1067548E+00
 0.3880000E+01 -0.1191984E+00
 0.3890000E+01 -0.1316297E+00
 0.3900000E+01 -0.1440475E+00
 0.3910000E+01 -0.1564504E+00
 0.3920000E+01 -0.1688374E+00
 0.3930000E+01 -0.1812071E+00
 0.3940000E+01 -0.1935582E+00
 0.3950000E+01 -0.2058896E+00
 0.3960000E+01 -0.2181999E+00
 0.3970000E+01 -0.2304881E+00
 0.3980000E+01 -0.2427527E+00
 0.3990000E+01 -0.2549927E+00
 0.4000000E+01 -0.2672066E+00
