 0.1000000E-01  0.5065906E+00  0.3987749E+00  0.0000000E+00  0.9053655E+00
 0.2000000E-01  0.5131238E+00  0.3913536E+00  0.0000000E+00  0.9044773E+00
 0.3000000E-01  0.5195971E+00  0.3839881E+00  0.0000000E+00  0.9035852E+00
 0.4000000E-01  0.5260085E+00  0.3766810E+00  0.0000000E+00  0.9026895E+00
 0.5000000E-01  0.5323559E+00  0.3694349E+00  0.0000000E+00  0.9017908E+00
 0.6000000E-01  0.5386372E+00  0.3622526E+00  0.0000000E+00  0.9008898E+00
 0.7000000E-01  0.5448503E+00  0.3551365E+00  0.0000000E+00  0.8999868E+00
 0.8000000E-01  0.5509932E+00  0.3480893E+00  0.0000000E+00  0.8990825E+00
 0.9000000E-01  0.5570640E+00  0.3411133E+00  0.0000000E+00  0.8981774E+00
 0.1000000E+00  0.5630608E+00  0.3342112E+00  0.0000000E+00  0.8972720E+00
 0.1100000E+00  0.5689816E+00  0.3273854E+00  0.0000000E+00  0.8963670E+00
 0.1200000E+00  0.5748245E+00  0.3206383E+00  0.0000000E+00  0.8954628E+00
 0.1300000E+00  0.5805878E+00  0.3139723E+00  0.0000000E+00  0.8945601E+00
 0.1400000E+00  0.5862697E+00  0.3073897E+00  0.0000000E+00  0.8936594E+00
 0.1500000E+00  0.5918683E+00  0.3008930E+00  0.0000000E+00  0.8927613E+00
 0.1600000E+00  0.5973820E+00  0.2944843E+00  0.0000000E+00  0.8918663E+00
 0.1700000E+00  0.6028090E+00  0.2881660E+00  0.0000000E+00  0.8909750E+00
 0.1800000E+00  0.6081478E+00  0.2819402E+00  0.0000000E+00  0.8900880E+00
 0.1900000E+00  0.6133968E+00  0.2758091E+00  0.0000000E+00  0.8892059E+00
 0.2000000E+00  0.6185542E+00  0.2697750E+00  0.0000000E+00  0.8883292E+00
 0.2100000E+00  0.6236187E+00  0.2638398E+00  0.0000000E+00  0.8874584E+00
 0.2200000E+00  0.6285886E+00  0.2580056E+00  0.0000000E+00  0.8865942E+00
 0.2300000E+00  0.6334626E+00  0.2522745E+00  0.0000000E+00  0.8857371E+00
 0.2400000E+00  0.6382392E+00  0.2466485E+00  0.0000000E+00  0.8848877E+00
 0.2500000E+00  0.6429169E+00  0.2411295E+00  0.0000000E+00  0.8840464E+00
 0.2600000E+00  0.6474945E+00  0.2357194E+00  0.0000000E+00  0.8832139E+00
 0.2700000E+00  0.6519706E+00  0.2304201E+00  0.0000000E+00  0.8823906E+00
 0.2800000E+00  0.6563439E+00  0.2252333E+00  0.0000000E+00  0.8815772E+00
 0.2900000E+00  0.6606131E+00  0.2201610E+00  0.0000000E+00  0.8807741E+00
 0.3000000E+00  0.6647771E+00  0.2152048E+00  0.0000000E+00  0.8799819E+00
 0.3100000E+00  0.6688347E+00  0.2103663E+00  0.0000000E+00  0.8792010E+00
 0.3200000E+00  0.6727846E+00  0.2056474E+00  0.0000000E+00  0.8784320E+00
 0.3300000E+00  0.6766259E+00  0.2010494E+00  0.0000000E+00  0.8776753E+00
 0.3400000E+00  0.6803573E+00  0.1965742E+00  0.0000000E+00  0.8769315E+00
 0.3500000E+00  0.6839779E+00  0.1922230E+00  0.0000000E+00  0.8762010E+00
 0.3600000E+00  0.6874867E+00  0.1879975E+00  0.0000000E+00  0.8754842E+00
 0.3700000E+00  0.6908827E+00  0.1838990E+00  0.0000000E+00  0.8747817E+00
 0.3800000E+00  0.6941649E+00  0.1799290E+00  0.0000000E+00  0.8740939E+00
 0.3900000E+00  0.6973325E+00  0.1760887E+00  0.0000000E+00  0.8734212E+00
 0.4000000E+00  0.7003845E+00  0.1723794E+00  0.0000000E+00  0.8727640E+00
 0.4100000E+00  0.7033202E+00  0.1688025E+00  0.0000000E+00  0.8721227E+00
 0.4200000E+00  0.7061387E+00  0.1653590E+00  0.0000000E+00  0.8714977E+00
 0.4300000E+00  0.7088393E+00  0.1620501E+00  0.0000000E+00  0.8708894E+00
 0.4400000E+00  0.7114213E+00  0.1588770E+00  0.0000000E+00  0.8702982E+00
 0.4500000E+00  0.7138838E+00  0.1558406E+00  0.0000000E+00  0.8697245E+00
 0.4600000E+00  0.7162264E+00  0.1529420E+00  0.0000000E+00  0.8691685E+00
 0.4700000E+00  0.7184483E+00  0.1501822E+00  0.0000000E+00  0.8686305E+00
 0.4800000E+00  0.7205490E+00  0.1475620E+00  0.0000000E+00  0.8681110E+00
 0.4900000E+00  0.7225279E+00  0.1450823E+00  0.0000000E+00  0.8676102E+00
 0.5000000E+00  0.7243844E+00  0.1427439E+00  0.0000000E+00  0.8671283E+00
 0.5100000E+00  0.7261182E+00  0.1405475E+00  0.0000000E+00  0.8666657E+00
 0.5200000E+00  0.7277286E+00  0.1384939E+00  0.0000000E+00  0.8662225E+00
 0.5300000E+00  0.7292153E+00  0.1365838E+00  0.0000000E+00  0.8657991E+00
 0.5400000E+00  0.7305779E+00  0.1348177E+00  0.0000000E+00  0.8653956E+00
 0.5500000E+00  0.7318160E+00  0.1331962E+00  0.0000000E+00  0.8650123E+00
 0.5600000E+00  0.7329294E+00  0.1317198E+00  0.0000000E+00  0.8646492E+00
 0.5700000E+00  0.7339177E+00  0.1303890E+00  0.0000000E+00  0.8643067E+00
 0.5800000E+00  0.7347806E+00  0.1292042E+00  0.0000000E+00  0.8639848E+00
 0.5900000E+00  0.7355179E+00  0.1281657E+00  0.0000000E+00  0.8636836E+00
 0.6000000E+00  0.7361295E+00  0.1272739E+00  0.0000000E+00  0.8634034E+00
 0.6100000E+00  0.7366151E+00  0.1265290E+00  0.0000000E+00  0.8631441E+00
 0.6200000E+00  0.7369747E+00  0.1259313E+00  0.0000000E+00  0.8629059E+00
 0.6300000E+00  0.7372081E+00  0.1254808E+00  0.0000000E+00  0.8626889E+00
 0.6400000E+00  0.7373153E+00  0.1251777E+00  0.0000000E+00  0.8624930E+00
 0.6500000E+00  0.7372963E+00  0.1250221E+00  0.0000000E+00  0.8623183E+00
 0.6600000E+00  0.7371510E+00  0.1250139E+00  0.0000000E+00  0.8621649E+00
 0.6700000E+00  0.7368795E+00  0.1251531E+00  0.0000000E+00  0.8620326E+00
 0.6800000E+00  0.7364819E+00  0.1254397E+00  0.0000000E+00  0.8619216E+00
 0.6900000E+00  0.7359583E+00  0.1258734E+00  0.0000000E+00  0.8618317E+00
 0.7000000E+00  0.7353088E+00  0.1264541E+00  0.0000000E+00  0.8617629E+00
 0.7100000E+00  0.7345336E+00  0.1271816E+00  0.0000000E+00  0.8617152E+00
 0.7200000E+00  0.7336329E+00  0.1280555E+00  0.0000000E+00  0.8616884E+00
 0.7300000E+00  0.7326069E+00  0.1290755E+00  0.0000000E+00  0.8616824E+00
 0.7400000E+00  0.7314559E+00  0.1302412E+00  0.0000000E+00  0.8616971E+00
 0.7500000E+00  0.7301801E+00  0.1315522E+00  0.0000000E+00  0.8617324E+00
 0.7600000E+00  0.7287801E+00  0.1330080E+00  0.0000000E+00  0.8617880E+00
 0.7700000E+00  0.7272560E+00  0.1346079E+00  0.0000000E+00  0.8618639E+00
 0.7800000E+00  0.7256084E+00  0.1363515E+00  0.0000000E+00  0.8619599E+00
 0.7900000E+00  0.7238375E+00  0.1382381E+00  0.0000000E+00  0.8620756E+00
 0.8000000E+00  0.7219441E+00  0.1402669E+00  0.0000000E+00  0.8622110E+00
 0.8100000E+00  0.7199284E+00  0.1424373E+00  0.0000000E+00  0.8623657E+00
 0.8200000E+00  0.7177911E+00  0.1447485E+00  0.0000000E+00  0.8625395E+00
 0.8300000E+00  0.7155327E+00  0.1471995E+00  0.0000000E+00  0.8627322E+00
 0.8400000E+00  0.7131539E+00  0.1497896E+00  0.0000000E+00  0.8629435E+00
 0.8500000E+00  0.7106552E+00  0.1525177E+00  0.0000000E+00  0.8631730E+00
 0.8600000E+00  0.7080374E+00  0.1553830E+00  0.0000000E+00  0.8634204E+00
 0.8700000E+00  0.7053012E+00  0.1583843E+00  0.0000000E+00  0.8636855E+00
 0.8800000E+00  0.7024473E+00  0.1615205E+00  0.0000000E+00  0.8639678E+00
 0.8900000E+00  0.6994764E+00  0.1647907E+00  0.0000000E+00  0.8642671E+00
 0.9000000E+00  0.6963894E+00  0.1681934E+00  0.0000000E+00  0.8645829E+00
 0.9100000E+00  0.6931872E+00  0.1717277E+00  0.0000000E+00  0.8649149E+00
 0.9200000E+00  0.6898706E+00  0.1753921E+00  0.0000000E+00  0.8652627E+00
 0.9300000E+00  0.6864405E+00  0.1791853E+00  0.0000000E+00  0.8656258E+00
 0.9400000E+00  0.6828979E+00  0.1831061E+00  0.0000000E+00  0.8660040E+00
 0.9500000E+00  0.6792438E+00  0.1871529E+00  0.0000000E+00  0.8663966E+00
 0.9600000E+00  0.6754791E+00  0.1913243E+00  0.0000000E+00  0.8668034E+00
 0.9700000E+00  0.6716050E+00  0.1956189E+00  0.0000000E+00  0.8672239E+00
 0.9800000E+00  0.6676225E+00  0.2000350E+00  0.0000000E+00  0.8676575E+00
 0.9900000E+00  0.6635327E+00  0.2045712E+00  0.0000000E+00  0.8681039E+00
 0.1000000E+01  0.6593369E+00  0.2092256E+00  0.0000000E+00  0.8685625E+00
 0.1010000E+01  0.6550362E+00  0.2139968E+00  0.0000000E+00  0.8690330E+00
 0.1020000E+01  0.6506318E+00  0.2188829E+00  0.0000000E+00  0.8695147E+00
 0.1030000E+01  0.6461250E+00  0.2238823E+00  0.0000000E+00  0.8700072E+00
 0.1040000E+01  0.6415171E+00  0.2289930E+00  0.0000000E+00  0.8705101E+00
 0.1050000E+01  0.6368094E+00  0.2342132E+00  0.0000000E+00  0.8710227E+00
 0.1060000E+01  0.6320034E+00  0.2395412E+00  0.0000000E+00  0.8715446E+00
 0.1070000E+01  0.6271004E+00  0.2449748E+00  0.0000000E+00  0.8720752E+00
 0.1080000E+01  0.6221019E+00  0.2505122E+00  0.0000000E+00  0.8726141E+00
 0.1090000E+01  0.6170093E+00  0.2561514E+00  0.0000000E+00  0.8731607E+00
 0.1100000E+01  0.6118242E+00  0.2618902E+00  0.0000000E+00  0.8737144E+00
 0.1110000E+01  0.6065481E+00  0.2677267E+00  0.0000000E+00  0.8742748E+00
 0.1120000E+01  0.6011826E+00  0.2736587E+00  0.0000000E+00  0.8748413E+00
 0.1130000E+01  0.5957293E+00  0.2796840E+00  0.0000000E+00  0.8754133E+00
 0.1140000E+01  0.5901899E+00  0.2858005E+00  0.0000000E+00  0.8759904E+00
 0.1150000E+01  0.5845662E+00  0.2920058E+00  0.0000000E+00  0.8765720E+00
 0.1160000E+01  0.5788597E+00  0.2982978E+00  0.0000000E+00  0.8771575E+00
 0.1170000E+01  0.5730723E+00  0.3046741E+00  0.0000000E+00  0.8777464E+00
 0.1180000E+01  0.5672059E+00  0.3111324E+00  0.0000000E+00  0.8783382E+00
 0.1190000E+01  0.5612621E+00  0.3176703E+00  0.0000000E+00  0.8789324E+00
 0.1200000E+01  0.5552430E+00  0.3242854E+00  0.0000000E+00  0.8795284E+00
 0.1210000E+01  0.5491504E+00  0.3309752E+00  0.0000000E+00  0.8801256E+00
 0.1220000E+01  0.5429862E+00  0.3377374E+00  0.0000000E+00  0.8807236E+00
 0.1230000E+01  0.5367525E+00  0.3445693E+00  0.0000000E+00  0.8813219E+00
 0.1240000E+01  0.5304513E+00  0.3514685E+00  0.0000000E+00  0.8819198E+00
 0.1250000E+01  0.5240846E+00  0.3584324E+00  0.0000000E+00  0.8825170E+00
 0.1260000E+01  0.5176545E+00  0.3654584E+00  0.0000000E+00  0.8831129E+00
 0.1270000E+01  0.5111631E+00  0.3725439E+00  0.0000000E+00  0.8837070E+00
 0.1280000E+01  0.5046126E+00  0.3796863E+00  0.0000000E+00  0.8842989E+00
 0.1290000E+01  0.4980051E+00  0.3868828E+00  0.0000000E+00  0.8848880E+00
 0.1300000E+01  0.4913430E+00  0.3941308E+00  0.0000000E+00  0.8854738E+00
 0.1310000E+01  0.4846284E+00  0.4014276E+00  0.0000000E+00  0.8860560E+00
 0.1320000E+01  0.4778636E+00  0.4087704E+00  0.0000000E+00  0.8866340E+00
 0.1330000E+01  0.4710510E+00  0.4161565E+00  0.0000000E+00  0.8872075E+00
 0.1340000E+01  0.4641929E+00  0.4235830E+00  0.0000000E+00  0.8877759E+00
 0.1350000E+01  0.4572917E+00  0.4310471E+00  0.0000000E+00  0.8883389E+00
 0.1360000E+01  0.4503499E+00  0.4385462E+00  0.0000000E+00  0.8888960E+00
 0.1370000E+01  0.4433698E+00  0.4460771E+00  0.0000000E+00  0.8894469E+00
 0.1380000E+01  0.4363539E+00  0.4536372E+00  0.0000000E+00  0.8899911E+00
 0.1390000E+01  0.4293048E+00  0.4612236E+00  0.0000000E+00  0.8905284E+00
 0.1400000E+01  0.4222250E+00  0.4688333E+00  0.0000000E+00  0.8910582E+00
 0.1410000E+01  0.4151170E+00  0.4764634E+00  0.0000000E+00  0.8915804E+00
 0.1420000E+01  0.4079836E+00  0.4841110E+00  0.0000000E+00  0.8920945E+00
 0.1430000E+01  0.4008271E+00  0.4917731E+00  0.0000000E+00  0.8926003E+00
 0.1440000E+01  0.3936505E+00  0.4994469E+00  0.0000000E+00  0.8930973E+00
 0.1450000E+01  0.3864562E+00  0.5071293E+00  0.0000000E+00  0.8935855E+00
 0.1460000E+01  0.3792470E+00  0.5148174E+00  0.0000000E+00  0.8940644E+00
 0.1470000E+01  0.3720257E+00  0.5225081E+00  0.0000000E+00  0.8945338E+00
 0.1480000E+01  0.3647950E+00  0.5301986E+00  0.0000000E+00  0.8949936E+00
 0.1490000E+01  0.3575576E+00  0.5378858E+00  0.0000000E+00  0.8954434E+00
 0.1500000E+01  0.3503163E+00  0.5455667E+00  0.0000000E+00  0.8958831E+00
 0.1510000E+01  0.3430741E+00  0.5532383E+00  0.0000000E+00  0.8963124E+00
 0.1520000E+01  0.3358336E+00  0.5608976E+00  0.0000000E+00  0.8967312E+00
 0.1530000E+01  0.3285978E+00  0.5685417E+00  0.0000000E+00  0.8971394E+00
 0.1540000E+01  0.3213694E+00  0.5761674E+00  0.0000000E+00  0.8975368E+00
 0.1550000E+01  0.3141515E+00  0.5837718E+00  0.0000000E+00  0.8979233E+00
 0.1560000E+01  0.3069469E+00  0.5913518E+00  0.0000000E+00  0.8982988E+00
 0.1570000E+01  0.2997586E+00  0.5989046E+00  0.0000000E+00  0.8986632E+00
 0.1580000E+01  0.2925894E+00  0.6064270E+00  0.0000000E+00  0.8990164E+00
 0.1590000E+01  0.2854423E+00  0.6139162E+00  0.0000000E+00  0.8993584E+00
 0.1600000E+01  0.2783202E+00  0.6213690E+00  0.0000000E+00  0.8996892E+00
 0.1610000E+01  0.2712261E+00  0.6287826E+00  0.0000000E+00  0.9000087E+00
 0.1620000E+01  0.2641630E+00  0.6361539E+00  0.0000000E+00  0.9003170E+00
 0.1630000E+01  0.2571339E+00  0.6434801E+00  0.0000000E+00  0.9006140E+00
 0.1640000E+01  0.2501417E+00  0.6507581E+00  0.0000000E+00  0.9008998E+00
 0.1650000E+01  0.2431894E+00  0.6579850E+00  0.0000000E+00  0.9011745E+00
 0.1660000E+01  0.2362800E+00  0.6651580E+00  0.0000000E+00  0.9014380E+00
 0.1670000E+01  0.2294165E+00  0.6722741E+00  0.0000000E+00  0.9016906E+00
 0.1680000E+01  0.2226018E+00  0.6793305E+00  0.0000000E+00  0.9019323E+00
 0.1690000E+01  0.2158390E+00  0.6863242E+00  0.0000000E+00  0.9021632E+00
 0.1700000E+01  0.2091310E+00  0.6932525E+00  0.0000000E+00  0.9023835E+00
 0.1710000E+01  0.2024807E+00  0.7001125E+00  0.0000000E+00  0.9025933E+00
 0.1720000E+01  0.1958912E+00  0.7069015E+00  0.0000000E+00  0.9027927E+00
 0.1730000E+01  0.1893653E+00  0.7136166E+00  0.0000000E+00  0.9029819E+00
 0.1740000E+01  0.1829061E+00  0.7202550E+00  0.0000000E+00  0.9031612E+00
 0.1750000E+01  0.1765164E+00  0.7268142E+00  0.0000000E+00  0.9033306E+00
 0.1760000E+01  0.1701992E+00  0.7332913E+00  0.0000000E+00  0.9034905E+00
 0.1770000E+01  0.1639572E+00  0.7396838E+00  0.0000000E+00  0.9036410E+00
 0.1780000E+01  0.1577935E+00  0.7459889E+00  0.0000000E+00  0.9037824E+00
 0.1790000E+01  0.1517108E+00  0.7522042E+00  0.0000000E+00  0.9039149E+00
 0.1800000E+01  0.1457119E+00  0.7583269E+00  0.0000000E+00  0.9040388E+00
 0.1810000E+01  0.1397997E+00  0.7643546E+00  0.0000000E+00  0.9041543E+00
 0.1820000E+01  0.1339770E+00  0.7702848E+00  0.0000000E+00  0.9042617E+00
 0.1830000E+01  0.1282464E+00  0.7761150E+00  0.0000000E+00  0.9043613E+00
 0.1840000E+01  0.1226106E+00  0.7818427E+00  0.0000000E+00  0.9044534E+00
 0.1850000E+01  0.1170725E+00  0.7874657E+00  0.0000000E+00  0.9045382E+00
 0.1860000E+01  0.1116345E+00  0.7929815E+00  0.0000000E+00  0.9046160E+00
 0.1870000E+01  0.1062993E+00  0.7983879E+00  0.0000000E+00  0.9046872E+00
 0.1880000E+01  0.1010694E+00  0.8036826E+00  0.0000000E+00  0.9047520E+00
 0.1890000E+01  0.9594739E-01  0.8088634E+00  0.0000000E+00  0.9048108E+00
 0.1900000E+01  0.9093574E-01  0.8139281E+00  0.0000000E+00  0.9048638E+00
 0.1910000E+01  0.8603685E-01  0.8188746E+00  0.0000000E+00  0.9049114E+00
 0.1920000E+01  0.8125313E-01  0.8237007E+00  0.0000000E+00  0.9049539E+00
 0.1930000E+01  0.7658689E-01  0.8284046E+00  0.0000000E+00  0.9049915E+00
 0.1940000E+01  0.7204042E-01  0.8329842E+00  0.0000000E+00  0.9050246E+00
 0.1950000E+01  0.6761595E-01  0.8374376E+00  0.0000000E+00  0.9050535E+00
 0.1960000E+01  0.6331564E-01  0.8417628E+00  0.0000000E+00  0.9050785E+00
 0.1970000E+01  0.5914163E-01  0.8459582E+00  0.0000000E+00  0.9050998E+00
 0.1980000E+01  0.5509596E-01  0.8500219E+00  0.0000000E+00  0.9051179E+00
 0.1990000E+01  0.5118062E-01  0.8539522E+00  0.0000000E+00  0.9051329E+00
 0.2000000E+01  0.4739756E-01  0.8577475E+00  0.0000000E+00  0.9051451E+00
 0.2010000E+01  0.4374864E-01  0.8614062E+00  0.0000000E+00  0.9051548E+00
 0.2020000E+01  0.4023566E-01  0.8649266E+00  0.0000000E+00  0.9051623E+00
 0.2030000E+01  0.3686036E-01  0.8683074E+00  0.0000000E+00  0.9051678E+00
 0.2040000E+01  0.3362440E-01  0.8715472E+00  0.0000000E+00  0.9051716E+00
 0.2050000E+01  0.3052938E-01  0.8746445E+00  0.0000000E+00  0.9051738E+00
 0.2060000E+01  0.2757681E-01  0.8775980E+00  0.0000000E+00  0.9051748E+00
 0.2070000E+01  0.2476816E-01  0.8804066E+00  0.0000000E+00  0.9051748E+00
 0.2080000E+01  0.2210480E-01  0.8830690E+00  0.0000000E+00  0.9051738E+00
 0.2090000E+01  0.1958801E-01  0.8855842E+00  0.0000000E+00  0.9051722E+00
 0.2100000E+01  0.1721902E-01  0.8879510E+00  0.0000000E+00  0.9051701E+00
 0.2110000E+01  0.1499898E-01  0.8901686E+00  0.0000000E+00  0.9051676E+00
 0.2120000E+01  0.1292894E-01  0.8922359E+00  0.0000000E+00  0.9051649E+00
 0.2130000E+01  0.1100988E-01  0.8941522E+00  0.0000000E+00  0.9051621E+00
 0.2140000E+01  0.9242705E-02  0.8959166E+00  0.0000000E+00  0.9051593E+00
 0.2150000E+01  0.7628228E-02  0.8975284E+00  0.0000000E+00  0.9051567E+00
 0.2160000E+01  0.6167182E-02  0.8989870E+00  0.0000000E+00  0.9051542E+00
 0.2170000E+01  0.4860216E-02  0.9002918E+00  0.0000000E+00  0.9051520E+00
 0.2180000E+01  0.3707891E-02  0.9014423E+00  0.0000000E+00  0.9051502E+00
 0.2190000E+01  0.2710687E-02  0.9024379E+00  0.0000000E+00  0.9051486E+00
 0.2200000E+01  0.1868996E-02  0.9032784E+00  0.0000000E+00  0.9051474E+00
 0.2210000E+01  0.1183123E-02  0.9039634E+00  0.0000000E+00  0.9051465E+00
 0.2220000E+01  0.6532877E-03  0.9044927E+00  0.0000000E+00  0.9051460E+00
 0.2230000E+01  0.2796233E-03  0.9048660E+00  0.0000000E+00  0.9051456E+00
 0.2240000E+01  0.6217511E-04  0.9050833E+00  0.0000000E+00  0.9051455E+00
 0.2250000E+01  0.9020047E-06  0.9051446E+00  0.0000000E+00  0.9051455E+00
 0.2260000E+01  0.9567591E-04  0.9050498E+00  0.0000000E+00  0.9051455E+00
 0.2270000E+01  0.3462820E-03  0.9047991E+00  0.0000000E+00  0.9051453E+00
 0.2280000E+01  0.7524188E-03  0.9043926E+00  0.0000000E+00  0.9051450E+00
 0.2290000E+01  0.1313699E-02  0.9038305E+00  0.0000000E+00  0.9051442E+00
 0.2300000E+01  0.2029649E-02  0.9031132E+00  0.0000000E+00  0.9051428E+00
 0.2310000E+01  0.2899709E-02  0.9022410E+00  0.0000000E+00  0.9051407E+00
 0.2320000E+01  0.3923237E-02  0.9012144E+00  0.0000000E+00  0.9051376E+00
 0.2330000E+01  0.5099504E-02  0.9000338E+00  0.0000000E+00  0.9051333E+00
 0.2340000E+01  0.6427699E-02  0.8986999E+00  0.0000000E+00  0.9051276E+00
 0.2350000E+01  0.7906928E-02  0.8972132E+00  0.0000000E+00  0.9051202E+00
 0.2360000E+01  0.9536215E-02  0.8955746E+00  0.0000000E+00  0.9051108E+00
 0.2370000E+01  0.1131450E-01  0.8937846E+00  0.0000000E+00  0.9050991E+00
 0.2380000E+01  0.1324066E-01  0.8918442E+00  0.0000000E+00  0.9050849E+00
 0.2390000E+01  0.1531346E-01  0.8897543E+00  0.0000000E+00  0.9050678E+00
 0.2400000E+01  0.1753162E-01  0.8875159E+00  0.0000000E+00  0.9050475E+00
 0.2410000E+01  0.1989377E-01  0.8851298E+00  0.0000000E+00  0.9050236E+00
 0.2420000E+01  0.2239846E-01  0.8825974E+00  0.0000000E+00  0.9049958E+00
 0.2430000E+01  0.2504417E-01  0.8799196E+00  0.0000000E+00  0.9049638E+00
 0.2440000E+01  0.2782932E-01  0.8770978E+00  0.0000000E+00  0.9049271E+00
 0.2450000E+01  0.3075225E-01  0.8741331E+00  0.0000000E+00  0.9048854E+00
 0.2460000E+01  0.3381122E-01  0.8710270E+00  0.0000000E+00  0.9048382E+00
 0.2470000E+01  0.3700444E-01  0.8677808E+00  0.0000000E+00  0.9047852E+00
 0.2480000E+01  0.4033004E-01  0.8643959E+00  0.0000000E+00  0.9047259E+00
 0.2490000E+01  0.4378609E-01  0.8608739E+00  0.0000000E+00  0.9046600E+00
 0.2500000E+01  0.4737061E-01  0.8572163E+00  0.0000000E+00  0.9045870E+00
 0.2510000E+01  0.5108154E-01  0.8534248E+00  0.0000000E+00  0.9045064E+00
 0.2520000E+01  0.5491678E-01  0.8495010E+00  0.0000000E+00  0.9044178E+00
 0.2530000E+01  0.5887415E-01  0.8454467E+00  0.0000000E+00  0.9043209E+00
 0.2540000E+01  0.6295143E-01  0.8412636E+00  0.0000000E+00  0.9042150E+00
 0.2550000E+01  0.6714634E-01  0.8369536E+00  0.0000000E+00  0.9040999E+00
 0.2560000E+01  0.7145656E-01  0.8325185E+00  0.0000000E+00  0.9039751E+00
 0.2570000E+01  0.7587972E-01  0.8279603E+00  0.0000000E+00  0.9038400E+00
 0.2580000E+01  0.8041338E-01  0.8232809E+00  0.0000000E+00  0.9036943E+00
 0.2590000E+01  0.8505507E-01  0.8184825E+00  0.0000000E+00  0.9035375E+00
 0.2600000E+01  0.8980228E-01  0.8135670E+00  0.0000000E+00  0.9033693E+00
 0.2610000E+01  0.9465246E-01  0.8085365E+00  0.0000000E+00  0.9031890E+00
 0.2620000E+01  0.9960301E-01  0.8033933E+00  0.0000000E+00  0.9029964E+00
 0.2630000E+01  0.1046513E+00  0.7981396E+00  0.0000000E+00  0.9027909E+00
 0.2640000E+01  0.1097947E+00  0.7927775E+00  0.0000000E+00  0.9025722E+00
 0.2650000E+01  0.1150304E+00  0.7873094E+00  0.0000000E+00  0.9023398E+00
 0.2660000E+01  0.1203557E+00  0.7817376E+00  0.0000000E+00  0.9020933E+00
 0.2670000E+01  0.1257680E+00  0.7760644E+00  0.0000000E+00  0.9018324E+00
 0.2680000E+01  0.1312643E+00  0.7702923E+00  0.0000000E+00  0.9015566E+00
 0.2690000E+01  0.1368419E+00  0.7644236E+00  0.0000000E+00  0.9012655E+00
 0.2700000E+01  0.1424979E+00  0.7584610E+00  0.0000000E+00  0.9009589E+00
 0.2710000E+01  0.1482295E+00  0.7524067E+00  0.0000000E+00  0.9006362E+00
 0.2720000E+01  0.1540338E+00  0.7462634E+00  0.0000000E+00  0.9002972E+00
 0.2730000E+01  0.1599078E+00  0.7400337E+00  0.0000000E+00  0.8999415E+00
 0.2740000E+01  0.1658488E+00  0.7337200E+00  0.0000000E+00  0.8995688E+00
 0.2750000E+01  0.1718537E+00  0.7273251E+00  0.0000000E+00  0.8991788E+00
 0.2760000E+01  0.1779196E+00  0.7208516E+00  0.0000000E+00  0.8987712E+00
 0.2770000E+01  0.1840436E+00  0.7143021E+00  0.0000000E+00  0.8983457E+00
 0.2780000E+01  0.1902227E+00  0.7076794E+00  0.0000000E+00  0.8979020E+00
 0.2790000E+01  0.1964539E+00  0.7009860E+00  0.0000000E+00  0.8974399E+00
 0.2800000E+01  0.2027343E+00  0.6942249E+00  0.0000000E+00  0.8969592E+00
 0.2810000E+01  0.2090609E+00  0.6873986E+00  0.0000000E+00  0.8964595E+00
 0.2820000E+01  0.2154307E+00  0.6805101E+00  0.0000000E+00  0.8959408E+00
 0.2830000E+01  0.2218408E+00  0.6735620E+00  0.0000000E+00  0.8954028E+00
 0.2840000E+01  0.2282882E+00  0.6665572E+00  0.0000000E+00  0.8948454E+00
 0.2850000E+01  0.2347699E+00  0.6594984E+00  0.0000000E+00  0.8942684E+00
 0.2860000E+01  0.2412830E+00  0.6523886E+00  0.0000000E+00  0.8936716E+00
 0.2870000E+01  0.2478245E+00  0.6452305E+00  0.0000000E+00  0.8930550E+00
 0.2880000E+01  0.2543914E+00  0.6380271E+00  0.0000000E+00  0.8924185E+00
 0.2890000E+01  0.2609808E+00  0.6307810E+00  0.0000000E+00  0.8917619E+00
 0.2900000E+01  0.2675899E+00  0.6234953E+00  0.0000000E+00  0.8910852E+00
 0.2910000E+01  0.2742155E+00  0.6161728E+00  0.0000000E+00  0.8903884E+00
 0.2920000E+01  0.2808550E+00  0.6088164E+00  0.0000000E+00  0.8896714E+00
 0.2930000E+01  0.2875053E+00  0.6014289E+00  0.0000000E+00  0.8889342E+00
 0.2940000E+01  0.2941637E+00  0.5940132E+00  0.0000000E+00  0.8881769E+00
 0.2950000E+01  0.3008272E+00  0.5865723E+00  0.0000000E+00  0.8873995E+00
 0.2960000E+01  0.3074930E+00  0.5791090E+00  0.0000000E+00  0.8866019E+00
 0.2970000E+01  0.3141583E+00  0.5716261E+00  0.0000000E+00  0.8857844E+00
 0.2980000E+01  0.3208203E+00  0.5641266E+00  0.0000000E+00  0.8849469E+00
 0.2990000E+01  0.3274762E+00  0.5566134E+00  0.0000000E+00  0.8840896E+00
 0.3000000E+01  0.3341233E+00  0.5490893E+00  0.0000000E+00  0.8832126E+00
 0.3010000E+01  0.3407588E+00  0.5415572E+00  0.0000000E+00  0.8823161E+00
 0.3020000E+01  0.3473801E+00  0.5340200E+00  0.0000000E+00  0.8814001E+00
 0.3030000E+01  0.3539844E+00  0.5264805E+00  0.0000000E+00  0.8804649E+00
 0.3040000E+01  0.3605690E+00  0.5189415E+00  0.0000000E+00  0.8795106E+00
 0.3050000E+01  0.3671315E+00  0.5114060E+00  0.0000000E+00  0.8785375E+00
 0.3060000E+01  0.3736691E+00  0.5038766E+00  0.0000000E+00  0.8775457E+00
 0.3070000E+01  0.3801793E+00  0.4963564E+00  0.0000000E+00  0.8765356E+00
 0.3080000E+01  0.3866595E+00  0.4888479E+00  0.0000000E+00  0.8755074E+00
 0.3090000E+01  0.3931073E+00  0.4813540E+00  0.0000000E+00  0.8744613E+00
 0.3100000E+01  0.3995201E+00  0.4738776E+00  0.0000000E+00  0.8733977E+00
 0.3110000E+01  0.4058954E+00  0.4664213E+00  0.0000000E+00  0.8723167E+00
 0.3120000E+01  0.4122310E+00  0.4589879E+00  0.0000000E+00  0.8712189E+00
 0.3130000E+01  0.4185243E+00  0.4515801E+00  0.0000000E+00  0.8701044E+00
 0.3140000E+01  0.4247730E+00  0.4442006E+00  0.0000000E+00  0.8689736E+00
 0.3150000E+01  0.4309748E+00  0.4368521E+00  0.0000000E+00  0.8678268E+00
 0.3160000E+01  0.4371273E+00  0.4295372E+00  0.0000000E+00  0.8666645E+00
 0.3170000E+01  0.4432284E+00  0.4222586E+00  0.0000000E+00  0.8654870E+00
 0.3180000E+01  0.4492758E+00  0.4150189E+00  0.0000000E+00  0.8642947E+00
 0.3190000E+01  0.4552673E+00  0.4078207E+00  0.0000000E+00  0.8630880E+00
 0.3200000E+01  0.4612007E+00  0.4006665E+00  0.0000000E+00  0.8618672E+00
 0.3210000E+01  0.4670740E+00  0.3935590E+00  0.0000000E+00  0.8606329E+00
 0.3220000E+01  0.4728849E+00  0.3865005E+00  0.0000000E+00  0.8593854E+00
 0.3230000E+01  0.4786316E+00  0.3794937E+00  0.0000000E+00  0.8581253E+00
 0.3240000E+01  0.4843119E+00  0.3725409E+00  0.0000000E+00  0.8568528E+00
 0.3250000E+01  0.4899239E+00  0.3656446E+00  0.0000000E+00  0.8555685E+00
 0.3260000E+01  0.4954657E+00  0.3588072E+00  0.0000000E+00  0.8542728E+00
 0.3270000E+01  0.5009352E+00  0.3520310E+00  0.0000000E+00  0.8529662E+00
 0.3280000E+01  0.5063307E+00  0.3453185E+00  0.0000000E+00  0.8516492E+00
 0.3290000E+01  0.5116503E+00  0.3386719E+00  0.0000000E+00  0.8503222E+00
 0.3300000E+01  0.5168923E+00  0.3320935E+00  0.0000000E+00  0.8489857E+00
 0.3310000E+01  0.5220547E+00  0.3255855E+00  0.0000000E+00  0.8476402E+00
 0.3320000E+01  0.5271360E+00  0.3191502E+00  0.0000000E+00  0.8462862E+00
 0.3330000E+01  0.5321345E+00  0.3127897E+00  0.0000000E+00  0.8449242E+00
 0.3340000E+01  0.5370484E+00  0.3065062E+00  0.0000000E+00  0.8435546E+00
 0.3350000E+01  0.5418761E+00  0.3003018E+00  0.0000000E+00  0.8421780E+00
 0.3360000E+01  0.5466162E+00  0.2941786E+00  0.0000000E+00  0.8407948E+00
 0.3370000E+01  0.5512670E+00  0.2881386E+00  0.0000000E+00  0.8394055E+00
 0.3380000E+01  0.5558270E+00  0.2821837E+00  0.0000000E+00  0.8380107E+00
 0.3390000E+01  0.5602948E+00  0.2763160E+00  0.0000000E+00  0.8366108E+00
 0.3400000E+01  0.5646689E+00  0.2705374E+00  0.0000000E+00  0.8352063E+00
 0.3410000E+01  0.5689480E+00  0.2648498E+00  0.0000000E+00  0.8337977E+00
 0.3420000E+01  0.5731306E+00  0.2592549E+00  0.0000000E+00  0.8323855E+00
 0.3430000E+01  0.5772155E+00  0.2537547E+00  0.0000000E+00  0.8309702E+00
 0.3440000E+01  0.5812014E+00  0.2483509E+00  0.0000000E+00  0.8295523E+00
 0.3450000E+01  0.5850870E+00  0.2430451E+00  0.0000000E+00  0.8281321E+00
 0.3460000E+01  0.5888712E+00  0.2378392E+00  0.0000000E+00  0.8267103E+00
 0.3470000E+01  0.5925526E+00  0.2327346E+00  0.0000000E+00  0.8252873E+00
 0.3480000E+01  0.5961303E+00  0.2277331E+00  0.0000000E+00  0.8238635E+00
 0.3490000E+01  0.5996031E+00  0.2228362E+00  0.0000000E+00  0.8224394E+00
 0.3500000E+01  0.6029700E+00  0.2180454E+00  0.0000000E+00  0.8210154E+00
 0.3510000E+01  0.6062299E+00  0.2133622E+00  0.0000000E+00  0.8195921E+00
 0.3520000E+01  0.6093818E+00  0.2087880E+00  0.0000000E+00  0.8181697E+00
 0.3530000E+01  0.6124247E+00  0.2043241E+00  0.0000000E+00  0.8167489E+00
 0.3540000E+01  0.6153579E+00  0.1999720E+00  0.0000000E+00  0.8153299E+00
 0.3550000E+01  0.6181803E+00  0.1957329E+00  0.0000000E+00  0.8139132E+00
 0.3560000E+01  0.6208911E+00  0.1916081E+00  0.0000000E+00  0.8124992E+00
 0.3570000E+01  0.6234896E+00  0.1875988E+00  0.0000000E+00  0.8110884E+00
 0.3580000E+01  0.6259749E+00  0.1837061E+00  0.0000000E+00  0.8096810E+00
 0.3590000E+01  0.6283463E+00  0.1799311E+00  0.0000000E+00  0.8082775E+00
 0.3600000E+01  0.6306031E+00  0.1762750E+00  0.0000000E+00  0.8068782E+00
 0.3610000E+01  0.6327447E+00  0.1727387E+00  0.0000000E+00  0.8054835E+00
 0.3620000E+01  0.6347704E+00  0.1693233E+00  0.0000000E+00  0.8040937E+00
 0.3630000E+01  0.6366796E+00  0.1660296E+00  0.0000000E+00  0.8027092E+00
 0.3640000E+01  0.6384718E+00  0.1628585E+00  0.0000000E+00  0.8013303E+00
 0.3650000E+01  0.6401464E+00  0.1598109E+00  0.0000000E+00  0.7999573E+00
 0.3660000E+01  0.6417029E+00  0.1568876E+00  0.0000000E+00  0.7985905E+00
 0.3670000E+01  0.6431410E+00  0.1540892E+00  0.0000000E+00  0.7972302E+00
 0.3680000E+01  0.6444601E+00  0.1514166E+00  0.0000000E+00  0.7958767E+00
 0.3690000E+01  0.6456599E+00  0.1488702E+00  0.0000000E+00  0.7945302E+00
 0.3700000E+01  0.6467401E+00  0.1464509E+00  0.0000000E+00  0.7931910E+00
 0.3710000E+01  0.6477003E+00  0.1441590E+00  0.0000000E+00  0.7918593E+00
 0.3720000E+01  0.6485403E+00  0.1419951E+00  0.0000000E+00  0.7905353E+00
 0.3730000E+01  0.6492598E+00  0.1399596E+00  0.0000000E+00  0.7892194E+00
 0.3740000E+01  0.6498586E+00  0.1380530E+00  0.0000000E+00  0.7879116E+00
 0.3750000E+01  0.6503366E+00  0.1362756E+00  0.0000000E+00  0.7866121E+00
 0.3760000E+01  0.6506935E+00  0.1346277E+00  0.0000000E+00  0.7853212E+00
 0.3770000E+01  0.6509294E+00  0.1331096E+00  0.0000000E+00  0.7840390E+00
 0.3780000E+01  0.6510441E+00  0.1317214E+00  0.0000000E+00  0.7827656E+00
 0.3790000E+01  0.6510377E+00  0.1304634E+00  0.0000000E+00  0.7815011E+00
 0.3800000E+01  0.6509100E+00  0.1293357E+00  0.0000000E+00  0.7802458E+00
 0.3810000E+01  0.6506613E+00  0.1283383E+00  0.0000000E+00  0.7789996E+00
 0.3820000E+01  0.6502914E+00  0.1274713E+00  0.0000000E+00  0.7777627E+00
 0.3830000E+01  0.6498006E+00  0.1267346E+00  0.0000000E+00  0.7765352E+00
 0.3840000E+01  0.6491890E+00  0.1261281E+00  0.0000000E+00  0.7753171E+00
 0.3850000E+01  0.6484568E+00  0.1256517E+00  0.0000000E+00  0.7741085E+00
 0.3860000E+01  0.6476041E+00  0.1253053E+00  0.0000000E+00  0.7729094E+00
 0.3870000E+01  0.6466313E+00  0.1250886E+00  0.0000000E+00  0.7717198E+00
 0.3880000E+01  0.6455386E+00  0.1250013E+00  0.0000000E+00  0.7705399E+00
 0.3890000E+01  0.6443263E+00  0.1250431E+00  0.0000000E+00  0.7693694E+00
 0.3900000E+01  0.6429948E+00  0.1252138E+00  0.0000000E+00  0.7682086E+00
 0.3910000E+01  0.6415445E+00  0.1255127E+00  0.0000000E+00  0.7670572E+00
 0.3920000E+01  0.6399758E+00  0.1259395E+00  0.0000000E+00  0.7659154E+00
 0.3930000E+01  0.6382892E+00  0.1264937E+00  0.0000000E+00  0.7647829E+00
 0.3940000E+01  0.6364852E+00  0.1271747E+00  0.0000000E+00  0.7636599E+00
 0.3950000E+01  0.6345642E+00  0.1279820E+00  0.0000000E+00  0.7625462E+00
 0.3960000E+01  0.6325270E+00  0.1289147E+00  0.0000000E+00  0.7614417E+00
 0.3970000E+01  0.6303739E+00  0.1299723E+00  0.0000000E+00  0.7603463E+00
 0.3980000E+01  0.6281059E+00  0.1311541E+00  0.0000000E+00  0.7592599E+00
 0.3990000E+01  0.6257234E+00  0.1324591E+00  0.0000000E+00  0.7581824E+00
 0.4000000E+01  0.6232271E+00  0.1338866E+00  0.0000000E+00  0.7571137E+00
